### DATA:
#
# 1823
#      Q             I(Q)           Error     
8.75701299E-03  5.17385527E-02  5.34163928E-03
9.00368942E-03  4.67084236E-02  4.91582789E-03
9.25036584E-03  4.66113240E-02  4.39141504E-03
9.49704226E-03  5.92837930E-02  5.44652576E-03
9.74371868E-03  6.61430880E-02  5.11409808E-03
9.99039511E-03  8.83867815E-02  6.06288156E-03
1.02370715E-02  9.21104178E-02  6.71250653E-03
1.04837480E-02  1.43129408E-01  9.30831209E-03
1.07304244E-02  1.97907373E-01  1.16369352E-02
1.09771008E-02  2.72840559E-01  1.62525699E-02
1.12237772E-02  3.72208506E-01  2.44539976E-02
1.14704536E-02  4.40829039E-01  3.11117936E-02
1.17171301E-02  6.40745401E-01  4.55320776E-02
1.19638065E-02  9.07107234E-01  6.91201389E-02
1.22104829E-02  1.34922099E+00  1.02863617E-01
1.24571593E-02  1.16397697E+02  1.19540806E+01
1.27038358E-02  2.30798386E+02  2.32386932E+01
1.29505122E-02  2.71567657E+02  2.34324036E+01
1.31971886E-02  1.98476776E+02  1.64228401E+01
1.34438650E-02  1.84971649E+02  1.49740162E+01
1.36905414E-02  1.63666031E+02  1.30221157E+01
1.39372179E-02  1.25938240E+02  9.77964592E+00
1.41838943E-02  1.15257812E+02  8.54418564E+00
1.44305707E-02  8.99794846E+01  6.45042896E+00
1.46772471E-02  8.07444305E+01  5.62423992E+00
1.49239236E-02  7.05946045E+01  4.77431965E+00
1.51706000E-02  5.62237816E+01  3.76194549E+00
1.54172764E-02  5.64350815E+01  3.81399679E+00
1.56639528E-02  4.60285034E+01  3.01202035E+00
1.59106292E-02  4.38130188E+01  2.77574801E+00
1.61573057E-02  4.00844650E+01  2.41505384E+00
1.64039821E-02  3.19799232E+01  1.86179447E+00
1.66506585E-02  3.26318054E+01  1.86729133E+00
1.68973349E-02  2.63653564E+01  1.47091448E+00
1.71440114E-02  2.69867821E+01  1.44912171E+00
1.73906878E-02  2.20747318E+01  1.15154743E+00
1.76373642E-02  2.15731316E+01  1.13144267E+00
1.78840406E-02  2.05328026E+01  1.06377804E+00
1.81307170E-02  1.75949497E+01  8.91421139E-01
1.83773935E-02  1.72643547E+01  8.60932708E-01
1.86240699E-02  1.48048124E+01  7.03703225E-01
1.88707463E-02  1.37649269E+01  6.44323289E-01
1.91174227E-02  1.28009520E+01  6.18380845E-01
1.93640992E-02  1.13127680E+01  5.45969844E-01
1.96107756E-02  1.08682699E+01  5.34470797E-01
1.98574520E-02  9.65981102E+00  4.35303628E-01
2.01041284E-02  8.40347195E+00  3.54897648E-01
2.03508048E-02  7.19295168E+00  3.02984357E-01
2.05974813E-02  6.24031019E+00  2.55037308E-01
2.08441577E-02  5.69191933E+00  2.30243146E-01
2.10908341E-02  5.05412579E+00  1.95439219E-01
2.13375105E-02  4.86299372E+00  1.88200086E-01
2.15841870E-02  4.50428772E+00  1.76215038E-01
2.18308634E-02  4.16113281E+00  1.54246941E-01
2.20775398E-02  3.92938781E+00  1.39890000E-01
2.23242162E-02  3.50691581E+00  1.18324734E-01
2.25708926E-02  3.48244095E+00  1.16750591E-01
2.28175691E-02  3.18288779E+00  9.86434296E-02
2.30642455E-02  3.01634860E+00  8.63466561E-02
2.33109219E-02  2.83885455E+00  8.45891163E-02
2.35575983E-02  2.60772657E+00  7.51485974E-02
2.38042748E-02  2.48291159E+00  6.92511201E-02
2.40509512E-02  2.26172805E+00  5.91734387E-02
2.42976276E-02  2.09513474E+00  5.08125871E-02
2.45443040E-02  2.06488514E+00  5.07185124E-02
2.47909804E-02  1.95427895E+00  4.76804785E-02
2.50376569E-02  1.91597748E+00  4.47321497E-02
2.52843333E-02  1.80697632E+00  4.05747965E-02
2.55310097E-02  1.68518698E+00  3.61779220E-02
2.57776861E-02  1.69355536E+00  3.62369716E-02
2.60243626E-02  1.64658272E+00  3.38976383E-02
2.62710390E-02  1.55597293E+00  3.17373425E-02
2.65177154E-02  1.45333004E+00  2.81553250E-02
2.67643918E-02  1.39077103E+00  2.60812249E-02
2.70110682E-02  1.35853195E+00  2.42800247E-02
2.72577447E-02  1.32868540E+00  2.29985323E-02
2.75044211E-02  1.29756212E+00  2.24508327E-02
2.77510975E-02  1.24090052E+00  2.04643458E-02
2.79977739E-02  1.17550421E+00  1.80199556E-02
2.82444504E-02  1.13971984E+00  1.79810412E-02
2.84911268E-02  1.13533127E+00  1.66969169E-02
2.87378032E-02  1.11207330E+00  1.60479974E-02
2.89844796E-02  1.10219395E+00  1.50403474E-02
2.92311561E-02  1.04962063E+00  1.44861843E-02
2.94778325E-02  1.04103172E+00  1.29953744E-02
2.97245089E-02  9.73481357E-01  1.18461475E-02
2.99711853E-02  9.89871085E-01  1.24583859E-02
3.02178617E-02  9.46350813E-01  1.13062309E-02
3.04645382E-02  9.12966251E-01  1.11876177E-02
3.07112146E-02  9.22817826E-01  1.07138967E-02
3.09578910E-02  8.80900323E-01  1.00814244E-02
3.12045674E-02  8.46680641E-01  9.40878969E-03
3.14512439E-02  8.59949887E-01  9.25867073E-03
3.16979203E-02  8.07094038E-01  8.74525215E-03
3.19445967E-02  8.17694902E-01  8.97865929E-03
3.21912731E-02  8.01998734E-01  8.06758087E-03
3.24379495E-02  7.94455767E-01  8.26494396E-03
3.26846260E-02  7.56497085E-01  7.76592828E-03
3.29313024E-02  7.62089372E-01  7.59934727E-03
3.31779788E-02  7.56398618E-01  7.03064026E-03
3.34246552E-02  7.44739652E-01  6.97366754E-03
3.36713317E-02  7.08981097E-01  6.83464017E-03
3.39180081E-02  7.32293904E-01  6.98020076E-03
3.41646845E-02  6.92131460E-01  6.83618896E-03
3.44113609E-02  6.86688483E-01  6.41663605E-03
3.46580373E-02  6.74828887E-01  6.12981012E-03
3.49047138E-02  6.58883572E-01  6.03979826E-03
3.51513902E-02  6.75229847E-01  5.96248172E-03
3.53980666E-02  6.68325663E-01  5.87543892E-03
3.56447430E-02  6.41395509E-01  5.25778858E-03
3.58914195E-02  6.27894700E-01  5.29562309E-03
3.61380959E-02  6.15490198E-01  5.35018602E-03
3.63847723E-02  6.22339964E-01  5.08656539E-03
3.66314487E-02  6.05406284E-01  5.03960019E-03
3.68781251E-02  5.92872500E-01  4.92385309E-03
3.71248016E-02  5.74362695E-01  4.91068745E-03
3.73714780E-02  6.05509758E-01  4.87272348E-03
3.76181544E-02  5.63758850E-01  4.72990097E-03
3.78648308E-02  5.60056031E-01  4.47201310E-03
3.81115073E-02  5.54984808E-01  4.47987486E-03
3.83581837E-02  5.34101665E-01  4.49355459E-03
3.86048601E-02  5.59714437E-01  4.30090539E-03
3.88515365E-02  5.51337421E-01  4.35286341E-03
3.90982129E-02  5.37599385E-01  4.27144812E-03
3.93448894E-02  5.48426509E-01  4.00741957E-03
3.95915658E-02  5.25978744E-01  4.05484019E-03
3.98382422E-02  5.37044168E-01  3.97392595E-03
4.00849186E-02  5.24766207E-01  4.22439445E-03
4.03315951E-02  5.22056222E-01  3.97369917E-03
4.05782715E-02  5.23191273E-01  4.03856300E-03
4.08249479E-02  5.11258841E-01  3.94563284E-03
4.10716243E-02  5.18062532E-01  3.73106310E-03
4.13183007E-02  5.04311144E-01  3.83441243E-03
4.15649772E-02  4.85328823E-01  3.72559996E-03
4.18116536E-02  4.86496270E-01  3.59209371E-03
4.20583300E-02  4.84517515E-01  3.35830217E-03
4.23050064E-02  4.86122042E-01  3.61106521E-03
4.25516829E-02  4.71833766E-01  3.47467372E-03
4.27983593E-02  4.62186843E-01  3.31992842E-03
4.30450357E-02  4.68610853E-01  3.48050008E-03
4.32917121E-02  4.74595368E-01  3.42032872E-03
4.35383885E-02  4.63514417E-01  3.16881947E-03
4.37850650E-02  4.55059409E-01  3.26648122E-03
4.40317414E-02  4.57128912E-01  3.19977105E-03
4.42784178E-02  4.41216022E-01  3.24329990E-03
4.45250942E-02  4.57175195E-01  3.37575283E-03
4.47717707E-02  4.50437039E-01  3.15270131E-03
4.50184471E-02  4.49381381E-01  3.09056765E-03
4.52651235E-02  4.50427383E-01  2.88365898E-03
4.55117999E-02  4.43732351E-01  3.04648629E-03
4.57584764E-02  4.41389650E-01  3.12788622E-03
4.60051528E-02  4.34283346E-01  3.01093888E-03
4.62518292E-02  4.27747041E-01  2.98872218E-03
4.64985056E-02  4.26728249E-01  2.90364842E-03
4.67451820E-02  4.25083250E-01  3.04405950E-03
4.69918585E-02  4.23696429E-01  2.99350522E-03
4.72385349E-02  4.27904576E-01  2.90444959E-03
4.74852113E-02  4.27057266E-01  2.84299487E-03
4.77318877E-02  4.25038189E-01  2.91057630E-03
4.79785642E-02  4.09956604E-01  2.87423492E-03
4.82252406E-02  4.14636493E-01  2.71987123E-03
4.84719170E-02  4.12390739E-01  2.86422600E-03
4.87185934E-02  4.20668721E-01  2.92316172E-03
4.89652698E-02  4.10322249E-01  2.77316570E-03
4.92119463E-02  4.05438334E-01  2.78693251E-03
4.94586227E-02  4.27456558E-01  2.62122881E-03
4.97052991E-02  4.01017845E-01  2.90649640E-03
4.99519755E-02  4.09104049E-01  2.69598980E-03
5.01986520E-02  4.14777488E-01  2.77997623E-03
5.04453284E-02  4.18891162E-01  2.70535355E-03
5.06920048E-02  4.07798886E-01  2.60581402E-03
5.09386812E-02  4.03941184E-01  2.52900529E-03
5.11853576E-02  3.96598667E-01  2.62409844E-03
5.14320341E-02  4.07116473E-01  2.55862623E-03
5.16787105E-02  4.06837016E-01  2.60579214E-03
5.19253869E-02  3.98657650E-01  2.49055726E-03
5.21720633E-02  4.01606232E-01  2.66126986E-03
5.24187398E-02  4.10424769E-01  2.61304551E-03
5.26654162E-02  3.99116248E-01  2.55161850E-03
5.29120926E-02  4.07371491E-01  2.60815001E-03
5.31587690E-02  4.15974677E-01  2.53391196E-03
5.34054454E-02  3.95723462E-01  2.51332228E-03
5.36521219E-02  4.14915860E-01  2.50809919E-03
5.38987983E-02  3.95495206E-01  2.54540867E-03
5.41454747E-02  3.95809203E-01  2.53772968E-03
5.43921511E-02  4.22332287E-01  2.52293283E-03
5.46388276E-02  3.96953285E-01  2.62191938E-03
5.48855040E-02  3.97769660E-01  2.60813534E-03
5.51321804E-02  4.12622035E-01  2.64084456E-03
5.53788568E-02  3.97080421E-01  2.51455302E-03
5.56255332E-02  4.15431976E-01  2.54121143E-03
5.58722097E-02  4.01399434E-01  2.50838767E-03
5.61188861E-02  4.06893045E-01  2.51928251E-03
5.63655625E-02  3.96637321E-01  2.51579029E-03
5.66122389E-02  4.06020433E-01  2.49474123E-03
5.68589154E-02  4.02821660E-01  2.50369054E-03
5.71055918E-02  4.03788120E-01  2.55016400E-03
5.73522682E-02  4.05393839E-01  2.53056129E-03
5.75989446E-02  4.22731191E-01  2.64560571E-03
5.78456210E-02  4.01582241E-01  2.46162550E-03
5.80922975E-02  4.24970329E-01  2.63265427E-03
5.83389739E-02  4.28841472E-01  2.53976253E-03
5.85856503E-02  4.19121683E-01  2.48562545E-03
5.88323267E-02  4.11824077E-01  2.52990006E-03
5.90790032E-02  4.10283238E-01  2.51951371E-03
5.93256796E-02  4.18205589E-01  2.56226910E-03
5.95723560E-02  4.08763796E-01  2.47282768E-03
5.98190324E-02  4.07911330E-01  2.52299709E-03
6.00657088E-02  4.17733550E-01  2.49122432E-03
6.03123853E-02  4.18264776E-01  2.54052458E-03
6.05590617E-02  4.08771038E-01  2.49099731E-03
6.08057381E-02  4.01552528E-01  2.49638781E-03
6.10524145E-02  3.99301261E-01  2.35666684E-03
6.12990910E-02  3.98396432E-01  2.40432634E-03
6.15457674E-02  4.00060564E-01  2.31215986E-03
6.17924438E-02  4.03832138E-01  2.40121246E-03
6.20391202E-02  4.02417690E-01  2.28804885E-03
6.22857966E-02  3.98329824E-01  2.34587863E-03
6.25324731E-02  3.95256072E-01  2.31000804E-03
6.27791495E-02  4.10076797E-01  2.43970728E-03
6.30258259E-02  4.05844301E-01  2.43002921E-03
6.32725023E-02  4.11463678E-01  2.37970147E-03
6.35191788E-02  3.97855788E-01  2.30955239E-03
6.37658552E-02  4.00183827E-01  2.32008728E-03
6.40125316E-02  4.05095398E-01  2.34891451E-03
6.42592080E-02  3.90110761E-01  2.37493543E-03
6.45058845E-02  4.04589832E-01  2.26010010E-03
6.47525609E-02  3.92869085E-01  2.25996017E-03
6.49992373E-02  3.97837460E-01  2.25072750E-03
6.52459137E-02  4.07292098E-01  2.33503152E-03
6.54925901E-02  4.04840201E-01  2.33921083E-03
6.57392666E-02  4.04667377E-01  2.27266084E-03
6.59859430E-02  4.07096118E-01  2.30476866E-03
6.62326194E-02  4.10942376E-01  2.32638395E-03
6.64792958E-02  4.09766644E-01  2.26736953E-03
6.67259723E-02  3.97646576E-01  2.14557094E-03
6.69726487E-02  4.08124208E-01  2.24166643E-03
6.72193251E-02  4.05319035E-01  2.35592644E-03
6.74660015E-02  4.15640414E-01  2.22325721E-03
6.77126779E-02  4.10969913E-01  2.17515579E-03
6.79593544E-02  4.16919976E-01  2.25314125E-03
6.82060308E-02  4.15632606E-01  2.13703816E-03
6.84527072E-02  4.08340037E-01  2.24179332E-03
6.86993836E-02  4.14800674E-01  2.26751133E-03
6.89460601E-02  4.05940235E-01  2.20576767E-03
6.91927365E-02  4.08863634E-01  2.24112556E-03
6.94394129E-02  3.95345747E-01  2.18660408E-03
6.96860893E-02  4.05958563E-01  2.30183546E-03
6.99327657E-02  4.24583226E-01  2.28265533E-03
7.01794422E-02  4.16279495E-01  2.24475446E-03
7.04261186E-02  4.13054585E-01  2.32086121E-03
7.06727950E-02  4.22429979E-01  2.21203384E-03
7.09194714E-02  4.06609654E-01  2.23186053E-03
7.11661479E-02  4.26264822E-01  2.24659592E-03
7.14128243E-02  4.12701070E-01  2.23497371E-03
7.16595007E-02  4.18774366E-01  2.24635797E-03
7.19061771E-02  4.18379098E-01  2.19804328E-03
7.21528535E-02  4.12478954E-01  2.23950692E-03
7.23995300E-02  4.12043422E-01  2.28033494E-03
7.26462064E-02  4.15417552E-01  2.24250322E-03
7.28928828E-02  4.11609352E-01  2.25286651E-03
7.31395592E-02  4.09335673E-01  2.07432942E-03
7.33862357E-02  4.05957252E-01  2.18605623E-03
7.36329121E-02  4.15414125E-01  2.13440019E-03
7.38795885E-02  4.13174719E-01  2.18795682E-03
7.41262649E-02  4.20185626E-01  2.19299761E-03
7.43729413E-02  4.19053316E-01  2.21360661E-03
7.46196178E-02  4.16087776E-01  2.24731816E-03
7.48662942E-02  4.15708989E-01  2.15396262E-03
7.51129706E-02  4.07023907E-01  2.15556752E-03
7.53596470E-02  4.21658128E-01  2.15793564E-03
7.56063235E-02  4.17438686E-01  2.17548176E-03
7.58529999E-02  4.18784022E-01  2.22862791E-03
7.60996763E-02  4.16674525E-01  2.10660044E-03
7.63463527E-02  4.21927661E-01  2.17902544E-03
7.65930291E-02  4.19458866E-01  2.12121615E-03
7.68397056E-02  4.16456133E-01  2.20143772E-03
7.70863820E-02  4.26169246E-01  2.16610986E-03
7.73330584E-02  4.31935281E-01  2.17890763E-03
7.75797348E-02  4.24078077E-01  2.12566066E-03
7.78264113E-02  4.26066697E-01  2.15622014E-03
7.80730877E-02  4.25027609E-01  2.09283642E-03
7.83197641E-02  4.24566269E-01  2.12685275E-03
7.85664405E-02  4.26387280E-01  2.14814977E-03
7.88131169E-02  4.17336404E-01  2.06072186E-03
7.90597934E-02  4.16750014E-01  2.08270294E-03
7.93064698E-02  4.19570446E-01  2.13943166E-03
7.95531462E-02  4.18244213E-01  2.13660253E-03
7.97998226E-02  4.15876359E-01  2.07569380E-03
8.00464991E-02  4.26592141E-01  2.26200698E-03
8.02931755E-02  4.30437654E-01  2.17824732E-03
8.05398519E-02  4.27480459E-01  2.14772951E-03
8.07865283E-02  4.34845865E-01  2.17844336E-03
8.10332047E-02  4.15945351E-01  2.03411840E-03
8.12798812E-02  4.21767473E-01  2.16294732E-03
8.15265576E-02  4.33003306E-01  2.19122460E-03
8.17732340E-02  4.13582057E-01  2.12863507E-03
8.20199104E-02  4.26700056E-01  2.06631655E-03
8.22665869E-02  4.28299576E-01  2.14158441E-03
8.25132633E-02  4.38875705E-01  2.13539181E-03
8.27599397E-02  4.29773837E-01  2.11378327E-03
8.30066161E-02  4.16913182E-01  2.04414269E-03
8.32532926E-02  4.30034488E-01  2.13459646E-03
8.34999690E-02  4.33218181E-01  2.12737569E-03
8.37466454E-02  4.25507635E-01  2.17164471E-03
8.39933218E-02  4.22832668E-01  2.07307097E-03
8.42399982E-02  4.30210859E-01  2.24349927E-03
8.44866747E-02  4.22479779E-01  2.03376263E-03
8.47333511E-02  4.21757340E-01  2.07720464E-03
8.49800275E-02  4.32009548E-01  2.09136470E-03
8.52267039E-02  4.29397672E-01  2.18616752E-03
8.54733804E-02  4.21844155E-01  2.12367927E-03
8.57200568E-02  4.21669841E-01  2.07468541E-03
8.59667332E-02  4.26953822E-01  2.11718585E-03
8.62134096E-02  4.25219566E-01  2.02735607E-03
8.64600860E-02  4.17005748E-01  2.05132551E-03
8.67067625E-02  4.24767077E-01  2.04214267E-03
8.69534389E-02  4.28990424E-01  2.04125815E-03
8.72001153E-02  4.24085915E-01  2.08955863E-03
8.74467917E-02  4.35441703E-01  2.10016291E-03
8.76934682E-02  4.26105827E-01  2.06214399E-03
8.79401446E-02  4.16792810E-01  2.13557156E-03
8.81868210E-02  4.26237911E-01  2.11656629E-03
8.84334974E-02  4.19478446E-01  2.00387230E-03
8.86801738E-02  4.33669358E-01  2.12377962E-03
8.89268503E-02  4.31224763E-01  2.05990230E-03
8.91735267E-02  4.16736871E-01  2.01931782E-03
8.94202031E-02  4.33499932E-01  2.08195718E-03
8.96668795E-02  4.31567192E-01  2.03493633E-03
8.99135560E-02  4.32149023E-01  2.02481588E-03
9.01602324E-02  4.17290330E-01  1.96808646E-03
9.04069088E-02  4.18958694E-01  2.01166887E-03
9.06535852E-02  4.13662046E-01  1.96147198E-03
9.09002616E-02  4.25870776E-01  2.07050680E-03
9.11469381E-02  4.21080083E-01  2.06174655E-03
9.13936145E-02  4.23634440E-01  2.03917851E-03
9.16402909E-02  4.28449363E-01  2.03221804E-03
9.18869673E-02  4.26385254E-01  2.01524398E-03
9.21336438E-02  4.39065427E-01  2.01639091E-03
9.23803202E-02  4.30509478E-01  2.01135781E-03
9.26269966E-02  4.20564920E-01  1.91894197E-03
9.28736730E-02  4.32377845E-01  2.03888584E-03
9.31203494E-02  4.24957752E-01  1.92349881E-03
9.33670259E-02  4.33657169E-01  1.99349876E-03
9.36137023E-02  4.16356653E-01  1.97158079E-03
9.38603787E-02  4.27531183E-01  2.09108717E-03
9.41070551E-02  4.33688551E-01  1.99814211E-03
9.43537316E-02  4.27936882E-01  2.01176549E-03
9.46004080E-02  4.25050378E-01  2.00490491E-03
9.48470844E-02  4.24288422E-01  2.00007414E-03
9.50937608E-02  4.21529114E-01  1.98420510E-03
9.53404372E-02  4.21793073E-01  1.93648611E-03
9.55871137E-02  4.36187714E-01  2.00544670E-03
9.58337901E-02  4.15498108E-01  1.94016367E-03
9.60804665E-02  4.28412884E-01  1.94857514E-03
9.63271429E-02  4.26907480E-01  1.95568032E-03
9.65738194E-02  4.28423315E-01  1.96685269E-03
9.68204958E-02  4.24886346E-01  2.05790089E-03
9.70671722E-02  4.28982168E-01  1.96194649E-03
9.73138486E-02  4.24936146E-01  1.94026716E-03
9.75605250E-02  4.25138623E-01  1.98290194E-03
9.78072015E-02  4.32131320E-01  2.02849228E-03
9.80538779E-02  4.22675967E-01  1.95553782E-03
9.83005543E-02  4.33360040E-01  1.94739155E-03
9.85472307E-02  4.30417746E-01  2.04405026E-03
9.87939072E-02  4.29359645E-01  1.96577865E-03
9.90405836E-02  4.17553306E-01  1.94976851E-03
9.92872600E-02  4.21776474E-01  1.89878407E-03
9.95339364E-02  4.18243200E-01  1.90122565E-03
9.97806128E-02  4.20248151E-01  1.94468827E-03
1.00027289E-01  4.34730709E-01  2.01095571E-03
1.00273966E-01  4.31803048E-01  1.94657093E-03
1.00520642E-01  4.35367167E-01  2.05969531E-03
1.00767319E-01  4.29156423E-01  1.96590531E-03
1.01013995E-01  4.30055857E-01  1.96930417E-03
1.01260671E-01  4.29838330E-01  1.96636701E-03
1.01507348E-01  4.20265913E-01  1.91777828E-03
1.01754024E-01  4.22622710E-01  1.93330785E-03
1.02000701E-01  4.27389532E-01  1.92000926E-03
1.02247377E-01  4.26524550E-01  1.98310218E-03
1.02494053E-01  4.22441423E-01  1.95759116E-03
1.02740730E-01  4.22281593E-01  1.98241975E-03
1.02987406E-01  4.25436080E-01  1.96203403E-03
1.03234083E-01  4.27742273E-01  1.91760925E-03
1.03480759E-01  4.15780693E-01  1.82343007E-03
1.03727436E-01  4.29731041E-01  1.93933351E-03
1.03974112E-01  4.18632239E-01  1.91057380E-03
1.04220788E-01  4.19478863E-01  1.91538443E-03
1.04467465E-01  4.22183394E-01  1.98017759E-03
1.04714141E-01  4.18929666E-01  1.83809525E-03
1.04960818E-01  4.19984996E-01  1.93813618E-03
1.05207494E-01  4.23757255E-01  1.84505957E-03
1.05454171E-01  4.21726912E-01  1.94154948E-03
1.05700847E-01  4.24018085E-01  1.94029906E-03
1.05947523E-01  4.20716792E-01  1.91359967E-03
1.06194200E-01  4.11885619E-01  1.86494912E-03
1.06440876E-01  4.25357521E-01  1.94810214E-03
1.06687553E-01  4.16961133E-01  1.82505895E-03
1.06934229E-01  4.24257010E-01  1.86281314E-03
1.07180906E-01  4.19519782E-01  1.89657288E-03
1.07427582E-01  4.16464537E-01  1.91771367E-03
1.07674258E-01  4.14611518E-01  1.91333145E-03
1.07920935E-01  4.20507312E-01  1.89768733E-03
1.08167611E-01  4.03944612E-01  1.87478028E-03
1.08414288E-01  4.06322390E-01  1.83328765E-03
1.08660964E-01  4.08728182E-01  1.84807891E-03
1.08907640E-01  4.00351256E-01  1.85552891E-03
1.09154317E-01  3.94941002E-01  1.92408264E-03
1.09400993E-01  4.07398254E-01  1.88936724E-03
1.09647670E-01  4.00678992E-01  1.93960685E-03
1.09894346E-01  4.08474505E-01  1.93336664E-03
1.10141023E-01  3.90959918E-01  1.90458365E-03
1.10387699E-01  3.95965099E-01  1.88724289E-03
1.10634375E-01  3.98890913E-01  1.87870255E-03
1.10881052E-01  3.98993075E-01  1.89360953E-03
1.11127728E-01  3.97829115E-01  1.88896596E-03
1.11374405E-01  3.90142977E-01  1.89935404E-03
1.11621081E-01  3.97803396E-01  1.93220621E-03
1.11867758E-01  3.87434959E-01  1.92072208E-03
1.12114434E-01  3.88588607E-01  1.95453060E-03
1.12361110E-01  3.86398286E-01  1.84527948E-03
1.12607787E-01  3.89797509E-01  1.90905971E-03
1.12854463E-01  3.95806253E-01  1.93255127E-03
1.13101140E-01  3.79700094E-01  1.89079833E-03
1.13347816E-01  3.84585589E-01  1.92024966E-03
1.13594493E-01  3.81574064E-01  1.88798248E-03
1.13841169E-01  3.86752099E-01  1.91525894E-03
1.14087845E-01  3.82483721E-01  1.93452858E-03
1.14334522E-01  3.84719521E-01  1.94229721E-03
1.14581198E-01  3.75658423E-01  1.89021497E-03
1.14827875E-01  3.85250241E-01  1.86165387E-03
1.15074551E-01  3.80455256E-01  1.86163455E-03
1.15321227E-01  3.88649523E-01  1.91479269E-03
1.15567904E-01  3.82833004E-01  1.94007717E-03
1.15814580E-01  3.79516810E-01  1.89221068E-03
1.16061257E-01  3.81254762E-01  1.92460127E-03
1.16307933E-01  3.69001508E-01  1.93985656E-03
1.16554610E-01  3.69311064E-01  1.87507912E-03
1.16801286E-01  3.76812726E-01  1.90515735E-03
1.17047962E-01  3.74349147E-01  1.90612162E-03
1.17294639E-01  3.57786268E-01  1.92971260E-03
1.17541315E-01  3.72525632E-01  1.90760300E-03
1.17787992E-01  3.74187231E-01  1.89543865E-03
1.18034668E-01  3.71819347E-01  1.90200505E-03
1.18281345E-01  3.75086665E-01  1.88526837E-03
1.18528021E-01  3.70115966E-01  1.79225893E-03
1.18774697E-01  3.77542913E-01  1.83484354E-03
1.19021374E-01  3.75353515E-01  1.87572872E-03
1.19268050E-01  3.73424083E-01  1.85912114E-03
1.19514727E-01  3.68370444E-01  1.82651600E-03
1.19761403E-01  3.78526449E-01  1.79527875E-03
1.20008079E-01  3.72057557E-01  1.79073471E-03
1.20254756E-01  3.76119018E-01  1.74560165E-03
1.20501432E-01  3.75696182E-01  1.87518180E-03
1.20748109E-01  3.77982467E-01  1.77140976E-03
1.20994785E-01  3.68203908E-01  1.83769909E-03
1.21241462E-01  3.76144141E-01  1.80702785E-03
1.21488138E-01  3.64392459E-01  1.77974685E-03
1.21734814E-01  3.62059295E-01  1.82418490E-03
1.21981491E-01  3.78199488E-01  1.74535275E-03
1.22228167E-01  3.74511361E-01  1.82121154E-03
1.22474844E-01  3.70591611E-01  1.75799860E-03
1.22721520E-01  3.63029271E-01  1.73773407E-03
1.22968197E-01  3.54366183E-01  1.70283404E-03
1.23214873E-01  3.69969487E-01  1.71321817E-03
1.23461549E-01  3.69355977E-01  1.72892434E-03
1.23708226E-01  3.61085355E-01  1.76482124E-03
1.23954902E-01  3.63550752E-01  1.71936816E-03
1.24201579E-01  3.66282940E-01  1.72530871E-03
1.24448255E-01  3.55427325E-01  1.66572153E-03
1.24694932E-01  3.58284354E-01  1.71262980E-03
1.24941608E-01  3.52425843E-01  1.66236935E-03
1.25188284E-01  3.65980923E-01  1.71864836E-03
1.25434961E-01  3.54004234E-01  1.74366578E-03
1.25681637E-01  3.55086684E-01  1.70258584E-03
1.25928314E-01  3.57129365E-01  1.68688677E-03
1.26174990E-01  3.66721272E-01  1.69286376E-03
1.26421666E-01  3.56988132E-01  1.67863397E-03
1.26668343E-01  3.59119743E-01  1.70085661E-03
1.26915019E-01  3.61555129E-01  1.75000005E-03
1.27161696E-01  3.60826731E-01  1.70073856E-03
1.27408372E-01  3.47621739E-01  1.66550931E-03
1.27655049E-01  3.59448344E-01  1.72272301E-03
1.27901725E-01  3.51098627E-01  1.68880192E-03
1.28148401E-01  3.38524729E-01  1.67047163E-03
1.28395078E-01  3.61967891E-01  1.63497357E-03
1.28641754E-01  3.53795439E-01  1.67459925E-03
1.28888431E-01  3.46731544E-01  1.57395203E-03
1.29135107E-01  3.49359751E-01  1.67523301E-03
1.29381784E-01  3.45057368E-01  1.64398400E-03
1.29628460E-01  3.52252305E-01  1.68848829E-03
1.29875136E-01  3.53101671E-01  1.69224665E-03
1.30121813E-01  3.48032653E-01  1.62687409E-03
1.30368489E-01  3.37502509E-01  1.64598122E-03
1.30615166E-01  3.42378736E-01  1.68345543E-03
1.30861842E-01  3.39095771E-01  1.63750467E-03
1.31108518E-01  3.53746980E-01  1.66756031E-03
1.31355195E-01  3.39991838E-01  1.61485572E-03
1.31601871E-01  3.34708959E-01  1.62752811E-03
1.31848548E-01  3.30295712E-01  1.61698670E-03
1.32095224E-01  3.38988185E-01  1.56404532E-03
1.32341901E-01  3.33901882E-01  1.55996846E-03
1.32588577E-01  3.33829522E-01  1.53878331E-03
1.32835253E-01  3.36047053E-01  1.52178761E-03
1.33081930E-01  3.30905527E-01  1.56351796E-03
1.33328606E-01  3.38189274E-01  1.58694375E-03
1.33575283E-01  3.26970905E-01  1.60442281E-03
1.33821959E-01  3.29109728E-01  1.59824709E-03
1.34068636E-01  3.25340152E-01  1.51753600E-03
1.34315312E-01  3.24913263E-01  1.57017913E-03
1.34561988E-01  3.35042745E-01  1.59321958E-03
1.34808665E-01  3.23824167E-01  1.55882793E-03
1.35055341E-01  3.29320192E-01  1.58501172E-03
1.35302018E-01  3.22116464E-01  1.53001270E-03
1.35548694E-01  3.19422245E-01  1.51822460E-03
1.35795371E-01  3.23016971E-01  1.53833837E-03
1.36042047E-01  3.23330641E-01  1.49477052E-03
1.36288723E-01  3.19513172E-01  1.52551092E-03
1.36535400E-01  3.16832870E-01  1.48919108E-03
1.36782076E-01  3.09945583E-01  1.51233072E-03
1.37028753E-01  3.18823278E-01  1.48383365E-03
1.37275429E-01  3.11643809E-01  1.55819417E-03
1.37522105E-01  3.02769363E-01  1.43688137E-03
1.37768782E-01  3.19722652E-01  1.57394889E-03
1.38015458E-01  3.10647666E-01  1.50210387E-03
1.38262135E-01  3.07914615E-01  1.43837940E-03
1.38508811E-01  3.13512295E-01  1.54943834E-03
1.38755488E-01  3.12501043E-01  1.49787450E-03
1.39002164E-01  3.19990635E-01  1.47445139E-03
1.39248840E-01  3.08610469E-01  1.41953398E-03
1.39495517E-01  3.08934122E-01  1.48969050E-03
1.39742193E-01  3.07161391E-01  1.50036544E-03
1.39988870E-01  3.03295702E-01  1.44532148E-03
1.40235546E-01  3.00387532E-01  1.39417464E-03
1.40482223E-01  3.00630242E-01  1.46929047E-03
1.40728899E-01  3.03902686E-01  1.47918763E-03
1.40975575E-01  2.99215555E-01  1.50540890E-03
1.41222252E-01  2.97656357E-01  1.45136402E-03
1.41468928E-01  2.93439448E-01  1.47275475E-03
1.41715605E-01  2.99997896E-01  1.46973145E-03
1.41962281E-01  2.89079279E-01  1.44141493E-03
1.42208957E-01  2.98906952E-01  1.48182584E-03
1.42455634E-01  2.99138159E-01  1.44118548E-03
1.42702310E-01  2.91318297E-01  1.37652562E-03
1.42948987E-01  2.90272653E-01  1.37729978E-03
1.43195663E-01  2.93125570E-01  1.42017298E-03
1.43442340E-01  2.87921995E-01  1.41295407E-03
1.43689016E-01  2.85278887E-01  1.38916739E-03
1.43935692E-01  2.87611097E-01  1.42559153E-03
1.44182369E-01  2.85903007E-01  1.37198460E-03
1.44429045E-01  2.81365454E-01  1.35191123E-03
1.44675722E-01  2.85047114E-01  1.38994446E-03
1.44922398E-01  2.82969385E-01  1.36490469E-03
1.45169075E-01  2.79798418E-01  1.37451000E-03
1.45415751E-01  2.75906026E-01  1.32355327E-03
1.45662427E-01  2.81266809E-01  1.39377476E-03
1.45909104E-01  2.89654434E-01  1.37737277E-03
1.46155780E-01  2.75690168E-01  1.38031936E-03
1.46402457E-01  2.82051057E-01  1.37269311E-03
1.46649133E-01  2.70506412E-01  1.29291718E-03
1.46895810E-01  2.70338863E-01  1.32322602E-03
1.47142486E-01  2.79720664E-01  1.34618755E-03
1.47389162E-01  2.70852268E-01  1.30368653E-03
1.47635839E-01  2.67655760E-01  1.30034424E-03
1.47882515E-01  2.74168134E-01  1.33843976E-03
1.48129192E-01  2.72216558E-01  1.34170055E-03
1.48375868E-01  2.60596067E-01  1.28014933E-03
1.48622544E-01  2.67461389E-01  1.30750157E-03
1.48869221E-01  2.73624510E-01  1.32962666E-03
1.49115897E-01  2.69153774E-01  1.32519857E-03
1.49362574E-01  2.64230311E-01  1.30704558E-03
1.49609250E-01  2.68935919E-01  1.28217496E-03
1.49855927E-01  2.68537343E-01  1.30432530E-03
1.50102603E-01  2.66052932E-01  1.33174064E-03
1.50349279E-01  2.55971849E-01  1.27023098E-03
1.50595956E-01  2.59174645E-01  1.32401462E-03
1.50842632E-01  2.63423324E-01  1.28443236E-03
1.51089309E-01  2.59175301E-01  1.28440466E-03
1.51335985E-01  2.56259650E-01  1.25688442E-03
1.51582662E-01  2.51210392E-01  1.26790104E-03
1.51829338E-01  2.59715408E-01  1.29530812E-03
1.52076014E-01  2.59713888E-01  1.29534036E-03
1.52322691E-01  2.56689638E-01  1.31729140E-03
1.52569367E-01  2.60872394E-01  1.34326471E-03
1.52816044E-01  2.57171988E-01  1.39900995E-03
1.53062720E-01  2.59046674E-01  1.66147505E-03
1.53309397E-01  2.68747866E-01  2.63638538E-03
1.53556073E-01  2.69296825E-01  2.59252894E-03
1.53802749E-01  2.72133052E-01  2.88426992E-03
1.54049426E-01  2.70673364E-01  3.15227103E-03
1.54296102E-01  2.52404332E-01  2.69609899E-03
1.54542779E-01  2.55823433E-01  1.63038890E-03
1.54789455E-01  2.50575483E-01  1.33532239E-03
1.55036131E-01  2.49525443E-01  1.29052042E-03
1.55282808E-01  2.47543409E-01  1.26787322E-03
1.55529484E-01  2.55055457E-01  1.42207183E-03
1.55776161E-01  2.51258522E-01  1.53834396E-03
1.56022837E-01  2.59295255E-01  1.77035131E-03
1.56269514E-01  2.58451879E-01  2.03439943E-03
1.56516190E-01  2.52557814E-01  1.87960872E-03
1.56762866E-01  2.46743768E-01  1.73665525E-03
1.57009543E-01  2.43910685E-01  1.56731892E-03
1.57256219E-01  2.43907139E-01  1.36080687E-03
1.57502896E-01  2.33728483E-01  1.22718420E-03
1.57749572E-01  2.34511361E-01  1.21108792E-03
1.57996249E-01  2.35726282E-01  1.20686053E-03
1.58242925E-01  2.34411582E-01  1.21969974E-03
1.58489601E-01  2.24813744E-01  1.16931740E-03
1.58736278E-01  2.24982098E-01  1.18150609E-03
1.58982954E-01  2.32266873E-01  1.16995419E-03
1.59229631E-01  2.26555362E-01  1.17107248E-03
1.59476307E-01  2.28170589E-01  1.16941344E-03
1.59722983E-01  2.22971439E-01  1.14729034E-03
1.59969660E-01  2.22199857E-01  1.16465578E-03
1.60216336E-01  2.23787963E-01  1.15036173E-03
1.60463013E-01  2.23285094E-01  1.16960926E-03
1.60709689E-01  2.21609056E-01  1.11736241E-03
1.60956366E-01  2.21231624E-01  1.19350047E-03
1.61203042E-01  2.18690604E-01  1.14966556E-03
1.61449718E-01  2.25536376E-01  1.19615428E-03
1.61696395E-01  2.18365684E-01  1.17347215E-03
1.61943071E-01  2.13480279E-01  1.11724180E-03
1.62189748E-01  2.18121141E-01  1.15216174E-03
1.62436424E-01  2.06692263E-01  1.08800933E-03
1.62683101E-01  2.10427299E-01  1.10526290E-03
1.62929777E-01  2.12354943E-01  1.14816381E-03
1.63176453E-01  2.07124680E-01  1.07741740E-03
1.63423130E-01  2.08990648E-01  1.12479459E-03
1.63669806E-01  2.13767514E-01  1.13767083E-03
1.63916483E-01  2.09170297E-01  1.07385812E-03
1.64163159E-01  2.03606576E-01  1.08457240E-03
1.64409836E-01  1.99853957E-01  1.08640583E-03
1.64656512E-01  2.01033235E-01  1.06889626E-03
1.64903188E-01  2.06737205E-01  1.07891916E-03
1.65149865E-01  2.05506772E-01  1.09479658E-03
1.65396541E-01  2.04452515E-01  1.07531867E-03
1.65643218E-01  2.00592071E-01  1.08252466E-03
1.65889894E-01  1.99221984E-01  1.09095755E-03
1.66136570E-01  2.02017277E-01  1.07568700E-03
1.66383247E-01  2.00425684E-01  1.06273743E-03
1.66629923E-01  1.97956398E-01  1.06143591E-03
1.66876600E-01  1.93872154E-01  1.06479577E-03
1.67123276E-01  2.00456575E-01  1.07213645E-03
1.67369953E-01  1.96410015E-01  1.05558126E-03
1.67616629E-01  1.93441838E-01  1.05107832E-03
1.67863305E-01  1.95454702E-01  1.05035352E-03
1.68109982E-01  1.88075453E-01  1.01851590E-03
1.68356658E-01  1.96247429E-01  1.05602399E-03
1.68603335E-01  1.91449836E-01  1.05881307E-03
1.68850011E-01  1.88567057E-01  1.04215741E-03
1.69096688E-01  1.91131130E-01  1.05407985E-03
1.69343364E-01  1.92071125E-01  1.03376072E-03
1.69590040E-01  1.85515299E-01  1.02700898E-03
1.69836717E-01  1.84946850E-01  1.02000404E-03
1.70083393E-01  1.88354045E-01  1.02651468E-03
1.70330070E-01  1.85368910E-01  1.00361963E-03
1.70576746E-01  1.87365532E-01  1.03080459E-03
1.70823422E-01  1.87178358E-01  1.00578251E-03
1.71070099E-01  1.83841780E-01  1.03189761E-03
1.71316775E-01  1.83636785E-01  9.96062998E-04
1.71563452E-01  1.80543378E-01  9.95238661E-04
1.71810128E-01  1.81208476E-01  9.73730057E-04
1.72056805E-01  1.78581446E-01  9.84268496E-04
1.72303481E-01  1.76063687E-01  9.94830159E-04
1.72550157E-01  1.78972438E-01  9.85338585E-04
1.72796834E-01  1.73615023E-01  9.99068958E-04
1.73043510E-01  1.76958591E-01  9.81544028E-04
1.73290187E-01  1.77758321E-01  1.00098981E-03
1.73536863E-01  1.77751303E-01  9.87645239E-04
1.73783540E-01  1.71316907E-01  9.66176216E-04
1.74030216E-01  1.77125707E-01  9.75285890E-04
1.74276892E-01  1.70424566E-01  9.59198514E-04
1.74523569E-01  1.72914565E-01  9.81488032E-04
1.74770245E-01  1.70876876E-01  9.78060416E-04
1.75016922E-01  1.71737954E-01  9.83442063E-04
1.75263598E-01  1.65309772E-01  9.53274954E-04
1.75510275E-01  1.71296418E-01  9.63522121E-04
1.75756951E-01  1.65997356E-01  9.48120723E-04
1.76003627E-01  1.67017609E-01  9.41207807E-04
1.76250304E-01  1.64204344E-01  9.45366686E-04
1.76496980E-01  1.63768306E-01  9.52087692E-04
1.76743657E-01  1.66016266E-01  9.36061377E-04
1.76990333E-01  1.62128687E-01  9.09609720E-04
1.77237009E-01  1.66581243E-01  9.37251316E-04
1.77483686E-01  1.64170250E-01  9.51025926E-04
1.77730362E-01  1.65717989E-01  9.42956773E-04
1.77977039E-01  1.66799143E-01  9.19978775E-04
1.78223715E-01  1.58402607E-01  9.19736573E-04
1.78470392E-01  1.57785282E-01  9.16222692E-04
1.78717068E-01  1.60567448E-01  9.27330286E-04
1.78963744E-01  1.61209926E-01  8.73822835E-04
1.79210421E-01  1.59404635E-01  9.32173512E-04
1.79457097E-01  1.58974245E-01  9.37193050E-04
1.79703774E-01  1.55396014E-01  8.88264796E-04
1.79950450E-01  1.55022323E-01  8.95123405E-04
1.80197127E-01  1.57793120E-01  8.92370474E-04
1.80443803E-01  1.52256891E-01  8.71410186E-04
1.80690479E-01  1.53728381E-01  8.81354266E-04
1.80937156E-01  1.54601946E-01  8.89061950E-04
1.81183832E-01  1.50564298E-01  8.72096396E-04
1.81430509E-01  1.51334956E-01  8.64242087E-04
1.81677185E-01  1.53410003E-01  8.58628366E-04
1.81923861E-01  1.50769711E-01  8.95294303E-04
1.82170538E-01  1.55107573E-01  8.68810050E-04
1.82417214E-01  1.47942558E-01  8.88224284E-04
1.82663891E-01  1.50178269E-01  8.61416047E-04
1.82910567E-01  1.47214159E-01  8.55413324E-04
1.83157244E-01  1.44593284E-01  8.26096104E-04
1.83403920E-01  1.43422559E-01  8.45721166E-04
1.83650596E-01  1.48993984E-01  8.69381300E-04
1.83897273E-01  1.51595578E-01  8.77207203E-04
1.84143949E-01  1.45122290E-01  8.46050796E-04
1.84390626E-01  1.42280027E-01  8.40621884E-04
1.84637302E-01  1.43733144E-01  8.43193382E-04
1.84883979E-01  1.40354067E-01  8.57896870E-04
1.85130655E-01  1.39067695E-01  8.43208458E-04
1.85377331E-01  1.43332735E-01  8.58531042E-04
1.85624008E-01  1.40567362E-01  8.36260035E-04
1.85870684E-01  1.40007764E-01  8.42904905E-04
1.86117361E-01  1.42508864E-01  8.31276004E-04
1.86364037E-01  1.44493267E-01  8.67626804E-04
1.86610714E-01  1.37760147E-01  8.24110350E-04
1.86857390E-01  1.36530027E-01  8.21193971E-04
1.87104066E-01  1.34918287E-01  8.00600916E-04
1.87350743E-01  1.35718718E-01  8.32484337E-04
1.87597419E-01  1.38914526E-01  8.32519319E-04
1.87844096E-01  1.36720255E-01  8.58262356E-04
1.88090772E-01  1.35921180E-01  8.23069597E-04
1.88337448E-01  1.37677640E-01  8.32570717E-04
1.88584125E-01  1.36617094E-01  8.06010445E-04
1.88830801E-01  1.33543774E-01  7.94272055E-04
1.89077478E-01  1.33985996E-01  8.08920304E-04
1.89324154E-01  1.30159080E-01  7.97710440E-04
1.89570831E-01  1.34595379E-01  8.24969669E-04
1.89817507E-01  1.31905928E-01  7.91006722E-04
1.90064183E-01  1.28643721E-01  8.06181459E-04
1.90310860E-01  1.29605964E-01  8.08487530E-04
1.90557536E-01  1.28766954E-01  7.96892506E-04
1.90804213E-01  1.32395759E-01  8.04207462E-04
1.91050889E-01  1.30933851E-01  7.88905309E-04
1.91297566E-01  1.30983114E-01  7.97249260E-04
1.91544242E-01  1.30257249E-01  8.04345415E-04
1.91790918E-01  1.25700250E-01  7.83266150E-04
1.92037595E-01  1.29380181E-01  8.10033060E-04
1.92284271E-01  1.29479557E-01  7.86729623E-04
1.92530948E-01  1.27950475E-01  7.89309444E-04
1.92777624E-01  1.23255983E-01  7.91697763E-04
1.93024301E-01  1.25903085E-01  7.72425963E-04
1.93270977E-01  1.25553459E-01  8.01184506E-04
1.93517653E-01  1.26941621E-01  7.67962076E-04
1.93764330E-01  1.21684618E-01  7.46968784E-04
1.94011006E-01  1.21677153E-01  7.76533328E-04
1.94257683E-01  1.26609489E-01  7.73287786E-04
1.94504359E-01  1.25156641E-01  7.73140404E-04
1.94751035E-01  1.24993496E-01  7.71278108E-04
1.94997712E-01  1.26873672E-01  7.95032131E-04
1.95244388E-01  1.23822324E-01  7.85977521E-04
1.95491065E-01  1.22820809E-01  7.71134277E-04
1.95737741E-01  1.22724019E-01  7.75494846E-04
1.95984418E-01  1.23247869E-01  7.33451394E-04
1.96231094E-01  1.19534507E-01  7.70172570E-04
1.96477770E-01  1.22023262E-01  7.63627526E-04
1.96724447E-01  1.17647968E-01  7.30252126E-04
1.96971123E-01  1.14929125E-01  7.48425780E-04
1.97217800E-01  1.19170301E-01  7.39542360E-04
1.97464476E-01  1.20341577E-01  7.37413648E-04
1.97711153E-01  1.13395758E-01  7.29023770E-04
1.97957829E-01  1.16870075E-01  7.56629859E-04
1.98204505E-01  1.16453007E-01  7.39767507E-04
1.98451182E-01  1.17084824E-01  7.32352666E-04
1.98697858E-01  1.17542997E-01  7.39924086E-04
1.98944535E-01  1.14375480E-01  7.30705156E-04
1.99191211E-01  1.15870707E-01  7.37533730E-04
1.99437887E-01  1.13165326E-01  7.24831829E-04
1.99684564E-01  1.21077612E-01  7.53553410E-04
1.99931240E-01  1.12082817E-01  7.11342960E-04
2.00177917E-01  1.10741809E-01  7.03231897E-04
2.00424593E-01  1.12694994E-01  7.28132785E-04
2.00671270E-01  1.14286765E-01  7.13332731E-04
2.00917946E-01  1.11056879E-01  7.25293066E-04
2.01164622E-01  1.10510923E-01  7.26831844E-04
2.01411299E-01  1.10616170E-01  7.18605123E-04
2.01657975E-01  1.13076568E-01  7.13574642E-04
2.01904652E-01  1.13360882E-01  7.18314084E-04
2.02151328E-01  1.12271793E-01  7.34496920E-04
2.02398005E-01  1.09598160E-01  7.03348720E-04
2.02644681E-01  1.09052509E-01  6.95583061E-04
2.02891357E-01  1.09762631E-01  7.07737461E-04
2.03138034E-01  1.05924733E-01  7.04567123E-04
2.03384710E-01  1.09157607E-01  6.86773797E-04
2.03631387E-01  1.07300706E-01  7.11051456E-04
2.03878063E-01  1.05546333E-01  6.92615286E-04
2.04124740E-01  1.06877141E-01  6.84578961E-04
2.04371416E-01  1.07585095E-01  6.84640778E-04
2.04618092E-01  1.07130468E-01  7.02924735E-04
2.04864769E-01  1.07433565E-01  6.92637521E-04
2.05111445E-01  1.08037807E-01  7.06235762E-04
2.05358122E-01  1.08888797E-01  6.96825737E-04
2.05604798E-01  1.11647710E-01  7.21039833E-04
2.05851474E-01  1.08570337E-01  6.94648537E-04
2.06098151E-01  1.08928755E-01  7.02975958E-04
2.06344827E-01  1.08490743E-01  7.06059043E-04
2.06591504E-01  1.04519881E-01  6.64626539E-04
2.06838180E-01  1.03237323E-01  6.66736509E-04
2.07084857E-01  1.02803767E-01  6.68203516E-04
2.07331533E-01  1.06199950E-01  6.84108410E-04
2.07578209E-01  1.01643935E-01  6.67490240E-04
2.07824886E-01  1.04398236E-01  6.76064461E-04
2.08071562E-01  1.04259156E-01  6.85849052E-04
2.08318239E-01  1.04501180E-01  6.70421170E-04
2.08564915E-01  1.04159310E-01  6.80265541E-04
2.08811592E-01  1.05530359E-01  6.96880801E-04
2.09058268E-01  1.05083689E-01  6.91852649E-04
2.09304944E-01  1.03066854E-01  6.70671230E-04
2.09551621E-01  1.06634140E-01  7.10034918E-04
2.09798297E-01  1.04222357E-01  6.82164042E-04
2.10044974E-01  1.01947516E-01  6.54440781E-04
2.10291650E-01  1.04258552E-01  6.66068110E-04
2.10538326E-01  9.97181311E-02  6.75619580E-04
2.10785003E-01  1.02802277E-01  6.62239036E-04
2.11031679E-01  1.04001373E-01  6.64996682E-04
2.11278356E-01  1.02113008E-01  6.66099135E-04
2.11525032E-01  1.00470804E-01  6.36170327E-04
2.11771709E-01  1.03022344E-01  6.64500170E-04
2.12018385E-01  9.70427021E-02  6.43137319E-04
2.12265061E-01  1.00350067E-01  6.78930257E-04
2.12511738E-01  9.95109603E-02  6.73242263E-04
2.12758414E-01  1.02676257E-01  6.69390429E-04
2.13005091E-01  9.59894136E-02  6.42957224E-04
2.13251767E-01  1.00403778E-01  6.57643483E-04
2.13498444E-01  9.90422592E-02  6.62810286E-04
2.13745120E-01  9.88541692E-02  6.65460655E-04
2.13991796E-01  9.78936255E-02  6.46340894E-04
2.14238473E-01  9.52141806E-02  6.47293811E-04
2.14485149E-01  9.92782339E-02  6.30938623E-04
2.14731826E-01  1.01229399E-01  6.58669800E-04
2.14978502E-01  1.00191139E-01  6.68918190E-04
2.15225179E-01  9.67329815E-02  6.56751567E-04
2.15471855E-01  1.00949220E-01  6.51938724E-04
2.15718531E-01  9.69213471E-02  6.36972662E-04
2.15965208E-01  1.00893840E-01  6.56378455E-04
2.16211884E-01  9.33095366E-02  6.45080057E-04
2.16458561E-01  9.84948799E-02  6.42702973E-04
2.16705237E-01  9.81239229E-02  6.53944269E-04
2.16951913E-01  9.48800594E-02  6.35687786E-04
2.17198590E-01  9.66407657E-02  6.47702429E-04
2.17445266E-01  9.51969326E-02  6.52173301E-04
2.17691943E-01  9.34907198E-02  6.29512419E-04
2.17938619E-01  9.64181721E-02  6.46318251E-04
2.18185296E-01  9.54541340E-02  6.30480528E-04
2.18431972E-01  9.63993147E-02  6.56478980E-04
2.18678648E-01  9.40293223E-02  6.33088406E-04
2.18925325E-01  9.83792469E-02  6.55913260E-04
2.19172001E-01  9.49322581E-02  6.44432381E-04
2.19418678E-01  9.75929275E-02  6.62963954E-04
2.19665354E-01  9.21917781E-02  6.23307016E-04
2.19912031E-01  9.74054933E-02  6.49084395E-04
2.20158707E-01  9.64231268E-02  6.62012550E-04
2.20405383E-01  9.39107239E-02  6.33961579E-04
2.20652060E-01  9.12145898E-02  5.93738048E-04
2.20898736E-01  9.38375592E-02  6.45878143E-04
2.21145413E-01  9.61927772E-02  6.38610160E-04
2.21392089E-01  9.10248682E-02  6.13729062E-04
2.21638766E-01  9.27383527E-02  6.26869791E-04
2.21885442E-01  9.38731134E-02  6.39004691E-04
2.22132118E-01  9.52167287E-02  6.51655486E-04
2.22378795E-01  9.31739286E-02  6.22563937E-04
2.22625471E-01  9.45006162E-02  6.35143952E-04
2.22872148E-01  9.73235071E-02  6.54175295E-04
2.23118824E-01  9.35943276E-02  6.13389653E-04
2.23365500E-01  9.15674567E-02  6.44475687E-04
2.23612177E-01  9.61361602E-02  6.37532794E-04
2.23858853E-01  9.47942212E-02  6.26522000E-04
2.24105530E-01  9.39854756E-02  6.20069448E-04
2.24352206E-01  9.31825787E-02  6.23131520E-04
2.24598883E-01  9.03397426E-02  6.12361822E-04
2.24845559E-01  9.26380828E-02  6.33449934E-04
2.25092235E-01  9.25507247E-02  6.25945162E-04
2.25338912E-01  9.37034637E-02  6.19610015E-04
2.25585588E-01  9.64090005E-02  6.43520209E-04
2.25832265E-01  9.47366580E-02  6.39671809E-04
2.26078941E-01  9.49942321E-02  6.39497011E-04
2.26325618E-01  9.15144905E-02  6.27001456E-04
2.26572294E-01  9.19317827E-02  6.30585477E-04
2.26818970E-01  9.24438760E-02  6.28351292E-04
2.27065647E-01  9.18448120E-02  6.12861535E-04
2.27312323E-01  9.63389650E-02  6.60699909E-04
2.27559000E-01  9.11296085E-02  6.14316901E-04
2.27805676E-01  9.05553252E-02  6.07232912E-04
2.28052352E-01  9.33229029E-02  6.26798428E-04
2.28299029E-01  9.16440263E-02  6.15802943E-04
2.28545705E-01  9.17750373E-02  6.27625675E-04
2.28792382E-01  9.26983580E-02  6.21772022E-04
2.29039058E-01  9.40883011E-02  6.40083221E-04
2.29285735E-01  9.01789740E-02  6.15091762E-04
2.29532411E-01  9.20226201E-02  6.26536610E-04
2.29779087E-01  9.26414728E-02  6.15880825E-04
2.30025764E-01  9.14187431E-02  6.18628226E-04
2.30272440E-01  9.36593860E-02  6.16116682E-04
2.30519117E-01  8.96776170E-02  6.22290478E-04
2.30765793E-01  9.17076021E-02  6.14918652E-04
2.31012470E-01  8.93120691E-02  6.15644851E-04
2.31259146E-01  9.05991867E-02  6.18356804E-04
2.31505822E-01  9.14532915E-02  6.15472323E-04
2.31752499E-01  8.81932303E-02  5.98509039E-04
2.31999175E-01  8.98086280E-02  6.06967311E-04
2.32245852E-01  9.13183764E-02  6.01595559E-04
2.32492528E-01  9.42510590E-02  6.10756688E-04
2.32739205E-01  9.02098194E-02  6.13947341E-04
2.32985881E-01  8.83699134E-02  5.91111719E-04
2.33232557E-01  9.01357755E-02  6.07657130E-04
2.33479234E-01  9.46250185E-02  6.12945005E-04
2.33725910E-01  8.76055807E-02  5.96703379E-04
2.33972587E-01  9.25586969E-02  6.31540956E-04
2.34219263E-01  9.13960636E-02  5.99907478E-04
2.34465939E-01  9.31876972E-02  6.11857045E-04
2.34712616E-01  9.06116441E-02  6.12874224E-04
2.34959292E-01  9.24775153E-02  6.08808361E-04
2.35205969E-01  9.31149423E-02  6.01243752E-04
2.35452645E-01  9.15918499E-02  6.00968662E-04
2.35699322E-01  9.34644565E-02  5.99315797E-04
2.35945998E-01  8.89378488E-02  6.08895789E-04
2.36192674E-01  9.03343186E-02  6.04650937E-04
2.36439351E-01  9.09068882E-02  6.21135405E-04
2.36686027E-01  9.19029042E-02  6.07551134E-04
2.36932704E-01  9.18274745E-02  5.93058125E-04
2.37179380E-01  9.17297453E-02  5.99640480E-04
2.37426057E-01  9.20065790E-02  6.04906701E-04
2.37672733E-01  9.26352367E-02  6.02410699E-04
2.37919409E-01  9.30613428E-02  5.88715891E-04
2.38166086E-01  9.00579244E-02  6.03971828E-04
2.38412762E-01  8.78479332E-02  6.01670123E-04
2.38659439E-01  8.94241706E-02  5.79753018E-04
2.38906115E-01  8.98635983E-02  6.08966977E-04
2.39152791E-01  8.96423683E-02  6.03214547E-04
2.39399468E-01  9.21643972E-02  5.92227094E-04
2.39646144E-01  8.72453153E-02  5.91163465E-04
2.39892821E-01  8.99183825E-02  6.05799782E-04
2.40139497E-01  8.73187035E-02  6.01702079E-04
2.40386174E-01  9.24426615E-02  6.08500384E-04
2.40632850E-01  9.21947584E-02  6.11829804E-04
2.40879526E-01  9.09680948E-02  5.87449409E-04
2.41126203E-01  9.09101889E-02  5.91346878E-04
2.41372879E-01  8.62733722E-02  6.01809821E-04
2.41619556E-01  9.11794677E-02  5.98725688E-04
2.41866232E-01  8.93779323E-02  5.69353695E-04
2.42112909E-01  9.13205296E-02  6.00320753E-04
2.42359585E-01  9.22288373E-02  6.04343018E-04
2.42606261E-01  9.09179747E-02  6.00839383E-04
2.42852938E-01  9.32379663E-02  6.02660351E-04
2.43099614E-01  9.33773890E-02  6.24335720E-04
2.43346291E-01  9.19893607E-02  5.99978899E-04
2.43592967E-01  9.16720554E-02  6.15011842E-04
2.43839644E-01  9.42917317E-02  6.38136524E-04
2.44086320E-01  9.03848857E-02  6.08250382E-04
2.44332996E-01  8.69381949E-02  6.00524829E-04
2.44579673E-01  9.52203199E-02  6.18456863E-04
2.44826349E-01  9.26338211E-02  6.30836643E-04
2.45073026E-01  9.41074565E-02  6.20329462E-04
2.45319702E-01  9.00722370E-02  5.98637620E-04
2.45566378E-01  9.31868479E-02  6.27159141E-04
2.45813055E-01  9.32400003E-02  6.21573767E-04
2.46059731E-01  8.82005244E-02  6.05476438E-04
2.46306408E-01  9.00541991E-02  6.29283779E-04
2.46553084E-01  9.07571837E-02  6.25996792E-04
2.46799761E-01  9.05654579E-02  6.37549267E-04
2.47046437E-01  8.93710181E-02  6.29166199E-04
2.47293113E-01  9.03084502E-02  6.24729902E-04
2.47539790E-01  9.52141136E-02  6.64210063E-04
2.47786466E-01  9.13576558E-02  6.39585836E-04
2.48033143E-01  9.19062421E-02  6.41374558E-04
2.48279819E-01  9.24827233E-02  6.55328447E-04
2.48526496E-01  9.40372199E-02  6.47604582E-04
2.48773172E-01  9.27564651E-02  6.36561133E-04
2.49019848E-01  9.22570899E-02  6.48502377E-04
2.49266525E-01  8.97509232E-02  6.39021397E-04
2.49513201E-01  9.17291269E-02  6.36525336E-04
2.49759878E-01  9.24906135E-02  6.44178712E-04
2.50006554E-01  8.87621492E-02  6.50103495E-04
2.50253230E-01  9.35074538E-02  6.65213622E-04
2.50499907E-01  9.20253396E-02  6.50897389E-04
2.50746583E-01  9.20753926E-02  6.69554109E-04
2.50993260E-01  9.32115018E-02  6.62672450E-04
2.51239936E-01  8.81352350E-02  6.36967830E-04
2.51486613E-01  8.96190852E-02  6.69101835E-04
2.51733289E-01  9.15450975E-02  6.58967532E-04
2.51979965E-01  9.26336795E-02  6.87221065E-04
2.52226642E-01  8.99828300E-02  6.49069319E-04
2.52473318E-01  9.05851200E-02  6.71589631E-04
2.52719995E-01  9.17889699E-02  6.65094703E-04
2.52966671E-01  9.08919051E-02  6.52471208E-04
2.53213348E-01  9.17195082E-02  6.86366402E-04
2.53460024E-01  9.16936845E-02  6.81791280E-04
2.53706700E-01  8.87745544E-02  6.67876273E-04
2.53953377E-01  9.22112167E-02  6.87006919E-04
2.54200053E-01  9.16107446E-02  6.71205402E-04
2.54446730E-01  9.18952078E-02  6.70009060E-04
2.54693406E-01  9.34746191E-02  6.66926499E-04
2.54940083E-01  9.24199745E-02  6.47883629E-04
2.55186759E-01  9.23241079E-02  6.73360424E-04
2.55433435E-01  9.20694470E-02  6.56757737E-04
2.55680112E-01  9.51721966E-02  6.76447991E-04
2.55926788E-01  9.25353318E-02  6.42217230E-04
2.56173465E-01  8.90961289E-02  6.37019228E-04
2.56420141E-01  9.13358182E-02  6.48400513E-04
2.56666817E-01  9.11396816E-02  6.57519849E-04
2.56913494E-01  9.48953032E-02  6.57318218E-04
2.57160170E-01  9.32751298E-02  6.40637998E-04
2.57406847E-01  9.36984196E-02  6.74911542E-04
2.57653523E-01  9.12008807E-02  6.48108253E-04
2.57900200E-01  9.06852037E-02  6.45296066E-04
2.58146876E-01  8.99035633E-02  6.33021642E-04
2.58393552E-01  9.50481966E-02  6.66963519E-04
2.58640229E-01  9.08890739E-02  6.43838546E-04
2.58886905E-01  9.09391791E-02  6.44438784E-04
2.59133582E-01  8.79297331E-02  6.13547745E-04
2.59380258E-01  9.46428850E-02  6.64568564E-04
2.59626935E-01  9.18347538E-02  6.42695930E-04
2.59873611E-01  9.35771093E-02  6.61252241E-04
2.60120287E-01  9.58727673E-02  6.35176781E-04
2.60366964E-01  9.03414115E-02  6.44253800E-04
2.60613640E-01  9.09205973E-02  6.41621242E-04
2.60860317E-01  9.42250714E-02  6.41177001E-04
2.61106993E-01  9.36292410E-02  6.42445637E-04
2.61353670E-01  9.34282094E-02  6.31105970E-04
2.61600346E-01  9.56259444E-02  6.58628589E-04
2.61847022E-01  8.95591825E-02  6.41695864E-04
2.62093699E-01  9.07218456E-02  6.33517804E-04
2.62340375E-01  9.21774134E-02  6.39968843E-04
2.62587052E-01  9.43525732E-02  6.34336728E-04
2.62833728E-01  9.31001753E-02  6.33860065E-04
2.63080404E-01  8.93190131E-02  6.25522109E-04
2.63327081E-01  9.61357057E-02  6.54963020E-04
2.63573757E-01  9.25264582E-02  6.51968410E-04
2.63820434E-01  9.36183780E-02  6.38291822E-04
2.64067110E-01  8.96821842E-02  6.30186987E-04
2.64313787E-01  9.27385092E-02  6.44742860E-04
2.64560463E-01  9.17450711E-02  6.35929406E-04
2.64807139E-01  9.12700817E-02  6.33117044E-04
2.65053816E-01  9.58708376E-02  6.62125705E-04
2.65300492E-01  9.10950899E-02  6.31779898E-04
2.65547169E-01  9.50109884E-02  6.57274213E-04
2.65793845E-01  9.37229320E-02  6.49994472E-04
2.66040522E-01  8.94820616E-02  6.39025588E-04
2.66287198E-01  9.36613306E-02  6.36365439E-04
2.66533874E-01  9.35119539E-02  6.33446558E-04
2.66780551E-01  9.10323709E-02  6.22521853E-04
2.67027227E-01  9.14826840E-02  6.34255877E-04
2.67273904E-01  9.03186575E-02  6.29247050E-04
2.67520580E-01  9.33000669E-02  6.32363081E-04
2.67767256E-01  9.07909721E-02  6.24380074E-04
2.68013933E-01  9.43017453E-02  6.34829106E-04
2.68260609E-01  9.24637616E-02  6.37650315E-04
2.68507286E-01  9.28091258E-02  6.26896741E-04
2.68753962E-01  9.49313343E-02  6.42214611E-04
2.69000639E-01  9.05140787E-02  6.39765116E-04
2.69247315E-01  9.22986120E-02  6.40091952E-04
2.69493991E-01  9.30655003E-02  6.40534447E-04
2.69740668E-01  9.21153277E-02  6.26769499E-04
2.69987344E-01  9.12237987E-02  6.22277905E-04
2.70234021E-01  9.25681442E-02  6.45614811E-04
2.70480697E-01  9.46164653E-02  6.49916474E-04
2.70727374E-01  9.64867696E-02  6.53027091E-04
2.70974050E-01  9.44834650E-02  6.53815921E-04
2.71220726E-01  9.64620784E-02  6.53274590E-04
2.71467403E-01  9.35167894E-02  6.50077069E-04
2.71714079E-01  9.81703550E-02  6.72225666E-04
2.71960756E-01  9.41692218E-02  6.53577561E-04
2.72207432E-01  9.57246274E-02  6.78987533E-04
2.72454109E-01  9.47244465E-02  6.74116891E-04
2.72700785E-01  9.54453051E-02  6.62313483E-04
2.72947461E-01  9.31189209E-02  6.67309156E-04
2.73194138E-01  9.28000063E-02  6.50245871E-04
2.73440814E-01  9.61268023E-02  6.67187735E-04
2.73687491E-01  9.79126692E-02  6.73981500E-04
2.73934167E-01  9.94659513E-02  6.82373764E-04
2.74180843E-01  9.70451236E-02  6.89074222E-04
2.74427520E-01  9.68723968E-02  6.64742081E-04
2.74674196E-01  9.66228396E-02  6.84072031E-04
2.74920873E-01  9.75349694E-02  6.75784948E-04
2.75167549E-01  9.32952389E-02  6.55564538E-04
2.75414226E-01  9.83595327E-02  6.61819242E-04
2.75660902E-01  9.76339430E-02  6.92511618E-04
2.75907578E-01  9.87036452E-02  6.87768392E-04
2.76154255E-01  9.58021954E-02  6.64856983E-04
2.76400931E-01  9.39828679E-02  6.80902798E-04
2.76647608E-01  9.54370350E-02  6.94428571E-04
2.76894284E-01  9.54429060E-02  6.78547949E-04
2.77140961E-01  1.00046456E-01  7.01892888E-04
2.77387637E-01  9.69269872E-02  6.77402946E-04
2.77634313E-01  9.47336033E-02  6.74717885E-04
2.77880990E-01  9.72920507E-02  6.83204096E-04
2.78127666E-01  9.67878625E-02  6.76407770E-04
2.78374343E-01  9.57684293E-02  6.80235040E-04
2.78621019E-01  9.81271565E-02  6.86932297E-04
2.78867695E-01  9.85596254E-02  6.97200187E-04
2.79114372E-01  9.66955498E-02  6.88107102E-04
2.79361048E-01  9.80493426E-02  6.70700509E-04
2.79607725E-01  9.93641689E-02  6.90487504E-04
2.79854401E-01  9.89411399E-02  6.73475501E-04
2.80101078E-01  9.41130668E-02  6.79674151E-04
2.80347754E-01  9.61483493E-02  6.80738536E-04
2.80594430E-01  9.78203788E-02  6.86204061E-04
2.80841107E-01  9.92146730E-02  6.94834918E-04
2.81087783E-01  9.61160436E-02  6.80900877E-04
2.81334460E-01  1.03257433E-01  6.95112743E-04
2.81581136E-01  9.84620303E-02  7.17072398E-04
2.81827813E-01  9.72912014E-02  7.03485392E-04
2.82074489E-01  9.92331356E-02  6.96007046E-04
2.82321165E-01  9.66149494E-02  6.81110658E-04
2.82567842E-01  9.76006687E-02  6.87871070E-04
2.82814518E-01  9.77052525E-02  6.85636129E-04
2.83061195E-01  9.79753211E-02  6.91739493E-04
2.83307871E-01  1.01277031E-01  7.00872100E-04
2.83554548E-01  9.32820067E-02  6.78904937E-04
2.83801224E-01  9.81131569E-02  6.96538482E-04
2.84047900E-01  9.80146825E-02  6.83778955E-04
2.84294577E-01  1.01416014E-01  7.28913117E-04
2.84541253E-01  1.00330815E-01  7.13013869E-04
2.84787930E-01  9.82463434E-02  6.98910677E-04
2.85034606E-01  9.94970128E-02  6.95112161E-04
2.85281282E-01  9.78313088E-02  6.89102220E-04
2.85527959E-01  1.00792266E-01  7.02028628E-04
2.85774635E-01  9.70884487E-02  7.04134873E-04
2.86021312E-01  9.68635082E-02  6.97284820E-04
2.86267988E-01  9.82454047E-02  7.02387537E-04
2.86514665E-01  9.95399430E-02  6.94813672E-04
2.86761341E-01  9.77587476E-02  7.08429667E-04
2.87008017E-01  9.92683396E-02  7.09780899E-04
2.87254694E-01  9.82173979E-02  6.90195709E-04
2.87501370E-01  1.00153238E-01  7.19362404E-04
2.87748047E-01  9.80352387E-02  6.99597760E-04
2.87994723E-01  9.85088795E-02  7.04982842E-04
2.88241400E-01  1.00931950E-01  7.13212241E-04
2.88488076E-01  9.80763212E-02  7.03777827E-04
2.88734752E-01  1.00083359E-01  7.04732141E-04
2.88981429E-01  9.90297645E-02  7.00647128E-04
2.89228105E-01  1.03515171E-01  7.19319039E-04
2.89474782E-01  9.53647196E-02  6.71427755E-04
2.89721458E-01  1.00612275E-01  7.33476656E-04
2.89968134E-01  1.00976340E-01  7.10353896E-04
2.90214811E-01  9.64103341E-02  6.80841389E-04
2.90461487E-01  1.02708034E-01  6.96089352E-04
2.90708164E-01  9.85809490E-02  7.14658236E-04
2.90954840E-01  9.89172608E-02  7.06856081E-04
2.91201517E-01  9.59273800E-02  6.92217203E-04
2.91448193E-01  9.91368741E-02  7.07319181E-04
2.91694869E-01  9.96252745E-02  7.07745086E-04
2.91941546E-01  9.48252231E-02  7.05994084E-04
2.92188222E-01  1.01169929E-01  7.11105647E-04
2.92434899E-01  9.35170949E-02  6.61196944E-04
2.92681575E-01  1.00220323E-01  6.98314048E-04
2.92928252E-01  9.68087167E-02  7.00655393E-04
2.93174928E-01  9.86761078E-02  7.09207146E-04
2.93421604E-01  9.91510674E-02  7.17671355E-04
2.93668281E-01  9.90562886E-02  7.04417645E-04
2.93914957E-01  9.86890122E-02  7.07438739E-04
2.94161634E-01  9.96645540E-02  7.05774000E-04
2.94408310E-01  1.00303434E-01  6.99619879E-04
2.94654987E-01  9.71470475E-02  6.94805349E-04
2.94901663E-01  9.54827517E-02  6.64713501E-04
2.95148339E-01  9.91904363E-02  7.02230202E-04
2.95395016E-01  9.63032544E-02  6.90389483E-04
2.95641692E-01  9.69272330E-02  7.08024425E-04
2.95888369E-01  9.79661942E-02  6.87046442E-04
2.96135045E-01  9.91933346E-02  6.99772267E-04
2.96381721E-01  9.54863951E-02  7.01709185E-04
2.96628398E-01  9.90533233E-02  6.97733369E-04
2.96875074E-01  9.78238881E-02  7.01643177E-04
2.97121751E-01  9.92995501E-02  6.96995761E-04
2.97368427E-01  9.84135419E-02  6.99318363E-04
2.97615104E-01  9.97725502E-02  7.21188553E-04
2.97861780E-01  9.71677005E-02  7.02718273E-04
2.98108456E-01  9.85510200E-02  7.05048267E-04
2.98355133E-01  9.58397612E-02  6.90881454E-04
2.98601809E-01  1.00180939E-01  7.18679745E-04
2.98848486E-01  9.81733501E-02  6.90783374E-04
2.99095162E-01  9.92670804E-02  7.03138416E-04
2.99341839E-01  9.97816548E-02  6.91915047E-04
2.99588515E-01  9.89738256E-02  6.89390756E-04
2.99835191E-01  9.96548906E-02  7.15350034E-04
3.00081868E-01  9.59548354E-02  6.89936976E-04
3.00328544E-01  1.02480672E-01  7.41702912E-04
3.00575221E-01  9.86947492E-02  7.05285813E-04
3.00821897E-01  9.96138304E-02  7.20983837E-04
3.01068574E-01  1.01258069E-01  7.09427870E-04
3.01315250E-01  9.96368080E-02  7.01103185E-04
3.01561926E-01  1.00815587E-01  7.16687762E-04
3.01808603E-01  9.86440852E-02  7.21918419E-04
3.02055279E-01  1.00143023E-01  7.13736285E-04
3.02301956E-01  9.71389040E-02  6.83041348E-04
3.02548632E-01  9.71955284E-02  7.04409089E-04
3.02795308E-01  9.87524614E-02  6.89517590E-04
3.03041985E-01  9.79082659E-02  7.01035606E-04
3.03288661E-01  1.03822820E-01  7.32543645E-04
3.03535338E-01  9.78437215E-02  7.31955457E-04
3.03782014E-01  9.95977595E-02  7.20657466E-04
3.04028691E-01  9.71144214E-02  6.90173067E-04
3.04275367E-01  9.94276032E-02  7.44196237E-04
3.04522043E-01  1.00963481E-01  7.74272543E-04
3.04768720E-01  1.01903975E-01  8.06266209E-04
3.05015396E-01  1.05357684E-01  8.67384719E-04
3.05262073E-01  1.11790583E-01  9.39518563E-04
3.05508749E-01  1.06812514E-01  1.04511878E-03
3.05755426E-01  1.10830858E-01  1.10812357E-03
3.06002102E-01  1.10775985E-01  1.12927542E-03
3.06248778E-01  1.08686037E-01  1.25393877E-03
3.06495455E-01  1.14151679E-01  1.17327506E-03
3.06742131E-01  1.12493224E-01  1.11403805E-03
3.06988808E-01  1.12776741E-01  1.08504435E-03
3.07235484E-01  1.11941546E-01  1.03110611E-03
3.07482160E-01  1.07301645E-01  9.27412475E-04
3.07728837E-01  1.04783006E-01  8.16129032E-04
3.07975513E-01  1.02091528E-01  7.61951029E-04
3.08222190E-01  1.04734868E-01  7.46327452E-04
3.08468866E-01  1.02285624E-01  7.45189318E-04
3.08715543E-01  9.52548459E-02  6.95249124E-04
3.08962219E-01  1.02534451E-01  7.05110026E-04
3.09208895E-01  9.78456587E-02  7.18579511E-04
3.09455572E-01  1.01046041E-01  7.33246445E-04
3.09702248E-01  9.88984630E-02  7.05502694E-04
3.09948925E-01  1.01950482E-01  7.09199929E-04
3.10195601E-01  1.00836821E-01  7.21305725E-04
3.10442278E-01  9.92603302E-02  7.22158467E-04
3.10688954E-01  1.00158229E-01  7.22505967E-04
3.10935630E-01  1.03285521E-01  7.22933386E-04
3.11182307E-01  1.00999676E-01  7.29495601E-04
3.11428983E-01  1.01307496E-01  7.08960462E-04
3.11675660E-01  1.03261530E-01  7.33667053E-04
3.11922336E-01  1.01657070E-01  7.38297007E-04
3.12169013E-01  1.00910082E-01  7.10144464E-04
3.12415689E-01  9.98094156E-02  7.32459303E-04
3.12662365E-01  1.01329304E-01  6.99588622E-04
3.12909042E-01  9.87656787E-02  7.06216146E-04
3.13155718E-01  1.00585781E-01  7.11549656E-04
3.13402395E-01  9.65088084E-02  6.97012758E-04
3.13649071E-01  9.86358896E-02  7.11719447E-04
3.13895747E-01  1.01996377E-01  7.11547153E-04
3.14142424E-01  1.02922171E-01  7.36820919E-04
3.14389100E-01  1.01706408E-01  7.23543752E-04
3.14635777E-01  1.02008872E-01  7.24136247E-04
3.14882453E-01  1.01280637E-01  7.29969295E-04
3.15129130E-01  9.99628454E-02  7.21227843E-04
3.15375806E-01  9.83150601E-02  7.21746241E-04
3.15622482E-01  1.03781007E-01  7.31766224E-04
3.15869159E-01  9.87488851E-02  7.32333167E-04
3.16115835E-01  1.01585865E-01  7.24690559E-04
3.16362512E-01  9.97875333E-02  7.24508427E-04
3.16609188E-01  9.74524692E-02  7.02067802E-04
3.16855865E-01  1.04320325E-01  7.28812534E-04
3.17102541E-01  1.00042485E-01  7.05256476E-04
3.17349217E-01  1.02171361E-01  7.09016342E-04
3.17595894E-01  9.93619859E-02  7.15929724E-04
3.17842570E-01  9.69269723E-02  7.00993231E-04
3.18089247E-01  1.02690168E-01  7.19248608E-04
3.18335923E-01  1.00373507E-01  7.16888171E-04
3.18582599E-01  9.94687155E-02  7.14896887E-04
3.18829276E-01  1.03786789E-01  7.25998951E-04
3.19075952E-01  1.03340685E-01  7.14095484E-04
3.19322629E-01  1.05002739E-01  7.13055255E-04
3.19569305E-01  9.89310518E-02  7.06218649E-04
3.19815982E-01  1.01773381E-01  7.28050363E-04
3.20062658E-01  1.02175109E-01  7.13763060E-04
3.20309334E-01  1.02731630E-01  7.29796127E-04
3.20556011E-01  1.01133414E-01  7.23140896E-04
3.20802687E-01  1.01433136E-01  7.28760730E-04
3.21049364E-01  1.06094703E-01  7.58459733E-04
3.21296040E-01  1.00298055E-01  7.11352681E-04
3.21542717E-01  1.04808010E-01  7.23218429E-04
3.21789393E-01  1.05870821E-01  7.20883021E-04
3.22036069E-01  1.03303812E-01  7.34727015E-04
3.22282746E-01  1.06877662E-01  7.39462266E-04
3.22529422E-01  1.01839535E-01  7.34335743E-04
3.22776099E-01  1.04810290E-01  7.47212151E-04
3.23022775E-01  1.02893472E-01  7.41960248E-04
3.23269452E-01  9.85928550E-02  7.16443348E-04
3.23516128E-01  1.00136496E-01  7.14520284E-04
3.23762804E-01  1.04339048E-01  7.47868617E-04
3.24009481E-01  1.00706346E-01  7.00239558E-04
3.24256157E-01  1.05659030E-01  7.50398554E-04
3.24502834E-01  1.04755215E-01  7.36618415E-04
3.24749510E-01  9.79457572E-02  7.07493920E-04
3.24996186E-01  1.05658963E-01  7.53885135E-04
3.25242863E-01  1.04465790E-01  7.48023565E-04
3.25489539E-01  1.02045789E-01  6.99944678E-04
3.25736216E-01  9.74740162E-02  6.99182565E-04
3.25982892E-01  1.06350116E-01  7.43188779E-04
3.26229569E-01  1.05455890E-01  7.46821286E-04
3.26476245E-01  1.01884231E-01  7.11663859E-04
3.26722921E-01  1.01431601E-01  7.23494741E-04
3.26969598E-01  1.01135917E-01  7.16614013E-04
3.27216274E-01  1.03277206E-01  7.44086457E-04
3.27462951E-01  1.01626493E-01  7.31881009E-04
3.27709627E-01  1.03582479E-01  7.41011812E-04
3.27956304E-01  1.04875736E-01  7.63499353E-04
3.28202980E-01  9.99050140E-02  7.03592028E-04
3.28449656E-01  1.04226016E-01  7.41795986E-04
3.28696333E-01  1.02681845E-01  7.38927687E-04
3.28943009E-01  1.05661042E-01  7.26792729E-04
3.29189686E-01  1.08128443E-01  7.65686505E-04
3.29436362E-01  1.01127930E-01  7.37908529E-04
3.29683039E-01  1.05447724E-01  7.61044736E-04
3.29929715E-01  1.07553661E-01  7.40384159E-04
3.30176391E-01  1.03175752E-01  7.35738431E-04
3.30423068E-01  1.06568173E-01  7.53201602E-04
3.30669744E-01  1.02997132E-01  7.23451376E-04
3.30916421E-01  1.02349043E-01  7.45524652E-04
3.31163097E-01  1.03331409E-01  7.42491102E-04
3.31409773E-01  1.04319498E-01  7.36010377E-04
3.31656450E-01  1.07323393E-01  7.34283763E-04
3.31903126E-01  1.05507500E-01  7.43143610E-04
3.32149803E-01  1.04509592E-01  7.46761158E-04
3.32396479E-01  1.03693947E-01  7.55758258E-04
3.32643156E-01  1.07196331E-01  7.70126702E-04
3.32889832E-01  1.04101352E-01  7.45486293E-04
3.33136508E-01  1.02927364E-01  7.25046732E-04
3.33383185E-01  1.02918290E-01  7.32507033E-04
3.33629861E-01  1.00292303E-01  7.09518034E-04
3.33876538E-01  1.07407041E-01  7.41935917E-04
3.34123214E-01  1.04003206E-01  7.25622289E-04
3.34369891E-01  1.03872672E-01  7.54688401E-04
3.34616567E-01  1.06039137E-01  7.56536319E-04
3.34863243E-01  1.07959256E-01  7.33154011E-04
3.35109920E-01  1.01418622E-01  7.26273633E-04
3.35356596E-01  1.03424154E-01  7.29252293E-04
3.35603273E-01  1.08347639E-01  7.64509488E-04
3.35849949E-01  1.07225932E-01  7.43996003E-04
3.36096625E-01  1.03640579E-01  7.19472358E-04
3.36343302E-01  1.02713108E-01  7.51603511E-04
3.36589978E-01  1.08109511E-01  7.64716824E-04
3.36836655E-01  1.07759409E-01  7.58649607E-04
3.37083331E-01  1.06789351E-01  7.46231759E-04
3.37330008E-01  1.04826555E-01  7.32127985E-04
3.37576684E-01  1.09902173E-01  7.87333411E-04
3.37823360E-01  1.03151314E-01  7.50855543E-04
3.38070037E-01  1.05148658E-01  7.38813484E-04
3.38316713E-01  1.08601682E-01  7.58900016E-04
3.38563390E-01  1.05156109E-01  7.44582387E-04
3.38810066E-01  1.09003998E-01  7.41752970E-04
3.39056743E-01  1.04536526E-01  7.45826168E-04
3.39303419E-01  1.02732264E-01  7.44710153E-04
3.39550095E-01  1.09387800E-01  7.51359912E-04
3.39796772E-01  1.08262792E-01  7.53840432E-04
3.40043448E-01  1.04196683E-01  7.28646526E-04
3.40290125E-01  1.09401576E-01  7.63090909E-04
3.40536801E-01  1.09060496E-01  7.68892816E-04
3.40783478E-01  1.09787725E-01  7.65084988E-04
3.41030154E-01  1.08073585E-01  7.60841416E-04
3.41276830E-01  1.04051724E-01  7.56514375E-04
3.41523507E-01  1.08367622E-01  7.54253939E-04
3.41770183E-01  1.07388191E-01  7.42172590E-04
3.42016860E-01  1.07625000E-01  7.74969463E-04
3.42263536E-01  1.08370140E-01  7.52370397E-04
3.42510212E-01  1.04936861E-01  7.59186514E-04
3.42756889E-01  1.04294367E-01  7.33989349E-04
3.43003565E-01  1.07785806E-01  7.49259954E-04
3.43250242E-01  1.05460241E-01  7.00462610E-04
3.43496918E-01  1.07237212E-01  7.73884822E-04
3.43743595E-01  1.07886799E-01  7.44466844E-04
3.43990271E-01  1.05787523E-01  7.58882088E-04
3.44236947E-01  1.05775848E-01  7.58276379E-04
3.44483624E-01  1.04927793E-01  7.37438910E-04
3.44730300E-01  1.09303236E-01  7.58064911E-04
3.44976977E-01  1.03034019E-01  7.41181604E-04
3.45223653E-01  1.09733224E-01  7.76309986E-04
3.45470330E-01  1.03342406E-01  7.33214896E-04
3.45717006E-01  1.02987409E-01  7.49757106E-04
3.45963682E-01  1.03260860E-01  7.17969553E-04
3.46210359E-01  1.06186718E-01  7.63432938E-04
3.46457035E-01  1.06016792E-01  7.44112069E-04
3.46703712E-01  1.06785782E-01  7.51988031E-04
3.46950388E-01  1.07561089E-01  7.38343224E-04
3.47197064E-01  1.06552482E-01  7.46092119E-04
3.47443741E-01  1.02645226E-01  7.21921038E-04
3.47690417E-01  1.08774535E-01  7.47581071E-04
3.47937094E-01  1.04546405E-01  7.41650176E-04
3.48183770E-01  1.01496935E-01  7.39376759E-04
3.48430447E-01  1.07395649E-01  7.36312242E-04
3.48677123E-01  1.06755033E-01  7.39095034E-04
3.48923799E-01  1.07673034E-01  7.33655237E-04
3.49170476E-01  1.04814678E-01  7.26540457E-04
3.49417152E-01  1.01758391E-01  7.35767477E-04
3.49663829E-01  1.04222916E-01  7.25638936E-04
3.49910505E-01  1.06472045E-01  7.51584128E-04
3.50157182E-01  1.08156830E-01  7.52877095E-04
3.50403858E-01  1.05128027E-01  7.32113025E-04
3.50650534E-01  1.05198257E-01  7.44939083E-04
3.50897211E-01  9.96626914E-02  7.20398093E-04
3.51143887E-01  1.05155595E-01  7.36173184E-04
3.51390564E-01  1.08020842E-01  7.58222013E-04
3.51637240E-01  1.03788681E-01  7.10262044E-04
3.51883917E-01  1.03337854E-01  7.25137128E-04
3.52130593E-01  1.04888745E-01  7.25338585E-04
3.52377269E-01  1.05979986E-01  7.56311289E-04
3.52623946E-01  1.04449257E-01  7.40541436E-04
3.52870622E-01  1.02673844E-01  7.18387659E-04
3.53117299E-01  1.06382363E-01  7.35753216E-04
3.53363975E-01  1.01310171E-01  7.35054957E-04
3.53610651E-01  1.06969811E-01  7.29863241E-04
3.53857328E-01  1.04311235E-01  7.33475259E-04
3.54104004E-01  1.06349468E-01  7.48227118E-04
3.54350681E-01  1.04625218E-01  7.48983934E-04
3.54597357E-01  1.06506832E-01  7.38843577E-04
3.54844034E-01  1.05382323E-01  7.32131710E-04
3.55090710E-01  1.01480410E-01  7.25313206E-04
3.55337386E-01  9.85950083E-02  7.10088643E-04
3.55584063E-01  1.04224384E-01  7.23525940E-04
3.55830739E-01  1.01186350E-01  7.32640619E-04
3.56077416E-01  1.01710975E-01  7.20372889E-04
3.56324092E-01  1.02255635E-01  7.17459305E-04
3.56570769E-01  1.01456352E-01  7.41537777E-04
3.56817445E-01  1.04693756E-01  7.05627201E-04
3.57064121E-01  1.04071349E-01  7.33259774E-04
3.57310798E-01  1.04531519E-01  7.22115801E-04
3.57557474E-01  1.00873806E-01  7.30090367E-04
3.57804151E-01  1.00142963E-01  7.23318255E-04
3.58050827E-01  1.04107454E-01  7.35628651E-04
3.58297503E-01  1.00303978E-01  7.30460742E-04
3.58544180E-01  9.93754789E-02  7.27679988E-04
3.58790856E-01  1.04560666E-01  7.38616858E-04
3.59037533E-01  1.01543665E-01  7.26177939E-04
3.59284209E-01  1.01872802E-01  7.14895898E-04
3.59530886E-01  1.03794694E-01  7.40027055E-04
3.59777562E-01  9.74589363E-02  7.11199886E-04
3.60024238E-01  1.03847250E-01  7.35354901E-04
3.60270915E-01  1.03848815E-01  7.43806537E-04
3.60517591E-01  1.00558467E-01  7.12846871E-04
3.60764268E-01  1.01829581E-01  7.29758292E-04
3.61010944E-01  1.02209449E-01  7.34457164E-04
3.61257621E-01  1.01299539E-01  7.16394454E-04
3.61504297E-01  9.85970646E-02  7.15577626E-04
3.61750973E-01  1.01780482E-01  7.19823991E-04
3.61997650E-01  1.01361029E-01  7.40594754E-04
3.62244326E-01  9.71344486E-02  7.00406497E-04
3.62491003E-01  9.87563580E-02  7.35725916E-04
3.62737679E-01  1.02777950E-01  7.14184833E-04
3.62984356E-01  1.02279291E-01  7.25420890E-04
3.63231032E-01  9.83696207E-02  7.19097734E-04
3.63477708E-01  9.64327529E-02  7.14709284E-04
3.63724385E-01  1.00432478E-01  7.20361073E-04
3.63971061E-01  9.78089198E-02  7.24545040E-04
3.64217738E-01  9.84995365E-02  7.11603963E-04
3.64464414E-01  9.80159938E-02  7.12883193E-04
3.64711090E-01  1.00709818E-01  7.04257283E-04
3.64957767E-01  9.91448686E-02  7.26157916E-04
3.65204443E-01  1.02074437E-01  7.24096608E-04
3.65451120E-01  9.76802334E-02  7.27591047E-04
3.65697796E-01  9.49813798E-02  7.04816193E-04
3.65944473E-01  9.76563916E-02  7.21209624E-04
3.66191149E-01  1.01562597E-01  7.22797646E-04
3.66437825E-01  1.00245811E-01  7.14488910E-04
3.66684502E-01  1.00259200E-01  7.30311673E-04
3.66931178E-01  1.01663753E-01  7.01445912E-04
3.67177855E-01  1.00482725E-01  7.03509897E-04
3.67424531E-01  9.69443768E-02  6.89019740E-04
3.67671208E-01  1.01443820E-01  7.30896601E-04
3.67917884E-01  9.82198566E-02  7.12468114E-04
3.68164560E-01  9.67234150E-02  6.95270195E-04
3.68411237E-01  9.98759866E-02  7.03144004E-04
3.68657913E-01  9.82017294E-02  7.10082008E-04
3.68904590E-01  9.75648910E-02  7.13211426E-04
3.69151266E-01  9.95996743E-02  7.33869034E-04
3.69397943E-01  1.01636566E-01  7.11158034E-04
3.69644619E-01  9.76254568E-02  7.08036066E-04
3.69891295E-01  1.02914326E-01  7.27441162E-04
3.70137972E-01  9.76463258E-02  7.15977571E-04
3.70384648E-01  9.77459252E-02  6.98365853E-04
3.70631325E-01  1.04860067E-01  7.27510487E-04
3.70878001E-01  9.84459147E-02  7.00491888E-04
3.71124677E-01  1.00690894E-01  7.17911054E-04
3.71371354E-01  9.96245891E-02  7.09258835E-04
3.71618030E-01  9.62428302E-02  7.00912962E-04
3.71864707E-01  9.80241373E-02  7.20274169E-04
3.72111383E-01  9.60529447E-02  7.01185607E-04
3.72358060E-01  9.38538909E-02  6.91390247E-04
3.72604736E-01  9.90953967E-02  7.40395102E-04
3.72851412E-01  9.78866890E-02  7.01067795E-04
3.73098089E-01  9.83566418E-02  7.29538559E-04
3.73344765E-01  1.00889325E-01  7.37265742E-04
3.73591442E-01  9.51994658E-02  7.01906567E-04
3.73838118E-01  1.00393668E-01  7.30465516E-04
3.74084795E-01  9.89652053E-02  7.25655002E-04
3.74331471E-01  1.00244835E-01  6.90731977E-04
3.74578147E-01  9.62828547E-02  7.09863962E-04
3.74824824E-01  1.01108201E-01  7.43798853E-04
3.75071500E-01  9.85552520E-02  7.19050760E-04
3.75318177E-01  1.01779319E-01  7.17571471E-04
3.75564853E-01  9.67272148E-02  7.02424615E-04
3.75811529E-01  9.74792242E-02  7.12180336E-04
3.76058206E-01  9.47077200E-02  7.10712979E-04
3.76304882E-01  9.84430760E-02  7.18097202E-04
3.76551559E-01  1.00555748E-01  7.14109803E-04
3.76798235E-01  9.85963345E-02  6.96562580E-04
3.77044912E-01  9.81188491E-02  7.18697091E-04
3.77291588E-01  1.00350261E-01  7.21326855E-04
3.77538264E-01  9.91035625E-02  7.05590646E-04
3.77784941E-01  9.95285958E-02  7.35913112E-04
3.78031617E-01  9.56476554E-02  6.86373794E-04
3.78278294E-01  9.93414894E-02  7.24441314E-04
3.78524970E-01  9.80833471E-02  7.05244078E-04
3.78771647E-01  9.95190963E-02  6.90118119E-04
3.79018323E-01  9.96222943E-02  7.21592107E-04
3.79264999E-01  9.95644107E-02  7.22242228E-04
3.79511676E-01  1.03360295E-01  7.19774107E-04
3.79758352E-01  1.02299459E-01  7.20340235E-04
3.80005029E-01  9.79978889E-02  6.81928650E-04
3.80251705E-01  1.00687623E-01  7.16429844E-04
3.80498382E-01  1.00733750E-01  7.14255963E-04
3.80745058E-01  9.86977592E-02  7.21018121E-04
3.80991734E-01  1.00290976E-01  7.27166072E-04
3.81238411E-01  9.56210047E-02  7.19136558E-04
3.81485087E-01  1.02122568E-01  7.78959016E-04
3.81731764E-01  9.70574394E-02  7.38701376E-04
3.81978440E-01  1.01805940E-01  7.85744400E-04
3.82225116E-01  1.02552861E-01  7.62074080E-04
3.82471793E-01  1.01922184E-01  7.74849672E-04
3.82718469E-01  9.61725935E-02  7.46330363E-04
3.82965146E-01  9.92127359E-02  7.76347937E-04
3.83211822E-01  9.61957723E-02  7.90639897E-04
3.83458499E-01  9.62070972E-02  7.87048892E-04
3.83705175E-01  9.97973159E-02  7.81251583E-04
3.83951851E-01  9.53407288E-02  7.56797031E-04
3.84198528E-01  9.79877338E-02  7.89808051E-04
3.84445204E-01  1.00348324E-01  8.01190326E-04
3.84691881E-01  9.81743410E-02  8.00058304E-04
3.84938557E-01  9.70383361E-02  7.72841042E-04
3.85185234E-01  9.59432274E-02  7.71288760E-04
3.85431910E-01  9.82291698E-02  7.96438195E-04
3.85678586E-01  9.88673344E-02  8.01138871E-04
3.85925263E-01  9.88125354E-02  8.01919727E-04
3.86171939E-01  1.02617867E-01  8.13824474E-04
3.86418616E-01  9.92643386E-02  8.30993173E-04
3.86665292E-01  1.00076281E-01  8.27224634E-04
3.86911968E-01  9.97052044E-02  8.36267427E-04
3.87158645E-01  1.01560548E-01  8.26836098E-04
3.87405321E-01  9.99237150E-02  8.18646280E-04
3.87651998E-01  1.00597017E-01  8.27217940E-04
3.87898674E-01  1.01515375E-01  8.15817562E-04
3.88145351E-01  9.79339182E-02  8.32258549E-04
3.88392027E-01  9.92852226E-02  8.39479617E-04
3.88638703E-01  9.47312266E-02  8.13501363E-04
3.88885380E-01  9.40549895E-02  8.15279433E-04
3.89132056E-01  9.66546610E-02  8.22158647E-04
3.89378733E-01  1.03263937E-01  8.64088826E-04
3.89625409E-01  9.61599424E-02  8.31382524E-04
3.89872086E-01  9.82681289E-02  8.40312976E-04
3.90118762E-01  1.02968186E-01  8.75244034E-04
3.90365438E-01  9.89550874E-02  8.41358444E-04
3.90612115E-01  9.83067006E-02  8.26655130E-04
3.90858791E-01  9.63755175E-02  7.95877655E-04
3.91105468E-01  9.71587375E-02  8.05202930E-04
3.91352144E-01  9.98658761E-02  8.13566439E-04
3.91598821E-01  1.00158349E-01  7.98800786E-04
3.91845497E-01  9.50652361E-02  7.77766691E-04
3.92092173E-01  1.04258373E-01  7.99482339E-04
3.92338850E-01  9.77104083E-02  7.78383052E-04
3.92585526E-01  1.02938771E-01  8.11872073E-04
3.92832203E-01  1.00946069E-01  7.96375563E-04
3.93078879E-01  9.94956344E-02  7.86173274E-04
3.93325555E-01  9.91050526E-02  7.79309892E-04
3.93572232E-01  1.04914486E-01  8.04990821E-04
3.93818908E-01  9.93378162E-02  7.86940509E-04
3.94065585E-01  9.87651423E-02  7.86413730E-04
3.94312261E-01  1.01104386E-01  7.82568182E-04
3.94558938E-01  1.00019269E-01  7.91251136E-04
3.94805614E-01  9.94351506E-02  7.95747153E-04
3.95052290E-01  1.01661474E-01  7.69377686E-04
3.95298967E-01  1.00970984E-01  7.78560876E-04
3.95545643E-01  1.00623876E-01  8.06468190E-04
3.95792320E-01  9.90539938E-02  7.65237666E-04
3.96038996E-01  9.72662345E-02  7.67541234E-04
3.96285673E-01  9.97543037E-02  7.51048676E-04
3.96532349E-01  9.84826386E-02  7.70750630E-04
3.96779025E-01  1.01500422E-01  7.70563551E-04
3.97025702E-01  9.78948250E-02  7.64220022E-04
3.97272378E-01  9.67878476E-02  7.60771451E-04
3.97519055E-01  9.44342762E-02  7.49921310E-04
3.97765731E-01  9.98553857E-02  7.79114955E-04
3.98012407E-01  9.90519151E-02  7.52391759E-04
3.98259084E-01  9.53522697E-02  7.48914666E-04
3.98505760E-01  9.56320390E-02  7.64855184E-04
3.98752437E-01  9.90910456E-02  7.83613941E-04
3.98999113E-01  1.02242492E-01  7.87636905E-04
3.99245790E-01  9.66206044E-02  7.72495172E-04
3.99492466E-01  9.79018435E-02  7.83502124E-04
3.99739142E-01  9.54384655E-02  7.49073864E-04
3.99985819E-01  1.01207219E-01  7.83680531E-04
4.00232495E-01  9.74665061E-02  7.73859734E-04
4.00479172E-01  9.76221710E-02  7.74571439E-04
4.00725848E-01  9.83429179E-02  7.60601659E-04
4.00972525E-01  1.00759782E-01  7.84316333E-04
4.01219201E-01  9.68880206E-02  7.55227287E-04
4.01465877E-01  9.66215506E-02  7.51395943E-04
4.01712554E-01  9.69264358E-02  7.57224683E-04
4.01959230E-01  9.91780385E-02  7.65392149E-04
4.02205907E-01  1.03861913E-01  7.81461364E-04
4.02452583E-01  1.00519396E-01  7.81506416E-04
4.02699260E-01  9.98940915E-02  7.64193537E-04
4.02945936E-01  9.96297672E-02  7.70723738E-04
4.03192612E-01  9.93615240E-02  7.67000194E-04
4.03439289E-01  1.03189841E-01  7.75137509E-04
4.03685965E-01  1.04769893E-01  7.62066746E-04
4.03932642E-01  1.00443929E-01  7.81262061E-04
4.04179318E-01  1.00137033E-01  7.90722668E-04
4.04425994E-01  9.59938765E-02  7.31332926E-04
4.04672671E-01  9.68279690E-02  7.13241403E-04
4.04919347E-01  9.95673090E-02  7.54477456E-04
4.05166024E-01  9.99186486E-02  7.72744243E-04
4.05412700E-01  1.02912590E-01  7.63883407E-04
4.05659377E-01  9.64372680E-02  7.49440806E-04
4.05906053E-01  1.01030573E-01  7.91319471E-04
4.06152729E-01  9.97967869E-02  7.52980239E-04
4.06399406E-01  9.99857560E-02  7.46763952E-04
4.06646082E-01  1.02903172E-01  7.74265965E-04
4.06892759E-01  9.96289328E-02  7.80708331E-04
4.07139435E-01  9.92084518E-02  7.56704540E-04
4.07386112E-01  1.01801857E-01  7.93250918E-04
4.07632788E-01  9.49426964E-02  7.28633313E-04
4.07879464E-01  1.02386050E-01  7.75430817E-04
4.08126141E-01  9.71002281E-02  7.60343682E-04
4.08372817E-01  9.77832004E-02  7.55810353E-04
4.08619494E-01  1.00976564E-01  7.94277817E-04
4.08866170E-01  1.02386743E-01  7.71736261E-04
4.09112847E-01  9.92179215E-02  7.56667985E-04
4.09359523E-01  9.94304419E-02  7.59709044E-04
4.09606199E-01  1.00026116E-01  7.59886985E-04
4.09852876E-01  9.88770500E-02  7.60496710E-04
4.10099552E-01  1.00037798E-01  7.46875710E-04
4.10346229E-01  1.04323961E-01  7.85618904E-04
4.10592905E-01  1.01557881E-01  7.55506568E-04
4.10839581E-01  1.01296298E-01  7.73839420E-04
4.11086258E-01  9.74569917E-02  7.48351857E-04
4.11332934E-01  9.95369405E-02  7.71007559E-04
4.11579611E-01  1.02335945E-01  7.51997053E-04
4.11826287E-01  1.04017511E-01  7.92450039E-04
4.12072964E-01  1.01488307E-01  7.77898880E-04
4.12319640E-01  1.01485692E-01  7.69238337E-04
4.12566316E-01  1.00921065E-01  7.52300897E-04
4.12812993E-01  9.99922082E-02  7.35095644E-04
4.13059669E-01  9.90579352E-02  7.73784122E-04
4.13306346E-01  9.74389240E-02  7.56913971E-04
4.13553022E-01  1.01657934E-01  7.71065883E-04
4.13799699E-01  1.01185046E-01  7.68880011E-04
4.14046375E-01  9.96506140E-02  7.46374659E-04
4.14293051E-01  1.01474889E-01  7.64046912E-04
4.14539728E-01  9.84395146E-02  7.65503675E-04
4.14786404E-01  9.91131663E-02  7.69799284E-04
4.15033081E-01  1.00589573E-01  7.57029920E-04
4.15279757E-01  9.34725851E-02  7.50043197E-04
4.15526433E-01  1.01910390E-01  7.79091206E-04
4.15773110E-01  9.85853821E-02  7.34711532E-04
4.16019786E-01  1.03095643E-01  7.69753940E-04
4.16266463E-01  1.03391424E-01  7.84761272E-04
4.16513139E-01  9.88664329E-02  7.68766215E-04
4.16759816E-01  9.88281220E-02  7.60249619E-04
4.17006492E-01  1.01266183E-01  7.59042043E-04
4.17253168E-01  1.04689859E-01  7.83718366E-04
4.17499845E-01  1.00161880E-01  7.50504783E-04
4.17746521E-01  9.83161181E-02  7.52667955E-04
4.17993198E-01  9.94557366E-02  7.45999452E-04
4.18239874E-01  9.91798490E-02  7.63688877E-04
4.18486551E-01  1.05016306E-01  7.74247921E-04
4.18733227E-01  1.00031823E-01  7.56660011E-04
4.18979903E-01  9.68986079E-02  7.52720400E-04
4.19226580E-01  1.01322196E-01  7.75091525E-04
4.19473256E-01  1.00057900E-01  7.70912040E-04
4.19719933E-01  9.99569297E-02  7.72122468E-04
4.19966609E-01  1.01233982E-01  7.55199580E-04
4.20213286E-01  9.91215408E-02  7.67826918E-04
4.20459962E-01  1.00449421E-01  7.66843790E-04
4.20706638E-01  9.92772430E-02  7.47793471E-04
4.20953315E-01  1.01569951E-01  7.73546752E-04
4.21199991E-01  1.02536894E-01  7.66921032E-04
4.21446668E-01  1.01520561E-01  7.57514616E-04
4.21693344E-01  1.01747960E-01  7.83731346E-04
4.21940020E-01  9.83949751E-02  7.50817067E-04
4.22186697E-01  1.02565691E-01  7.41060008E-04
4.22433373E-01  1.03026658E-01  7.73600943E-04
4.22680050E-01  9.92387682E-02  7.53996777E-04
4.22926726E-01  1.02961324E-01  7.46347825E-04
4.23173403E-01  9.87461135E-02  7.52122083E-04
4.23420079E-01  1.02329053E-01  7.71860534E-04
4.23666755E-01  9.84564200E-02  7.33446272E-04
4.23913432E-01  1.00094035E-01  7.74010608E-04
4.24160108E-01  1.02028459E-01  7.76193105E-04
4.24406785E-01  1.03124835E-01  7.63502321E-04
4.24653461E-01  1.01361625E-01  7.81027949E-04
4.24900138E-01  1.02910660E-01  7.72890402E-04
4.25146814E-01  1.02512404E-01  7.67295598E-04
4.25393490E-01  1.03826217E-01  7.79715367E-04
4.25640167E-01  1.02083303E-01  7.76546658E-04
4.25886843E-01  1.02525644E-01  7.60046125E-04
4.26133520E-01  1.01915471E-01  7.56046851E-04
4.26380196E-01  1.03474133E-01  8.14347877E-04
4.26626872E-01  9.98825654E-02  7.59159739E-04
4.26873549E-01  1.00141965E-01  7.57071539E-04
4.27120225E-01  1.02158539E-01  7.54867913E-04
4.27366902E-01  1.00221165E-01  7.62993353E-04
4.27613578E-01  9.57353264E-02  7.43729295E-04
4.27860255E-01  1.05351508E-01  8.00566457E-04
4.28106931E-01  9.75409150E-02  7.27308099E-04
4.28353607E-01  1.06465764E-01  7.90983555E-04
4.28600284E-01  1.02111347E-01  7.57143949E-04
4.28846960E-01  1.03131868E-01  7.53702130E-04
4.29093637E-01  1.02004476E-01  7.74643151E-04
4.29340313E-01  9.95939896E-02  7.45053519E-04
4.29586990E-01  1.01406030E-01  7.58575974E-04
4.29833666E-01  1.02378473E-01  7.67358171E-04
4.30080342E-01  1.03403501E-01  7.87970319E-04
4.30327019E-01  1.00846358E-01  7.64680211E-04
4.30573695E-01  1.02265768E-01  7.63941556E-04
4.30820372E-01  9.92843956E-02  7.54072971E-04
4.31067048E-01  1.02522381E-01  7.80906004E-04
4.31313725E-01  1.01058349E-01  7.80262344E-04
4.31560401E-01  1.02522708E-01  7.44989142E-04
4.31807077E-01  9.82680693E-02  7.57055241E-04
4.32053754E-01  1.04647264E-01  7.80407281E-04
4.32300430E-01  1.03508562E-01  7.67151127E-04
4.32547107E-01  1.05529793E-01  7.71742198E-04
4.32793783E-01  9.96650159E-02  7.64167460E-04
4.33040459E-01  1.05480298E-01  7.90443213E-04
4.33287136E-01  9.97067913E-02  7.47250102E-04
4.33533812E-01  1.01148441E-01  7.73212407E-04
4.33780489E-01  1.01906165E-01  7.39131938E-04
4.34027165E-01  1.00551546E-01  7.43581157E-04
4.34273842E-01  1.03288107E-01  7.62928394E-04
4.34520518E-01  1.07293352E-01  7.85342418E-04
4.34767194E-01  1.02529787E-01  7.53998407E-04
4.35013871E-01  1.03102691E-01  7.57949892E-04
4.35260547E-01  1.03957310E-01  7.66340178E-04
4.35507224E-01  1.01153836E-01  7.63978867E-04
4.35753900E-01  1.01787433E-01  7.88672827E-04
4.36000577E-01  1.05210103E-01  7.63802440E-04
4.36247253E-01  1.05264291E-01  7.64993718E-04
4.36493929E-01  1.01887226E-01  7.63868506E-04
4.36740606E-01  9.89779830E-02  7.55867921E-04
4.36987282E-01  1.00501150E-01  7.54873443E-04
4.37233959E-01  1.02972306E-01  7.38493458E-04
4.37480635E-01  1.01144642E-01  7.59746064E-04
4.37727311E-01  1.00381501E-01  7.45642639E-04
4.37973988E-01  1.05700381E-01  7.86766119E-04
4.38220664E-01  9.97043476E-02  7.54028501E-04
4.38467341E-01  1.04097746E-01  7.82431976E-04
4.38714017E-01  1.03878871E-01  7.65424513E-04
4.38960694E-01  1.03021257E-01  7.45586760E-04
4.39207370E-01  1.02314487E-01  7.61039264E-04
4.39454046E-01  9.91353616E-02  7.73041393E-04
4.39700723E-01  1.02225810E-01  7.81900657E-04
4.39947399E-01  1.05731055E-01  7.99232919E-04
4.40194076E-01  1.06759481E-01  7.73187436E-04
4.40440752E-01  9.95858982E-02  7.59673363E-04
4.40687429E-01  1.02370471E-01  7.42721604E-04
4.40934105E-01  1.04755938E-01  7.60699564E-04
4.41180781E-01  1.03813872E-01  7.73242966E-04
4.41427458E-01  1.03942417E-01  7.96570908E-04
4.41674134E-01  1.03186250E-01  7.70537066E-04
4.41920811E-01  1.01686358E-01  7.68175873E-04
4.42167487E-01  1.08448923E-01  7.71663385E-04
4.42414164E-01  1.01371206E-01  7.55875197E-04
4.42660840E-01  1.06984466E-01  7.98972207E-04
4.42907516E-01  1.01690032E-01  7.49209314E-04
4.43154193E-01  1.00856833E-01  7.36971560E-04
4.43400869E-01  1.07919551E-01  7.77850859E-04
4.43647546E-01  1.01056144E-01  7.67560850E-04
4.43894222E-01  9.89495814E-02  7.32777989E-04
4.44140898E-01  1.05674773E-01  7.63635675E-04
4.44387575E-01  1.05453163E-01  7.74002110E-04
4.44634251E-01  1.03168629E-01  7.75230466E-04
4.44880928E-01  1.00157015E-01  7.53548287E-04
4.45127604E-01  1.00174844E-01  7.36025744E-04
4.45374281E-01  1.01795733E-01  7.60130875E-04
4.45620957E-01  1.01401500E-01  7.65552919E-04
4.45867633E-01  1.02929927E-01  7.88509846E-04
4.46114310E-01  1.00880623E-01  7.55299174E-04
4.46360986E-01  1.04243509E-01  7.62888056E-04
4.46607663E-01  1.05157256E-01  7.70211976E-04
4.46854339E-01  1.05778769E-01  7.86926830E-04
4.47101016E-01  1.03831828E-01  7.65630743E-04
4.47347692E-01  1.04245536E-01  7.77856796E-04
4.47594368E-01  1.05345033E-01  7.62058771E-04
4.47841045E-01  1.04694918E-01  8.06717610E-04
4.48087721E-01  1.04421727E-01  7.75313994E-04
4.48334398E-01  1.05406120E-01  7.87498779E-04
4.48581074E-01  1.05787449E-01  7.80871778E-04
4.48827751E-01  1.06498338E-01  7.84297008E-04
4.49074427E-01  1.02077000E-01  7.89957820E-04
4.49321103E-01  1.03101008E-01  7.70165469E-04
4.49567780E-01  1.08424224E-01  7.72885105E-04
4.49814456E-01  1.07417420E-01  7.75742810E-04
4.50061133E-01  1.05028950E-01  7.63552205E-04
4.50307809E-01  1.05012044E-01  7.80230330E-04
4.50554485E-01  1.05362952E-01  7.54668785E-04
4.50801162E-01  1.02930821E-01  7.50056934E-04
4.51047838E-01  1.00086682E-01  7.45283964E-04
4.51294515E-01  1.05856307E-01  7.75039196E-04
4.51541191E-01  1.01099424E-01  7.56443304E-04
4.51787868E-01  1.02047779E-01  7.68828206E-04
4.52034544E-01  1.04690120E-01  8.00101669E-04
4.52281220E-01  1.08438417E-01  7.73205713E-04
4.52527897E-01  1.00507043E-01  7.51823478E-04
4.52774573E-01  1.05731778E-01  7.69355858E-04
4.53021250E-01  1.00419983E-01  7.58276321E-04
4.53267926E-01  1.05646320E-01  7.37643393E-04
4.53514603E-01  1.04175627E-01  7.44437915E-04
4.53761279E-01  1.07455589E-01  7.63221062E-04
4.54007955E-01  1.07293405E-01  7.91710510E-04
4.54254632E-01  1.09337695E-01  7.73767708E-04
4.54501308E-01  1.07680432E-01  7.82898220E-04
4.54747985E-01  1.06241159E-01  7.65718229E-04
4.54994661E-01  1.07308760E-01  7.69369071E-04
4.55241337E-01  1.02012761E-01  7.39503128E-04
4.55488014E-01  1.06187642E-01  7.63802731E-04
4.55734690E-01  1.04107149E-01  7.64316239E-04
4.55981367E-01  1.07935354E-01  7.87307508E-04
4.56228043E-01  1.02454044E-01  7.61438510E-04
4.56474720E-01  1.08259104E-01  7.72048777E-04
4.56721396E-01  1.08101793E-01  7.69099919E-04
4.56968072E-01  1.09653287E-01  7.83403753E-04
4.57214749E-01  1.09965362E-01  7.85619195E-04
4.57461425E-01  1.01964734E-01  7.69714301E-04
4.57708102E-01  1.07133746E-01  7.77636247E-04
4.57954778E-01  1.05624385E-01  7.60868948E-04
4.58201455E-01  1.07122205E-01  7.97663815E-04


### HEADER:
#
#{
#    "analysis": {},
#    "calibration_params": {
#        "Beam_Center_X": 1092.0,
#        "Beam_Center_Y": 2091.0,
#        "Detector Tilt": 0.0,
#        "Detector Tilt Plane Rotation": 0.0,
#        "Detector_X_Pixel_Size": 75.0,
#        "Detector_Y_Pixel_Size": 75.0,
#        "Integration Method": "nosplit_csr",
#        "Radial_Average_Method": "pyFAI",
#        "Sample-to-detector distance (mm)": 1731.0,
#        "Wavelength (A)": 1.0993212460550197
#    },
#    "config_file": "/mnt/home/chess_id7a/.RAW/backup.cfg",
#    "counters": {
#        "Epoch": "27.154",
#        "I1": "0",
#        "I2": "0",
#        "I3": "0",
#        "Seconds": "0.5",
#        "Time": "2.00272e-05",
#        "date": "Sat May 18 10:47:44 2024",
#        "diode": "15470"
#    },
#    "filename": "D1M0014_85C_050MPa_dn_2_data_000001_00001.h5",
#    "history": {},
#    "imageHeader": {},
#    "load_path": "/nfs/chess/daq/current/id7a/Budin_05_16_24/D1M0014/D1M0014_85C_050MPa_dn_2_data_000001.h5",
#    "normalizations": {
#        "Absolute_scale": {
#            "Absolute_scale_factor": 0.01111656324368444,
#            "Method": "Water"
#        },
#        "Counter_norms": [
#            [
#                "/",
#                "diode/150000"
#            ]
#        ],
#        "Polarization": {
#            "Used": false
#        },
#        "Solid_Angle_Correction": "On"
#    },
#    "raw_version": "2.1.4"
#}

