### DATA:
#
# 1823
#      Q             I(Q)           Error     
8.75701299E-03  3.17692850E-03  8.77236656E-04
9.00368942E-03  5.29488176E-03  1.46712945E-03
9.25036584E-03  1.07328705E-02  1.25799479E-03
9.49704226E-03  1.78702343E-02  1.67640450E-03
9.74371868E-03  1.80507451E-02  1.74207776E-03
9.99039511E-03  1.42961927E-02  1.37104990E-03
1.02370715E-02  1.29965423E-02  1.25615613E-03
1.04837480E-02  1.43222399E-02  1.10181514E-03
1.07304244E-02  3.12485322E-02  2.02838564E-03
1.09771008E-02  3.84706967E-02  2.42265989E-03
1.12237772E-02  6.08085319E-02  3.65947466E-03
1.14704536E-02  4.58211973E-02  2.73804553E-03
1.17171301E-02  6.72892928E-02  4.20915335E-03
1.19638065E-02  1.18619442E-01  7.29193725E-03
1.22104829E-02  1.96276397E-01  1.19839981E-02
1.24571593E-02  1.50371923E+01  1.27555430E+00
1.27038358E-02  2.97441082E+01  2.33563852E+00
1.29505122E-02  3.76663818E+01  2.52178860E+00
1.31971886E-02  2.99574795E+01  1.92314267E+00
1.34438650E-02  2.81151485E+01  1.73729801E+00
1.36905414E-02  2.46189384E+01  1.44333994E+00
1.39372179E-02  1.92722874E+01  1.08552790E+00
1.41838943E-02  1.81574726E+01  9.71497774E-01
1.44305707E-02  1.46857185E+01  7.53754199E-01
1.46772471E-02  1.32014542E+01  6.38471663E-01
1.49239236E-02  1.19738140E+01  5.55324256E-01
1.51706000E-02  9.72757912E+00  4.47309375E-01
1.54172764E-02  9.72470379E+00  4.32737410E-01
1.56639528E-02  8.23654461E+00  3.52725059E-01
1.59106292E-02  7.94427633E+00  3.33342612E-01
1.61573057E-02  7.65854549E+00  3.10102612E-01
1.64039821E-02  6.46614218E+00  2.63405859E-01
1.66506585E-02  6.56041765E+00  2.54288554E-01
1.68973349E-02  5.40740299E+00  1.96767628E-01
1.71440114E-02  5.53005362E+00  1.90080091E-01
1.73906878E-02  4.87979031E+00  1.57702163E-01
1.76373642E-02  4.71543598E+00  1.54249698E-01
1.78840406E-02  4.36318302E+00  1.33870304E-01
1.81307170E-02  3.88507771E+00  1.14169061E-01
1.83773935E-02  3.87912226E+00  1.15262732E-01
1.86240699E-02  3.51922345E+00  1.00776240E-01
1.88707463E-02  3.34200644E+00  9.23110396E-02
1.91174227E-02  3.10792851E+00  8.72575715E-02
1.93640992E-02  2.74205208E+00  7.12411702E-02
1.96107756E-02  2.59216738E+00  6.87936917E-02
1.98574520E-02  2.47880125E+00  5.98297752E-02
2.01041284E-02  2.28443885E+00  5.49823940E-02
2.03508048E-02  2.05495620E+00  4.80549857E-02
2.05974813E-02  1.89879918E+00  3.94400470E-02
2.08441577E-02  1.82784200E+00  3.71429548E-02
2.10908341E-02  1.74963760E+00  3.47283743E-02
2.13375105E-02  1.65876460E+00  3.22121382E-02
2.15841870E-02  1.57504666E+00  2.85714939E-02
2.18308634E-02  1.50845778E+00  2.59030685E-02
2.20775398E-02  1.48972619E+00  2.48486418E-02
2.23242162E-02  1.38911152E+00  2.12713629E-02
2.25708926E-02  1.38758051E+00  2.16773972E-02
2.28175691E-02  1.27220547E+00  1.78643633E-02
2.30642455E-02  1.27582812E+00  1.65418182E-02
2.33109219E-02  1.21440697E+00  1.60283651E-02
2.35575983E-02  1.19939196E+00  1.49487946E-02
2.38042748E-02  1.16996264E+00  1.45168090E-02
2.40509512E-02  1.11403465E+00  1.34659987E-02
2.42976276E-02  1.05722129E+00  1.20264115E-02
2.45443040E-02  1.06035757E+00  1.11509543E-02
2.47909804E-02  9.66960132E-01  9.55934543E-03
2.50376569E-02  1.01381505E+00  9.13937949E-03
2.52843333E-02  9.42581892E-01  8.16374365E-03
2.55310097E-02  9.43201303E-01  7.65821524E-03
2.57776861E-02  9.53908563E-01  7.73228193E-03
2.60243626E-02  9.05836999E-01  7.19722407E-03
2.62710390E-02  8.95720482E-01  7.14544393E-03
2.65177154E-02  8.62907767E-01  6.43180450E-03
2.67643918E-02  8.41154337E-01  6.56975806E-03
2.70110682E-02  8.41799378E-01  6.33822940E-03
2.72577447E-02  8.25695693E-01  5.78878587E-03
2.75044211E-02  7.88463473E-01  5.62415319E-03
2.77510975E-02  7.94949532E-01  5.44754835E-03
2.79977739E-02  7.93383181E-01  5.41248871E-03
2.82444504E-02  7.60889113E-01  5.21993078E-03
2.84911268E-02  7.66772211E-01  4.97115357E-03
2.87378032E-02  7.45816410E-01  4.65789111E-03
2.89844796E-02  7.16283917E-01  4.29276936E-03
2.92311561E-02  7.12401271E-01  4.35286295E-03
2.94778325E-02  7.31047630E-01  4.05592844E-03
2.97245089E-02  7.11710930E-01  3.85307940E-03
2.99711853E-02  6.95978105E-01  4.06051148E-03
3.02178617E-02  6.85895622E-01  3.58926691E-03
3.04645382E-02  6.93292022E-01  3.81909544E-03
3.07112146E-02  6.66368484E-01  3.64822475E-03
3.09578910E-02  6.50620699E-01  3.41086369E-03
3.12045674E-02  6.40271604E-01  3.23475944E-03
3.14512439E-02  6.44825816E-01  3.32771731E-03
3.16979203E-02  6.31572008E-01  3.16091953E-03
3.19445967E-02  6.21643960E-01  3.30502260E-03
3.21912731E-02  6.28831327E-01  3.08802375E-03
3.24379495E-02  6.03526413E-01  3.13640898E-03
3.26846260E-02  5.93339860E-01  2.89730076E-03
3.29313024E-02  5.89438558E-01  2.95718247E-03
3.31779788E-02  6.02151275E-01  2.96602678E-03
3.34246552E-02  5.98822892E-01  2.94584269E-03
3.36713317E-02  5.77727377E-01  2.77783466E-03
3.39180081E-02  5.99599600E-01  2.72757211E-03
3.41646845E-02  5.88037431E-01  2.65707588E-03
3.44113609E-02  5.70966899E-01  2.66122981E-03
3.46580373E-02  5.68863869E-01  2.80250236E-03
3.49047138E-02  5.69984674E-01  2.63459398E-03
3.51513902E-02  5.70876241E-01  2.60472274E-03
3.53980666E-02  5.51453769E-01  2.46359687E-03
3.56447430E-02  5.52826405E-01  2.44882214E-03
3.58914195E-02  5.59202611E-01  2.51194742E-03
3.61380959E-02  5.55342793E-01  2.39429576E-03
3.63847723E-02  5.57504833E-01  2.41800956E-03
3.66314487E-02  5.45175672E-01  2.36898870E-03
3.68781251E-02  5.43913960E-01  2.43569026E-03
3.71248016E-02  5.40083349E-01  2.42922362E-03
3.73714780E-02  5.45861781E-01  2.49193935E-03
3.76181544E-02  5.26115298E-01  2.42652046E-03
3.78648308E-02  5.47157705E-01  2.34512775E-03
3.81115073E-02  5.57252407E-01  2.39322660E-03
3.83581837E-02  5.41369915E-01  2.25000805E-03
3.86048601E-02  5.25439858E-01  2.26106355E-03
3.88515365E-02  5.22102833E-01  2.32916116E-03
3.90982129E-02  5.26388586E-01  2.32618861E-03
3.93448894E-02  5.33004284E-01  2.21545994E-03
3.95915658E-02  5.30292332E-01  2.29601935E-03
3.98382422E-02  5.29128432E-01  2.16336455E-03
4.00849186E-02  5.43282926E-01  2.21970771E-03
4.03315951E-02  5.44983685E-01  2.20316555E-03
4.05782715E-02  5.51253438E-01  2.32588290E-03
4.08249479E-02  5.46029389E-01  2.40106252E-03
4.10716243E-02  5.45177698E-01  2.19219644E-03
4.13183007E-02  5.41837633E-01  2.27744365E-03
4.15649772E-02  5.49076974E-01  2.15202873E-03
4.18116536E-02  5.47461867E-01  2.30718334E-03
4.20583300E-02  5.43785751E-01  2.27560289E-03
4.23050064E-02  5.46385467E-01  2.31133797E-03
4.25516829E-02  5.43695748E-01  2.29637348E-03
4.27983593E-02  5.36007822E-01  2.22886843E-03
4.30450357E-02  5.51582456E-01  2.29561492E-03
4.32917121E-02  5.51087916E-01  2.26967898E-03
4.35383885E-02  5.42561650E-01  2.25236127E-03
4.37850650E-02  5.49572289E-01  2.26485194E-03
4.40317414E-02  5.64185023E-01  2.21307483E-03
4.42784178E-02  5.50101578E-01  2.15411047E-03
4.45250942E-02  5.53390026E-01  2.27339379E-03
4.47717707E-02  5.48921645E-01  2.19494500E-03
4.50184471E-02  5.56992888E-01  2.17634998E-03
4.52651235E-02  5.70404768E-01  2.11031409E-03
4.55117999E-02  5.63111424E-01  2.22622883E-03
4.57584764E-02  5.77445865E-01  2.18605390E-03
4.60051528E-02  5.60132384E-01  2.23051920E-03
4.62518292E-02  5.61538815E-01  2.22057011E-03
4.64985056E-02  5.84156334E-01  2.25856830E-03
4.67451820E-02  5.84800363E-01  2.38779467E-03
4.69918585E-02  6.07273161E-01  2.22964352E-03
4.72385349E-02  5.98106444E-01  2.37718294E-03
4.74852113E-02  6.18778467E-01  2.62928149E-03
4.77318877E-02  6.45456195E-01  2.58815265E-03
4.79785642E-02  6.25441849E-01  2.60613346E-03
4.82252406E-02  6.54388607E-01  2.71677738E-03
4.84719170E-02  6.65859401E-01  3.10237333E-03
4.87185934E-02  6.78240120E-01  3.18509899E-03
4.89652698E-02  7.02745318E-01  3.22809187E-03
4.92119463E-02  7.08204687E-01  3.30589013E-03
4.94586227E-02  7.34399676E-01  3.41864582E-03
4.97052991E-02  7.61111736E-01  3.83268832E-03
4.99519755E-02  7.61336684E-01  4.00802493E-03
5.01986520E-02  7.85269380E-01  4.14504390E-03
5.04453284E-02  8.21538746E-01  4.34934953E-03
5.06920048E-02  8.30032051E-01  4.32360265E-03
5.09386812E-02  8.57254863E-01  4.64484980E-03
5.11853576E-02  8.73453796E-01  4.46959492E-03
5.14320341E-02  9.05139148E-01  4.59193438E-03
5.16787105E-02  9.21439290E-01  4.81067458E-03
5.19253869E-02  9.33622777E-01  4.77164937E-03
5.21720633E-02  9.58165169E-01  4.98970039E-03
5.24187398E-02  9.76215184E-01  5.02562849E-03
5.26654162E-02  9.79545534E-01  4.97481506E-03
5.29120926E-02  1.02325678E+00  4.85255383E-03
5.31587690E-02  1.03405905E+00  4.72826930E-03
5.34054454E-02  1.07086432E+00  4.83059697E-03
5.36521219E-02  1.04454482E+00  4.55491384E-03
5.38987983E-02  1.07762563E+00  4.73199412E-03
5.41454747E-02  1.09069228E+00  4.78300219E-03
5.43921511E-02  1.07963514E+00  4.41276096E-03
5.46388276E-02  1.10271692E+00  4.55717836E-03
5.48855040E-02  1.12000895E+00  4.40353993E-03
5.51321804E-02  1.13471735E+00  4.48116707E-03
5.53788568E-02  1.17218733E+00  4.65517445E-03
5.56255332E-02  1.16253424E+00  4.60781762E-03
5.58722097E-02  1.18752038E+00  4.54395032E-03
5.61188861E-02  1.19599676E+00  4.34844662E-03
5.63655625E-02  1.20969033E+00  4.46382398E-03
5.66122389E-02  1.22966635E+00  4.68575768E-03
5.68589154E-02  1.25637293E+00  4.60136961E-03
5.71055918E-02  1.25563431E+00  4.83189989E-03
5.73522682E-02  1.26108563E+00  4.85617900E-03
5.75989446E-02  1.28253508E+00  5.17191831E-03
5.78456210E-02  1.25139904E+00  5.24479011E-03
5.80922975E-02  1.25511217E+00  5.15119592E-03
5.83389739E-02  1.22206807E+00  5.47266100E-03
5.85856503E-02  1.23370123E+00  5.55224949E-03
5.88323267E-02  1.17210960E+00  5.57904877E-03
5.90790032E-02  1.18042624E+00  5.49213635E-03
5.93256796E-02  1.13363826E+00  5.59009379E-03
5.95723560E-02  1.11916924E+00  5.56283444E-03
5.98190324E-02  1.08585763E+00  5.15573798E-03
6.00657088E-02  1.02747500E+00  4.92229359E-03
6.03123853E-02  9.95079458E-01  4.64656530E-03
6.05590617E-02  9.36601222E-01  4.50124964E-03
6.08057381E-02  8.97605062E-01  4.11913311E-03
6.10524145E-02  8.58459949E-01  3.71695869E-03
6.12990910E-02  8.04403186E-01  3.46633652E-03
6.15457674E-02  7.85284102E-01  3.23617179E-03
6.17924438E-02  7.62471497E-01  3.24881007E-03
6.20391202E-02  7.47995198E-01  3.07635008E-03
6.22857966E-02  7.18456805E-01  2.81808130E-03
6.25324731E-02  6.94649279E-01  2.79336656E-03
6.27791495E-02  6.63672447E-01  2.53337016E-03
6.30258259E-02  6.71607256E-01  2.70843063E-03
6.32725023E-02  6.45747542E-01  2.45438633E-03
6.35191788E-02  6.10907495E-01  2.24648439E-03
6.37658552E-02  6.14664555E-01  2.26409105E-03
6.40125316E-02  6.00702465E-01  2.18387437E-03
6.42592080E-02  6.00012124E-01  2.10180483E-03
6.45058845E-02  5.92048049E-01  2.17441074E-03
6.47525609E-02  5.80866218E-01  2.14220467E-03
6.49992373E-02  5.73144734E-01  2.04784051E-03
6.52459137E-02  5.58941483E-01  1.92182080E-03
6.54925901E-02  5.61464012E-01  1.87693490E-03
6.57392666E-02  5.52941442E-01  1.92294118E-03
6.59859430E-02  5.46234071E-01  1.90160528E-03
6.62326194E-02  5.44712424E-01  1.82820053E-03
6.64792958E-02  5.43658495E-01  1.90318539E-03
6.67259723E-02  5.35526812E-01  1.92771130E-03
6.69726487E-02  5.40632963E-01  1.86145294E-03
6.72193251E-02  5.27792513E-01  1.89980469E-03
6.74660015E-02  5.33322692E-01  1.86776207E-03
6.77126779E-02  5.24955273E-01  1.85733184E-03
6.79593544E-02  5.31159282E-01  1.87989266E-03
6.82060308E-02  5.28640687E-01  1.76915841E-03
6.84527072E-02  5.31980395E-01  1.80328032E-03
6.86993836E-02  5.30656993E-01  1.80643483E-03
6.89460601E-02  5.17802000E-01  1.77722331E-03
6.91927365E-02  5.29151142E-01  1.83597207E-03
6.94394129E-02  5.26494145E-01  1.82817969E-03
6.96860893E-02  5.28533340E-01  1.79125112E-03
6.99327657E-02  5.30449450E-01  1.77291175E-03
7.01794422E-02  5.15944481E-01  1.74228288E-03
7.04261186E-02  5.10747671E-01  1.76131702E-03
7.06727950E-02  5.30539870E-01  1.75850792E-03
7.09194714E-02  5.25251627E-01  1.79392565E-03
7.11661479E-02  5.16181588E-01  1.75231847E-03
7.14128243E-02  5.16673744E-01  1.72362977E-03
7.16595007E-02  5.21780252E-01  1.77889329E-03
7.19061771E-02  5.21077931E-01  1.76195661E-03
7.21528535E-02  5.07972181E-01  1.70522789E-03
7.23995300E-02  5.13622582E-01  1.71509129E-03
7.26462064E-02  5.26125610E-01  1.81930093E-03
7.28928828E-02  5.24364293E-01  1.78110634E-03
7.31395592E-02  5.20838559E-01  1.74736639E-03
7.33862357E-02  5.17162919E-01  1.75469823E-03
7.36329121E-02  5.17966449E-01  1.76819181E-03
7.38795885E-02  5.13231874E-01  1.74052350E-03
7.41262649E-02  5.13571501E-01  1.78625470E-03
7.43729413E-02  5.16706645E-01  1.77065993E-03
7.46196178E-02  5.12909532E-01  1.69663492E-03
7.48662942E-02  5.33610225E-01  1.70264149E-03
7.51129706E-02  5.15149713E-01  1.76710926E-03
7.53596470E-02  5.13773739E-01  1.73289340E-03
7.56063235E-02  5.30028999E-01  1.68642437E-03
7.58529999E-02  5.29106915E-01  1.80147798E-03
7.60996763E-02  5.21656692E-01  1.76976260E-03
7.63463527E-02  5.09175062E-01  1.72573363E-03
7.65930291E-02  5.20739317E-01  1.68911600E-03
7.68397056E-02  5.30015349E-01  1.68736803E-03
7.70863820E-02  5.09486437E-01  1.70402415E-03
7.73330584E-02  5.30679703E-01  1.68927945E-03
7.75797348E-02  5.24378121E-01  1.63839571E-03
7.78264113E-02  5.28215289E-01  1.68104912E-03
7.80730877E-02  5.18446982E-01  1.68304855E-03
7.83197641E-02  5.23450732E-01  1.69735646E-03
7.85664405E-02  5.19477665E-01  1.68699538E-03
7.88131169E-02  5.16501129E-01  1.59661868E-03
7.90597934E-02  5.26371419E-01  1.57214864E-03
7.93064698E-02  5.26415884E-01  1.67709740E-03
7.95531462E-02  5.27239084E-01  1.67084602E-03
7.97998226E-02  5.26214004E-01  1.62129512E-03
8.00464991E-02  5.30887425E-01  1.70279050E-03
8.02931755E-02  5.27135134E-01  1.63293513E-03
8.05398519E-02  5.41644037E-01  1.74690329E-03
8.07865283E-02  5.25223732E-01  1.66831678E-03
8.10332047E-02  5.27605355E-01  1.69909291E-03
8.12798812E-02  5.23733377E-01  1.79668353E-03
8.15265576E-02  5.26537478E-01  1.67130760E-03
8.17732340E-02  5.30874670E-01  1.70748122E-03
8.20199104E-02  5.41753590E-01  1.72471581E-03
8.22665869E-02  5.40790796E-01  1.65775453E-03
8.25132633E-02  5.30664146E-01  1.74220500E-03
8.27599397E-02  5.42806566E-01  1.64774957E-03
8.30066161E-02  5.41721821E-01  1.71208405E-03
8.32532926E-02  5.39613366E-01  1.65841833E-03
8.34999690E-02  5.34366310E-01  1.69928628E-03
8.37466454E-02  5.41222215E-01  1.68081396E-03
8.39933218E-02  5.40683508E-01  1.60443468E-03
8.42399982E-02  5.40052533E-01  1.66509545E-03
8.44866747E-02  5.62440991E-01  1.67110353E-03
8.47333511E-02  5.45233846E-01  1.72319356E-03
8.49800275E-02  5.48719108E-01  1.66586926E-03
8.52267039E-02  5.48830807E-01  1.68333435E-03
8.54733804E-02  5.54044187E-01  1.65500143E-03
8.57200568E-02  5.58640957E-01  1.72485353E-03
8.59667332E-02  5.58083773E-01  1.77171128E-03
8.62134096E-02  5.58548331E-01  1.65671017E-03
8.64600860E-02  5.74456453E-01  1.68428221E-03
8.67067625E-02  5.52508593E-01  1.65999972E-03
8.69534389E-02  5.81143558E-01  1.69286446E-03
8.72001153E-02  5.83978653E-01  1.74286054E-03
8.74467917E-02  5.71461678E-01  1.69853168E-03
8.76934682E-02  5.74622214E-01  1.65009941E-03
8.79401446E-02  5.85943997E-01  1.80775498E-03
8.81868210E-02  5.80089450E-01  1.72384642E-03
8.84334974E-02  5.99930584E-01  1.78125512E-03
8.86801738E-02  5.89271367E-01  1.72833249E-03
8.89268503E-02  5.93823850E-01  1.73537584E-03
8.91735267E-02  6.17526293E-01  1.75392546E-03
8.94202031E-02  6.16513550E-01  1.71704346E-03
8.96668795E-02  6.25036955E-01  1.82147569E-03
8.99135560E-02  6.23547554E-01  1.79684558E-03
9.01602324E-02  6.35242641E-01  1.81727100E-03
9.04069088E-02  6.39506578E-01  1.69377634E-03
9.06535852E-02  6.31348312E-01  1.85468653E-03
9.09002616E-02  6.40995562E-01  1.77232048E-03
9.11469381E-02  6.52691364E-01  1.79208093E-03
9.13936145E-02  6.61012471E-01  1.87972060E-03
9.16402909E-02  6.64932668E-01  1.82814477E-03
9.18869673E-02  6.71993136E-01  1.85518945E-03
9.21336438E-02  6.70675218E-01  1.82897504E-03
9.23803202E-02  6.82813942E-01  1.85972883E-03
9.26269966E-02  6.92044497E-01  1.83720631E-03
9.28736730E-02  6.79544151E-01  1.81699719E-03
9.31203494E-02  6.93197429E-01  1.91901706E-03
9.33670259E-02  7.05030322E-01  1.87079259E-03
9.36137023E-02  7.05774188E-01  1.80962880E-03
9.38603787E-02  7.17833400E-01  1.80800608E-03
9.41070551E-02  7.05982268E-01  1.84674771E-03
9.43537316E-02  7.24323809E-01  1.86778652E-03
9.46004080E-02  7.25207150E-01  1.97798177E-03
9.48470844E-02  7.36724257E-01  1.80834241E-03
9.50937608E-02  7.28639305E-01  1.86168996E-03
9.53404372E-02  7.29912758E-01  1.86566182E-03
9.55871137E-02  7.33226895E-01  1.92767614E-03
9.58337901E-02  7.35690355E-01  1.92408927E-03
9.60804665E-02  7.28963435E-01  1.84142007E-03
9.63271429E-02  7.23240614E-01  1.88999227E-03
9.65738194E-02  7.23064065E-01  1.87890627E-03
9.68204958E-02  7.38945305E-01  1.95394713E-03
9.70671722E-02  7.30973542E-01  1.95212779E-03
9.73138486E-02  7.28153765E-01  1.94372691E-03
9.75605250E-02  7.21388757E-01  1.96471694E-03
9.78072015E-02  7.17910469E-01  1.87275012E-03
9.80538779E-02  7.15524733E-01  1.92769000E-03
9.83005543E-02  7.07983196E-01  1.86490256E-03
9.85472307E-02  7.08233118E-01  1.87534932E-03
9.87939072E-02  7.14307010E-01  1.98121043E-03
9.90405836E-02  6.86040282E-01  1.82057673E-03
9.92872600E-02  6.83676302E-01  1.83689827E-03
9.95339364E-02  6.84861481E-01  1.75211043E-03
9.97806128E-02  6.91449881E-01  1.88127870E-03
1.00027289E-01  6.69745624E-01  1.85373682E-03
1.00273966E-01  6.55777097E-01  1.81042333E-03
1.00520642E-01  6.78166807E-01  1.80441735E-03
1.00767319E-01  6.66782498E-01  1.77183282E-03
1.01013995E-01  6.41256392E-01  1.79359911E-03
1.01260671E-01  6.43511295E-01  1.73004193E-03
1.01507348E-01  6.41261280E-01  1.74153503E-03
1.01754024E-01  6.29021168E-01  1.71777327E-03
1.02000701E-01  6.35741234E-01  1.70455594E-03
1.02247377E-01  6.32238626E-01  1.72520312E-03
1.02494053E-01  6.22060359E-01  1.69141439E-03
1.02740730E-01  6.21590853E-01  1.69895357E-03
1.02987406E-01  6.09829664E-01  1.63342012E-03
1.03234083E-01  6.11948490E-01  1.63789513E-03
1.03480759E-01  6.06391966E-01  1.62393635E-03
1.03727436E-01  6.17789686E-01  1.66761514E-03
1.03974112E-01  5.97350895E-01  1.60724460E-03
1.04220788E-01  5.97232699E-01  1.63438183E-03
1.04467465E-01  5.95357656E-01  1.63752504E-03
1.04714141E-01  5.82818568E-01  1.62737607E-03
1.04960818E-01  5.96427619E-01  1.65755616E-03
1.05207494E-01  5.86970389E-01  1.57392444E-03
1.05454171E-01  5.86619437E-01  1.63861061E-03
1.05700847E-01  5.88189185E-01  1.57631224E-03
1.05947523E-01  5.92406750E-01  1.61256490E-03
1.06194200E-01  5.83282113E-01  1.57825288E-03
1.06440876E-01  5.80916762E-01  1.60253688E-03
1.06687553E-01  5.75078607E-01  1.58878008E-03
1.06934229E-01  5.85939109E-01  1.61023869E-03
1.07180906E-01  5.80314517E-01  1.61565363E-03
1.07427582E-01  5.73294699E-01  1.55349972E-03
1.07674258E-01  5.81186831E-01  1.62538572E-03
1.07920935E-01  5.85608602E-01  1.51971506E-03
1.08167611E-01  5.88442624E-01  1.61876017E-03
1.08414288E-01  5.75923443E-01  1.55928114E-03
1.08660964E-01  5.81519902E-01  1.52395770E-03
1.08907640E-01  5.80284238E-01  1.65958470E-03
1.09154317E-01  5.70216894E-01  1.63449068E-03
1.09400993E-01  5.67180037E-01  1.58771698E-03
1.09647670E-01  5.64411998E-01  1.65606698E-03
1.09894346E-01  5.66312671E-01  1.57384330E-03
1.10141023E-01  5.70765793E-01  1.60042616E-03
1.10387699E-01  5.59894323E-01  1.60223234E-03
1.10634375E-01  5.62202632E-01  1.58938090E-03
1.10881052E-01  5.43109596E-01  1.68060616E-03
1.11127728E-01  5.48012078E-01  1.61010853E-03
1.11374405E-01  5.46702802E-01  1.62895792E-03
1.11621081E-01  5.57307780E-01  1.62545498E-03
1.11867758E-01  5.54191947E-01  1.61020388E-03
1.12114434E-01  5.47612190E-01  1.57682691E-03
1.12361110E-01  5.40768087E-01  1.61734957E-03
1.12607787E-01  5.33501565E-01  1.58337015E-03
1.12854463E-01  5.36687315E-01  1.61941187E-03
1.13101140E-01  5.25940955E-01  1.59904163E-03
1.13347816E-01  5.36302209E-01  1.60624401E-03
1.13594493E-01  5.30061364E-01  1.59592053E-03
1.13841169E-01  5.30712008E-01  1.67469215E-03
1.14087845E-01  5.18006980E-01  1.62952417E-03
1.14334522E-01  5.14317870E-01  1.57401105E-03
1.14581198E-01  5.06029606E-01  1.56425138E-03
1.14827875E-01  5.08955419E-01  1.55494316E-03
1.15074551E-01  5.00874579E-01  1.50921755E-03
1.15321227E-01  4.99337584E-01  1.56671403E-03
1.15567904E-01  4.98235613E-01  1.50932744E-03
1.15814580E-01  4.97973949E-01  1.58099027E-03
1.16061257E-01  4.91186708E-01  1.56410912E-03
1.16307933E-01  4.97604847E-01  1.58259913E-03
1.16554610E-01  4.87447351E-01  1.51338871E-03
1.16801286E-01  4.84632611E-01  1.59008184E-03
1.17047962E-01  4.91064906E-01  1.56590331E-03
1.17294639E-01  4.81428564E-01  1.55664270E-03
1.17541315E-01  4.69890833E-01  1.49794447E-03
1.17787992E-01  4.66265678E-01  1.57773751E-03
1.18034668E-01  4.70836520E-01  1.48207578E-03
1.18281345E-01  4.65871692E-01  1.48170965E-03
1.18528021E-01  4.70583171E-01  1.51592144E-03
1.18774697E-01  4.69743192E-01  1.47825049E-03
1.19021374E-01  4.73389775E-01  1.47477561E-03
1.19268050E-01  4.72527802E-01  1.46318472E-03
1.19514727E-01  4.66397494E-01  1.41475594E-03
1.19761403E-01  4.58609521E-01  1.40802457E-03
1.20008079E-01  4.60672915E-01  1.48668804E-03
1.20254756E-01  4.57082152E-01  1.40834798E-03
1.20501432E-01  4.51368541E-01  1.42590120E-03
1.20748109E-01  4.55666691E-01  1.40780525E-03
1.20994785E-01  4.53753829E-01  1.46553339E-03
1.21241462E-01  4.54767406E-01  1.37083430E-03
1.21488138E-01  4.60899979E-01  1.43257924E-03
1.21734814E-01  4.46054429E-01  1.44682184E-03
1.21981491E-01  4.54995185E-01  1.42627594E-03
1.22228167E-01  4.43826526E-01  1.42412225E-03
1.22474844E-01  4.52867657E-01  1.36075483E-03
1.22721520E-01  4.31267858E-01  1.37007050E-03
1.22968197E-01  4.24646229E-01  1.36893871E-03
1.23214873E-01  4.27803427E-01  1.33441552E-03
1.23461549E-01  4.27084506E-01  1.34169671E-03
1.23708226E-01  4.46054310E-01  1.35054358E-03
1.23954902E-01  4.27258849E-01  1.34444155E-03
1.24201579E-01  4.24380064E-01  1.34699105E-03
1.24448255E-01  4.25357372E-01  1.31327671E-03
1.24694932E-01  4.28039193E-01  1.35383022E-03
1.24941608E-01  4.34599519E-01  1.37534190E-03
1.25188284E-01  4.27659243E-01  1.30602391E-03
1.25434961E-01  4.25835788E-01  1.34898967E-03
1.25681637E-01  4.27703172E-01  1.32943154E-03
1.25928314E-01  4.21903223E-01  1.28096668E-03
1.26174990E-01  4.23486352E-01  1.28514366E-03
1.26421666E-01  4.22209263E-01  1.32227351E-03
1.26668343E-01  4.18772817E-01  1.32005417E-03
1.26915019E-01  4.08834636E-01  1.25666452E-03
1.27161696E-01  4.19440806E-01  1.33456790E-03
1.27408372E-01  4.15106654E-01  1.33114471E-03
1.27655049E-01  4.19504523E-01  1.30321004E-03
1.27901725E-01  4.15180981E-01  1.29433768E-03
1.28148401E-01  4.16248351E-01  1.27179304E-03
1.28395078E-01  4.04346228E-01  1.24697061E-03
1.28641754E-01  4.10274893E-01  1.31784542E-03
1.28888431E-01  4.08358574E-01  1.27719436E-03
1.29135107E-01  4.01804537E-01  1.29909429E-03
1.29381784E-01  4.01886523E-01  1.25622400E-03
1.29628460E-01  4.07216668E-01  1.27608050E-03
1.29875136E-01  4.03910935E-01  1.25548535E-03
1.30121813E-01  4.05681729E-01  1.29073986E-03
1.30368489E-01  4.00802970E-01  1.22053828E-03
1.30615166E-01  3.95381600E-01  1.28533156E-03
1.30861842E-01  3.99425179E-01  1.23885844E-03
1.31108518E-01  3.98096621E-01  1.21817784E-03
1.31355195E-01  3.93506646E-01  1.22689200E-03
1.31601871E-01  3.93486828E-01  1.23064616E-03
1.31848548E-01  4.00516808E-01  1.26009947E-03
1.32095224E-01  3.86975497E-01  1.24110479E-03
1.32341901E-01  3.96243542E-01  1.22568093E-03
1.32588577E-01  3.91571969E-01  1.24795758E-03
1.32835253E-01  3.93474013E-01  1.23451103E-03
1.33081930E-01  3.85621428E-01  1.20190531E-03
1.33328606E-01  3.90143454E-01  1.19375379E-03
1.33575283E-01  3.90954256E-01  1.24982104E-03
1.33821959E-01  3.87139916E-01  1.21544022E-03
1.34068636E-01  3.88071805E-01  1.16896466E-03
1.34315312E-01  3.88905257E-01  1.22892542E-03
1.34561988E-01  3.85115355E-01  1.20372558E-03
1.34808665E-01  3.78376245E-01  1.20684912E-03
1.35055341E-01  3.81567955E-01  1.20371720E-03
1.35302018E-01  3.76070917E-01  1.21647608E-03
1.35548694E-01  3.77542078E-01  1.20324944E-03
1.35795371E-01  3.79537165E-01  1.16462610E-03
1.36042047E-01  3.76907796E-01  1.17053534E-03
1.36288723E-01  3.79297435E-01  1.18479424E-03
1.36535400E-01  3.72599483E-01  1.19031977E-03
1.36782076E-01  3.70789200E-01  1.12987275E-03
1.37028753E-01  3.74392152E-01  1.14637276E-03
1.37275429E-01  3.77620637E-01  1.21733989E-03
1.37522105E-01  3.78910094E-01  1.15821848E-03
1.37768782E-01  3.72355759E-01  1.17179670E-03
1.38015458E-01  3.74536067E-01  1.19095459E-03
1.38262135E-01  3.76837581E-01  1.15146418E-03
1.38508811E-01  3.79159182E-01  1.17777719E-03
1.38755488E-01  3.71509910E-01  1.14171929E-03
1.39002164E-01  3.66578043E-01  1.15867902E-03
1.39248840E-01  3.75611007E-01  1.14740070E-03
1.39495517E-01  3.69751722E-01  1.13613112E-03
1.39742193E-01  3.64004493E-01  1.14410114E-03
1.39988870E-01  3.73725981E-01  1.17309869E-03
1.40235546E-01  3.70173633E-01  1.18912780E-03
1.40482223E-01  3.67636293E-01  1.14178634E-03
1.40728899E-01  3.64502817E-01  1.14674249E-03
1.40975575E-01  3.62717777E-01  1.15109887E-03
1.41222252E-01  3.63935113E-01  1.13940763E-03
1.41468928E-01  3.57403696E-01  1.11063640E-03
1.41715605E-01  3.60202223E-01  1.12604606E-03
1.41962281E-01  3.60175014E-01  1.10822346E-03
1.42208957E-01  3.57269228E-01  1.13601412E-03
1.42455634E-01  3.58879507E-01  1.13022851E-03
1.42702310E-01  3.56413364E-01  1.10955792E-03
1.42948987E-01  3.61139625E-01  1.10323960E-03
1.43195663E-01  3.56616825E-01  1.12511613E-03
1.43442340E-01  3.60008150E-01  1.13555754E-03
1.43689016E-01  3.53704035E-01  1.13220734E-03
1.43935692E-01  3.54952097E-01  1.10849843E-03
1.44182369E-01  3.54244232E-01  1.09839707E-03
1.44429045E-01  3.52934748E-01  1.08999934E-03
1.44675722E-01  3.48395318E-01  1.11205596E-03
1.44922398E-01  3.52935165E-01  1.12361531E-03
1.45169075E-01  3.48804444E-01  1.13708223E-03
1.45415751E-01  3.46569419E-01  1.10621809E-03
1.45662427E-01  3.41999173E-01  1.08045642E-03
1.45909104E-01  3.40554982E-01  1.08002056E-03
1.46155780E-01  3.39143276E-01  1.09316199E-03
1.46402457E-01  3.33407134E-01  1.08790363E-03
1.46649133E-01  3.38752449E-01  1.08110206E-03
1.46895810E-01  3.37534189E-01  1.08531746E-03
1.47142486E-01  3.38794798E-01  1.04137405E-03
1.47389162E-01  3.34699690E-01  1.06594514E-03
1.47635839E-01  3.19945931E-01  1.04879122E-03
1.47882515E-01  3.24702859E-01  1.06152461E-03
1.48129192E-01  3.36661935E-01  1.11020985E-03
1.48375868E-01  3.34456325E-01  1.27156684E-03
1.48622544E-01  3.31555754E-01  1.25872577E-03
1.48869221E-01  3.39073688E-01  1.34118006E-03
1.49115897E-01  3.34432483E-01  1.32710533E-03
1.49362574E-01  3.33109468E-01  1.35279994E-03
1.49609250E-01  3.41411889E-01  1.21111330E-03
1.49855927E-01  3.42182398E-01  1.19457231E-03
1.50102603E-01  3.41737032E-01  1.13022781E-03
1.50349279E-01  3.42053384E-01  1.20287703E-03
1.50595956E-01  3.39770079E-01  1.16625754E-03
1.50842632E-01  3.33801806E-01  1.15262461E-03
1.51089309E-01  3.28102052E-01  1.20726728E-03
1.51335985E-01  3.31446588E-01  1.25251501E-03
1.51582662E-01  3.29397082E-01  1.40950363E-03
1.51829338E-01  3.31712186E-01  1.46338134E-03
1.52076014E-01  3.28999996E-01  1.66165677E-03
1.52322691E-01  3.32585901E-01  1.68406207E-03
1.52569367E-01  3.22531998E-01  1.47015252E-03
1.52816044E-01  3.27780932E-01  1.32532709E-03
1.53062720E-01  3.24381560E-01  1.28054549E-03
1.53309397E-01  3.22274774E-01  1.24351005E-03
1.53556073E-01  3.19933832E-01  1.24510413E-03
1.53802749E-01  3.24218005E-01  1.52056571E-03
1.54049426E-01  3.20473373E-01  1.47122960E-03
1.54296102E-01  3.26856226E-01  1.77239184E-03
1.54542779E-01  3.28395396E-01  1.65472343E-03
1.54789455E-01  3.14974219E-01  1.59398280E-03
1.55036131E-01  3.20176333E-01  1.33498199E-03
1.55282808E-01  3.12538207E-01  1.22420373E-03
1.55529484E-01  3.07577670E-01  1.16782810E-03
1.55776161E-01  3.10360402E-01  1.27082365E-03
1.56022837E-01  3.08871120E-01  1.27630285E-03
1.56269514E-01  3.01481605E-01  1.33924023E-03
1.56516190E-01  3.04573357E-01  1.38284324E-03
1.56762866E-01  3.02092403E-01  1.24231353E-03
1.57009543E-01  2.78551906E-01  1.12131960E-03
1.57256219E-01  2.73279846E-01  9.90499975E-04
1.57502896E-01  2.69041926E-01  9.24403081E-04
1.57749572E-01  2.60967225E-01  8.96317419E-04
1.57996249E-01  2.61446267E-01  9.26837325E-04
1.58242925E-01  2.51921058E-01  9.04593908E-04
1.58489601E-01  2.49017417E-01  8.84123088E-04
1.58736278E-01  2.51998663E-01  8.63253663E-04
1.58982954E-01  2.44874150E-01  8.68579256E-04
1.59229631E-01  2.49268472E-01  8.83661909E-04
1.59476307E-01  2.48185545E-01  9.05032968E-04
1.59722983E-01  2.48189941E-01  8.86681199E-04
1.59969660E-01  2.46606231E-01  8.80764099E-04
1.60216336E-01  2.37591833E-01  8.38200445E-04
1.60463013E-01  2.39492223E-01  8.57413223E-04
1.60709689E-01  2.41414368E-01  8.73666606E-04
1.60956366E-01  2.38246486E-01  8.63644935E-04
1.61203042E-01  2.37656817E-01  8.62745394E-04
1.61449718E-01  2.38669500E-01  8.65187147E-04
1.61696395E-01  2.35625461E-01  8.35212471E-04
1.61943071E-01  2.34027132E-01  8.26082542E-04
1.62189748E-01  2.30792359E-01  8.43857182E-04
1.62436424E-01  2.26658702E-01  8.41885456E-04
1.62683101E-01  2.23520502E-01  8.40004126E-04
1.62929777E-01  2.26250127E-01  8.18524102E-04
1.63176453E-01  2.26169571E-01  8.33977479E-04
1.63423130E-01  2.26243302E-01  8.24899180E-04
1.63669806E-01  2.21595660E-01  8.33104888E-04
1.63916483E-01  2.21578658E-01  8.22253467E-04
1.64163159E-01  2.15226531E-01  8.02130962E-04
1.64409836E-01  2.17614114E-01  8.06682045E-04
1.64656512E-01  2.15984911E-01  7.93596206E-04
1.64903188E-01  2.18356073E-01  8.43417249E-04
1.65149865E-01  2.17688680E-01  7.80286500E-04
1.65396541E-01  2.15357095E-01  7.99805566E-04
1.65643218E-01  2.15026468E-01  8.21515918E-04
1.65889894E-01  2.07642287E-01  8.03162227E-04
1.66136570E-01  2.17159390E-01  8.23165581E-04
1.66383247E-01  2.13871583E-01  8.07309581E-04
1.66629923E-01  2.09229454E-01  8.16506508E-04
1.66876600E-01  2.05286101E-01  7.59649905E-04
1.67123276E-01  2.05460757E-01  7.82615214E-04
1.67369953E-01  2.04822913E-01  7.75302178E-04
1.67616629E-01  2.00937048E-01  7.66528537E-04
1.67863305E-01  2.01873139E-01  7.88283302E-04
1.68109982E-01  1.99376792E-01  7.72503321E-04
1.68356658E-01  1.99452922E-01  7.73423468E-04
1.68603335E-01  1.95245624E-01  7.58237671E-04
1.68850011E-01  1.94492593E-01  7.63322518E-04
1.69096688E-01  1.92787826E-01  7.51131563E-04
1.69343364E-01  1.96196824E-01  7.58657174E-04
1.69590040E-01  1.95405141E-01  7.56750698E-04
1.69836717E-01  1.92110911E-01  7.38139672E-04
1.70083393E-01  1.92455411E-01  7.63803255E-04
1.70330070E-01  1.90147847E-01  7.29010673E-04
1.70576746E-01  1.85398445E-01  7.44695950E-04
1.70823422E-01  1.86231151E-01  7.20470911E-04
1.71070099E-01  1.85938120E-01  7.31600681E-04
1.71316775E-01  1.87999532E-01  7.36203569E-04
1.71563452E-01  1.87977597E-01  7.46040605E-04
1.71810128E-01  1.81013107E-01  7.30875530E-04
1.72056805E-01  1.82953849E-01  7.21273595E-04
1.72303481E-01  1.84488013E-01  7.34103844E-04
1.72550157E-01  1.82042137E-01  7.41416239E-04
1.72796834E-01  1.78683415E-01  7.14952010E-04
1.73043510E-01  1.79062143E-01  7.21953053E-04
1.73290187E-01  1.79084465E-01  7.16685085E-04
1.73536863E-01  1.78343207E-01  6.95581781E-04
1.73783540E-01  1.78174257E-01  7.17354822E-04
1.74030216E-01  1.77774280E-01  7.10154360E-04
1.74276892E-01  1.77526414E-01  7.15153292E-04
1.74523569E-01  1.67940825E-01  6.87645050E-04
1.74770245E-01  1.75995499E-01  7.03499711E-04
1.75016922E-01  1.73094660E-01  6.85500214E-04
1.75263598E-01  1.66746125E-01  7.08117383E-04
1.75510275E-01  1.70393109E-01  6.87944994E-04
1.75756951E-01  1.69633880E-01  6.99740718E-04
1.76003627E-01  1.70444280E-01  6.88423810E-04
1.76250304E-01  1.65129229E-01  6.84968778E-04
1.76496980E-01  1.64645448E-01  6.77542528E-04
1.76743657E-01  1.63308591E-01  6.64446387E-04
1.76990333E-01  1.62360936E-01  6.77839562E-04
1.77237009E-01  1.63123623E-01  6.78653887E-04
1.77483686E-01  1.64564818E-01  6.83279650E-04
1.77730362E-01  1.63977593E-01  6.80414785E-04
1.77977039E-01  1.62861407E-01  6.70143752E-04
1.78223715E-01  1.63908899E-01  6.86147134E-04
1.78470392E-01  1.61556467E-01  6.66431442E-04
1.78717068E-01  1.61771148E-01  6.67918357E-04
1.78963744E-01  1.54992923E-01  6.25844288E-04
1.79210421E-01  1.56827569E-01  6.66188833E-04
1.79457097E-01  1.59636959E-01  6.72433991E-04
1.79703774E-01  1.53175965E-01  6.62411447E-04
1.79950450E-01  1.55213088E-01  6.69712899E-04
1.80197127E-01  1.51567474E-01  6.30388095E-04
1.80443803E-01  1.56817824E-01  6.54961448E-04
1.80690479E-01  1.51565149E-01  6.57534983E-04
1.80937156E-01  1.51269346E-01  6.36704674E-04
1.81183832E-01  1.53257117E-01  6.38412545E-04
1.81430509E-01  1.45279229E-01  6.44792570E-04
1.81677185E-01  1.49816364E-01  6.26608788E-04
1.81923861E-01  1.43741772E-01  6.27249479E-04
1.82170538E-01  1.47719890E-01  6.20450766E-04
1.82417214E-01  1.46281958E-01  6.18222577E-04
1.82663891E-01  1.45193711E-01  6.46502187E-04
1.82910567E-01  1.44240379E-01  6.10088813E-04
1.83157244E-01  1.42885849E-01  6.04618224E-04
1.83403920E-01  1.43316850E-01  6.05337613E-04
1.83650596E-01  1.42251432E-01  6.10473217E-04
1.83897273E-01  1.38599470E-01  6.18823105E-04
1.84143949E-01  1.42350316E-01  6.06538495E-04
1.84390626E-01  1.38702512E-01  6.09956915E-04
1.84637302E-01  1.39058888E-01  6.11680211E-04
1.84883979E-01  1.44171804E-01  6.08499395E-04
1.85130655E-01  1.40764445E-01  6.16890786E-04
1.85377331E-01  1.39102444E-01  5.96124213E-04
1.85624008E-01  1.35070205E-01  5.88075374E-04
1.85870684E-01  1.36884406E-01  5.86279959E-04
1.86117361E-01  1.37120664E-01  6.04687899E-04
1.86364037E-01  1.34007677E-01  5.94740442E-04
1.86610714E-01  1.31744444E-01  5.86615817E-04
1.86857390E-01  1.35212585E-01  5.91985299E-04
1.87104066E-01  1.31852597E-01  5.77435712E-04
1.87350743E-01  1.29453093E-01  5.83471672E-04
1.87597419E-01  1.32393762E-01  5.67779061E-04
1.87844096E-01  1.30917177E-01  5.93212608E-04
1.88090772E-01  1.30414337E-01  5.75845013E-04
1.88337448E-01  1.29483223E-01  5.83232497E-04
1.88584125E-01  1.31928518E-01  5.82387845E-04
1.88830801E-01  1.24000579E-01  5.67987736E-04
1.89077478E-01  1.26844838E-01  5.74889244E-04
1.89324154E-01  1.26856923E-01  5.74105827E-04
1.89570831E-01  1.27474412E-01  5.67869167E-04
1.89817507E-01  1.26635760E-01  5.67429175E-04
1.90064183E-01  1.25488058E-01  5.73775324E-04
1.90310860E-01  1.24850541E-01  5.66105184E-04
1.90557536E-01  1.24718294E-01  5.64105227E-04
1.90804213E-01  1.20836318E-01  5.63712209E-04
1.91050889E-01  1.24208033E-01  5.55871462E-04
1.91297566E-01  1.25458285E-01  5.77742176E-04
1.91544242E-01  1.20062679E-01  5.55460399E-04
1.91790918E-01  1.19890742E-01  5.46602416E-04
1.92037595E-01  1.23215243E-01  5.75186044E-04
1.92284271E-01  1.21702977E-01  5.45198796E-04
1.92530948E-01  1.16700560E-01  5.56750339E-04
1.92777624E-01  1.19258843E-01  5.47615986E-04
1.93024301E-01  1.20829575E-01  5.51177596E-04
1.93270977E-01  1.19806208E-01  5.63015812E-04
1.93517653E-01  1.18081942E-01  5.44759037E-04
1.93764330E-01  1.16257660E-01  5.56345272E-04
1.94011006E-01  1.15379602E-01  5.40016976E-04
1.94257683E-01  1.17137209E-01  5.34068386E-04
1.94504359E-01  1.16009273E-01  5.50462632E-04
1.94751035E-01  1.14683397E-01  5.29696583E-04
1.94997712E-01  1.12794809E-01  5.29525045E-04
1.95244388E-01  1.10288471E-01  5.26792253E-04
1.95491065E-01  1.16672650E-01  5.40177629E-04
1.95737741E-01  1.12860031E-01  5.50355064E-04
1.95984418E-01  1.12014532E-01  5.36512875E-04
1.96231094E-01  1.11382626E-01  5.21523471E-04
1.96477770E-01  1.14546977E-01  5.37917251E-04
1.96724447E-01  1.09737217E-01  5.13463048E-04
1.96971123E-01  1.12734824E-01  5.33511571E-04
1.97217800E-01  1.10684231E-01  5.26707154E-04
1.97464476E-01  1.09507553E-01  5.26307500E-04
1.97711153E-01  1.12808213E-01  5.32572565E-04
1.97957829E-01  1.08640037E-01  5.10394922E-04
1.98204505E-01  1.07021071E-01  5.20106463E-04
1.98451182E-01  1.07206687E-01  5.27246506E-04
1.98697858E-01  1.06494606E-01  5.05751465E-04
1.98944535E-01  1.05926841E-01  5.07412420E-04
1.99191211E-01  1.05153218E-01  5.02491603E-04
1.99437887E-01  1.08871415E-01  5.14357234E-04
1.99684564E-01  1.05583109E-01  5.13977720E-04
1.99931240E-01  1.05801411E-01  5.19824622E-04
2.00177917E-01  1.04144357E-01  5.12270373E-04
2.00424593E-01  1.03242703E-01  4.98160836E-04
2.00671270E-01  1.02260910E-01  4.98716428E-04
2.00917946E-01  1.01747192E-01  4.77143389E-04
2.01164622E-01  1.02026418E-01  4.98273061E-04
2.01411299E-01  1.02284044E-01  4.93385072E-04
2.01657975E-01  1.04948252E-01  4.88290854E-04
2.01904652E-01  1.03863403E-01  5.07305842E-04
2.02151328E-01  1.02240779E-01  4.96423629E-04
2.02398005E-01  1.00308120E-01  4.86193341E-04
2.02644681E-01  1.01698168E-01  5.04208496E-04
2.02891357E-01  1.00596607E-01  4.83024342E-04
2.03138034E-01  1.00388922E-01  4.96868975E-04
2.03384710E-01  1.00899927E-01  4.87680169E-04
2.03631387E-01  9.86493602E-02  4.75951121E-04
2.03878063E-01  9.92654711E-02  4.78433503E-04
2.04124740E-01  9.91562232E-02  4.84573509E-04
2.04371416E-01  9.87666398E-02  4.90481267E-04
2.04618092E-01  9.93103758E-02  4.95176413E-04
2.04864769E-01  1.00099556E-01  4.90577484E-04
2.05111445E-01  9.48204175E-02  4.82004427E-04
2.05358122E-01  9.66568515E-02  4.90381441E-04
2.05604798E-01  9.67000201E-02  4.75192472E-04
2.05851474E-01  9.73418877E-02  4.79287613E-04
2.06098151E-01  9.58750099E-02  4.80090530E-04
2.06344827E-01  9.58743319E-02  4.78201953E-04
2.06591504E-01  9.52351093E-02  4.76922316E-04
2.06838180E-01  9.34711471E-02  4.56837966E-04
2.07084857E-01  9.62134525E-02  4.67295031E-04
2.07331533E-01  9.47997868E-02  4.72844433E-04
2.07578209E-01  9.20628682E-02  4.62324766E-04
2.07824886E-01  9.25047621E-02  4.73286666E-04
2.08071562E-01  9.55090970E-02  4.67794191E-04
2.08318239E-01  9.33146104E-02  4.72679734E-04
2.08564915E-01  9.39211026E-02  4.74026660E-04
2.08811592E-01  9.17152241E-02  4.73767694E-04
2.09058268E-01  9.03447941E-02  4.63886245E-04
2.09304944E-01  9.18605775E-02  4.63256583E-04
2.09551621E-01  9.10287797E-02  4.65407880E-04
2.09798297E-01  8.99950936E-02  4.57186397E-04
2.10044974E-01  9.10650194E-02  4.64464887E-04
2.10291650E-01  9.13316384E-02  4.57775139E-04
2.10538326E-01  8.88210088E-02  4.57526534E-04
2.10785003E-01  9.31002051E-02  4.67978884E-04
2.11031679E-01  8.93130079E-02  4.41102864E-04
2.11278356E-01  9.07414854E-02  4.56231734E-04
2.11525032E-01  8.85955617E-02  4.55564790E-04
2.11771709E-01  9.03761163E-02  4.63525124E-04
2.12018385E-01  8.87294337E-02  4.59244766E-04
2.12265061E-01  9.03543383E-02  4.54857218E-04
2.12511738E-01  8.82520750E-02  4.39275580E-04
2.12758414E-01  8.90309140E-02  4.47607948E-04
2.13005091E-01  8.82710218E-02  4.67444537E-04
2.13251767E-01  8.91156569E-02  4.41261131E-04
2.13498444E-01  8.67464095E-02  4.54285037E-04
2.13745120E-01  8.66918191E-02  4.49867133E-04
2.13991796E-01  8.54256377E-02  4.44957986E-04
2.14238473E-01  8.55827853E-02  4.41496639E-04
2.14485149E-01  8.74379352E-02  4.55416972E-04
2.14731826E-01  8.46783146E-02  4.37658891E-04
2.14978502E-01  8.79928991E-02  4.48900129E-04
2.15225179E-01  8.65973458E-02  4.42397519E-04
2.15471855E-01  8.93805623E-02  4.50570136E-04
2.15718531E-01  8.56479406E-02  4.34130343E-04
2.15965208E-01  8.39205608E-02  4.39184427E-04
2.16211884E-01  8.60510916E-02  4.45598911E-04
2.16458561E-01  8.54056776E-02  4.34119749E-04
2.16705237E-01  8.61492828E-02  4.43711062E-04
2.16951913E-01  8.63030851E-02  4.39948315E-04
2.17198590E-01  8.53144675E-02  4.43109020E-04
2.17445266E-01  8.35577846E-02  4.38797579E-04
2.17691943E-01  8.42060447E-02  4.46708349E-04
2.17938619E-01  8.63428637E-02  4.55616479E-04
2.18185296E-01  8.40831622E-02  4.43548459E-04
2.18431972E-01  8.33356678E-02  4.44068195E-04
2.18678648E-01  8.38098675E-02  4.37031413E-04
2.18925325E-01  8.48555565E-02  4.42327029E-04
2.19172001E-01  8.26869980E-02  4.32262372E-04
2.19418678E-01  8.14485550E-02  4.24699218E-04
2.19665354E-01  8.17942098E-02  4.32560279E-04
2.19912031E-01  8.11014473E-02  4.28949919E-04
2.20158707E-01  8.11942816E-02  4.36752889E-04
2.20405383E-01  8.15582275E-02  4.30562359E-04
2.20652060E-01  8.23317319E-02  4.38102958E-04
2.20898736E-01  8.30481052E-02  4.40205098E-04
2.21145413E-01  8.16522464E-02  4.30985441E-04
2.21392089E-01  8.12651068E-02  4.28465777E-04
2.21638766E-01  8.28590766E-02  4.32142057E-04
2.21885442E-01  8.44446272E-02  4.34236747E-04
2.22132118E-01  8.44117850E-02  4.42697085E-04
2.22378795E-01  7.83390924E-02  4.18907061E-04
2.22625471E-01  8.19183514E-02  4.34178277E-04
2.22872148E-01  8.00585896E-02  4.28054831E-04
2.23118824E-01  8.35593939E-02  4.40549979E-04
2.23365500E-01  8.19574669E-02  4.20529774E-04
2.23612177E-01  8.06117803E-02  4.31089458E-04
2.23858853E-01  8.26105103E-02  4.30933607E-04
2.24105530E-01  7.97478184E-02  4.23633581E-04
2.24352206E-01  8.07724521E-02  4.30818909E-04
2.24598883E-01  8.40014592E-02  4.29747015E-04
2.24845559E-01  7.91490898E-02  4.19809221E-04
2.25092235E-01  8.19411427E-02  4.31256543E-04
2.25338912E-01  8.01999792E-02  4.25270322E-04
2.25585588E-01  7.81707913E-02  4.27940773E-04
2.25832265E-01  7.83415511E-02  4.18194308E-04
2.26078941E-01  8.09589401E-02  4.25588602E-04
2.26325618E-01  7.76085034E-02  4.16445866E-04
2.26572294E-01  7.86539912E-02  4.15746268E-04
2.26818970E-01  8.20739195E-02  4.21201170E-04
2.27065647E-01  8.04995298E-02  4.20292810E-04
2.27312323E-01  7.92712122E-02  4.25408187E-04
2.27559000E-01  8.20824131E-02  4.28834901E-04
2.27805676E-01  7.77156278E-02  4.11573390E-04
2.28052352E-01  7.94727430E-02  4.22924932E-04
2.28299029E-01  7.94192702E-02  4.20985452E-04
2.28545705E-01  8.06575641E-02  4.26337472E-04
2.28792382E-01  8.13328326E-02  4.19804448E-04
2.29039058E-01  7.98375681E-02  4.20052471E-04
2.29285735E-01  7.93093964E-02  4.18808748E-04
2.29532411E-01  7.72313550E-02  3.98641510E-04
2.29779087E-01  8.17463621E-02  4.30352084E-04
2.30025764E-01  7.95332193E-02  4.25177248E-04
2.30272440E-01  8.18096921E-02  4.21587349E-04
2.30519117E-01  7.89206028E-02  4.20866272E-04
2.30765793E-01  7.91269988E-02  4.16583527E-04
2.31012470E-01  7.95062855E-02  4.30568587E-04
2.31259146E-01  7.82831460E-02  4.08587599E-04
2.31505822E-01  7.87095726E-02  4.11094690E-04
2.31752499E-01  8.06703940E-02  4.23369609E-04
2.31999175E-01  7.91226178E-02  4.06115956E-04
2.32245852E-01  8.25430751E-02  4.19446500E-04
2.32492528E-01  8.06322843E-02  4.22887388E-04
2.32739205E-01  7.80460760E-02  4.10867739E-04
2.32985881E-01  7.79178068E-02  4.11007873E-04
2.33232557E-01  7.98979178E-02  4.19806485E-04
2.33479234E-01  8.08729604E-02  4.15722665E-04
2.33725910E-01  7.84070864E-02  4.13961767E-04
2.33972587E-01  7.98974782E-02  4.14468261E-04
2.34219263E-01  7.79735297E-02  4.13364585E-04
2.34465939E-01  7.90798813E-02  4.18318785E-04
2.34712616E-01  7.85228759E-02  4.10325243E-04
2.34959292E-01  7.95975178E-02  4.14167007E-04
2.35205969E-01  7.72903860E-02  4.13796952E-04
2.35452645E-01  7.87681118E-02  4.10456734E-04
2.35699322E-01  8.07070136E-02  4.31406545E-04
2.35945998E-01  7.98431188E-02  4.15658491E-04
2.36192674E-01  7.81990513E-02  4.09906497E-04
2.36439351E-01  8.09105784E-02  4.15689283E-04
2.36686027E-01  7.57814795E-02  3.95637559E-04
2.36932704E-01  7.98158124E-02  4.17348725E-04
2.37179380E-01  7.78321102E-02  4.05978994E-04
2.37426057E-01  7.60142431E-02  4.06377309E-04
2.37672733E-01  7.71442577E-02  4.09557542E-04
2.37919409E-01  7.98942819E-02  4.10520530E-04
2.38166086E-01  8.01416487E-02  4.09150380E-04
2.38412762E-01  8.20200443E-02  4.12766822E-04
2.38659439E-01  7.60306790E-02  3.94580915E-04
2.38906115E-01  7.92257190E-02  4.09547443E-04
2.39152791E-01  7.47274011E-02  3.91232810E-04
2.39399468E-01  7.76159614E-02  3.98359582E-04
2.39646144E-01  7.93135762E-02  4.12463705E-04
2.39892821E-01  7.59727880E-02  4.04206425E-04
2.40139497E-01  7.94189647E-02  4.08577791E-04
2.40386174E-01  7.84298480E-02  4.07130021E-04
2.40632850E-01  7.94202611E-02  4.15115384E-04
2.40879526E-01  7.82138035E-02  4.03708342E-04
2.41126203E-01  7.65521824E-02  4.07884538E-04
2.41372879E-01  7.74740875E-02  4.04222257E-04
2.41619556E-01  7.74080828E-02  3.95785755E-04
2.41866232E-01  7.95842633E-02  4.03149694E-04
2.42112909E-01  7.95037448E-02  4.14221227E-04
2.42359585E-01  7.57262781E-02  3.99237993E-04
2.42606261E-01  7.99423531E-02  4.22471814E-04
2.42852938E-01  7.85835907E-02  4.12094523E-04
2.43099614E-01  7.52547979E-02  4.01377300E-04
2.43346291E-01  7.53925890E-02  4.03751619E-04
2.43592967E-01  7.83054456E-02  4.15036862E-04
2.43839644E-01  7.66364634E-02  4.10800945E-04
2.44086320E-01  7.95570090E-02  4.26033163E-04
2.44332996E-01  7.57172778E-02  4.11437824E-04
2.44579673E-01  7.78902024E-02  4.14488139E-04
2.44826349E-01  7.74545819E-02  4.12883033E-04
2.45073026E-01  7.52521902E-02  4.02887264E-04
2.45319702E-01  7.87409842E-02  4.17199073E-04
2.45566378E-01  7.91785270E-02  4.17960226E-04
2.45813055E-01  7.91818276E-02  4.26114304E-04
2.46059731E-01  7.91742727E-02  4.28722735E-04
2.46306408E-01  7.92311579E-02  4.27390944E-04
2.46553084E-01  7.96157420E-02  4.22569923E-04
2.46799761E-01  7.75986612E-02  4.13744565E-04
2.47046437E-01  8.00694153E-02  4.24436032E-04
2.47293113E-01  7.93444514E-02  4.37299488E-04
2.47539790E-01  7.98610896E-02  4.39721276E-04
2.47786466E-01  7.78725669E-02  4.37662617E-04
2.48033143E-01  7.74208754E-02  4.24115686E-04
2.48279819E-01  7.94922933E-02  4.31269495E-04
2.48526496E-01  7.68967792E-02  4.27840539E-04
2.48773172E-01  7.87386075E-02  4.33765032E-04
2.49019848E-01  7.97753409E-02  4.39613010E-04
2.49266525E-01  7.79088065E-02  4.33279085E-04
2.49513201E-01  7.73592293E-02  4.38682066E-04
2.49759878E-01  8.03735331E-02  4.49965039E-04
2.50006554E-01  7.97480196E-02  4.53319837E-04
2.50253230E-01  7.81019926E-02  4.46132530E-04
2.50499907E-01  7.85667747E-02  4.52258333E-04
2.50746583E-01  7.90329352E-02  4.52938257E-04
2.50993260E-01  7.80951157E-02  4.48132632E-04
2.51239936E-01  7.90965557E-02  4.52359294E-04
2.51486613E-01  7.75613636E-02  4.41248325E-04
2.51733289E-01  7.81776160E-02  4.35991358E-04
2.51979965E-01  7.63500407E-02  4.49252344E-04
2.52226642E-01  7.93608651E-02  4.57454706E-04
2.52473318E-01  7.88765699E-02  4.55078611E-04
2.52719995E-01  8.00592825E-02  4.48973937E-04
2.52966671E-01  8.28195587E-02  4.56911483E-04
2.53213348E-01  7.84667879E-02  4.67575650E-04
2.53460024E-01  7.73605183E-02  4.55070083E-04
2.53706700E-01  7.87741840E-02  4.58958704E-04
2.53953377E-01  7.81128258E-02  4.59683186E-04
2.54200053E-01  7.69905820E-02  4.52494831E-04
2.54446730E-01  7.87918419E-02  4.77284892E-04
2.54693406E-01  7.87292197E-02  4.50626103E-04
2.54940083E-01  7.89765194E-02  4.45673941E-04
2.55186759E-01  7.80863240E-02  4.33453330E-04
2.55433435E-01  7.81516507E-02  4.34804591E-04
2.55680112E-01  7.92108402E-02  4.54402354E-04
2.55926788E-01  8.30933079E-02  4.58061084E-04
2.56173465E-01  8.08784813E-02  4.59144212E-04
2.56420141E-01  7.61618689E-02  4.27549676E-04
2.56666817E-01  8.11913833E-02  4.43288242E-04
2.56913494E-01  7.74888918E-02  4.44995792E-04
2.57160170E-01  7.75263608E-02  4.36235219E-04
2.57406847E-01  8.17264616E-02  4.51244327E-04
2.57653523E-01  7.78369382E-02  4.31185093E-04
2.57900200E-01  8.01348016E-02  4.42385644E-04
2.58146876E-01  8.10857713E-02  4.48242296E-04
2.58393552E-01  7.98207894E-02  4.29109437E-04
2.58640229E-01  7.92902708E-02  4.46167833E-04
2.58886905E-01  7.97281489E-02  4.36154252E-04
2.59133582E-01  7.80014992E-02  4.33952926E-04
2.59380258E-01  7.73838460E-02  4.36182163E-04
2.59626935E-01  7.94211775E-02  4.38886927E-04
2.59873611E-01  7.89219514E-02  4.42508725E-04
2.60120287E-01  7.67898411E-02  4.23204387E-04
2.60366964E-01  7.99488127E-02  4.41779819E-04
2.60613640E-01  8.04293379E-02  4.34707530E-04
2.60860317E-01  8.00702795E-02  4.32187051E-04
2.61106993E-01  8.16615894E-02  4.42164746E-04
2.61353670E-01  7.95241892E-02  4.23529214E-04
2.61600346E-01  7.86054432E-02  4.40914300E-04
2.61847022E-01  8.00973028E-02  4.33325447E-04
2.62093699E-01  7.90703893E-02  4.34522051E-04
2.62340375E-01  7.89170936E-02  4.30008338E-04
2.62587052E-01  7.84965679E-02  4.29519860E-04
2.62833728E-01  7.87070692E-02  4.24472732E-04
2.63080404E-01  7.78535157E-02  4.35866357E-04
2.63327081E-01  8.53481293E-02  4.54030407E-04
2.63573757E-01  8.06174129E-02  4.43757686E-04
2.63820434E-01  7.90200457E-02  4.33441426E-04
2.64067110E-01  7.80800059E-02  4.34900634E-04
2.64313787E-01  7.74625093E-02  4.33074252E-04
2.64560463E-01  7.84710273E-02  4.36688249E-04
2.64807139E-01  7.97684118E-02  4.36481787E-04
2.65053816E-01  7.88635537E-02  4.40951204E-04
2.65300492E-01  7.69593865E-02  4.17053176E-04
2.65547169E-01  7.88844377E-02  4.31635912E-04
2.65793845E-01  7.78048635E-02  4.26826795E-04
2.66040522E-01  8.04271400E-02  4.37465875E-04
2.66287198E-01  7.66382590E-02  4.33538225E-04
2.66533874E-01  7.71860704E-02  4.21309902E-04
2.66780551E-01  7.91776031E-02  4.28524567E-04
2.67027227E-01  7.89295286E-02  4.37341136E-04
2.67273904E-01  7.80349821E-02  4.28138912E-04
2.67520580E-01  8.15417469E-02  4.41722164E-04
2.67767256E-01  7.66293108E-02  4.23475722E-04
2.68013933E-01  7.69933984E-02  4.27302934E-04
2.68260609E-01  8.03145841E-02  4.44001867E-04
2.68507286E-01  8.19524080E-02  4.35161375E-04
2.68753962E-01  7.75428861E-02  4.23992809E-04
2.69000639E-01  7.97460750E-02  4.29249223E-04
2.69247315E-01  8.03449973E-02  4.40524105E-04
2.69493991E-01  7.88903236E-02  4.25683858E-04
2.69740668E-01  7.87823200E-02  4.26297542E-04
2.69987344E-01  8.03707242E-02  4.33154375E-04
2.70234021E-01  7.81767517E-02  4.25413280E-04
2.70480697E-01  7.77951702E-02  4.44060337E-04
2.70727374E-01  7.90768787E-02  4.36040107E-04
2.70974050E-01  7.84283802E-02  4.47020750E-04
2.71220726E-01  8.12893957E-02  4.51601401E-04
2.71467403E-01  8.06558132E-02  4.35770751E-04
2.71714079E-01  7.93770477E-02  4.44412552E-04
2.71960756E-01  7.95668364E-02  4.32053930E-04
2.72207432E-01  8.19278806E-02  4.47603990E-04
2.72454109E-01  7.94041157E-02  4.50936088E-04
2.72700785E-01  7.85669982E-02  4.40893375E-04
2.72947461E-01  7.54109100E-02  4.40640229E-04
2.73194138E-01  7.67948180E-02  4.33625275E-04
2.73440814E-01  7.95988068E-02  4.63785313E-04
2.73687491E-01  7.94407800E-02  4.44316451E-04
2.73934167E-01  8.17473158E-02  4.55786561E-04
2.74180843E-01  7.82350823E-02  4.44834499E-04
2.74427520E-01  8.22897702E-02  4.43445955E-04
2.74674196E-01  8.13665986E-02  4.63463919E-04
2.74920873E-01  7.82489628E-02  4.37111157E-04
2.75167549E-01  7.83915445E-02  4.52058535E-04
2.75414226E-01  8.22386369E-02  4.58413910E-04
2.75660902E-01  7.90217146E-02  4.46136866E-04
2.75907578E-01  8.09899047E-02  4.58376075E-04
2.76154255E-01  7.84094185E-02  4.56162525E-04
2.76400931E-01  8.10497478E-02  4.62669763E-04
2.76647608E-01  8.30057561E-02  4.53188521E-04
2.76894284E-01  7.87589997E-02  4.65496880E-04
2.77140961E-01  8.07677433E-02  4.52509586E-04
2.77387637E-01  8.24872181E-02  4.56892478E-04
2.77634313E-01  8.19233209E-02  4.55226982E-04
2.77880990E-01  8.23555067E-02  4.57259739E-04
2.78127666E-01  8.15807506E-02  4.60781186E-04
2.78374343E-01  7.74884149E-02  4.60300973E-04
2.78621019E-01  7.86028355E-02  4.44494159E-04
2.78867695E-01  8.27289745E-02  4.68095997E-04
2.79114372E-01  8.04706365E-02  4.59043513E-04
2.79361048E-01  8.10558721E-02  4.64579585E-04
2.79607725E-01  8.20083469E-02  4.67354199E-04
2.79854401E-01  7.91557059E-02  4.58436465E-04
2.80101078E-01  8.17958638E-02  4.71580337E-04
2.80347754E-01  7.90771022E-02  4.48139152E-04
2.80594430E-01  7.99762383E-02  4.56883950E-04
2.80841107E-01  8.11413676E-02  4.67537349E-04
2.81087783E-01  8.02653283E-02  4.53453569E-04
2.81334460E-01  7.66554698E-02  4.53598594E-04
2.81581136E-01  8.24442804E-02  4.61045100E-04
2.81827813E-01  8.15264955E-02  4.71610081E-04
2.82074489E-01  8.05296451E-02  4.59052360E-04
2.82321165E-01  7.87927732E-02  4.62730270E-04
2.82567842E-01  7.79855922E-02  4.66823083E-04
2.82814518E-01  7.87037313E-02  4.49351181E-04
2.83061195E-01  7.77430236E-02  4.50352964E-04
2.83307871E-01  7.98530430E-02  4.75564098E-04
2.83554548E-01  7.88823217E-02  4.50317864E-04
2.83801224E-01  7.73677528E-02  4.60190407E-04
2.84047900E-01  8.09227079E-02  4.59373376E-04
2.84294577E-01  8.04265812E-02  4.62420721E-04
2.84541253E-01  7.89738968E-02  4.59141011E-04
2.84787930E-01  8.15852210E-02  4.67633392E-04
2.85034606E-01  8.07819813E-02  4.65563091E-04
2.85281282E-01  8.04636329E-02  4.65473568E-04
2.85527959E-01  8.08918849E-02  4.49291198E-04
2.85774635E-01  7.88047835E-02  4.65784105E-04
2.86021312E-01  8.21656138E-02  4.73132677E-04
2.86267988E-01  8.04045200E-02  4.78282833E-04
2.86514665E-01  7.80946761E-02  4.53856046E-04
2.86761341E-01  7.59468377E-02  4.48543869E-04
2.87008017E-01  8.02976564E-02  4.49742423E-04
2.87254694E-01  7.82813281E-02  4.64041164E-04
2.87501370E-01  7.93883204E-02  4.61809337E-04
2.87748047E-01  7.78874084E-02  4.59240313E-04
2.87994723E-01  8.21526274E-02  4.89168568E-04
2.88241400E-01  8.32859278E-02  4.67358273E-04
2.88488076E-01  7.92802796E-02  4.56453359E-04
2.88734752E-01  7.69563690E-02  4.48740611E-04
2.88981429E-01  8.01420808E-02  4.66766622E-04
2.89228105E-01  7.98324198E-02  4.50275431E-04
2.89474782E-01  8.03463012E-02  4.80814546E-04
2.89721458E-01  7.67438263E-02  4.49131097E-04
2.89968134E-01  7.92181715E-02  4.68873186E-04
2.90214811E-01  8.10312182E-02  4.69732680E-04
2.90461487E-01  7.81175569E-02  4.65805351E-04
2.90708164E-01  8.03116858E-02  4.65303106E-04
2.90954840E-01  8.08734745E-02  4.73544584E-04
2.91201517E-01  7.93559253E-02  4.58208699E-04
2.91448193E-01  7.84384608E-02  4.55967791E-04
2.91694869E-01  8.04444477E-02  4.70182044E-04
2.91941546E-01  7.82516226E-02  4.60714247E-04
2.92188222E-01  8.19490030E-02  4.75953042E-04
2.92434899E-01  7.94980153E-02  4.60779964E-04
2.92681575E-01  8.02937523E-02  4.70700150E-04
2.92928252E-01  7.98375309E-02  4.45734768E-04
2.93174928E-01  8.03604349E-02  4.73934866E-04
2.93421604E-01  8.07652920E-02  4.68026585E-04
2.93668281E-01  8.28925371E-02  4.80144139E-04
2.93914957E-01  8.03238600E-02  4.79728129E-04
2.94161634E-01  7.86608756E-02  4.62089753E-04
2.94408310E-01  7.78652728E-02  4.61539428E-04
2.94654987E-01  7.97404051E-02  4.75950335E-04
2.94901663E-01  7.76963010E-02  4.57807706E-04
2.95148339E-01  8.25138837E-02  4.74925386E-04
2.95395016E-01  7.91027248E-02  4.65354242E-04
2.95641692E-01  7.79317915E-02  4.61518415E-04
2.95888369E-01  8.00819770E-02  4.55959613E-04
2.96135045E-01  7.81480595E-02  4.66899714E-04
2.96381721E-01  7.75193796E-02  4.63167729E-04
2.96628398E-01  8.01839530E-02  4.60488372E-04
2.96875074E-01  8.01981166E-02  4.57331538E-04
2.97121751E-01  7.71011263E-02  4.51881438E-04
2.97368427E-01  7.88253620E-02  4.55537374E-04
2.97615104E-01  7.98160583E-02  4.58457303E-04
2.97861780E-01  7.85093755E-02  4.68503829E-04
2.98108456E-01  8.18393230E-02  4.71886626E-04
2.98355133E-01  7.67847076E-02  4.62144613E-04
2.98601809E-01  7.80346990E-02  4.57935006E-04
2.98848486E-01  7.75922611E-02  4.64462442E-04
2.99095162E-01  7.87917003E-02  4.73298162E-04
2.99341839E-01  7.86840618E-02  4.56815935E-04
2.99588515E-01  7.90997073E-02  4.50722931E-04
2.99835191E-01  7.90222585E-02  4.71337378E-04
3.00081868E-01  7.91329369E-02  4.63932724E-04
3.00328544E-01  7.87610039E-02  4.56147041E-04
3.00575221E-01  7.88088813E-02  4.63622098E-04
3.00821897E-01  7.66969770E-02  4.51183005E-04
3.01068574E-01  7.90941343E-02  4.80272691E-04
3.01315250E-01  8.20259303E-02  4.68463521E-04
3.01561926E-01  7.85011649E-02  4.64405777E-04
3.01808603E-01  8.16277713E-02  4.76818706E-04
3.02055279E-01  8.37114677E-02  4.84585005E-04
3.02301956E-01  8.39695483E-02  4.72598738E-04
3.02548632E-01  8.15703645E-02  4.75137873E-04
3.02795308E-01  8.27653483E-02  4.70154482E-04
3.03041985E-01  8.65438208E-02  4.99783782E-04
3.03288661E-01  8.70385394E-02  5.12316765E-04
3.03535338E-01  8.75293836E-02  5.18356333E-04
3.03782014E-01  9.18546915E-02  5.29756071E-04
3.04028691E-01  9.23621729E-02  5.26467687E-04
3.04275367E-01  9.25859362E-02  5.33985265E-04
3.04522043E-01  9.34916213E-02  5.46665222E-04
3.04768720E-01  1.00104555E-01  5.51689183E-04
3.05015396E-01  9.19565111E-02  5.19477704E-04
3.05262073E-01  9.19239148E-02  5.38874185E-04
3.05508749E-01  9.29671228E-02  5.48004988E-04
3.05755426E-01  9.50704068E-02  5.29714569E-04
3.06002102E-01  9.11604539E-02  5.19216817E-04
3.06248778E-01  9.36029032E-02  5.21758397E-04
3.06495455E-01  9.19056311E-02  5.33515471E-04
3.06742131E-01  9.06964317E-02  5.10679558E-04
3.06988808E-01  9.11781713E-02  5.32230013E-04
3.07235484E-01  9.02160481E-02  5.27043536E-04
3.07482160E-01  8.54388252E-02  5.07337973E-04
3.07728837E-01  8.32420886E-02  4.89662983E-04
3.07975513E-01  8.31437930E-02  4.89852566E-04
3.08222190E-01  8.10156986E-02  4.73956752E-04
3.08468866E-01  7.90371820E-02  4.58105409E-04
3.08715543E-01  7.83775151E-02  4.57385642E-04
3.08962219E-01  8.14325511E-02  4.63764794E-04
3.09208895E-01  7.90716484E-02  4.70176921E-04
3.09455572E-01  7.75093585E-02  4.71825217E-04
3.09702248E-01  7.87829831E-02  4.54308291E-04
3.09948925E-01  7.61869550E-02  4.73785651E-04
3.10195601E-01  7.79269412E-02  4.55540401E-04
3.10442278E-01  7.83007145E-02  4.74088883E-04
3.10688954E-01  7.94203281E-02  4.68386541E-04
3.10935630E-01  7.72374347E-02  4.53292334E-04
3.11182307E-01  7.99190179E-02  4.72067273E-04
3.11428983E-01  7.76837841E-02  4.69677296E-04
3.11675660E-01  8.19430500E-02  4.86884761E-04
3.11922336E-01  7.62118995E-02  4.72998800E-04
3.12169013E-01  8.00557882E-02  4.64762299E-04
3.12415689E-01  8.02100226E-02  4.88847843E-04
3.12662365E-01  7.98501223E-02  4.80851566E-04
3.12909042E-01  8.11893940E-02  4.68486774E-04
3.13155718E-01  8.08439851E-02  4.72922926E-04
3.13402395E-01  7.51672909E-02  4.46719496E-04
3.13649071E-01  7.98184723E-02  4.80501534E-04
3.13895747E-01  7.82291219E-02  4.55926696E-04
3.14142424E-01  7.94994831E-02  4.77843423E-04
3.14389100E-01  8.15166235E-02  4.84443852E-04
3.14635777E-01  7.66105801E-02  4.64153360E-04
3.14882453E-01  7.81137869E-02  4.71056555E-04
3.15129130E-01  7.63732493E-02  4.56530805E-04
3.15375806E-01  7.73625001E-02  4.59262490E-04
3.15622482E-01  7.95050263E-02  4.59599018E-04
3.15869159E-01  7.84463361E-02  4.61899326E-04
3.16115835E-01  7.71608204E-02  4.54528519E-04
3.16362512E-01  8.05935860E-02  4.74971806E-04
3.16609188E-01  7.97538310E-02  4.85661061E-04
3.16855865E-01  8.13043043E-02  4.81159863E-04
3.17102541E-01  7.80247077E-02  4.64227633E-04
3.17349217E-01  7.73264766E-02  4.59467206E-04
3.17595894E-01  7.67889991E-02  4.59311734E-04
3.17842570E-01  8.01533759E-02  4.88042104E-04
3.18089247E-01  7.78857991E-02  4.61297488E-04
3.18335923E-01  7.87264109E-02  4.65259160E-04
3.18582599E-01  7.90126249E-02  4.55468515E-04
3.18829276E-01  7.82952979E-02  4.53633256E-04
3.19075952E-01  8.10709670E-02  4.61663236E-04
3.19322629E-01  8.02529380E-02  4.69016319E-04
3.19569305E-01  7.81519786E-02  4.68171842E-04
3.19815982E-01  7.87722617E-02  4.71487670E-04
3.20062658E-01  7.86878988E-02  4.75044391E-04
3.20309334E-01  7.77122751E-02  4.60235897E-04
3.20556011E-01  8.16894770E-02  4.86388220E-04
3.20802687E-01  8.01223591E-02  4.78537928E-04
3.21049364E-01  7.85989463E-02  4.67577687E-04
3.21296040E-01  7.93768764E-02  4.70394210E-04
3.21542717E-01  7.59927332E-02  4.59190720E-04
3.21789393E-01  8.01601037E-02  4.72414249E-04
3.22036069E-01  8.17718655E-02  4.76928777E-04
3.22282746E-01  7.94526041E-02  4.61211341E-04
3.22529422E-01  7.69380331E-02  4.66675032E-04
3.22776099E-01  7.99452141E-02  4.83557087E-04
3.23022775E-01  7.71457180E-02  4.67540260E-04
3.23269452E-01  7.80603066E-02  4.55263536E-04
3.23516128E-01  7.90932998E-02  4.66882077E-04
3.23762804E-01  7.77480751E-02  4.74071887E-04
3.24009481E-01  7.69177601E-02  4.59934032E-04
3.24256157E-01  7.99884945E-02  4.76857909E-04
3.24502834E-01  7.79670104E-02  4.63028991E-04
3.24749510E-01  7.99515545E-02  4.60091105E-04
3.24996186E-01  7.83971325E-02  4.79419861E-04
3.25242863E-01  7.84986913E-02  4.55337780E-04
3.25489539E-01  7.79844671E-02  4.82559204E-04
3.25736216E-01  7.94930309E-02  4.72914340E-04
3.25982892E-01  8.11877996E-02  4.78680333E-04
3.26229569E-01  7.95579031E-02  4.78189584E-04
3.26476245E-01  7.88648427E-02  4.61750751E-04
3.26722921E-01  7.88348615E-02  4.63256001E-04
3.26969598E-01  7.98491463E-02  4.70459345E-04
3.27216274E-01  8.00332576E-02  4.79634182E-04
3.27462951E-01  7.93863609E-02  4.73205931E-04
3.27709627E-01  8.13836902E-02  4.73576278E-04
3.27956304E-01  8.15941989E-02  4.74147790E-04
3.28202980E-01  8.22768062E-02  4.86237986E-04
3.28449656E-01  7.99631700E-02  4.73906548E-04
3.28696333E-01  7.78636634E-02  4.54330380E-04
3.28943009E-01  8.15323070E-02  4.77637135E-04
3.29189686E-01  7.95641914E-02  4.76898713E-04
3.29436362E-01  7.89655820E-02  4.64407931E-04
3.29683039E-01  8.28422382E-02  4.87691839E-04
3.29929715E-01  7.91786686E-02  4.77539899E-04
3.30176391E-01  8.19557160E-02  4.75940091E-04
3.30423068E-01  8.18423405E-02  4.89854137E-04
3.30669744E-01  8.40392858E-02  4.74765140E-04
3.30916421E-01  8.30035657E-02  4.89679631E-04
3.31163097E-01  7.93948770E-02  4.74141008E-04
3.31409773E-01  7.66479000E-02  4.61340533E-04
3.31656450E-01  7.68452808E-02  4.67461039E-04
3.31903126E-01  8.00415874E-02  4.69326362E-04
3.32149803E-01  8.18039849E-02  4.84673306E-04
3.32396479E-01  7.87937567E-02  4.70185303E-04
3.32643156E-01  8.08517337E-02  4.75224340E-04
3.32889832E-01  8.13185647E-02  4.85864730E-04
3.33136508E-01  8.16779435E-02  4.77568537E-04
3.33383185E-01  8.22993517E-02  4.91479586E-04
3.33629861E-01  8.01177919E-02  4.76116926E-04
3.33876538E-01  8.25861394E-02  4.90970036E-04
3.34123214E-01  8.29934552E-02  4.73128050E-04
3.34369891E-01  8.12596008E-02  4.89075261E-04
3.34616567E-01  8.01217854E-02  4.70154075E-04
3.34863243E-01  7.86958486E-02  4.71440668E-04
3.35109920E-01  8.11191574E-02  4.90462058E-04
3.35356596E-01  8.00122991E-02  4.66868689E-04
3.35603273E-01  7.93539435E-02  4.66155703E-04
3.35849949E-01  8.05909038E-02  4.76903399E-04
3.36096625E-01  8.20770785E-02  4.93800326E-04
3.36343302E-01  8.27407464E-02  4.81142168E-04
3.36589978E-01  8.06558281E-02  4.64693003E-04
3.36836655E-01  8.24933499E-02  4.78153321E-04
3.37083331E-01  7.93348104E-02  4.73346881E-04
3.37330008E-01  8.29073340E-02  4.87588375E-04
3.37576684E-01  7.96192214E-02  4.77087829E-04
3.37823360E-01  8.14531669E-02  4.82225994E-04
3.38070037E-01  8.08955729E-02  4.74866567E-04
3.38316713E-01  7.83980191E-02  4.68855113E-04
3.38563390E-01  8.01690519E-02  4.82844422E-04
3.38810066E-01  8.09773803E-02  4.82597970E-04
3.39056743E-01  8.46104324E-02  4.76006855E-04
3.39303419E-01  8.26451778E-02  4.89963742E-04
3.39550095E-01  8.09258148E-02  4.74886445E-04
3.39796772E-01  8.30174461E-02  4.92522784E-04
3.40043448E-01  7.89432898E-02  4.73242340E-04
3.40290125E-01  8.49464312E-02  5.01628558E-04
3.40536801E-01  7.89678916E-02  4.79423325E-04
3.40783478E-01  8.33180398E-02  4.97021421E-04
3.41030154E-01  7.73712695E-02  4.63460427E-04
3.41276830E-01  8.13305750E-02  4.77378053E-04
3.41523507E-01  8.07978138E-02  4.81903233E-04
3.41770183E-01  8.10422376E-02  4.89484693E-04
3.42016860E-01  8.33975598E-02  4.94267500E-04
3.42263536E-01  8.28730911E-02  4.94697015E-04
3.42510212E-01  8.43708739E-02  4.96652210E-04
3.42756889E-01  8.08302686E-02  4.88282705E-04
3.43003565E-01  8.46461952E-02  4.85268101E-04
3.43250242E-01  7.98541605E-02  4.71825129E-04
3.43496918E-01  8.29149112E-02  5.01252594E-04
3.43743595E-01  7.95675069E-02  4.76554444E-04
3.43990271E-01  8.29509422E-02  4.82029485E-04
3.44236947E-01  7.79755935E-02  4.61116928E-04
3.44483624E-01  8.37793350E-02  4.86644509E-04
3.44730300E-01  7.90331513E-02  4.81392752E-04
3.44976977E-01  7.77265579E-02  4.65651799E-04
3.45223653E-01  8.04288164E-02  4.68247657E-04
3.45470330E-01  7.98240826E-02  4.78645467E-04
3.45717006E-01  7.97881335E-02  4.69967432E-04
3.45963682E-01  8.28162134E-02  4.93941188E-04
3.46210359E-01  8.01854208E-02  4.72801825E-04
3.46457035E-01  8.26750919E-02  4.79209790E-04
3.46703712E-01  8.13273042E-02  4.78594855E-04
3.46950388E-01  8.02927241E-02  4.78143163E-04
3.47197064E-01  7.85835013E-02  4.72981192E-04
3.47443741E-01  8.01137164E-02  4.84751974E-04
3.47690417E-01  8.45195130E-02  4.82490053E-04
3.47937094E-01  7.60663301E-02  4.61680960E-04
3.48183770E-01  8.01188648E-02  4.86657955E-04
3.48430447E-01  7.70373791E-02  4.74153931E-04
3.48677123E-01  7.93357417E-02  4.78890783E-04
3.48923799E-01  7.98332244E-02  4.75324632E-04
3.49170476E-01  8.06889459E-02  4.76788118E-04
3.49417152E-01  8.00470337E-02  4.68106969E-04
3.49663829E-01  8.08953792E-02  4.62968834E-04
3.49910505E-01  8.16436782E-02  4.71306528E-04
3.50157182E-01  8.07934925E-02  4.78793459E-04
3.50403858E-01  7.89864957E-02  4.59013536E-04
3.50650534E-01  7.74088949E-02  4.62356053E-04
3.50897211E-01  7.75036290E-02  4.78305708E-04
3.51143887E-01  7.91248083E-02  4.76196699E-04
3.51390564E-01  8.07168335E-02  4.80372808E-04
3.51637240E-01  7.68614039E-02  4.62148455E-04
3.51883917E-01  7.87386820E-02  4.67527017E-04
3.52130593E-01  7.93800578E-02  4.72524058E-04
3.52377269E-01  7.99489617E-02  4.72694956E-04
3.52623946E-01  7.80164078E-02  4.75265551E-04
3.52870622E-01  7.97740296E-02  4.62704018E-04
3.53117299E-01  8.16205591E-02  4.75093868E-04
3.53363975E-01  7.72826150E-02  4.70464554E-04
3.53610651E-01  7.74761364E-02  4.63405275E-04
3.53857328E-01  7.84599558E-02  4.78006026E-04
3.54104004E-01  7.94580057E-02  4.68357670E-04
3.54350681E-01  7.83085674E-02  4.73933993E-04
3.54597357E-01  7.62665644E-02  4.56772279E-04
3.54844034E-01  7.65864328E-02  4.67383565E-04
3.55090710E-01  7.65721723E-02  4.59018658E-04
3.55337386E-01  7.64461830E-02  4.65074118E-04
3.55584063E-01  7.40985423E-02  4.60434589E-04
3.55830739E-01  7.73812011E-02  4.58633178E-04
3.56077416E-01  7.83338621E-02  4.62985336E-04
3.56324092E-01  7.63475299E-02  4.57474816E-04
3.56570769E-01  7.81780481E-02  4.75064240E-04
3.56817445E-01  7.86567479E-02  4.60415642E-04
3.57064121E-01  7.77526721E-02  4.53625311E-04
3.57310798E-01  7.61737078E-02  4.61754942E-04
3.57557474E-01  7.72351474E-02  4.68347716E-04
3.57804151E-01  7.73520470E-02  4.62031690E-04
3.58050827E-01  7.76652172E-02  4.71131963E-04
3.58297503E-01  7.57108256E-02  4.62283060E-04
3.58544180E-01  7.68587738E-02  4.66859579E-04
3.58790856E-01  7.75077567E-02  4.66508936E-04
3.59037533E-01  7.54247606E-02  4.58106282E-04
3.59284209E-01  8.14586505E-02  4.93475411E-04
3.59530886E-01  7.68398717E-02  4.72331274E-04
3.59777562E-01  7.89082944E-02  4.64198558E-04
3.60024238E-01  7.59799033E-02  4.53157700E-04
3.60270915E-01  7.56312311E-02  4.60761483E-04
3.60517591E-01  7.69264922E-02  4.64083307E-04
3.60764268E-01  7.77323470E-02  4.59897856E-04
3.61010944E-01  7.58415982E-02  4.55963920E-04
3.61257621E-01  7.85950944E-02  4.79925773E-04
3.61504297E-01  7.62759522E-02  4.49643790E-04
3.61750973E-01  7.34810680E-02  4.62320255E-04
3.61997650E-01  7.63901472E-02  4.69847146E-04
3.62244326E-01  7.73510337E-02  4.68049257E-04
3.62491003E-01  7.36328363E-02  4.61543503E-04
3.62737679E-01  7.28773847E-02  4.55621077E-04
3.62984356E-01  7.47604892E-02  4.67403384E-04
3.63231032E-01  7.08055273E-02  4.49799409E-04
3.63477708E-01  7.79594779E-02  4.68307873E-04
3.63724385E-01  7.70087913E-02  4.65763733E-04
3.63971061E-01  7.59711415E-02  4.60486917E-04
3.64217738E-01  7.45284781E-02  4.62262775E-04
3.64464414E-01  7.31161535E-02  4.49257728E-04
3.64711090E-01  7.32805356E-02  4.61339543E-04
3.64957767E-01  7.63763562E-02  4.64721466E-04
3.65204443E-01  7.36229941E-02  4.52605047E-04
3.65451120E-01  7.64485374E-02  4.67567210E-04
3.65697796E-01  7.42506757E-02  4.50402120E-04
3.65944473E-01  7.66248405E-02  4.58849565E-04
3.66191149E-01  7.69515932E-02  4.61717544E-04
3.66437825E-01  7.40068331E-02  4.46639548E-04
3.66684502E-01  7.36607611E-02  4.55366011E-04
3.66931178E-01  7.50166401E-02  4.64882469E-04
3.67177855E-01  7.19636828E-02  4.38111485E-04
3.67424531E-01  7.18199611E-02  4.52234235E-04
3.67671208E-01  7.23785385E-02  4.53917601E-04
3.67917884E-01  7.52154812E-02  4.60728421E-04
3.68164560E-01  7.46804252E-02  4.55199130E-04
3.68411237E-01  7.53955394E-02  4.58876108E-04
3.68657913E-01  7.47746378E-02  4.44301520E-04
3.68904590E-01  7.32106343E-02  4.65311110E-04
3.69151266E-01  7.29374960E-02  4.49040934E-04
3.69397943E-01  7.37991259E-02  4.58599272E-04
3.69644619E-01  7.22540990E-02  4.56608192E-04
3.69891295E-01  7.59015605E-02  4.63305885E-04
3.70137972E-01  7.49626011E-02  4.60852083E-04
3.70384648E-01  7.24758506E-02  4.44939535E-04
3.70631325E-01  7.55848736E-02  4.52183944E-04
3.70878001E-01  7.63384253E-02  4.56784066E-04
3.71124677E-01  7.50673860E-02  4.47612227E-04
3.71371354E-01  7.47397244E-02  4.57664777E-04
3.71618030E-01  7.53873065E-02  4.53305140E-04
3.71864707E-01  7.12437034E-02  4.42618446E-04
3.72111383E-01  7.40528405E-02  4.60254174E-04
3.72358060E-01  7.12689683E-02  4.51961678E-04
3.72604736E-01  7.39700645E-02  4.61815798E-04
3.72851412E-01  7.24057853E-02  4.52260574E-04
3.73098089E-01  7.11652562E-02  4.49089712E-04
3.73344765E-01  7.24748597E-02  4.43746336E-04
3.73591442E-01  7.54062533E-02  4.62783268E-04
3.73838118E-01  7.25905821E-02  4.49268642E-04
3.74084795E-01  7.02783614E-02  4.39003110E-04
3.74331471E-01  7.45931938E-02  4.47980361E-04
3.74578147E-01  7.48592392E-02  4.54111636E-04
3.74824824E-01  7.50970691E-02  4.55065630E-04
3.75071500E-01  7.25489482E-02  4.52336884E-04
3.75318177E-01  7.49602243E-02  4.49172541E-04
3.75564853E-01  7.52890408E-02  4.65976074E-04
3.75811529E-01  7.36883208E-02  4.53349407E-04
3.76058206E-01  7.34649599E-02  4.53919260E-04
3.76304882E-01  7.12034702E-02  4.56610782E-04
3.76551559E-01  7.64190480E-02  4.61428048E-04
3.76798235E-01  7.35966191E-02  4.44530713E-04
3.77044912E-01  7.24742562E-02  4.52382723E-04
3.77291588E-01  7.44039938E-02  4.67254984E-04
3.77538264E-01  7.09962100E-02  4.60559037E-04
3.77784941E-01  7.37987682E-02  4.59252973E-04
3.78031617E-01  7.41460845E-02  4.57670219E-04
3.78278294E-01  7.37672523E-02  4.55405272E-04
3.78524970E-01  7.00638220E-02  4.45755548E-04
3.78771647E-01  7.26995170E-02  4.52695705E-04
3.79018323E-01  7.19756782E-02  4.57608839E-04
3.79264999E-01  7.17516392E-02  4.45452955E-04
3.79511676E-01  7.35388920E-02  4.51336236E-04
3.79758352E-01  7.29866922E-02  4.52149747E-04
3.80005029E-01  7.35052973E-02  4.49981220E-04
3.80251705E-01  7.03141764E-02  4.32122819E-04
3.80498382E-01  7.25133270E-02  4.42708639E-04
3.80745058E-01  7.06745610E-02  4.53683810E-04
3.80991734E-01  7.55705312E-02  4.69302147E-04
3.81238411E-01  7.45442659E-02  4.59629489E-04
3.81485087E-01  7.48623163E-02  4.62113676E-04
3.81731764E-01  7.51992390E-02  4.79640963E-04
3.81978440E-01  7.32212365E-02  4.80139191E-04
3.82225116E-01  6.97215497E-02  4.60584590E-04
3.82471793E-01  7.08090961E-02  4.80837974E-04
3.82718469E-01  7.28043914E-02  4.72298008E-04
3.82965146E-01  7.50039965E-02  4.88087331E-04
3.83211822E-01  7.05045089E-02  4.82834788E-04
3.83458499E-01  7.19865337E-02  4.77600290E-04
3.83705175E-01  6.96445778E-02  4.81352297E-04
3.83951851E-01  7.21763372E-02  4.97985340E-04
3.84198528E-01  7.74051994E-02  5.14602405E-04
3.84445204E-01  7.41591081E-02  4.98531095E-04
3.84691881E-01  7.31233880E-02  5.01707022E-04
3.84938557E-01  7.29125738E-02  4.94859123E-04
3.85185234E-01  7.13636279E-02  4.99484653E-04
3.85431910E-01  7.54690245E-02  5.24031580E-04
3.85678586E-01  7.21738264E-02  5.07074292E-04
3.85925263E-01  7.39349201E-02  5.02256444E-04
3.86171939E-01  7.64385387E-02  5.21523703E-04
3.86418616E-01  7.05232397E-02  5.14268817E-04
3.86665292E-01  7.47167990E-02  5.36921318E-04
3.86911968E-01  7.44496658E-02  5.22973831E-04
3.87158645E-01  7.29311183E-02  5.10347250E-04
3.87405321E-01  7.51905218E-02  5.27671888E-04
3.87651998E-01  6.81788474E-02  4.98132489E-04
3.87898674E-01  7.58924335E-02  5.54000551E-04
3.88145351E-01  6.93471804E-02  5.10165759E-04
3.88392027E-01  7.12663829E-02  5.39965346E-04
3.88638703E-01  7.16607347E-02  5.23168419E-04
3.88885380E-01  7.37387240E-02  5.12384286E-04
3.89132056E-01  7.55234063E-02  5.53641643E-04
3.89378733E-01  7.07539916E-02  5.24908770E-04
3.89625409E-01  7.28936791E-02  5.57336025E-04
3.89872086E-01  7.54167363E-02  5.30951191E-04
3.90118762E-01  7.27141649E-02  5.41495043E-04
3.90365438E-01  6.93330243E-02  4.88640158E-04
3.90612115E-01  7.38984495E-02  5.18124492E-04
3.90858791E-01  7.32789412E-02  5.04513679E-04
3.91105468E-01  7.34709948E-02  5.13017876E-04
3.91352144E-01  7.16657639E-02  5.19151858E-04
3.91598821E-01  7.10925981E-02  5.03415533E-04
3.91845497E-01  7.30072260E-02  4.98424750E-04
3.92092173E-01  7.12844506E-02  5.27110882E-04
3.92338850E-01  7.07542822E-02  4.98684996E-04
3.92585526E-01  7.23718926E-02  4.86443168E-04
3.92832203E-01  7.07016662E-02  5.07104094E-04
3.93078879E-01  7.22787827E-02  4.87867685E-04
3.93325555E-01  7.59232715E-02  5.00485825E-04
3.93572232E-01  7.07225427E-02  4.89214435E-04
3.93818908E-01  7.44434595E-02  5.13177074E-04
3.94065585E-01  7.47388825E-02  4.97872941E-04
3.94312261E-01  7.19848871E-02  4.94248117E-04
3.94558938E-01  7.38268718E-02  4.93006082E-04
3.94805614E-01  7.15759024E-02  4.76190762E-04
3.95052290E-01  7.12092668E-02  4.98221081E-04
3.95298967E-01  6.94396943E-02  4.86770528E-04
3.95545643E-01  7.09019527E-02  4.87725018E-04
3.95792320E-01  6.99708015E-02  4.80102404E-04
3.96038996E-01  7.62543753E-02  5.13168110E-04
3.96285673E-01  6.95978031E-02  4.69159801E-04
3.96532349E-01  6.83667213E-02  4.73431282E-04
3.96779025E-01  7.18486160E-02  5.05910779E-04
3.97025702E-01  6.91930503E-02  4.79155715E-04
3.97272378E-01  7.11076036E-02  4.80002869E-04
3.97519055E-01  7.05754235E-02  4.76907531E-04
3.97765731E-01  7.13806823E-02  4.80794202E-04
3.98012407E-01  7.11279511E-02  4.84416174E-04
3.98259084E-01  7.28390291E-02  4.75712150E-04
3.98505760E-01  7.25394487E-02  4.93994448E-04
3.98752437E-01  7.09874257E-02  4.76079411E-04
3.98999113E-01  7.16585889E-02  4.87720885E-04
3.99245790E-01  7.48492703E-02  5.00836701E-04
3.99492466E-01  7.09905475E-02  4.82105475E-04
3.99739142E-01  7.54555464E-02  4.98334120E-04
3.99985819E-01  7.25148320E-02  4.83475247E-04
4.00232495E-01  7.38961324E-02  4.84571094E-04
4.00479172E-01  7.49922022E-02  4.85997356E-04
4.00725848E-01  6.71590194E-02  4.57066228E-04
4.00972525E-01  7.29256198E-02  4.91247047E-04
4.01219201E-01  7.37681910E-02  4.74950735E-04
4.01465877E-01  7.44968429E-02  4.95401793E-04
4.01712554E-01  7.56759942E-02  4.82126896E-04
4.01959230E-01  7.34865814E-02  4.74338129E-04
4.02205907E-01  7.37329274E-02  4.88197082E-04
4.02452583E-01  7.39050284E-02  4.78594477E-04
4.02699260E-01  7.23077133E-02  4.80668590E-04
4.02945936E-01  7.14827627E-02  4.90529404E-04
4.03192612E-01  7.41344318E-02  4.82032949E-04
4.03439289E-01  7.53100961E-02  4.92129067E-04
4.03685965E-01  7.24148229E-02  4.73291002E-04
4.03932642E-01  7.68749639E-02  4.97447618E-04
4.04179318E-01  7.28132576E-02  4.84670862E-04
4.04425994E-01  7.46397451E-02  4.65580379E-04
4.04672671E-01  6.91274181E-02  4.74435219E-04
4.04919347E-01  6.96301237E-02  4.59520263E-04
4.05166024E-01  7.26179183E-02  4.82713484E-04
4.05412700E-01  7.09960461E-02  4.66067635E-04
4.05659377E-01  7.10191876E-02  4.86302102E-04
4.05906053E-01  7.18542337E-02  4.78705333E-04
4.06152729E-01  7.38591254E-02  4.87646495E-04
4.06399406E-01  7.19261989E-02  4.81861527E-04
4.06646082E-01  7.30330870E-02  4.74432483E-04
4.06892759E-01  7.23276809E-02  4.82743693E-04
4.07139435E-01  7.09379762E-02  4.67651378E-04
4.07386112E-01  7.29404017E-02  4.75229725E-04
4.07632788E-01  6.98775053E-02  4.71576641E-04
4.07879464E-01  7.10116103E-02  4.75694862E-04
4.08126141E-01  7.23921135E-02  4.97227767E-04
4.08372817E-01  7.46853203E-02  4.84542106E-04
4.08619494E-01  7.14483932E-02  4.74260363E-04
4.08866170E-01  6.98914751E-02  4.64458106E-04
4.09112847E-01  7.19930083E-02  4.67156235E-04
4.09359523E-01  7.16311187E-02  4.76165122E-04
4.09606199E-01  6.88430071E-02  4.66312980E-04
4.09852876E-01  6.83082119E-02  4.64447134E-04
4.10099552E-01  7.43165910E-02  4.88800346E-04
4.10346229E-01  7.48890936E-02  4.76349349E-04
4.10592905E-01  7.54683092E-02  4.85472352E-04
4.10839581E-01  7.26135075E-02  4.75956913E-04
4.11086258E-01  7.26096407E-02  4.87948797E-04
4.11332934E-01  7.46192336E-02  4.74812405E-04
4.11579611E-01  7.27491900E-02  4.78410017E-04
4.11826287E-01  7.24042356E-02  4.78929258E-04
4.12072964E-01  7.26271644E-02  4.68621351E-04
4.12319640E-01  7.26241469E-02  4.73189837E-04
4.12566316E-01  7.11484700E-02  4.83405049E-04
4.12812993E-01  7.16733485E-02  4.83680691E-04
4.13059669E-01  7.14660883E-02  4.79127717E-04
4.13306346E-01  7.38700852E-02  4.73052030E-04
4.13553022E-01  7.52619728E-02  4.85913217E-04
4.13799699E-01  7.32437894E-02  4.85002674E-04
4.14046375E-01  7.16020018E-02  4.79409384E-04
4.14293051E-01  6.96088746E-02  4.65495250E-04
4.14539728E-01  7.07536638E-02  4.71531064E-04
4.14786404E-01  7.19260201E-02  4.84165968E-04
4.15033081E-01  6.94886893E-02  4.74467641E-04
4.15279757E-01  7.26942644E-02  4.75235633E-04
4.15526433E-01  7.46584907E-02  4.94485139E-04
4.15773110E-01  7.19677806E-02  4.74052766E-04
4.16019786E-01  7.17140138E-02  4.60509473E-04
4.16266463E-01  7.08299577E-02  4.89633123E-04
4.16513139E-01  7.28095472E-02  4.78623406E-04
4.16759816E-01  7.18424693E-02  4.74207191E-04
4.17006492E-01  7.20345899E-02  4.61582124E-04
4.17253168E-01  7.23630637E-02  4.73949593E-04
4.17499845E-01  7.04970956E-02  4.65912221E-04
4.17746521E-01  7.11669177E-02  4.77319671E-04
4.17993198E-01  7.24947527E-02  4.67663049E-04
4.18239874E-01  7.29220435E-02  4.78795293E-04
4.18486551E-01  7.58012459E-02  4.80779796E-04
4.18733227E-01  6.99006021E-02  4.67505568E-04
4.18979903E-01  7.43277594E-02  4.83327778E-04
4.19226580E-01  7.18158334E-02  4.79137816E-04
4.19473256E-01  7.18405545E-02  4.86603298E-04
4.19719933E-01  7.41580054E-02  4.83259588E-04
4.19966609E-01  7.04080835E-02  4.78788395E-04
4.20213286E-01  7.30369240E-02  4.84348420E-04
4.20459962E-01  7.40153641E-02  4.88380494E-04
4.20706638E-01  7.20960200E-02  4.71681939E-04
4.20953315E-01  7.36828521E-02  4.75608889E-04
4.21199991E-01  7.02152699E-02  4.68037499E-04
4.21446668E-01  7.05255419E-02  4.59580187E-04
4.21693344E-01  7.19497353E-02  4.79039300E-04
4.21940020E-01  7.25406036E-02  4.72469372E-04
4.22186697E-01  6.97183758E-02  4.76216112E-04
4.22433373E-01  7.13980049E-02  4.46621270E-04
4.22680050E-01  7.28875473E-02  4.81925177E-04
4.22926726E-01  7.29922131E-02  4.75563196E-04
4.23173403E-01  7.20913261E-02  4.71233332E-04
4.23420079E-01  6.96003214E-02  4.66947560E-04
4.23666755E-01  7.08380193E-02  4.70213534E-04
4.23913432E-01  7.34800473E-02  4.81999596E-04
4.24160108E-01  7.21732900E-02  4.71931533E-04
4.24406785E-01  7.46867880E-02  4.94497130E-04
4.24653461E-01  7.07876831E-02  4.73821390E-04
4.24900138E-01  7.18461275E-02  4.59776114E-04
4.25146814E-01  7.07477182E-02  4.69026301E-04
4.25393490E-01  7.04793185E-02  4.76239657E-04
4.25640167E-01  7.07438067E-02  4.59992210E-04
4.25886843E-01  6.79867715E-02  4.56737966E-04
4.26133520E-01  7.29331672E-02  4.86498582E-04
4.26380196E-01  7.35365078E-02  4.79365903E-04
4.26626872E-01  7.21328482E-02  4.68032900E-04
4.26873549E-01  7.25361705E-02  4.88549296E-04
4.27120225E-01  7.15148970E-02  4.70449595E-04
4.27366902E-01  7.40828589E-02  4.86537145E-04
4.27613578E-01  7.02677891E-02  4.61893069E-04
4.27860255E-01  7.12214708E-02  4.87243524E-04
4.28106931E-01  7.16007426E-02  4.67498729E-04
4.28353607E-01  7.20549077E-02  4.74416593E-04
4.28600284E-01  7.21065775E-02  4.67622624E-04
4.28846960E-01  7.09389299E-02  4.94808366E-04
4.29093637E-01  7.03031644E-02  4.59208968E-04
4.29340313E-01  7.13942796E-02  4.74754546E-04
4.29586990E-01  7.31380135E-02  4.88323218E-04
4.29833666E-01  7.00345486E-02  4.59151168E-04
4.30080342E-01  7.13054389E-02  4.81295632E-04
4.30327019E-01  7.25069121E-02  4.92255494E-04
4.30573695E-01  7.44434595E-02  4.77449066E-04
4.30820372E-01  7.48838037E-02  4.87783138E-04
4.31067048E-01  7.17676282E-02  4.76115179E-04
4.31313725E-01  7.06902668E-02  4.70728730E-04
4.31560401E-01  6.92250431E-02  4.54995752E-04
4.31807077E-01  7.07893297E-02  4.81995521E-04
4.32053754E-01  7.10708424E-02  4.75590932E-04
4.32300430E-01  7.30964616E-02  4.77309892E-04
4.32547107E-01  7.49774948E-02  4.79023583E-04
4.32793783E-01  6.91312253E-02  4.62501397E-04
4.33040459E-01  7.04003721E-02  4.70958126E-04
4.33287136E-01  7.13969842E-02  4.70150553E-04
4.33533812E-01  6.80443943E-02  4.53689805E-04
4.33780489E-01  7.40205795E-02  4.75381850E-04
4.34027165E-01  6.99963346E-02  4.63005592E-04
4.34273842E-01  7.24884421E-02  4.70268889E-04
4.34520518E-01  7.03653768E-02  4.76800662E-04
4.34767194E-01  7.16049150E-02  4.81049909E-04
4.35013871E-01  7.42882565E-02  4.70321946E-04
4.35260547E-01  7.55724609E-02  4.95360175E-04
4.35507224E-01  7.01135322E-02  4.63337521E-04
4.35753900E-01  7.32689574E-02  4.86922043E-04
4.36000577E-01  7.13988915E-02  4.61920426E-04
4.36247253E-01  7.24473745E-02  4.73674852E-04
4.36493929E-01  6.98306039E-02  4.77120950E-04
4.36740606E-01  7.06251711E-02  4.49414132E-04
4.36987282E-01  7.16646537E-02  4.73574706E-04
4.37233959E-01  7.27161467E-02  4.66212747E-04
4.37480635E-01  7.39013478E-02  4.74322966E-04
4.37727311E-01  6.83933944E-02  4.69298189E-04
4.37973988E-01  7.19054788E-02  4.84521763E-04
4.38220664E-01  7.11291507E-02  4.77213965E-04
4.38467341E-01  7.18001723E-02  4.54967725E-04
4.38714017E-01  7.40198195E-02  4.77173046E-04
4.38960694E-01  7.11049512E-02  4.71152802E-04
4.39207370E-01  7.30191171E-02  4.75029286E-04
4.39454046E-01  7.21418858E-02  4.79811162E-04
4.39700723E-01  7.05163479E-02  4.73153399E-04
4.39947399E-01  6.98778927E-02  4.63789620E-04
4.40194076E-01  7.34849796E-02  4.61637683E-04
4.40440752E-01  7.17872605E-02  4.62467578E-04
4.40687429E-01  7.17937425E-02  4.74154251E-04
4.40934105E-01  7.10575208E-02  4.67387843E-04
4.41180781E-01  7.16505572E-02  4.63830889E-04
4.41427458E-01  7.26115033E-02  4.82570234E-04
4.41674134E-01  7.14559704E-02  4.50551277E-04
4.41920811E-01  6.99926838E-02  4.78270202E-04
4.42167487E-01  7.19187558E-02  4.66779573E-04
4.42414164E-01  7.17768148E-02  4.63415665E-04
4.42660840E-01  7.02880174E-02  4.79799841E-04
4.42907516E-01  7.04166070E-02  4.69811406E-04
4.43154193E-01  7.51760527E-02  4.83052281E-04
4.43400869E-01  7.10094646E-02  4.73452819E-04
4.43647546E-01  6.86229989E-02  4.63299657E-04
4.43894222E-01  7.04192445E-02  4.70681320E-04
4.44140898E-01  7.12930560E-02  4.61226504E-04
4.44387575E-01  6.84649870E-02  4.70960455E-04
4.44634251E-01  7.22436011E-02  4.72777087E-04
4.44880928E-01  7.10172206E-02  4.61833668E-04
4.45127604E-01  7.20527917E-02  4.78898903E-04
4.45374281E-01  7.11498559E-02  4.58172464E-04
4.45620957E-01  7.13153407E-02  4.62139782E-04
4.45867633E-01  7.25523904E-02  4.73884342E-04
4.46114310E-01  7.05441758E-02  4.58437018E-04
4.46360986E-01  7.22629875E-02  4.70145547E-04
4.46607663E-01  7.21432567E-02  4.77144669E-04
4.46854339E-01  6.93654343E-02  4.71877691E-04
4.47101016E-01  6.91713095E-02  4.63685836E-04
4.47347692E-01  7.17953816E-02  4.74196131E-04
4.47594368E-01  7.24348053E-02  4.88285499E-04
4.47841045E-01  6.95467368E-02  4.76494111E-04
4.48087721E-01  6.90950677E-02  4.68820799E-04
4.48334398E-01  7.32272863E-02  4.83045529E-04
4.48581074E-01  7.20869675E-02  4.66692727E-04
4.48827751E-01  7.26960674E-02  4.66520578E-04
4.49074427E-01  6.80098608E-02  4.60826792E-04
4.49321103E-01  7.09200874E-02  4.66358149E-04
4.49567780E-01  7.19335824E-02  4.69809311E-04
4.49814456E-01  7.07893446E-02  4.81630908E-04
4.50061133E-01  6.94904402E-02  4.60081530E-04
4.50307809E-01  7.22239763E-02  4.67341655E-04
4.50554485E-01  7.17927143E-02  4.76256653E-04
4.50801162E-01  7.41924196E-02  4.88391612E-04
4.51047838E-01  7.14631528E-02  4.71532607E-04
4.51294515E-01  7.31534958E-02  4.80115355E-04
4.51541191E-01  7.23316967E-02  4.61995049E-04
4.51787868E-01  7.11550936E-02  4.73058084E-04
4.52034544E-01  7.15800896E-02  4.82810836E-04
4.52281220E-01  6.91914782E-02  4.55998292E-04
4.52527897E-01  7.20834583E-02  4.71209642E-04
4.52774573E-01  7.17964694E-02  4.60081937E-04
4.53021250E-01  7.27415308E-02  4.63545060E-04
4.53267926E-01  7.00448975E-02  4.54637135E-04
4.53514603E-01  7.20240921E-02  4.69623512E-04
4.53761279E-01  6.92468956E-02  4.50614141E-04
4.54007955E-01  6.90841898E-02  4.64597455E-04
4.54254632E-01  7.49912038E-02  4.84337506E-04
4.54501308E-01  7.23000243E-02  4.55690169E-04
4.54747985E-01  6.97183385E-02  4.58113966E-04
4.54994661E-01  7.23141506E-02  4.67344973E-04
4.55241337E-01  6.94617778E-02  4.54963621E-04
4.55488014E-01  7.28395432E-02  4.53543413E-04
4.55734690E-01  7.18230456E-02  4.79193375E-04
4.55981367E-01  7.01339096E-02  4.70894069E-04
4.56228043E-01  7.06453621E-02  4.68886603E-04
4.56474720E-01  7.12990686E-02  4.65158984E-04
4.56721396E-01  6.90003335E-02  4.52617212E-04
4.56968072E-01  6.93632364E-02  4.70178842E-04
4.57214749E-01  7.07560629E-02  4.60173731E-04
4.57461425E-01  6.88268691E-02  4.51873406E-04
4.57708102E-01  7.23433122E-02  4.60911222E-04
4.57954778E-01  7.14222267E-02  4.73023829E-04
4.58201455E-01  7.06758127E-02  4.71010077E-04


### HEADER:
#
#{
#    "analysis": {},
#    "calibration_params": {
#        "Beam_Center_X": 1092.0,
#        "Beam_Center_Y": 2091.0,
#        "Detector Tilt": 0.0,
#        "Detector Tilt Plane Rotation": 0.0,
#        "Detector_X_Pixel_Size": 75.0,
#        "Detector_Y_Pixel_Size": 75.0,
#        "Integration Method": "nosplit_csr",
#        "Radial_Average_Method": "pyFAI",
#        "Sample-to-detector distance (mm)": 1731.0,
#        "Wavelength (A)": 1.0993212460550197
#    },
#    "config_file": "/mnt/home/chess_id7a/.RAW/backup.cfg",
#    "counters": {
#        "Epoch": "9.757",
#        "I1": "0",
#        "I2": "0",
#        "I3": "0",
#        "Seconds": "0.5",
#        "Time": "1.78814e-05",
#        "date": "Sat May 18 07:09:49 2024",
#        "diode": "20995"
#    },
#    "filename": "D1M0014_65C_000MPa_up_2_data_000001_00001.h5",
#    "history": {},
#    "imageHeader": {},
#    "load_path": "/nfs/chess/daq/current/id7a/Budin_05_16_24/D1M0014/D1M0014_65C_000MPa_up_2_data_000001.h5",
#    "normalizations": {
#        "Absolute_scale": {
#            "Absolute_scale_factor": 0.01111656324368444,
#            "Method": "Water"
#        },
#        "Counter_norms": [
#            [
#                "/",
#                "diode/150000"
#            ]
#        ],
#        "Polarization": {
#            "Used": false
#        },
#        "Solid_Angle_Correction": "On"
#    },
#    "raw_version": "2.1.4"
#}

