### DATA:
#
# 1823
#      Q             I(Q)           Error     
8.75701299E-03  3.45638655E-02  3.87306651E-03
9.00368942E-03  2.16024183E-02  3.08561535E-03
9.25036584E-03  4.37886976E-02  3.94632900E-03
9.49704226E-03  5.67063726E-02  4.16019140E-03
9.74371868E-03  6.62801936E-02  5.37778437E-03
9.99039511E-03  1.20973647E-01  7.28470692E-03
1.02370715E-02  1.19795360E-01  7.39697460E-03
1.04837480E-02  1.57591626E-01  9.54717398E-03
1.07304244E-02  2.14253828E-01  1.50292516E-02
1.09771008E-02  2.88595349E-01  1.81105100E-02
1.12237772E-02  3.96607727E-01  2.62286849E-02
1.14704536E-02  4.33434159E-01  3.00337076E-02
1.17171301E-02  6.09069765E-01  4.47186083E-02
1.19638065E-02  9.41250920E-01  7.02865943E-02
1.22104829E-02  1.42899203E+00  1.08197346E-01
1.24571593E-02  1.16586281E+02  1.20139132E+01
1.27038358E-02  2.30420410E+02  2.31853294E+01
1.29505122E-02  2.71901825E+02  2.34315815E+01
1.31971886E-02  1.98370361E+02  1.64667416E+01
1.34438650E-02  1.84186554E+02  1.48646908E+01
1.36905414E-02  1.63871353E+02  1.30623960E+01
1.39372179E-02  1.25907074E+02  9.78801346E+00
1.41838943E-02  1.16125069E+02  8.61416721E+00
1.44305707E-02  9.03450623E+01  6.50387383E+00
1.46772471E-02  8.02478943E+01  5.58286476E+00
1.49239236E-02  7.06683044E+01  4.80280781E+00
1.51706000E-02  5.65073318E+01  3.78031325E+00
1.54172764E-02  5.67891388E+01  3.83236861E+00
1.56639528E-02  4.64103470E+01  3.03868604E+00
1.59106292E-02  4.39449844E+01  2.78459096E+00
1.61573057E-02  4.04933624E+01  2.44708490E+00
1.64039821E-02  3.24211273E+01  1.88218737E+00
1.66506585E-02  3.27366028E+01  1.87156498E+00
1.68973349E-02  2.64118118E+01  1.47664797E+00
1.71440114E-02  2.71833096E+01  1.48680735E+00
1.73906878E-02  2.23441753E+01  1.16837001E+00
1.76373642E-02  2.17770691E+01  1.14930201E+00
1.78840406E-02  2.00477314E+01  1.04145575E+00
1.81307170E-02  1.75837269E+01  8.97431493E-01
1.83773935E-02  1.74605961E+01  8.74349535E-01
1.86240699E-02  1.46280003E+01  7.03499615E-01
1.88707463E-02  1.38516741E+01  6.60914361E-01
1.91174227E-02  1.29164381E+01  6.27753496E-01
1.93640992E-02  1.13576899E+01  5.60507834E-01
1.96107756E-02  1.08213120E+01  5.41221082E-01
1.98574520E-02  9.71346664E+00  4.37218189E-01
2.01041284E-02  8.25558853E+00  3.59404773E-01
2.03508048E-02  7.22485876E+00  3.03154975E-01
2.05974813E-02  6.17788696E+00  2.54118115E-01
2.08441577E-02  5.73939657E+00  2.30448604E-01
2.10908341E-02  5.08915091E+00  1.99415848E-01
2.13375105E-02  4.92285824E+00  1.92192703E-01
2.15841870E-02  4.55870104E+00  1.79279447E-01
2.18308634E-02  4.21545649E+00  1.59451380E-01
2.20775398E-02  3.95467162E+00  1.42097190E-01
2.23242162E-02  3.53541541E+00  1.18045360E-01
2.25708926E-02  3.44925404E+00  1.13376468E-01
2.28175691E-02  3.19867802E+00  1.00556269E-01
2.30642455E-02  3.02584147E+00  8.88843015E-02
2.33109219E-02  2.85121989E+00  8.38880762E-02
2.35575983E-02  2.58416891E+00  7.39217699E-02
2.38042748E-02  2.47214389E+00  7.16448948E-02
2.40509512E-02  2.24405766E+00  5.85873537E-02
2.42976276E-02  2.16936922E+00  5.54509424E-02
2.45443040E-02  2.03510141E+00  5.03000841E-02
2.47909804E-02  1.94707823E+00  4.83949594E-02
2.50376569E-02  1.86367953E+00  4.35071290E-02
2.52843333E-02  1.82110262E+00  4.09802869E-02
2.55310097E-02  1.74703622E+00  3.75016369E-02
2.57776861E-02  1.68749487E+00  3.54428627E-02
2.60243626E-02  1.59783244E+00  3.17500606E-02
2.62710390E-02  1.57134986E+00  3.27875838E-02
2.65177154E-02  1.50302505E+00  2.86122821E-02
2.67643918E-02  1.42091489E+00  2.63362695E-02
2.70110682E-02  1.38847852E+00  2.48770341E-02
2.72577447E-02  1.36944497E+00  2.44807433E-02
2.75044211E-02  1.32566714E+00  2.36103982E-02
2.77510975E-02  1.27759528E+00  2.09537987E-02
2.79977739E-02  1.20316029E+00  1.97511222E-02
2.82444504E-02  1.16288185E+00  1.74659155E-02
2.84911268E-02  1.13622832E+00  1.71477031E-02
2.87378032E-02  1.06898379E+00  1.54383527E-02
2.89844796E-02  1.06065881E+00  1.40708070E-02
2.92311561E-02  1.06479597E+00  1.44227212E-02
2.94778325E-02  1.01601863E+00  1.30394585E-02
2.97245089E-02  1.01530635E+00  1.28789982E-02
2.99711853E-02  9.56062436E-01  1.23680029E-02
3.02178617E-02  9.45907235E-01  1.14117414E-02
3.04645382E-02  9.45470572E-01  1.20601617E-02
3.07112146E-02  9.21541214E-01  1.10460231E-02
3.09578910E-02  8.95679891E-01  1.05627794E-02
3.12045674E-02  8.52979422E-01  8.58562998E-03
3.14512439E-02  8.56731653E-01  9.52065177E-03
3.16979203E-02  8.32167149E-01  8.56152363E-03
3.19445967E-02  8.10716987E-01  8.65200534E-03
3.21912731E-02  7.92720199E-01  8.38218350E-03
3.24379495E-02  7.69844294E-01  7.90685881E-03
3.26846260E-02  7.63514638E-01  7.84649607E-03
3.29313024E-02  7.48763442E-01  7.63125019E-03
3.31779788E-02  7.27130830E-01  7.19084777E-03
3.34246552E-02  7.50141084E-01  6.90833665E-03
3.36713317E-02  7.18409896E-01  7.51258805E-03
3.39180081E-02  7.20797658E-01  6.75180415E-03
3.41646845E-02  7.03710377E-01  6.86564250E-03
3.44113609E-02  7.03932643E-01  6.15397561E-03
3.46580373E-02  6.98762417E-01  6.30137092E-03
3.49047138E-02  6.62786663E-01  6.18738076E-03
3.51513902E-02  6.62276208E-01  5.85770095E-03
3.53980666E-02  6.42479599E-01  5.76676521E-03
3.56447430E-02  6.55644059E-01  5.23794023E-03
3.58914195E-02  6.38470471E-01  5.58114378E-03
3.61380959E-02  6.19953454E-01  5.49342716E-03
3.63847723E-02  6.19521499E-01  5.07882517E-03
3.66314487E-02  6.22989535E-01  5.31520275E-03
3.68781251E-02  5.91304839E-01  4.90954518E-03
3.71248016E-02  5.77008069E-01  4.79464279E-03
3.73714780E-02  5.77994347E-01  4.67351265E-03
3.76181544E-02  5.89066684E-01  4.80940985E-03
3.78648308E-02  5.85774481E-01  4.52571642E-03
3.81115073E-02  5.76612711E-01  4.35431628E-03
3.83581837E-02  5.78137159E-01  4.62299492E-03
3.86048601E-02  5.48011303E-01  4.40415973E-03
3.88515365E-02  5.58156431E-01  4.49540140E-03
3.90982129E-02  5.40787697E-01  4.31178929E-03
3.93448894E-02  5.63255906E-01  4.39216522E-03
3.95915658E-02  5.17833769E-01  4.07167850E-03
3.98382422E-02  5.24897456E-01  3.75908846E-03
4.00849186E-02  5.26532233E-01  3.95194022E-03
4.03315951E-02  5.02719998E-01  3.84377409E-03
4.05782715E-02  5.03769755E-01  3.67560610E-03
4.08249479E-02  5.15750349E-01  4.07113181E-03
4.10716243E-02  5.07774293E-01  3.76329897E-03
4.13183007E-02  4.91030663E-01  3.87497828E-03
4.15649772E-02  4.84872907E-01  3.65308300E-03
4.18116536E-02  4.90330815E-01  3.53427185E-03
4.20583300E-02  4.77375507E-01  3.58150876E-03
4.23050064E-02  4.81385589E-01  3.47773801E-03
4.25516829E-02  4.72006857E-01  3.54707777E-03
4.27983593E-02  4.81380135E-01  3.11914948E-03
4.30450357E-02  4.62020755E-01  3.33054038E-03
4.32917121E-02  4.68728244E-01  3.47657921E-03
4.35383885E-02  4.57656085E-01  3.37258098E-03
4.37850650E-02  4.55846339E-01  3.32043529E-03
4.40317414E-02  4.58076447E-01  3.15455743E-03
4.42784178E-02  4.49857414E-01  3.15889623E-03
4.45250942E-02  4.59207714E-01  3.28021962E-03
4.47717707E-02  4.48508233E-01  3.08848661E-03
4.50184471E-02  4.57425416E-01  3.15803196E-03
4.52651235E-02  4.64359522E-01  3.05460347E-03
4.55117999E-02  4.33773309E-01  3.17096314E-03
4.57584764E-02  4.43957210E-01  3.19412816E-03
4.60051528E-02  4.50067908E-01  3.00523615E-03
4.62518292E-02  4.26530331E-01  2.76922481E-03
4.64985056E-02  4.27468389E-01  2.96743726E-03
4.67451820E-02  4.21183288E-01  2.97389715E-03
4.69918585E-02  4.27227348E-01  2.96668545E-03
4.72385349E-02  4.24631298E-01  2.85261241E-03
4.74852113E-02  4.17421728E-01  2.98457965E-03
4.77318877E-02  4.26901251E-01  2.74462323E-03
4.79785642E-02  4.13847238E-01  2.82792421E-03
4.82252406E-02  4.12777513E-01  2.91966577E-03
4.84719170E-02  4.22950774E-01  2.70489440E-03
4.87185934E-02  4.21540678E-01  3.00109386E-03
4.89652698E-02  4.18858230E-01  2.84674391E-03
4.92119463E-02  4.16951299E-01  2.87174829E-03
4.94586227E-02  4.09177095E-01  2.62853177E-03
4.97052991E-02  4.11327302E-01  2.66747805E-03
4.99519755E-02  4.02286738E-01  2.59681093E-03
5.01986520E-02  4.11902755E-01  2.70275818E-03
5.04453284E-02  4.10026312E-01  2.64880247E-03
5.06920048E-02  3.89191508E-01  2.60461541E-03
5.09386812E-02  4.11190271E-01  2.67010159E-03
5.11853576E-02  4.07741576E-01  2.67465832E-03
5.14320341E-02  4.06626731E-01  2.57159933E-03
5.16787105E-02  4.13198829E-01  2.60050781E-03
5.19253869E-02  4.05746341E-01  2.60220096E-03
5.21720633E-02  3.99265528E-01  2.61023524E-03
5.24187398E-02  4.15978104E-01  2.58633657E-03
5.26654162E-02  4.03750032E-01  2.51453021E-03
5.29120926E-02  4.06471401E-01  2.57770205E-03
5.31587690E-02  4.03252870E-01  2.53614038E-03
5.34054454E-02  4.07184690E-01  2.60194880E-03
5.36521219E-02  4.03105378E-01  2.52040313E-03
5.38987983E-02  4.04078156E-01  2.58530234E-03
5.41454747E-02  4.03164566E-01  2.61054491E-03
5.43921511E-02  4.09297109E-01  2.53159273E-03
5.46388276E-02  3.97378474E-01  2.64270371E-03
5.48855040E-02  4.23728436E-01  2.48759286E-03
5.51321804E-02  3.99246246E-01  2.54233368E-03
5.53788568E-02  4.10185277E-01  2.64250394E-03
5.56255332E-02  4.10808831E-01  2.56910757E-03
5.58722097E-02  4.09392118E-01  2.51364987E-03
5.61188861E-02  4.06594008E-01  2.57719937E-03
5.63655625E-02  4.04975563E-01  2.50714901E-03
5.66122389E-02  4.07238901E-01  2.50739884E-03
5.68589154E-02  4.09938753E-01  2.53644958E-03
5.71055918E-02  4.03474510E-01  2.62631965E-03
5.73522682E-02  4.04647291E-01  2.38429033E-03
5.75989446E-02  4.15863961E-01  2.70934706E-03
5.78456210E-02  4.37186658E-01  2.59441719E-03
5.80922975E-02  4.15012240E-01  2.49769352E-03
5.83389739E-02  4.26719159E-01  2.61169928E-03
5.85856503E-02  4.18171763E-01  2.64881551E-03
5.88323267E-02  4.14671332E-01  2.60799704E-03
5.90790032E-02  4.04779047E-01  2.45607924E-03
5.93256796E-02  4.20139700E-01  2.50895321E-03
5.95723560E-02  4.07177985E-01  2.45825294E-03
5.98190324E-02  4.08756852E-01  2.43852613E-03
6.00657088E-02  4.25419807E-01  2.64431024E-03
6.03123853E-02  4.07325238E-01  2.48288945E-03
6.05590617E-02  4.16876793E-01  2.65130657E-03
6.08057381E-02  4.08979386E-01  2.44577113E-03
6.10524145E-02  4.09054190E-01  2.38789734E-03
6.12990910E-02  4.15905118E-01  2.48033553E-03
6.15457674E-02  3.96111786E-01  2.26477697E-03
6.17924438E-02  4.04193819E-01  2.39213905E-03
6.20391202E-02  4.04198408E-01  2.41657486E-03
6.22857966E-02  4.03034091E-01  2.32115434E-03
6.25324731E-02  3.93757105E-01  2.33535841E-03
6.27791495E-02  3.93469512E-01  2.18497403E-03
6.30258259E-02  4.07395512E-01  2.31890846E-03
6.32725023E-02  3.98380727E-01  2.32784357E-03
6.35191788E-02  3.92994583E-01  2.30649486E-03
6.37658552E-02  4.16165560E-01  2.47830921E-03
6.40125316E-02  4.12005574E-01  2.27280078E-03
6.42592080E-02  3.90577883E-01  2.28044926E-03
6.45058845E-02  4.06545669E-01  2.23744893E-03
6.47525609E-02  4.01215374E-01  2.31231260E-03
6.49992373E-02  4.03443336E-01  2.27076467E-03
6.52459137E-02  4.11149651E-01  2.36693746E-03
6.54925901E-02  4.05790508E-01  2.35202326E-03
6.57392666E-02  4.04851437E-01  2.32913834E-03
6.59859430E-02  4.06156123E-01  2.37117056E-03
6.62326194E-02  4.11127329E-01  2.26327730E-03
6.64792958E-02  4.10726368E-01  2.27887183E-03
6.67259723E-02  3.97370696E-01  2.22209119E-03
6.69726487E-02  3.93382102E-01  2.12220382E-03
6.72193251E-02  4.12737101E-01  2.33230600E-03
6.74660015E-02  4.16176230E-01  2.27711443E-03
6.77126779E-02  4.12033379E-01  2.17935652E-03
6.79593544E-02  4.02782351E-01  2.24135374E-03
6.82060308E-02  3.98629278E-01  2.15718942E-03
6.84527072E-02  4.04330969E-01  2.29145749E-03
6.86993836E-02  4.09305483E-01  2.20504240E-03
6.89460601E-02  4.02761281E-01  2.15832121E-03
6.91927365E-02  4.08085734E-01  2.25388655E-03
6.94394129E-02  4.12074238E-01  2.23413226E-03
6.96860893E-02  3.98170292E-01  2.29264260E-03
6.99327657E-02  4.22018707E-01  2.25814478E-03
7.01794422E-02  4.14850384E-01  2.32385867E-03
7.04261186E-02  4.09694731E-01  2.39189039E-03
7.06727950E-02  4.18474287E-01  2.24378100E-03
7.09194714E-02  4.20757502E-01  2.20873696E-03
7.11661479E-02  4.05010551E-01  2.14217487E-03
7.14128243E-02  4.16964948E-01  2.20390013E-03
7.16595007E-02  4.17540520E-01  2.27678404E-03
7.19061771E-02  4.12897199E-01  2.30917754E-03
7.21528535E-02  4.13850874E-01  2.20043771E-03
7.23995300E-02  4.23471838E-01  2.18831655E-03
7.26462064E-02  4.27440852E-01  2.26748060E-03
7.28928828E-02  4.21440214E-01  2.28529773E-03
7.31395592E-02  4.20215547E-01  2.19751825E-03
7.33862357E-02  4.19934392E-01  2.22376618E-03
7.36329121E-02  4.19290215E-01  2.18991586E-03
7.38795885E-02  4.20475215E-01  2.19567516E-03
7.41262649E-02  4.18409079E-01  2.19319481E-03
7.43729413E-02  4.23868597E-01  2.19227234E-03
7.46196178E-02  4.13471520E-01  2.25998810E-03
7.48662942E-02  4.21831399E-01  2.18025758E-03
7.51129706E-02  4.26365435E-01  2.21093488E-03
7.53596470E-02  4.26810950E-01  2.23434926E-03
7.56063235E-02  4.15106356E-01  2.17422983E-03
7.58529999E-02  4.11884487E-01  2.22314126E-03
7.60996763E-02  4.24849957E-01  2.28666747E-03
7.63463527E-02  4.13143307E-01  2.12555332E-03
7.65930291E-02  4.27009284E-01  2.15789909E-03
7.68397056E-02  4.17614281E-01  2.18495005E-03
7.70863820E-02  4.25676316E-01  2.14053015E-03
7.73330584E-02  4.22283024E-01  2.14048009E-03
7.75797348E-02  4.14333194E-01  2.05946108E-03
7.78264113E-02  4.26949859E-01  2.12621014E-03
7.80730877E-02  4.13968176E-01  2.18124385E-03
7.83197641E-02  4.21354532E-01  2.17280397E-03
7.85664405E-02  4.32734430E-01  2.20111967E-03
7.88131169E-02  4.34165537E-01  2.22895760E-03
7.90597934E-02  4.27255481E-01  2.18238006E-03
7.93064698E-02  4.30847079E-01  2.16611219E-03
7.95531462E-02  4.12484497E-01  2.14559236E-03
7.97998226E-02  4.17646319E-01  2.07546190E-03
8.00464991E-02  4.35433447E-01  2.18206178E-03
8.02931755E-02  4.25134510E-01  2.14881799E-03
8.05398519E-02  4.17868733E-01  2.13834783E-03
8.07865283E-02  4.25034404E-01  2.14698492E-03
8.10332047E-02  4.26962405E-01  2.10676459E-03
8.12798812E-02  4.29603130E-01  2.13663420E-03
8.15265576E-02  4.20123339E-01  2.05646781E-03
8.17732340E-02  4.19629276E-01  2.23657582E-03
8.20199104E-02  4.21276629E-01  2.10382557E-03
8.22665869E-02  4.35174763E-01  2.14451808E-03
8.25132633E-02  4.19415414E-01  2.17700237E-03
8.27599397E-02  4.35933024E-01  2.12882971E-03
8.30066161E-02  4.35374737E-01  2.18270137E-03
8.32532926E-02  4.38656300E-01  2.05719913E-03
8.34999690E-02  4.20782804E-01  2.23075645E-03
8.37466454E-02  4.33001041E-01  2.18335097E-03
8.39933218E-02  4.30629641E-01  2.05082749E-03
8.42399982E-02  4.21428114E-01  2.14791368E-03
8.44866747E-02  4.22017187E-01  2.13935645E-03
8.47333511E-02  4.15076435E-01  2.08721054E-03
8.49800275E-02  4.18248445E-01  2.17579841E-03
8.52267039E-02  4.21377480E-01  2.02761125E-03
8.54733804E-02  4.33621675E-01  2.21704924E-03
8.57200568E-02  4.41580534E-01  2.16450426E-03
8.59667332E-02  4.28383172E-01  2.15875148E-03
8.62134096E-02  4.30563658E-01  2.13479158E-03
8.64600860E-02  4.24857944E-01  2.07447261E-03
8.67067625E-02  4.21311408E-01  2.04913435E-03
8.69534389E-02  4.31424409E-01  2.02150177E-03
8.72001153E-02  4.25670594E-01  2.11423147E-03
8.74467917E-02  4.29261923E-01  2.07720464E-03
8.76934682E-02  4.30747330E-01  2.08652811E-03
8.79401446E-02  4.29523528E-01  2.18636962E-03
8.81868210E-02  4.31426227E-01  2.10014870E-03
8.84334974E-02  4.32116657E-01  2.05328059E-03
8.86801738E-02  4.37694073E-01  2.09061545E-03
8.89268503E-02  4.29311007E-01  2.13922956E-03
8.91735267E-02  4.21077818E-01  2.11232528E-03
8.94202031E-02  4.22673970E-01  2.01910245E-03
8.96668795E-02  4.23691601E-01  2.10570660E-03
8.99135560E-02  4.16962683E-01  2.05972698E-03
9.01602324E-02  4.19012189E-01  2.07769265E-03
9.04069088E-02  4.09839094E-01  1.94473926E-03
9.06535852E-02  4.29386050E-01  2.06822157E-03
9.09002616E-02  4.22051936E-01  2.07326026E-03
9.11469381E-02  4.29100394E-01  2.00809166E-03
9.13936145E-02  4.20704901E-01  2.04533292E-03
9.16402909E-02  4.25393313E-01  2.01725867E-03
9.18869673E-02  4.33945149E-01  1.98771735E-03
9.21336438E-02  4.15260643E-01  1.98933296E-03
9.23803202E-02  4.20897722E-01  1.97027880E-03
9.26269966E-02  4.22021657E-01  2.09721178E-03
9.28736730E-02  4.23037350E-01  2.00659549E-03
9.31203494E-02  4.17331666E-01  1.96467037E-03
9.33670259E-02  4.20454711E-01  2.09384155E-03
9.36137023E-02  4.29653645E-01  1.95013278E-03
9.38603787E-02  4.21780288E-01  1.94219279E-03
9.41070551E-02  4.21702385E-01  1.99394696E-03
9.43537316E-02  4.19758558E-01  1.98612222E-03
9.46004080E-02  4.23447371E-01  2.05050665E-03
9.48470844E-02  4.28461343E-01  1.94033573E-03
9.50937608E-02  4.21577394E-01  1.99113693E-03
9.53404372E-02  4.24939781E-01  1.91871531E-03
9.55871137E-02  4.27202165E-01  2.02116091E-03
9.58337901E-02  4.29437876E-01  2.02719565E-03
9.60804665E-02  4.30250883E-01  2.02249549E-03
9.63271429E-02  4.20771450E-01  1.99064426E-03
9.65738194E-02  4.30100679E-01  1.98665238E-03
9.68204958E-02  4.20836955E-01  1.96639751E-03
9.70671722E-02  4.29261744E-01  1.96862454E-03
9.73138486E-02  4.33518231E-01  2.00760807E-03
9.75605250E-02  4.30163711E-01  1.96930557E-03
9.78072015E-02  4.35161382E-01  1.94245938E-03
9.80538779E-02  4.19639736E-01  1.92556437E-03
9.83005543E-02  4.27422047E-01  1.91734906E-03
9.85472307E-02  4.32239473E-01  2.03646370E-03
9.87939072E-02  4.25710648E-01  1.99787319E-03
9.90405836E-02  4.15669590E-01  1.92724948E-03
9.92872600E-02  4.20330197E-01  2.00491468E-03
9.95339364E-02  4.20338988E-01  1.98375992E-03
9.97806128E-02  4.28743422E-01  2.05479306E-03
1.00027289E-01  4.31860477E-01  1.97331584E-03
1.00273966E-01  4.24791157E-01  1.89758919E-03
1.00520642E-01  4.32247281E-01  2.00993707E-03
1.00767319E-01  4.14782137E-01  1.91598921E-03
1.01013995E-01  4.32249248E-01  1.92327762E-03
1.01260671E-01  4.33314890E-01  2.01451429E-03
1.01507348E-01  4.28421348E-01  1.92380964E-03
1.01754024E-01  4.26674783E-01  2.00061989E-03
1.02000701E-01  4.28570092E-01  1.93149759E-03
1.02247377E-01  4.24639791E-01  2.08158488E-03
1.02494053E-01  4.23976451E-01  1.91105239E-03
1.02740730E-01  4.27067369E-01  1.92881830E-03
1.02987406E-01  4.18373168E-01  2.04222254E-03
1.03234083E-01  4.25814360E-01  1.86893460E-03
1.03480759E-01  4.21872675E-01  1.92867499E-03
1.03727436E-01  4.26451117E-01  1.97140407E-03
1.03974112E-01  4.23704594E-01  1.91379176E-03
1.04220788E-01  4.26687181E-01  2.05334928E-03
1.04467465E-01  4.33495462E-01  1.95270381E-03
1.04714141E-01  4.22010988E-01  1.89264771E-03
1.04960818E-01  4.20564860E-01  1.91564788E-03
1.05207494E-01  4.21801329E-01  1.87872408E-03
1.05454171E-01  4.19731408E-01  1.89240917E-03
1.05700847E-01  4.23608810E-01  1.87349564E-03
1.05947523E-01  4.25000757E-01  1.90862583E-03
1.06194200E-01  4.15827036E-01  1.87629962E-03
1.06440876E-01  4.20133263E-01  1.97811471E-03
1.06687553E-01  4.18755174E-01  1.85895734E-03
1.06934229E-01  4.23766643E-01  1.89491245E-03
1.07180906E-01  4.13199484E-01  1.87753141E-03
1.07427582E-01  4.18114543E-01  1.86738826E-03
1.07674258E-01  4.11525220E-01  1.85899774E-03
1.07920935E-01  4.20600444E-01  1.87475246E-03
1.08167611E-01  4.20839638E-01  1.87849731E-03
1.08414288E-01  4.18392688E-01  1.86112069E-03
1.08660964E-01  4.21073794E-01  1.83701504E-03
1.08907640E-01  4.04835671E-01  1.85345998E-03
1.09154317E-01  4.05659258E-01  1.89849408E-03
1.09400993E-01  4.00125802E-01  1.94575335E-03
1.09647670E-01  3.95892352E-01  1.88648421E-03
1.09894346E-01  3.99864942E-01  1.93331786E-03
1.10141023E-01  4.10704315E-01  1.94735220E-03
1.10387699E-01  4.00383085E-01  1.87464221E-03
1.10634375E-01  4.03512537E-01  1.94959843E-03
1.10881052E-01  3.97460103E-01  1.93402939E-03
1.11127728E-01  3.94958943E-01  1.83483271E-03
1.11374405E-01  4.01775271E-01  1.95887359E-03
1.11621081E-01  4.01582509E-01  1.84719940E-03
1.11867758E-01  3.83450985E-01  1.91712473E-03
1.12114434E-01  4.00447130E-01  1.94547151E-03
1.12361110E-01  3.98876429E-01  1.94956502E-03
1.12607787E-01  3.98862332E-01  1.93399109E-03
1.12854463E-01  3.89394611E-01  1.90594757E-03
1.13101140E-01  3.87653738E-01  1.96777680E-03
1.13347816E-01  3.82227868E-01  1.90220762E-03
1.13594493E-01  3.85808975E-01  1.89797138E-03
1.13841169E-01  3.87300462E-01  1.87010772E-03
1.14087845E-01  3.92638803E-01  1.95095292E-03
1.14334522E-01  3.86587858E-01  1.91188697E-03
1.14581198E-01  3.74522030E-01  1.89427892E-03
1.14827875E-01  3.82242113E-01  1.95893808E-03
1.15074551E-01  3.74073684E-01  1.92088413E-03
1.15321227E-01  3.83006364E-01  1.92667102E-03
1.15567904E-01  3.84546727E-01  1.95518811E-03
1.15814580E-01  3.82079422E-01  1.93577155E-03
1.16061257E-01  3.76599222E-01  1.93632883E-03
1.16307933E-01  3.83276224E-01  2.00960645E-03
1.16554610E-01  3.69748592E-01  1.89886731E-03
1.16801286E-01  3.77422780E-01  1.95562863E-03
1.17047962E-01  3.73505592E-01  1.91299699E-03
1.17294639E-01  3.77339274E-01  1.91439514E-03
1.17541315E-01  3.72696400E-01  1.91589457E-03
1.17787992E-01  3.82026374E-01  1.95125106E-03
1.18034668E-01  3.72342557E-01  1.92092592E-03
1.18281345E-01  3.88043433E-01  1.82254496E-03
1.18528021E-01  3.68813843E-01  1.82466023E-03
1.18774697E-01  3.71278435E-01  1.84096792E-03
1.19021374E-01  3.76053184E-01  1.88543426E-03
1.19268050E-01  3.84283692E-01  1.84057909E-03
1.19514727E-01  3.78018558E-01  1.81557913E-03
1.19761403E-01  3.86118263E-01  1.83262257E-03
1.20008079E-01  3.72751296E-01  1.84123614E-03
1.20254756E-01  3.85409743E-01  1.82207883E-03
1.20501432E-01  3.65411252E-01  1.83902332E-03
1.20748109E-01  3.77241582E-01  1.78234233E-03
1.20994785E-01  3.78484011E-01  1.84185198E-03
1.21241462E-01  3.67502570E-01  1.75728428E-03
1.21488138E-01  3.70111257E-01  1.79509528E-03
1.21734814E-01  3.68381202E-01  1.73269282E-03
1.21981491E-01  3.70846391E-01  1.80917780E-03
1.22228167E-01  3.79304618E-01  1.82933139E-03
1.22474844E-01  3.72377396E-01  1.83452060E-03
1.22721520E-01  3.68294477E-01  1.75852270E-03
1.22968197E-01  3.70159030E-01  1.79486442E-03
1.23214873E-01  3.66685778E-01  1.76861789E-03
1.23461549E-01  3.55267704E-01  1.72169972E-03
1.23708226E-01  3.65249366E-01  1.68040313E-03
1.23954902E-01  3.60149860E-01  1.78953412E-03
1.24201579E-01  3.67185235E-01  1.72594190E-03
1.24448255E-01  3.66092712E-01  1.67423999E-03
1.24694932E-01  3.66077811E-01  1.75128342E-03
1.24941608E-01  3.61878842E-01  1.68388814E-03
1.25188284E-01  3.64445686E-01  1.74360943E-03
1.25434961E-01  3.56151879E-01  1.72082917E-03
1.25681637E-01  3.66386861E-01  1.76337268E-03
1.25928314E-01  3.54713202E-01  1.73184357E-03
1.26174990E-01  3.63577753E-01  1.69036700E-03
1.26421666E-01  3.56900334E-01  1.67425862E-03
1.26668343E-01  3.63339722E-01  1.75614946E-03
1.26915019E-01  3.59578431E-01  1.69448578E-03
1.27161696E-01  3.49956989E-01  1.62770180E-03
1.27408372E-01  3.56792301E-01  1.66292151E-03
1.27655049E-01  3.56118351E-01  1.75561139E-03
1.27901725E-01  3.60151619E-01  1.73004239E-03
1.28148401E-01  3.52406859E-01  1.68645603E-03
1.28395078E-01  3.52289885E-01  1.67212833E-03
1.28641754E-01  3.47169518E-01  1.65685709E-03
1.28888431E-01  3.45140249E-01  1.68521877E-03
1.29135107E-01  3.43114406E-01  1.64673210E-03
1.29381784E-01  3.51781487E-01  1.66444900E-03
1.29628460E-01  3.45294535E-01  1.64299016E-03
1.29875136E-01  3.49822640E-01  1.59821974E-03
1.30121813E-01  3.41066360E-01  1.64444977E-03
1.30368489E-01  3.43321413E-01  1.61030143E-03
1.30615166E-01  3.45934808E-01  1.68066716E-03
1.30861842E-01  3.44106644E-01  1.64487481E-03
1.31108518E-01  3.37600201E-01  1.60528312E-03
1.31355195E-01  3.41763556E-01  1.57824170E-03
1.31601871E-01  3.46129507E-01  1.63026748E-03
1.31848548E-01  3.37339044E-01  1.61703955E-03
1.32095224E-01  3.44844609E-01  1.63872039E-03
1.32341901E-01  3.45734179E-01  1.61270134E-03
1.32588577E-01  3.39087248E-01  1.57632004E-03
1.32835253E-01  3.39053154E-01  1.58639776E-03
1.33081930E-01  3.48306537E-01  1.65035261E-03
1.33328606E-01  3.31108660E-01  1.58726983E-03
1.33575283E-01  3.30417156E-01  1.60093245E-03
1.33821959E-01  3.27456981E-01  1.51513622E-03
1.34068636E-01  3.39265615E-01  1.60625787E-03
1.34315312E-01  3.23790431E-01  1.56886515E-03
1.34561988E-01  3.23542476E-01  1.51826791E-03
1.34808665E-01  3.25380951E-01  1.54780713E-03
1.35055341E-01  3.34947854E-01  1.57213490E-03
1.35302018E-01  3.20245057E-01  1.53929729E-03
1.35548694E-01  3.27636838E-01  1.62602740E-03
1.35795371E-01  3.24309617E-01  1.53686386E-03
1.36042047E-01  3.18858981E-01  1.56104425E-03
1.36288723E-01  3.28447759E-01  1.55884400E-03
1.36535400E-01  3.17802578E-01  1.56954548E-03
1.36782076E-01  3.15624952E-01  1.50577736E-03
1.37028753E-01  3.10190052E-01  1.47252681E-03
1.37275429E-01  3.13944161E-01  1.53384125E-03
1.37522105E-01  3.12810808E-01  1.46093674E-03
1.37768782E-01  3.16577971E-01  1.50962744E-03
1.38015458E-01  3.09871584E-01  1.49071345E-03
1.38262135E-01  3.06169510E-01  1.50218210E-03
1.38508811E-01  3.09835374E-01  1.48649351E-03
1.38755488E-01  3.12780470E-01  1.49937707E-03
1.39002164E-01  3.12704831E-01  1.50526245E-03
1.39248840E-01  3.13772231E-01  1.48538500E-03
1.39495517E-01  3.02654594E-01  1.44796900E-03
1.39742193E-01  3.01322669E-01  1.46272208E-03
1.39988870E-01  3.03924382E-01  1.45442912E-03
1.40235546E-01  2.99556613E-01  1.46272779E-03
1.40482223E-01  3.07915628E-01  1.47576758E-03
1.40728899E-01  3.02564830E-01  1.44843303E-03
1.40975575E-01  3.02107275E-01  1.48217555E-03
1.41222252E-01  3.00420046E-01  1.47328665E-03
1.41468928E-01  2.90834695E-01  1.41001621E-03
1.41715605E-01  2.91942298E-01  1.45162269E-03
1.41962281E-01  2.95403838E-01  1.50612544E-03
1.42208957E-01  2.93550491E-01  1.46293966E-03
1.42455634E-01  3.03277880E-01  1.44943770E-03
1.42702310E-01  2.90386975E-01  1.45860307E-03
1.42948987E-01  2.88517654E-01  1.41385349E-03
1.43195663E-01  2.92774826E-01  1.39192538E-03
1.43442340E-01  2.86404699E-01  1.41832780E-03
1.43689016E-01  2.84682810E-01  1.36580388E-03
1.43935692E-01  2.87618726E-01  1.36782206E-03
1.44182369E-01  2.91927665E-01  1.41294172E-03
1.44429045E-01  2.83751577E-01  1.38767587E-03
1.44675722E-01  2.77744174E-01  1.30702823E-03
1.44922398E-01  2.93724686E-01  1.37921842E-03
1.45169075E-01  2.83998102E-01  1.37776020E-03
1.45415751E-01  2.77692080E-01  1.38565910E-03
1.45662427E-01  2.86094189E-01  1.39292062E-03
1.45909104E-01  2.77632594E-01  1.33964140E-03
1.46155780E-01  2.76026458E-01  1.41484023E-03
1.46402457E-01  2.70616084E-01  1.38284825E-03
1.46649133E-01  2.76892841E-01  1.34723191E-03
1.46895810E-01  2.74455398E-01  1.32429332E-03
1.47142486E-01  2.75227934E-01  1.37770607E-03
1.47389162E-01  2.74672747E-01  1.29867101E-03
1.47635839E-01  2.76567101E-01  1.32625015E-03
1.47882515E-01  2.66780525E-01  1.33402518E-03
1.48129192E-01  2.71982878E-01  1.33756804E-03
1.48375868E-01  2.69763231E-01  1.32624665E-03
1.48622544E-01  2.65699327E-01  1.30233692E-03
1.48869221E-01  2.69772828E-01  1.37453829E-03
1.49115897E-01  2.64964014E-01  1.37094175E-03
1.49362574E-01  2.68123180E-01  1.31246389E-03
1.49609250E-01  2.78863639E-01  1.41616457E-03
1.49855927E-01  2.74852991E-01  1.45776896E-03
1.50102603E-01  2.69891024E-01  1.41162530E-03
1.50349279E-01  2.69711882E-01  1.47403404E-03
1.50595956E-01  2.66796470E-01  1.52760616E-03
1.50842632E-01  2.71177679E-01  1.46620499E-03
1.51089309E-01  2.66592711E-01  1.32851396E-03
1.51335985E-01  2.60828257E-01  1.30050629E-03
1.51582662E-01  2.61739612E-01  1.31189544E-03
1.51829338E-01  2.62888253E-01  1.36408326E-03
1.52076014E-01  2.58895904E-01  1.38738588E-03
1.52322691E-01  2.64555156E-01  1.85315602E-03
1.52569367E-01  2.67368138E-01  1.89925625E-03
1.52816044E-01  2.61452883E-01  2.36332580E-03
1.53062720E-01  2.71658570E-01  2.38854950E-03
1.53309397E-01  2.64801890E-01  2.26702960E-03
1.53556073E-01  2.65736371E-01  2.33949884E-03
1.53802749E-01  2.67839223E-01  2.11032573E-03
1.54049426E-01  2.60084808E-01  1.82805920E-03
1.54296102E-01  2.59725779E-01  2.07180181E-03
1.54542779E-01  2.47462511E-01  1.35115336E-03
1.54789455E-01  2.51149058E-01  1.27817667E-03
1.55036131E-01  2.45279431E-01  1.25996210E-03
1.55282808E-01  2.50715047E-01  1.28513493E-03
1.55529484E-01  2.42584705E-01  1.24034227E-03
1.55776161E-01  2.41983965E-01  1.27498806E-03
1.56022837E-01  2.43230343E-01  1.30657258E-03
1.56269514E-01  2.48413429E-01  1.27124391E-03
1.56516190E-01  2.46632040E-01  1.24420412E-03
1.56762866E-01  2.47687101E-01  1.30101910E-03
1.57009543E-01  2.37540379E-01  1.24055438E-03
1.57256219E-01  2.36333400E-01  1.19195133E-03
1.57502896E-01  2.37062782E-01  1.21160154E-03
1.57749572E-01  2.32429177E-01  1.23400567E-03
1.57996249E-01  2.28601977E-01  1.20293733E-03
1.58242925E-01  2.30956435E-01  1.21515628E-03
1.58489601E-01  2.24441886E-01  1.17049273E-03
1.58736278E-01  2.26190925E-01  1.16806000E-03
1.58982954E-01  2.27204189E-01  1.20222277E-03
1.59229631E-01  2.22980455E-01  1.19388616E-03
1.59476307E-01  2.25155219E-01  1.17240299E-03
1.59722983E-01  2.26411358E-01  1.15698297E-03
1.59969660E-01  2.16224238E-01  1.14821352E-03
1.60216336E-01  2.18623400E-01  1.15347002E-03
1.60463013E-01  2.24548176E-01  1.18665735E-03
1.60709689E-01  2.26883739E-01  1.15987717E-03
1.60956366E-01  2.20181748E-01  1.16243213E-03
1.61203042E-01  2.21582383E-01  1.17083208E-03
1.61449718E-01  2.20933944E-01  1.14982144E-03
1.61696395E-01  2.15972483E-01  1.11187296E-03
1.61943071E-01  2.21518904E-01  1.14437006E-03
1.62189748E-01  2.14515984E-01  1.11848279E-03
1.62436424E-01  2.16337696E-01  1.11967418E-03
1.62683101E-01  2.13239118E-01  1.13207696E-03
1.62929777E-01  2.10433006E-01  1.09305046E-03
1.63176453E-01  2.12074995E-01  1.12914375E-03
1.63423130E-01  2.08143130E-01  1.09010853E-03
1.63669806E-01  2.17328683E-01  1.12504628E-03
1.63916483E-01  2.11022168E-01  1.10027567E-03
1.64163159E-01  2.00885743E-01  1.08865765E-03
1.64409836E-01  2.03823268E-01  1.09099387E-03
1.64656512E-01  2.02217653E-01  1.06865005E-03
1.64903188E-01  2.03986466E-01  1.10460399E-03
1.65149865E-01  2.06381083E-01  1.09191472E-03
1.65396541E-01  1.97060853E-01  1.07353250E-03
1.65643218E-01  2.02191770E-01  1.08209252E-03
1.65889894E-01  2.06797421E-01  1.08501746E-03
1.66136570E-01  2.01039910E-01  1.07259292E-03
1.66383247E-01  1.99325740E-01  1.05105445E-03
1.66629923E-01  1.97609022E-01  1.05979177E-03
1.66876600E-01  2.03561410E-01  1.06180762E-03
1.67123276E-01  1.93358168E-01  1.04770728E-03
1.67369953E-01  1.95096448E-01  1.07537524E-03
1.67616629E-01  1.92756847E-01  1.03678659E-03
1.67863305E-01  1.94642380E-01  1.08056981E-03
1.68109982E-01  1.97580606E-01  1.06208713E-03
1.68356658E-01  1.90170020E-01  9.86726023E-04
1.68603335E-01  1.98389187E-01  1.06480322E-03
1.68850011E-01  1.91787079E-01  1.05331338E-03
1.69096688E-01  1.91880584E-01  1.07572111E-03
1.69343364E-01  1.86656103E-01  1.00206025E-03
1.69590040E-01  1.84651524E-01  1.01976632E-03
1.69836717E-01  1.88860789E-01  1.01311109E-03
1.70083393E-01  1.85261920E-01  1.03908137E-03
1.70330070E-01  1.78199410E-01  9.87195293E-04
1.70576746E-01  1.83949411E-01  1.02472957E-03
1.70823422E-01  1.82210118E-01  1.01480412E-03
1.71070099E-01  1.85476407E-01  1.01649098E-03
1.71316775E-01  1.83775678E-01  1.01522775E-03
1.71563452E-01  1.81261286E-01  9.68586653E-04
1.71810128E-01  1.82308689E-01  9.79408505E-04
1.72056805E-01  1.79886982E-01  9.95785231E-04
1.72303481E-01  1.78543612E-01  1.00834249E-03
1.72550157E-01  1.77673548E-01  9.65538027E-04
1.72796834E-01  1.81633562E-01  1.02733937E-03
1.73043510E-01  1.77709118E-01  9.81527148E-04
1.73290187E-01  1.79757357E-01  1.00407866E-03
1.73536863E-01  1.72246099E-01  9.98582575E-04
1.73783540E-01  1.77392796E-01  1.00690045E-03
1.74030216E-01  1.71442524E-01  1.00084394E-03
1.74276892E-01  1.71586066E-01  9.58770048E-04
1.74523569E-01  1.69749603E-01  9.57621844E-04
1.74770245E-01  1.68400809E-01  9.37755627E-04
1.75016922E-01  1.76167458E-01  9.90938628E-04
1.75263598E-01  1.65750444E-01  9.55135678E-04
1.75510275E-01  1.66250363E-01  9.52364819E-04
1.75756951E-01  1.71129629E-01  9.64791165E-04
1.76003627E-01  1.67125866E-01  9.52975126E-04
1.76250304E-01  1.66106835E-01  9.38560581E-04
1.76496980E-01  1.62466690E-01  9.28106019E-04
1.76743657E-01  1.62412703E-01  9.14471399E-04
1.76990333E-01  1.63558319E-01  9.33590229E-04
1.77237009E-01  1.63699061E-01  9.21032683E-04
1.77483686E-01  1.61324948E-01  9.20965220E-04
1.77730362E-01  1.64347559E-01  9.42509854E-04
1.77977039E-01  1.60839275E-01  8.98891420E-04
1.78223715E-01  1.60397276E-01  9.20168299E-04
1.78470392E-01  1.59188896E-01  9.09942552E-04
1.78717068E-01  1.58618003E-01  9.43240244E-04
1.78963744E-01  1.53276265E-01  9.03449371E-04
1.79210421E-01  1.58321053E-01  9.11150884E-04
1.79457097E-01  1.58831209E-01  9.22915991E-04
1.79703774E-01  1.52367875E-01  8.70974269E-04
1.79950450E-01  1.53900117E-01  9.12370975E-04
1.80197127E-01  1.55761570E-01  8.88529292E-04
1.80443803E-01  1.59902319E-01  9.22351785E-04
1.80690479E-01  1.58070996E-01  9.18227888E-04
1.80937156E-01  1.58097237E-01  9.03225562E-04
1.81183832E-01  1.51701108E-01  8.79682542E-04
1.81430509E-01  1.52388617E-01  8.87377711E-04
1.81677185E-01  1.52209580E-01  8.59213469E-04
1.81923861E-01  1.52622938E-01  8.77945567E-04
1.82170538E-01  1.51208460E-01  8.94051453E-04
1.82417214E-01  1.47973493E-01  8.57331266E-04
1.82663891E-01  1.47677973E-01  8.68755393E-04
1.82910567E-01  1.47792831E-01  8.64810136E-04
1.83157244E-01  1.48642212E-01  8.78667925E-04
1.83403920E-01  1.47653624E-01  8.69741722E-04
1.83650596E-01  1.42647758E-01  8.33926024E-04
1.83897273E-01  1.42742053E-01  8.61498353E-04
1.84143949E-01  1.46068394E-01  8.68528266E-04
1.84390626E-01  1.43565372E-01  8.52778496E-04
1.84637302E-01  1.46418095E-01  8.63113033E-04
1.84883979E-01  1.45098984E-01  8.76166800E-04
1.85130655E-01  1.42975599E-01  8.34923645E-04
1.85377331E-01  1.44931078E-01  8.42749723E-04
1.85624008E-01  1.44785270E-01  8.38242238E-04
1.85870684E-01  1.45242199E-01  8.50946351E-04
1.86117361E-01  1.40165642E-01  8.40775378E-04
1.86364037E-01  1.43727809E-01  8.59241874E-04
1.86610714E-01  1.44666478E-01  8.67459981E-04
1.86857390E-01  1.42736062E-01  8.40620138E-04
1.87104066E-01  1.39270172E-01  8.21586757E-04
1.87350743E-01  1.35638818E-01  8.20161251E-04
1.87597419E-01  1.37288436E-01  8.32463556E-04
1.87844096E-01  1.34658620E-01  8.31364014E-04
1.88090772E-01  1.32461578E-01  7.90925114E-04
1.88337448E-01  1.33966058E-01  8.05732794E-04
1.88584125E-01  1.38267517E-01  8.05669755E-04
1.88830801E-01  1.33597702E-01  8.10037018E-04
1.89077478E-01  1.34666249E-01  8.08849407E-04
1.89324154E-01  1.31180510E-01  8.24135088E-04
1.89570831E-01  1.33465305E-01  8.12360726E-04
1.89817507E-01  1.34108961E-01  8.10809201E-04
1.90064183E-01  1.32842183E-01  8.10733414E-04
1.90310860E-01  1.31442621E-01  8.25132185E-04
1.90557536E-01  1.32087141E-01  7.95715023E-04
1.90804213E-01  1.31293580E-01  7.98736583E-04
1.91050889E-01  1.26042783E-01  7.76909059E-04
1.91297566E-01  1.28029585E-01  7.99986010E-04
1.91544242E-01  1.29955724E-01  7.96452281E-04
1.91790918E-01  1.30747393E-01  7.98105379E-04
1.92037595E-01  1.29251078E-01  7.89728423E-04
1.92284271E-01  1.26810908E-01  7.83947995E-04
1.92530948E-01  1.27335697E-01  7.92457606E-04
1.92777624E-01  1.29147142E-01  7.86444172E-04
1.93024301E-01  1.31658927E-01  8.18952627E-04
1.93270977E-01  1.26251936E-01  7.72123807E-04
1.93517653E-01  1.28460333E-01  8.08689627E-04
1.93764330E-01  1.23868182E-01  7.59522140E-04
1.94011006E-01  1.24760024E-01  7.57867296E-04
1.94257683E-01  1.30278751E-01  8.03627074E-04
1.94504359E-01  1.22467138E-01  7.43638258E-04
1.94751035E-01  1.19625665E-01  7.40921474E-04
1.94997712E-01  1.20160185E-01  7.73840991E-04
1.95244388E-01  1.22243628E-01  7.60279247E-04
1.95491065E-01  1.22817464E-01  7.71155988E-04
1.95737741E-01  1.19295120E-01  7.61184609E-04
1.95984418E-01  1.21817283E-01  7.66283541E-04
1.96231094E-01  1.20254032E-01  7.64358614E-04
1.96477770E-01  1.20150395E-01  7.44774123E-04
1.96724447E-01  1.18580751E-01  7.62714888E-04
1.96971123E-01  1.23112872E-01  7.56570662E-04
1.97217800E-01  1.19923152E-01  7.74238375E-04
1.97464476E-01  1.17664263E-01  7.43766606E-04
1.97711153E-01  1.19139925E-01  7.43385463E-04
1.97957829E-01  1.13799445E-01  7.24322104E-04
1.98204505E-01  1.16318092E-01  7.36488320E-04
1.98451182E-01  1.14727817E-01  7.18101102E-04
1.98697858E-01  1.14650190E-01  7.30738568E-04
1.98944535E-01  1.14487797E-01  7.30593747E-04
1.99191211E-01  1.15771011E-01  7.22078315E-04
1.99437887E-01  1.16330132E-01  7.20720214E-04
1.99684564E-01  1.11298978E-01  7.20792217E-04
1.99931240E-01  1.14600375E-01  7.42929755E-04
2.00177917E-01  1.17580280E-01  7.43864337E-04
2.00424593E-01  1.13838971E-01  7.16036651E-04
2.00671270E-01  1.14234880E-01  7.22697005E-04
2.00917946E-01  1.15794167E-01  7.41722877E-04
2.01164622E-01  1.12467013E-01  7.40645221E-04
2.01411299E-01  1.15575418E-01  7.21396354E-04
2.01657975E-01  1.13310955E-01  7.03818281E-04
2.01904652E-01  1.09828644E-01  7.15237693E-04
2.02151328E-01  1.10401623E-01  7.22747878E-04
2.02398005E-01  1.11311696E-01  7.04023114E-04
2.02644681E-01  1.10791206E-01  7.19412346E-04
2.02891357E-01  1.11434132E-01  7.10118795E-04
2.03138034E-01  1.08423844E-01  7.04908511E-04
2.03384710E-01  1.08467132E-01  7.06987281E-04
2.03631387E-01  1.13691814E-01  7.29329768E-04
2.03878063E-01  1.09894328E-01  6.96294417E-04
2.04124740E-01  1.09545939E-01  7.29934487E-04
2.04371416E-01  1.07520394E-01  6.96672010E-04
2.04618092E-01  1.12761445E-01  7.18402676E-04
2.04864769E-01  1.06971577E-01  6.86750922E-04
2.05111445E-01  1.05135649E-01  6.83419930E-04
2.05358122E-01  1.05906449E-01  6.89477427E-04
2.05604798E-01  1.09156325E-01  7.10045511E-04
2.05851474E-01  1.07403196E-01  6.93144102E-04
2.06098151E-01  1.04089841E-01  6.78100798E-04
2.06344827E-01  1.03421435E-01  6.77994452E-04
2.06591504E-01  1.07690319E-01  7.00100092E-04
2.06838180E-01  1.06712751E-01  6.65315194E-04
2.07084857E-01  1.06637910E-01  7.02208024E-04
2.07331533E-01  1.02930240E-01  6.75403280E-04
2.07578209E-01  1.03704289E-01  6.86492713E-04
2.07824886E-01  1.06179640E-01  6.77529839E-04
2.08071562E-01  1.03708848E-01  6.79165532E-04
2.08318239E-01  1.04112722E-01  6.77976175E-04
2.08564915E-01  1.03739746E-01  6.79469318E-04
2.08811592E-01  1.02416508E-01  6.94651564E-04
2.09058268E-01  1.03165418E-01  6.58444013E-04
2.09304944E-01  1.03441425E-01  6.76699041E-04
2.09551621E-01  1.07663766E-01  7.14272435E-04
2.09798297E-01  1.00404464E-01  6.72770257E-04
2.10044974E-01  1.03026256E-01  6.79931021E-04
2.10291650E-01  9.87012684E-02  6.47045963E-04
2.10538326E-01  1.04860879E-01  6.76211494E-04
2.10785003E-01  1.00487135E-01  6.67630404E-04
2.11031679E-01  1.01106584E-01  6.67928427E-04
2.11278356E-01  1.04121238E-01  6.85650040E-04
2.11525032E-01  1.00522488E-01  6.49411522E-04
2.11771709E-01  1.00051336E-01  6.56381017E-04
2.12018385E-01  1.00089066E-01  6.63718092E-04
2.12265061E-01  1.02022320E-01  6.85723964E-04
2.12511738E-01  9.85230133E-02  6.71126298E-04
2.12758414E-01  9.75416675E-02  6.48828514E-04
2.13005091E-01  1.01730764E-01  6.67001877E-04
2.13251767E-01  1.01156592E-01  6.60669932E-04
2.13498444E-01  1.02374695E-01  6.63998362E-04
2.13745120E-01  9.99770239E-02  6.65811880E-04
2.13991796E-01  9.97998789E-02  6.35917298E-04
2.14238473E-01  1.01689130E-01  6.61836239E-04
2.14485149E-01  1.01243071E-01  6.62216218E-04
2.14731826E-01  9.52207297E-02  6.50078990E-04
2.14978502E-01  1.01314433E-01  6.66656764E-04
2.15225179E-01  9.83276665E-02  6.58925099E-04
2.15471855E-01  9.59039927E-02  6.32654235E-04
2.15718531E-01  9.60063413E-02  6.45535125E-04
2.15965208E-01  9.78858843E-02  6.40038808E-04
2.16211884E-01  1.00481369E-01  6.54882286E-04
2.16458561E-01  9.66372490E-02  6.43164269E-04
2.16705237E-01  9.60119143E-02  6.46787928E-04
2.16951913E-01  9.84879136E-02  6.65912230E-04
2.17198590E-01  9.55111831E-02  6.59338431E-04
2.17445266E-01  9.57534835E-02  6.31276460E-04
2.17691943E-01  9.80096310E-02  6.43762876E-04
2.17938619E-01  9.68594775E-02  6.62407547E-04
2.18185296E-01  9.77775976E-02  6.52222487E-04
2.18431972E-01  9.98417959E-02  6.52168877E-04
2.18678648E-01  9.58045051E-02  6.41382416E-04
2.18925325E-01  9.85032767E-02  6.42768398E-04
2.19172001E-01  9.62491482E-02  6.47039502E-04
2.19418678E-01  9.52009782E-02  6.30647410E-04
2.19665354E-01  9.53287631E-02  6.39369944E-04
2.19912031E-01  9.51328427E-02  6.46362780E-04
2.20158707E-01  9.58345607E-02  6.29417947E-04
2.20405383E-01  9.80396941E-02  6.41191844E-04
2.20652060E-01  9.65641811E-02  6.62249338E-04
2.20898736E-01  9.67334509E-02  6.35395816E-04
2.21145413E-01  9.67456847E-02  6.39676116E-04
2.21392089E-01  9.60101560E-02  6.52036862E-04
2.21638766E-01  9.37928632E-02  6.43208390E-04
2.21885442E-01  9.63018090E-02  6.45229069E-04
2.22132118E-01  9.27352533E-02  6.16131001E-04
2.22378795E-01  9.56338197E-02  6.38993282E-04
2.22625471E-01  9.36473384E-02  6.31705567E-04
2.22872148E-01  9.26991701E-02  6.18568272E-04
2.23118824E-01  9.39044058E-02  6.12102274E-04
2.23365500E-01  9.28886235E-02  6.39244798E-04
2.23612177E-01  9.19956490E-02  6.18481485E-04
2.23858853E-01  9.64694694E-02  6.40716171E-04
2.24105530E-01  9.28337574E-02  6.19347033E-04
2.24352206E-01  9.41490307E-02  6.18478749E-04
2.24598883E-01  9.17993113E-02  6.10512099E-04
2.24845559E-01  9.29080546E-02  6.30558934E-04
2.25092235E-01  8.91873091E-02  6.13784243E-04
2.25338912E-01  9.17523429E-02  6.22052175E-04
2.25585588E-01  9.24628749E-02  6.35582430E-04
2.25832265E-01  9.14467946E-02  6.16356789E-04
2.26078941E-01  9.48088467E-02  6.35980687E-04
2.26325618E-01  8.98639709E-02  6.21891173E-04
2.26572294E-01  9.16632563E-02  6.07028080E-04
2.26818970E-01  9.30205137E-02  6.33208721E-04
2.27065647E-01  9.27524492E-02  6.12073170E-04
2.27312323E-01  9.04422924E-02  6.38838159E-04
2.27559000E-01  8.94478485E-02  6.11447846E-04
2.27805676E-01  9.37020406E-02  6.22672145E-04
2.28052352E-01  9.20295417E-02  6.25213957E-04
2.28299029E-01  9.23240706E-02  6.13580691E-04
2.28545705E-01  9.11979303E-02  6.14698685E-04
2.28792382E-01  8.95352960E-02  6.12372125E-04
2.29039058E-01  8.95824358E-02  6.15163473E-04
2.29285735E-01  9.23303738E-02  6.07954920E-04
2.29532411E-01  9.50408429E-02  6.38842117E-04
2.29779087E-01  9.10035223E-02  6.16968086E-04
2.30025764E-01  9.22478065E-02  6.19333063E-04
2.30272440E-01  9.33249891E-02  6.31397823E-04
2.30519117E-01  9.44476053E-02  6.37166144E-04
2.30765793E-01  9.00078714E-02  6.17876824E-04
2.31012470E-01  9.55294371E-02  6.33172516E-04
2.31259146E-01  9.17504430E-02  6.07219350E-04
2.31505822E-01  9.16803256E-02  6.20004197E-04
2.31752499E-01  9.44709331E-02  6.28365669E-04
2.31999175E-01  8.92438889E-02  6.17703947E-04
2.32245852E-01  9.19619799E-02  6.28372072E-04
2.32492528E-01  9.19476524E-02  6.09843002E-04
2.32739205E-01  8.96829516E-02  6.19642728E-04
2.32985881E-01  9.34851542E-02  6.27157395E-04
2.33232557E-01  8.87445956E-02  6.12730917E-04
2.33479234E-01  9.21954513E-02  6.14565681E-04
2.33725910E-01  9.16439295E-02  6.11479278E-04
2.33972587E-01  9.18917507E-02  6.19799772E-04
2.34219263E-01  9.09970105E-02  6.08910108E-04
2.34465939E-01  9.17536244E-02  6.09307608E-04
2.34712616E-01  8.91894177E-02  6.19022641E-04
2.34959292E-01  8.99804756E-02  5.91410499E-04
2.35205969E-01  8.76302868E-02  5.86602371E-04
2.35452645E-01  9.10894275E-02  6.03206165E-04
2.35699322E-01  9.35111642E-02  6.18089456E-04
2.35945998E-01  9.05596614E-02  5.93974430E-04
2.36192674E-01  9.19136405E-02  6.03647612E-04
2.36439351E-01  9.05382782E-02  6.13181153E-04
2.36686027E-01  8.86304304E-02  5.94484620E-04
2.36932704E-01  9.06313434E-02  6.00701780E-04
2.37179380E-01  8.90758708E-02  5.93599456E-04
2.37426057E-01  9.03038234E-02  6.12398435E-04
2.37672733E-01  9.19456333E-02  6.04641333E-04
2.37919409E-01  9.12394896E-02  6.03391847E-04
2.38166086E-01  9.34296995E-02  6.01937878E-04
2.38412762E-01  8.88698027E-02  5.88209135E-04
2.38659439E-01  9.05815884E-02  5.98457002E-04
2.38906115E-01  9.00498703E-02  5.86381997E-04
2.39152791E-01  9.36293006E-02  6.15182973E-04
2.39399468E-01  9.06735882E-02  5.98650542E-04
2.39646144E-01  8.76793563E-02  5.89128758E-04
2.39892821E-01  8.94959494E-02  5.91373537E-04
2.40139497E-01  9.19513106E-02  6.11152383E-04
2.40386174E-01  8.67600814E-02  5.83997637E-04
2.40632850E-01  8.85258317E-02  5.95330435E-04
2.40879526E-01  8.84724259E-02  5.79232990E-04
2.41126203E-01  8.85541737E-02  5.98180748E-04
2.41372879E-01  9.38561708E-02  6.18202030E-04
2.41619556E-01  9.02276933E-02  5.98022481E-04
2.41866232E-01  9.05963406E-02  5.88053372E-04
2.42112909E-01  9.07481462E-02  5.97239647E-04
2.42359585E-01  8.84675980E-02  6.07648632E-04
2.42606261E-01  9.50577706E-02  6.34024502E-04
2.42852938E-01  9.23742354E-02  6.15670637E-04
2.43099614E-01  8.95455703E-02  6.09752024E-04
2.43346291E-01  9.31550935E-02  6.08078088E-04
2.43592967E-01  9.09169987E-02  6.11531199E-04
2.43839644E-01  9.40290615E-02  6.26019610E-04
2.44086320E-01  9.31491852E-02  6.08438801E-04
2.44332996E-01  8.96704718E-02  6.06715039E-04
2.44579673E-01  8.97092670E-02  6.27463392E-04
2.44826349E-01  9.24444646E-02  6.10641961E-04
2.45073026E-01  9.15086567E-02  6.10449060E-04
2.45319702E-01  8.93390998E-02  6.13058975E-04
2.45566378E-01  9.06544477E-02  6.24017674E-04
2.45813055E-01  9.24125686E-02  6.29981048E-04
2.46059731E-01  9.16982219E-02  6.32306677E-04
2.46306408E-01  9.10842419E-02  6.40014769E-04
2.46553084E-01  9.39329937E-02  6.32985670E-04
2.46799761E-01  9.12034735E-02  6.43284991E-04
2.47046437E-01  8.83632824E-02  6.47556619E-04
2.47293113E-01  9.23022702E-02  6.41325896E-04
2.47539790E-01  8.91256407E-02  6.30712369E-04
2.47786466E-01  9.05483291E-02  6.37814810E-04
2.48033143E-01  9.02714059E-02  6.33159245E-04
2.48279819E-01  8.86469409E-02  6.49325899E-04
2.48526496E-01  9.19614881E-02  6.56776770E-04
2.48773172E-01  9.08993408E-02  6.47061039E-04
2.49019848E-01  8.78708288E-02  6.30262250E-04
2.49266525E-01  9.48880166E-02  6.70520472E-04
2.49513201E-01  8.78079981E-02  6.46497821E-04
2.49759878E-01  8.95202756E-02  6.41647843E-04
2.50006554E-01  8.98228884E-02  6.73017697E-04
2.50253230E-01  9.12423879E-02  6.74692390E-04
2.50499907E-01  9.27805007E-02  6.60508464E-04
2.50746583E-01  9.16895866E-02  6.76550262E-04
2.50993260E-01  9.10210386E-02  6.53838390E-04
2.51239936E-01  9.47345644E-02  6.68344961E-04
2.51486613E-01  9.04372856E-02  6.67005021E-04
2.51733289E-01  8.85911584E-02  6.34207798E-04
2.51979965E-01  9.10829157E-02  6.71699585E-04
2.52226642E-01  9.27952081E-02  6.64358202E-04
2.52473318E-01  9.17405188E-02  6.73613686E-04
2.52719995E-01  9.26642865E-02  6.60942635E-04
2.52966671E-01  9.32974517E-02  6.88583124E-04
2.53213348E-01  8.91805589E-02  6.72084163E-04
2.53460024E-01  8.84840563E-02  6.59957412E-04
2.53706700E-01  9.05306041E-02  6.76090596E-04
2.53953377E-01  9.08140466E-02  6.78687880E-04
2.54200053E-01  9.57432687E-02  6.81584061E-04
2.54446730E-01  9.18133855E-02  6.75766263E-04
2.54693406E-01  9.58071202E-02  6.70126290E-04
2.54940083E-01  8.97769555E-02  6.43944717E-04
2.55186759E-01  9.22095701E-02  6.59167708E-04
2.55433435E-01  8.96392614E-02  6.50708622E-04
2.55680112E-01  9.30038542E-02  6.54517324E-04
2.55926788E-01  9.37027708E-02  6.61152648E-04
2.56173465E-01  9.38492790E-02  6.70865295E-04
2.56420141E-01  9.55283120E-02  6.62865059E-04
2.56666817E-01  9.08524767E-02  6.56093820E-04
2.56913494E-01  9.19622853E-02  6.52843330E-04
2.57160170E-01  9.04774889E-02  6.24069711E-04
2.57406847E-01  9.19086933E-02  6.59350131E-04
2.57653523E-01  9.25918818E-02  6.43470790E-04
2.57900200E-01  9.45710167E-02  6.67267828E-04
2.58146876E-01  9.21040401E-02  6.57901866E-04
2.58393552E-01  8.95539373E-02  6.44478365E-04
2.58640229E-01  9.22314301E-02  6.54866919E-04
2.58886905E-01  9.40381959E-02  6.53956027E-04
2.59133582E-01  9.42827687E-02  6.40020706E-04
2.59380258E-01  9.26017091E-02  6.40659942E-04
2.59626935E-01  9.47242901E-02  6.59718760E-04
2.59873611E-01  9.24151465E-02  6.47427340E-04
2.60120287E-01  9.19120312E-02  6.29579125E-04
2.60366964E-01  9.35546979E-02  6.39959879E-04
2.60613640E-01  9.45735946E-02  6.57786324E-04
2.60860317E-01  9.38365087E-02  6.42926141E-04
2.61106993E-01  9.29908082E-02  6.47710811E-04
2.61353670E-01  9.16848704E-02  6.18133927E-04
2.61600346E-01  9.42063555E-02  6.36442623E-04
2.61847022E-01  9.18443576E-02  6.51564391E-04
2.62093699E-01  9.30441245E-02  6.45988388E-04
2.62340375E-01  9.24096853E-02  6.50963280E-04
2.62587052E-01  8.94940719E-02  6.30521798E-04
2.62833728E-01  9.11532119E-02  6.42509200E-04
2.63080404E-01  9.13324282E-02  6.41548017E-04
2.63327081E-01  9.24782977E-02  6.42656873E-04
2.63573757E-01  9.51115116E-02  6.76660275E-04
2.63820434E-01  9.10090283E-02  6.37294084E-04
2.64067110E-01  9.19589922E-02  6.39227394E-04
2.64313787E-01  9.35735777E-02  6.30931114E-04
2.64560463E-01  9.48505625E-02  6.49067282E-04
2.64807139E-01  9.57047269E-02  6.40591257E-04
2.65053816E-01  9.06844065E-02  6.31216622E-04
2.65300492E-01  9.37642381E-02  6.56630378E-04
2.65547169E-01  9.36037526E-02  6.33116870E-04
2.65793845E-01  9.56868976E-02  6.53389085E-04
2.66040522E-01  9.06408653E-02  6.47661160E-04
2.66287198E-01  9.44292620E-02  6.38583791E-04
2.66533874E-01  9.50239003E-02  6.33990683E-04
2.66780551E-01  9.36067253E-02  6.25644694E-04
2.67027227E-01  9.29848477E-02  6.55351265E-04
2.67273904E-01  9.11065713E-02  6.21473708E-04
2.67520580E-01  9.03663263E-02  6.24692650E-04
2.67767256E-01  9.07370895E-02  6.24638924E-04
2.68013933E-01  9.43751782E-02  6.52414688E-04
2.68260609E-01  9.35103297E-02  6.32706564E-04
2.68507286E-01  9.22508538E-02  6.28238660E-04
2.68753962E-01  9.37917009E-02  6.40411687E-04
2.69000639E-01  9.20977294E-02  6.45233318E-04
2.69247315E-01  9.13932174E-02  6.47740962E-04
2.69493991E-01  9.18514952E-02  6.17338985E-04
2.69740668E-01  9.44538489E-02  6.29392569E-04
2.69987344E-01  9.19769183E-02  6.20583422E-04
2.70234021E-01  9.26793292E-02  6.40696788E-04
2.70480697E-01  9.53618586E-02  6.52855670E-04
2.70727374E-01  9.30130109E-02  6.30976690E-04
2.70974050E-01  9.51086953E-02  6.71578280E-04
2.71220726E-01  9.69176367E-02  6.68571738E-04
2.71467403E-01  9.36683640E-02  6.57824392E-04
2.71714079E-01  9.67850909E-02  6.78692479E-04
2.71960756E-01  9.88354385E-02  6.99168770E-04
2.72207432E-01  9.04541314E-02  6.40734215E-04
2.72454109E-01  9.54469144E-02  6.68299501E-04
2.72700785E-01  9.58561599E-02  6.53050549E-04
2.72947461E-01  9.31367055E-02  6.68278139E-04
2.73194138E-01  9.55935493E-02  6.67945191E-04
2.73440814E-01  1.00212663E-01  6.84014638E-04
2.73687491E-01  9.67668071E-02  6.81329577E-04
2.73934167E-01  9.81474221E-02  6.74641633E-04
2.74180843E-01  9.60528031E-02  6.73709321E-04
2.74427520E-01  9.84655470E-02  6.65619504E-04
2.74674196E-01  9.59780887E-02  6.66675565E-04
2.74920873E-01  9.77809727E-02  6.64736435E-04
2.75167549E-01  9.42447186E-02  6.62080653E-04
2.75414226E-01  9.63504910E-02  6.84026279E-04
2.75660902E-01  9.88476649E-02  6.93346898E-04
2.75907578E-01  9.67512205E-02  6.84596540E-04
2.76154255E-01  9.55174789E-02  6.64794003E-04
2.76400931E-01  9.94072855E-02  6.89024921E-04
2.76647608E-01  9.70273837E-02  6.74235751E-04
2.76894284E-01  9.73233134E-02  6.73179573E-04
2.77140961E-01  9.72240642E-02  6.85422856E-04
2.77387637E-01  9.92403328E-02  6.95245748E-04
2.77634313E-01  9.72266644E-02  6.80475496E-04
2.77880990E-01  9.90511328E-02  6.81803038E-04
2.78127666E-01  9.60490182E-02  6.79533929E-04
2.78374343E-01  9.45502892E-02  6.73247676E-04
2.78621019E-01  9.68293250E-02  6.75942807E-04
2.78867695E-01  9.94031727E-02  6.89345296E-04
2.79114372E-01  9.51366946E-02  6.68178662E-04
2.79361048E-01  9.50341150E-02  6.69945090E-04
2.79607725E-01  9.57528949E-02  7.03239173E-04
2.79854401E-01  9.83934477E-02  6.92349218E-04
2.80101078E-01  9.84264091E-02  6.97907817E-04
2.80347754E-01  1.01287395E-01  6.86153537E-04
2.80594430E-01  9.67594907E-02  6.98892807E-04
2.80841107E-01  1.00485377E-01  6.91738329E-04
2.81087783E-01  9.69352350E-02  6.72834634E-04
2.81334460E-01  1.00456402E-01  6.97625044E-04
2.81581136E-01  9.88473296E-02  6.87147258E-04
2.81827813E-01  9.65795815E-02  6.81192905E-04
2.82074489E-01  9.86529365E-02  7.04130507E-04
2.82321165E-01  9.79342014E-02  6.91144785E-04
2.82567842E-01  9.92785469E-02  7.05508690E-04
2.82814518E-01  9.43308175E-02  6.87489694E-04
2.83061195E-01  9.64958668E-02  6.98951946E-04
2.83307871E-01  9.67936590E-02  6.82392390E-04
2.83554548E-01  9.71980393E-02  6.87186432E-04
2.83801224E-01  9.30834711E-02  6.71643123E-04
2.84047900E-01  9.40306187E-02  6.81165780E-04
2.84294577E-01  9.69026312E-02  6.85073959E-04
2.84541253E-01  9.65780243E-02  6.80359837E-04
2.84787930E-01  9.42979306E-02  6.76974712E-04
2.85034606E-01  9.69078317E-02  7.24877696E-04
2.85281282E-01  9.67018604E-02  6.94068382E-04
2.85527959E-01  9.41767842E-02  6.77252887E-04
2.85774635E-01  9.93213728E-02  6.97799027E-04
2.86021312E-01  9.60950255E-02  6.81459671E-04
2.86267988E-01  1.00814052E-01  7.09069544E-04
2.86514665E-01  9.62399244E-02  6.93220529E-04
2.86761341E-01  1.02490582E-01  7.17529154E-04
2.87008017E-01  9.73634943E-02  6.82445301E-04
2.87254694E-01  9.95893255E-02  7.11794419E-04
2.87501370E-01  9.72918421E-02  7.00669305E-04
2.87748047E-01  1.00784682E-01  7.00786768E-04
2.87994723E-01  1.00787275E-01  7.28496874E-04
2.88241400E-01  9.58397835E-02  7.09598127E-04
2.88488076E-01  9.77653116E-02  6.78731594E-04
2.88734752E-01  9.98771489E-02  7.12992507E-04
2.88981429E-01  9.80625972E-02  6.92312955E-04
2.89228105E-01  9.47567448E-02  6.99435303E-04
2.89474782E-01  1.03300616E-01  7.13529065E-04
2.89721458E-01  9.67133120E-02  6.96217990E-04
2.89968134E-01  1.00442663E-01  7.31947308E-04
2.90214811E-01  9.81924236E-02  7.09092128E-04
2.90461487E-01  9.94653255E-02  7.15997303E-04
2.90708164E-01  9.67446566E-02  7.04632374E-04
2.90954840E-01  1.00156784E-01  7.08981999E-04
2.91201517E-01  9.95293334E-02  6.93569134E-04
2.91448193E-01  9.66767371E-02  7.03823462E-04
2.91694869E-01  1.01902023E-01  7.25500286E-04
2.91941546E-01  1.01681747E-01  7.23255682E-04
2.92188222E-01  9.57343727E-02  6.95971423E-04
2.92434899E-01  9.45880413E-02  6.97225623E-04
2.92681575E-01  9.87692699E-02  7.16522918E-04
2.92928252E-01  9.71008167E-02  6.88898901E-04
2.93174928E-01  9.80801806E-02  7.06985593E-04
2.93421604E-01  9.58630443E-02  6.82320853E-04
2.93668281E-01  9.88464877E-02  6.86645624E-04
2.93914957E-01  9.96424109E-02  7.09423097E-04
2.94161634E-01  9.68461335E-02  6.83698396E-04
2.94408310E-01  9.59319174E-02  6.98467484E-04
2.94654987E-01  1.01340771E-01  7.03712692E-04
2.94901663E-01  1.00284643E-01  7.24206970E-04
2.95148339E-01  1.02930747E-01  7.23489095E-04
2.95395016E-01  9.81959105E-02  6.93613605E-04
2.95641692E-01  9.68440101E-02  7.04162638E-04
2.95888369E-01  1.00335434E-01  7.01272860E-04
2.96135045E-01  9.65827182E-02  6.82791928E-04
2.96381721E-01  9.73862186E-02  6.94168033E-04
2.96628398E-01  1.01280585E-01  7.08139734E-04
2.96875074E-01  9.66526791E-02  7.11233530E-04
2.97121751E-01  9.80759710E-02  7.03352736E-04
2.97368427E-01  9.74114835E-02  6.92958536E-04
2.97615104E-01  9.82847959E-02  7.17731542E-04
2.97861780E-01  9.69482064E-02  6.88756409E-04
2.98108456E-01  1.00014217E-01  7.09490967E-04
2.98355133E-01  9.78915468E-02  6.92438451E-04
2.98601809E-01  1.00808248E-01  7.28448445E-04
2.98848486E-01  9.68153030E-02  7.06879015E-04
2.99095162E-01  9.93797481E-02  6.95878291E-04
2.99341839E-01  9.77893919E-02  6.93161506E-04
2.99588515E-01  1.01323895E-01  7.15495029E-04
2.99835191E-01  9.25395414E-02  6.72654773E-04
3.00081868E-01  1.00598797E-01  7.10479973E-04
3.00328544E-01  9.78560969E-02  7.02538702E-04
3.00575221E-01  1.00897290E-01  6.99916622E-04
3.00821897E-01  9.70643908E-02  7.01989455E-04
3.01068574E-01  9.72145349E-02  7.06314982E-04
3.01315250E-01  9.91058052E-02  6.84577448E-04
3.01561926E-01  1.02493487E-01  7.03306054E-04
3.01808603E-01  9.94142145E-02  7.28488609E-04
3.02055279E-01  1.00822397E-01  7.02588120E-04
3.02301956E-01  1.00417644E-01  7.30254163E-04
3.02548632E-01  9.79086310E-02  7.06134131E-04
3.02795308E-01  1.02808923E-01  7.19528587E-04
3.03041985E-01  1.01218380E-01  7.15201604E-04
3.03288661E-01  9.89468992E-02  6.98861724E-04
3.03535338E-01  1.02806076E-01  7.37043447E-04
3.03782014E-01  9.71949473E-02  7.05707411E-04
3.04028691E-01  1.06145345E-01  8.24930728E-04
3.04275367E-01  1.08188592E-01  8.75059166E-04
3.04522043E-01  1.08004965E-01  8.77550803E-04
3.04768720E-01  1.09137997E-01  1.06638216E-03
3.05015396E-01  1.11657865E-01  1.11657556E-03
3.05262073E-01  1.17534742E-01  1.35948032E-03
3.05508749E-01  1.13127552E-01  1.28670922E-03
3.05755426E-01  1.15702078E-01  1.52137538E-03
3.06002102E-01  1.16998322E-01  1.53501739E-03
3.06248778E-01  1.19066119E-01  1.59416161E-03
3.06495455E-01  1.16217382E-01  1.67648983E-03
3.06742131E-01  1.18766159E-01  1.53608806E-03
3.06988808E-01  1.16432145E-01  1.39435474E-03
3.07235484E-01  1.15024664E-01  1.29563373E-03
3.07482160E-01  1.10541441E-01  1.12480891E-03
3.07728837E-01  1.06669903E-01  9.74359165E-04
3.07975513E-01  1.06517009E-01  8.52117839E-04
3.08222190E-01  1.05000354E-01  7.79736729E-04
3.08468866E-01  9.88862291E-02  7.31454813E-04
3.08715543E-01  1.01755746E-01  7.31390552E-04
3.08962219E-01  9.85129029E-02  7.04746868E-04
3.09208895E-01  1.00717761E-01  7.19343021E-04
3.09455572E-01  9.82745141E-02  7.23665231E-04
3.09702248E-01  9.96145457E-02  7.01523735E-04
3.09948925E-01  1.00422882E-01  7.53100088E-04
3.10195601E-01  1.01520009E-01  7.32150569E-04
3.10442278E-01  1.02904178E-01  7.23670062E-04
3.10688954E-01  1.01526693E-01  7.39546260E-04
3.10935630E-01  9.92532372E-02  7.10215827E-04
3.11182307E-01  9.83628333E-02  7.08186766E-04
3.11428983E-01  9.98089239E-02  7.08204985E-04
3.11675660E-01  1.01158954E-01  7.13374407E-04
3.11922336E-01  1.01003274E-01  7.29298103E-04
3.12169013E-01  1.02951802E-01  7.11284229E-04
3.12415689E-01  9.57758427E-02  7.13378598E-04
3.12662365E-01  9.72789526E-02  6.83675986E-04
3.12909042E-01  1.01172931E-01  7.00848992E-04
3.13155718E-01  1.00023754E-01  7.18264026E-04
3.13402395E-01  9.97518077E-02  7.35780050E-04
3.13649071E-01  1.02238588E-01  7.35157228E-04
3.13895747E-01  1.00282006E-01  7.01159355E-04
3.14142424E-01  9.89288613E-02  7.21224584E-04
3.14389100E-01  1.00330785E-01  7.39233277E-04
3.14635777E-01  9.59364846E-02  7.15696719E-04
3.14882453E-01  1.00571446E-01  7.29527266E-04
3.15129130E-01  9.95069817E-02  7.22421624E-04
3.15375806E-01  9.75976586E-02  7.22464640E-04
3.15622482E-01  9.98689160E-02  7.34311179E-04
3.15869159E-01  9.30000320E-02  6.98545831E-04
3.16115835E-01  9.92853269E-02  7.20715849E-04
3.16362512E-01  1.00850657E-01  7.38606963E-04
3.16609188E-01  9.79465619E-02  7.33089400E-04
3.16855865E-01  9.95084643E-02  7.12191337E-04
3.17102541E-01  9.85205770E-02  6.99252880E-04
3.17349217E-01  9.65408906E-02  7.11510307E-04
3.17595894E-01  9.94707122E-02  7.18811643E-04
3.17842570E-01  1.02919236E-01  7.17973628E-04
3.18089247E-01  9.87057909E-02  7.17183400E-04
3.18335923E-01  9.87431332E-02  7.03369558E-04
3.18582599E-01  9.95782614E-02  7.09962449E-04
3.18829276E-01  1.00117631E-01  7.21282442E-04
3.19075952E-01  1.05096892E-01  7.29988853E-04
3.19322629E-01  1.03451580E-01  7.17376417E-04
3.19569305E-01  1.02879860E-01  7.24467565E-04
3.19815982E-01  9.77069587E-02  7.06727500E-04
3.20062658E-01  1.05210692E-01  7.47455284E-04
3.20309334E-01  9.72708389E-02  7.07261672E-04
3.20556011E-01  9.90629494E-02  7.26057973E-04
3.20802687E-01  1.02912098E-01  7.13676505E-04
3.21049364E-01  1.01270318E-01  7.10399996E-04
3.21296040E-01  1.00361891E-01  6.99137803E-04
3.21542717E-01  9.97979715E-02  7.14150025E-04
3.21789393E-01  9.73671898E-02  7.14263180E-04
3.22036069E-01  1.00145049E-01  7.20082084E-04
3.22282746E-01  1.02239721E-01  7.11029454E-04
3.22529422E-01  1.02976151E-01  7.27315666E-04
3.22776099E-01  1.02964416E-01  7.19503150E-04
3.23022775E-01  1.09557033E-01  7.78534799E-04
3.23269452E-01  1.01993598E-01  7.24298821E-04
3.23516128E-01  1.04220219E-01  7.58406008E-04
3.23762804E-01  1.02296263E-01  7.34267000E-04
3.24009481E-01  1.04317263E-01  7.19028176E-04
3.24256157E-01  1.01056464E-01  7.21883727E-04
3.24502834E-01  1.04201913E-01  7.43127195E-04
3.24749510E-01  1.00284562E-01  7.05276907E-04
3.24996186E-01  1.02233805E-01  7.29638850E-04
3.25242863E-01  1.05453469E-01  7.37304916E-04
3.25489539E-01  9.71444473E-02  7.18051044E-04
3.25736216E-01  1.04886405E-01  7.38978793E-04
3.25982892E-01  1.01842850E-01  7.12705951E-04
3.26229569E-01  1.03351429E-01  7.68626691E-04
3.26476245E-01  1.00806095E-01  7.13092508E-04
3.26722921E-01  1.02726296E-01  7.37385824E-04
3.26969598E-01  1.06779888E-01  7.36036338E-04
3.27216274E-01  1.03540823E-01  7.38343631E-04
3.27462951E-01  1.01399660E-01  7.13221321E-04
3.27709627E-01  1.02488823E-01  7.31967972E-04
3.27956304E-01  1.05142459E-01  7.43298559E-04
3.28202980E-01  1.02099799E-01  7.21620512E-04
3.28449656E-01  9.95934978E-02  7.21295131E-04
3.28696333E-01  1.07051075E-01  7.50349020E-04
3.28943009E-01  1.00200109E-01  7.08972511E-04
3.29189686E-01  1.02104321E-01  7.20046344E-04
3.29436362E-01  1.08648576E-01  7.47882237E-04
3.29683039E-01  1.07623078E-01  7.34520552E-04
3.29929715E-01  1.04232594E-01  7.30455562E-04
3.30176391E-01  1.02110773E-01  7.36463233E-04
3.30423068E-01  1.08358778E-01  7.64921017E-04
3.30669744E-01  1.00683808E-01  7.20325508E-04
3.30916421E-01  1.06050335E-01  7.44780642E-04
3.31163097E-01  1.06951706E-01  7.36867310E-04
3.31409773E-01  1.02797613E-01  7.17304007E-04
3.31656450E-01  1.05278172E-01  7.32290966E-04
3.31903126E-01  1.04797915E-01  7.42293370E-04
3.32149803E-01  1.02535091E-01  7.35666952E-04
3.32396479E-01  1.06865250E-01  7.44973018E-04
3.32643156E-01  1.00406490E-01  7.44004676E-04
3.32889832E-01  1.05668142E-01  7.35853799E-04
3.33136508E-01  1.03584439E-01  7.50843319E-04
3.33383185E-01  1.05996393E-01  7.62083218E-04
3.33629861E-01  1.03384197E-01  7.41044467E-04
3.33876538E-01  1.03981212E-01  7.50992622E-04
3.34123214E-01  1.05378382E-01  7.26775965E-04
3.34369891E-01  1.06626712E-01  7.55616231E-04
3.34616567E-01  1.10584006E-01  7.85756216E-04
3.34863243E-01  1.07071236E-01  7.31387758E-04
3.35109920E-01  1.13065213E-01  7.86126708E-04
3.35356596E-01  1.07797615E-01  7.46726757E-04
3.35603273E-01  1.07313849E-01  7.65938486E-04
3.35849949E-01  1.07301466E-01  7.69091304E-04
3.36096625E-01  1.07689165E-01  7.74651475E-04
3.36343302E-01  1.05925314E-01  7.66182784E-04
3.36589978E-01  1.03059657E-01  7.34807632E-04
3.36836655E-01  1.03036247E-01  7.11643312E-04
3.37083331E-01  1.07451282E-01  7.54650100E-04
3.37330008E-01  1.03325836E-01  7.42582954E-04
3.37576684E-01  1.03975512E-01  7.42876844E-04
3.37823360E-01  1.06337912E-01  7.42708042E-04
3.38070037E-01  1.04278833E-01  7.34722533E-04
3.38316713E-01  1.04016230E-01  7.41429976E-04
3.38563390E-01  1.06262483E-01  7.42443954E-04
3.38810066E-01  1.07786812E-01  7.61378731E-04
3.39056743E-01  1.04507662E-01  7.65557634E-04
3.39303419E-01  1.04676634E-01  7.40968913E-04
3.39550095E-01  1.04665473E-01  7.22671277E-04
3.39796772E-01  1.05016403E-01  7.55061163E-04
3.40043448E-01  1.04756452E-01  7.57573987E-04
3.40290125E-01  1.05219439E-01  7.29290885E-04
3.40536801E-01  1.04402803E-01  7.36378541E-04
3.40783478E-01  1.06377609E-01  7.40220654E-04
3.41030154E-01  1.11617818E-01  7.32447777E-04
3.41276830E-01  1.06183723E-01  7.34895235E-04
3.41523507E-01  1.05964214E-01  7.62876472E-04
3.41770183E-01  1.11539982E-01  7.83325871E-04
3.42016860E-01  1.08345315E-01  7.51047686E-04
3.42263536E-01  1.05464108E-01  7.37322262E-04
3.42510212E-01  1.05990104E-01  7.61194387E-04
3.42756889E-01  1.01556890E-01  7.21077260E-04
3.43003565E-01  1.11096606E-01  7.81179115E-04
3.43250242E-01  1.08744115E-01  7.70127866E-04
3.43496918E-01  1.06518179E-01  7.54426525E-04
3.43743595E-01  1.03265278E-01  7.37616268E-04
3.43990271E-01  1.06104679E-01  7.65688252E-04
3.44236947E-01  1.02375053E-01  7.32316519E-04
3.44483624E-01  1.01935126E-01  7.55840098E-04
3.44730300E-01  1.09334737E-01  7.52237800E-04
3.44976977E-01  1.05753839E-01  7.42578937E-04
3.45223653E-01  1.07055515E-01  7.67177960E-04
3.45470330E-01  1.06906548E-01  7.36763002E-04
3.45717006E-01  1.05166614E-01  7.51262181E-04
3.45963682E-01  1.09430641E-01  7.61763833E-04
3.46210359E-01  1.05575137E-01  7.42048549E-04
3.46457035E-01  1.07640773E-01  7.41960190E-04
3.46703712E-01  1.06812842E-01  7.42665958E-04
3.46950388E-01  1.04865700E-01  7.25475780E-04
3.47197064E-01  1.02854617E-01  7.09948130E-04
3.47443741E-01  1.06194712E-01  7.28396932E-04
3.47690417E-01  1.05279699E-01  7.23914127E-04
3.47937094E-01  1.04958110E-01  7.35982496E-04
3.48183770E-01  1.06949456E-01  7.39114475E-04
3.48430447E-01  1.07475720E-01  7.42070668E-04
3.48677123E-01  1.05480485E-01  7.29641353E-04
3.48923799E-01  1.07367083E-01  7.50278297E-04
3.49170476E-01  1.04886532E-01  7.44526158E-04
3.49417152E-01  1.01824753E-01  7.26452621E-04
3.49663829E-01  1.05688564E-01  7.24735786E-04
3.49910505E-01  1.02112621E-01  7.32455461E-04
3.50157182E-01  1.05006166E-01  7.30668195E-04
3.50403858E-01  1.02502659E-01  7.37799681E-04
3.50650534E-01  1.04602478E-01  7.37847353E-04
3.50897211E-01  1.03573479E-01  7.15786300E-04
3.51143887E-01  1.01199389E-01  7.09757383E-04
3.51390564E-01  1.02806278E-01  7.35041394E-04
3.51637240E-01  1.04385138E-01  7.39104988E-04
3.51883917E-01  1.03310339E-01  7.17292132E-04
3.52130593E-01  1.05106160E-01  7.49517116E-04
3.52377269E-01  1.02748789E-01  7.32430024E-04
3.52623946E-01  9.99842212E-02  7.02473568E-04
3.52870622E-01  1.08109348E-01  7.25760357E-04
3.53117299E-01  1.02012090E-01  7.48186838E-04
3.53363975E-01  1.01665333E-01  7.33777822E-04
3.53610651E-01  1.03296287E-01  7.18267169E-04
3.53857328E-01  1.08925045E-01  7.48778752E-04
3.54104004E-01  1.04599960E-01  7.24489335E-04
3.54350681E-01  1.02944717E-01  7.22277444E-04
3.54597357E-01  1.03528157E-01  7.40585441E-04
3.54844034E-01  1.06372274E-01  7.33166758E-04
3.55090710E-01  9.95342657E-02  7.28315150E-04
3.55337386E-01  1.01625003E-01  7.29289488E-04
3.55584063E-01  1.06323533E-01  7.26010592E-04
3.55830739E-01  1.03555493E-01  7.19109317E-04
3.56077416E-01  1.02689937E-01  7.14225520E-04
3.56324092E-01  1.01349056E-01  7.29645486E-04
3.56570769E-01  1.01278983E-01  7.33646972E-04
3.56817445E-01  1.03953116E-01  7.29391642E-04
3.57064121E-01  1.03754252E-01  7.35551759E-04
3.57310798E-01  1.03496611E-01  7.27801002E-04
3.57557474E-01  1.01961456E-01  7.17429444E-04
3.57804151E-01  9.96310115E-02  7.13513582E-04
3.58050827E-01  1.04659773E-01  7.48649880E-04
3.58297503E-01  9.78642553E-02  7.18804542E-04
3.58544180E-01  1.00589283E-01  7.10541150E-04
3.58790856E-01  1.01144351E-01  7.29670224E-04
3.59037533E-01  1.02815598E-01  7.27147446E-04
3.59284209E-01  1.02325521E-01  7.05998682E-04
3.59530886E-01  1.03765346E-01  7.36101065E-04
3.59777562E-01  1.00205705E-01  7.22221099E-04
3.60024238E-01  1.00298859E-01  7.25546386E-04
3.60270915E-01  1.01984724E-01  7.14555616E-04
3.60517591E-01  1.00333810E-01  7.16761569E-04
3.60764268E-01  9.96732339E-02  7.22956844E-04
3.61010944E-01  1.01365425E-01  7.34233763E-04
3.61257621E-01  1.03926413E-01  7.56676309E-04
3.61504297E-01  9.53548774E-02  6.89612003E-04
3.61750973E-01  1.03463188E-01  7.34501693E-04
3.61997650E-01  1.02391422E-01  7.46481412E-04
3.62244326E-01  1.00324802E-01  7.17035262E-04
3.62491003E-01  9.89120454E-02  7.28548213E-04
3.62737679E-01  1.00274324E-01  7.15826231E-04
3.62984356E-01  1.01815745E-01  7.30509637E-04
3.63231032E-01  9.96412858E-02  7.35718058E-04
3.63477708E-01  9.98585448E-02  7.12677778E-04
3.63724385E-01  1.01662636E-01  7.12181325E-04
3.63971061E-01  1.00809239E-01  7.20840879E-04
3.64217738E-01  9.99313667E-02  7.30026222E-04
3.64464414E-01  9.64687243E-02  7.05423183E-04
3.64711090E-01  9.83495638E-02  7.20438373E-04
3.64957767E-01  1.01705566E-01  7.15961971E-04
3.65204443E-01  9.97396782E-02  7.23498815E-04
3.65451120E-01  9.83733535E-02  7.02818041E-04
3.65697796E-01  9.77611840E-02  7.34741508E-04
3.65944473E-01  1.02090552E-01  7.35868874E-04
3.66191149E-01  9.99026448E-02  7.24247715E-04
3.66437825E-01  1.01704463E-01  7.45212252E-04
3.66684502E-01  9.87172350E-02  7.05440587E-04
3.66931178E-01  9.79153812E-02  7.14124821E-04
3.67177855E-01  9.86810178E-02  7.03763857E-04
3.67424531E-01  1.00353181E-01  7.20676908E-04
3.67671208E-01  9.97499153E-02  7.30917556E-04
3.67917884E-01  9.69437510E-02  7.11685338E-04
3.68164560E-01  1.00127608E-01  7.16680486E-04
3.68411237E-01  9.77275521E-02  6.94599410E-04
3.68657913E-01  1.01499788E-01  7.35675334E-04
3.68904590E-01  1.00485578E-01  7.32736778E-04
3.69151266E-01  1.02121703E-01  7.40420539E-04
3.69397943E-01  9.87841710E-02  7.05674523E-04
3.69644619E-01  1.02656439E-01  7.24641432E-04
3.69891295E-01  1.01177357E-01  7.08857668E-04
3.70137972E-01  1.03970297E-01  7.39546027E-04
3.70384648E-01  1.00646973E-01  7.14799273E-04
3.70631325E-01  9.87451673E-02  7.15865288E-04
3.70878001E-01  9.92719233E-02  7.38463248E-04
3.71124677E-01  9.74285081E-02  7.15040602E-04
3.71371354E-01  1.01881109E-01  7.34229106E-04
3.71618030E-01  9.40668955E-02  6.83924591E-04
3.71864707E-01  1.01431429E-01  7.22159632E-04
3.72111383E-01  9.88194123E-02  7.21251301E-04
3.72358060E-01  9.92785841E-02  7.14720169E-04
3.72604736E-01  9.88690630E-02  7.08817621E-04
3.72851412E-01  9.95111838E-02  6.97579759E-04
3.73098089E-01  9.94259268E-02  7.33731082E-04
3.73344765E-01  9.56440195E-02  7.10438995E-04
3.73591442E-01  9.97545496E-02  7.30082334E-04
3.73838118E-01  9.63557437E-02  6.93967624E-04
3.74084795E-01  9.64382440E-02  6.90868939E-04
3.74331471E-01  9.61117893E-02  6.78114768E-04
3.74578147E-01  1.00126900E-01  7.17414601E-04
3.74824824E-01  9.42579731E-02  6.97137846E-04
3.75071500E-01  1.02606066E-01  7.28881627E-04
3.75318177E-01  9.76989716E-02  7.00190256E-04
3.75564853E-01  9.85088423E-02  7.06321211E-04
3.75811529E-01  1.02648936E-01  7.17230141E-04
3.76058206E-01  1.01497263E-01  7.25440856E-04
3.76304882E-01  1.01415172E-01  7.13642803E-04
3.76551559E-01  9.96621475E-02  7.14133028E-04
3.76798235E-01  1.01852462E-01  7.15489150E-04
3.77044912E-01  9.66931060E-02  6.97168696E-04
3.77291588E-01  1.03069812E-01  7.29263003E-04
3.77538264E-01  1.01400703E-01  7.17572111E-04
3.77784941E-01  1.00169793E-01  7.37247814E-04
3.78031617E-01  9.91722494E-02  6.99552940E-04
3.78278294E-01  1.05971381E-01  7.48970604E-04
3.78524970E-01  1.00145623E-01  7.17117859E-04
3.78771647E-01  1.04249693E-01  7.24087993E-04
3.79018323E-01  9.71543714E-02  7.24661280E-04
3.79264999E-01  9.64355692E-02  7.02402380E-04
3.79511676E-01  9.69265029E-02  7.17891147E-04
3.79758352E-01  9.78236273E-02  7.15759699E-04
3.80005029E-01  1.02441624E-01  7.28230341E-04
3.80251705E-01  1.02008805E-01  7.35120382E-04
3.80498382E-01  1.00657538E-01  7.21107121E-04
3.80745058E-01  9.80708152E-02  7.30739033E-04
3.80991734E-01  9.93872657E-02  7.51258980E-04
3.81238411E-01  9.75688621E-02  7.07169180E-04
3.81485087E-01  1.03488788E-01  7.66359561E-04
3.81731764E-01  9.98674929E-02  7.43264565E-04
3.81978440E-01  9.71383676E-02  7.65325327E-04
3.82225116E-01  1.00682721E-01  7.78228394E-04
3.82471793E-01  9.96558219E-02  7.62813725E-04
3.82718469E-01  9.78562832E-02  7.70880550E-04
3.82965146E-01  9.99239013E-02  7.92410283E-04
3.83211822E-01  9.92403626E-02  7.75147462E-04
3.83458499E-01  9.56605151E-02  7.61317322E-04
3.83705175E-01  9.27583352E-02  7.66362355E-04
3.83951851E-01  1.00018531E-01  7.55878573E-04
3.84198528E-01  9.64806154E-02  7.79005582E-04
3.84445204E-01  9.52732638E-02  7.66907411E-04
3.84691881E-01  1.02704093E-01  8.14363011E-04
3.84938557E-01  1.01555906E-01  7.83864700E-04
3.85185234E-01  9.49297175E-02  7.94869789E-04
3.85431910E-01  9.83709916E-02  8.09451391E-04
3.85678586E-01  9.94398817E-02  7.88514968E-04
3.85925263E-01  9.95072424E-02  8.12835293E-04
3.86171939E-01  9.77794677E-02  7.99716043E-04
3.86418616E-01  1.01250894E-01  8.31020705E-04
3.86665292E-01  1.00916021E-01  8.29142693E-04
3.86911968E-01  9.75572616E-02  8.13866325E-04
3.87158645E-01  1.01576969E-01  8.40479217E-04
3.87405321E-01  9.71687734E-02  8.30869307E-04
3.87651998E-01  9.91754383E-02  7.99413596E-04
3.87898674E-01  9.71429721E-02  8.14142579E-04
3.88145351E-01  9.72129628E-02  8.32331541E-04
3.88392027E-01  9.75959599E-02  8.54057202E-04
3.88638703E-01  9.97837335E-02  8.45097878E-04
3.88885380E-01  9.85581428E-02  8.27045704E-04
3.89132056E-01  1.03253022E-01  8.66737566E-04
3.89378733E-01  1.01172447E-01  8.51047051E-04
3.89625409E-01  9.94788110E-02  8.51944205E-04
3.89872086E-01  9.49257463E-02  8.34016711E-04
3.90118762E-01  9.71161202E-02  8.48973752E-04
3.90365438E-01  9.92251411E-02  8.22834962E-04
3.90612115E-01  1.00947581E-01  8.14066851E-04
3.90858791E-01  9.75812748E-02  8.06776283E-04
3.91105468E-01  9.97925773E-02  7.97244546E-04
3.91352144E-01  9.85811129E-02  8.40409484E-04
3.91598821E-01  9.37362835E-02  7.95308442E-04
3.91845497E-01  9.86259058E-02  7.72650936E-04
3.92092173E-01  1.01844691E-01  8.10513389E-04
3.92338850E-01  9.52568650E-02  7.93428626E-04
3.92585526E-01  1.00098893E-01  7.91649160E-04
3.92832203E-01  9.80575010E-02  8.04926036E-04
3.93078879E-01  9.97604504E-02  8.17249180E-04
3.93325555E-01  9.72513184E-02  7.90890655E-04
3.93572232E-01  9.72396955E-02  7.75378081E-04
3.93818908E-01  9.84909758E-02  7.91922328E-04
3.94065585E-01  1.01176947E-01  7.84682634E-04
3.94312261E-01  9.65639651E-02  7.68829137E-04
3.94558938E-01  9.84794721E-02  7.74608634E-04
3.94805614E-01  9.60744247E-02  7.83090538E-04
3.95052290E-01  9.87279937E-02  7.48006627E-04
3.95298967E-01  1.01583853E-01  7.72593019E-04
3.95545643E-01  9.81985480E-02  7.89826212E-04
3.95792320E-01  1.03303641E-01  7.94964726E-04
3.96038996E-01  9.82686430E-02  7.49028986E-04
3.96285673E-01  9.77807194E-02  7.61440548E-04
3.96532349E-01  9.77730080E-02  7.85644050E-04
3.96779025E-01  9.85680670E-02  7.61442410E-04
3.97025702E-01  9.79288071E-02  7.84482516E-04
3.97272378E-01  1.00240439E-01  7.83215684E-04
3.97519055E-01  1.01433493E-01  7.97304441E-04
3.97765731E-01  9.80893075E-02  7.55155692E-04
3.98012407E-01  9.77414250E-02  7.71780033E-04
3.98259084E-01  9.93362814E-02  7.72104191E-04
3.98505760E-01  9.50406119E-02  7.65554549E-04
3.98752437E-01  1.00871690E-01  7.94437539E-04
3.98999113E-01  9.67219174E-02  7.45948171E-04
3.99245790E-01  9.63790268E-02  7.64593657E-04
3.99492466E-01  9.69342068E-02  7.67361547E-04
3.99739142E-01  9.90136787E-02  7.88275443E-04
3.99985819E-01  1.00689001E-01  7.65255070E-04
4.00232495E-01  9.56730396E-02  7.56189169E-04
4.00479172E-01  1.00265980E-01  7.66540645E-04
4.00725848E-01  9.89351794E-02  7.72198022E-04
4.00972525E-01  1.02985770E-01  7.95075786E-04
4.01219201E-01  9.83490348E-02  7.54485198E-04
4.01465877E-01  9.75885168E-02  7.71489344E-04
4.01712554E-01  1.01357535E-01  7.91182800E-04
4.01959230E-01  9.94391069E-02  7.64968980E-04
4.02205907E-01  9.87300128E-02  7.66785990E-04
4.02452583E-01  1.00837842E-01  7.69140781E-04
4.02699260E-01  1.00432247E-01  7.62875308E-04
4.02945936E-01  9.57624689E-02  7.50028878E-04
4.03192612E-01  9.98396799E-02  7.65991397E-04
4.03439289E-01  9.66707245E-02  7.43053097E-04
4.03685965E-01  1.01316959E-01  7.92347244E-04
4.03932642E-01  9.76901576E-02  7.67315098E-04
4.04179318E-01  9.86373052E-02  7.89361540E-04
4.04425994E-01  9.86871421E-02  7.62612326E-04
4.04672671E-01  1.01034954E-01  7.95330969E-04
4.04919347E-01  9.78963822E-02  7.63753545E-04
4.05166024E-01  1.00235254E-01  7.69302307E-04
4.05412700E-01  9.70405042E-02  7.65419798E-04
4.05659377E-01  1.00810505E-01  7.77959474E-04
4.05906053E-01  9.96443629E-02  7.50365551E-04
4.06152729E-01  9.69130248E-02  7.81068346E-04
4.06399406E-01  9.88967121E-02  7.48642487E-04
4.06646082E-01  1.01301625E-01  7.68789905E-04
4.06892759E-01  9.45436209E-02  7.52388209E-04
4.07139435E-01  1.00176722E-01  7.56997906E-04
4.07386112E-01  1.02446280E-01  7.49189057E-04
4.07632788E-01  9.97791216E-02  7.64039462E-04
4.07879464E-01  9.81469229E-02  7.56360241E-04
4.08126141E-01  1.00255005E-01  7.72040978E-04
4.08372817E-01  1.00863032E-01  7.51398562E-04
4.08619494E-01  9.83072594E-02  7.59643677E-04
4.08866170E-01  1.03087798E-01  7.88519101E-04
4.09112847E-01  1.00993998E-01  7.55988411E-04
4.09359523E-01  9.86071229E-02  7.61570118E-04
4.09606199E-01  1.01642139E-01  7.83292635E-04
4.09852876E-01  9.68572721E-02  7.56281195E-04
4.10099552E-01  9.93682221E-02  7.65890989E-04
4.10346229E-01  1.03139155E-01  7.98740773E-04
4.10592905E-01  9.86320600E-02  7.64709606E-04
4.10839581E-01  1.03180930E-01  7.70642015E-04
4.11086258E-01  9.89089534E-02  7.59930525E-04
4.11332934E-01  1.00122929E-01  7.40438700E-04
4.11579611E-01  1.02170654E-01  7.62714131E-04
4.11826287E-01  9.82489660E-02  7.38309929E-04
4.12072964E-01  9.79019254E-02  7.61279720E-04
4.12319640E-01  9.87113789E-02  7.74586631E-04
4.12566316E-01  1.00010738E-01  7.41781783E-04
4.12812993E-01  9.83280912E-02  7.69362261E-04
4.13059669E-01  1.01826660E-01  7.49486033E-04
4.13306346E-01  1.00568496E-01  7.48163147E-04
4.13553022E-01  9.90703627E-02  7.31997483E-04
4.13799699E-01  9.95541960E-02  7.41914264E-04
4.14046375E-01  1.03417717E-01  7.66008976E-04
4.14293051E-01  9.61770564E-02  7.40163086E-04
4.14539728E-01  1.02572083E-01  7.80121482E-04
4.14786404E-01  1.03020929E-01  7.83229014E-04
4.15033081E-01  1.02143489E-01  7.69367325E-04
4.15279757E-01  9.99973416E-02  7.52562250E-04
4.15526433E-01  1.03514686E-01  7.85283279E-04
4.15773110E-01  9.63092074E-02  7.47326936E-04
4.16019786E-01  1.01634346E-01  7.49876781E-04
4.16266463E-01  9.84444693E-02  7.67629070E-04
4.16513139E-01  1.02232642E-01  7.68704398E-04
4.16759816E-01  9.97247696E-02  7.57598784E-04
4.17006492E-01  1.01638190E-01  7.65027537E-04
4.17253168E-01  1.00128613E-01  7.68921047E-04
4.17499845E-01  9.83353406E-02  7.59307703E-04
4.17746521E-01  9.94421765E-02  7.54179491E-04
4.17993198E-01  1.00948542E-01  7.70932995E-04
4.18239874E-01  9.87951234E-02  7.62581767E-04
4.18486551E-01  1.00455508E-01  7.60963827E-04
4.18733227E-01  9.94385406E-02  7.62786483E-04
4.18979903E-01  1.01836026E-01  7.64450757E-04
4.19226580E-01  9.94919166E-02  7.58735114E-04
4.19473256E-01  1.02830611E-01  7.71911524E-04
4.19719933E-01  1.04394920E-01  7.81903567E-04
4.19966609E-01  9.94223878E-02  7.70074490E-04
4.20213286E-01  1.03650272E-01  7.72046333E-04
4.20459962E-01  1.02487780E-01  7.74659624E-04
4.20706638E-01  1.00812308E-01  7.33312801E-04
4.20953315E-01  1.01617552E-01  7.68173544E-04
4.21199991E-01  1.01636626E-01  7.57775852E-04
4.21446668E-01  1.02539241E-01  7.80572824E-04
4.21693344E-01  1.02759585E-01  7.89478421E-04
4.21940020E-01  1.00032523E-01  7.51469983E-04
4.22186697E-01  1.00286044E-01  7.86366058E-04
4.22433373E-01  1.01798162E-01  7.75573892E-04
4.22680050E-01  1.00032270E-01  7.65100645E-04
4.22926726E-01  1.00604743E-01  7.75263878E-04
4.23173403E-01  1.04569964E-01  7.69762788E-04
4.23420079E-01  9.79716852E-02  7.70643936E-04
4.23666755E-01  9.99280885E-02  7.41944241E-04
4.23913432E-01  1.05189085E-01  7.90233142E-04
4.24160108E-01  1.00734048E-01  7.39637704E-04
4.24406785E-01  1.00070760E-01  7.62386073E-04
4.24653461E-01  1.02536015E-01  7.98134832E-04
4.24900138E-01  1.01052999E-01  7.66553276E-04
4.25146814E-01  1.00357220E-01  7.53123604E-04
4.25393490E-01  1.03559509E-01  7.92484498E-04
4.25640167E-01  1.03362702E-01  7.43946526E-04
4.25886843E-01  1.03590317E-01  7.58691691E-04
4.26133520E-01  9.92928445E-02  7.57374160E-04
4.26380196E-01  1.01180449E-01  7.64186552E-04
4.26626872E-01  1.01650983E-01  7.59712770E-04
4.26873549E-01  9.72086266E-02  7.21064862E-04
4.27120225E-01  1.04873635E-01  7.52626685E-04
4.27366902E-01  1.02245174E-01  7.73192500E-04
4.27613578E-01  1.02801390E-01  7.69194972E-04
4.27860255E-01  1.03730120E-01  7.77497480E-04
4.28106931E-01  1.04231179E-01  7.69388047E-04
4.28353607E-01  1.07219882E-01  7.74138607E-04
4.28600284E-01  1.02376275E-01  7.56874448E-04
4.28846960E-01  9.82991531E-02  7.55633228E-04
4.29093637E-01  1.00335956E-01  7.62370881E-04
4.29340313E-01  1.03304058E-01  7.82866729E-04
4.29586990E-01  9.97872427E-02  7.61528267E-04
4.29833666E-01  9.85737368E-02  7.80414441E-04
4.30080342E-01  1.00746952E-01  7.37484195E-04
4.30327019E-01  1.08243212E-01  7.60919764E-04
4.30573695E-01  9.78490263E-02  7.41655298E-04
4.30820372E-01  9.95435715E-02  7.59525108E-04
4.31067048E-01  1.03109248E-01  7.85673503E-04
4.31313725E-01  1.00315459E-01  7.42973352E-04
4.31560401E-01  1.01727493E-01  7.50306703E-04
4.31807077E-01  1.03250384E-01  7.91448052E-04
4.32053754E-01  9.76728797E-02  7.50738080E-04
4.32300430E-01  1.00100532E-01  7.38208066E-04
4.32547107E-01  1.06494375E-01  8.14760628E-04
4.32793783E-01  1.01296082E-01  7.73072999E-04
4.33040459E-01  1.05113208E-01  7.76423141E-04
4.33287136E-01  1.03474215E-01  7.97302229E-04
4.33533812E-01  9.85782370E-02  7.41010124E-04
4.33780489E-01  9.37241912E-02  7.26046623E-04
4.34027165E-01  1.05899692E-01  8.11642269E-04
4.34273842E-01  1.00591868E-01  7.59304443E-04
4.34520518E-01  1.03255592E-01  7.85578159E-04
4.34767194E-01  9.89193395E-02  7.46381818E-04
4.35013871E-01  9.90603194E-02  7.64875964E-04
4.35260547E-01  1.05516613E-01  7.93884799E-04
4.35507224E-01  1.04475088E-01  7.54306500E-04
4.35753900E-01  9.98567268E-02  7.58903625E-04
4.36000577E-01  1.03688620E-01  7.79175025E-04
4.36247253E-01  9.90604162E-02  7.66410260E-04
4.36493929E-01  1.02527410E-01  7.60699739E-04
4.36740606E-01  1.01575024E-01  7.49252387E-04
4.36987282E-01  1.03212558E-01  7.56209251E-04
4.37233959E-01  9.86786708E-02  7.60879600E-04
4.37480635E-01  1.04814395E-01  7.62518030E-04
4.37727311E-01  1.02617376E-01  7.79477996E-04
4.37973988E-01  1.04528621E-01  7.76911096E-04
4.38220664E-01  9.79509428E-02  7.56006688E-04
4.38467341E-01  1.02990419E-01  7.90013524E-04
4.38714017E-01  1.06399059E-01  7.75502471E-04
4.38960694E-01  1.03819251E-01  7.62993295E-04
4.39207370E-01  1.05116151E-01  7.73237669E-04
4.39454046E-01  1.02766395E-01  7.55730667E-04
4.39700723E-01  1.01002410E-01  7.45978265E-04
4.39947399E-01  1.00760818E-01  7.84473377E-04
4.40194076E-01  1.04825392E-01  7.86521821E-04
4.40440752E-01  9.90531221E-02  7.53928791E-04
4.40687429E-01  1.01937495E-01  7.63929740E-04
4.40934105E-01  1.06576540E-01  8.00843525E-04
4.41180781E-01  1.04977652E-01  7.84086005E-04
4.41427458E-01  1.04900338E-01  7.99651840E-04
4.41674134E-01  1.04038402E-01  7.72766361E-04
4.41920811E-01  1.06063932E-01  8.09759134E-04
4.42167487E-01  1.05068676E-01  7.57419737E-04
4.42414164E-01  1.02269121E-01  7.73499953E-04
4.42660840E-01  1.07368335E-01  7.95698026E-04
4.42907516E-01  1.03223518E-01  7.77861977E-04
4.43154193E-01  1.07076652E-01  7.88360077E-04
4.43400869E-01  1.04692437E-01  7.93917046E-04
4.43647546E-01  1.06701985E-01  7.93977873E-04
4.43894222E-01  1.03295095E-01  7.57851230E-04
4.44140898E-01  9.94791985E-02  7.49684696E-04
4.44387575E-01  1.01449102E-01  7.57407222E-04
4.44634251E-01  1.03917308E-01  7.85814307E-04
4.44880928E-01  1.02869742E-01  7.95681379E-04
4.45127604E-01  1.00754872E-01  7.59746879E-04
4.45374281E-01  1.01635806E-01  7.31787004E-04
4.45620957E-01  1.03951253E-01  7.87553086E-04
4.45867633E-01  1.05753832E-01  7.77767564E-04
4.46114310E-01  1.03108339E-01  7.46362552E-04
4.46360986E-01  1.04618184E-01  7.84766336E-04
4.46607663E-01  1.09380879E-01  7.94677821E-04
4.46854339E-01  1.02665432E-01  7.84307369E-04
4.47101016E-01  1.04574949E-01  7.71339866E-04
4.47347692E-01  9.97013450E-02  7.41511292E-04
4.47594368E-01  1.02645814E-01  7.63234333E-04
4.47841045E-01  1.03261039E-01  7.66896235E-04
4.48087721E-01  1.02503791E-01  7.76128902E-04
4.48334398E-01  1.03452794E-01  7.53813249E-04
4.48581074E-01  1.02944784E-01  7.72200408E-04
4.48827751E-01  1.03245512E-01  7.66327721E-04
4.49074427E-01  1.02880783E-01  7.70233339E-04
4.49321103E-01  1.05110578E-01  7.77075242E-04
4.49567780E-01  1.03237741E-01  7.75733322E-04
4.49814456E-01  1.07002527E-01  7.68531172E-04
4.50061133E-01  1.02959841E-01  7.61307834E-04
4.50307809E-01  1.02963880E-01  7.54919427E-04
4.50554485E-01  1.07700393E-01  7.84750679E-04
4.50801162E-01  1.05978109E-01  7.66212877E-04
4.51047838E-01  1.09187752E-01  7.97244022E-04
4.51294515E-01  1.07182883E-01  7.89810845E-04
4.51541191E-01  1.05457976E-01  7.77428970E-04
4.51787868E-01  1.06684498E-01  7.75216322E-04
4.52034544E-01  1.08396977E-01  7.70990038E-04
4.52281220E-01  1.05549484E-01  7.73830456E-04
4.52527897E-01  1.03926897E-01  7.59853516E-04
4.52774573E-01  1.01455741E-01  7.72441679E-04
4.53021250E-01  1.04512773E-01  7.60971336E-04
4.53267926E-01  1.09141104E-01  7.74351822E-04
4.53514603E-01  1.08774215E-01  7.59016781E-04
4.53761279E-01  1.01606041E-01  7.42743840E-04
4.54007955E-01  1.08251855E-01  7.90044607E-04
4.54254632E-01  1.04546122E-01  7.53680477E-04
4.54501308E-01  1.01535045E-01  7.36791466E-04
4.54747985E-01  1.06619492E-01  7.67140999E-04
4.54994661E-01  1.09619178E-01  8.06099502E-04
4.55241337E-01  1.06442332E-01  7.42999022E-04
4.55488014E-01  1.06459506E-01  7.67901598E-04
4.55734690E-01  1.01830408E-01  7.47024198E-04
4.55981367E-01  1.02764226E-01  7.62431067E-04
4.56228043E-01  1.06870651E-01  7.58667011E-04
4.56474720E-01  1.09361708E-01  7.72765314E-04
4.56721396E-01  1.07546918E-01  7.60104915E-04
4.56968072E-01  1.06212728E-01  7.55571935E-04
4.57214749E-01  1.02019340E-01  7.21847289E-04
4.57461425E-01  1.05770223E-01  7.57167349E-04
4.57708102E-01  1.04055740E-01  7.49353960E-04
4.57954778E-01  1.04546860E-01  7.60392519E-04
4.58201455E-01  1.06148653E-01  7.65515899E-04


### HEADER:
#
#{
#    "analysis": {},
#    "calibration_params": {
#        "Beam_Center_X": 1092.0,
#        "Beam_Center_Y": 2091.0,
#        "Detector Tilt": 0.0,
#        "Detector Tilt Plane Rotation": 0.0,
#        "Detector_X_Pixel_Size": 75.0,
#        "Detector_Y_Pixel_Size": 75.0,
#        "Integration Method": "nosplit_csr",
#        "Radial_Average_Method": "pyFAI",
#        "Sample-to-detector distance (mm)": 1731.0,
#        "Wavelength (A)": 1.0993212460550197
#    },
#    "config_file": "/mnt/home/chess_id7a/.RAW/backup.cfg",
#    "counters": {
#        "Epoch": "33.116",
#        "I1": "0",
#        "I2": "0",
#        "I3": "0",
#        "Seconds": "0.5",
#        "Time": "5.96046e-06",
#        "date": "Sat May 18 10:47:50 2024",
#        "diode": "15438"
#    },
#    "filename": "D1M0014_85C_050MPa_dn_3_data_000001_00001.h5",
#    "history": {},
#    "imageHeader": {},
#    "load_path": "/nfs/chess/daq/current/id7a/Budin_05_16_24/D1M0014/D1M0014_85C_050MPa_dn_3_data_000001.h5",
#    "normalizations": {
#        "Absolute_scale": {
#            "Absolute_scale_factor": 0.01111656324368444,
#            "Method": "Water"
#        },
#        "Counter_norms": [
#            [
#                "/",
#                "diode/150000"
#            ]
#        ],
#        "Polarization": {
#            "Used": false
#        },
#        "Solid_Angle_Correction": "On"
#    },
#    "raw_version": "2.1.4"
#}

