### DATA:
#
# 1823
#      Q             I(Q)           Error     
8.75701299E-03  3.73014249E-02  4.89112968E-03
9.00368942E-03  7.77113214E-02  7.10281776E-03
9.25036584E-03  5.04073538E-02  4.44548763E-03
9.49704226E-03  6.99402168E-02  4.62413486E-03
9.74371868E-03  1.13917805E-01  7.72689283E-03
9.99039511E-03  1.11904398E-01  9.00250021E-03
1.02370715E-02  1.31402925E-01  1.00294072E-02
1.04837480E-02  1.56696811E-01  1.16303060E-02
1.07304244E-02  2.08292142E-01  1.46503719E-02
1.09771008E-02  3.16917062E-01  2.19763163E-02
1.12237772E-02  3.27845305E-01  2.20712479E-02
1.14704536E-02  4.87191319E-01  3.53040099E-02
1.17171301E-02  7.23688543E-01  5.50535880E-02
1.19638065E-02  9.61301863E-01  7.57873729E-02
1.22104829E-02  1.42426538E+00  1.15171686E-01
1.24571593E-02  1.21131989E+02  1.28918304E+01
1.27038358E-02  2.41348068E+02  2.54908943E+01
1.29505122E-02  2.97492462E+02  2.69989071E+01
1.31971886E-02  2.22771881E+02  1.95065060E+01
1.34438650E-02  2.04664307E+02  1.75453835E+01
1.36905414E-02  1.77275925E+02  1.48198318E+01
1.39372179E-02  1.34679276E+02  1.09817028E+01
1.41838943E-02  1.25953560E+02  9.91856861E+00
1.44305707E-02  9.96776199E+01  7.71031189E+00
1.46772471E-02  8.76327820E+01  6.57452822E+00
1.49239236E-02  7.55620193E+01  5.45352602E+00
1.51706000E-02  5.95948296E+01  4.20815659E+00
1.54172764E-02  5.97252045E+01  4.21697617E+00
1.56639528E-02  5.03918533E+01  3.49838972E+00
1.59106292E-02  5.09734802E+01  3.58279109E+00
1.61573057E-02  4.78406296E+01  3.32796764E+00
1.64039821E-02  3.77562027E+01  2.56305456E+00
1.66506585E-02  3.84730453E+01  2.53820419E+00
1.68973349E-02  3.10103245E+01  1.99749696E+00
1.71440114E-02  3.22283096E+01  2.01632452E+00
1.73906878E-02  2.68214245E+01  1.63761353E+00
1.76373642E-02  2.54533176E+01  1.53832281E+00
1.78840406E-02  2.36809673E+01  1.41795743E+00
1.81307170E-02  2.01261997E+01  1.15010989E+00
1.83773935E-02  1.93444347E+01  1.07476914E+00
1.86240699E-02  1.60327568E+01  8.45160604E-01
1.88707463E-02  1.40896444E+01  6.90298438E-01
1.91174227E-02  1.24972105E+01  6.04119658E-01
1.93640992E-02  1.11498518E+01  5.41658223E-01
1.96107756E-02  1.06589737E+01  5.35011172E-01
1.98574520E-02  9.82038593E+00  4.71273243E-01
2.01041284E-02  8.75811005E+00  4.08156931E-01
2.03508048E-02  7.35270786E+00  3.29085410E-01
2.05974813E-02  6.33700609E+00  2.69301474E-01
2.08441577E-02  5.81578445E+00  2.44764224E-01
2.10908341E-02  5.05388927E+00  2.04814404E-01
2.13375105E-02  4.91556549E+00  1.94423765E-01
2.15841870E-02  4.58061266E+00  1.78382874E-01
2.18308634E-02  4.30902147E+00  1.68708161E-01
2.20775398E-02  4.01883984E+00  1.49667874E-01
2.23242162E-02  3.61887121E+00  1.28667369E-01
2.25708926E-02  3.55924845E+00  1.26266629E-01
2.28175691E-02  3.27179527E+00  1.12856127E-01
2.30642455E-02  3.06188941E+00  1.00292511E-01
2.33109219E-02  2.89131117E+00  9.04906094E-02
2.35575983E-02  2.74177384E+00  8.57866183E-02
2.38042748E-02  2.50679421E+00  7.88129270E-02
2.40509512E-02  2.29095030E+00  6.69271722E-02
2.42976276E-02  2.17498827E+00  6.01110086E-02
2.45443040E-02  2.07971787E+00  5.87842166E-02
2.47909804E-02  1.97409809E+00  5.32492287E-02
2.50376569E-02  1.84650385E+00  4.72439378E-02
2.52843333E-02  1.74976063E+00  4.43881191E-02
2.55310097E-02  1.70010591E+00  4.07460779E-02
2.57776861E-02  1.66591954E+00  3.93176302E-02
2.60243626E-02  1.60411930E+00  3.58973071E-02
2.62710390E-02  1.51483023E+00  3.30233909E-02
2.65177154E-02  1.43046510E+00  2.91778408E-02
2.67643918E-02  1.41244447E+00  3.06828041E-02
2.70110682E-02  1.38872075E+00  2.93988083E-02
2.72577447E-02  1.33570397E+00  2.63553988E-02
2.75044211E-02  1.25429964E+00  2.46353466E-02
2.77510975E-02  1.21523011E+00  2.23403722E-02
2.79977739E-02  1.15389633E+00  2.13769544E-02
2.82444504E-02  1.11724329E+00  1.94070190E-02
2.84911268E-02  1.10467291E+00  1.88897718E-02
2.87378032E-02  1.06069529E+00  1.76777225E-02
2.89844796E-02  1.03400648E+00  1.57773811E-02
2.92311561E-02  1.02388728E+00  1.62001140E-02
2.94778325E-02  9.78957713E-01  1.53893474E-02
2.97245089E-02  9.40293372E-01  1.45346085E-02
2.99711853E-02  8.93870056E-01  1.28475595E-02
3.02178617E-02  8.88208270E-01  1.21121109E-02
3.04645382E-02  8.82309496E-01  1.28351320E-02
3.07112146E-02  8.61895502E-01  1.23360092E-02
3.09578910E-02  8.21638644E-01  1.12004839E-02
3.12045674E-02  7.82568693E-01  1.05560608E-02
3.14512439E-02  7.77793229E-01  1.01088658E-02
3.16979203E-02  7.57830262E-01  9.36906412E-03
3.19445967E-02  7.34744012E-01  9.14715137E-03
3.21912731E-02  7.28199899E-01  9.25441273E-03
3.24379495E-02  7.38719821E-01  8.52255896E-03
3.26846260E-02  6.93552434E-01  7.66513962E-03
3.29313024E-02  6.83347940E-01  7.93836731E-03
3.31779788E-02  6.74127460E-01  7.12768780E-03
3.34246552E-02  6.57593906E-01  7.53874425E-03
3.36713317E-02  6.49329901E-01  6.96225744E-03
3.39180081E-02  6.56298280E-01  7.26711052E-03
3.41646845E-02  6.30101264E-01  6.90273521E-03
3.44113609E-02  6.21133268E-01  6.10631565E-03
3.46580373E-02  5.82864881E-01  6.53972570E-03
3.49047138E-02  6.05749607E-01  6.49870373E-03
3.51513902E-02  5.79688311E-01  6.03102148E-03
3.53980666E-02  5.70131361E-01  5.86904539E-03
3.56447430E-02  5.78800201E-01  5.62729407E-03
3.58914195E-02  5.64615786E-01  5.68896905E-03
3.61380959E-02  5.68917036E-01  5.66733023E-03
3.63847723E-02  5.40376961E-01  5.16622094E-03
3.66314487E-02  5.39298713E-01  5.54698613E-03
3.68781251E-02  5.27223051E-01  5.02441591E-03
3.71248016E-02  5.08686185E-01  5.06837666E-03
3.73714780E-02  5.13892472E-01  4.83758748E-03
3.76181544E-02  5.18961012E-01  4.81503876E-03
3.78648308E-02  5.00768721E-01  4.67872573E-03
3.81115073E-02  5.06076217E-01  4.80033271E-03
3.83581837E-02  4.87766951E-01  4.78984835E-03
3.86048601E-02  4.94952291E-01  4.47508227E-03
3.88515365E-02  4.81334388E-01  4.44402732E-03
3.90982129E-02  4.79541808E-01  4.49991692E-03
3.93448894E-02  4.86549407E-01  4.13442077E-03
3.95915658E-02  4.55265164E-01  4.07279609E-03
3.98382422E-02  4.56527412E-01  3.99761647E-03
4.00849186E-02  4.63555485E-01  4.03041672E-03
4.03315951E-02  4.54394698E-01  3.87279573E-03
4.05782715E-02  4.47482079E-01  4.00990946E-03
4.08249479E-02  4.34556663E-01  4.04700311E-03
4.10716243E-02  4.41778243E-01  3.83516727E-03
4.13183007E-02  4.40002114E-01  3.91933182E-03
4.15649772E-02  4.25457835E-01  3.63945984E-03
4.18116536E-02  4.05474037E-01  3.65878572E-03
4.20583300E-02  4.26566243E-01  3.81063065E-03
4.23050064E-02  4.22911316E-01  3.53550818E-03
4.25516829E-02  4.08451170E-01  3.75246769E-03
4.27983593E-02  4.12103236E-01  3.57058411E-03
4.30450357E-02  4.00023818E-01  3.62387020E-03
4.32917121E-02  3.90995771E-01  3.37399496E-03
4.35383885E-02  3.89703989E-01  3.16672749E-03
4.37850650E-02  3.98318142E-01  3.54802655E-03
4.40317414E-02  3.78915519E-01  3.11930291E-03
4.42784178E-02  3.84253919E-01  3.27099254E-03
4.45250942E-02  3.86025935E-01  3.20482324E-03
4.47717707E-02  3.83225441E-01  3.08929430E-03
4.50184471E-02  3.76118004E-01  2.92080501E-03
4.52651235E-02  3.81980807E-01  3.17246653E-03
4.55117999E-02  3.69575888E-01  3.21448757E-03
4.57584764E-02  3.65947127E-01  3.08234990E-03
4.60051528E-02  3.65637839E-01  3.02751083E-03
4.62518292E-02  3.62705112E-01  3.08782654E-03
4.64985056E-02  3.62981886E-01  2.94812932E-03
4.67451820E-02  3.63601565E-01  3.00221425E-03
4.69918585E-02  3.62299472E-01  2.81982427E-03
4.72385349E-02  3.59489053E-01  2.84748268E-03
4.74852113E-02  3.51175100E-01  2.89585697E-03
4.77318877E-02  3.45799804E-01  2.77182925E-03
4.79785642E-02  3.45829815E-01  2.74368958E-03
4.82252406E-02  3.40009212E-01  2.74338806E-03
4.84719170E-02  3.51558924E-01  2.87348311E-03
4.87185934E-02  3.34868759E-01  2.73265806E-03
4.89652698E-02  3.40061575E-01  2.64502526E-03
4.92119463E-02  3.26547146E-01  2.68644211E-03
4.94586227E-02  3.37010622E-01  2.67885556E-03
4.97052991E-02  3.45076114E-01  2.72733928E-03
4.99519755E-02  3.45143914E-01  2.65001506E-03
5.01986520E-02  3.30036432E-01  2.68322788E-03
5.04453284E-02  3.35389912E-01  2.78196274E-03
5.06920048E-02  3.25769722E-01  2.54177395E-03
5.09386812E-02  3.39963585E-01  2.57911347E-03
5.11853576E-02  3.31326425E-01  2.67088460E-03
5.14320341E-02  3.36788714E-01  2.52879714E-03
5.16787105E-02  3.22644562E-01  2.53354269E-03
5.19253869E-02  3.32143158E-01  2.48414744E-03
5.21720633E-02  3.30983162E-01  2.62278132E-03
5.24187398E-02  3.42783689E-01  2.66115949E-03
5.26654162E-02  3.43511403E-01  2.46414868E-03
5.29120926E-02  3.18028629E-01  2.50356435E-03
5.31587690E-02  3.27964485E-01  2.59398553E-03
5.34054454E-02  3.35209072E-01  2.57305242E-03
5.36521219E-02  3.36917609E-01  2.45759822E-03
5.38987983E-02  3.24896276E-01  2.50328402E-03
5.41454747E-02  3.28445286E-01  2.53978581E-03
5.43921511E-02  3.19181472E-01  2.37842835E-03
5.46388276E-02  3.34584713E-01  2.58549186E-03
5.48855040E-02  3.30431730E-01  2.45723967E-03
5.51321804E-02  3.24197978E-01  2.52927653E-03
5.53788568E-02  3.34071457E-01  2.49238824E-03
5.56255332E-02  3.21532637E-01  2.33541615E-03
5.58722097E-02  3.13642263E-01  2.30496773E-03
5.61188861E-02  3.38105589E-01  2.68159411E-03
5.63655625E-02  3.15930426E-01  2.53947824E-03
5.66122389E-02  3.29687864E-01  2.46346043E-03
5.68589154E-02  3.50283295E-01  2.56521767E-03
5.71055918E-02  3.26849133E-01  2.56964797E-03
5.73522682E-02  3.48171651E-01  2.53001484E-03
5.75989446E-02  3.35916251E-01  2.53848266E-03
5.78456210E-02  3.40939432E-01  2.62060575E-03
5.80922975E-02  3.48454118E-01  2.49856943E-03
5.83389739E-02  3.36349070E-01  2.62745353E-03
5.85856503E-02  3.43997478E-01  2.59505934E-03
5.88323267E-02  3.42493862E-01  2.42460659E-03
5.90790032E-02  3.40568602E-01  2.46919086E-03
5.93256796E-02  3.35294962E-01  2.57957494E-03
5.95723560E-02  3.25599283E-01  2.38472153E-03
5.98190324E-02  3.31968516E-01  2.38769758E-03
6.00657088E-02  3.31881970E-01  2.43224949E-03
6.03123853E-02  3.17903966E-01  2.25966983E-03
6.05590617E-02  3.28477979E-01  2.50638835E-03
6.08057381E-02  3.13139766E-01  2.34711170E-03
6.10524145E-02  3.16234618E-01  2.26374436E-03
6.12990910E-02  3.19669038E-01  2.27207271E-03
6.15457674E-02  3.18066984E-01  2.23943591E-03
6.17924438E-02  3.18209380E-01  2.28962791E-03
6.20391202E-02  3.14006358E-01  2.23185821E-03
6.22857966E-02  3.13443810E-01  2.22162390E-03
6.25324731E-02  3.21741402E-01  2.24077911E-03
6.27791495E-02  3.27986866E-01  2.27753655E-03
6.30258259E-02  3.10688019E-01  2.29707407E-03
6.32725023E-02  3.15583020E-01  2.27456563E-03
6.35191788E-02  3.21008444E-01  2.22834758E-03
6.37658552E-02  3.20180982E-01  2.36499798E-03
6.40125316E-02  3.17736983E-01  2.25507375E-03
6.42592080E-02  3.17086726E-01  2.18594098E-03
6.45058845E-02  3.24688435E-01  2.32124981E-03
6.47525609E-02  3.20286095E-01  2.23601400E-03
6.49992373E-02  3.33059251E-01  2.33279541E-03
6.52459137E-02  3.20620686E-01  2.15801969E-03
6.54925901E-02  3.20381254E-01  2.26754346E-03
6.57392666E-02  3.22447032E-01  2.16907240E-03
6.59859430E-02  3.23058575E-01  2.30036001E-03
6.62326194E-02  3.22301865E-01  2.19684513E-03
6.64792958E-02  3.11066002E-01  2.23877886E-03
6.67259723E-02  3.15815091E-01  2.18114606E-03
6.69726487E-02  3.15308541E-01  2.15029204E-03
6.72193251E-02  3.16082418E-01  2.24992051E-03
6.74660015E-02  3.29735518E-01  2.25327397E-03
6.77126779E-02  3.18027616E-01  2.12005433E-03
6.79593544E-02  3.19257408E-01  2.11849343E-03
6.82060308E-02  3.28897417E-01  2.17382540E-03
6.84527072E-02  3.24408174E-01  2.26070499E-03
6.86993836E-02  3.27805489E-01  2.10306281E-03
6.89460601E-02  3.23298037E-01  2.09171674E-03
6.91927365E-02  3.29428464E-01  2.26011407E-03
6.94394129E-02  3.27782750E-01  2.18809769E-03
6.96860893E-02  3.20541084E-01  2.24984344E-03
6.99327657E-02  3.24319303E-01  2.14876747E-03
7.01794422E-02  3.21782947E-01  2.09897757E-03
7.04261186E-02  3.16564471E-01  2.10414571E-03
7.06727950E-02  3.24819356E-01  2.13704864E-03
7.09194714E-02  3.35306734E-01  2.20293063E-03
7.11661479E-02  3.27871501E-01  2.17836816E-03
7.14128243E-02  3.25816274E-01  2.14254390E-03
7.16595007E-02  3.30047309E-01  2.17791041E-03
7.19061771E-02  3.15412253E-01  2.10897508E-03
7.21528535E-02  3.34943950E-01  2.21035513E-03
7.23995300E-02  3.42570662E-01  2.16324837E-03
7.26462064E-02  3.27570617E-01  2.20000185E-03
7.28928828E-02  3.27875257E-01  2.08830554E-03
7.31395592E-02  3.26618075E-01  2.15595192E-03
7.33862357E-02  3.30115467E-01  2.10828963E-03
7.36329121E-02  3.27877611E-01  2.17533833E-03
7.38795885E-02  3.20556879E-01  2.11643032E-03
7.41262649E-02  3.26710463E-01  2.15965114E-03
7.43729413E-02  3.32858086E-01  2.10188888E-03
7.46196178E-02  3.31875920E-01  2.18577171E-03
7.48662942E-02  3.30129117E-01  2.08328548E-03
7.51129706E-02  3.22917074E-01  2.16278783E-03
7.53596470E-02  3.25442970E-01  2.10168562E-03
7.56063235E-02  3.27099442E-01  1.99026754E-03
7.58529999E-02  3.28889459E-01  2.15597847E-03
7.60996763E-02  3.23939770E-01  2.01047282E-03
7.63463527E-02  3.28300595E-01  2.07419717E-03
7.65930291E-02  3.24043423E-01  2.02252157E-03
7.68397056E-02  3.28681618E-01  2.02970626E-03
7.70863820E-02  3.30804080E-01  2.12105340E-03
7.73330584E-02  3.32567394E-01  2.13895808E-03
7.75797348E-02  3.23589742E-01  1.96948345E-03
7.78264113E-02  3.32291722E-01  2.04403675E-03
7.80730877E-02  3.30364347E-01  2.08847318E-03
7.83197641E-02  3.27088088E-01  2.14627734E-03
7.85664405E-02  3.29162598E-01  2.01422675E-03
7.88131169E-02  3.42518330E-01  2.06531538E-03
7.90597934E-02  3.33478063E-01  2.03341572E-03
7.93064698E-02  3.32749665E-01  2.06101127E-03
7.95531462E-02  3.40784192E-01  2.08066264E-03
7.97998226E-02  3.28539461E-01  2.00287509E-03
8.00464991E-02  3.30662221E-01  2.06684903E-03
8.02931755E-02  3.34202349E-01  2.05274881E-03
8.05398519E-02  3.37572217E-01  2.09569838E-03
8.07865283E-02  3.33203584E-01  2.06023525E-03
8.10332047E-02  3.29367727E-01  2.05535698E-03
8.12798812E-02  3.32104504E-01  2.03821249E-03
8.15265576E-02  3.33763838E-01  2.00234307E-03
8.17732340E-02  3.24348003E-01  1.98407751E-03
8.20199104E-02  3.32108229E-01  2.03583646E-03
8.22665869E-02  3.35416555E-01  2.04746658E-03
8.25132633E-02  3.35524887E-01  2.08643242E-03
8.27599397E-02  3.30343664E-01  1.99790322E-03
8.30066161E-02  3.30622405E-01  2.07752269E-03
8.32532926E-02  3.47191751E-01  2.00796709E-03
8.34999690E-02  3.32345843E-01  2.06672121E-03
8.37466454E-02  3.18926364E-01  1.92664703E-03
8.39933218E-02  3.44958335E-01  1.96358049E-03
8.42399982E-02  3.31566721E-01  1.94222794E-03
8.44866747E-02  3.39126319E-01  2.00238940E-03
8.47333511E-02  3.26533258E-01  2.00475473E-03
8.49800275E-02  3.44607443E-01  2.01293663E-03
8.52267039E-02  3.41507345E-01  2.02296395E-03
8.54733804E-02  3.23004425E-01  2.04727403E-03
8.57200568E-02  3.30961853E-01  1.98105606E-03
8.59667332E-02  3.32195252E-01  1.97019801E-03
8.62134096E-02  3.40371966E-01  1.98160950E-03
8.64600860E-02  3.33794564E-01  2.04767939E-03
8.67067625E-02  3.37882757E-01  1.99122308E-03
8.69534389E-02  3.31667811E-01  1.97499082E-03
8.72001153E-02  3.48298728E-01  2.04957603E-03
8.74467917E-02  3.41433436E-01  1.96817773E-03
8.76934682E-02  3.20233375E-01  1.93926634E-03
8.79401446E-02  3.32298964E-01  1.95322488E-03
8.81868210E-02  3.40811789E-01  2.04433687E-03
8.84334974E-02  3.31602305E-01  1.97798852E-03
8.86801738E-02  3.22656780E-01  1.96178723E-03
8.89268503E-02  3.35503042E-01  1.99260819E-03
8.91735267E-02  3.36224526E-01  2.03621178E-03
8.94202031E-02  3.31895173E-01  1.95284712E-03
8.96668795E-02  3.35401893E-01  1.96903874E-03
8.99135560E-02  3.31117690E-01  1.92222768E-03
9.01602324E-02  3.24862152E-01  2.01661326E-03
9.04069088E-02  3.32815975E-01  1.95476715E-03
9.06535852E-02  3.45439702E-01  2.01712153E-03
9.09002616E-02  3.33432555E-01  1.97767327E-03
9.11469381E-02  3.38761836E-01  1.96929998E-03
9.13936145E-02  3.31479162E-01  1.95420603E-03
9.16402909E-02  3.34138513E-01  1.95294491E-03
9.18869673E-02  3.21727455E-01  1.90849102E-03
9.21336438E-02  3.44647169E-01  1.97303784E-03
9.23803202E-02  3.31206858E-01  1.85571669E-03
9.26269966E-02  3.38293433E-01  1.96076231E-03
9.28736730E-02  3.37124765E-01  1.94805511E-03
9.31203494E-02  3.29447091E-01  1.83974497E-03
9.33670259E-02  3.28588128E-01  1.92700070E-03
9.36137023E-02  3.29062939E-01  1.84653141E-03
9.38603787E-02  3.30623895E-01  1.89779699E-03
9.41070551E-02  3.32679838E-01  1.92731374E-03
9.43537316E-02  3.35516989E-01  1.92437333E-03
9.46004080E-02  3.29022557E-01  1.88588665E-03
9.48470844E-02  3.24964076E-01  1.81701814E-03
9.50937608E-02  3.32740158E-01  1.90615375E-03
9.53404372E-02  3.39528710E-01  1.90446735E-03
9.55871137E-02  3.37248772E-01  1.96820870E-03
9.58337901E-02  3.38486791E-01  1.89447647E-03
9.60804665E-02  3.41133744E-01  1.94013666E-03
9.63271429E-02  3.28162760E-01  1.87974842E-03
9.65738194E-02  3.32046032E-01  1.84691895E-03
9.68204958E-02  3.38249564E-01  1.99003518E-03
9.70671722E-02  3.31182390E-01  1.79051806E-03
9.73138486E-02  3.20329487E-01  1.85922498E-03
9.75605250E-02  3.33254308E-01  1.88910682E-03
9.78072015E-02  3.40128034E-01  1.95307482E-03
9.80538779E-02  3.36005121E-01  1.90075405E-03
9.83005543E-02  3.41554880E-01  1.81116851E-03
9.85472307E-02  3.41997445E-01  1.91371632E-03
9.87939072E-02  3.25965434E-01  1.89128262E-03
9.90405836E-02  3.36752981E-01  1.90661591E-03
9.92872600E-02  3.37419689E-01  1.89507625E-03
9.95339364E-02  3.41404468E-01  1.86095538E-03
9.97806128E-02  3.38189155E-01  1.89518661E-03
1.00027289E-01  3.30589771E-01  1.83998200E-03
1.00273966E-01  3.40515256E-01  1.83627161E-03
1.00520642E-01  3.36338282E-01  1.84823619E-03
1.00767319E-01  3.44207883E-01  1.88693928E-03
1.01013995E-01  3.32176119E-01  1.90673431E-03
1.01260671E-01  3.28526139E-01  1.81470637E-03
1.01507348E-01  3.30495715E-01  1.89078168E-03
1.01754024E-01  3.44933540E-01  1.86829444E-03
1.02000701E-01  3.35159779E-01  1.82230759E-03
1.02247377E-01  3.29282224E-01  1.83140836E-03
1.02494053E-01  3.33817899E-01  1.83430640E-03
1.02740730E-01  3.39805692E-01  1.80879352E-03
1.02987406E-01  3.33887339E-01  1.86014804E-03
1.03234083E-01  3.40998143E-01  1.85474148E-03
1.03480759E-01  3.35561961E-01  1.83207612E-03
1.03727436E-01  3.30823570E-01  1.78018410E-03
1.03974112E-01  3.34429502E-01  1.84511417E-03
1.04220788E-01  3.34873587E-01  1.84368994E-03
1.04467465E-01  3.35013241E-01  1.79425441E-03
1.04714141E-01  3.32521290E-01  1.83332956E-03
1.04960818E-01  3.23602498E-01  1.81610812E-03
1.05207494E-01  3.31603169E-01  1.78482884E-03
1.05454171E-01  3.30970317E-01  1.89228740E-03
1.05700847E-01  3.28716427E-01  1.75245991E-03
1.05947523E-01  3.29148084E-01  1.84249599E-03
1.06194200E-01  3.39574218E-01  1.87827146E-03
1.06440876E-01  3.31621408E-01  1.86548452E-03
1.06687553E-01  3.29814196E-01  1.85703661E-03
1.06934229E-01  3.38057160E-01  1.85663416E-03
1.07180906E-01  3.36186498E-01  1.81240239E-03
1.07427582E-01  3.28813165E-01  1.74327113E-03
1.07674258E-01  3.31354618E-01  1.79397583E-03
1.07920935E-01  3.31632406E-01  1.74226903E-03
1.08167611E-01  3.35778594E-01  1.81308843E-03
1.08414288E-01  3.32111001E-01  1.76081015E-03
1.08660964E-01  3.24678391E-01  1.81946054E-03
1.08907640E-01  3.16325814E-01  1.80441013E-03
1.09154317E-01  3.31518322E-01  1.87046709E-03
1.09400993E-01  3.27950656E-01  1.78008259E-03
1.09647670E-01  3.20948482E-01  1.86408311E-03
1.09894346E-01  3.20573837E-01  1.75136863E-03
1.10141023E-01  3.17688406E-01  1.85472670E-03
1.10387699E-01  3.17910254E-01  1.75860198E-03
1.10634375E-01  3.13294083E-01  1.83600537E-03
1.10881052E-01  3.06335628E-01  1.88573252E-03
1.11127728E-01  3.14426392E-01  1.83885114E-03
1.11374405E-01  3.11870217E-01  1.90025882E-03
1.11621081E-01  3.10546547E-01  1.86039426E-03
1.11867758E-01  2.98851609E-01  1.77213864E-03
1.12114434E-01  3.06782365E-01  1.85811927E-03
1.12361110E-01  3.02362293E-01  1.78682769E-03
1.12607787E-01  2.98997074E-01  1.83108286E-03
1.12854463E-01  3.04127276E-01  1.82744383E-03
1.13101140E-01  3.01633149E-01  1.79929985E-03
1.13347816E-01  3.02064568E-01  1.80701737E-03
1.13594493E-01  3.00438553E-01  1.84479391E-03
1.13841169E-01  2.97421634E-01  1.90081389E-03
1.14087845E-01  2.96996981E-01  1.82723254E-03
1.14334522E-01  3.07682216E-01  1.87331694E-03
1.14581198E-01  2.96174914E-01  1.83684204E-03
1.14827875E-01  3.01952690E-01  1.74047379E-03
1.15074551E-01  3.02728921E-01  1.90222159E-03
1.15321227E-01  3.02606255E-01  1.75824226E-03
1.15567904E-01  3.00713152E-01  1.79860427E-03
1.15814580E-01  2.96889365E-01  1.82996853E-03
1.16061257E-01  3.08956861E-01  1.84140948E-03
1.16307933E-01  3.03053051E-01  1.86868291E-03
1.16554610E-01  2.98323989E-01  1.83972495E-03
1.16801286E-01  2.93998241E-01  1.82556931E-03
1.17047962E-01  2.85252631E-01  1.84293219E-03
1.17294639E-01  2.95014858E-01  1.81725482E-03
1.17541315E-01  2.85018265E-01  1.84765016E-03
1.17787992E-01  2.95367658E-01  1.79702113E-03
1.18034668E-01  2.95431554E-01  1.76690530E-03
1.18281345E-01  2.98306197E-01  1.79078185E-03
1.18528021E-01  2.89972484E-01  1.76380121E-03
1.18774697E-01  2.96604156E-01  1.69086643E-03
1.19021374E-01  2.96215862E-01  1.75163406E-03
1.19268050E-01  2.93535113E-01  1.77559967E-03
1.19514727E-01  2.85229295E-01  1.74319185E-03
1.19761403E-01  2.93363333E-01  1.72051729E-03
1.20008079E-01  2.96417058E-01  1.73057884E-03
1.20254756E-01  2.93764025E-01  1.68002700E-03
1.20501432E-01  2.89815575E-01  1.73247152E-03
1.20748109E-01  2.98466086E-01  1.69447262E-03
1.20994785E-01  2.92875797E-01  1.76589820E-03
1.21241462E-01  2.86849678E-01  1.68547628E-03
1.21488138E-01  2.95891225E-01  1.67539576E-03
1.21734814E-01  2.93739229E-01  1.74146553E-03
1.21981491E-01  2.94452071E-01  1.69997441E-03
1.22228167E-01  2.90372044E-01  1.70988112E-03
1.22474844E-01  2.88518608E-01  1.63641653E-03
1.22721520E-01  2.99905032E-01  1.75670953E-03
1.22968197E-01  2.88767070E-01  1.68435101E-03
1.23214873E-01  2.84525633E-01  1.68179395E-03
1.23461549E-01  2.90725529E-01  1.66458392E-03
1.23708226E-01  2.92273998E-01  1.68179011E-03
1.23954902E-01  2.94598192E-01  1.73092412E-03
1.24201579E-01  2.92896688E-01  1.71233620E-03
1.24448255E-01  2.83758402E-01  1.66490197E-03
1.24694932E-01  2.86183923E-01  1.60708197E-03
1.24941608E-01  2.92641997E-01  1.66391488E-03
1.25188284E-01  2.88062900E-01  1.64401426E-03
1.25434961E-01  2.85790652E-01  1.67585537E-03
1.25681637E-01  2.86908925E-01  1.61530322E-03
1.25928314E-01  2.92801976E-01  1.63293828E-03
1.26174990E-01  2.84220725E-01  1.67357828E-03
1.26421666E-01  2.80277789E-01  1.62064761E-03
1.26668343E-01  2.86492467E-01  1.67225173E-03
1.26915019E-01  2.77215898E-01  1.60387845E-03
1.27161696E-01  2.83824205E-01  1.67439680E-03
1.27408372E-01  2.87219971E-01  1.59303343E-03
1.27655049E-01  2.84441501E-01  1.67549518E-03
1.27901725E-01  2.78450608E-01  1.57172920E-03
1.28148401E-01  2.85440564E-01  1.61312288E-03
1.28395078E-01  2.72411019E-01  1.58356654E-03
1.28641754E-01  2.84096509E-01  1.64694770E-03
1.28888431E-01  2.75251269E-01  1.64339715E-03
1.29135107E-01  2.74752349E-01  1.60226657E-03
1.29381784E-01  2.76802927E-01  1.56300818E-03
1.29628460E-01  2.80161649E-01  1.57638662E-03
1.29875136E-01  2.75229424E-01  1.57706044E-03
1.30121813E-01  2.72272319E-01  1.59380771E-03
1.30368489E-01  2.67667860E-01  1.54946977E-03
1.30615166E-01  2.77035743E-01  1.60160428E-03
1.30861842E-01  2.72154897E-01  1.56240154E-03
1.31108518E-01  2.64286041E-01  1.53245602E-03
1.31355195E-01  2.71532506E-01  1.54547009E-03
1.31601871E-01  2.73629099E-01  1.54884893E-03
1.31848548E-01  2.65579313E-01  1.51362887E-03
1.32095224E-01  2.74999350E-01  1.55070249E-03
1.32341901E-01  2.72323966E-01  1.57812552E-03
1.32588577E-01  2.65314609E-01  1.48117368E-03
1.32835253E-01  2.70362824E-01  1.52543851E-03
1.33081930E-01  2.64455706E-01  1.54421700E-03
1.33328606E-01  2.63416201E-01  1.51801365E-03
1.33575283E-01  2.64383137E-01  1.50172622E-03
1.33821959E-01  2.64584720E-01  1.51039357E-03
1.34068636E-01  2.63090044E-01  1.49610208E-03
1.34315312E-01  2.58736044E-01  1.44062203E-03
1.34561988E-01  2.63555378E-01  1.45546859E-03
1.34808665E-01  2.67391682E-01  1.53132482E-03
1.35055341E-01  2.62173653E-01  1.48487242E-03
1.35302018E-01  2.60320276E-01  1.46216329E-03
1.35548694E-01  2.57229298E-01  1.48637383E-03
1.35795371E-01  2.53503293E-01  1.45841180E-03
1.36042047E-01  2.53655910E-01  1.43576961E-03
1.36288723E-01  2.55853683E-01  1.45676616E-03
1.36535400E-01  2.51302242E-01  1.45514309E-03
1.36782076E-01  2.53174305E-01  1.44609623E-03
1.37028753E-01  2.58343756E-01  1.48481724E-03
1.37275429E-01  2.50914037E-01  1.45899772E-03
1.37522105E-01  2.57173896E-01  1.44011178E-03
1.37768782E-01  2.52736181E-01  1.42837723E-03
1.38015458E-01  2.51393765E-01  1.42837025E-03
1.38262135E-01  2.44615644E-01  1.39603787E-03
1.38508811E-01  2.46128902E-01  1.42534391E-03
1.38755488E-01  2.41687059E-01  1.40394678E-03
1.39002164E-01  2.44162381E-01  1.37046794E-03
1.39248840E-01  2.45639011E-01  1.41044357E-03
1.39495517E-01  2.50635803E-01  1.43325306E-03
1.39742193E-01  2.43724868E-01  1.39140617E-03
1.39988870E-01  2.49042526E-01  1.44898449E-03
1.40235546E-01  2.43736371E-01  1.38975342E-03
1.40482223E-01  2.38312051E-01  1.39046414E-03
1.40728899E-01  2.41453752E-01  1.39079022E-03
1.40975575E-01  2.47259289E-01  1.45874510E-03
1.41222252E-01  2.41841421E-01  1.40654715E-03
1.41468928E-01  2.40731880E-01  1.36052503E-03
1.41715605E-01  2.42263958E-01  1.39711751E-03
1.41962281E-01  2.39264861E-01  1.42205204E-03
1.42208957E-01  2.36411542E-01  1.40166213E-03
1.42455634E-01  2.39048123E-01  1.37982972E-03
1.42702310E-01  2.32076779E-01  1.33001409E-03
1.42948987E-01  2.38438681E-01  1.35085324E-03
1.43195663E-01  2.30767116E-01  1.33745058E-03
1.43442340E-01  2.34114021E-01  1.36296672E-03
1.43689016E-01  2.31816500E-01  1.32509228E-03
1.43935692E-01  2.30560347E-01  1.32164219E-03
1.44182369E-01  2.25224257E-01  1.32029469E-03
1.44429045E-01  2.35553280E-01  1.38050527E-03
1.44675722E-01  2.21178308E-01  1.30276592E-03
1.44922398E-01  2.29952306E-01  1.36974105E-03
1.45169075E-01  2.23240644E-01  1.30779110E-03
1.45415751E-01  2.22003594E-01  1.28840748E-03
1.45662427E-01  2.33979374E-01  1.37613039E-03
1.45909104E-01  2.30772361E-01  1.33478071E-03
1.46155780E-01  2.27461264E-01  1.30943023E-03
1.46402457E-01  2.28702992E-01  1.35577761E-03
1.46649133E-01  2.21837059E-01  1.33038580E-03
1.46895810E-01  2.13618040E-01  1.29947974E-03
1.47142486E-01  2.23031521E-01  1.31600397E-03
1.47389162E-01  2.19358921E-01  1.29652396E-03
1.47635839E-01  2.20086068E-01  1.29940803E-03
1.47882515E-01  2.19901502E-01  1.30834559E-03
1.48129192E-01  2.17744663E-01  1.25716126E-03
1.48375868E-01  2.16769740E-01  1.26276142E-03
1.48622544E-01  2.14307651E-01  1.29389251E-03
1.48869221E-01  2.22927392E-01  1.24466501E-03
1.49115897E-01  2.15865403E-01  1.25533913E-03
1.49362574E-01  2.10610047E-01  1.25294644E-03
1.49609250E-01  2.12784708E-01  1.25001406E-03
1.49855927E-01  2.16434270E-01  1.28606125E-03
1.50102603E-01  2.14617938E-01  1.25416613E-03
1.50349279E-01  2.08673611E-01  1.26792409E-03
1.50595956E-01  2.11106420E-01  1.26236852E-03
1.50842632E-01  2.13476494E-01  1.25602714E-03
1.51089309E-01  2.09412068E-01  1.24607875E-03
1.51335985E-01  2.11652160E-01  1.25823205E-03
1.51582662E-01  2.04191670E-01  1.24865898E-03
1.51829338E-01  2.07549736E-01  1.26617355E-03
1.52076014E-01  2.03988671E-01  1.20926707E-03
1.52322691E-01  2.05056906E-01  1.25642121E-03
1.52569367E-01  2.10770190E-01  1.27825653E-03
1.52816044E-01  2.05795020E-01  1.25792576E-03
1.53062720E-01  2.04019427E-01  1.22235727E-03
1.53309397E-01  2.05767483E-01  1.22238940E-03
1.53556073E-01  2.00612143E-01  1.20686949E-03
1.53802749E-01  2.01812774E-01  1.22384040E-03
1.54049426E-01  2.01518461E-01  1.21222402E-03
1.54296102E-01  2.00170770E-01  1.23387924E-03
1.54542779E-01  1.99596435E-01  1.21965748E-03
1.54789455E-01  1.97668046E-01  1.18793861E-03
1.55036131E-01  1.94866374E-01  1.20815216E-03
1.55282808E-01  2.04466343E-01  1.20071648E-03
1.55529484E-01  1.99189201E-01  1.21578912E-03
1.55776161E-01  2.00852677E-01  1.23432779E-03
1.56022837E-01  1.94572970E-01  1.20951515E-03
1.56269514E-01  1.93826571E-01  1.21740671E-03
1.56516190E-01  2.01727062E-01  1.29954866E-03
1.56762866E-01  2.01352432E-01  1.29214942E-03
1.57009543E-01  2.03077585E-01  1.33308361E-03
1.57256219E-01  2.02620894E-01  1.40903913E-03
1.57502896E-01  1.95638135E-01  1.20007480E-03
1.57749572E-01  1.96212813E-01  1.27179746E-03
1.57996249E-01  1.84973106E-01  1.16391329E-03
1.58242925E-01  1.90985933E-01  1.14465016E-03
1.58489601E-01  1.84687257E-01  1.13037799E-03
1.58736278E-01  1.87558055E-01  1.15711475E-03
1.58982954E-01  1.81264102E-01  1.14475400E-03
1.59229631E-01  1.79648131E-01  1.11174653E-03
1.59476307E-01  1.85720563E-01  1.11433864E-03
1.59722983E-01  1.84582755E-01  1.14263315E-03
1.59969660E-01  1.83694839E-01  1.16300629E-03
1.60216336E-01  1.81720868E-01  1.13148615E-03
1.60463013E-01  1.78539991E-01  1.10582379E-03
1.60709689E-01  1.79120734E-01  1.07455719E-03
1.60956366E-01  1.75366744E-01  1.09052041E-03
1.61203042E-01  1.76488847E-01  1.10204890E-03
1.61449718E-01  1.81517869E-01  1.12838810E-03
1.61696395E-01  1.70090109E-01  1.09531055E-03
1.61943071E-01  1.77248463E-01  1.10044528E-03
1.62189748E-01  1.75706774E-01  1.10561389E-03
1.62436424E-01  1.71925142E-01  1.09506410E-03
1.62683101E-01  1.70938119E-01  1.10612833E-03
1.62929777E-01  1.66085526E-01  1.04384567E-03
1.63176453E-01  1.71154991E-01  1.06776285E-03
1.63423130E-01  1.76805943E-01  1.08849013E-03
1.63669806E-01  1.72625437E-01  1.09518506E-03
1.63916483E-01  1.65089294E-01  1.05777732E-03
1.64163159E-01  1.65919662E-01  1.04973384E-03
1.64409836E-01  1.68978453E-01  1.09073461E-03
1.64656512E-01  1.64600626E-01  1.09108188E-03
1.64903188E-01  1.65356144E-01  1.07359106E-03
1.65149865E-01  1.65096521E-01  1.05487660E-03
1.65396541E-01  1.67265043E-01  1.06721697E-03
1.65643218E-01  1.70653954E-01  1.06383814E-03
1.65889894E-01  1.62873268E-01  1.04830717E-03
1.66136570E-01  1.62130252E-01  1.04213005E-03
1.66383247E-01  1.64142177E-01  1.04268908E-03
1.66629923E-01  1.58091709E-01  1.00568845E-03
1.66876600E-01  1.55931339E-01  1.02784869E-03
1.67123276E-01  1.61640272E-01  1.03247410E-03
1.67369953E-01  1.61393344E-01  1.02522189E-03
1.67616629E-01  1.57789096E-01  9.93113383E-04
1.67863305E-01  1.54272944E-01  1.01088709E-03
1.68109982E-01  1.57821804E-01  1.00865588E-03
1.68356658E-01  1.57743439E-01  1.02395017E-03
1.68603335E-01  1.55335441E-01  1.04896841E-03
1.68850011E-01  1.50251299E-01  9.41379112E-04
1.69096688E-01  1.57296583E-01  9.98945208E-04
1.69343364E-01  1.55679613E-01  1.01636699E-03
1.69590040E-01  1.56381920E-01  1.00499636E-03
1.69836717E-01  1.48329675E-01  1.00211683E-03
1.70083393E-01  1.55099347E-01  9.88343498E-04
1.70330070E-01  1.52135581E-01  1.00009399E-03
1.70576746E-01  1.49035707E-01  9.77007556E-04
1.70823422E-01  1.48966178E-01  9.45282751E-04
1.71070099E-01  1.48866877E-01  9.64637380E-04
1.71316775E-01  1.49596363E-01  9.84609127E-04
1.71563452E-01  1.48355812E-01  9.76371404E-04
1.71810128E-01  1.51392803E-01  9.91276815E-04
1.72056805E-01  1.40420824E-01  9.45536536E-04
1.72303481E-01  1.50750652E-01  9.92009067E-04
1.72550157E-01  1.42985553E-01  9.44915984E-04
1.72796834E-01  1.48987606E-01  9.85776307E-04
1.73043510E-01  1.41366452E-01  9.31042421E-04
1.73290187E-01  1.43816292E-01  9.45629843E-04
1.73536863E-01  1.44041687E-01  9.48181318E-04
1.73783540E-01  1.41842455E-01  9.46020067E-04
1.74030216E-01  1.36210352E-01  9.31538700E-04
1.74276892E-01  1.40280336E-01  9.22363310E-04
1.74523569E-01  1.41888320E-01  9.33738949E-04
1.74770245E-01  1.38620272E-01  9.12646181E-04
1.75016922E-01  1.39642328E-01  9.53880954E-04
1.75263598E-01  1.40426412E-01  9.48856934E-04
1.75510275E-01  1.41683385E-01  9.51026916E-04
1.75756951E-01  1.34094566E-01  9.44507658E-04
1.76003627E-01  1.39021054E-01  9.15299344E-04
1.76250304E-01  1.31343737E-01  9.21650499E-04
1.76496980E-01  1.40642688E-01  9.26306180E-04
1.76743657E-01  1.32572412E-01  8.93305987E-04
1.76990333E-01  1.36130229E-01  9.18550882E-04
1.77237009E-01  1.39170051E-01  9.29982984E-04
1.77483686E-01  1.32436842E-01  8.77078797E-04
1.77730362E-01  1.32920533E-01  8.97074002E-04
1.77977039E-01  1.32447854E-01  8.78363557E-04
1.78223715E-01  1.35079592E-01  8.91498348E-04
1.78470392E-01  1.33053124E-01  8.97772261E-04
1.78717068E-01  1.37262955E-01  9.12963704E-04
1.78963744E-01  1.31757945E-01  8.79405998E-04
1.79210421E-01  1.30065635E-01  9.02749598E-04
1.79457097E-01  1.32600099E-01  9.09581431E-04
1.79703774E-01  1.26645327E-01  8.76883685E-04
1.79950450E-01  1.33223355E-01  9.00045037E-04
1.80197127E-01  1.26772523E-01  8.78807914E-04
1.80443803E-01  1.30747899E-01  8.83293804E-04
1.80690479E-01  1.25375733E-01  8.86067224E-04
1.80937156E-01  1.26971141E-01  8.65773007E-04
1.81183832E-01  1.22527629E-01  8.34393548E-04
1.81430509E-01  1.25726968E-01  8.37215746E-04
1.81677185E-01  1.24340892E-01  8.46470881E-04
1.81923861E-01  1.23797879E-01  8.86156398E-04
1.82170538E-01  1.24962993E-01  8.48241907E-04
1.82417214E-01  1.21605068E-01  8.77552258E-04
1.82663891E-01  1.24952801E-01  8.71182710E-04
1.82910567E-01  1.23535059E-01  8.60424305E-04
1.83157244E-01  1.22272737E-01  8.38708365E-04
1.83403920E-01  1.23707145E-01  8.74578429E-04
1.83650596E-01  1.21304214E-01  8.39487242E-04
1.83897273E-01  1.21694677E-01  8.45441886E-04
1.84143949E-01  1.19235404E-01  8.23754526E-04
1.84390626E-01  1.22773200E-01  8.50302167E-04
1.84637302E-01  1.20054342E-01  8.33709259E-04
1.84883979E-01  1.16452366E-01  8.40821012E-04
1.85130655E-01  1.22658491E-01  8.63218913E-04
1.85377331E-01  1.18203394E-01  8.17917113E-04
1.85624008E-01  1.15241244E-01  8.19828187E-04
1.85870684E-01  1.20765761E-01  8.34850653E-04
1.86117361E-01  1.13511756E-01  8.27336626E-04
1.86364037E-01  1.16369531E-01  8.07280187E-04
1.86610714E-01  1.16996169E-01  8.27593904E-04
1.86857390E-01  1.15881972E-01  8.32256279E-04
1.87104066E-01  1.13970771E-01  8.03944888E-04
1.87350743E-01  1.14951640E-01  8.20515736E-04
1.87597419E-01  1.16144814E-01  8.07964941E-04
1.87844096E-01  1.17193632E-01  8.25642201E-04
1.88090772E-01  1.16467707E-01  8.31667276E-04
1.88337448E-01  1.13945529E-01  8.16474261E-04
1.88584125E-01  1.11045383E-01  7.83737574E-04
1.88830801E-01  1.13726817E-01  8.14214814E-04
1.89077478E-01  1.17047705E-01  8.24308139E-04
1.89324154E-01  1.12511970E-01  8.00694223E-04
1.89570831E-01  1.07587554E-01  7.86131015E-04
1.89817507E-01  1.12925999E-01  8.16391665E-04
1.90064183E-01  1.10276088E-01  7.92168954E-04
1.90310860E-01  1.10281974E-01  8.11123173E-04
1.90557536E-01  1.12654179E-01  8.23855924E-04
1.90804213E-01  1.10726230E-01  7.76084431E-04
1.91050889E-01  1.08074613E-01  7.90757651E-04
1.91297566E-01  1.11422740E-01  7.79432245E-04
1.91544242E-01  1.09171875E-01  7.92850158E-04
1.91790918E-01  1.05315320E-01  7.81948620E-04
1.92037595E-01  1.06474049E-01  8.09524383E-04
1.92284271E-01  1.04878440E-01  7.65376957E-04
1.92530948E-01  1.07268214E-01  8.05393909E-04
1.92777624E-01  1.05994456E-01  7.65893958E-04
1.93024301E-01  1.04670711E-01  7.98043096E-04
1.93270977E-01  1.09767325E-01  7.79592490E-04
1.93517653E-01  1.00693621E-01  7.41145050E-04
1.93764330E-01  1.04072496E-01  7.74421089E-04
1.94011006E-01  1.04685627E-01  7.59065733E-04
1.94257683E-01  1.07041910E-01  7.73497857E-04
1.94504359E-01  1.03805311E-01  7.79593363E-04
1.94751035E-01  1.03558443E-01  7.65399600E-04
1.94997712E-01  1.05126008E-01  7.77654117E-04
1.95244388E-01  1.02399029E-01  7.41250813E-04
1.95491065E-01  1.01786382E-01  7.44525634E-04
1.95737741E-01  1.02648869E-01  7.51161366E-04
1.95984418E-01  1.04945019E-01  7.69374368E-04
1.96231094E-01  9.93240699E-02  7.31420936E-04
1.96477770E-01  1.05119012E-01  7.68872153E-04
1.96724447E-01  9.89302471E-02  7.32046785E-04
1.96971123E-01  1.02436967E-01  7.71265535E-04
1.97217800E-01  1.03537142E-01  7.64412864E-04
1.97464476E-01  1.03042588E-01  7.28145998E-04
1.97711153E-01  1.01662762E-01  7.50542269E-04
1.97957829E-01  9.72750932E-02  7.47244281E-04
1.98204505E-01  1.00126863E-01  7.21330289E-04
1.98451182E-01  9.81042162E-02  7.34027300E-04
1.98697858E-01  9.92133692E-02  7.28526735E-04
1.98944535E-01  9.96792391E-02  7.29303749E-04
1.99191211E-01  9.55507681E-02  7.22240366E-04
1.99437887E-01  9.56825539E-02  7.04187376E-04
1.99684564E-01  9.45842192E-02  6.96859614E-04
1.99931240E-01  9.69595388E-02  7.27762410E-04
2.00177917E-01  9.73252580E-02  7.20130862E-04
2.00424593E-01  9.56583768E-02  7.13445770E-04
2.00671270E-01  9.24731046E-02  6.96624862E-04
2.00917946E-01  9.85085666E-02  7.36074930E-04
2.01164622E-01  9.59178656E-02  7.30137399E-04
2.01411299E-01  9.61436853E-02  7.17733288E-04
2.01657975E-01  9.39235836E-02  7.14782916E-04
2.01904652E-01  9.75740179E-02  7.22160679E-04
2.02151328E-01  9.54527780E-02  7.31847831E-04
2.02398005E-01  9.23683867E-02  7.05960905E-04
2.02644681E-01  9.62706506E-02  7.17628805E-04
2.02891357E-01  9.29666758E-02  7.24929385E-04
2.03138034E-01  9.48704332E-02  7.15997245E-04
2.03384710E-01  9.29988697E-02  7.14130583E-04
2.03631387E-01  9.33781117E-02  7.01625482E-04
2.03878063E-01  9.57875326E-02  7.06653809E-04
2.04124740E-01  9.27514657E-02  6.95758208E-04
2.04371416E-01  9.43904147E-02  7.06486753E-04
2.04618092E-01  9.03670415E-02  6.98311429E-04
2.04864769E-01  9.22769979E-02  6.92851609E-04
2.05111445E-01  9.16668624E-02  7.07379484E-04
2.05358122E-01  9.35655236E-02  7.17428687E-04
2.05604798E-01  8.74522924E-02  6.86024781E-04
2.05851474E-01  9.33730602E-02  6.91020454E-04
2.06098151E-01  9.17824879E-02  6.94762159E-04
2.06344827E-01  9.23462436E-02  6.86076644E-04
2.06591504E-01  9.11162645E-02  6.95768686E-04
2.06838180E-01  9.25438553E-02  6.75060553E-04
2.07084857E-01  9.40957367E-02  6.81492500E-04
2.07331533E-01  8.79656672E-02  6.74999901E-04
2.07578209E-01  8.77422765E-02  6.90747227E-04
2.07824886E-01  8.92983079E-02  6.90003450E-04
2.08071562E-01  8.52808133E-02  6.72404421E-04
2.08318239E-01  8.88944566E-02  6.78835087E-04
2.08564915E-01  8.90249386E-02  6.67421089E-04
2.08811592E-01  8.87295827E-02  6.70393696E-04
2.09058268E-01  8.84117112E-02  6.70718320E-04
2.09304944E-01  8.95766467E-02  6.83722261E-04
2.09551621E-01  8.65651742E-02  6.86196727E-04
2.09798297E-01  8.60672519E-02  6.69401372E-04
2.10044974E-01  8.62512589E-02  6.54605043E-04
2.10291650E-01  8.86802375E-02  6.57516182E-04
2.10538326E-01  8.76572356E-02  6.78785203E-04
2.10785003E-01  8.44527707E-02  6.67568122E-04
2.11031679E-01  8.80819410E-02  6.67963293E-04
2.11278356E-01  8.80244374E-02  6.79510180E-04
2.11525032E-01  8.68971720E-02  6.51902170E-04
2.11771709E-01  8.57454166E-02  6.60946884E-04
2.12018385E-01  8.49241316E-02  6.87800348E-04
2.12265061E-01  8.62713903E-02  6.53119350E-04
2.12511738E-01  8.35574642E-02  6.58866193E-04
2.12758414E-01  8.78280252E-02  6.52367016E-04
2.13005091E-01  8.80732387E-02  6.62465638E-04
2.13251767E-01  8.45635980E-02  6.34019845E-04
2.13498444E-01  8.45813602E-02  6.63098355E-04
2.13745120E-01  8.76516402E-02  6.68795139E-04
2.13991796E-01  8.27627182E-02  6.42301398E-04
2.14238473E-01  8.71044695E-02  6.66618464E-04
2.14485149E-01  8.56376514E-02  6.51505776E-04
2.14731826E-01  8.08677971E-02  6.31625997E-04
2.14978502E-01  8.42489079E-02  6.62343460E-04
2.15225179E-01  8.67647901E-02  6.58024452E-04
2.15471855E-01  8.30015242E-02  6.46837521E-04
2.15718531E-01  8.44247714E-02  6.51613344E-04
2.15965208E-01  8.54001418E-02  6.60059799E-04
2.16211884E-01  8.35616812E-02  6.57648838E-04
2.16458561E-01  8.42653215E-02  6.40118262E-04
2.16705237E-01  8.10023323E-02  6.41381484E-04
2.16951913E-01  8.33869949E-02  6.43001520E-04
2.17198590E-01  8.46788585E-02  6.60731050E-04
2.17445266E-01  8.64088908E-02  6.61080063E-04
2.17691943E-01  8.26051608E-02  6.28681504E-04
2.17938619E-01  8.46844763E-02  6.49795227E-04
2.18185296E-01  8.44514817E-02  6.49796915E-04
2.18431972E-01  8.10929984E-02  6.45704218E-04
2.18678648E-01  8.28845575E-02  6.50204543E-04
2.18925325E-01  8.23368281E-02  6.38491067E-04
2.19172001E-01  8.05593655E-02  6.36266312E-04
2.19418678E-01  8.44157562E-02  6.69792760E-04
2.19665354E-01  8.34223479E-02  6.44162297E-04
2.19912031E-01  8.21510777E-02  6.38359517E-04
2.20158707E-01  8.44502375E-02  6.59376208E-04
2.20405383E-01  8.61620232E-02  6.49205700E-04
2.20652060E-01  8.05430710E-02  6.37939025E-04
2.20898736E-01  7.94859976E-02  6.19742321E-04
2.21145413E-01  8.04575011E-02  6.36353565E-04
2.21392089E-01  8.39184448E-02  6.47116220E-04
2.21638766E-01  8.27368721E-02  6.41841791E-04
2.21885442E-01  8.31179842E-02  6.32368319E-04
2.22132118E-01  8.11610147E-02  6.52614399E-04
2.22378795E-01  8.19508582E-02  6.23770407E-04
2.22625471E-01  8.28644931E-02  6.45898806E-04
2.22872148E-01  8.43746290E-02  6.41769962E-04
2.23118824E-01  8.35538507E-02  6.43372245E-04
2.23365500E-01  7.94471279E-02  6.35789067E-04
2.23612177E-01  8.06745216E-02  6.21291110E-04
2.23858853E-01  8.36576894E-02  6.42242492E-04
2.24105530E-01  7.98834562E-02  6.25170069E-04
2.24352206E-01  8.08257386E-02  6.43416948E-04
2.24598883E-01  8.38413462E-02  6.40016748E-04
2.24845559E-01  8.29807445E-02  6.38359343E-04
2.25092235E-01  7.85522088E-02  6.22078427E-04
2.25338912E-01  7.99597204E-02  6.29229820E-04
2.25585588E-01  8.06647465E-02  6.28200592E-04
2.25832265E-01  8.36402029E-02  6.31833682E-04
2.26078941E-01  8.06579366E-02  6.30592229E-04
2.26325618E-01  8.07213485E-02  6.33285730E-04
2.26572294E-01  8.15827921E-02  6.31501374E-04
2.26818970E-01  8.18976760E-02  6.46123430E-04
2.27065647E-01  8.07063803E-02  6.19144586E-04
2.27312323E-01  8.25316906E-02  6.42260537E-04
2.27559000E-01  8.09586644E-02  6.33512915E-04
2.27805676E-01  7.93021396E-02  6.22462365E-04
2.28052352E-01  8.16683248E-02  6.33895397E-04
2.28299029E-01  7.93755203E-02  6.19396626E-04
2.28545705E-01  7.98713788E-02  6.45878492E-04
2.28792382E-01  8.41364786E-02  6.34716416E-04
2.29039058E-01  8.27671811E-02  6.45758817E-04
2.29285735E-01  8.17041844E-02  6.42407627E-04
2.29532411E-01  8.38123113E-02  6.37088320E-04
2.29779087E-01  8.33170637E-02  6.49271475E-04
2.30025764E-01  8.22986066E-02  6.17782935E-04
2.30272440E-01  8.05080980E-02  6.22004271E-04
2.30519117E-01  8.30389336E-02  6.46192464E-04
2.30765793E-01  8.18604156E-02  6.27784349E-04
2.31012470E-01  7.82429725E-02  6.33915362E-04
2.31259146E-01  8.10614601E-02  6.32817450E-04
2.31505822E-01  7.93312564E-02  6.30982162E-04
2.31752499E-01  8.28700662E-02  6.35979872E-04
2.31999175E-01  7.99833536E-02  6.18942839E-04
2.32245852E-01  7.85711706E-02  6.16460689E-04
2.32492528E-01  7.85165206E-02  5.95554535E-04
2.32739205E-01  8.38515610E-02  6.18335907E-04
2.32985881E-01  7.87921697E-02  6.01557840E-04
2.33232557E-01  7.97165856E-02  6.31986419E-04
2.33479234E-01  7.88637325E-02  6.12656411E-04
2.33725910E-01  8.02714899E-02  6.04803732E-04
2.33972587E-01  8.03513601E-02  6.21410145E-04
2.34219263E-01  7.95081258E-02  6.12619566E-04
2.34465939E-01  8.01425874E-02  5.97674109E-04
2.34712616E-01  7.89585710E-02  6.12147502E-04
2.34959292E-01  8.25590044E-02  6.35270437E-04
2.35205969E-01  8.09858814E-02  6.20091509E-04
2.35452645E-01  7.86038637E-02  6.04220084E-04
2.35699322E-01  8.02500620E-02  6.11269963E-04
2.35945998E-01  8.24976414E-02  6.21938321E-04
2.36192674E-01  7.82794282E-02  6.06195536E-04
2.36439351E-01  8.05559754E-02  6.15852012E-04
2.36686027E-01  8.05844441E-02  6.10543590E-04
2.36932704E-01  8.15080181E-02  6.18663966E-04
2.37179380E-01  7.74792656E-02  5.93053992E-04
2.37426057E-01  8.31128135E-02  6.26794354E-04
2.37672733E-01  7.73447230E-02  6.01196545E-04
2.37919409E-01  7.86252022E-02  6.11257972E-04
2.38166086E-01  7.87830129E-02  6.09740324E-04
2.38412762E-01  8.20384622E-02  6.24397828E-04
2.38659439E-01  7.45214075E-02  5.89702744E-04
2.38906115E-01  7.70946220E-02  6.02824613E-04
2.39152791E-01  7.93731660E-02  6.04849891E-04
2.39399468E-01  8.13618749E-02  6.24680077E-04
2.39646144E-01  7.98681304E-02  5.99176623E-04
2.39892821E-01  8.11632797E-02  6.20260718E-04
2.40139497E-01  7.79696777E-02  5.99509687E-04
2.40386174E-01  7.94160068E-02  6.03425433E-04
2.40632850E-01  7.98960999E-02  6.21128420E-04
2.40879526E-01  7.92960525E-02  5.85511036E-04
2.41126203E-01  7.73516297E-02  5.88706869E-04
2.41372879E-01  7.71228671E-02  6.09794923E-04
2.41619556E-01  7.85609335E-02  6.03523396E-04
2.41866232E-01  8.02782625E-02  6.00318890E-04
2.42112909E-01  8.23176354E-02  6.21064391E-04
2.42359585E-01  8.06849226E-02  6.19590108E-04
2.42606261E-01  7.94376284E-02  6.12279458E-04
2.42852938E-01  8.10724124E-02  6.31808769E-04
2.43099614E-01  7.96708986E-02  6.33913616E-04
2.43346291E-01  8.11470151E-02  6.21120736E-04
2.43592967E-01  8.34716111E-02  6.35649136E-04
2.43839644E-01  8.19062814E-02  6.34787313E-04
2.44086320E-01  7.94235989E-02  6.24125532E-04
2.44332996E-01  7.82861039E-02  6.32841373E-04
2.44579673E-01  7.86184445E-02  6.26424153E-04
2.44826349E-01  8.16157833E-02  6.17281126E-04
2.45073026E-01  8.14916044E-02  6.17062498E-04
2.45319702E-01  7.88775012E-02  6.22562715E-04
2.45566378E-01  8.26158524E-02  6.49881316E-04
2.45813055E-01  8.09633434E-02  6.39861973E-04
2.46059731E-01  7.84015954E-02  6.27100235E-04
2.46306408E-01  8.09184685E-02  6.43623236E-04
2.46553084E-01  8.34885165E-02  6.29628019E-04
2.46799761E-01  8.27882960E-02  6.62647013E-04
2.47046437E-01  8.39078352E-02  6.65677537E-04
2.47293113E-01  8.13121200E-02  6.53490250E-04
2.47539790E-01  8.17636997E-02  6.70397654E-04
2.47786466E-01  7.96220675E-02  6.33315649E-04
2.48033143E-01  8.36317837E-02  6.79674558E-04
2.48279819E-01  7.67723545E-02  6.41158840E-04
2.48526496E-01  8.54043514E-02  6.79325487E-04
2.48773172E-01  7.78708532E-02  6.46151195E-04
2.49019848E-01  8.00103173E-02  6.40593062E-04
2.49266525E-01  8.31679478E-02  6.85581414E-04
2.49513201E-01  8.49080905E-02  6.86000334E-04
2.49759878E-01  7.81646222E-02  6.36108511E-04
2.50006554E-01  8.05207416E-02  6.60960155E-04
2.50253230E-01  8.16942602E-02  6.87240739E-04
2.50499907E-01  8.00282285E-02  6.55216048E-04
2.50746583E-01  8.19570795E-02  6.77205622E-04
2.50993260E-01  8.27477351E-02  6.72270311E-04
2.51239936E-01  8.27616677E-02  6.76467374E-04
2.51486613E-01  7.77096376E-02  6.53798750E-04
2.51733289E-01  7.95397013E-02  6.61845901E-04
2.51979965E-01  8.17161575E-02  6.75862830E-04
2.52226642E-01  7.85308704E-02  6.76071562E-04
2.52473318E-01  8.23480636E-02  7.05054495E-04
2.52719995E-01  7.90072605E-02  6.59543090E-04
2.52966671E-01  8.06835145E-02  6.60294085E-04
2.53213348E-01  8.10186192E-02  6.96730742E-04
2.53460024E-01  8.08163956E-02  6.91796187E-04
2.53706700E-01  8.05358812E-02  6.99763128E-04
2.53953377E-01  8.08152705E-02  6.90156885E-04
2.54200053E-01  8.07464346E-02  6.82175159E-04
2.54446730E-01  8.13547522E-02  7.04024220E-04
2.54693406E-01  8.21981132E-02  6.82989950E-04
2.54940083E-01  8.27869996E-02  6.81274338E-04
2.55186759E-01  8.49868059E-02  6.80771249E-04
2.55433435E-01  7.97200724E-02  6.51607057E-04
2.55680112E-01  8.21682215E-02  6.73266069E-04
2.55926788E-01  8.25840905E-02  6.60359743E-04
2.56173465E-01  8.42846334E-02  6.73380040E-04
2.56420141E-01  7.85373226E-02  6.51042617E-04
2.56666817E-01  8.16056803E-02  6.53439260E-04
2.56913494E-01  8.36997554E-02  6.67483080E-04
2.57160170E-01  8.09661597E-02  6.50991395E-04
2.57406847E-01  8.22921768E-02  6.79291144E-04
2.57653523E-01  8.01103190E-02  6.47074950E-04
2.57900200E-01  7.84840137E-02  6.58112229E-04
2.58146876E-01  8.19192380E-02  6.57242665E-04
2.58393552E-01  8.16530660E-02  6.36237964E-04
2.58640229E-01  8.33467767E-02  6.84388098E-04
2.58886905E-01  7.99414814E-02  6.63473096E-04
2.59133582E-01  7.99595714E-02  6.52838964E-04
2.59380258E-01  8.19609687E-02  6.48719317E-04
2.59626935E-01  7.94237107E-02  6.53993106E-04
2.59873611E-01  8.57873932E-02  6.83680759E-04
2.60120287E-01  8.03644881E-02  6.38670521E-04
2.60366964E-01  8.60420913E-02  6.82979939E-04
2.60613640E-01  7.90518373E-02  6.30018476E-04
2.60860317E-01  8.41204897E-02  6.62415812E-04
2.61106993E-01  8.25668126E-02  6.65370433E-04
2.61353670E-01  8.20054710E-02  6.59383775E-04
2.61600346E-01  8.45664665E-02  6.54678151E-04
2.61847022E-01  8.44574943E-02  6.56969205E-04
2.62093699E-01  8.51322263E-02  6.53011084E-04
2.62340375E-01  8.43448713E-02  6.67379471E-04
2.62587052E-01  8.64273906E-02  6.77901146E-04
2.62833728E-01  8.50047767E-02  6.56863383E-04
2.63080404E-01  8.39654505E-02  6.65147149E-04
2.63327081E-01  8.34199563E-02  6.65194239E-04
2.63573757E-01  8.34516436E-02  6.71876653E-04
2.63820434E-01  8.49754363E-02  6.61397760E-04
2.64067110E-01  8.37122872E-02  6.53172319E-04
2.64313787E-01  8.32073838E-02  6.46927278E-04
2.64560463E-01  8.42833072E-02  6.65238011E-04
2.64807139E-01  8.33871216E-02  6.49462570E-04
2.65053816E-01  8.39366019E-02  6.52889430E-04
2.65300492E-01  8.31992477E-02  6.34373049E-04
2.65547169E-01  8.35319981E-02  6.47428969E-04
2.65793845E-01  8.37228522E-02  6.66148262E-04
2.66040522E-01  8.09257254E-02  6.33154414E-04
2.66287198E-01  8.39947686E-02  6.70178968E-04
2.66533874E-01  8.08244646E-02  6.30467432E-04
2.66780551E-01  8.08165297E-02  6.53584080E-04
2.67027227E-01  8.30417797E-02  6.57040975E-04
2.67273904E-01  8.41467604E-02  6.65277126E-04
2.67520580E-01  7.95245767E-02  6.37824996E-04
2.67767256E-01  8.25537667E-02  6.31676230E-04
2.68013933E-01  7.85825253E-02  6.25761691E-04
2.68260609E-01  8.06630105E-02  6.41627703E-04
2.68507286E-01  8.29289705E-02  6.59199257E-04
2.68753962E-01  8.43502358E-02  6.67090877E-04
2.69000639E-01  8.56175721E-02  6.62107137E-04
2.69247315E-01  8.48672166E-02  6.63560349E-04
2.69493991E-01  8.10797662E-02  6.33151270E-04
2.69740668E-01  8.37368220E-02  6.45531982E-04
2.69987344E-01  8.46529454E-02  6.63273328E-04
2.70234021E-01  8.14266652E-02  6.43636624E-04
2.70480697E-01  8.27148706E-02  6.68756198E-04
2.70727374E-01  8.34396854E-02  6.33567048E-04
2.70974050E-01  8.79983678E-02  6.91922498E-04
2.71220726E-01  8.44106525E-02  6.68744382E-04
2.71467403E-01  8.82688165E-02  6.76561904E-04
2.71714079E-01  8.28562379E-02  6.74134120E-04
2.71960756E-01  8.40224475E-02  6.64161576E-04
2.72207432E-01  9.07326266E-02  6.99101423E-04
2.72454109E-01  8.57363120E-02  7.00477452E-04
2.72700785E-01  8.38620514E-02  6.78191776E-04
2.72947461E-01  8.50061700E-02  6.81279751E-04
2.73194138E-01  8.48712176E-02  6.71245914E-04
2.73440814E-01  8.51757228E-02  6.95384748E-04
2.73687491E-01  8.79493356E-02  6.87499181E-04
2.73934167E-01  8.77738521E-02  6.92700385E-04
2.74180843E-01  8.85383561E-02  6.98152406E-04
2.74427520E-01  8.65892246E-02  6.75459218E-04
2.74674196E-01  8.71165022E-02  6.74299197E-04
2.74920873E-01  8.85449499E-02  6.91829307E-04
2.75167549E-01  8.58216286E-02  6.77286356E-04
2.75414226E-01  8.75510052E-02  6.94813963E-04
2.75660902E-01  8.60341862E-02  6.98369753E-04
2.75907578E-01  9.08350274E-02  7.16224720E-04
2.76154255E-01  8.59655142E-02  6.82397746E-04
2.76400931E-01  8.70690495E-02  7.01411685E-04
2.76647608E-01  8.57573897E-02  6.96005183E-04
2.76894284E-01  8.96448195E-02  6.96919451E-04
2.77140961E-01  9.23823640E-02  7.12865149E-04
2.77387637E-01  9.11422595E-02  7.22795201E-04
2.77634313E-01  8.88407230E-02  7.13739370E-04
2.77880990E-01  8.80717784E-02  6.80626777E-04
2.78127666E-01  8.72895941E-02  7.08497246E-04
2.78374343E-01  8.80819559E-02  7.18673051E-04
2.78621019E-01  8.81542340E-02  7.07771338E-04
2.78867695E-01  8.90436843E-02  7.14183960E-04
2.79114372E-01  8.79696384E-02  6.96196337E-04
2.79361048E-01  8.40364322E-02  7.10198598E-04
2.79607725E-01  8.32352713E-02  6.96194940E-04
2.79854401E-01  8.84568915E-02  6.93359412E-04
2.80101078E-01  9.12097543E-02  7.31378794E-04
2.80347754E-01  8.80835354E-02  7.08336767E-04
2.80594430E-01  8.83992538E-02  7.17983698E-04
2.80841107E-01  8.53560194E-02  7.03902391E-04
2.81087783E-01  9.16138589E-02  7.16216920E-04
2.81334460E-01  8.58823061E-02  7.04863516E-04
2.81581136E-01  8.54584053E-02  7.07317959E-04
2.81827813E-01  9.02824998E-02  7.06803752E-04
2.82074489E-01  8.76078978E-02  7.19771662E-04
2.82321165E-01  8.86876062E-02  7.07616447E-04
2.82567842E-01  8.72361436E-02  7.05087790E-04
2.82814518E-01  8.39360133E-02  7.00675359E-04
2.83061195E-01  8.86797905E-02  7.18745927E-04
2.83307871E-01  8.58046412E-02  7.29807129E-04
2.83554548E-01  9.02961642E-02  7.26747268E-04
2.83801224E-01  8.67619738E-02  7.12403154E-04
2.84047900E-01  8.84126946E-02  7.09191198E-04
2.84294577E-01  8.77006799E-02  7.15790433E-04
2.84541253E-01  8.85211378E-02  7.20399315E-04
2.84787930E-01  8.79255608E-02  7.08521169E-04
2.85034606E-01  9.21639726E-02  7.33547029E-04
2.85281282E-01  9.08262432E-02  7.24238984E-04
2.85527959E-01  8.85754153E-02  7.01037061E-04
2.85774635E-01  8.71555954E-02  7.09012616E-04
2.86021312E-01  8.50270018E-02  6.93887530E-04
2.86267988E-01  8.95813704E-02  6.99470926E-04
2.86514665E-01  8.58383551E-02  7.11097673E-04
2.86761341E-01  8.96959007E-02  7.14758644E-04
2.87008017E-01  8.77440423E-02  6.98616495E-04
2.87254694E-01  8.78578648E-02  7.07967847E-04
2.87501370E-01  8.99697393E-02  7.09925138E-04
2.87748047E-01  8.84326324E-02  7.37525115E-04
2.87994723E-01  8.59272256E-02  7.21882505E-04
2.88241400E-01  8.86547863E-02  7.19577307E-04
2.88488076E-01  9.08252075E-02  7.29208346E-04
2.88734752E-01  9.05258134E-02  7.28854153E-04
2.88981429E-01  9.03928280E-02  7.26802507E-04
2.89228105E-01  9.18175802E-02  7.23021105E-04
2.89474782E-01  8.93468559E-02  7.09957851E-04
2.89721458E-01  9.05206650E-02  7.23908714E-04
2.89968134E-01  8.81517008E-02  7.30530184E-04
2.90214811E-01  8.99987966E-02  7.33286026E-04
2.90461487E-01  9.15189683E-02  7.39839626E-04
2.90708164E-01  8.60382766E-02  7.18521886E-04
2.90954840E-01  8.99730921E-02  7.31943408E-04
2.91201517E-01  8.44205767E-02  7.10325025E-04
2.91448193E-01  8.93849656E-02  7.12295936E-04
2.91694869E-01  8.89217108E-02  7.08489097E-04
2.91941546E-01  8.80716443E-02  7.26920436E-04
2.92188222E-01  8.92535523E-02  7.20124401E-04
2.92434899E-01  8.58386159E-02  6.90422370E-04
2.92681575E-01  8.99179056E-02  7.29705091E-04
2.92928252E-01  8.94970670E-02  7.10618275E-04
2.93174928E-01  9.06546339E-02  7.03990518E-04
2.93421604E-01  8.91790017E-02  7.14075635E-04
2.93668281E-01  8.83569270E-02  7.23057659E-04
2.93914957E-01  9.03612152E-02  7.35463691E-04
2.94161634E-01  9.23485830E-02  7.20255310E-04
2.94408310E-01  8.90602693E-02  7.11383589E-04
2.94654987E-01  8.76240730E-02  7.10701803E-04
2.94901663E-01  8.92876834E-02  7.28598097E-04
2.95148339E-01  8.93141329E-02  7.23709411E-04
2.95395016E-01  9.26896259E-02  7.44175515E-04
2.95641692E-01  8.98465663E-02  7.36907707E-04
2.95888369E-01  9.18683633E-02  7.28158629E-04
2.96135045E-01  9.02815685E-02  7.24018551E-04
2.96381721E-01  8.71407539E-02  7.07333151E-04
2.96628398E-01  9.53667611E-02  7.59900722E-04
2.96875074E-01  8.97354409E-02  7.18989351E-04
2.97121751E-01  8.77802595E-02  6.99235650E-04
2.97368427E-01  8.80561844E-02  7.18000636E-04
2.97615104E-01  8.93562287E-02  7.36944203E-04
2.97861780E-01  8.93844962E-02  7.35520327E-04
2.98108456E-01  8.81097093E-02  7.16212497E-04
2.98355133E-01  8.76957327E-02  7.12237612E-04
2.98601809E-01  8.99727568E-02  7.17199757E-04
2.98848486E-01  8.78865495E-02  7.20509386E-04
2.99095162E-01  9.34364051E-02  7.34640693E-04
2.99341839E-01  8.76088738E-02  7.01385899E-04
2.99588515E-01  9.18371007E-02  7.37105380E-04
2.99835191E-01  8.87554139E-02  7.20571144E-04
3.00081868E-01  8.51868540E-02  7.10467633E-04
3.00328544E-01  9.40621495E-02  7.33818451E-04
3.00575221E-01  8.51190016E-02  7.10065011E-04
3.00821897E-01  8.92762840E-02  6.95078517E-04
3.01068574E-01  8.88481140E-02  7.24063255E-04
3.01315250E-01  9.15835723E-02  7.39257259E-04
3.01561926E-01  8.51446092E-02  7.23048695E-04
3.01808603E-01  8.80586728E-02  7.28264684E-04
3.02055279E-01  9.16490927E-02  7.20086915E-04
3.02301956E-01  9.15099010E-02  7.33976951E-04
3.02548632E-01  8.79941806E-02  7.17875315E-04
3.02795308E-01  8.99109095E-02  7.30791828E-04
3.03041985E-01  9.15035158E-02  7.33638532E-04
3.03288661E-01  8.96393731E-02  7.36570219E-04
3.03535338E-01  8.86561722E-02  7.20500597E-04
3.03782014E-01  9.31768343E-02  7.51123065E-04
3.04028691E-01  8.91418308E-02  7.32218323E-04
3.04275367E-01  9.16614830E-02  7.24199519E-04
3.04522043E-01  8.93385559E-02  7.39374431E-04
3.04768720E-01  9.21260566E-02  7.43622018E-04
3.05015396E-01  9.12222043E-02  7.27774692E-04
3.05262073E-01  8.97011533E-02  7.55787420E-04
3.05508749E-01  9.06620845E-02  7.37847236E-04
3.05755426E-01  8.64457116E-02  7.09372980E-04
3.06002102E-01  9.28671286E-02  7.27312989E-04
3.06248778E-01  8.77245814E-02  7.21728778E-04
3.06495455E-01  8.98909345E-02  7.28658342E-04
3.06742131E-01  8.86057466E-02  7.24093465E-04
3.06988808E-01  9.36683416E-02  7.59183778E-04
3.07235484E-01  8.96334127E-02  7.24561920E-04
3.07482160E-01  8.99893790E-02  7.37894268E-04
3.07728837E-01  9.12298486E-02  7.24864309E-04
3.07975513E-01  9.07500833E-02  7.33893714E-04
3.08222190E-01  8.99745002E-02  7.61185074E-04
3.08468866E-01  9.23592895E-02  7.62485433E-04
3.08715543E-01  9.43683609E-02  7.90054386E-04
3.08962219E-01  9.66180786E-02  7.83216732E-04
3.09208895E-01  9.64004993E-02  7.90502410E-04
3.09455572E-01  9.29261446E-02  8.21727386E-04
3.09702248E-01  9.22611728E-02  7.68453465E-04
3.09948925E-01  9.59177911E-02  8.08127690E-04
3.10195601E-01  9.14455727E-02  7.62296317E-04
3.10442278E-01  9.48730037E-02  7.67255784E-04
3.10688954E-01  8.57646912E-02  7.24993064E-04
3.10935630E-01  9.17044282E-02  7.30830885E-04
3.11182307E-01  9.29298326E-02  7.66280398E-04
3.11428983E-01  9.89555940E-02  7.58943730E-04
3.11675660E-01  9.56809297E-02  7.45970814E-04
3.11922336E-01  9.11209434E-02  7.35541631E-04
3.12169013E-01  9.09232646E-02  7.35103560E-04
3.12415689E-01  9.28413197E-02  7.61849573E-04
3.12662365E-01  9.11391675E-02  7.24451209E-04
3.12909042E-01  9.25989375E-02  7.34357513E-04
3.13155718E-01  9.15747434E-02  7.31534616E-04
3.13402395E-01  9.17457491E-02  7.44746358E-04
3.13649071E-01  9.05846506E-02  7.38627918E-04
3.13895747E-01  8.98239166E-02  7.47025188E-04
3.14142424E-01  8.85006338E-02  7.24486308E-04
3.14389100E-01  9.14675891E-02  7.48159830E-04
3.14635777E-01  8.86776820E-02  7.19953619E-04
3.14882453E-01  9.61641073E-02  7.70327868E-04
3.15129130E-01  9.14410055E-02  7.46591424E-04
3.15375806E-01  8.87933895E-02  7.23825360E-04
3.15622482E-01  9.23966542E-02  7.58662762E-04
3.15869159E-01  8.86038840E-02  7.26797211E-04
3.16115835E-01  8.91171396E-02  7.19280564E-04
3.16362512E-01  9.40014124E-02  7.42297445E-04
3.16609188E-01  8.98380801E-02  7.52124935E-04
3.16855865E-01  9.46767032E-02  7.44639023E-04
3.17102541E-01  9.11346078E-02  7.43366894E-04
3.17349217E-01  9.30243060E-02  7.63996039E-04
3.17595894E-01  8.92477036E-02  7.45225523E-04
3.17842570E-01  9.03608501E-02  7.32616405E-04
3.18089247E-01  8.84049088E-02  6.90942805E-04
3.18335923E-01  8.75588655E-02  7.14071153E-04
3.18582599E-01  9.17703509E-02  7.26322236E-04
3.18829276E-01  9.23274755E-02  7.47762038E-04
3.19075952E-01  9.20472071E-02  7.30064465E-04
3.19322629E-01  8.90995190E-02  7.25202437E-04
3.19569305E-01  8.86756852E-02  7.39581650E-04
3.19815982E-01  9.33606252E-02  7.46999984E-04
3.20062658E-01  9.04251337E-02  7.40558025E-04
3.20309334E-01  9.29882228E-02  7.40585558E-04
3.20556011E-01  8.88465419E-02  7.31244276E-04
3.20802687E-01  9.54752564E-02  7.72443949E-04
3.21049364E-01  9.36856121E-02  7.37474067E-04
3.21296040E-01  9.36966687E-02  7.48176419E-04
3.21542717E-01  9.22792703E-02  7.35894544E-04
3.21789393E-01  9.14576203E-02  7.33998488E-04
3.22036069E-01  9.15361047E-02  7.55245623E-04
3.22282746E-01  9.23420340E-02  7.49026658E-04
3.22529422E-01  9.40996185E-02  7.62430485E-04
3.22776099E-01  9.26858932E-02  7.58388778E-04
3.23022775E-01  8.77000988E-02  7.29965454E-04
3.23269452E-01  9.32422131E-02  7.42231845E-04
3.23516128E-01  9.18726996E-02  7.43658922E-04
3.23762804E-01  9.79965031E-02  7.66568759E-04
3.24009481E-01  9.45833325E-02  7.52980064E-04
3.24256157E-01  9.26004872E-02  7.49525148E-04
3.24502834E-01  9.60856453E-02  7.46604404E-04
3.24749510E-01  9.29309875E-02  7.50551466E-04
3.24996186E-01  9.65130776E-02  7.67764344E-04
3.25242863E-01  9.01915431E-02  7.36317888E-04
3.25489539E-01  9.06499028E-02  7.48084334E-04
3.25736216E-01  9.05757323E-02  7.45254452E-04
3.25982892E-01  9.99705195E-02  7.69943406E-04
3.26229569E-01  9.39878076E-02  7.51006999E-04
3.26476245E-01  9.18867886E-02  7.40038056E-04
3.26722921E-01  9.53822061E-02  7.71392544E-04
3.26969598E-01  9.92891788E-02  7.56943424E-04
3.27216274E-01  9.31357965E-02  7.62205280E-04
3.27462951E-01  9.23814327E-02  7.63500575E-04
3.27709627E-01  9.32962373E-02  7.54557957E-04
3.27956304E-01  9.53127220E-02  7.64041673E-04
3.28202980E-01  9.29730535E-02  7.33255525E-04
3.28449656E-01  9.65358838E-02  7.69735663E-04
3.28696333E-01  9.50317755E-02  7.60324649E-04
3.28943009E-01  9.18424800E-02  7.38194096E-04
3.29189686E-01  9.08181816E-02  7.45719299E-04
3.29436362E-01  9.39493999E-02  7.60470051E-04
3.29683039E-01  9.58214030E-02  7.53421802E-04
3.29929715E-01  9.59318951E-02  7.51818938E-04
3.30176391E-01  9.15133879E-02  7.44536228E-04
3.30423068E-01  9.39658210E-02  7.40315008E-04
3.30669744E-01  9.69114304E-02  7.64340104E-04
3.30916421E-01  9.67891440E-02  7.94845342E-04
3.31163097E-01  1.01926878E-01  7.89691403E-04
3.31409773E-01  9.45397466E-02  7.59577204E-04
3.31656450E-01  9.23720077E-02  7.66848854E-04
3.31903126E-01  9.25349146E-02  7.69685430E-04
3.32149803E-01  9.78654251E-02  7.77380075E-04
3.32396479E-01  9.65523347E-02  7.73080799E-04
3.32643156E-01  9.39218551E-02  7.55450863E-04
3.32889832E-01  9.87803265E-02  7.71089224E-04
3.33136508E-01  9.84868035E-02  7.83988449E-04
3.33383185E-01  9.66945067E-02  7.69552251E-04
3.33629861E-01  9.74874943E-02  7.63610355E-04
3.33876538E-01  9.58286077E-02  7.78692425E-04
3.34123214E-01  9.76123735E-02  7.68605911E-04
3.34369891E-01  9.43352953E-02  7.61343981E-04
3.34616567E-01  9.91869569E-02  7.79852737E-04
3.34863243E-01  9.64581966E-02  7.61140778E-04
3.35109920E-01  9.59347039E-02  7.78477173E-04
3.35356596E-01  1.00834548E-01  8.07577337E-04
3.35603273E-01  9.35416222E-02  7.66503916E-04
3.35849949E-01  9.61657837E-02  7.61527044E-04
3.36096625E-01  9.90853980E-02  7.70846382E-04
3.36343302E-01  9.76451188E-02  7.86008080E-04
3.36589978E-01  9.63926539E-02  7.74478482E-04
3.36836655E-01  9.69971195E-02  7.95876840E-04
3.37083331E-01  9.91089940E-02  7.91435712E-04
3.37330008E-01  9.79482979E-02  7.71353429E-04
3.37576684E-01  9.91428420E-02  7.92602717E-04
3.37823360E-01  9.55107808E-02  7.45757134E-04
3.38070037E-01  9.64764208E-02  7.81286100E-04
3.38316713E-01  9.83221233E-02  7.96407578E-04
3.38563390E-01  9.65155438E-02  7.82463758E-04
3.38810066E-01  9.44124386E-02  7.40314077E-04
3.39056743E-01  9.41818208E-02  7.45155441E-04
3.39303419E-01  1.01275541E-01  7.82561779E-04
3.39550095E-01  9.73023176E-02  7.83702359E-04
3.39796772E-01  1.00117072E-01  8.13965278E-04
3.40043448E-01  1.00279972E-01  7.69139209E-04
3.40290125E-01  9.42533761E-02  7.61888572E-04
3.40536801E-01  9.71290246E-02  7.83524767E-04
3.40783478E-01  9.66064408E-02  7.61435193E-04
3.41030154E-01  9.57975388E-02  7.70805171E-04
3.41276830E-01  9.64581743E-02  7.44467601E-04
3.41523507E-01  9.28982645E-02  7.59286515E-04
3.41770183E-01  9.82712135E-02  7.57639064E-04
3.42016860E-01  9.26719680E-02  7.39693758E-04
3.42263536E-01  9.60266516E-02  7.47018203E-04
3.42510212E-01  1.00802973E-01  7.87044642E-04
3.42756889E-01  9.91876572E-02  7.80348200E-04
3.43003565E-01  9.74186435E-02  7.83553056E-04
3.43250242E-01  9.78762433E-02  7.75958761E-04
3.43496918E-01  9.72570553E-02  7.54600682E-04
3.43743595E-01  9.43314433E-02  7.49141909E-04
3.43990271E-01  9.46490914E-02  7.50093895E-04
3.44236947E-01  9.79818031E-02  7.71676481E-04
3.44483624E-01  9.75367799E-02  7.51691754E-04
3.44730300E-01  1.00889929E-01  7.80988194E-04
3.44976977E-01  9.79013667E-02  7.96829059E-04
3.45223653E-01  1.00224078E-01  7.72346451E-04
3.45470330E-01  9.75595638E-02  7.71560764E-04
3.45717006E-01  9.58883166E-02  7.60624418E-04
3.45963682E-01  9.92335752E-02  7.68496364E-04
3.46210359E-01  9.35571715E-02  7.65096513E-04
3.46457035E-01  9.60474834E-02  7.77341309E-04
3.46703712E-01  9.40424278E-02  7.49187137E-04
3.46950388E-01  9.30147022E-02  7.43977318E-04
3.47197064E-01  9.65907201E-02  7.53206667E-04
3.47443741E-01  9.37303081E-02  7.47846672E-04
3.47690417E-01  9.65154842E-02  7.58419163E-04
3.47937094E-01  9.37524885E-02  7.46745965E-04
3.48183770E-01  9.75493491E-02  7.81026436E-04
3.48430447E-01  9.63491052E-02  7.51119223E-04
3.48677123E-01  9.40986201E-02  7.52292923E-04
3.48923799E-01  9.73377675E-02  7.57433299E-04
3.49170476E-01  9.53046307E-02  7.60793977E-04
3.49417152E-01  1.00580432E-01  7.82762596E-04
3.49663829E-01  9.37268659E-02  7.61394098E-04
3.49910505E-01  9.58398804E-02  7.73230218E-04
3.50157182E-01  9.51122120E-02  7.76680303E-04
3.50403858E-01  9.12221670E-02  7.46838457E-04
3.50650534E-01  9.77495611E-02  7.52229360E-04
3.50897211E-01  9.55787823E-02  7.52893509E-04
3.51143887E-01  9.56479758E-02  7.60934548E-04
3.51390564E-01  9.45253223E-02  7.42789882E-04
3.51637240E-01  9.21797901E-02  7.49082945E-04
3.51883917E-01  9.66758132E-02  7.75963301E-04
3.52130593E-01  9.73380730E-02  7.68465165E-04
3.52377269E-01  9.73537862E-02  7.90379650E-04
3.52623946E-01  9.35711637E-02  7.39774201E-04
3.52870622E-01  9.48439837E-02  7.75828667E-04
3.53117299E-01  9.75754037E-02  7.57121830E-04
3.53363975E-01  9.57743749E-02  7.61084899E-04
3.53610651E-01  9.98005345E-02  7.65561883E-04
3.53857328E-01  9.76298973E-02  7.62883399E-04
3.54104004E-01  9.39581469E-02  7.72247149E-04
3.54350681E-01  9.18293223E-02  7.56575726E-04
3.54597357E-01  9.40513983E-02  7.37124064E-04
3.54844034E-01  9.50225890E-02  7.57246686E-04
3.55090710E-01  9.91428494E-02  7.70673680E-04
3.55337386E-01  9.61093456E-02  7.43910903E-04
3.55584063E-01  9.68190804E-02  7.45503290E-04
3.55830739E-01  9.61175784E-02  7.64046563E-04
3.56077416E-01  9.68343765E-02  7.57139060E-04
3.56324092E-01  9.74099040E-02  7.73400767E-04
3.56570769E-01  9.49189290E-02  7.53744738E-04
3.56817445E-01  9.57021788E-02  7.63608434E-04
3.57064121E-01  9.25780758E-02  7.48092250E-04
3.57310798E-01  1.00420572E-01  7.72848201E-04
3.57557474E-01  8.93360153E-02  7.49307452E-04
3.57804151E-01  9.43730250E-02  7.56190857E-04
3.58050827E-01  9.69173238E-02  7.60421797E-04
3.58297503E-01  9.48210433E-02  7.65059551E-04
3.58544180E-01  9.03254375E-02  7.34362693E-04
3.58790856E-01  9.58768204E-02  7.75031920E-04
3.59037533E-01  9.55464989E-02  7.54736189E-04
3.59284209E-01  9.49969292E-02  7.59149319E-04
3.59530886E-01  9.50965807E-02  7.60411902E-04
3.59777562E-01  9.94888470E-02  7.60101306E-04
3.60024238E-01  9.25233588E-02  7.50463165E-04
3.60270915E-01  9.34145972E-02  7.51860731E-04
3.60517591E-01  9.59204733E-02  7.46966864E-04
3.60764268E-01  9.60444137E-02  7.55715184E-04
3.61010944E-01  9.55642462E-02  7.71409424E-04
3.61257621E-01  9.86370295E-02  7.69152073E-04
3.61504297E-01  9.52098966E-02  7.40626478E-04
3.61750973E-01  9.25981402E-02  7.38676870E-04
3.61997650E-01  9.11816582E-02  7.52686989E-04
3.62244326E-01  9.20900404E-02  7.36358052E-04
3.62491003E-01  9.64841619E-02  7.58511189E-04
3.62737679E-01  9.43948179E-02  7.54663546E-04
3.62984356E-01  9.47258100E-02  7.64504890E-04
3.63231032E-01  9.34433416E-02  7.52627209E-04
3.63477708E-01  9.26469192E-02  7.41082535E-04
3.63724385E-01  9.40636173E-02  7.56802852E-04
3.63971061E-01  9.38019753E-02  7.69791601E-04
3.64217738E-01  9.45443138E-02  7.62220763E-04
3.64464414E-01  8.87343213E-02  7.39108946E-04
3.64711090E-01  9.42122191E-02  7.53321976E-04
3.64957767E-01  9.50293317E-02  7.71389285E-04
3.65204443E-01  9.36400294E-02  7.52111431E-04
3.65451120E-01  9.48335156E-02  7.58768059E-04
3.65697796E-01  9.20400247E-02  7.68137106E-04
3.65944473E-01  9.71503928E-02  7.60593219E-04
3.66191149E-01  9.03722569E-02  7.31015170E-04
3.66437825E-01  9.43394005E-02  7.78637012E-04
3.66684502E-01  9.44188535E-02  7.51290878E-04
3.66931178E-01  9.04556811E-02  7.28630752E-04
3.67177855E-01  9.12608802E-02  7.26751634E-04
3.67424531E-01  9.11985040E-02  7.49665953E-04
3.67671208E-01  8.88392553E-02  7.37687107E-04
3.67917884E-01  9.04560387E-02  7.45949335E-04
3.68164560E-01  9.56731439E-02  7.99760572E-04
3.68411237E-01  9.64929909E-02  7.57126021E-04
3.68657913E-01  8.91930088E-02  7.37779774E-04
3.68904590E-01  9.63425785E-02  7.61347997E-04
3.69151266E-01  9.45021883E-02  7.57368456E-04
3.69397943E-01  9.21458229E-02  7.05070328E-04
3.69644619E-01  9.74468216E-02  7.81734358E-04
3.69891295E-01  8.92726853E-02  7.41276890E-04
3.70137972E-01  9.52468589E-02  7.75422435E-04
3.70384648E-01  9.05324593E-02  7.48636900E-04
3.70631325E-01  9.48510095E-02  7.58838083E-04
3.70878001E-01  9.60338712E-02  7.55504763E-04
3.71124677E-01  9.28294584E-02  7.68007187E-04
3.71371354E-01  9.97631401E-02  7.65696866E-04
3.71618030E-01  8.87507126E-02  7.21355609E-04
3.71864707E-01  9.50658768E-02  7.58922251E-04
3.72111383E-01  9.16425586E-02  7.47659011E-04
3.72358060E-01  9.09713283E-02  7.51482614E-04
3.72604736E-01  9.12202969E-02  7.36658636E-04
3.72851412E-01  9.33805704E-02  7.36606773E-04
3.73098089E-01  9.32395905E-02  7.71540741E-04
3.73344765E-01  9.23758671E-02  7.73000065E-04
3.73591442E-01  9.18086991E-02  7.30457541E-04
3.73838118E-01  9.22712535E-02  7.45324360E-04
3.74084795E-01  9.47654322E-02  7.17991090E-04
3.74331471E-01  9.18088406E-02  7.19973817E-04
3.74578147E-01  9.12897512E-02  7.53594039E-04
3.74824824E-01  9.35897306E-02  7.36740243E-04
3.75071500E-01  9.65149850E-02  7.80797098E-04
3.75318177E-01  9.36017334E-02  7.70662562E-04
3.75564853E-01  8.96094516E-02  7.57534348E-04
3.75811529E-01  9.21182632E-02  7.52434076E-04
3.76058206E-01  9.71231014E-02  7.66425801E-04
3.76304882E-01  9.55927819E-02  7.51769170E-04
3.76551559E-01  9.14223418E-02  7.56121415E-04
3.76798235E-01  9.14966539E-02  7.53534085E-04
3.77044912E-01  9.40094218E-02  7.43795594E-04
3.77291588E-01  9.12175253E-02  7.42518983E-04
3.77538264E-01  9.37328488E-02  7.40909192E-04
3.77784941E-01  9.22504440E-02  7.39138748E-04
3.78031617E-01  9.10780728E-02  7.29257124E-04
3.78278294E-01  9.08036456E-02  7.40495685E-04
3.78524970E-01  9.00216773E-02  7.15628383E-04
3.78771647E-01  9.06117484E-02  7.23237230E-04
3.79018323E-01  8.80041346E-02  7.23348872E-04
3.79264999E-01  9.28640589E-02  7.42857461E-04
3.79511676E-01  9.06181335E-02  7.36648508E-04
3.79758352E-01  9.34398621E-02  7.48742605E-04
3.80005029E-01  8.99354592E-02  7.34442845E-04
3.80251705E-01  9.40630436E-02  7.41476484E-04
3.80498382E-01  9.37631577E-02  7.60123599E-04
3.80745058E-01  9.08995494E-02  7.56903843E-04
3.80991734E-01  9.37357843E-02  7.59196642E-04
3.81238411E-01  9.44670513E-02  7.97140528E-04
3.81485087E-01  9.26558524E-02  7.79498485E-04
3.81731764E-01  9.38687399E-02  7.89599610E-04
3.81978440E-01  9.24885124E-02  8.06337805E-04
3.82225116E-01  9.80693921E-02  8.15157662E-04
3.82471793E-01  9.32882428E-02  8.00852955E-04
3.82718469E-01  9.40968394E-02  7.88297388E-04
3.82965146E-01  9.20776799E-02  8.07779783E-04
3.83211822E-01  9.35901180E-02  8.14413128E-04
3.83458499E-01  9.27709639E-02  8.26000178E-04
3.83705175E-01  9.75605622E-02  8.32483987E-04
3.83951851E-01  9.21165943E-02  8.20687041E-04
3.84198528E-01  9.41936523E-02  8.22806673E-04
3.84445204E-01  9.38505381E-02  8.26266012E-04
3.84691881E-01  9.47852060E-02  8.47775722E-04
3.84938557E-01  9.28425044E-02  8.32817925E-04
3.85185234E-01  9.48596671E-02  8.53436650E-04
3.85431910E-01  9.32254121E-02  8.42971203E-04
3.85678586E-01  9.18432996E-02  8.33557860E-04
3.85925263E-01  9.45679769E-02  8.62697954E-04
3.86171939E-01  9.59675312E-02  8.54004174E-04
3.86418616E-01  9.78765115E-02  9.33747040E-04
3.86665292E-01  8.94608647E-02  8.49287200E-04
3.86911968E-01  9.56691056E-02  8.68204457E-04
3.87158645E-01  9.04906616E-02  8.49393895E-04
3.87405321E-01  9.58307534E-02  8.88622482E-04
3.87651998E-01  9.14790034E-02  8.74171616E-04
3.87898674E-01  9.43184644E-02  8.69031122E-04
3.88145351E-01  9.33742821E-02  8.59986176E-04
3.88392027E-01  9.07175541E-02  8.79097788E-04
3.88638703E-01  9.46208984E-02  8.86667869E-04
3.88885380E-01  9.19153020E-02  8.64620961E-04
3.89132056E-01  9.45363641E-02  9.25514789E-04
3.89378733E-01  9.70376134E-02  9.06714820E-04
3.89625409E-01  9.43402275E-02  9.14724427E-04
3.89872086E-01  9.51582566E-02  8.98864178E-04
3.90118762E-01  9.50259343E-02  8.72231205E-04
3.90365438E-01  8.96338522E-02  8.39484332E-04
3.90612115E-01  9.48232636E-02  8.46206036E-04
3.90858791E-01  9.26890969E-02  8.45741481E-04
3.91105468E-01  9.82730091E-02  8.79307045E-04
3.91352144E-01  8.88811275E-02  8.12507467E-04
3.91598821E-01  9.70531106E-02  8.85462388E-04
3.91845497E-01  9.39915925E-02  8.24762625E-04
3.92092173E-01  9.20440927E-02  8.30485777E-04
3.92338850E-01  9.73943174E-02  8.55425373E-04
3.92585526E-01  9.93693545E-02  8.80535517E-04
3.92832203E-01  9.47015136E-02  8.60165514E-04
3.93078879E-01  9.67881307E-02  8.53001897E-04
3.93325555E-01  9.44775715E-02  8.24541785E-04
3.93572232E-01  9.37544107E-02  8.29617900E-04
3.93818908E-01  9.34786797E-02  8.44214810E-04
3.94065585E-01  9.77825075E-02  8.33654834E-04
3.94312261E-01  9.25218612E-02  8.14993167E-04
3.94558938E-01  9.20752436E-02  8.48399184E-04
3.94805614E-01  9.67922509E-02  8.43381044E-04
3.95052290E-01  9.51956362E-02  8.17064545E-04
3.95298967E-01  9.74347070E-02  8.39981774E-04
3.95545643E-01  8.78088325E-02  7.91742757E-04
3.95792320E-01  9.46505293E-02  8.28081334E-04
3.96038996E-01  9.17305052E-02  8.04051117E-04
3.96285673E-01  9.72594097E-02  8.19340348E-04
3.96532349E-01  9.19575095E-02  8.14513071E-04
3.96779025E-01  9.46582928E-02  8.06144730E-04
3.97025702E-01  9.57182124E-02  8.29074532E-04
3.97272378E-01  9.83900428E-02  8.37805565E-04
3.97519055E-01  9.30229574E-02  8.02742317E-04
3.97765731E-01  9.48465839E-02  7.81602284E-04
3.98012407E-01  9.42135677E-02  8.07101431E-04
3.98259084E-01  9.32025984E-02  7.87305005E-04
3.98505760E-01  9.66636017E-02  8.45922914E-04
3.98752437E-01  8.79145414E-02  7.88359495E-04
3.98999113E-01  9.09177810E-02  8.06654803E-04
3.99245790E-01  9.54292715E-02  8.20548856E-04
3.99492466E-01  9.28812250E-02  8.23712151E-04
3.99739142E-01  9.20940861E-02  8.11333884E-04
3.99985819E-01  9.28900838E-02  7.93806859E-04
4.00232495E-01  9.40382406E-02  8.14085884E-04
4.00479172E-01  9.28175896E-02  7.85924844E-04
4.00725848E-01  9.62916464E-02  8.18634697E-04
4.00972525E-01  9.05225277E-02  7.73405365E-04
4.01219201E-01  9.57316756E-02  8.22381873E-04
4.01465877E-01  9.52115655E-02  8.11348262E-04
4.01712554E-01  9.74316597E-02  8.24493589E-04
4.01959230E-01  9.17447284E-02  7.97238899E-04
4.02205907E-01  9.62576568E-02  8.07241886E-04
4.02452583E-01  9.43304077E-02  8.14889499E-04
4.02699260E-01  8.93297717E-02  7.64440687E-04
4.02945936E-01  9.30485651E-02  8.38077627E-04
4.03192612E-01  9.40585583E-02  8.11042963E-04
4.03439289E-01  9.51706320E-02  8.03070317E-04
4.03685965E-01  9.19381380E-02  8.04630108E-04
4.03932642E-01  9.48314890E-02  7.87377823E-04
4.04179318E-01  9.53351706E-02  7.92023086E-04
4.04425994E-01  8.92990604E-02  8.09597550E-04
4.04672671E-01  9.66587514E-02  8.07543111E-04
4.04919347E-01  9.67714190E-02  8.17342137E-04
4.05166024E-01  9.34634432E-02  7.98432331E-04
4.05412700E-01  9.82762873E-02  8.29446421E-04
4.05659377E-01  9.60437655E-02  7.88517937E-04
4.05906053E-01  9.51855406E-02  7.84976932E-04
4.06152729E-01  9.58333835E-02  8.13987572E-04
4.06399406E-01  9.47801098E-02  8.02548253E-04
4.06646082E-01  9.55555290E-02  7.83634663E-04
4.06892759E-01  9.49666649E-02  7.94112566E-04
4.07139435E-01  9.72940400E-02  8.25355819E-04
4.07386112E-01  9.35465619E-02  7.98939611E-04
4.07632788E-01  9.69019532E-02  8.06524477E-04
4.07879464E-01  9.71328095E-02  8.19274341E-04
4.08126141E-01  9.23173875E-02  7.70019658E-04
4.08372817E-01  1.00825489E-01  8.32193356E-04
4.08619494E-01  9.78287533E-02  8.22188566E-04
4.08866170E-01  9.80055034E-02  7.96772365E-04
4.09112847E-01  9.31554362E-02  7.83447351E-04
4.09359523E-01  9.23256129E-02  8.10067751E-04
4.09606199E-01  9.58932340E-02  8.08903307E-04
4.09852876E-01  9.83799174E-02  7.94508669E-04
4.10099552E-01  9.42255408E-02  8.15276697E-04
4.10346229E-01  9.61878672E-02  8.16896150E-04
4.10592905E-01  9.98496264E-02  8.01239628E-04
4.10839581E-01  9.27554443E-02  7.76680128E-04
4.11086258E-01  9.05554667E-02  7.84707838E-04
4.11332934E-01  9.79851931E-02  7.97398156E-04
4.11579611E-01  9.53672081E-02  8.41524685E-04
4.11826287E-01  9.64021161E-02  8.05070740E-04
4.12072964E-01  9.92171764E-02  8.07401841E-04
4.12319640E-01  9.32939425E-02  8.04434647E-04
4.12566316E-01  9.46417674E-02  7.99034431E-04
4.12812993E-01  9.14016813E-02  7.85087119E-04
4.13059669E-01  9.16450396E-02  8.05593096E-04
4.13306346E-01  9.60129425E-02  8.19524634E-04
4.13553022E-01  9.30950642E-02  7.99921516E-04
4.13799699E-01  9.87926424E-02  8.19098146E-04
4.14046375E-01  9.79268923E-02  8.15041771E-04
4.14293051E-01  9.03321654E-02  7.77860230E-04
4.14539728E-01  9.32147130E-02  7.90705613E-04
4.14786404E-01  9.35190096E-02  8.01240618E-04
4.15033081E-01  9.74562317E-02  8.16019136E-04
4.15279757E-01  9.75811854E-02  8.31417157E-04
4.15526433E-01  9.51760858E-02  7.85510580E-04
4.15773110E-01  9.28218439E-02  7.90147402E-04
4.16019786E-01  9.24238637E-02  7.93561630E-04
4.16266463E-01  9.42219645E-02  8.16967164E-04
4.16513139E-01  9.65674743E-02  8.45494040E-04
4.16759816E-01  9.65967700E-02  8.02368915E-04
4.17006492E-01  9.78505462E-02  8.20441812E-04
4.17253168E-01  9.40954313E-02  7.91347469E-04
4.17499845E-01  9.63606462E-02  8.10265017E-04
4.17746521E-01  9.60185602E-02  8.20133660E-04
4.17993198E-01  9.62155238E-02  8.40340625E-04
4.18239874E-01  9.93807241E-02  8.30190838E-04
4.18486551E-01  9.57802534E-02  8.28458287E-04
4.18733227E-01  9.41808894E-02  7.74541753E-04
4.18979903E-01  9.52636674E-02  7.89115671E-04
4.19226580E-01  9.42764208E-02  8.03360075E-04
4.19473256E-01  9.20080245E-02  8.00349051E-04
4.19719933E-01  9.85661298E-02  7.94848951E-04
4.19966609E-01  9.43225697E-02  7.64808326E-04
4.20213286E-01  9.15639773E-02  7.86795805E-04
4.20459962E-01  9.39330235E-02  8.06094788E-04
4.20706638E-01  9.76647660E-02  7.94569845E-04
4.20953315E-01  9.81190950E-02  8.02318798E-04
4.21199991E-01  9.52751786E-02  7.89411424E-04
4.21446668E-01  9.62974578E-02  7.84099568E-04
4.21693344E-01  9.60927978E-02  8.01297661E-04
4.21940020E-01  9.63232592E-02  7.94851105E-04
4.22186697E-01  9.37867761E-02  8.12744081E-04
4.22433373E-01  9.68919992E-02  8.14044673E-04
4.22680050E-01  9.81515124E-02  8.14326399E-04
4.22926726E-01  9.78832170E-02  8.05426505E-04
4.23173403E-01  9.73162726E-02  7.96877721E-04
4.23420079E-01  9.63969231E-02  8.23775423E-04
4.23666755E-01  9.71268266E-02  8.23940034E-04
4.23913432E-01  9.69509929E-02  7.91649509E-04
4.24160108E-01  9.44341794E-02  8.03320552E-04
4.24406785E-01  9.92089286E-02  8.30950856E-04
4.24653461E-01  9.57410038E-02  7.88638194E-04
4.24900138E-01  9.74805355E-02  8.02965718E-04
4.25146814E-01  9.75042656E-02  7.99912377E-04
4.25393490E-01  9.33851898E-02  7.93992658E-04
4.25640167E-01  9.82970893E-02  8.15276988E-04
4.25886843E-01  9.59310159E-02  7.96298846E-04
4.26133520E-01  9.64241102E-02  8.09502089E-04
4.26380196E-01  9.75030959E-02  8.25689815E-04
4.26626872E-01  9.83134881E-02  7.90561258E-04
4.26873549E-01  9.92775261E-02  8.02197203E-04
4.27120225E-01  9.58781838E-02  7.83730648E-04
4.27366902E-01  9.96779352E-02  8.12773709E-04
4.27613578E-01  9.97975096E-02  8.20822199E-04
4.27860255E-01  9.55948755E-02  8.14705447E-04
4.28106931E-01  9.74011049E-02  8.10708967E-04
4.28353607E-01  9.46996436E-02  8.10894009E-04
4.28600284E-01  9.96202603E-02  8.19393026E-04
4.28846960E-01  9.91901010E-02  7.98926048E-04
4.29093637E-01  9.88921747E-02  8.24005925E-04
4.29340313E-01  9.79656503E-02  7.95233529E-04
4.29586990E-01  1.01653054E-01  8.27660318E-04
4.29833666E-01  9.75397527E-02  8.05724703E-04
4.30080342E-01  9.83988419E-02  8.00928625E-04
4.30327019E-01  9.58434641E-02  8.04677606E-04
4.30573695E-01  9.86287370E-02  8.18134635E-04
4.30820372E-01  1.02531552E-01  8.40179098E-04
4.31067048E-01  9.93863866E-02  7.84198346E-04
4.31313725E-01  9.68408361E-02  8.07001488E-04
4.31560401E-01  9.77644026E-02  7.93767802E-04
4.31807077E-01  9.39866975E-02  7.72921368E-04
4.32053754E-01  9.79954973E-02  7.91305094E-04
4.32300430E-01  9.68752131E-02  8.04794370E-04
4.32547107E-01  1.00555733E-01  8.31532292E-04
4.32793783E-01  1.00379929E-01  8.13403167E-04
4.33040459E-01  9.56239328E-02  8.00093461E-04
4.33287136E-01  9.42911953E-02  7.84597243E-04
4.33533812E-01  9.70396623E-02  8.18971428E-04
4.33780489E-01  9.59216729E-02  8.02919792E-04
4.34027165E-01  1.00709155E-01  8.34504783E-04
4.34273842E-01  1.02848426E-01  8.05400836E-04
4.34520518E-01  9.78709012E-02  8.21435417E-04
4.34767194E-01  9.67261642E-02  8.10023688E-04
4.35013871E-01  9.97293591E-02  7.98216497E-04
4.35260547E-01  9.98354033E-02  8.01091024E-04
4.35507224E-01  9.80086848E-02  8.23126058E-04
4.35753900E-01  9.58045572E-02  8.07102188E-04
4.36000577E-01  9.83614400E-02  8.36515450E-04
4.36247253E-01  9.93980318E-02  8.17622349E-04
4.36493929E-01  9.78585705E-02  8.20087153E-04
4.36740606E-01  9.95242447E-02  8.48490919E-04
4.36987282E-01  1.00064658E-01  8.17299064E-04
4.37233959E-01  9.51066911E-02  8.04764219E-04
4.37480635E-01  1.00190111E-01  8.22750852E-04
4.37727311E-01  9.87087414E-02  8.15543637E-04
4.37973988E-01  1.01319008E-01  8.18910019E-04
4.38220664E-01  9.81052294E-02  8.07518780E-04
4.38467341E-01  1.00809596E-01  8.19848094E-04
4.38714017E-01  9.59680825E-02  7.98743393E-04
4.38960694E-01  1.01548858E-01  8.07360164E-04
4.39207370E-01  1.00551866E-01  8.09203601E-04
4.39454046E-01  9.91798267E-02  8.23222217E-04
4.39700723E-01  9.71266180E-02  8.33509432E-04
4.39947399E-01  1.01857543E-01  8.34494072E-04
4.40194076E-01  9.69586521E-02  7.90350081E-04
4.40440752E-01  9.64137241E-02  8.00245150E-04
4.40687429E-01  1.01597942E-01  8.23436480E-04
4.40934105E-01  1.02443069E-01  8.31093465E-04
4.41180781E-01  9.91875455E-02  8.12963175E-04
4.41427458E-01  1.00617297E-01  8.20196758E-04
4.41674134E-01  1.01142548E-01  8.30283854E-04
4.41920811E-01  1.00682057E-01  8.38395674E-04
4.42167487E-01  1.01605944E-01  8.00432579E-04
4.42414164E-01  1.01861648E-01  8.22216563E-04
4.42660840E-01  1.06366858E-01  8.32945167E-04
4.42907516E-01  1.03462443E-01  7.98851019E-04
4.43154193E-01  9.79339331E-02  8.16420128E-04
4.43400869E-01  1.01296358E-01  8.14807077E-04
4.43647546E-01  9.88176987E-02  8.13540712E-04
4.43894222E-01  1.00102425E-01  8.16493644E-04
4.44140898E-01  9.86197963E-02  7.84475938E-04
4.44387575E-01  1.02135867E-01  8.23842071E-04
4.44634251E-01  9.93342698E-02  7.96209613E-04
4.44880928E-01  9.90527719E-02  8.32347840E-04
4.45127604E-01  1.01845734E-01  8.14738800E-04
4.45374281E-01  9.82481688E-02  8.23590730E-04
4.45620957E-01  1.00076616E-01  8.11562524E-04
4.45867633E-01  1.00503266E-01  8.13226681E-04
4.46114310E-01  1.06516562E-01  8.31358077E-04
4.46360986E-01  1.02178641E-01  8.53698002E-04
4.46607663E-01  1.04383789E-01  8.54459067E-04
4.46854339E-01  1.00935347E-01  8.48600757E-04
4.47101016E-01  1.01691477E-01  8.04249139E-04
4.47347692E-01  9.82937664E-02  8.11795297E-04
4.47594368E-01  9.91542414E-02  8.21952766E-04
4.47841045E-01  9.72438604E-02  8.13606428E-04
4.48087721E-01  1.01466253E-01  8.14952538E-04
4.48334398E-01  9.63258892E-02  7.98752822E-04
4.48581074E-01  9.97036248E-02  8.11628764E-04
4.48827751E-01  1.08135544E-01  8.63097550E-04
4.49074427E-01  1.03941046E-01  8.40907393E-04
4.49321103E-01  9.78168696E-02  8.19178415E-04
4.49567780E-01  1.03685319E-01  8.47189687E-04
4.49814456E-01  1.00111037E-01  8.21888912E-04
4.50061133E-01  1.00841068E-01  8.26171483E-04
4.50307809E-01  9.92905051E-02  8.29552358E-04
4.50554485E-01  9.82214287E-02  7.94139050E-04
4.50801162E-01  1.04388878E-01  8.47692601E-04
4.51047838E-01  1.00085221E-01  8.26494186E-04
4.51294515E-01  9.80339497E-02  7.99825008E-04
4.51541191E-01  1.00434430E-01  8.18758213E-04
4.51787868E-01  9.90810320E-02  8.22347763E-04
4.52034544E-01  1.04713470E-01  8.39204877E-04
4.52281220E-01  1.00183249E-01  8.26900068E-04
4.52527897E-01  1.01306029E-01  8.22280417E-04
4.52774573E-01  1.02665760E-01  8.23715643E-04
4.53021250E-01  1.00787848E-01  7.98719295E-04
4.53267926E-01  1.03139393E-01  8.04573356E-04
4.53514603E-01  1.01661555E-01  8.14184779E-04
4.53761279E-01  9.93717611E-02  7.99410045E-04
4.54007955E-01  1.01733141E-01  7.78291142E-04
4.54254632E-01  1.00810468E-01  8.10977072E-04
4.54501308E-01  1.04156755E-01  8.19152337E-04
4.54747985E-01  1.00673959E-01  8.16185959E-04
4.54994661E-01  1.04555860E-01  8.18763627E-04
4.55241337E-01  1.05543680E-01  8.36760970E-04
4.55488014E-01  1.02380149E-01  8.04378709E-04
4.55734690E-01  1.04403704E-01  8.30518722E-04
4.55981367E-01  1.02198504E-01  8.06538505E-04
4.56228043E-01  1.01779468E-01  8.31339916E-04
4.56474720E-01  1.04476154E-01  8.15566280E-04
4.56721396E-01  9.98125076E-02  8.05787568E-04
4.56968072E-01  1.03196040E-01  8.24864954E-04
4.57214749E-01  1.00384906E-01  8.07281991E-04
4.57461425E-01  9.73578840E-02  7.98768364E-04
4.57708102E-01  1.02670193E-01  8.28980294E-04
4.57954778E-01  1.05103992E-01  8.32704769E-04
4.58201455E-01  1.00867577E-01  7.93799467E-04


### HEADER:
#
#{
#    "analysis": {},
#    "calibration_params": {
#        "Beam_Center_X": 1092.0,
#        "Beam_Center_Y": 2091.0,
#        "Detector Tilt": 0.0,
#        "Detector Tilt Plane Rotation": 0.0,
#        "Detector_X_Pixel_Size": 75.0,
#        "Detector_Y_Pixel_Size": 75.0,
#        "Integration Method": "nosplit_csr",
#        "Radial_Average_Method": "pyFAI",
#        "Sample-to-detector distance (mm)": 1731.0,
#        "Wavelength (A)": 1.0993212460550197
#    },
#    "config_file": "/mnt/home/chess_id7a/.RAW/backup.cfg",
#    "counters": {
#        "Epoch": "16.122",
#        "I1": "0",
#        "I2": "0",
#        "I3": "0",
#        "Seconds": "0.5",
#        "Time": "1.50204e-05",
#        "date": "Sat May 18 10:45:34 2024",
#        "diode": "14305"
#    },
#    "filename": "D1M0014_85C_150MPa_dn_3_data_000001_00001.h5",
#    "history": {},
#    "imageHeader": {},
#    "load_path": "/nfs/chess/daq/current/id7a/Budin_05_16_24/D1M0014/D1M0014_85C_150MPa_dn_3_data_000001.h5",
#    "normalizations": {
#        "Absolute_scale": {
#            "Absolute_scale_factor": 0.01111656324368444,
#            "Method": "Water"
#        },
#        "Counter_norms": [
#            [
#                "/",
#                "diode/150000"
#            ]
#        ],
#        "Polarization": {
#            "Used": false
#        },
#        "Solid_Angle_Correction": "On"
#    },
#    "raw_version": "2.1.4"
#}

