### DATA:
#
# 1823
#      Q             I(Q)           Error     
8.75701299E-03  6.03889721E-03  2.29901611E-03
9.00368942E-03  3.01944911E-02  5.09893848E-03
9.25036584E-03  3.26426998E-02  4.55936976E-03
9.49704226E-03  5.28403781E-02  4.88594221E-03
9.74371868E-03  3.43119428E-02  3.70601704E-03
9.99039511E-03  8.15251917E-02  8.49426165E-03
1.02370715E-02  8.23486969E-02  7.81113654E-03
1.04837480E-02  1.16323188E-01  8.09084717E-03
1.07304244E-02  1.46022767E-01  1.34608708E-02
1.09771008E-02  1.62767470E-01  1.42764943E-02
1.12237772E-02  2.14664385E-01  1.72844082E-02
1.14704536E-02  2.41943583E-01  2.09321808E-02
1.17171301E-02  4.00497407E-01  3.12195066E-02
1.19638065E-02  5.07817864E-01  4.12361398E-02
1.22104829E-02  7.14952230E-01  5.82873747E-02
1.24571593E-02  1.89286957E+01  2.51340222E+00
1.27038358E-02  5.88502045E+01  7.65890789E+00
1.29505122E-02  2.21141769E+02  2.72100296E+01
1.31971886E-02  1.83105209E+02  1.95602856E+01
1.34438650E-02  1.67760132E+02  1.71271629E+01
1.36905414E-02  1.42458298E+02  1.41982803E+01
1.39372179E-02  1.07367584E+02  1.02902994E+01
1.41838943E-02  9.44483032E+01  8.51033020E+00
1.44305707E-02  7.27148514E+01  6.31628895E+00
1.46772471E-02  6.06379395E+01  4.87912893E+00
1.49239236E-02  5.25947189E+01  4.04228640E+00
1.51706000E-02  4.08174248E+01  2.94606185E+00
1.54172764E-02  3.66968040E+01  2.56334853E+00
1.56639528E-02  3.00157871E+01  1.94793642E+00
1.59106292E-02  2.76713123E+01  1.76304698E+00
1.61573057E-02  2.55863304E+01  1.55934072E+00
1.64039821E-02  2.01681252E+01  1.19359624E+00
1.66506585E-02  1.97111416E+01  1.08637643E+00
1.68973349E-02  1.52025480E+01  7.70150840E-01
1.71440114E-02  1.53346376E+01  7.31859624E-01
1.73906878E-02  1.35780220E+01  5.89182377E-01
1.76373642E-02  1.24380245E+01  5.36117256E-01
1.78840406E-02  1.12383385E+01  4.42964613E-01
1.81307170E-02  9.81136036E+00  3.54349345E-01
1.83773935E-02  9.44901752E+00  3.57403070E-01
1.86240699E-02  8.23008537E+00  2.93630689E-01
1.88707463E-02  7.72812271E+00  2.68737435E-01
1.91174227E-02  6.85009432E+00  2.20763624E-01
1.93640992E-02  6.23360920E+00  2.02586964E-01
1.96107756E-02  6.05821466E+00  1.97952628E-01
1.98574520E-02  5.41700554E+00  1.64885983E-01
2.01041284E-02  4.86789131E+00  1.42073438E-01
2.03508048E-02  4.17134809E+00  1.22442223E-01
2.05974813E-02  3.73294044E+00  1.08856104E-01
2.08441577E-02  3.49906540E+00  9.77126360E-02
2.10908341E-02  3.20603466E+00  8.69426206E-02
2.13375105E-02  3.07168984E+00  7.88997561E-02
2.15841870E-02  2.86555529E+00  7.16703534E-02
2.18308634E-02  2.69839120E+00  6.43604919E-02
2.20775398E-02  2.57215047E+00  5.83798550E-02
2.23242162E-02  2.37603951E+00  5.23176715E-02
2.25708926E-02  2.35018396E+00  5.20783104E-02
2.28175691E-02  2.18164945E+00  4.81390655E-02
2.30642455E-02  2.09503770E+00  4.17454317E-02
2.33109219E-02  2.04773307E+00  4.12587151E-02
2.35575983E-02  1.87933838E+00  3.63097079E-02
2.38042748E-02  1.78047347E+00  3.45088281E-02
2.40509512E-02  1.65369225E+00  3.10599599E-02
2.42976276E-02  1.58461344E+00  2.92432830E-02
2.45443040E-02  1.51545787E+00  2.70730183E-02
2.47909804E-02  1.48106027E+00  2.57951729E-02
2.50376569E-02  1.39633262E+00  2.38279160E-02
2.52843333E-02  1.39760935E+00  2.33259872E-02
2.55310097E-02  1.30976939E+00  2.09500249E-02
2.57776861E-02  1.26514482E+00  1.97154768E-02
2.60243626E-02  1.24500442E+00  1.94000099E-02
2.62710390E-02  1.21611702E+00  1.93514712E-02
2.65177154E-02  1.17171848E+00  1.75217204E-02
2.67643918E-02  1.13484263E+00  1.78755093E-02
2.70110682E-02  1.04408002E+00  1.61317028E-02
2.72577447E-02  1.09004021E+00  1.60697959E-02
2.75044211E-02  1.01314533E+00  1.56282987E-02
2.77510975E-02  1.02098763E+00  1.49250478E-02
2.79977739E-02  1.00330079E+00  1.52198747E-02
2.82444504E-02  9.60044622E-01  1.38915759E-02
2.84911268E-02  9.24864531E-01  1.33706275E-02
2.87378032E-02  8.91874194E-01  1.19775617E-02
2.89844796E-02  9.04641330E-01  1.16952676E-02
2.92311561E-02  8.78446400E-01  1.15358513E-02
2.94778325E-02  8.18393648E-01  1.04850279E-02
2.97245089E-02  8.33661199E-01  1.07929800E-02
2.99711853E-02  7.88002491E-01  1.02854669E-02
3.02178617E-02  8.24267745E-01  1.08687785E-02
3.04645382E-02  7.95845211E-01  9.78373550E-03
3.07112146E-02  7.67671764E-01  1.00894272E-02
3.09578910E-02  7.65989721E-01  8.89943447E-03
3.12045674E-02  7.71347821E-01  8.76552518E-03
3.14512439E-02  7.63001859E-01  9.46172699E-03
3.16979203E-02  7.69495666E-01  9.09548253E-03
3.19445967E-02  7.52139688E-01  9.98158101E-03
3.21912731E-02  7.62680650E-01  1.01005454E-02
3.24379495E-02  7.58510470E-01  1.21024959E-02
3.26846260E-02  7.78563440E-01  1.49654597E-02
3.29313024E-02  7.19993174E-01  1.37267774E-02
3.31779788E-02  6.97086632E-01  1.11453533E-02
3.34246552E-02  6.75633848E-01  8.37652571E-03
3.36713317E-02  6.67754292E-01  7.46094435E-03
3.39180081E-02  6.40819848E-01  6.79844106E-03
3.41646845E-02  6.36479080E-01  6.77168742E-03
3.44113609E-02  6.63651526E-01  8.96297209E-03
3.46580373E-02  6.71081007E-01  9.29187983E-03
3.49047138E-02  6.71558499E-01  1.12174777E-02
3.51513902E-02  7.39212632E-01  1.63184311E-02
3.53980666E-02  7.46021628E-01  1.82447303E-02
3.56447430E-02  6.62358820E-01  9.78535507E-03
3.58914195E-02  6.17394626E-01  6.54993812E-03
3.61380959E-02  6.09863997E-01  6.26606680E-03
3.63847723E-02  5.89807153E-01  6.02493389E-03
3.66314487E-02  5.90632379E-01  6.47324370E-03
3.68781251E-02  5.88289678E-01  7.78261060E-03
3.71248016E-02  5.76982915E-01  6.22690236E-03
3.73714780E-02  5.41559100E-01  5.46061434E-03
3.76181544E-02  5.59748828E-01  5.73928794E-03
3.78648308E-02  5.51119685E-01  5.61246648E-03
3.81115073E-02  5.45013845E-01  5.25307376E-03
3.83581837E-02  5.20997941E-01  5.24209347E-03
3.86048601E-02  5.48146129E-01  5.59673924E-03
3.88515365E-02  5.69309235E-01  6.21981639E-03
3.90982129E-02  5.60688555E-01  5.64427394E-03
3.93448894E-02  5.40607572E-01  5.64582366E-03
3.95915658E-02  5.29707432E-01  5.63328294E-03
3.98382422E-02  5.37933052E-01  5.45385852E-03
4.00849186E-02  5.24055660E-01  5.12179919E-03
4.03315951E-02  5.36726713E-01  5.24224201E-03
4.05782715E-02  5.08919775E-01  4.99780942E-03
4.08249479E-02  5.12338638E-01  4.88856109E-03
4.10716243E-02  5.10212660E-01  5.19664865E-03
4.13183007E-02  5.18085897E-01  5.24599897E-03
4.15649772E-02  5.15388548E-01  4.98687522E-03
4.18116536E-02  5.07157028E-01  5.07518789E-03
4.20583300E-02  5.03280520E-01  4.98158438E-03
4.23050064E-02  5.08038700E-01  4.93790023E-03
4.25516829E-02  5.07856727E-01  5.10213198E-03
4.27983593E-02  4.81897861E-01  5.05422195E-03
4.30450357E-02  5.04720390E-01  5.07158553E-03
4.32917121E-02  5.28669775E-01  6.79886108E-03
4.35383885E-02  5.17508209E-01  5.96529525E-03
4.37850650E-02  5.39045453E-01  5.95493615E-03
4.40317414E-02  5.09234250E-01  5.08139608E-03
4.42784178E-02  5.14949024E-01  5.04928129E-03
4.45250942E-02  5.12961209E-01  5.66833140E-03
4.47717707E-02  5.35504639E-01  9.93411243E-03
4.50184471E-02  6.00837052E-01  1.45882219E-02
4.52651235E-02  6.85389161E-01  2.32666451E-02
4.55117999E-02  7.03745842E-01  2.66793631E-02
4.57584764E-02  8.15410554E-01  3.37742120E-02
4.60051528E-02  7.26094961E-01  2.51696985E-02
4.62518292E-02  6.20746493E-01  1.30074127E-02
4.64985056E-02  5.71448982E-01  8.63647182E-03
4.67451820E-02  5.19788027E-01  7.78263388E-03
4.69918585E-02  4.92098778E-01  4.85331239E-03
4.72385349E-02  4.72812980E-01  4.47038328E-03
4.74852113E-02  4.39707130E-01  4.52146074E-03
4.77318877E-02  4.63551790E-01  4.36520809E-03
4.79785642E-02  4.27461565E-01  3.94540373E-03
4.82252406E-02  4.66562957E-01  4.36265906E-03
4.84719170E-02  4.39595789E-01  4.11670702E-03
4.87185934E-02  4.49072510E-01  3.99661064E-03
4.89652698E-02  4.35658544E-01  4.17488348E-03
4.92119463E-02  4.45305705E-01  4.31040255E-03
4.94586227E-02  4.37043399E-01  3.92538402E-03
4.97052991E-02  4.41862047E-01  3.98491928E-03
4.99519755E-02  4.41261441E-01  4.10456024E-03
5.01986520E-02  4.52388078E-01  4.06006863E-03
5.04453284E-02  4.40897077E-01  3.97896720E-03
5.06920048E-02  4.27514911E-01  3.79695417E-03
5.09386812E-02  4.38357711E-01  4.02853265E-03
5.11853576E-02  4.38929021E-01  3.83308250E-03
5.14320341E-02  4.23518270E-01  3.74920503E-03
5.16787105E-02  4.39665526E-01  3.95712908E-03
5.19253869E-02  4.29812551E-01  3.74784041E-03
5.21720633E-02  4.55479145E-01  4.04406339E-03
5.24187398E-02  4.32878226E-01  3.90311168E-03
5.26654162E-02  4.42148954E-01  3.90650425E-03
5.29120926E-02  4.39469069E-01  3.84531845E-03
5.31587690E-02  4.49538708E-01  3.75678577E-03
5.34054454E-02  4.38854814E-01  3.86693818E-03
5.36521219E-02  4.44394380E-01  3.82601353E-03
5.38987983E-02  4.41021800E-01  3.77601944E-03
5.41454747E-02  4.49807674E-01  4.02820623E-03
5.43921511E-02  4.58582491E-01  3.68861598E-03
5.46388276E-02  4.30004656E-01  3.75121064E-03
5.48855040E-02  4.60962653E-01  3.76912090E-03
5.51321804E-02  4.46830660E-01  3.78176058E-03
5.53788568E-02  4.44857568E-01  3.74331931E-03
5.56255332E-02  4.41036016E-01  3.77366436E-03
5.58722097E-02  4.45387781E-01  3.75493802E-03
5.61188861E-02  4.57594365E-01  3.81216011E-03
5.63655625E-02  4.66870338E-01  3.75723070E-03
5.66122389E-02  4.66325998E-01  3.76368081E-03
5.68589154E-02  4.65551436E-01  3.77801177E-03
5.71055918E-02  4.60845917E-01  3.96193890E-03
5.73522682E-02  4.81647491E-01  3.66028119E-03
5.75989446E-02  4.89003420E-01  3.87243647E-03
5.78456210E-02  4.92074490E-01  3.97814531E-03
5.80922975E-02  4.89009261E-01  3.98469344E-03
5.83389739E-02  4.84904200E-01  3.97447590E-03
5.85856503E-02  5.03318965E-01  3.80690722E-03
5.88323267E-02  5.01752198E-01  3.90032236E-03
5.90790032E-02  4.93209183E-01  3.88991833E-03
5.93256796E-02  5.06525397E-01  4.05735569E-03
5.95723560E-02  5.00771046E-01  3.94688640E-03
5.98190324E-02  5.00228345E-01  3.89107596E-03
6.00657088E-02  5.03720224E-01  3.97002464E-03
6.03123853E-02  4.99693155E-01  3.93288024E-03
6.05590617E-02  4.97462600E-01  3.83888488E-03
6.08057381E-02  5.10307908E-01  3.81851499E-03
6.10524145E-02  4.97385234E-01  3.94141395E-03
6.12990910E-02  5.07131338E-01  3.95049062E-03
6.15457674E-02  5.10820091E-01  3.88179254E-03
6.17924438E-02  5.02995670E-01  4.00589732E-03
6.20391202E-02  5.20969868E-01  3.94705636E-03
6.22857966E-02  5.49622834E-01  4.09507612E-03
6.25324731E-02  5.53771019E-01  4.55424003E-03
6.27791495E-02  5.54720104E-01  4.45500901E-03
6.30258259E-02  5.56696713E-01  4.42393264E-03
6.32725023E-02  5.48299372E-01  4.04646806E-03
6.35191788E-02  5.58029413E-01  4.08600550E-03
6.37658552E-02  5.53882539E-01  4.05055564E-03
6.40125316E-02  5.46963632E-01  3.85483331E-03
6.42592080E-02  5.53403378E-01  3.91217414E-03
6.45058845E-02  5.49817562E-01  4.00047051E-03
6.47525609E-02  5.57022274E-01  3.77969956E-03
6.49992373E-02  5.54996967E-01  3.71912564E-03
6.52459137E-02  5.77798784E-01  3.80724622E-03
6.54925901E-02  5.81635892E-01  4.01828485E-03
6.57392666E-02  5.99584103E-01  3.85219208E-03
6.59859430E-02  5.95905006E-01  3.85903148E-03
6.62326194E-02  5.77444017E-01  3.91087821E-03
6.64792958E-02  5.93059003E-01  3.94393830E-03
6.67259723E-02  5.90479195E-01  3.83176096E-03
6.69726487E-02  5.87973535E-01  3.81890847E-03
6.72193251E-02  5.98402858E-01  3.93130677E-03
6.74660015E-02  6.18279457E-01  3.95479938E-03
6.77126779E-02  6.25459909E-01  3.95196397E-03
6.79593544E-02  6.33431971E-01  4.08117566E-03
6.82060308E-02  6.52479768E-01  4.18968406E-03
6.84527072E-02  6.42115653E-01  4.02016891E-03
6.86993836E-02  6.38344526E-01  4.29043872E-03
6.89460601E-02  6.48110509E-01  4.16176487E-03
6.91927365E-02  6.38704538E-01  4.02827607E-03
6.94394129E-02  6.48639798E-01  3.95190390E-03
6.96860893E-02  6.61431849E-01  4.13163099E-03
6.99327657E-02  6.67197585E-01  3.99125228E-03
7.01794422E-02  6.49020135E-01  3.89211578E-03
7.04261186E-02  6.74592912E-01  4.01199609E-03
7.06727950E-02  6.65376961E-01  3.95411020E-03
7.09194714E-02  6.60264075E-01  4.11541620E-03
7.11661479E-02  6.85876966E-01  4.19186195E-03
7.14128243E-02  6.88194633E-01  4.08418430E-03
7.16595007E-02  7.02743053E-01  4.30992153E-03
7.19061771E-02  7.05084443E-01  4.38375492E-03
7.21528535E-02  6.92758143E-01  4.03110078E-03
7.23995300E-02  7.04147339E-01  4.16830415E-03
7.26462064E-02  7.08666325E-01  4.34584776E-03
7.28928828E-02  7.05848157E-01  4.31527430E-03
7.31395592E-02  7.10737705E-01  4.42156149E-03
7.33862357E-02  7.26723015E-01  4.40306263E-03
7.36329121E-02  7.36223876E-01  4.51245625E-03
7.38795885E-02  7.38582551E-01  4.60249232E-03
7.41262649E-02  7.42809713E-01  4.63241898E-03
7.43729413E-02  7.39881217E-01  4.67351498E-03
7.46196178E-02  7.41993606E-01  4.73044021E-03
7.48662942E-02  7.21284032E-01  4.39945748E-03
7.51129706E-02  7.31757045E-01  4.49937163E-03
7.53596470E-02  7.38337696E-01  4.47739009E-03
7.56063235E-02  7.25667953E-01  4.38726833E-03
7.58529999E-02  7.44201839E-01  4.64724749E-03
7.60996763E-02  7.53312111E-01  4.62366734E-03
7.63463527E-02  7.40864992E-01  4.72395541E-03
7.65930291E-02  7.32651055E-01  4.32835473E-03
7.68397056E-02  7.24284470E-01  4.30650357E-03
7.70863820E-02  7.20163405E-01  4.32203012E-03
7.73330584E-02  7.23057806E-01  4.22597444E-03
7.75797348E-02  6.95802867E-01  4.16334998E-03
7.78264113E-02  7.45788515E-01  4.22228174E-03
7.80730877E-02  7.10654855E-01  4.21782490E-03
7.83197641E-02  7.27020741E-01  4.31322632E-03
7.85664405E-02  7.32427835E-01  4.08166647E-03
7.88131169E-02  7.44050860E-01  4.22825525E-03
7.90597934E-02  7.29312420E-01  4.17297101E-03
7.93064698E-02  7.41589248E-01  4.15163673E-03
7.95531462E-02  7.30110943E-01  4.30584140E-03
7.97998226E-02  7.31602967E-01  4.14319988E-03
8.00464991E-02  7.44093716E-01  4.49701212E-03
8.02931755E-02  7.36451864E-01  4.23178310E-03
8.05398519E-02  7.23400652E-01  4.17910051E-03
8.07865283E-02  7.36272573E-01  4.27793991E-03
8.10332047E-02  7.40509629E-01  4.32781177E-03
8.12798812E-02  7.56421387E-01  4.29201266E-03
8.15265576E-02  7.37606287E-01  4.21060901E-03
8.17732340E-02  7.54036129E-01  4.25324496E-03
8.20199104E-02  7.51565993E-01  4.16059559E-03
8.22665869E-02  7.50909686E-01  4.26858338E-03
8.25132633E-02  7.56145120E-01  4.47711349E-03
8.27599397E-02  7.57218659E-01  4.26456518E-03
8.30066161E-02  7.41844296E-01  4.24447516E-03
8.32532926E-02  7.71433055E-01  4.34627896E-03
8.34999690E-02  7.37749934E-01  4.39013448E-03
8.37466454E-02  7.68774211E-01  4.46671620E-03
8.39933218E-02  7.63326168E-01  4.27629985E-03
8.42399982E-02  7.59402335E-01  4.33107279E-03
8.44866747E-02  7.68450677E-01  4.51036030E-03
8.47333511E-02  7.70757616E-01  4.36399272E-03
8.49800275E-02  7.53111184E-01  4.24745539E-03
8.52267039E-02  7.55232155E-01  4.24805097E-03
8.54733804E-02  7.39997983E-01  4.26494842E-03
8.57200568E-02  7.51469254E-01  4.34166845E-03
8.59667332E-02  7.72360981E-01  4.49875602E-03
8.62134096E-02  7.76229203E-01  4.44435002E-03
8.64600860E-02  7.65251994E-01  4.17992938E-03
8.67067625E-02  7.80105233E-01  4.39144811E-03
8.69534389E-02  7.67237127E-01  4.47642431E-03
8.72001153E-02  7.78054178E-01  4.26805206E-03
8.74467917E-02  7.50054181E-01  4.17905254E-03
8.76934682E-02  7.47843444E-01  4.08289256E-03
8.79401446E-02  7.59617150E-01  4.30194614E-03
8.81868210E-02  7.62830734E-01  4.11881739E-03
8.84334974E-02  7.43329763E-01  4.19765245E-03
8.86801738E-02  7.70836949E-01  4.07590903E-03
8.89268503E-02  7.64528215E-01  4.14594263E-03
8.91735267E-02  7.67771363E-01  4.16521030E-03
8.94202031E-02  7.56433547E-01  4.09420021E-03
8.96668795E-02  7.72276044E-01  4.01071785E-03
8.99135560E-02  7.53149450E-01  4.11874428E-03
9.01602324E-02  7.55620360E-01  4.23430465E-03
9.04069088E-02  7.38413155E-01  3.92147619E-03
9.06535852E-02  7.48295248E-01  4.13387455E-03
9.09002616E-02  7.71340191E-01  4.11083363E-03
9.11469381E-02  7.66548157E-01  4.17572958E-03
9.13936145E-02  7.76437461E-01  4.15105419E-03
9.16402909E-02  7.70081341E-01  4.03074687E-03
9.18869673E-02  7.61949122E-01  4.03293082E-03
9.21336438E-02  7.54210532E-01  4.03000647E-03
9.23803202E-02  7.75641799E-01  4.11886675E-03
9.26269966E-02  7.64851868E-01  4.07784060E-03
9.28736730E-02  7.72646368E-01  4.00266564E-03
9.31203494E-02  7.88430572E-01  4.33823606E-03
9.33670259E-02  7.71606088E-01  4.13018605E-03
9.36137023E-02  7.74336696E-01  3.99498455E-03
9.38603787E-02  7.72813678E-01  4.03437763E-03
9.41070551E-02  7.78077960E-01  4.27077198E-03
9.43537316E-02  7.80510068E-01  4.27329354E-03
9.46004080E-02  7.56789982E-01  4.15892014E-03
9.48470844E-02  7.78955400E-01  3.90274241E-03
9.50937608E-02  7.79403090E-01  4.12300695E-03
9.53404372E-02  7.76422441E-01  4.14012605E-03
9.55871137E-02  7.83275783E-01  4.26330650E-03
9.58337901E-02  7.86945462E-01  4.15119575E-03
9.60804665E-02  7.89148748E-01  4.07315651E-03
9.63271429E-02  8.05601716E-01  4.28702356E-03
9.65738194E-02  8.03836644E-01  4.14971774E-03
9.68204958E-02  8.06923330E-01  4.25362354E-03
9.70671722E-02  7.94276834E-01  4.00957000E-03
9.73138486E-02  7.94769228E-01  4.04224312E-03
9.75605250E-02  8.00300300E-01  4.21254942E-03
9.78072015E-02  7.88890183E-01  3.93011002E-03
9.80538779E-02  7.96096742E-01  4.06731525E-03
9.83005543E-02  8.01885128E-01  4.11980785E-03
9.85472307E-02  8.13554645E-01  4.14398452E-03
9.87939072E-02  7.96157658E-01  4.17339196E-03
9.90405836E-02  7.91171551E-01  4.08375356E-03
9.92872600E-02  8.19855511E-01  4.00524819E-03
9.95339364E-02  8.00396979E-01  4.18015337E-03
9.97806128E-02  7.92502701E-01  4.17086249E-03
1.00027289E-01  7.94687867E-01  4.06759884E-03
1.00273966E-01  7.95520902E-01  4.00858838E-03
1.00520642E-01  8.04944396E-01  3.99571937E-03
1.00767319E-01  8.06372643E-01  4.14836826E-03
1.01013995E-01  8.05096865E-01  4.14529443E-03
1.01260671E-01  8.21542025E-01  4.20105830E-03
1.01507348E-01  8.40027630E-01  4.22372017E-03
1.01754024E-01  8.08056593E-01  4.25267732E-03
1.02000701E-01  8.23998213E-01  4.12793923E-03
1.02247377E-01  8.25530112E-01  4.07994213E-03
1.02494053E-01  8.22195351E-01  4.04850859E-03
1.02740730E-01  8.13772440E-01  4.06813622E-03
1.02987406E-01  8.00400615E-01  4.11646953E-03
1.03234083E-01  8.37118685E-01  4.20457451E-03
1.03480759E-01  8.16081583E-01  4.08612937E-03
1.03727436E-01  8.06761086E-01  4.00878768E-03
1.03974112E-01  8.17508876E-01  3.95526644E-03
1.04220788E-01  8.09356809E-01  4.07742802E-03
1.04467465E-01  8.30407023E-01  4.10131039E-03
1.04714141E-01  8.34733069E-01  4.16727876E-03
1.04960818E-01  8.30410004E-01  4.03219135E-03
1.05207494E-01  8.10400844E-01  3.90236126E-03
1.05454171E-01  8.17627907E-01  4.14745929E-03
1.05700847E-01  8.25369716E-01  4.04395582E-03
1.05947523E-01  8.14548850E-01  4.00930876E-03
1.06194200E-01  8.37449789E-01  3.99920298E-03
1.06440876E-01  8.08104515E-01  4.00952576E-03
1.06687553E-01  8.16134274E-01  4.10581147E-03
1.06934229E-01  8.24080467E-01  4.14466765E-03
1.07180906E-01  8.21913242E-01  4.16504452E-03
1.07427582E-01  8.53128433E-01  4.22243075E-03
1.07674258E-01  8.17050874E-01  4.14216239E-03
1.07920935E-01  8.18374991E-01  4.00790153E-03
1.08167611E-01  8.28656435E-01  4.04487038E-03
1.08414288E-01  8.23927581E-01  3.90024693E-03
1.08660964E-01  8.16300631E-01  3.96121619E-03
1.08907640E-01  8.28347921E-01  4.06011054E-03
1.09154317E-01  8.09362888E-01  4.02026111E-03
1.09400993E-01  7.96441734E-01  4.12130170E-03
1.09647670E-01  8.02273691E-01  4.16222913E-03
1.09894346E-01  8.06259453E-01  4.08922788E-03
1.10141023E-01  8.03744316E-01  4.14519571E-03
1.10387699E-01  8.01189125E-01  4.17625625E-03
1.10634375E-01  8.06556940E-01  4.05226555E-03
1.10881052E-01  8.02263558E-01  4.27450845E-03
1.11127728E-01  8.00798535E-01  4.18572547E-03
1.11374405E-01  8.11936259E-01  4.22271667E-03
1.11621081E-01  8.03651810E-01  4.16177837E-03
1.11867758E-01  7.63572097E-01  4.17339429E-03
1.12114434E-01  7.93174505E-01  4.22705757E-03
1.12361110E-01  7.80623853E-01  4.17827582E-03
1.12607787E-01  7.76895404E-01  4.21273895E-03
1.12854463E-01  7.78357625E-01  3.98620125E-03
1.13101140E-01  7.93183267E-01  4.42877971E-03
1.13347816E-01  7.58697033E-01  4.11768025E-03
1.13594493E-01  7.82928884E-01  4.25622705E-03
1.13841169E-01  7.88707614E-01  4.33614617E-03
1.14087845E-01  7.74250925E-01  4.10995539E-03
1.14334522E-01  7.63832986E-01  4.12335526E-03
1.14581198E-01  7.87203193E-01  4.31268709E-03
1.14827875E-01  7.74517655E-01  4.21897508E-03
1.15074551E-01  7.74995983E-01  4.49752295E-03
1.15321227E-01  7.84072936E-01  4.11630655E-03
1.15567904E-01  7.72861004E-01  4.38688416E-03
1.15814580E-01  7.53196836E-01  4.32439335E-03
1.16061257E-01  7.82611966E-01  4.36161878E-03
1.16307933E-01  7.58516550E-01  4.30653710E-03
1.16554610E-01  7.82150984E-01  4.33760183E-03
1.16801286E-01  7.70152330E-01  4.34167590E-03
1.17047962E-01  7.65580356E-01  4.24605329E-03
1.17294639E-01  7.39919007E-01  4.14022291E-03
1.17541315E-01  7.62183368E-01  4.24771477E-03
1.17787992E-01  7.47727633E-01  4.19241842E-03
1.18034668E-01  7.33662486E-01  4.23204992E-03
1.18281345E-01  7.51060545E-01  4.17425809E-03
1.18528021E-01  7.69919574E-01  4.15722141E-03
1.18774697E-01  7.63095796E-01  4.04820452E-03
1.19021374E-01  7.68606305E-01  4.03102394E-03
1.19268050E-01  7.64232695E-01  4.07726411E-03
1.19514727E-01  7.73172259E-01  3.96436453E-03
1.19761403E-01  7.68042982E-01  3.97366704E-03
1.20008079E-01  7.53409564E-01  4.12368914E-03
1.20254756E-01  7.49675930E-01  3.89955309E-03
1.20501432E-01  7.55254805E-01  4.10260959E-03
1.20748109E-01  7.66119719E-01  3.88682378E-03
1.20994785E-01  7.67719030E-01  4.05539060E-03
1.21241462E-01  7.65115857E-01  4.07624943E-03
1.21488138E-01  7.53300309E-01  3.91940307E-03
1.21734814E-01  7.70117402E-01  4.05108742E-03
1.21981491E-01  7.64735818E-01  3.88839445E-03
1.22228167E-01  7.64319360E-01  4.11203410E-03
1.22474844E-01  7.51112521E-01  3.89744085E-03
1.22721520E-01  7.58332014E-01  3.98077816E-03
1.22968197E-01  7.59330213E-01  4.03139181E-03
1.23214873E-01  7.66113281E-01  3.93345952E-03
1.23461549E-01  7.51558185E-01  3.78775573E-03
1.23708226E-01  7.43355632E-01  3.83700430E-03
1.23954902E-01  7.54891694E-01  4.00973018E-03
1.24201579E-01  7.57294118E-01  3.97828687E-03
1.24448255E-01  7.72029996E-01  3.96801019E-03
1.24694932E-01  7.64465392E-01  3.98207316E-03
1.24941608E-01  7.58716941E-01  3.94583773E-03
1.25188284E-01  7.65993118E-01  3.85850924E-03
1.25434961E-01  7.51847863E-01  3.85660818E-03
1.25681637E-01  7.43085980E-01  3.80542153E-03
1.25928314E-01  7.60605514E-01  3.85798374E-03
1.26174990E-01  7.53906310E-01  3.80738126E-03
1.26421666E-01  7.58402586E-01  3.79940658E-03
1.26668343E-01  7.53084004E-01  3.84198944E-03
1.26915019E-01  7.21600413E-01  3.86497960E-03
1.27161696E-01  7.34053850E-01  3.78067931E-03
1.27408372E-01  7.36052573E-01  3.76707246E-03
1.27655049E-01  7.31579244E-01  3.90653918E-03
1.27901725E-01  7.35843360E-01  3.80598707E-03
1.28148401E-01  7.28839338E-01  3.76694323E-03
1.28395078E-01  7.26933122E-01  3.57611710E-03
1.28641754E-01  7.25895464E-01  3.68568674E-03
1.28888431E-01  7.31124818E-01  3.63371545E-03
1.29135107E-01  7.28180170E-01  3.64862778E-03
1.29381784E-01  7.44850099E-01  3.63785657E-03
1.29628460E-01  7.40157366E-01  3.65618989E-03
1.29875136E-01  7.32739031E-01  3.67104285E-03
1.30121813E-01  7.28816807E-01  3.76687804E-03
1.30368489E-01  7.09855914E-01  3.65231256E-03
1.30615166E-01  7.21772671E-01  3.63483420E-03
1.30861842E-01  7.23771513E-01  3.73971462E-03
1.31108518E-01  7.23331690E-01  3.72273475E-03
1.31355195E-01  7.20224857E-01  3.78569774E-03
1.31601871E-01  6.99503362E-01  3.47676827E-03
1.31848548E-01  6.95630074E-01  3.57658742E-03
1.32095224E-01  7.08504498E-01  3.67986248E-03
1.32341901E-01  6.96803868E-01  3.65163665E-03
1.32588577E-01  7.00550437E-01  3.56421084E-03
1.32835253E-01  6.99786186E-01  3.58455768E-03
1.33081930E-01  7.00267732E-01  3.64771415E-03
1.33328606E-01  6.93116307E-01  3.55235580E-03
1.33575283E-01  6.95183933E-01  3.59716173E-03
1.33821959E-01  7.02116132E-01  3.54020274E-03
1.34068636E-01  6.78472340E-01  3.49741057E-03
1.34315312E-01  6.96032703E-01  3.64915049E-03
1.34561988E-01  6.85531616E-01  3.49766714E-03
1.34808665E-01  6.78039849E-01  3.47381784E-03
1.35055341E-01  6.77711785E-01  3.42960912E-03
1.35302018E-01  6.75730467E-01  3.47437337E-03
1.35548694E-01  6.84554219E-01  3.53450514E-03
1.35795371E-01  6.75202727E-01  3.49293370E-03
1.36042047E-01  6.73673391E-01  3.43013043E-03
1.36288723E-01  6.78157628E-01  3.31681408E-03
1.36535400E-01  6.84811294E-01  3.45466984E-03
1.36782076E-01  6.69265091E-01  3.47828795E-03
1.37028753E-01  6.67738080E-01  3.28685250E-03
1.37275429E-01  6.77071273E-01  3.53001081E-03
1.37522105E-01  6.65816724E-01  3.42097459E-03
1.37768782E-01  6.63215458E-01  3.44573683E-03
1.38015458E-01  6.69569433E-01  3.46431695E-03
1.38262135E-01  6.57975078E-01  3.31552653E-03
1.38508811E-01  6.62267447E-01  3.45802004E-03
1.38755488E-01  6.45952165E-01  3.38137546E-03
1.39002164E-01  6.48268282E-01  3.22009460E-03
1.39248840E-01  6.50355816E-01  3.28799197E-03
1.39495517E-01  6.31747186E-01  3.29211121E-03
1.39742193E-01  6.42270863E-01  3.33753251E-03
1.39988870E-01  6.45013571E-01  3.32527515E-03
1.40235546E-01  6.42866373E-01  3.31705296E-03
1.40482223E-01  6.46169960E-01  3.32754990E-03
1.40728899E-01  6.38526261E-01  3.25074652E-03
1.40975575E-01  6.38419390E-01  3.31975077E-03
1.41222252E-01  6.25361323E-01  3.15998192E-03
1.41468928E-01  6.34382248E-01  3.21026775E-03
1.41715605E-01  6.17653549E-01  3.25523783E-03
1.41962281E-01  6.33306980E-01  3.29617411E-03
1.42208957E-01  6.23516977E-01  3.21215438E-03
1.42455634E-01  6.12895846E-01  3.12312716E-03
1.42702310E-01  6.22279167E-01  3.21279839E-03
1.42948987E-01  6.30395055E-01  3.20235733E-03
1.43195663E-01  6.10568047E-01  3.13546718E-03
1.43442340E-01  6.04868889E-01  3.14504630E-03
1.43689016E-01  6.15580380E-01  3.22237937E-03
1.43935692E-01  5.95331311E-01  3.12345778E-03
1.44182369E-01  6.10015929E-01  3.14424187E-03
1.44429045E-01  6.00076735E-01  3.06349038E-03
1.44675722E-01  5.91963828E-01  3.05306702E-03
1.44922398E-01  6.04306936E-01  3.15630669E-03
1.45169075E-01  6.16996348E-01  3.29353102E-03
1.45415751E-01  6.08757317E-01  3.14266328E-03
1.45662427E-01  5.87720931E-01  3.04363295E-03
1.45909104E-01  5.83642483E-01  3.01248860E-03
1.46155780E-01  5.90839267E-01  3.16867232E-03
1.46402457E-01  5.83604336E-01  3.10415193E-03
1.46649133E-01  5.78299582E-01  3.05288914E-03
1.46895810E-01  5.73780954E-01  3.06713046E-03
1.47142486E-01  5.82979143E-01  2.97777192E-03
1.47389162E-01  5.75560510E-01  3.05356295E-03
1.47635839E-01  5.65931618E-01  2.98773404E-03
1.47882515E-01  5.67053497E-01  2.91251065E-03
1.48129192E-01  5.74940801E-01  2.98697618E-03
1.48375868E-01  5.67927122E-01  2.99245841E-03
1.48622544E-01  5.61518490E-01  2.93170288E-03
1.48869221E-01  5.67600667E-01  2.92828656E-03
1.49115897E-01  5.59079826E-01  2.99053080E-03
1.49362574E-01  5.59018075E-01  2.83586374E-03
1.49609250E-01  5.56825578E-01  2.92021851E-03
1.49855927E-01  5.69707930E-01  2.98765372E-03
1.50102603E-01  5.52813053E-01  2.90308334E-03
1.50349279E-01  5.62415242E-01  3.00493487E-03
1.50595956E-01  5.45102596E-01  2.86976481E-03
1.50842632E-01  5.51564932E-01  2.86836457E-03
1.51089309E-01  5.51902950E-01  2.94884550E-03
1.51335985E-01  5.42292774E-01  2.81815045E-03
1.51582662E-01  5.34107268E-01  2.83509074E-03
1.51829338E-01  5.40282488E-01  2.84899282E-03
1.52076014E-01  5.37721694E-01  2.82079238E-03
1.52322691E-01  5.42567730E-01  2.88413372E-03
1.52569367E-01  5.41028202E-01  2.79393815E-03
1.52816044E-01  5.35262644E-01  2.83444580E-03
1.53062720E-01  5.27786732E-01  2.78108078E-03
1.53309397E-01  5.24482012E-01  2.80061155E-03
1.53556073E-01  5.15272915E-01  2.73817778E-03
1.53802749E-01  5.16654730E-01  2.77062086E-03
1.54049426E-01  5.21455705E-01  2.79094302E-03
1.54296102E-01  5.06907701E-01  2.69399025E-03
1.54542779E-01  5.24041414E-01  2.75579910E-03
1.54789455E-01  5.15656590E-01  2.68986309E-03
1.55036131E-01  5.04917860E-01  2.68113567E-03
1.55282808E-01  5.13554692E-01  2.71194708E-03
1.55529484E-01  5.09955704E-01  2.62108538E-03
1.55776161E-01  5.00690281E-01  2.67900457E-03
1.56022837E-01  4.98468786E-01  2.67641875E-03
1.56269514E-01  5.04299521E-01  2.67712842E-03
1.56516190E-01  4.92262691E-01  2.62420392E-03
1.56762866E-01  4.82403010E-01  2.61835800E-03
1.57009543E-01  4.91871446E-01  2.61310255E-03
1.57256219E-01  4.84765887E-01  2.60412949E-03
1.57502896E-01  4.84265655E-01  2.60331761E-03
1.57749572E-01  4.86489475E-01  2.70529371E-03
1.57996249E-01  4.96373326E-01  2.69794441E-03
1.58242925E-01  4.87242758E-01  2.69544078E-03
1.58489601E-01  4.80666727E-01  2.57350667E-03
1.58736278E-01  4.71897930E-01  2.59509659E-03
1.58982954E-01  4.78829741E-01  2.58810376E-03
1.59229631E-01  4.69510257E-01  2.50193523E-03
1.59476307E-01  4.64156896E-01  2.60059396E-03
1.59722983E-01  4.77250785E-01  2.53699510E-03
1.59969660E-01  4.71366167E-01  2.55615846E-03
1.60216336E-01  4.61389869E-01  2.48882710E-03
1.60463013E-01  4.56658036E-01  2.52271700E-03
1.60709689E-01  4.49085534E-01  2.45557353E-03
1.60956366E-01  4.60652590E-01  2.53801304E-03
1.61203042E-01  4.61755097E-01  2.45479424E-03
1.61449718E-01  4.44983691E-01  2.47211708E-03
1.61696395E-01  4.50205356E-01  2.42759194E-03
1.61943071E-01  4.44924593E-01  2.45255092E-03
1.62189748E-01  4.50918525E-01  2.48304382E-03
1.62436424E-01  4.44900632E-01  2.48232903E-03
1.62683101E-01  4.39029515E-01  2.43158545E-03
1.62929777E-01  4.32294875E-01  2.37136846E-03
1.63176453E-01  4.28911418E-01  2.36308691E-03
1.63423130E-01  4.37503755E-01  2.40247324E-03
1.63669806E-01  4.29938823E-01  2.42006290E-03
1.63916483E-01  4.41014081E-01  2.42068293E-03
1.64163159E-01  4.19269621E-01  2.33977893E-03
1.64409836E-01  4.22583848E-01  2.32159719E-03
1.64656512E-01  4.26653177E-01  2.46246927E-03
1.64903188E-01  4.01589662E-01  2.33470974E-03
1.65149865E-01  4.27233815E-01  2.40054121E-03
1.65396541E-01  4.20287669E-01  2.34587584E-03
1.65643218E-01  4.12908226E-01  2.33680825E-03
1.65889894E-01  4.14508462E-01  2.37042713E-03
1.66136570E-01  3.98990512E-01  2.25373381E-03
1.66383247E-01  3.99761975E-01  2.28988589E-03
1.66629923E-01  4.06470895E-01  2.33169203E-03
1.66876600E-01  3.98803473E-01  2.24265223E-03
1.67123276E-01  3.90622169E-01  2.24126736E-03
1.67369953E-01  4.02143240E-01  2.31046160E-03
1.67616629E-01  3.98028940E-01  2.22421973E-03
1.67863305E-01  4.08052713E-01  2.32130196E-03
1.68109982E-01  3.93863171E-01  2.27779406E-03
1.68356658E-01  3.88541222E-01  2.20696558E-03
1.68603335E-01  3.88509601E-01  2.24348996E-03
1.68850011E-01  3.89683455E-01  2.25315895E-03
1.69096688E-01  3.82122904E-01  2.18868023E-03
1.69343364E-01  3.81545961E-01  2.16003647E-03
1.69590040E-01  3.93213242E-01  2.31203972E-03
1.69836717E-01  3.75740677E-01  2.13664724E-03
1.70083393E-01  3.68093282E-01  2.14842940E-03
1.70330070E-01  3.69260222E-01  2.15109950E-03
1.70576746E-01  3.63535285E-01  2.10769754E-03
1.70823422E-01  3.71926010E-01  2.09509232E-03
1.71070099E-01  3.69562089E-01  2.18997803E-03
1.71316775E-01  3.63916039E-01  2.08657165E-03
1.71563452E-01  3.59789550E-01  2.12063268E-03
1.71810128E-01  3.64269018E-01  2.10699998E-03
1.72056805E-01  3.60155642E-01  2.09385692E-03
1.72303481E-01  3.53848368E-01  2.10338389E-03
1.72550157E-01  3.56506437E-01  2.08193669E-03
1.72796834E-01  3.60163927E-01  2.14570900E-03
1.73043510E-01  3.65244687E-01  2.14065495E-03
1.73290187E-01  3.48564059E-01  2.08947598E-03
1.73536863E-01  3.48483503E-01  2.04286352E-03
1.73783540E-01  3.43224555E-01  2.05007661E-03
1.74030216E-01  3.43746752E-01  2.04296852E-03
1.74276892E-01  3.48683596E-01  2.04133568E-03
1.74523569E-01  3.37649256E-01  2.02725199E-03
1.74770245E-01  3.34213167E-01  1.97103340E-03
1.75016922E-01  3.37870717E-01  1.99744431E-03
1.75263598E-01  3.36004764E-01  2.00488814E-03
1.75510275E-01  3.29125047E-01  1.96208269E-03
1.75756951E-01  3.27469736E-01  1.95547077E-03
1.76003627E-01  3.29910517E-01  1.93236675E-03
1.76250304E-01  3.25466484E-01  1.97606906E-03
1.76496980E-01  3.28282446E-01  2.00709561E-03
1.76743657E-01  3.26136410E-01  1.88895664E-03
1.76990333E-01  3.20587665E-01  1.94868457E-03
1.77237009E-01  3.11335653E-01  1.90413697E-03
1.77483686E-01  3.11817855E-01  1.91311224E-03
1.77730362E-01  3.17354828E-01  1.92046375E-03
1.77977039E-01  3.11067313E-01  1.86577218E-03
1.78223715E-01  3.17557037E-01  1.91112142E-03
1.78470392E-01  3.15077871E-01  1.91243750E-03
1.78717068E-01  3.10827255E-01  1.94343296E-03
1.78963744E-01  3.14650685E-01  1.84386480E-03
1.79210421E-01  3.01664799E-01  1.90029072E-03
1.79457097E-01  3.01532000E-01  1.90216093E-03
1.79703774E-01  3.05278569E-01  1.85388629E-03
1.79950450E-01  3.11830759E-01  1.87349285E-03
1.80197127E-01  3.00519794E-01  1.86250277E-03
1.80443803E-01  2.99654901E-01  1.89054583E-03
1.80690479E-01  2.99419224E-01  1.85791135E-03
1.80937156E-01  2.92429656E-01  1.82311330E-03
1.81183832E-01  2.96059340E-01  1.80857012E-03
1.81430509E-01  2.96582729E-01  1.84036070E-03
1.81677185E-01  2.85873294E-01  1.78713759E-03
1.81923861E-01  2.80280799E-01  1.73878018E-03
1.82170538E-01  2.84578115E-01  1.77946582E-03
1.82417214E-01  2.85833657E-01  1.79375161E-03
1.82663891E-01  2.83530563E-01  1.81001483E-03
1.82910567E-01  2.81827003E-01  1.76648097E-03
1.83157244E-01  2.84067959E-01  1.73671765E-03
1.83403920E-01  2.75174469E-01  1.74262736E-03
1.83650596E-01  2.77456790E-01  1.74882589E-03
1.83897273E-01  2.73132861E-01  1.72438647E-03
1.84143949E-01  2.75613278E-01  1.75870326E-03
1.84390626E-01  2.71834284E-01  1.73497247E-03
1.84637302E-01  2.77362376E-01  1.75976485E-03
1.84883979E-01  2.58197874E-01  1.66960072E-03
1.85130655E-01  2.63589352E-01  1.72253570E-03
1.85377331E-01  2.66044945E-01  1.70688971E-03
1.85624008E-01  2.67347604E-01  1.73336174E-03
1.85870684E-01  2.61339337E-01  1.69593433E-03
1.86117361E-01  2.56323218E-01  1.68214587E-03
1.86364037E-01  2.60808140E-01  1.64294767E-03
1.86610714E-01  2.63710886E-01  1.68815709E-03
1.86857390E-01  2.47549728E-01  1.62866595E-03
1.87104066E-01  2.49494985E-01  1.63427973E-03
1.87350743E-01  2.51499861E-01  1.60616927E-03
1.87597419E-01  2.56343842E-01  1.57955021E-03
1.87844096E-01  2.54591286E-01  1.64114730E-03
1.88090772E-01  2.52693057E-01  1.62365346E-03
1.88337448E-01  2.40354463E-01  1.64708542E-03
1.88584125E-01  2.44613037E-01  1.56084110E-03
1.88830801E-01  2.44493067E-01  1.62347895E-03
1.89077478E-01  2.40551680E-01  1.60274468E-03
1.89324154E-01  2.36934975E-01  1.55757857E-03
1.89570831E-01  2.34925374E-01  1.58203405E-03
1.89817507E-01  2.34587088E-01  1.52785529E-03
1.90064183E-01  2.30569676E-01  1.54740643E-03
1.90310860E-01  2.37949610E-01  1.55552942E-03
1.90557536E-01  2.44803324E-01  1.63070869E-03
1.90804213E-01  2.30113849E-01  1.55799417E-03
1.91050889E-01  2.37630874E-01  1.59373181E-03
1.91297566E-01  2.35452920E-01  1.57214201E-03
1.91544242E-01  2.24596873E-01  1.55761011E-03
1.91790918E-01  2.28438005E-01  1.54289696E-03
1.92037595E-01  2.24836469E-01  1.55060459E-03
1.92284271E-01  2.31461078E-01  1.52977766E-03
1.92530948E-01  2.22384945E-01  1.52926473E-03
1.92777624E-01  2.19177991E-01  1.50718424E-03
1.93024301E-01  2.28826761E-01  1.58764480E-03
1.93270977E-01  2.23385960E-01  1.53300469E-03
1.93517653E-01  2.17860922E-01  1.48543611E-03
1.93764330E-01  2.16817632E-01  1.47258071E-03
1.94011006E-01  2.14005783E-01  1.41336082E-03
1.94257683E-01  2.07592338E-01  1.44547585E-03
1.94504359E-01  2.16577441E-01  1.50647142E-03
1.94751035E-01  2.18477413E-01  1.48182479E-03
1.94997712E-01  2.14043766E-01  1.48750748E-03
1.95244388E-01  2.11134449E-01  1.44673849E-03
1.95491065E-01  2.03932777E-01  1.45391794E-03
1.95737741E-01  2.12532401E-01  1.46527472E-03
1.95984418E-01  2.08564147E-01  1.45455590E-03
1.96231094E-01  2.06147999E-01  1.43277401E-03
1.96477770E-01  2.05793113E-01  1.42292143E-03
1.96724447E-01  2.02998072E-01  1.40072743E-03
1.96971123E-01  1.99843720E-01  1.41175766E-03
1.97217800E-01  2.00614899E-01  1.38816400E-03
1.97464476E-01  2.07921401E-01  1.42873265E-03
1.97711153E-01  2.02088654E-01  1.40066014E-03
1.97957829E-01  1.94061220E-01  1.40682119E-03
1.98204505E-01  1.96127012E-01  1.41059933E-03
1.98451182E-01  1.97708905E-01  1.40503782E-03
1.98697858E-01  1.91767722E-01  1.34278333E-03
1.98944535E-01  1.91412389E-01  1.34452537E-03
1.99191211E-01  1.95665404E-01  1.41616969E-03
1.99437887E-01  1.90391049E-01  1.38035114E-03
1.99684564E-01  1.92181006E-01  1.37270009E-03
1.99931240E-01  1.88159600E-01  1.36400713E-03
2.00177917E-01  1.89369455E-01  1.36458024E-03
2.00424593E-01  1.78435326E-01  1.30186521E-03
2.00671270E-01  1.84004262E-01  1.34649116E-03
2.00917946E-01  1.84163690E-01  1.33423146E-03
2.01164622E-01  1.78747907E-01  1.32373511E-03
2.01411299E-01  1.82469964E-01  1.30846805E-03
2.01657975E-01  1.80862591E-01  1.34439825E-03
2.01904652E-01  1.83311149E-01  1.31885067E-03
2.02151328E-01  1.81588933E-01  1.36460108E-03
2.02398005E-01  1.74224541E-01  1.27982022E-03
2.02644681E-01  1.81314021E-01  1.33333274E-03
2.02891357E-01  1.74323976E-01  1.27086043E-03
2.03138034E-01  1.77211478E-01  1.31628080E-03
2.03384710E-01  1.71411350E-01  1.27173413E-03
2.03631387E-01  1.76840812E-01  1.29000226E-03
2.03878063E-01  1.73032299E-01  1.27712393E-03
2.04124740E-01  1.67146713E-01  1.26537320E-03
2.04371416E-01  1.69702753E-01  1.25953672E-03
2.04618092E-01  1.69037715E-01  1.27916026E-03
2.04864769E-01  1.70290738E-01  1.23610732E-03
2.05111445E-01  1.65809616E-01  1.25352095E-03
2.05358122E-01  1.72322467E-01  1.27069873E-03
2.05604798E-01  1.69385359E-01  1.25182513E-03
2.05851474E-01  1.68264136E-01  1.26813108E-03
2.06098151E-01  1.61234140E-01  1.21771754E-03
2.06344827E-01  1.64403677E-01  1.25596335E-03
2.06591504E-01  1.67725295E-01  1.20798033E-03
2.06838180E-01  1.65834248E-01  1.23165140E-03
2.07084857E-01  1.64974824E-01  1.23448623E-03
2.07331533E-01  1.62708059E-01  1.21111714E-03
2.07578209E-01  1.59141898E-01  1.24490005E-03
2.07824886E-01  1.59460679E-01  1.20676623E-03
2.08071562E-01  1.55388281E-01  1.20968104E-03
2.08318239E-01  1.57080472E-01  1.18600996E-03
2.08564915E-01  1.59212247E-01  1.17618137E-03
2.08811592E-01  1.54114857E-01  1.20348576E-03
2.09058268E-01  1.48621321E-01  1.15750253E-03
2.09304944E-01  1.58530489E-01  1.21128524E-03
2.09551621E-01  1.51672274E-01  1.19315926E-03
2.09798297E-01  1.53138086E-01  1.15515478E-03
2.10044974E-01  1.51167929E-01  1.13422924E-03
2.10291650E-01  1.56916589E-01  1.19620888E-03
2.10538326E-01  1.57449692E-01  1.19445589E-03
2.10785003E-01  1.50607198E-01  1.17729255E-03
2.11031679E-01  1.50730714E-01  1.15701603E-03
2.11278356E-01  1.50221497E-01  1.16536673E-03
2.11525032E-01  1.54729426E-01  1.15183252E-03
2.11771709E-01  1.50945142E-01  1.19993207E-03
2.12018385E-01  1.50521249E-01  1.14341476E-03
2.12265061E-01  1.43540666E-01  1.12923083E-03
2.12511738E-01  1.47668794E-01  1.14545331E-03
2.12758414E-01  1.49703979E-01  1.13853591E-03
2.13005091E-01  1.48255497E-01  1.20207097E-03
2.13251767E-01  1.48840442E-01  1.15122506E-03
2.13498444E-01  1.45005122E-01  1.14800665E-03
2.13745120E-01  1.49001852E-01  1.15028128E-03
2.13991796E-01  1.45554185E-01  1.10768329E-03
2.14238473E-01  1.44096583E-01  1.12404674E-03
2.14485149E-01  1.37140140E-01  1.09086116E-03
2.14731826E-01  1.37330756E-01  1.09372486E-03
2.14978502E-01  1.44782513E-01  1.15460297E-03
2.15225179E-01  1.42957434E-01  1.10321539E-03
2.15471855E-01  1.37258276E-01  1.09261647E-03
2.15718531E-01  1.43818945E-01  1.13512971E-03
2.15965208E-01  1.38079926E-01  1.10503286E-03
2.16211884E-01  1.35733873E-01  1.10892870E-03
2.16458561E-01  1.36621073E-01  1.07429782E-03
2.16705237E-01  1.36356905E-01  1.09252904E-03
2.16951913E-01  1.37438387E-01  1.09389890E-03
2.17198590E-01  1.32992506E-01  1.11757417E-03
2.17445266E-01  1.38970748E-01  1.11730932E-03
2.17691943E-01  1.37601718E-01  1.10775291E-03
2.17938619E-01  1.39996201E-01  1.14688545E-03
2.18185296E-01  1.33641273E-01  1.07507862E-03
2.18431972E-01  1.33341476E-01  1.10101001E-03
2.18678648E-01  1.32087186E-01  1.09940756E-03
2.18925325E-01  1.33550063E-01  1.12316944E-03
2.19172001E-01  1.26926541E-01  1.08699687E-03
2.19418678E-01  1.33670226E-01  1.07654242E-03
2.19665354E-01  1.34781718E-01  1.08978234E-03
2.19912031E-01  1.28523663E-01  1.06874330E-03
2.20158707E-01  1.31802514E-01  1.07944326E-03
2.20405383E-01  1.30145878E-01  1.08157378E-03
2.20652060E-01  1.33004084E-01  1.07388687E-03
2.20898736E-01  1.33986294E-01  1.11655111E-03
2.21145413E-01  1.32809266E-01  1.07416441E-03
2.21392089E-01  1.32071123E-01  1.08861248E-03
2.21638766E-01  1.31864682E-01  1.10143179E-03
2.21885442E-01  1.25510395E-01  1.05882995E-03
2.22132118E-01  1.27361849E-01  1.08376681E-03
2.22378795E-01  1.32960737E-01  1.07034843E-03
2.22625471E-01  1.32632315E-01  1.07594801E-03
2.22872148E-01  1.19585566E-01  1.01603928E-03
2.23118824E-01  1.25953719E-01  1.02249591E-03
2.23365500E-01  1.33160099E-01  1.09790242E-03
2.23612177E-01  1.25416115E-01  1.03201112E-03
2.23858853E-01  1.27060786E-01  1.03925029E-03
2.24105530E-01  1.25401422E-01  1.03400776E-03
2.24352206E-01  1.22354127E-01  1.03363220E-03
2.24598883E-01  1.20874479E-01  1.00389542E-03
2.24845559E-01  1.23215407E-01  1.05697196E-03
2.25092235E-01  1.20492540E-01  1.00364292E-03
2.25338912E-01  1.24176010E-01  1.01450144E-03
2.25585588E-01  1.25193194E-01  1.04260282E-03
2.25832265E-01  1.25623062E-01  1.05527660E-03
2.26078941E-01  1.27975851E-01  1.04710250E-03
2.26325618E-01  1.25766903E-01  1.03860593E-03
2.26572294E-01  1.22934207E-01  1.01338956E-03
2.26818970E-01  1.24636628E-01  1.01539318E-03
2.27065647E-01  1.22784041E-01  1.04601902E-03
2.27312323E-01  1.22693248E-01  1.03940675E-03
2.27559000E-01  1.21769510E-01  1.02994009E-03
2.27805676E-01  1.25191092E-01  1.03545096E-03
2.28052352E-01  1.18615232E-01  9.90944798E-04
2.28299029E-01  1.19928867E-01  1.02293200E-03
2.28545705E-01  1.21035479E-01  9.93044348E-04
2.28792382E-01  1.24567121E-01  1.02660281E-03
2.29039058E-01  1.19542830E-01  9.83415637E-04
2.29285735E-01  1.19812801E-01  1.00940978E-03
2.29532411E-01  1.18193068E-01  9.87635111E-04
2.29779087E-01  1.20910935E-01  1.03448133E-03
2.30025764E-01  1.19893529E-01  1.02360372E-03
2.30272440E-01  1.23531073E-01  1.02439069E-03
2.30519117E-01  1.20416068E-01  1.00470555E-03
2.30765793E-01  1.17934614E-01  1.00071158E-03
2.31012470E-01  1.16237789E-01  9.90737928E-04
2.31259146E-01  1.19075336E-01  1.01992523E-03
2.31505822E-01  1.12748690E-01  9.70448309E-04
2.31752499E-01  1.19056538E-01  9.98253818E-04
2.31999175E-01  1.19124331E-01  9.90788219E-04
2.32245852E-01  1.19965851E-01  1.00771966E-03
2.32492528E-01  1.23507433E-01  1.00541837E-03
2.32739205E-01  1.17370866E-01  9.68170585E-04
2.32985881E-01  1.19804762E-01  9.97031340E-04
2.33232557E-01  1.17844738E-01  1.00561918E-03
2.33479234E-01  1.19198792E-01  9.82673955E-04
2.33725910E-01  1.18698791E-01  9.66758642E-04
2.33972587E-01  1.17428295E-01  9.86017985E-04
2.34219263E-01  1.15313992E-01  9.70830442E-04
2.34465939E-01  1.14652447E-01  9.62741848E-04
2.34712616E-01  1.20110109E-01  1.00816926E-03
2.34959292E-01  1.19127899E-01  9.78882308E-04
2.35205969E-01  1.20030195E-01  1.00781198E-03
2.35452645E-01  1.17642775E-01  9.98266623E-04
2.35699322E-01  1.16575196E-01  9.74191586E-04
2.35945998E-01  1.16223522E-01  9.63657687E-04
2.36192674E-01  1.15106784E-01  9.68661159E-04
2.36439351E-01  1.15284890E-01  9.50068410E-04
2.36686027E-01  1.13898821E-01  9.63602914E-04
2.36932704E-01  1.16938144E-01  9.75937233E-04
2.37179380E-01  1.18032195E-01  9.84615297E-04
2.37426057E-01  1.19350053E-01  9.89257824E-04
2.37672733E-01  1.17990114E-01  9.84041835E-04
2.37919409E-01  1.17219858E-01  9.85216466E-04
2.38166086E-01  1.19025305E-01  9.79980337E-04
2.38412762E-01  1.12121530E-01  9.60798236E-04
2.38659439E-01  1.13374613E-01  9.46556102E-04
2.38906115E-01  1.12652123E-01  9.51899507E-04
2.39152791E-01  1.14479125E-01  9.57445533E-04
2.39399468E-01  1.15801543E-01  9.61887883E-04
2.39646144E-01  1.11884899E-01  9.23723681E-04
2.39892821E-01  1.15631036E-01  9.64650884E-04
2.40139497E-01  1.09551154E-01  9.47372988E-04
2.40386174E-01  1.14201665E-01  9.48375789E-04
2.40632850E-01  1.16100915E-01  9.62346792E-04
2.40879526E-01  1.17057875E-01  9.81387566E-04
2.41126203E-01  1.07145123E-01  9.32828407E-04
2.41372879E-01  1.12111948E-01  9.77594173E-04
2.41619556E-01  1.15451366E-01  9.59961151E-04
2.41866232E-01  1.15027480E-01  9.44514817E-04
2.42112909E-01  1.12140089E-01  9.40053782E-04
2.42359585E-01  1.17148980E-01  9.71124042E-04
2.42606261E-01  1.15823552E-01  9.61473503E-04
2.42852938E-01  1.18561931E-01  9.94177419E-04
2.43099614E-01  1.17358446E-01  9.73264512E-04
2.43346291E-01  1.21033132E-01  1.00389565E-03
2.43592967E-01  1.15981795E-01  9.68075066E-04
2.43839644E-01  1.19208209E-01  9.89365624E-04
2.44086320E-01  1.22411564E-01  9.99567215E-04
2.44332996E-01  1.18687876E-01  9.93564609E-04
2.44579673E-01  1.18943408E-01  9.74872324E-04
2.44826349E-01  1.16739474E-01  1.00697984E-03
2.45073026E-01  1.19078428E-01  9.87094012E-04
2.45319702E-01  1.17854811E-01  9.64528241E-04
2.45566378E-01  1.20196044E-01  1.02274376E-03
2.45813055E-01  1.21925339E-01  1.00696646E-03
2.46059731E-01  1.14884049E-01  9.72403213E-04
2.46306408E-01  1.24280535E-01  1.00955553E-03
2.46553084E-01  1.18041724E-01  1.01548387E-03
2.46799761E-01  1.19696975E-01  1.05413364E-03
2.47046437E-01  1.20288625E-01  1.03589578E-03
2.47293113E-01  1.18396975E-01  9.97570693E-04
2.47539790E-01  1.17242850E-01  1.01211737E-03
2.47786466E-01  1.20222941E-01  1.04585208E-03
2.48033143E-01  1.19333394E-01  1.03635108E-03
2.48279819E-01  1.22127376E-01  1.03742199E-03
2.48526496E-01  1.22484252E-01  1.04999018E-03
2.48773172E-01  1.19593643E-01  1.03924656E-03
2.49019848E-01  1.18634567E-01  1.05277903E-03
2.49266525E-01  1.15658745E-01  1.05022267E-03
2.49513201E-01  1.17167443E-01  1.05680025E-03
2.49759878E-01  1.17719747E-01  1.03319774E-03
2.50006554E-01  1.20830700E-01  1.08480419E-03
2.50253230E-01  1.15258247E-01  1.04759668E-03
2.50499907E-01  1.19609073E-01  1.04591262E-03
2.50746583E-01  1.19043611E-01  1.08012545E-03
2.50993260E-01  1.26112849E-01  1.09690265E-03
2.51239936E-01  1.22884639E-01  1.07341073E-03
2.51486613E-01  1.20914258E-01  1.04921916E-03
2.51733289E-01  1.19127892E-01  1.04816898E-03
2.51979965E-01  1.16091773E-01  1.07010931E-03
2.52226642E-01  1.18257016E-01  1.07718701E-03
2.52473318E-01  1.24364808E-01  1.11203513E-03
2.52719995E-01  1.26520038E-01  1.11026119E-03
2.52966671E-01  1.15778051E-01  1.06655422E-03
2.53213348E-01  1.17539093E-01  1.06580893E-03
2.53460024E-01  1.21365666E-01  1.09464535E-03
2.53706700E-01  1.20269202E-01  1.08130509E-03
2.53953377E-01  1.20731056E-01  1.10831601E-03
2.54200053E-01  1.18105665E-01  1.05459301E-03
2.54446730E-01  1.15580298E-01  1.09040423E-03
2.54693406E-01  1.19210124E-01  1.01935689E-03
2.54940083E-01  1.18365273E-01  1.06688624E-03
2.55186759E-01  1.17340036E-01  1.03564363E-03
2.55433435E-01  1.21628553E-01  1.09295011E-03
2.55680112E-01  1.23259403E-01  1.06836972E-03
2.55926788E-01  1.20240279E-01  1.00823690E-03
2.56173465E-01  1.22905806E-01  1.07739039E-03
2.56420141E-01  1.20271198E-01  1.03015418E-03
2.56666817E-01  1.19364925E-01  1.05385133E-03
2.56913494E-01  1.21467896E-01  1.04262494E-03
2.57160170E-01  1.22921772E-01  1.04049756E-03
2.57406847E-01  1.18336506E-01  1.04570249E-03
2.57653523E-01  1.25769362E-01  1.04529015E-03
2.57900200E-01  1.21848166E-01  1.06765365E-03
2.58146876E-01  1.22168362E-01  1.03603688E-03
2.58393552E-01  1.25933200E-01  1.06874178E-03
2.58640229E-01  1.24972515E-01  1.06216059E-03
2.58886905E-01  1.23132467E-01  1.06413802E-03
2.59133582E-01  1.22042537E-01  1.06112764E-03
2.59380258E-01  1.20398551E-01  1.02091359E-03
2.59626935E-01  1.25738353E-01  1.06912316E-03
2.59873611E-01  1.20584249E-01  1.04070234E-03
2.60120287E-01  1.21921189E-01  1.02584425E-03
2.60366964E-01  1.23950481E-01  1.06616353E-03
2.60613640E-01  1.24925204E-01  1.05691387E-03
2.60860317E-01  1.21831879E-01  1.03476795E-03
2.61106993E-01  1.24391265E-01  1.04837317E-03
2.61353670E-01  1.20029025E-01  1.00000086E-03
2.61600346E-01  1.24833860E-01  1.02072360E-03
2.61847022E-01  1.23022892E-01  1.04584219E-03
2.62093699E-01  1.23912901E-01  1.03487237E-03
2.62340375E-01  1.27091303E-01  1.04128849E-03
2.62587052E-01  1.20494492E-01  1.01613160E-03
2.62833728E-01  1.24014460E-01  1.04531541E-03
2.63080404E-01  1.24024257E-01  1.04070350E-03
2.63327081E-01  1.24213748E-01  1.03231950E-03
2.63573757E-01  1.25385419E-01  1.04803720E-03
2.63820434E-01  1.29307821E-01  1.06013112E-03
2.64067110E-01  1.21428654E-01  1.01810938E-03
2.64313787E-01  1.21805981E-01  1.02057576E-03
2.64560463E-01  1.23450726E-01  1.04041200E-03
2.64807139E-01  1.21506326E-01  1.02531316E-03
2.65053816E-01  1.25891030E-01  1.07145915E-03
2.65300492E-01  1.29182190E-01  1.06910767E-03
2.65547169E-01  1.24555171E-01  1.01594906E-03
2.65793845E-01  1.25979230E-01  1.05873856E-03
2.66040522E-01  1.26181886E-01  1.05237297E-03
2.66287198E-01  1.22993313E-01  1.03702955E-03
2.66533874E-01  1.28686994E-01  1.03582407E-03
2.66780551E-01  1.22246914E-01  9.93777532E-04
2.67027227E-01  1.26929805E-01  1.04907562E-03
2.67273904E-01  1.28014684E-01  1.02646148E-03
2.67520580E-01  1.24234930E-01  1.01889356E-03
2.67767256E-01  1.29195020E-01  1.04311865E-03
2.68013933E-01  1.25941500E-01  1.04576873E-03
2.68260609E-01  1.22338280E-01  1.00599206E-03
2.68507286E-01  1.27064854E-01  1.04114704E-03
2.68753962E-01  1.28265858E-01  1.03920838E-03
2.69000639E-01  1.23599291E-01  1.01262319E-03
2.69247315E-01  1.28084287E-01  1.04822800E-03
2.69493991E-01  1.25293970E-01  1.03575340E-03
2.69740668E-01  1.27018675E-01  1.01590960E-03
2.69987344E-01  1.30755648E-01  1.02743285E-03
2.70234021E-01  1.26101136E-01  9.99751152E-04
2.70480697E-01  1.25908688E-01  1.03302742E-03
2.70727374E-01  1.27848670E-01  1.07290759E-03
2.70974050E-01  1.30596250E-01  1.08562852E-03
2.71220726E-01  1.32309422E-01  1.08138938E-03
2.71467403E-01  1.26847103E-01  1.08568626E-03
2.71714079E-01  1.28618076E-01  1.09204033E-03
2.71960756E-01  1.30153999E-01  1.08972250E-03
2.72207432E-01  1.30920440E-01  1.09562755E-03
2.72454109E-01  1.33103222E-01  1.12674281E-03
2.72700785E-01  1.32254779E-01  1.08757813E-03
2.72947461E-01  1.31466463E-01  1.09832000E-03
2.73194138E-01  1.30160615E-01  1.11286703E-03
2.73440814E-01  1.35070577E-01  1.10347604E-03
2.73687491E-01  1.28868833E-01  1.08329544E-03
2.73934167E-01  1.27259225E-01  1.05784147E-03
2.74180843E-01  1.31723374E-01  1.10363995E-03
2.74427520E-01  1.31121472E-01  1.09144230E-03
2.74674196E-01  1.30546510E-01  1.09723664E-03
2.74920873E-01  1.29688352E-01  1.09391275E-03
2.75167549E-01  1.28807500E-01  1.08111347E-03
2.75414226E-01  1.32198140E-01  1.10294647E-03
2.75660902E-01  1.33737847E-01  1.09967263E-03
2.75907578E-01  1.32971510E-01  1.12804119E-03
2.76154255E-01  1.25770435E-01  1.07427523E-03
2.76400931E-01  1.34072125E-01  1.11884321E-03
2.76647608E-01  1.32039890E-01  1.14475633E-03
2.76894284E-01  1.32195219E-01  1.10134936E-03
2.77140961E-01  1.36588886E-01  1.14043173E-03
2.77387637E-01  1.25794113E-01  1.06891443E-03
2.77634313E-01  1.29288077E-01  1.10204099E-03
2.77880990E-01  1.29304633E-01  1.09736284E-03
2.78127666E-01  1.28498495E-01  1.10095716E-03
2.78374343E-01  1.28643289E-01  1.12295034E-03
2.78621019E-01  1.30836666E-01  1.08001591E-03
2.78867695E-01  1.31217048E-01  1.13553926E-03
2.79114372E-01  1.31715000E-01  1.13028847E-03
2.79361048E-01  1.35644257E-01  1.13171455E-03
2.79607725E-01  1.34287298E-01  1.11889211E-03
2.79854401E-01  1.33009866E-01  1.08988467E-03
2.80101078E-01  1.34951904E-01  1.11133896E-03
2.80347754E-01  1.30741328E-01  1.08069123E-03
2.80594430E-01  1.28431603E-01  1.12206244E-03
2.80841107E-01  1.31714284E-01  1.13234634E-03
2.81087783E-01  1.33633047E-01  1.15368818E-03
2.81334460E-01  1.36899695E-01  1.17185933E-03
2.81581136E-01  1.33920133E-01  1.12726167E-03
2.81827813E-01  1.35375768E-01  1.12984783E-03
2.82074489E-01  1.36727720E-01  1.14731025E-03
2.82321165E-01  1.32757112E-01  1.10822776E-03
2.82567842E-01  1.30386487E-01  1.08500046E-03
2.82814518E-01  1.32234216E-01  1.13209931E-03
2.83061195E-01  1.29218891E-01  1.08225632E-03
2.83307871E-01  1.29641324E-01  1.12056732E-03
2.83554548E-01  1.34778515E-01  1.11697451E-03
2.83801224E-01  1.27322808E-01  1.10703206E-03
2.84047900E-01  1.35946751E-01  1.14230672E-03
2.84294577E-01  1.33713633E-01  1.12627435E-03
2.84541253E-01  1.33510053E-01  1.15724525E-03
2.84787930E-01  1.30707458E-01  1.13669713E-03
2.85034606E-01  1.32977024E-01  1.10501237E-03
2.85281282E-01  1.35035306E-01  1.13642204E-03
2.85527959E-01  1.36149332E-01  1.14928221E-03
2.85774635E-01  1.33855551E-01  1.10031653E-03
2.86021312E-01  1.34960651E-01  1.15764979E-03
2.86267988E-01  1.33068666E-01  1.14305876E-03
2.86514665E-01  1.30906835E-01  1.11036305E-03
2.86761341E-01  1.32812575E-01  1.12866436E-03
2.87008017E-01  1.31984055E-01  1.11696147E-03
2.87254694E-01  1.29597411E-01  1.10530166E-03
2.87501370E-01  1.35732263E-01  1.14195619E-03
2.87748047E-01  1.36405542E-01  1.16656988E-03
2.87994723E-01  1.34482667E-01  1.15906855E-03
2.88241400E-01  1.27901942E-01  1.12394930E-03
2.88488076E-01  1.29461467E-01  1.10974628E-03
2.88734752E-01  1.31442964E-01  1.13388023E-03
2.88981429E-01  1.40474290E-01  1.19764579E-03
2.89228105E-01  1.34874538E-01  1.15460192E-03
2.89474782E-01  1.29140392E-01  1.11409638E-03
2.89721458E-01  1.29764706E-01  1.13129464E-03
2.89968134E-01  1.31630018E-01  1.12227048E-03
2.90214811E-01  1.33214280E-01  1.14593597E-03
2.90461487E-01  1.36023879E-01  1.16099790E-03
2.90708164E-01  1.28222510E-01  1.11913821E-03
2.90954840E-01  1.30988568E-01  1.14500325E-03
2.91201517E-01  1.33968174E-01  1.13860576E-03
2.91448193E-01  1.34197146E-01  1.16676709E-03
2.91694869E-01  1.36323348E-01  1.14204991E-03
2.91941546E-01  1.32422075E-01  1.12037128E-03
2.92188222E-01  1.34008691E-01  1.14885753E-03
2.92434899E-01  1.35435343E-01  1.14603504E-03
2.92681575E-01  1.31892681E-01  1.12488598E-03
2.92928252E-01  1.30034342E-01  1.11228845E-03
2.93174928E-01  1.34194449E-01  1.14637439E-03
2.93421604E-01  1.36725798E-01  1.15760672E-03
2.93668281E-01  1.35002270E-01  1.15865748E-03
2.93914957E-01  1.33451685E-01  1.16430037E-03
2.94161634E-01  1.26780912E-01  1.11029507E-03
2.94408310E-01  1.28940478E-01  1.11741142E-03
2.94654987E-01  1.32563546E-01  1.12359691E-03
2.94901663E-01  1.30869225E-01  1.11228426E-03
2.95148339E-01  1.26940310E-01  1.11179019E-03
2.95395016E-01  1.29896939E-01  1.08381745E-03
2.95641692E-01  1.30993739E-01  1.16247043E-03
2.95888369E-01  1.35346577E-01  1.13364798E-03
2.96135045E-01  1.32738635E-01  1.13911123E-03
2.96381721E-01  1.27067611E-01  1.12639600E-03
2.96628398E-01  1.31286725E-01  1.13382097E-03
2.96875074E-01  1.36353210E-01  1.16877444E-03
2.97121751E-01  1.30446047E-01  1.12617784E-03
2.97368427E-01  1.31487399E-01  1.13311224E-03
2.97615104E-01  1.36586726E-01  1.14370568E-03
2.97861780E-01  1.32043540E-01  1.13603729E-03
2.98108456E-01  1.29626721E-01  1.10783672E-03
2.98355133E-01  1.27178147E-01  1.13377965E-03
2.98601809E-01  1.30801603E-01  1.12832501E-03
2.98848486E-01  1.33271948E-01  1.13468210E-03
2.99095162E-01  1.29928187E-01  1.13553368E-03
2.99341839E-01  1.30209312E-01  1.13728724E-03
2.99588515E-01  1.31652415E-01  1.11126155E-03
2.99835191E-01  1.29345894E-01  1.13683182E-03
3.00081868E-01  1.32566378E-01  1.14402920E-03
3.00328544E-01  1.32356495E-01  1.16278883E-03
3.00575221E-01  1.32849410E-01  1.13413506E-03
3.00821897E-01  1.31230801E-01  1.11158693E-03
3.01068574E-01  1.27094656E-01  1.09636516E-03
3.01315250E-01  1.30405664E-01  1.16456405E-03
3.01561926E-01  1.27495781E-01  1.14579464E-03
3.01808603E-01  1.34145156E-01  1.15085323E-03
3.02055279E-01  1.33009821E-01  1.15784025E-03
3.02301956E-01  1.31423771E-01  1.15988951E-03
3.02548632E-01  1.33144781E-01  1.13076414E-03
3.02795308E-01  1.32865816E-01  1.12544617E-03
3.03041985E-01  1.30553320E-01  1.13188161E-03
3.03288661E-01  1.27627626E-01  1.11665449E-03
3.03535338E-01  1.35380074E-01  1.16129441E-03
3.03782014E-01  1.33182764E-01  1.18470530E-03
3.04028691E-01  1.30116403E-01  1.16177392E-03
3.04275367E-01  1.30805552E-01  1.12591055E-03
3.04522043E-01  1.30097225E-01  1.11955218E-03
3.04768720E-01  1.32516190E-01  1.15947926E-03
3.05015396E-01  1.35281309E-01  1.15748937E-03
3.05262073E-01  1.32323876E-01  1.13996479E-03
3.05508749E-01  1.32765695E-01  1.14960095E-03
3.05755426E-01  1.32827938E-01  1.13941298E-03
3.06002102E-01  1.27541199E-01  1.12797495E-03
3.06248778E-01  1.32654116E-01  1.14856474E-03
3.06495455E-01  1.28877953E-01  1.12399121E-03
3.06742131E-01  1.34742051E-01  1.15581194E-03
3.06988808E-01  1.32766321E-01  1.15205976E-03
3.07235484E-01  1.34773314E-01  1.13745918E-03
3.07482160E-01  1.29537523E-01  1.13205565E-03
3.07728837E-01  1.38160899E-01  1.16757548E-03
3.07975513E-01  1.32391095E-01  1.13184587E-03
3.08222190E-01  1.31139681E-01  1.13032421E-03
3.08468866E-01  1.29715323E-01  1.14977511E-03
3.08715543E-01  1.31628543E-01  1.12977799E-03
3.08962219E-01  1.30987883E-01  1.15745037E-03
3.09208895E-01  1.30650014E-01  1.15948974E-03
3.09455572E-01  1.35107800E-01  1.16779970E-03
3.09702248E-01  1.27220690E-01  1.13361981E-03
3.09948925E-01  1.39149442E-01  1.20932632E-03
3.10195601E-01  1.33878753E-01  1.18681602E-03
3.10442278E-01  1.29082546E-01  1.13163784E-03
3.10688954E-01  1.26290306E-01  1.10458280E-03
3.10935630E-01  1.35077372E-01  1.16731483E-03
3.11182307E-01  1.30472824E-01  1.14096608E-03
3.11428983E-01  1.33602589E-01  1.16208382E-03
3.11675660E-01  1.31139830E-01  1.14533934E-03
3.11922336E-01  1.29293829E-01  1.11461990E-03
3.12169013E-01  1.30895346E-01  1.15256640E-03
3.12415689E-01  1.28282994E-01  1.14176970E-03
3.12662365E-01  1.29022956E-01  1.12931733E-03
3.12909042E-01  1.30504280E-01  1.17308029E-03
3.13155718E-01  1.33614153E-01  1.17700093E-03
3.13402395E-01  1.35705143E-01  1.15240109E-03
3.13649071E-01  1.24581762E-01  1.12786773E-03
3.13895747E-01  1.30648226E-01  1.16370269E-03
3.14142424E-01  1.34964868E-01  1.16396265E-03
3.14389100E-01  1.33516490E-01  1.16372842E-03
3.14635777E-01  1.27925605E-01  1.11103093E-03
3.14882453E-01  1.33540392E-01  1.15320040E-03
3.15129130E-01  1.27234891E-01  1.13069499E-03
3.15375806E-01  1.28283724E-01  1.14667765E-03
3.15622482E-01  1.34827852E-01  1.16625661E-03
3.15869159E-01  1.28714472E-01  1.14405795E-03
3.16115835E-01  1.32969946E-01  1.15685980E-03
3.16362512E-01  1.24871626E-01  1.11492642E-03
3.16609188E-01  1.25812396E-01  1.13025680E-03
3.16855865E-01  1.27239496E-01  1.14818977E-03
3.17102541E-01  1.28306091E-01  1.11133198E-03
3.17349217E-01  1.23024493E-01  1.11120858E-03
3.17595894E-01  1.32442310E-01  1.14416273E-03
3.17842570E-01  1.30065396E-01  1.13854988E-03
3.18089247E-01  1.28143027E-01  1.13119511E-03
3.18335923E-01  1.31525159E-01  1.17021834E-03
3.18582599E-01  1.34254321E-01  1.16212526E-03
3.18829276E-01  1.28604576E-01  1.14792190E-03
3.19075952E-01  1.32955611E-01  1.10412017E-03
3.19322629E-01  1.32236391E-01  1.13962137E-03
3.19569305E-01  1.35779902E-01  1.17218902E-03
3.19815982E-01  1.28507480E-01  1.13266183E-03
3.20062658E-01  1.32289901E-01  1.15420751E-03
3.20309334E-01  1.33741185E-01  1.14973215E-03
3.20556011E-01  1.34734467E-01  1.13099604E-03
3.20802687E-01  1.35386601E-01  1.16739236E-03
3.21049364E-01  1.31342635E-01  1.15733629E-03
3.21296040E-01  1.26050174E-01  1.11627404E-03
3.21542717E-01  1.33056313E-01  1.18026370E-03
3.21789393E-01  1.31121278E-01  1.13272015E-03
3.22036069E-01  1.31240875E-01  1.16054353E-03
3.22282746E-01  1.30118728E-01  1.12572080E-03
3.22529422E-01  1.30861044E-01  1.18295080E-03
3.22776099E-01  1.30906910E-01  1.14675169E-03
3.23022775E-01  1.29567862E-01  1.14937185E-03
3.23269452E-01  1.35046318E-01  1.17702025E-03
3.23516128E-01  1.31518275E-01  1.16369838E-03
3.23762804E-01  1.28980070E-01  1.16089906E-03
3.24009481E-01  1.35426670E-01  1.16339815E-03
3.24256157E-01  1.29147068E-01  1.16111792E-03
3.24502834E-01  1.32791668E-01  1.18690566E-03
3.24749510E-01  1.29790843E-01  1.13611063E-03
3.24996186E-01  1.32295743E-01  1.18629273E-03
3.25242863E-01  1.33855656E-01  1.19546545E-03
3.25489539E-01  1.35714278E-01  1.17669394E-03
3.25736216E-01  1.30411327E-01  1.15517143E-03
3.25982892E-01  1.34502351E-01  1.18201226E-03
3.26229569E-01  1.35338753E-01  1.20263186E-03
3.26476245E-01  1.26817003E-01  1.11147249E-03
3.26722921E-01  1.28357753E-01  1.12866005E-03
3.26969598E-01  1.36723801E-01  1.17642130E-03
3.27216274E-01  1.28727108E-01  1.15181529E-03
3.27462951E-01  1.33984461E-01  1.15977041E-03
3.27709627E-01  1.37088791E-01  1.17012498E-03
3.27956304E-01  1.30892932E-01  1.15805131E-03
3.28202980E-01  1.28275126E-01  1.14824972E-03
3.28449656E-01  1.34295583E-01  1.15388283E-03
3.28696333E-01  1.30309135E-01  1.14823773E-03
3.28943009E-01  1.33742809E-01  1.18131365E-03
3.29189686E-01  1.34328097E-01  1.16006995E-03
3.29436362E-01  1.32642463E-01  1.14313536E-03
3.29683039E-01  1.37300387E-01  1.17460929E-03
3.29929715E-01  1.37275398E-01  1.15417957E-03
3.30176391E-01  1.31174043E-01  1.15696050E-03
3.30423068E-01  1.32396340E-01  1.14563922E-03
3.30669744E-01  1.30949020E-01  1.13858364E-03
3.30916421E-01  1.37652352E-01  1.20610744E-03
3.31163097E-01  1.34255618E-01  1.17807917E-03
3.31409773E-01  1.29732057E-01  1.18323206E-03
3.31656450E-01  1.33191347E-01  1.16756465E-03
3.31903126E-01  1.32412344E-01  1.16345752E-03
3.32149803E-01  1.35242835E-01  1.16848690E-03
3.32396479E-01  1.34669617E-01  1.14647497E-03
3.32643156E-01  1.29567683E-01  1.13607454E-03
3.32889832E-01  1.34275422E-01  1.17523014E-03
3.33136508E-01  1.34929359E-01  1.17347937E-03
3.33383185E-01  1.31309822E-01  1.14166306E-03
3.33629861E-01  1.34050384E-01  1.13631063E-03
3.33876538E-01  1.33485243E-01  1.20865577E-03
3.34123214E-01  1.31758437E-01  1.15304918E-03
3.34369891E-01  1.31919861E-01  1.19004096E-03
3.34616567E-01  1.35263562E-01  1.16829725E-03
3.34863243E-01  1.33171409E-01  1.15129410E-03
3.35109920E-01  1.34302154E-01  1.15471496E-03
3.35356596E-01  1.37153357E-01  1.17799093E-03
3.35603273E-01  1.31000683E-01  1.16687256E-03
3.35849949E-01  1.33231282E-01  1.16744242E-03
3.36096625E-01  1.32040858E-01  1.14790292E-03
3.36343302E-01  1.35199502E-01  1.21700566E-03
3.36589978E-01  1.35326073E-01  1.18898146E-03
3.36836655E-01  1.34683698E-01  1.18180248E-03
3.37083331E-01  1.32535428E-01  1.17749092E-03
3.37330008E-01  1.30631849E-01  1.16661168E-03
3.37576684E-01  1.30014032E-01  1.15542742E-03
3.37823360E-01  1.38619110E-01  1.19805778E-03
3.38070037E-01  1.32070422E-01  1.17912341E-03
3.38316713E-01  1.36124760E-01  1.20918162E-03
3.38563390E-01  1.33832917E-01  1.16071163E-03
3.38810066E-01  1.36746436E-01  1.25018694E-03
3.39056743E-01  1.39072508E-01  1.17651105E-03
3.39303419E-01  1.33380279E-01  1.18823291E-03
3.39550095E-01  1.35884270E-01  1.17272791E-03
3.39796772E-01  1.30290985E-01  1.15377549E-03
3.40043448E-01  1.33310527E-01  1.17375108E-03
3.40290125E-01  1.34259358E-01  1.16019940E-03
3.40536801E-01  1.31230369E-01  1.16627081E-03
3.40783478E-01  1.33915275E-01  1.15303870E-03
3.41030154E-01  1.31989405E-01  1.16449234E-03
3.41276830E-01  1.30972221E-01  1.14383269E-03
3.41523507E-01  1.37506008E-01  1.20532629E-03
3.41770183E-01  1.36201039E-01  1.19720434E-03
3.42016860E-01  1.34063467E-01  1.17439497E-03
3.42263536E-01  1.34283528E-01  1.19380129E-03
3.42510212E-01  1.29387468E-01  1.18152483E-03
3.42756889E-01  1.32454336E-01  1.14903937E-03
3.43003565E-01  1.34940043E-01  1.19486952E-03
3.43250242E-01  1.34313807E-01  1.13326812E-03
3.43496918E-01  1.39120296E-01  1.23510242E-03
3.43743595E-01  1.33939877E-01  1.16303354E-03
3.43990271E-01  1.33325249E-01  1.16878818E-03
3.44236947E-01  1.30342454E-01  1.16459734E-03
3.44483624E-01  1.31916821E-01  1.17856695E-03
3.44730300E-01  1.33531064E-01  1.20117993E-03
3.44976977E-01  1.32636026E-01  1.16091128E-03
3.45223653E-01  1.32919014E-01  1.16448337E-03
3.45470330E-01  1.36533841E-01  1.17063220E-03
3.45717006E-01  1.29754186E-01  1.12860522E-03
3.45963682E-01  1.35832340E-01  1.15338701E-03
3.46210359E-01  1.33001074E-01  1.19831436E-03
3.46457035E-01  1.27645150E-01  1.12379703E-03
3.46703712E-01  1.32934049E-01  1.17571699E-03
3.46950388E-01  1.26655161E-01  1.15360692E-03
3.47197064E-01  1.35108083E-01  1.16698956E-03
3.47443741E-01  1.34508252E-01  1.17566297E-03
3.47690417E-01  1.29729897E-01  1.10808935E-03
3.47937094E-01  1.27352238E-01  1.15333952E-03
3.48183770E-01  1.33805737E-01  1.18358270E-03
3.48430447E-01  1.37405321E-01  1.17684738E-03
3.48677123E-01  1.25919089E-01  1.13411213E-03
3.48923799E-01  1.29093245E-01  1.13693939E-03
3.49170476E-01  1.31496236E-01  1.13532343E-03
3.49417152E-01  1.29257023E-01  1.14435516E-03
3.49663829E-01  1.28041565E-01  1.13511237E-03
3.49910505E-01  1.28575191E-01  1.13429083E-03
3.50157182E-01  1.27093673E-01  1.10818562E-03
3.50403858E-01  1.28722250E-01  1.17517449E-03
3.50650534E-01  1.34429872E-01  1.18401495E-03
3.50897211E-01  1.31118655E-01  1.16701436E-03
3.51143887E-01  1.28763676E-01  1.15781545E-03
3.51390564E-01  1.33493990E-01  1.13664509E-03
3.51637240E-01  1.31712362E-01  1.14576146E-03
3.51883917E-01  1.33048594E-01  1.16852520E-03
3.52130593E-01  1.24921329E-01  1.13423530E-03
3.52377269E-01  1.32134631E-01  1.13068311E-03
3.52623946E-01  1.30603984E-01  1.13813602E-03
3.52870622E-01  1.27284095E-01  1.11709838E-03
3.53117299E-01  1.25564858E-01  1.11406948E-03
3.53363975E-01  1.31144464E-01  1.15491473E-03
3.53610651E-01  1.24081619E-01  1.09553931E-03
3.53857328E-01  1.29823267E-01  1.12433429E-03
3.54104004E-01  1.26593009E-01  1.12786994E-03
3.54350681E-01  1.26209393E-01  1.12214114E-03
3.54597357E-01  1.30020991E-01  1.17301289E-03
3.54844034E-01  1.22934304E-01  1.10222748E-03
3.55090710E-01  1.33563131E-01  1.16207276E-03
3.55337386E-01  1.24748990E-01  1.12921069E-03
3.55584063E-01  1.21886373E-01  1.14588067E-03
3.55830739E-01  1.29383609E-01  1.13190315E-03
3.56077416E-01  1.24945924E-01  1.14756590E-03
3.56324092E-01  1.21402815E-01  1.14857638E-03
3.56570769E-01  1.23544440E-01  1.13283901E-03
3.56817445E-01  1.30842775E-01  1.16419559E-03
3.57064121E-01  1.20106183E-01  1.12646539E-03
3.57310798E-01  1.23399191E-01  1.09049457E-03
3.57557474E-01  1.25869140E-01  1.15020515E-03
3.57804151E-01  1.29200771E-01  1.13336113E-03
3.58050827E-01  1.27270177E-01  1.15775689E-03
3.58297503E-01  1.27468199E-01  1.13331852E-03
3.58544180E-01  1.23358041E-01  1.13199058E-03
3.58790856E-01  1.20451547E-01  1.09366095E-03
3.59037533E-01  1.18892148E-01  1.10466708E-03
3.59284209E-01  1.26817420E-01  1.13793439E-03
3.59530886E-01  1.22959882E-01  1.10225601E-03
3.59777562E-01  1.23350471E-01  1.12649344E-03
3.60024238E-01  1.25297755E-01  1.14916882E-03
3.60270915E-01  1.26664072E-01  1.12714886E-03
3.60517591E-01  1.24702826E-01  1.11325854E-03
3.60764268E-01  1.25202894E-01  1.13308523E-03
3.61010944E-01  1.24173135E-01  1.09731453E-03
3.61257621E-01  1.23131216E-01  1.12720253E-03
3.61504297E-01  1.21103719E-01  1.09541102E-03
3.61750973E-01  1.28020316E-01  1.17683096E-03
3.61997650E-01  1.21669024E-01  1.11108390E-03
3.62244326E-01  1.20753452E-01  1.09900616E-03
3.62491003E-01  1.20371900E-01  1.10943813E-03
3.62737679E-01  1.21577963E-01  1.13411481E-03
3.62984356E-01  1.23291738E-01  1.14702713E-03
3.63231032E-01  1.22109145E-01  1.11636741E-03
3.63477708E-01  1.19184658E-01  1.12241681E-03
3.63724385E-01  1.25024095E-01  1.13008078E-03
3.63971061E-01  1.24387212E-01  1.12589926E-03
3.64217738E-01  1.21145539E-01  1.12203264E-03
3.64464414E-01  1.23012364E-01  1.12008268E-03
3.64711090E-01  1.20190270E-01  1.13644393E-03
3.64957767E-01  1.18979715E-01  1.09778566E-03
3.65204443E-01  1.22822985E-01  1.11659185E-03
3.65451120E-01  1.20698281E-01  1.10576383E-03
3.65697796E-01  1.19751155E-01  1.12389168E-03
3.65944473E-01  1.21321581E-01  1.07928738E-03
3.66191149E-01  1.23883933E-01  1.13854371E-03
3.66437825E-01  1.22385994E-01  1.10254646E-03
3.66684502E-01  1.18278861E-01  1.09860522E-03
3.66931178E-01  1.19381242E-01  1.12727529E-03
3.67177855E-01  1.17528185E-01  1.08679349E-03
3.67424531E-01  1.19722426E-01  1.09892886E-03
3.67671208E-01  1.22431144E-01  1.11657951E-03
3.67917884E-01  1.20223679E-01  1.08467077E-03
3.68164560E-01  1.21104605E-01  1.11177831E-03
3.68411237E-01  1.19598292E-01  1.11066690E-03
3.68657913E-01  1.19511470E-01  1.11287995E-03
3.68904590E-01  1.20843314E-01  1.12087221E-03
3.69151266E-01  1.20215371E-01  1.07756222E-03
3.69397943E-01  1.22353576E-01  1.09511346E-03
3.69644619E-01  1.21281989E-01  1.11124630E-03
3.69891295E-01  1.18148603E-01  1.11557764E-03
3.70137972E-01  1.22955322E-01  1.13437418E-03
3.70384648E-01  1.16922833E-01  1.06626737E-03
3.70631325E-01  1.19918779E-01  1.07565452E-03
3.70878001E-01  1.14147700E-01  1.10660295E-03
3.71124677E-01  1.22887105E-01  1.10743009E-03
3.71371354E-01  1.19146690E-01  1.10864686E-03
3.71618030E-01  1.20125584E-01  1.09836448E-03
3.71864707E-01  1.17911398E-01  1.09956192E-03
3.72111383E-01  1.19774744E-01  1.12790347E-03
3.72358060E-01  1.16307318E-01  1.08918257E-03
3.72604736E-01  1.13920294E-01  1.07034622E-03
3.72851412E-01  1.17895685E-01  1.09681126E-03
3.73098089E-01  1.20827034E-01  1.14844437E-03
3.73344765E-01  1.20176181E-01  1.11445179E-03
3.73591442E-01  1.18244544E-01  1.05655508E-03
3.73838118E-01  1.19573124E-01  1.11463037E-03
3.74084795E-01  1.18314326E-01  1.08523434E-03
3.74331471E-01  1.20423630E-01  1.07751356E-03
3.74578147E-01  1.18837729E-01  1.09121762E-03
3.74824824E-01  1.22013412E-01  1.13363634E-03
3.75071500E-01  1.20633632E-01  1.08961656E-03
3.75318177E-01  1.13098070E-01  1.05909107E-03
3.75564853E-01  1.15857333E-01  1.09112600E-03
3.75811529E-01  1.13699354E-01  1.06379017E-03
3.76058206E-01  1.17313921E-01  1.07656163E-03
3.76304882E-01  1.13801591E-01  1.06594199E-03
3.76551559E-01  1.16531000E-01  1.11426925E-03
3.76798235E-01  1.16769575E-01  1.07492460E-03
3.77044912E-01  1.15461431E-01  1.07963465E-03
3.77291588E-01  1.16453215E-01  1.08923367E-03
3.77538264E-01  1.17677651E-01  1.06786622E-03
3.77784941E-01  1.18127935E-01  1.11438951E-03
3.78031617E-01  1.19687229E-01  1.07530772E-03
3.78278294E-01  1.20440386E-01  1.10351259E-03
3.78524970E-01  1.18857354E-01  1.08795799E-03
3.78771647E-01  1.17090099E-01  1.06037071E-03
3.79018323E-01  1.22270964E-01  1.09487970E-03
3.79264999E-01  1.16077878E-01  1.06781581E-03
3.79511676E-01  1.18644007E-01  1.06963841E-03
3.79758352E-01  1.18478477E-01  1.10049231E-03
3.80005029E-01  1.15148507E-01  1.07894128E-03
3.80251705E-01  1.17364325E-01  1.08840212E-03
3.80498382E-01  1.17985353E-01  1.12513511E-03
3.80745058E-01  1.15609720E-01  1.07563334E-03
3.80991734E-01  1.19990006E-01  1.13173842E-03
3.81238411E-01  1.21774167E-01  1.15089247E-03
3.81485087E-01  1.17656544E-01  1.14181743E-03
3.81731764E-01  1.13844074E-01  1.11566798E-03
3.81978440E-01  1.20772041E-01  1.14909746E-03
3.82225116E-01  1.13991909E-01  1.13333599E-03
3.82471793E-01  1.22900695E-01  1.18563243E-03
3.82718469E-01  1.17720686E-01  1.17768638E-03
3.82965146E-01  1.16193131E-01  1.16091396E-03
3.83211822E-01  1.11669429E-01  1.14121905E-03
3.83458499E-01  1.19029969E-01  1.22070475E-03
3.83705175E-01  1.12691693E-01  1.19844102E-03
3.83951851E-01  1.17109574E-01  1.18488062E-03
3.84198528E-01  1.16720013E-01  1.21214346E-03
3.84445204E-01  1.23459421E-01  1.25090498E-03
3.84691881E-01  1.12158753E-01  1.19314448E-03
3.84938557E-01  1.11111917E-01  1.18816842E-03
3.85185234E-01  1.17859036E-01  1.19676732E-03
3.85431910E-01  1.11327440E-01  1.18332950E-03
3.85678586E-01  1.10644519E-01  1.17743062E-03
3.85925263E-01  1.14948325E-01  1.19735661E-03
3.86171939E-01  1.13746345E-01  1.22457044E-03
3.86418616E-01  1.16186775E-01  1.25159090E-03
3.86665292E-01  1.12595744E-01  1.23683037E-03
3.86911968E-01  1.18213683E-01  1.25114690E-03
3.87158645E-01  1.14848316E-01  1.21859799E-03
3.87405321E-01  1.18535534E-01  1.27305789E-03
3.87651998E-01  1.09274648E-01  1.22019439E-03
3.87898674E-01  1.16022222E-01  1.24591636E-03
3.88145351E-01  1.16875470E-01  1.26289041E-03
3.88392027E-01  1.11344390E-01  1.25675567E-03
3.88638703E-01  1.09996416E-01  1.24484266E-03
3.88885380E-01  1.15061082E-01  1.26475736E-03
3.89132056E-01  1.11498781E-01  1.28198648E-03
3.89378733E-01  1.19897261E-01  1.30309956E-03
3.89625409E-01  1.11526817E-01  1.28822005E-03
3.89872086E-01  1.18383639E-01  1.30283495E-03
3.90118762E-01  1.15548044E-01  1.23695075E-03
3.90365438E-01  1.20083556E-01  1.29746902E-03
3.90612115E-01  1.16715215E-01  1.24389865E-03
3.90858791E-01  1.18552864E-01  1.23126572E-03
3.91105468E-01  1.17427863E-01  1.25477905E-03
3.91352144E-01  1.22239038E-01  1.27013575E-03
3.91598821E-01  1.20894067E-01  1.25387742E-03
3.91845497E-01  1.13422312E-01  1.21483114E-03
3.92092173E-01  1.13948464E-01  1.21260481E-03
3.92338850E-01  1.15425214E-01  1.17683329E-03
3.92585526E-01  1.16565332E-01  1.18774304E-03
3.92832203E-01  1.17407389E-01  1.20582036E-03
3.93078879E-01  1.18887357E-01  1.22355053E-03
3.93325555E-01  1.17840379E-01  1.22203690E-03
3.93572232E-01  1.17145807E-01  1.19709224E-03
3.93818908E-01  1.14693113E-01  1.19388034E-03
3.94065585E-01  1.18038349E-01  1.22081954E-03
3.94312261E-01  1.20235093E-01  1.20751176E-03
3.94558938E-01  1.12414174E-01  1.16454926E-03
3.94805614E-01  1.17078729E-01  1.18612475E-03
3.95052290E-01  1.16980739E-01  1.16740284E-03
3.95298967E-01  1.20632932E-01  1.21271040E-03
3.95545643E-01  1.14846610E-01  1.15733396E-03
3.95792320E-01  1.16207518E-01  1.17546262E-03
3.96038996E-01  1.16246939E-01  1.19390187E-03
3.96285673E-01  1.15416855E-01  1.18488388E-03
3.96532349E-01  1.14629120E-01  1.19653984E-03
3.96779025E-01  1.20201237E-01  1.20600441E-03
3.97025702E-01  1.08542658E-01  1.13557081E-03
3.97272378E-01  1.23204052E-01  1.18711300E-03
3.97519055E-01  1.17021285E-01  1.15700089E-03
3.97765731E-01  1.20556094E-01  1.20547577E-03
3.98012407E-01  1.18097775E-01  1.14590442E-03
3.98259084E-01  1.18999697E-01  1.18428795E-03
3.98505760E-01  1.16995335E-01  1.20114139E-03
3.98752437E-01  1.14020333E-01  1.16321817E-03
3.98999113E-01  1.17281400E-01  1.22369442E-03
3.99245790E-01  1.15258306E-01  1.13826734E-03
3.99492466E-01  1.15698904E-01  1.16385729E-03
3.99739142E-01  1.15420990E-01  1.17466587E-03
3.99985819E-01  1.15610734E-01  1.18312903E-03
4.00232495E-01  1.21174395E-01  1.18182367E-03
4.00479172E-01  1.22384876E-01  1.17072347E-03
4.00725848E-01  1.24014705E-01  1.20500324E-03
4.00972525E-01  1.13481589E-01  1.14193093E-03
4.01219201E-01  1.21460244E-01  1.21884944E-03
4.01465877E-01  1.07622147E-01  1.08421349E-03
4.01712554E-01  1.19654149E-01  1.16884080E-03
4.01959230E-01  1.14635453E-01  1.16134039E-03
4.02205907E-01  1.19043976E-01  1.15984841E-03
4.02452583E-01  1.16941042E-01  1.17569207E-03
4.02699260E-01  1.19244017E-01  1.16967794E-03
4.02945936E-01  1.15520328E-01  1.14884786E-03
4.03192612E-01  1.21059626E-01  1.18506770E-03
4.03439289E-01  1.14768006E-01  1.16116914E-03
4.03685965E-01  1.14643946E-01  1.12906005E-03
4.03932642E-01  1.12164788E-01  1.16430083E-03
4.04179318E-01  1.16622828E-01  1.15634163E-03
4.04425994E-01  1.17702574E-01  1.15973095E-03
4.04672671E-01  1.16750248E-01  1.13758678E-03
4.04919347E-01  1.14529438E-01  1.16525555E-03
4.05166024E-01  1.16535261E-01  1.14662678E-03
4.05412700E-01  1.21511362E-01  1.14867650E-03
4.05659377E-01  1.15603961E-01  1.11509010E-03
4.05906053E-01  1.15435742E-01  1.15158758E-03
4.06152729E-01  1.11236729E-01  1.15572813E-03
4.06399406E-01  1.16941921E-01  1.12287747E-03
4.06646082E-01  1.16764240E-01  1.19063188E-03
4.06892759E-01  1.14456289E-01  1.14481826E-03
4.07139435E-01  1.14209354E-01  1.14934670E-03
4.07386112E-01  1.17674135E-01  1.17024838E-03
4.07632788E-01  1.15737572E-01  1.14976766E-03
4.07879464E-01  1.17228195E-01  1.17504527E-03
4.08126141E-01  1.16354600E-01  1.14942400E-03
4.08372817E-01  1.17002733E-01  1.12932175E-03
4.08619494E-01  1.13873743E-01  1.13190245E-03
4.08866170E-01  1.13722965E-01  1.12609030E-03
4.09112847E-01  1.16639242E-01  1.15990872E-03
4.09359523E-01  1.16395473E-01  1.11820793E-03
4.09606199E-01  1.14503317E-01  1.12868589E-03
4.09852876E-01  1.15964964E-01  1.13407127E-03
4.10099552E-01  1.14299372E-01  1.14922237E-03
4.10346229E-01  1.17046371E-01  1.15160097E-03
4.10592905E-01  1.08006731E-01  1.12052017E-03
4.10839581E-01  1.21265404E-01  1.17957161E-03
4.11086258E-01  1.22220926E-01  1.19127601E-03
4.11332934E-01  1.15762047E-01  1.16765802E-03
4.11579611E-01  1.16883732E-01  1.11916347E-03
4.11826287E-01  1.11853153E-01  1.13395054E-03
4.12072964E-01  1.18115470E-01  1.18086953E-03
4.12319640E-01  1.20754376E-01  1.17553503E-03
4.12566316E-01  1.14677370E-01  1.12162624E-03
4.12812993E-01  1.18678398E-01  1.13259885E-03
4.13059669E-01  1.19533204E-01  1.15332135E-03
4.13306346E-01  1.24275990E-01  1.15870079E-03
4.13553022E-01  1.18240923E-01  1.14633876E-03
4.13799699E-01  1.14256285E-01  1.15535804E-03
4.14046375E-01  1.13484003E-01  1.11874321E-03
4.14293051E-01  1.19711548E-01  1.18299958E-03
4.14539728E-01  1.14033066E-01  1.14395306E-03
4.14786404E-01  1.16171859E-01  1.13173807E-03
4.15033081E-01  1.11778587E-01  1.13511400E-03
4.15279757E-01  1.16399311E-01  1.16374786E-03
4.15526433E-01  1.13756955E-01  1.09834317E-03
4.15773110E-01  1.15168847E-01  1.12485315E-03
4.16019786E-01  1.14945419E-01  1.17120740E-03
4.16266463E-01  1.10641479E-01  1.11617905E-03
4.16513139E-01  1.14060812E-01  1.13208569E-03
4.16759816E-01  1.16628535E-01  1.13879971E-03
4.17006492E-01  1.11928754E-01  1.15321158E-03
4.17253168E-01  1.10311806E-01  1.11722702E-03
4.17499845E-01  1.17918521E-01  1.18596200E-03
4.17746521E-01  1.18444391E-01  1.14429498E-03
4.17993198E-01  1.14947729E-01  1.12284429E-03
4.18239874E-01  1.16712302E-01  1.14784541E-03
4.18486551E-01  1.15195006E-01  1.15528086E-03
4.18733227E-01  1.14443876E-01  1.13937061E-03
4.18979903E-01  1.19017847E-01  1.16325740E-03
4.19226580E-01  1.17524780E-01  1.15592324E-03
4.19473256E-01  1.17562681E-01  1.16367161E-03
4.19719933E-01  1.16570652E-01  1.12769543E-03
4.19966609E-01  1.12124763E-01  1.10497931E-03
4.20213286E-01  1.11111708E-01  1.11791480E-03
4.20459962E-01  1.09319098E-01  1.11206353E-03
4.20706638E-01  1.12816416E-01  1.12251902E-03
4.20953315E-01  1.18121743E-01  1.20393175E-03
4.21199991E-01  1.12138003E-01  1.09524350E-03
4.21446668E-01  1.17113516E-01  1.17626158E-03
4.21693344E-01  1.18635334E-01  1.14188541E-03
4.21940020E-01  1.17109634E-01  1.14136667E-03
4.22186697E-01  1.17151998E-01  1.14670023E-03
4.22433373E-01  1.13321975E-01  1.15179003E-03
4.22680050E-01  1.12482399E-01  1.13875163E-03
4.22926726E-01  1.17569096E-01  1.15085766E-03
4.23173403E-01  1.09359138E-01  1.11651269E-03
4.23420079E-01  1.12911619E-01  1.15561474E-03
4.23666755E-01  1.16935655E-01  1.14748464E-03
4.23913432E-01  1.15616389E-01  1.13117101E-03
4.24160108E-01  1.12083443E-01  1.13335170E-03
4.24406785E-01  1.12691753E-01  1.13331771E-03
4.24653461E-01  1.13216989E-01  1.12601009E-03
4.24900138E-01  1.16529368E-01  1.16349512E-03
4.25146814E-01  1.12594426E-01  1.13040220E-03
4.25393490E-01  1.18403710E-01  1.16499653E-03
4.25640167E-01  1.15593977E-01  1.16204936E-03
4.25886843E-01  1.11515872E-01  1.10858015E-03
4.26133520E-01  1.16513826E-01  1.14649953E-03
4.26380196E-01  1.14571027E-01  1.11662666E-03
4.26626872E-01  1.15064777E-01  1.14378904E-03
4.26873549E-01  1.13325924E-01  1.12569600E-03
4.27120225E-01  1.15615845E-01  1.12563383E-03
4.27366902E-01  1.14687853E-01  1.14511815E-03
4.27613578E-01  1.07673928E-01  1.10011373E-03
4.27860255E-01  1.16776481E-01  1.15573534E-03
4.28106931E-01  1.16270013E-01  1.13868515E-03
4.28353607E-01  1.16462372E-01  1.16486207E-03
4.28600284E-01  1.15324788E-01  1.14360801E-03
4.28846960E-01  1.16985723E-01  1.15168653E-03
4.29093637E-01  1.14792243E-01  1.12936134E-03
4.29340313E-01  1.19386688E-01  1.13594905E-03
4.29586990E-01  1.14964545E-01  1.15452730E-03
4.29833666E-01  1.12662025E-01  1.12558692E-03
4.30080342E-01  1.17855862E-01  1.13433832E-03
4.30327019E-01  1.16020493E-01  1.17782154E-03
4.30573695E-01  1.18561633E-01  1.15379505E-03
4.30820372E-01  1.17649853E-01  1.15953269E-03
4.31067048E-01  1.18405282E-01  1.13880355E-03
4.31313725E-01  1.13813415E-01  1.14513258E-03
4.31560401E-01  1.11052118E-01  1.11795613E-03
4.31807077E-01  1.14898108E-01  1.13714288E-03
4.32053754E-01  1.13867477E-01  1.09399972E-03
4.32300430E-01  1.12661064E-01  1.14086736E-03
4.32547107E-01  1.12587705E-01  1.08958350E-03
4.32793783E-01  1.10760950E-01  1.09709240E-03
4.33040459E-01  1.20424256E-01  1.15683523E-03
4.33287136E-01  1.14990629E-01  1.13869435E-03
4.33533812E-01  1.12904154E-01  1.12203765E-03
4.33780489E-01  1.11975640E-01  1.12290995E-03
4.34027165E-01  1.11576147E-01  1.11758080E-03
4.34273842E-01  1.16563424E-01  1.13254401E-03
4.34520518E-01  1.10978469E-01  1.07998878E-03
4.34767194E-01  1.14736915E-01  1.15239306E-03
4.35013871E-01  1.08715817E-01  1.10893976E-03
4.35260547E-01  1.13674954E-01  1.12172391E-03
4.35507224E-01  1.14847362E-01  1.13076519E-03
4.35753900E-01  1.10610977E-01  1.14109681E-03
4.36000577E-01  1.14204638E-01  1.10831182E-03
4.36247253E-01  1.16767496E-01  1.15675817E-03
4.36493929E-01  1.13176003E-01  1.16337033E-03
4.36740606E-01  1.15155116E-01  1.16410828E-03
4.36987282E-01  1.15083642E-01  1.12880813E-03
4.37233959E-01  1.12579674E-01  1.13513449E-03
4.37480635E-01  1.16368994E-01  1.17414875E-03
4.37727311E-01  1.11881480E-01  1.11078413E-03
4.37973988E-01  1.17765076E-01  1.13063143E-03
4.38220664E-01  1.14770085E-01  1.12961291E-03
4.38467341E-01  1.15473472E-01  1.12687459E-03
4.38714017E-01  1.16576821E-01  1.15601509E-03
4.38960694E-01  1.15926184E-01  1.13181770E-03
4.39207370E-01  1.10802934E-01  1.09582744E-03
4.39454046E-01  1.19326226E-01  1.16918527E-03
4.39700723E-01  1.18512496E-01  1.16862915E-03
4.39947399E-01  1.12503439E-01  1.12104125E-03
4.40194076E-01  1.11982875E-01  1.11276982E-03
4.40440752E-01  1.13136515E-01  1.10373972E-03
4.40687429E-01  1.13248952E-01  1.14446192E-03
4.40934105E-01  1.12807699E-01  1.12691475E-03
4.41180781E-01  1.18666567E-01  1.14275818E-03
4.41427458E-01  1.09707832E-01  1.11830805E-03
4.41674134E-01  1.14119150E-01  1.17546192E-03
4.41920811E-01  1.17540620E-01  1.11594168E-03
4.42167487E-01  1.14361078E-01  1.08624075E-03
4.42414164E-01  1.19798951E-01  1.17029157E-03
4.42660840E-01  1.18879884E-01  1.14917918E-03
4.42907516E-01  1.16251677E-01  1.12916029E-03
4.43154193E-01  1.16282158E-01  1.16084062E-03
4.43400869E-01  1.11975484E-01  1.12466828E-03
4.43647546E-01  1.18672341E-01  1.15141936E-03
4.43894222E-01  1.19126096E-01  1.17401325E-03
4.44140898E-01  1.13691181E-01  1.09173870E-03
4.44387575E-01  1.11550607E-01  1.11339043E-03
4.44634251E-01  1.13926664E-01  1.17671594E-03
4.44880928E-01  1.13910332E-01  1.13288942E-03
4.45127604E-01  1.14060886E-01  1.15200761E-03
4.45374281E-01  1.10507630E-01  1.10534509E-03
4.45620957E-01  1.14899404E-01  1.14507927E-03
4.45867633E-01  1.21380389E-01  1.17330323E-03
4.46114310E-01  1.19021960E-01  1.13020849E-03
4.46360986E-01  1.10613592E-01  1.07769563E-03
4.46607663E-01  1.15560047E-01  1.14791805E-03
4.46854339E-01  1.17654338E-01  1.14588859E-03
4.47101016E-01  1.11636810E-01  1.10742718E-03
4.47347692E-01  1.16733931E-01  1.12332997E-03
4.47594368E-01  1.14999875E-01  1.12778449E-03
4.47841045E-01  1.18130192E-01  1.12631777E-03
4.48087721E-01  1.15901455E-01  1.18900358E-03
4.48334398E-01  1.16612695E-01  1.14722748E-03
4.48581074E-01  1.15406908E-01  1.13454426E-03
4.48827751E-01  1.18092209E-01  1.17924565E-03
4.49074427E-01  1.16409712E-01  1.15015334E-03
4.49321103E-01  1.18640922E-01  1.13966002E-03
4.49567780E-01  1.14786796E-01  1.15054671E-03
4.49814456E-01  1.16812304E-01  1.13285554E-03
4.50061133E-01  1.07710041E-01  1.08759338E-03
4.50307809E-01  1.20053060E-01  1.18190667E-03
4.50554485E-01  1.22399062E-01  1.16101536E-03
4.50801162E-01  1.20401904E-01  1.16925652E-03
4.51047838E-01  1.12102903E-01  1.15156372E-03
4.51294515E-01  1.16357803E-01  1.18098117E-03
4.51541191E-01  1.12460449E-01  1.10074633E-03
4.51787868E-01  1.16625600E-01  1.13320036E-03
4.52034544E-01  1.13743670E-01  1.13310048E-03
4.52281220E-01  1.14704862E-01  1.16781448E-03
4.52527897E-01  1.16636746E-01  1.15481706E-03
4.52774573E-01  1.08785525E-01  1.07935618E-03
4.53021250E-01  1.06065154E-01  1.06829754E-03
4.53267926E-01  1.11705631E-01  1.07758597E-03
4.53514603E-01  1.13364033E-01  1.09923328E-03
4.53761279E-01  1.13922089E-01  1.14084780E-03
4.54007955E-01  1.18165404E-01  1.13213051E-03
4.54254632E-01  1.16171703E-01  1.11647835E-03
4.54501308E-01  1.14056461E-01  1.10825629E-03
4.54747985E-01  1.18233643E-01  1.15680660E-03
4.54994661E-01  1.15716621E-01  1.11413398E-03
4.55241337E-01  1.18353024E-01  1.14213408E-03
4.55488014E-01  1.14441074E-01  1.10764313E-03
4.55734690E-01  1.17146343E-01  1.12903619E-03
4.55981367E-01  1.17208630E-01  1.16377429E-03
4.56228043E-01  1.22969419E-01  1.16491923E-03
4.56474720E-01  1.12640440E-01  1.11882982E-03
4.56721396E-01  1.12505794E-01  1.08427100E-03
4.56968072E-01  1.11198641E-01  1.08033116E-03
4.57214749E-01  1.16925955E-01  1.12028024E-03
4.57461425E-01  1.07936755E-01  1.08772505E-03
4.57708102E-01  1.14595428E-01  1.09658856E-03
4.57954778E-01  1.15540460E-01  1.12483790E-03
4.58201455E-01  1.12765379E-01  1.09498447E-03


### HEADER:
#
#{
#    "analysis": {},
#    "calibration_params": {
#        "Beam_Center_X": 1092.0,
#        "Beam_Center_Y": 2091.0,
#        "Detector Tilt": 0.0,
#        "Detector Tilt Plane Rotation": 0.0,
#        "Detector_X_Pixel_Size": 75.0,
#        "Detector_Y_Pixel_Size": 75.0,
#        "Integration Method": "nosplit_csr",
#        "Radial_Average_Method": "pyFAI",
#        "Sample-to-detector distance (mm)": 1731.0,
#        "Wavelength (A)": 1.0993212460550197
#    },
#    "config_file": "/mnt/home/chess_id7a/.RAW/backup.cfg",
#    "counters": {
#        "Epoch": "39.369",
#        "I1": "0",
#        "I2": "0",
#        "I3": "0",
#        "Seconds": "0.5",
#        "Time": "1.90735e-05",
#        "date": "Sat May 18 09:47:39 2024",
#        "diode": "11045"
#    },
#    "filename": "D1M0015_85C_100MPa_up_2_data_000001_00001.h5",
#    "history": {},
#    "imageHeader": {},
#    "load_path": "/nfs/chess/daq/current/id7a/Budin_05_16_24/D1M0015/D1M0015_85C_100MPa_up_2_data_000001.h5",
#    "normalizations": {
#        "Absolute_scale": {
#            "Absolute_scale_factor": 0.01111656324368444,
#            "Method": "Water"
#        },
#        "Counter_norms": [
#            [
#                "/",
#                "diode/150000"
#            ]
#        ],
#        "Polarization": {
#            "Used": false
#        },
#        "Solid_Angle_Correction": "On"
#    },
#    "raw_version": "2.1.4"
#}

