### DATA:
#
# 1823
#      Q             I(Q)           Error     
8.75701299E-03  4.32568192E-02  2.94754421E-03
9.00368942E-03  4.60605137E-02  2.56786961E-03
9.25036584E-03  4.05938812E-02  2.39157537E-03
9.49704226E-03  5.55730313E-02  2.82240845E-03
9.74371868E-03  5.32518104E-02  2.68646516E-03
9.99039511E-03  7.93042555E-02  3.80466157E-03
1.02370715E-02  1.00495771E-01  4.49707219E-03
1.04837480E-02  1.25082523E-01  5.55026671E-03
1.07304244E-02  1.90086097E-01  8.93659145E-03
1.09771008E-02  2.20602721E-01  1.05645517E-02
1.12237772E-02  3.04150194E-01  1.50843021E-02
1.14704536E-02  3.68947119E-01  1.83057524E-02
1.17171301E-02  5.50724924E-01  2.98246238E-02
1.19638065E-02  7.71665335E-01  4.31761369E-02
1.22104829E-02  1.22022760E+00  6.86852634E-02
1.24571593E-02  1.06695412E+02  8.13838291E+00
1.27038358E-02  1.98731415E+02  1.45052795E+01
1.29505122E-02  2.31843399E+02  1.45530024E+01
1.31971886E-02  1.69409760E+02  1.03096266E+01
1.34438650E-02  1.54936981E+02  9.13386726E+00
1.36905414E-02  1.37383759E+02  7.99269819E+00
1.39372179E-02  1.08771324E+02  6.20556355E+00
1.41838943E-02  9.98667526E+01  5.47197771E+00
1.44305707E-02  7.73283615E+01  4.12675714E+00
1.46772471E-02  6.69340363E+01  3.49929357E+00
1.49239236E-02  5.89398842E+01  3.03449869E+00
1.51706000E-02  4.69233513E+01  2.36845088E+00
1.54172764E-02  4.60854530E+01  2.28150868E+00
1.56639528E-02  3.84152031E+01  1.88902390E+00
1.59106292E-02  3.65874023E+01  1.77842188E+00
1.61573057E-02  3.38454018E+01  1.58860385E+00
1.64039821E-02  2.74815598E+01  1.26077557E+00
1.66506585E-02  2.70280724E+01  1.21235967E+00
1.68973349E-02  2.14624672E+01  9.52905297E-01
1.71440114E-02  2.28154354E+01  1.00035155E+00
1.73906878E-02  1.86770668E+01  7.92954922E-01
1.76373642E-02  1.73260555E+01  7.22371876E-01
1.78840406E-02  1.59267101E+01  6.48440421E-01
1.81307170E-02  1.37278023E+01  5.52035630E-01
1.83773935E-02  1.42232018E+01  5.70157647E-01
1.86240699E-02  1.22558556E+01  4.86751348E-01
1.88707463E-02  1.13265820E+01  4.40165520E-01
1.91174227E-02  1.00682611E+01  3.89366537E-01
1.93640992E-02  8.64605331E+00  3.30406308E-01
1.96107756E-02  8.14597416E+00  3.21800798E-01
1.98574520E-02  7.52868176E+00  2.88151979E-01
2.01041284E-02  6.53575516E+00  2.39037916E-01
2.03508048E-02  5.44957781E+00  1.98676854E-01
2.05974813E-02  4.75441408E+00  1.71196327E-01
2.08441577E-02  4.31107283E+00  1.54553220E-01
2.10908341E-02  3.68250251E+00  1.29267663E-01
2.13375105E-02  3.57537580E+00  1.23439848E-01
2.15841870E-02  3.20410848E+00  1.10421240E-01
2.18308634E-02  2.98389721E+00  1.04035839E-01
2.20775398E-02  2.79095101E+00  9.43401232E-02
2.23242162E-02  2.48959422E+00  8.39631483E-02
2.25708926E-02  2.44014263E+00  8.17129686E-02
2.28175691E-02  2.26259255E+00  7.44603649E-02
2.30642455E-02  2.10621071E+00  6.55334815E-02
2.33109219E-02  1.98905528E+00  6.18097335E-02
2.35575983E-02  1.80904067E+00  5.44180907E-02
2.38042748E-02  1.66548538E+00  4.88146096E-02
2.40509512E-02  1.50305855E+00  4.27634344E-02
2.42976276E-02  1.38841116E+00  3.76170389E-02
2.45443040E-02  1.26735568E+00  3.45140211E-02
2.47909804E-02  1.17516637E+00  3.10898293E-02
2.50376569E-02  1.15568340E+00  2.89821066E-02
2.52843333E-02  1.07785928E+00  2.68928092E-02
2.55310097E-02  1.01855958E+00  2.53837612E-02
2.57776861E-02  9.79540944E-01  2.25609709E-02
2.60243626E-02  9.31981564E-01  2.19911840E-02
2.62710390E-02  9.23589170E-01  2.18912382E-02
2.65177154E-02  8.57841134E-01  1.99685674E-02
2.67643918E-02  8.10373962E-01  1.83967482E-02
2.70110682E-02  8.08127940E-01  1.75462421E-02
2.72577447E-02  7.43638396E-01  1.59841664E-02
2.75044211E-02  7.23796844E-01  1.54120987E-02
2.77510975E-02  6.77512765E-01  1.34729901E-02
2.79977739E-02  6.54140413E-01  1.30751729E-02
2.82444504E-02  6.16322279E-01  1.16773220E-02
2.84911268E-02  5.81637561E-01  1.09535940E-02
2.87378032E-02  5.66107869E-01  1.01658255E-02
2.89844796E-02  5.51331758E-01  9.65004973E-03
2.92311561E-02  5.26268065E-01  9.08016413E-03
2.94778325E-02  5.03070831E-01  8.14816635E-03
2.97245089E-02  4.87615079E-01  7.72091560E-03
2.99711853E-02  4.64571387E-01  7.18884775E-03
3.02178617E-02  4.48298365E-01  6.48303842E-03
3.04645382E-02  4.46474344E-01  6.32036896E-03
3.07112146E-02  4.27665383E-01  6.06524106E-03
3.09578910E-02  4.05926794E-01  5.41947223E-03
3.12045674E-02  4.09541428E-01  5.27445460E-03
3.14512439E-02  3.96871239E-01  5.07485913E-03
3.16979203E-02  3.74666691E-01  4.84192697E-03
3.19445967E-02  3.74522746E-01  4.34112130E-03
3.21912731E-02  3.86491537E-01  4.64079389E-03
3.24379495E-02  3.70337278E-01  4.08196868E-03
3.26846260E-02  3.74130070E-01  4.05521039E-03
3.29313024E-02  3.63828033E-01  3.78685351E-03
3.31779788E-02  3.70041907E-01  3.42372828E-03
3.34246552E-02  3.76476765E-01  3.74427368E-03
3.36713317E-02  3.57539594E-01  3.25366342E-03
3.39180081E-02  3.62042427E-01  3.24595603E-03
3.41646845E-02  3.70313644E-01  3.34616401E-03
3.44113609E-02  3.60188365E-01  3.06742941E-03
3.46580373E-02  3.50961864E-01  2.96259415E-03
3.49047138E-02  3.51722032E-01  2.67692748E-03
3.51513902E-02  3.60595047E-01  2.75440118E-03
3.53980666E-02  3.56857747E-01  2.60771019E-03
3.56447430E-02  3.57399315E-01  2.55448511E-03
3.58914195E-02  3.51693630E-01  2.50132219E-03
3.61380959E-02  3.51235241E-01  2.61987140E-03
3.63847723E-02  3.37451458E-01  2.31792685E-03
3.66314487E-02  3.50014955E-01  2.51045707E-03
3.68781251E-02  3.47758830E-01  2.35080672E-03
3.71248016E-02  3.50987017E-01  2.44376692E-03
3.73714780E-02  3.29927027E-01  2.19874107E-03
3.76181544E-02  3.45426708E-01  2.26646313E-03
3.78648308E-02  3.36520195E-01  2.26363004E-03
3.81115073E-02  3.28698933E-01  2.20446568E-03
3.83581837E-02  3.41860235E-01  2.45237770E-03
3.86048601E-02  3.34078819E-01  2.20730994E-03
3.88515365E-02  3.34665418E-01  2.36380380E-03
3.90982129E-02  3.35695297E-01  2.19504675E-03
3.93448894E-02  3.32195848E-01  2.18323409E-03
3.95915658E-02  3.22797209E-01  2.12228391E-03
3.98382422E-02  3.28927904E-01  2.17659539E-03
4.00849186E-02  3.21638137E-01  2.21730256E-03
4.03315951E-02  3.18092883E-01  2.11132644E-03
4.05782715E-02  3.18378359E-01  2.10857135E-03
4.08249479E-02  3.24049890E-01  2.07554572E-03
4.10716243E-02  3.31660151E-01  2.12375913E-03
4.13183007E-02  3.21940869E-01  2.13727122E-03
4.15649772E-02  3.24179679E-01  2.08685640E-03
4.18116536E-02  3.19455743E-01  2.07972527E-03
4.20583300E-02  3.23164493E-01  2.15185829E-03
4.23050064E-02  3.23138177E-01  2.14952114E-03
4.25516829E-02  3.18237662E-01  2.25742790E-03
4.27983593E-02  3.30245763E-01  2.22210377E-03
4.30450357E-02  3.16040874E-01  2.22470448E-03
4.32917121E-02  3.07331681E-01  2.26090406E-03
4.35383885E-02  2.96540499E-01  2.12840480E-03
4.37850650E-02  2.86594570E-01  2.08291342E-03
4.40317414E-02  2.73846239E-01  1.85435894E-03
4.42784178E-02  2.48072609E-01  1.63646915E-03
4.45250942E-02  2.45767549E-01  1.48775079E-03
4.47717707E-02  2.36063167E-01  1.43219146E-03
4.50184471E-02  2.20473930E-01  1.28971937E-03
4.52651235E-02  2.17234462E-01  1.24262448E-03
4.55117999E-02  2.13832363E-01  1.28877501E-03
4.57584764E-02  2.08666131E-01  1.16690830E-03
4.60051528E-02  2.08615512E-01  1.10796315E-03
4.62518292E-02  2.03568995E-01  1.21750741E-03
4.64985056E-02  2.04352140E-01  1.12278794E-03
4.67451820E-02  2.01113492E-01  1.10714114E-03
4.69918585E-02  1.92713991E-01  1.05185586E-03
4.72385349E-02  1.88632950E-01  1.05263735E-03
4.74852113E-02  1.87260568E-01  1.08893134E-03
4.77318877E-02  1.89696893E-01  1.00741955E-03
4.79785642E-02  1.83960140E-01  9.91707551E-04
4.82252406E-02  1.87736169E-01  1.01557479E-03
4.84719170E-02  1.86749145E-01  9.98704811E-04
4.87185934E-02  1.81071028E-01  1.02677476E-03
4.89652698E-02  1.84055820E-01  9.87737440E-04
4.92119463E-02  1.78812176E-01  9.90558765E-04
4.94586227E-02  1.81896403E-01  9.16478864E-04
4.97052991E-02  1.81341976E-01  9.75304225E-04
4.99519755E-02  1.82783365E-01  9.74768482E-04
5.01986520E-02  1.80564716E-01  9.64913343E-04
5.04453284E-02  1.81782201E-01  9.40413971E-04
5.06920048E-02  1.79029584E-01  9.11023817E-04
5.09386812E-02  1.80567712E-01  9.70157504E-04
5.11853576E-02  1.81099772E-01  8.97630991E-04
5.14320341E-02  1.77513346E-01  9.29544971E-04
5.16787105E-02  1.79337353E-01  9.22635547E-04
5.19253869E-02  1.81492090E-01  8.87743721E-04
5.21720633E-02  1.75807819E-01  9.37832345E-04
5.24187398E-02  1.82500884E-01  9.42128245E-04
5.26654162E-02  1.79382965E-01  8.89039773E-04
5.29120926E-02  1.82199970E-01  9.39230609E-04
5.31587690E-02  1.85224742E-01  9.01378400E-04
5.34054454E-02  1.86328322E-01  9.51234309E-04
5.36521219E-02  1.80405259E-01  8.92273325E-04
5.38987983E-02  1.83699965E-01  9.17983940E-04
5.41454747E-02  1.84266165E-01  9.18666541E-04
5.43921511E-02  1.88625365E-01  8.78153602E-04
5.46388276E-02  1.86306387E-01  9.18979465E-04
5.48855040E-02  1.82802930E-01  8.99418199E-04
5.51321804E-02  1.90263808E-01  9.36697121E-04
5.53788568E-02  1.88121319E-01  8.88888724E-04
5.56255332E-02  1.91399500E-01  9.23435844E-04
5.58722097E-02  1.93446830E-01  8.95150064E-04
5.61188861E-02  1.99820593E-01  9.34121956E-04
5.63655625E-02  1.93229407E-01  9.15063662E-04
5.66122389E-02  1.98079303E-01  9.03577253E-04
5.68589154E-02  2.04243124E-01  9.29401140E-04
5.71055918E-02  2.04013750E-01  9.01702442E-04
5.73522682E-02  2.04162672E-01  9.28443507E-04
5.75989446E-02  2.04764739E-01  9.71033063E-04
5.78456210E-02  2.01256737E-01  9.24185792E-04
5.80922975E-02  2.10944444E-01  9.56371950E-04
5.83389739E-02  2.05109075E-01  9.66944615E-04
5.85856503E-02  2.14860752E-01  9.14708246E-04
5.88323267E-02  2.08472282E-01  9.73856775E-04
5.90790032E-02  2.13476986E-01  9.32650699E-04
5.93256796E-02  2.18983039E-01  9.44818545E-04
5.95723560E-02  2.12069094E-01  9.66801017E-04
5.98190324E-02  2.11200476E-01  9.47417109E-04
6.00657088E-02  2.13053927E-01  9.55083640E-04
6.03123853E-02  2.12182224E-01  9.68800974E-04
6.05590617E-02  2.18217313E-01  9.32163792E-04
6.08057381E-02  2.07543477E-01  8.80573993E-04
6.10524145E-02  2.14631170E-01  8.95450066E-04
6.12990910E-02  2.15503037E-01  9.18000122E-04
6.15457674E-02  2.11964995E-01  9.32094292E-04
6.17924438E-02  2.14377791E-01  9.86082596E-04
6.20391202E-02  2.25877941E-01  9.62202321E-04
6.22857966E-02  2.19862521E-01  9.57918877E-04
6.25324731E-02  2.27463245E-01  9.49730922E-04
6.27791495E-02  2.30143726E-01  9.61832469E-04
6.30258259E-02  2.32460797E-01  9.66157357E-04
6.32725023E-02  2.32351303E-01  9.61172860E-04
6.35191788E-02  2.44638190E-01  1.00489997E-03
6.37658552E-02  2.40166694E-01  9.90303932E-04
6.40125316E-02  2.53553599E-01  1.01704046E-03
6.42592080E-02  2.52770990E-01  9.95266484E-04
6.45058845E-02  2.59997249E-01  1.03321939E-03
6.47525609E-02  2.56743670E-01  1.00728625E-03
6.49992373E-02  2.61320263E-01  1.09398714E-03
6.52459137E-02  2.70531178E-01  1.03498832E-03
6.54925901E-02  2.71458387E-01  1.09141169E-03
6.57392666E-02  2.76113421E-01  1.06617180E-03
6.59859430E-02  2.91709751E-01  1.14127796E-03
6.62326194E-02  2.79867381E-01  1.06027490E-03
6.64792958E-02  2.88976461E-01  1.13988004E-03
6.67259723E-02  3.09083104E-01  1.16161094E-03
6.69726487E-02  3.05693805E-01  1.17445108E-03
6.72193251E-02  3.20672303E-01  1.16293761E-03
6.74660015E-02  3.18513900E-01  1.17536495E-03
6.77126779E-02  3.21056157E-01  1.17281079E-03
6.79593544E-02  3.35575640E-01  1.22743810E-03
6.82060308E-02  3.47613692E-01  1.29774585E-03
6.84527072E-02  3.56375933E-01  1.35095301E-03
6.86993836E-02  3.68279010E-01  1.36738492E-03
6.89460601E-02  3.75917941E-01  1.45677861E-03
6.91927365E-02  3.89904320E-01  1.48112909E-03
6.94394129E-02  4.02425617E-01  1.51653017E-03
6.96860893E-02  4.17849749E-01  1.67932373E-03
6.99327657E-02  4.42011505E-01  1.79270562E-03
7.01794422E-02  4.47360188E-01  1.86170673E-03
7.04261186E-02  4.68251646E-01  2.07283930E-03
7.06727950E-02  4.99207914E-01  2.14596419E-03
7.09194714E-02  5.20585299E-01  2.37285392E-03
7.11661479E-02  5.34478724E-01  2.48524337E-03
7.14128243E-02  5.71226120E-01  2.69352132E-03
7.16595007E-02  5.93154073E-01  2.89149745E-03
7.19061771E-02  6.27587080E-01  3.01281712E-03
7.21528535E-02  6.46877468E-01  3.05364281E-03
7.23995300E-02  6.86327219E-01  3.20383115E-03
7.26462064E-02  6.95031345E-01  3.33388825E-03
7.28928828E-02  7.25603282E-01  3.45880678E-03
7.31395592E-02  7.53149152E-01  3.55740823E-03
7.33862357E-02  7.70511687E-01  3.58177628E-03
7.36329121E-02  7.75403976E-01  3.52462125E-03
7.38795885E-02  8.30895722E-01  3.76849598E-03
7.41262649E-02  8.32365215E-01  3.81690776E-03
7.43729413E-02  8.30010176E-01  3.64801288E-03
7.46196178E-02  8.61827493E-01  3.77178099E-03
7.48662942E-02  8.73180807E-01  3.75286210E-03
7.51129706E-02  8.88581157E-01  3.70197278E-03
7.53596470E-02  9.02389288E-01  3.80012090E-03
7.56063235E-02  9.28311527E-01  3.77518544E-03
7.58529999E-02  9.21001375E-01  3.74763226E-03
7.60996763E-02  9.33099747E-01  3.54710780E-03
7.63463527E-02  9.49497700E-01  3.61410133E-03
7.65930291E-02  9.70171511E-01  3.55692464E-03
7.68397056E-02  9.67644274E-01  3.44986585E-03
7.70863820E-02  9.61849689E-01  3.49760358E-03
7.73330584E-02  9.89377439E-01  3.30866012E-03
7.75797348E-02  9.75084722E-01  3.18733812E-03
7.78264113E-02  9.83844876E-01  3.10101523E-03
7.80730877E-02  9.80006993E-01  2.94768414E-03
7.83197641E-02  9.82284546E-01  2.96193361E-03
7.85664405E-02  9.92444217E-01  2.78121978E-03
7.88131169E-02  9.69197452E-01  2.75228359E-03
7.90597934E-02  9.67423916E-01  2.73397309E-03
7.93064698E-02  9.59484696E-01  2.67090043E-03
7.95531462E-02  9.52884853E-01  2.67519685E-03
7.97998226E-02  9.55934823E-01  2.61230953E-03
8.00464991E-02  9.20482576E-01  2.66274973E-03
8.02931755E-02  9.25674021E-01  2.61429511E-03
8.05398519E-02  8.99588823E-01  2.62090960E-03
8.07865283E-02  8.62642527E-01  2.51444825E-03
8.10332047E-02  8.57232153E-01  2.50424980E-03
8.12798812E-02  8.32658172E-01  2.36372324E-03
8.15265576E-02  7.98201740E-01  2.23497441E-03
8.17732340E-02  7.62157917E-01  2.15567509E-03
8.20199104E-02  7.44825184E-01  1.98084698E-03
8.22665869E-02  7.32219219E-01  1.89131300E-03
8.25132633E-02  6.95219934E-01  1.89700653E-03
8.27599397E-02  6.87745094E-01  1.76086451E-03
8.30066161E-02  6.66197181E-01  1.69014593E-03
8.32532926E-02  6.49026573E-01  1.62064435E-03
8.34999690E-02  6.32844150E-01  1.62803335E-03
8.37466454E-02  6.29342020E-01  1.59090001E-03
8.39933218E-02  6.03964984E-01  1.48435391E-03
8.42399982E-02  6.07973397E-01  1.50103506E-03
8.44866747E-02  5.94731033E-01  1.48570014E-03
8.47333511E-02  5.83163202E-01  1.49819721E-03
8.49800275E-02  5.78617096E-01  1.46379834E-03
8.52267039E-02  5.68027020E-01  1.38598622E-03
8.54733804E-02  5.62165499E-01  1.38680718E-03
8.57200568E-02  5.47804892E-01  1.33063435E-03
8.59667332E-02  5.53860366E-01  1.42081641E-03
8.62134096E-02  5.39317667E-01  1.37114443E-03
8.64600860E-02  5.40262401E-01  1.37807918E-03
8.67067625E-02  5.24651945E-01  1.33526081E-03
8.69534389E-02  5.37697852E-01  1.32096244E-03
8.72001153E-02  5.27601659E-01  1.34185445E-03
8.74467917E-02  5.20000279E-01  1.34158565E-03
8.76934682E-02  5.27026474E-01  1.31197996E-03
8.79401446E-02  5.19758701E-01  1.30620110E-03
8.81868210E-02  5.11785209E-01  1.24607433E-03
8.84334974E-02  5.10733843E-01  1.30848214E-03
8.86801738E-02  5.15481949E-01  1.33362273E-03
8.89268503E-02  5.10097325E-01  1.26776716E-03
8.91735267E-02  5.03578663E-01  1.30046369E-03
8.94202031E-02  5.04030108E-01  1.27197686E-03
8.96668795E-02  4.92931485E-01  1.27741077E-03
8.99135560E-02  5.00329316E-01  1.23855832E-03
9.01602324E-02  4.92343158E-01  1.31009705E-03
9.04069088E-02  4.92334455E-01  1.24921126E-03
9.06535852E-02  4.95640069E-01  1.25254854E-03
9.09002616E-02  4.96549606E-01  1.26301427E-03
9.11469381E-02  4.94049430E-01  1.27399014E-03
9.13936145E-02  4.86932456E-01  1.25596172E-03
9.16402909E-02  4.90367353E-01  1.22782856E-03
9.18869673E-02  4.79486555E-01  1.27365894E-03
9.21336438E-02  4.86681789E-01  1.22890936E-03
9.23803202E-02  4.87747699E-01  1.21245196E-03
9.26269966E-02  4.82724845E-01  1.22542679E-03
9.28736730E-02  4.87056255E-01  1.23205862E-03
9.31203494E-02  4.86599296E-01  1.28204084E-03
9.33670259E-02  4.89129722E-01  1.23411068E-03
9.36137023E-02  4.85329688E-01  1.21817936E-03
9.38603787E-02  4.85551327E-01  1.25246646E-03
9.41070551E-02  4.90169495E-01  1.24749506E-03
9.43537316E-02  4.78980303E-01  1.20027305E-03
9.46004080E-02  4.85893369E-01  1.24062563E-03
9.48470844E-02  4.85146254E-01  1.18850917E-03
9.50937608E-02  4.89920586E-01  1.28455111E-03
9.53404372E-02  4.92205977E-01  1.21190818E-03
9.55871137E-02  4.80831355E-01  1.21776038E-03
9.58337901E-02  4.95425910E-01  1.25144399E-03
9.60804665E-02  4.86997962E-01  1.21518050E-03
9.63271429E-02  4.82450426E-01  1.19931088E-03
9.65738194E-02  4.84435648E-01  1.22766488E-03
9.68204958E-02  4.91176188E-01  1.22808467E-03
9.70671722E-02  4.90925729E-01  1.19545416E-03
9.73138486E-02  4.89986062E-01  1.22579758E-03
9.75605250E-02  4.92541611E-01  1.19103468E-03
9.78072015E-02  4.86512750E-01  1.24132016E-03
9.80538779E-02  5.02124608E-01  1.25555159E-03
9.83005543E-02  4.92423266E-01  1.20526669E-03
9.85472307E-02  5.02818048E-01  1.25527324E-03
9.87939072E-02  4.98429418E-01  1.26109633E-03
9.90405836E-02  5.03231823E-01  1.23750314E-03
9.92872600E-02  5.07651806E-01  1.23297726E-03
9.95339364E-02  4.99730259E-01  1.18014717E-03
9.97806128E-02  5.07245958E-01  1.27759145E-03
1.00027289E-01  5.12145162E-01  1.21616584E-03
1.00273966E-01  5.03386259E-01  1.20521476E-03
1.00520642E-01  5.09550691E-01  1.19194796E-03
1.00767319E-01  5.03156185E-01  1.19867409E-03
1.01013995E-01  5.07138312E-01  1.18560030E-03
1.01260671E-01  5.16598701E-01  1.27468957E-03
1.01507348E-01  5.24381518E-01  1.23592070E-03
1.01754024E-01  5.24807572E-01  1.24938751E-03
1.02000701E-01  5.25192082E-01  1.26147096E-03
1.02247377E-01  5.19363463E-01  1.24904513E-03
1.02494053E-01  5.27113914E-01  1.23893272E-03
1.02740730E-01  5.30387878E-01  1.23557798E-03
1.02987406E-01  5.33163309E-01  1.28260057E-03
1.03234083E-01  5.33433735E-01  1.24945072E-03
1.03480759E-01  5.54331660E-01  1.27864326E-03
1.03727436E-01  5.48929274E-01  1.26610335E-03
1.03974112E-01  5.48731446E-01  1.25996640E-03
1.04220788E-01  5.51258147E-01  1.30698457E-03
1.04467465E-01  5.60773730E-01  1.28122990E-03
1.04714141E-01  5.76307476E-01  1.33517105E-03
1.04960818E-01  5.64548612E-01  1.31248625E-03
1.05207494E-01  5.61962903E-01  1.31059741E-03
1.05454171E-01  5.77403009E-01  1.33291807E-03
1.05700847E-01  5.80514789E-01  1.34230952E-03
1.05947523E-01  5.79272509E-01  1.33281120E-03
1.06194200E-01  5.85281968E-01  1.31936662E-03
1.06440876E-01  5.93857050E-01  1.35400600E-03
1.06687553E-01  6.01817250E-01  1.36051595E-03
1.06934229E-01  6.08440936E-01  1.35698891E-03
1.07180906E-01  6.12897635E-01  1.41253893E-03
1.07427582E-01  6.14830315E-01  1.39158673E-03
1.07674258E-01  6.26142919E-01  1.39452447E-03
1.07920935E-01  6.33112431E-01  1.36109150E-03
1.08167611E-01  6.23715758E-01  1.41443196E-03
1.08414288E-01  6.46472096E-01  1.47127127E-03
1.08660964E-01  6.45599246E-01  1.52060541E-03
1.08907640E-01  6.55127525E-01  1.52566563E-03
1.09154317E-01  6.74784899E-01  1.53057848E-03
1.09400993E-01  6.71634674E-01  1.63074443E-03
1.09647670E-01  6.91198647E-01  1.64575293E-03
1.09894346E-01  6.80977464E-01  1.59786385E-03
1.10141023E-01  6.98549509E-01  1.68890646E-03
1.10387699E-01  7.01339543E-01  1.67960022E-03
1.10634375E-01  7.11015940E-01  1.70683523E-03
1.10881052E-01  7.24248588E-01  1.79429690E-03
1.11127728E-01  7.17071891E-01  1.72557123E-03
1.11374405E-01  7.39642620E-01  1.83510862E-03
1.11621081E-01  7.54570603E-01  1.72802527E-03
1.11867758E-01  7.53265858E-01  1.85587746E-03
1.12114434E-01  7.55925953E-01  1.83797732E-03
1.12361110E-01  7.63692856E-01  1.80059928E-03
1.12607787E-01  7.59606183E-01  1.81558006E-03
1.12854463E-01  7.61864007E-01  1.75807695E-03
1.13101140E-01  7.65445590E-01  1.84217200E-03
1.13347816E-01  7.81574070E-01  1.79325312E-03
1.13594493E-01  7.76651442E-01  1.84497877E-03
1.13841169E-01  7.85057425E-01  1.86773296E-03
1.14087845E-01  7.77424634E-01  1.85367675E-03
1.14334522E-01  7.77093530E-01  1.76846853E-03
1.14581198E-01  7.70517886E-01  1.76412379E-03
1.14827875E-01  7.72474349E-01  1.77494308E-03
1.15074551E-01  7.70943999E-01  1.83888432E-03
1.15321227E-01  7.67243266E-01  1.73035392E-03
1.15567904E-01  7.69172132E-01  1.73946912E-03
1.15814580E-01  7.63676643E-01  1.71114574E-03
1.16061257E-01  7.64124095E-01  1.71150407E-03
1.16307933E-01  7.51694441E-01  1.83840434E-03
1.16554610E-01  7.58111775E-01  1.69202709E-03
1.16801286E-01  7.48981297E-01  1.71826605E-03
1.17047962E-01  7.39271939E-01  1.72836508E-03
1.17294639E-01  7.34431744E-01  1.71910052E-03
1.17541315E-01  7.40134776E-01  1.64579367E-03
1.17787992E-01  7.29214430E-01  1.69107434E-03
1.18034668E-01  7.24755883E-01  1.64635631E-03
1.18281345E-01  7.12165892E-01  1.55129272E-03
1.18528021E-01  7.13618398E-01  1.57380407E-03
1.18774697E-01  7.08947718E-01  1.56070944E-03
1.19021374E-01  7.06024528E-01  1.58229598E-03
1.19268050E-01  6.87579870E-01  1.56202901E-03
1.19514727E-01  6.84805155E-01  1.49315910E-03
1.19761403E-01  6.77077532E-01  1.52701896E-03
1.20008079E-01  6.70956433E-01  1.49293151E-03
1.20254756E-01  6.75465107E-01  1.51765277E-03
1.20501432E-01  6.64964497E-01  1.44136045E-03
1.20748109E-01  6.67283952E-01  1.47426815E-03
1.20994785E-01  6.52403712E-01  1.47712801E-03
1.21241462E-01  6.46993995E-01  1.40050775E-03
1.21488138E-01  6.43471658E-01  1.41824014E-03
1.21734814E-01  6.41069233E-01  1.41071319E-03
1.21981491E-01  6.38086677E-01  1.38601172E-03
1.22228167E-01  6.30783558E-01  1.43436424E-03
1.22474844E-01  6.25014603E-01  1.39251805E-03
1.22721520E-01  6.21445239E-01  1.34056970E-03
1.22968197E-01  6.17190838E-01  1.36431749E-03
1.23214873E-01  6.18953705E-01  1.34442339E-03
1.23461549E-01  6.14162385E-01  1.38012250E-03
1.23708226E-01  6.00615740E-01  1.30695873E-03
1.23954902E-01  6.03840649E-01  1.33493368E-03
1.24201579E-01  6.02366686E-01  1.33214833E-03
1.24448255E-01  5.93459427E-01  1.32733467E-03
1.24694932E-01  5.92705846E-01  1.28167425E-03
1.24941608E-01  5.89379847E-01  1.27167371E-03
1.25188284E-01  5.81539810E-01  1.27615384E-03
1.25434961E-01  5.79830587E-01  1.30258081E-03
1.25681637E-01  5.75267315E-01  1.29994832E-03
1.25928314E-01  5.76528072E-01  1.30030315E-03
1.26174990E-01  5.64276874E-01  1.26822572E-03
1.26421666E-01  5.67464232E-01  1.25141314E-03
1.26668343E-01  5.68790555E-01  1.26180623E-03
1.26915019E-01  5.59949100E-01  1.22164958E-03
1.27161696E-01  5.54941058E-01  1.22416357E-03
1.27408372E-01  5.49195766E-01  1.19302294E-03
1.27655049E-01  5.52792132E-01  1.23919372E-03
1.27901725E-01  5.48117220E-01  1.18960347E-03
1.28148401E-01  5.55174172E-01  1.22401700E-03
1.28395078E-01  5.40337026E-01  1.19858852E-03
1.28641754E-01  5.34697652E-01  1.21462834E-03
1.28888431E-01  5.38513482E-01  1.20405247E-03
1.29135107E-01  5.33704817E-01  1.22443179E-03
1.29381784E-01  5.30697703E-01  1.18471391E-03
1.29628460E-01  5.28813243E-01  1.19213224E-03
1.29875136E-01  5.23279428E-01  1.18455570E-03
1.30121813E-01  5.22276998E-01  1.18036103E-03
1.30368489E-01  5.24082184E-01  1.14490266E-03
1.30615166E-01  5.26993573E-01  1.18870963E-03
1.30861842E-01  5.14148951E-01  1.16973615E-03
1.31108518E-01  5.14304280E-01  1.15349214E-03
1.31355195E-01  5.09905398E-01  1.17517496E-03
1.31601871E-01  5.08251905E-01  1.12449005E-03
1.31848548E-01  5.10912776E-01  1.16589339E-03
1.32095224E-01  5.09645045E-01  1.13909692E-03
1.32341901E-01  5.07063031E-01  1.14328181E-03
1.32588577E-01  4.91498083E-01  1.07619970E-03
1.32835253E-01  4.98111874E-01  1.11475459E-03
1.33081930E-01  4.94159073E-01  1.12159422E-03
1.33328606E-01  4.97037023E-01  1.15501310E-03
1.33575283E-01  4.93020564E-01  1.11410220E-03
1.33821959E-01  4.87167776E-01  1.09608984E-03
1.34068636E-01  4.88785058E-01  1.07764208E-03
1.34315312E-01  4.79850441E-01  1.11043279E-03
1.34561988E-01  4.84703630E-01  1.08579092E-03
1.34808665E-01  4.79553252E-01  1.06411718E-03
1.35055341E-01  4.82042134E-01  1.08781201E-03
1.35302018E-01  4.79798138E-01  1.09118328E-03
1.35548694E-01  4.74057645E-01  1.11197925E-03
1.35795371E-01  4.71818119E-01  1.07345649E-03
1.36042047E-01  4.71596748E-01  1.05978292E-03
1.36288723E-01  4.72290486E-01  1.05460582E-03
1.36535400E-01  4.68367666E-01  1.04459201E-03
1.36782076E-01  4.66649324E-01  1.04714208E-03
1.37028753E-01  4.64651227E-01  1.06288935E-03
1.37275429E-01  4.59032059E-01  1.00725552E-03
1.37522105E-01  4.62053180E-01  1.02733774E-03
1.37768782E-01  4.66015995E-01  1.04179094E-03
1.38015458E-01  4.57938731E-01  1.05905242E-03
1.38262135E-01  4.61914420E-01  1.05467380E-03
1.38508811E-01  4.46801990E-01  1.04117044E-03
1.38755488E-01  4.51927900E-01  1.03612209E-03
1.39002164E-01  4.51398432E-01  1.04980334E-03
1.39248840E-01  4.50237155E-01  1.01524929E-03
1.39495517E-01  4.45709199E-01  9.96955088E-04
1.39742193E-01  4.50016946E-01  1.05303410E-03
1.39988870E-01  4.45640802E-01  1.01464789E-03
1.40235546E-01  4.42154348E-01  1.01450784E-03
1.40482223E-01  4.46333081E-01  1.04518910E-03
1.40728899E-01  4.35494334E-01  1.01803883E-03
1.40975575E-01  4.36062276E-01  1.02698128E-03
1.41222252E-01  4.38946575E-01  9.95964394E-04
1.41468928E-01  4.36227649E-01  9.81578371E-04
1.41715605E-01  4.35716361E-01  1.00488763E-03
1.41962281E-01  4.40522134E-01  1.02774368E-03
1.42208957E-01  4.34137046E-01  1.00046885E-03
1.42455634E-01  4.35919642E-01  9.94379516E-04
1.42702310E-01  4.30337429E-01  9.81288264E-04
1.42948987E-01  4.32251871E-01  9.97606781E-04
1.43195663E-01  4.31508332E-01  9.74561670E-04
1.43442340E-01  4.22516435E-01  9.60846897E-04
1.43689016E-01  4.24747586E-01  9.62417340E-04
1.43935692E-01  4.28578734E-01  9.86769563E-04
1.44182369E-01  4.24298942E-01  9.55886382E-04
1.44429045E-01  4.19757128E-01  9.62526829E-04
1.44675722E-01  4.20662701E-01  9.79909790E-04
1.44922398E-01  4.23622310E-01  9.90655157E-04
1.45169075E-01  4.24126744E-01  9.92197893E-04
1.45415751E-01  4.20766592E-01  9.65287036E-04
1.45662427E-01  4.20897126E-01  9.65377549E-04
1.45909104E-01  4.11527157E-01  9.68109816E-04
1.46155780E-01  4.08537239E-01  9.75313073E-04
1.46402457E-01  4.15967166E-01  9.75826057E-04
1.46649133E-01  4.11245316E-01  9.16801975E-04
1.46895810E-01  4.12003011E-01  9.44865460E-04
1.47142486E-01  4.14850861E-01  9.72793379E-04
1.47389162E-01  4.12479460E-01  9.56048083E-04
1.47635839E-01  4.08906162E-01  9.46938060E-04
1.47882515E-01  4.03972894E-01  9.36589728E-04
1.48129192E-01  4.04965311E-01  9.23772983E-04
1.48375868E-01  3.99351418E-01  9.42621438E-04
1.48622544E-01  4.06192511E-01  9.33947274E-04
1.48869221E-01  4.00258482E-01  9.34345648E-04
1.49115897E-01  4.07651097E-01  9.33848030E-04
1.49362574E-01  3.96856576E-01  9.28069698E-04
1.49609250E-01  4.04879451E-01  9.65447922E-04
1.49855927E-01  3.94981533E-01  9.19759041E-04
1.50102603E-01  3.96074831E-01  9.06455796E-04
1.50349279E-01  3.89919639E-01  9.27655550E-04
1.50595956E-01  3.94749701E-01  9.21292172E-04
1.50842632E-01  3.97742152E-01  9.04343324E-04
1.51089309E-01  3.93456936E-01  8.97564692E-04
1.51335985E-01  3.88846040E-01  8.88257404E-04
1.51582662E-01  3.90470415E-01  9.09864728E-04
1.51829338E-01  3.86887670E-01  8.92252719E-04
1.52076014E-01  3.87109220E-01  8.79212515E-04
1.52322691E-01  3.82478505E-01  8.91641714E-04
1.52569367E-01  3.81437093E-01  9.02927364E-04
1.52816044E-01  3.74300271E-01  9.16838762E-04
1.53062720E-01  3.79641831E-01  8.82207532E-04
1.53309397E-01  3.78669441E-01  8.85279151E-04
1.53556073E-01  3.74241680E-01  8.72841920E-04
1.53802749E-01  3.70215088E-01  8.86445574E-04
1.54049426E-01  3.76922220E-01  8.91498697E-04
1.54296102E-01  3.68250668E-01  8.51224875E-04
1.54542779E-01  3.71096760E-01  8.56421073E-04
1.54789455E-01  3.61682713E-01  8.73527024E-04
1.55036131E-01  3.60839933E-01  8.64120899E-04
1.55282808E-01  3.62018436E-01  8.47262621E-04
1.55529484E-01  3.58751565E-01  8.63365305E-04
1.55776161E-01  3.56217176E-01  8.69425305E-04
1.56022837E-01  3.52998853E-01  8.52739031E-04
1.56269514E-01  3.51123333E-01  8.32928694E-04
1.56516190E-01  3.47575307E-01  8.42840411E-04
1.56762866E-01  3.50879908E-01  8.42685229E-04
1.57009543E-01  3.44954997E-01  8.20711313E-04
1.57256219E-01  3.39692056E-01  8.29219993E-04
1.57502896E-01  3.44591469E-01  8.43765563E-04
1.57749572E-01  3.39456379E-01  8.29817553E-04
1.57996249E-01  3.35061342E-01  8.15839972E-04
1.58242925E-01  3.34701866E-01  8.17250751E-04
1.58489601E-01  3.34994078E-01  8.03265895E-04
1.58736278E-01  3.37025017E-01  8.07823031E-04
1.58982954E-01  3.25148404E-01  7.99547706E-04
1.59229631E-01  3.28035414E-01  8.25740222E-04
1.59476307E-01  3.26409340E-01  8.11967533E-04
1.59722983E-01  3.18064004E-01  7.91274419E-04
1.59969660E-01  3.25954497E-01  7.95834523E-04
1.60216336E-01  3.22546661E-01  7.91265105E-04
1.60463013E-01  3.21075857E-01  8.01594870E-04
1.60709689E-01  3.09811026E-01  7.44435180E-04
1.60956366E-01  3.16085279E-01  8.04079522E-04
1.61203042E-01  3.07474971E-01  7.74969463E-04
1.61449718E-01  3.07759792E-01  7.79211929E-04
1.61696395E-01  3.04236889E-01  7.64348893E-04
1.61943071E-01  3.00727010E-01  7.59187795E-04
1.62189748E-01  2.96445698E-01  7.49302329E-04
1.62436424E-01  3.01719040E-01  7.73828942E-04
1.62683101E-01  3.00959975E-01  7.51532265E-04
1.62929777E-01  2.90963173E-01  7.29245890E-04
1.63176453E-01  2.90502369E-01  7.62278447E-04
1.63423130E-01  2.90760577E-01  7.32527813E-04
1.63669806E-01  2.81136394E-01  7.33041554E-04
1.63916483E-01  2.85268396E-01  7.17867224E-04
1.64163159E-01  2.83886015E-01  7.23570702E-04
1.64409836E-01  2.84059018E-01  7.23074423E-04
1.64656512E-01  2.78989524E-01  7.29900319E-04
1.64903188E-01  2.74442732E-01  7.12614798E-04
1.65149865E-01  2.83480287E-01  7.04750011E-04
1.65396541E-01  2.73530990E-01  7.28433486E-04
1.65643218E-01  2.69993603E-01  6.92998176E-04
1.65889894E-01  2.70455927E-01  7.05839833E-04
1.66136570E-01  2.68131733E-01  6.92228496E-04
1.66383247E-01  2.66413391E-01  7.06483144E-04
1.66629923E-01  2.66049117E-01  6.97628362E-04
1.66876600E-01  2.68710047E-01  7.15926639E-04
1.67123276E-01  2.57173806E-01  6.88847329E-04
1.67369953E-01  2.56894767E-01  6.77938748E-04
1.67616629E-01  2.57702798E-01  6.89954322E-04
1.67863305E-01  2.60377228E-01  6.90530520E-04
1.68109982E-01  2.54357487E-01  6.71000453E-04
1.68356658E-01  2.50621915E-01  6.58334349E-04
1.68603335E-01  2.50902265E-01  6.77821576E-04
1.68850011E-01  2.46123657E-01  6.70838461E-04
1.69096688E-01  2.44336084E-01  6.71642891E-04
1.69343364E-01  2.46717975E-01  6.70007488E-04
1.69590040E-01  2.47464836E-01  6.77868898E-04
1.69836717E-01  2.36346245E-01  6.57309720E-04
1.70083393E-01  2.35177755E-01  6.53183786E-04
1.70330070E-01  2.38479897E-01  6.39550446E-04
1.70576746E-01  2.37805486E-01  6.72456459E-04
1.70823422E-01  2.35908553E-01  6.60382968E-04
1.71070099E-01  2.31992021E-01  6.45266322E-04
1.71316775E-01  2.34211519E-01  6.40865183E-04
1.71563452E-01  2.31382430E-01  6.40242943E-04
1.71810128E-01  2.31962085E-01  6.35292847E-04
1.72056805E-01  2.24348903E-01  6.30120689E-04
1.72303481E-01  2.25787222E-01  6.20657171E-04
1.72550157E-01  2.25172192E-01  6.21100422E-04
1.72796834E-01  2.12584063E-01  5.99794963E-04
1.73043510E-01  2.19008788E-01  6.07387919E-04
1.73290187E-01  2.18632117E-01  6.03017746E-04
1.73536863E-01  2.17751399E-01  6.03681256E-04
1.73783540E-01  2.17457250E-01  6.28759793E-04
1.74030216E-01  2.12595627E-01  6.13611192E-04
1.74276892E-01  2.14681178E-01  5.96053666E-04
1.74523569E-01  2.10636929E-01  5.87138464E-04
1.74770245E-01  2.09009513E-01  6.03636319E-04
1.75016922E-01  2.06186533E-01  5.94025187E-04
1.75263598E-01  2.09222928E-01  5.94932877E-04
1.75510275E-01  2.03866333E-01  5.86844166E-04
1.75756951E-01  2.01452181E-01  5.83157467E-04
1.76003627E-01  2.03759044E-01  5.89386560E-04
1.76250304E-01  2.02979416E-01  5.86854643E-04
1.76496980E-01  2.02186748E-01  5.87256160E-04
1.76743657E-01  1.98836282E-01  5.58670610E-04
1.76990333E-01  1.98558390E-01  5.83602232E-04
1.77237009E-01  1.88337103E-01  5.59087319E-04
1.77483686E-01  1.98559985E-01  5.65370312E-04
1.77730362E-01  1.95592225E-01  5.66531671E-04
1.77977039E-01  1.94166780E-01  5.72669494E-04
1.78223715E-01  1.91992298E-01  5.86593756E-04
1.78470392E-01  1.87112823E-01  5.52167650E-04
1.78717068E-01  1.80183336E-01  5.38783905E-04
1.78963744E-01  1.90874189E-01  5.56938059E-04
1.79210421E-01  1.78535908E-01  5.43330389E-04
1.79457097E-01  1.83315441E-01  5.52992686E-04
1.79703774E-01  1.77261665E-01  5.40685782E-04
1.79950450E-01  1.80193558E-01  5.42973983E-04
1.80197127E-01  1.79939181E-01  5.50944358E-04
1.80443803E-01  1.72429696E-01  5.36402280E-04
1.80690479E-01  1.73186257E-01  5.41107613E-04
1.80937156E-01  1.77692086E-01  5.32720820E-04
1.81183832E-01  1.72811687E-01  5.14405197E-04
1.81430509E-01  1.74720794E-01  5.15320513E-04
1.81677185E-01  1.70297831E-01  5.24921343E-04
1.81923861E-01  1.70382395E-01  5.23446943E-04
1.82170538E-01  1.68900549E-01  5.14076208E-04
1.82417214E-01  1.67756841E-01  5.10583515E-04
1.82663891E-01  1.69078276E-01  5.14268293E-04
1.82910567E-01  1.63093328E-01  5.00233495E-04
1.83157244E-01  1.61491141E-01  5.09392004E-04
1.83403920E-01  1.59244820E-01  5.13302570E-04
1.83650596E-01  1.63896158E-01  5.16823202E-04
1.83897273E-01  1.59099087E-01  5.00229711E-04
1.84143949E-01  1.56699345E-01  4.98194422E-04
1.84390626E-01  1.53198466E-01  4.89848317E-04
1.84637302E-01  1.60026699E-01  4.99358750E-04
1.84883979E-01  1.54519200E-01  4.92125168E-04
1.85130655E-01  1.55881941E-01  4.97647037E-04
1.85377331E-01  1.53291702E-01  4.92806372E-04
1.85624008E-01  1.55944929E-01  4.99719870E-04
1.85870684E-01  1.53525978E-01  4.87876940E-04
1.86117361E-01  1.49853900E-01  4.91607003E-04
1.86364037E-01  1.46462753E-01  4.66357160E-04
1.86610714E-01  1.50562450E-01  4.83595679E-04
1.86857390E-01  1.47779733E-01  4.72109183E-04
1.87104066E-01  1.45518214E-01  4.74526343E-04
1.87350743E-01  1.46696955E-01  4.84551390E-04
1.87597419E-01  1.43096194E-01  4.75089706E-04
1.87844096E-01  1.46564931E-01  4.74313390E-04
1.88090772E-01  1.41460389E-01  4.79343929E-04
1.88337448E-01  1.42960161E-01  4.68086713E-04
1.88584125E-01  1.37280896E-01  4.62712633E-04
1.88830801E-01  1.40710950E-01  4.69148101E-04
1.89077478E-01  1.35057166E-01  4.60922136E-04
1.89324154E-01  1.38234079E-01  4.54146822E-04
1.89570831E-01  1.36324987E-01  4.50460881E-04
1.89817507E-01  1.33358046E-01  4.43938538E-04
1.90064183E-01  1.36304602E-01  4.60619747E-04
1.90310860E-01  1.31421372E-01  4.48220759E-04
1.90557536E-01  1.33329064E-01  4.56310081E-04
1.90804213E-01  1.34763226E-01  4.51484317E-04
1.91050889E-01  1.32453322E-01  4.37910261E-04
1.91297566E-01  1.32842734E-01  4.53383516E-04
1.91544242E-01  1.30508259E-01  4.43387369E-04
1.91790918E-01  1.29667059E-01  4.40797972E-04
1.92037595E-01  1.27751708E-01  4.41807962E-04
1.92284271E-01  1.26319662E-01  4.40304197E-04
1.92530948E-01  1.25575081E-01  4.29289415E-04
1.92777624E-01  1.21559136E-01  4.28446307E-04
1.93024301E-01  1.20702811E-01  4.24712489E-04
1.93270977E-01  1.23239987E-01  4.34190180E-04
1.93517653E-01  1.24747276E-01  4.35296155E-04
1.93764330E-01  1.20022982E-01  4.37185896E-04
1.94011006E-01  1.17850855E-01  4.15819435E-04
1.94257683E-01  1.18566841E-01  4.12954076E-04
1.94504359E-01  1.17785387E-01  4.09399479E-04
1.94751035E-01  1.17284872E-01  4.11889196E-04
1.94997712E-01  1.12799287E-01  4.09166823E-04
1.95244388E-01  1.15762182E-01  4.08164517E-04
1.95491065E-01  1.18216515E-01  4.19603981E-04
1.95737741E-01  1.16753630E-01  4.27907129E-04
1.95984418E-01  1.13031112E-01  4.05770843E-04
1.96231094E-01  1.12641238E-01  4.12748777E-04
1.96477770E-01  1.11999094E-01  4.01476049E-04
1.96724447E-01  1.09929115E-01  4.02134436E-04
1.96971123E-01  1.09227948E-01  4.01246711E-04
1.97217800E-01  1.10853143E-01  3.98252130E-04
1.97464476E-01  1.07962750E-01  3.93146387E-04
1.97711153E-01  1.08022563E-01  3.93910217E-04
1.97957829E-01  1.09174080E-01  4.02366364E-04
1.98204505E-01  1.05606690E-01  3.94264382E-04
1.98451182E-01  1.06033318E-01  4.00343270E-04
1.98697858E-01  1.03330560E-01  3.93052003E-04
1.98944535E-01  1.05479397E-01  3.84999235E-04
1.99191211E-01  1.04331106E-01  3.99815326E-04
1.99437887E-01  1.02239072E-01  3.86931206E-04
1.99684564E-01  1.02770619E-01  3.84417595E-04
1.99931240E-01  9.98757854E-02  3.80282378E-04
2.00177917E-01  1.03417784E-01  3.87369277E-04
2.00424593E-01  1.00055233E-01  3.74779804E-04
2.00671270E-01  1.00438938E-01  3.70498659E-04
2.00917946E-01  9.96453688E-02  3.84312443E-04
2.01164622E-01  9.88492146E-02  3.69416055E-04
2.01411299E-01  9.56280306E-02  3.73194634E-04
2.01657975E-01  9.68401656E-02  3.77203774E-04
2.01904652E-01  9.91291404E-02  3.68683337E-04
2.02151328E-01  9.56795812E-02  3.81337479E-04
2.02398005E-01  9.84059870E-02  3.67119705E-04
2.02644681E-01  9.51431394E-02  3.57688172E-04
2.02891357E-01  9.43618715E-02  3.58284306E-04
2.03138034E-01  9.46807265E-02  3.69195943E-04
2.03384710E-01  9.49134305E-02  3.62063263E-04
2.03631387E-01  8.98694843E-02  3.48070520E-04
2.03878063E-01  8.99150670E-02  3.57226731E-04
2.04124740E-01  9.15481001E-02  3.64612119E-04
2.04371416E-01  9.11484137E-02  3.50084942E-04
2.04618092E-01  8.86953846E-02  3.46217101E-04
2.04864769E-01  9.11320299E-02  3.51986440E-04
2.05111445E-01  8.76498371E-02  3.55756201E-04
2.05358122E-01  9.01459754E-02  3.64081003E-04
2.05604798E-01  8.95133615E-02  3.57413926E-04
2.05851474E-01  8.60459954E-02  3.43446474E-04
2.06098151E-01  8.94714594E-02  3.47748282E-04
2.06344827E-01  8.58545154E-02  3.40444560E-04
2.06591504E-01  8.34720060E-02  3.44105560E-04
2.06838180E-01  8.62799808E-02  3.33899865E-04
2.07084857E-01  8.52265134E-02  3.37107282E-04
2.07331533E-01  8.65700915E-02  3.39322840E-04
2.07578209E-01  8.25118124E-02  3.39369435E-04
2.07824886E-01  8.44825655E-02  3.42834741E-04
2.08071562E-01  8.21416229E-02  3.32652999E-04
2.08318239E-01  8.19400772E-02  3.40557017E-04
2.08564915E-01  8.11193511E-02  3.28890746E-04
2.08811592E-01  8.26692805E-02  3.32923984E-04
2.09058268E-01  8.03979337E-02  3.27577203E-04
2.09304944E-01  8.21312219E-02  3.38343845E-04
2.09551621E-01  8.22381154E-02  3.37484846E-04
2.09798297E-01  8.14263374E-02  3.36516823E-04
2.10044974E-01  7.96095058E-02  3.26409820E-04
2.10291650E-01  8.11842903E-02  3.37088422E-04
2.10538326E-01  8.05137455E-02  3.32822965E-04
2.10785003E-01  8.15185979E-02  3.23774671E-04
2.11031679E-01  8.11814517E-02  3.26230802E-04
2.11278356E-01  7.92552605E-02  3.33945849E-04
2.11525032E-01  8.07995498E-02  3.21528350E-04
2.11771709E-01  7.84315392E-02  3.25881439E-04
2.12018385E-01  7.78713599E-02  3.15580255E-04
2.12265061E-01  7.44890496E-02  3.20027233E-04
2.12511738E-01  7.73854777E-02  3.25810339E-04
2.12758414E-01  7.80716538E-02  3.23625194E-04
2.13005091E-01  7.61765465E-02  3.25353059E-04
2.13251767E-01  7.52229542E-02  3.15250887E-04
2.13498444E-01  7.38805756E-02  3.15348385E-04
2.13745120E-01  7.38797784E-02  3.15272453E-04
2.13991796E-01  7.59670883E-02  3.17284255E-04
2.14238473E-01  7.28278384E-02  3.16259830E-04
2.14485149E-01  7.22947866E-02  3.08617600E-04
2.14731826E-01  7.33065903E-02  3.04997258E-04
2.14978502E-01  7.58835152E-02  3.15669691E-04
2.15225179E-01  7.27003664E-02  3.05080408E-04
2.15471855E-01  7.46687651E-02  3.22055013E-04
2.15718531E-01  7.48898759E-02  3.16619960E-04
2.15965208E-01  7.08131641E-02  3.07801325E-04
2.16211884E-01  7.29428679E-02  3.16936610E-04
2.16458561E-01  7.34390765E-02  3.03771842E-04
2.16705237E-01  7.22286701E-02  3.10799340E-04
2.16951913E-01  7.11517707E-02  3.17139260E-04
2.17198590E-01  7.00944364E-02  3.01995839E-04
2.17445266E-01  6.94449842E-02  3.17188882E-04
2.17691943E-01  7.00312182E-02  3.12726072E-04
2.17938619E-01  6.79991692E-02  3.06434755E-04
2.18185296E-01  6.95811212E-02  3.05209629E-04
2.18431972E-01  6.84716552E-02  3.09088966E-04
2.18678648E-01  7.17695430E-02  3.08203336E-04
2.18925325E-01  6.84984773E-02  3.10309813E-04
2.19172001E-01  6.90228418E-02  3.06928589E-04
2.19418678E-01  6.96785524E-02  3.05698602E-04
2.19665354E-01  6.93880171E-02  3.01552820E-04
2.19912031E-01  6.76842406E-02  3.01439082E-04
2.20158707E-01  7.12201744E-02  3.03335575E-04
2.20405383E-01  6.71758652E-02  2.99780047E-04
2.20652060E-01  6.83025345E-02  3.02415603E-04
2.20898736E-01  7.10630044E-02  3.13856610E-04
2.21145413E-01  6.81884363E-02  3.06794915E-04
2.21392089E-01  6.86736032E-02  2.95549049E-04
2.21638766E-01  6.76485747E-02  2.94615922E-04
2.21885442E-01  6.72346950E-02  2.95082136E-04
2.22132118E-01  6.67668134E-02  3.02093424E-04
2.22378795E-01  6.60629570E-02  2.97237129E-04
2.22625471E-01  6.77371919E-02  2.96181446E-04
2.22872148E-01  6.53269961E-02  2.95378210E-04
2.23118824E-01  6.71030283E-02  2.91915436E-04
2.23365500E-01  6.45564869E-02  2.95691541E-04
2.23612177E-01  6.67408928E-02  2.98532424E-04
2.23858853E-01  6.71220049E-02  3.00769374E-04
2.24105530E-01  6.73862174E-02  2.96919723E-04
2.24352206E-01  6.79815710E-02  2.98655621E-04
2.24598883E-01  6.63299635E-02  2.90063093E-04
2.24845559E-01  6.67214543E-02  2.99288251E-04
2.25092235E-01  6.62575811E-02  2.92836979E-04
2.25338912E-01  6.61215782E-02  2.93476332E-04
2.25585588E-01  6.50707930E-02  2.96817510E-04
2.25832265E-01  6.68254495E-02  2.93207937E-04
2.26078941E-01  6.54296353E-02  2.97746214E-04
2.26325618E-01  6.66175708E-02  2.97780440E-04
2.26572294E-01  6.61574826E-02  2.93799705E-04
2.26818970E-01  6.44825771E-02  2.90377240E-04
2.27065647E-01  6.61844909E-02  2.88552023E-04
2.27312323E-01  6.82910681E-02  2.96979735E-04
2.27559000E-01  6.66346848E-02  2.98344588E-04
2.27805676E-01  6.60670623E-02  2.89707677E-04
2.28052352E-01  6.40181154E-02  2.83293921E-04
2.28299029E-01  6.48778230E-02  2.86362076E-04
2.28545705E-01  6.65184930E-02  2.93376041E-04
2.28792382E-01  6.66189268E-02  2.86540773E-04
2.29039058E-01  6.77516162E-02  2.99439824E-04
2.29285735E-01  6.36071041E-02  2.88408599E-04
2.29532411E-01  6.51521087E-02  2.84468028E-04
2.29779087E-01  6.26420602E-02  2.81184330E-04
2.30025764E-01  6.38451055E-02  2.86230672E-04
2.30272440E-01  6.39840513E-02  2.87102710E-04
2.30519117E-01  6.37446642E-02  2.88175128E-04
2.30765793E-01  6.49870336E-02  2.87949399E-04
2.31012470E-01  6.36658594E-02  2.83352681E-04
2.31259146E-01  6.44930452E-02  2.85616377E-04
2.31505822E-01  6.64787218E-02  2.95076403E-04
2.31752499E-01  6.33452013E-02  2.84151087E-04
2.31999175E-01  6.45920411E-02  2.87908653E-04
2.32245852E-01  6.30706698E-02  2.86473107E-04
2.32492528E-01  6.52840063E-02  2.85176851E-04
2.32739205E-01  6.33213148E-02  2.79991684E-04
2.32985881E-01  6.59439936E-02  2.88564770E-04
2.33232557E-01  6.52028248E-02  2.90868105E-04
2.33479234E-01  6.53924420E-02  2.83758651E-04
2.33725910E-01  6.42545074E-02  2.84072739E-04
2.33972587E-01  6.39891624E-02  2.84328329E-04
2.34219263E-01  6.40560687E-02  2.82028370E-04
2.34465939E-01  6.17734157E-02  2.80042703E-04
2.34712616E-01  6.44587651E-02  2.85535876E-04
2.34959292E-01  6.30584434E-02  2.80009670E-04
2.35205969E-01  6.45946786E-02  2.87487463E-04
2.35452645E-01  6.31705374E-02  2.83024739E-04
2.35699322E-01  6.30536899E-02  2.82493449E-04
2.35945998E-01  6.47223070E-02  2.85806862E-04
2.36192674E-01  6.43285364E-02  2.84009642E-04
2.36439351E-01  6.32283241E-02  2.87928211E-04
2.36686027E-01  6.22399561E-02  2.76932173E-04
2.36932704E-01  6.41709566E-02  2.77287356E-04
2.37179380E-01  6.32965714E-02  2.77817366E-04
2.37426057E-01  6.62700906E-02  2.88312789E-04
2.37672733E-01  6.43621609E-02  2.84830632E-04
2.37919409E-01  6.20561987E-02  2.72849895E-04
2.38166086E-01  6.48579970E-02  2.80037348E-04
2.38412762E-01  6.36070371E-02  2.84271489E-04
2.38659439E-01  6.37405440E-02  2.84330657E-04
2.38906115E-01  6.39193729E-02  2.80541833E-04
2.39152791E-01  6.52431995E-02  2.79513974E-04
2.39399468E-01  6.39790297E-02  2.79803673E-04
2.39646144E-01  6.26316220E-02  2.78120366E-04
2.39892821E-01  6.31858855E-02  2.79434258E-04
2.40139497E-01  6.35057017E-02  2.76642357E-04
2.40386174E-01  6.42384514E-02  2.76670442E-04
2.40632850E-01  6.33782744E-02  2.87088333E-04
2.40879526E-01  6.41607717E-02  2.77346640E-04
2.41126203E-01  6.39869049E-02  2.83859263E-04
2.41372879E-01  6.39946088E-02  2.76244973E-04
2.41619556E-01  6.35712892E-02  2.80703360E-04
2.41866232E-01  6.24597594E-02  2.77177198E-04
2.42112909E-01  6.55062199E-02  2.83505913E-04
2.42359585E-01  6.26654774E-02  2.77092215E-04
2.42606261E-01  6.32973984E-02  2.80480628E-04
2.42852938E-01  6.59530088E-02  2.93813122E-04
2.43099614E-01  6.59451708E-02  2.92193232E-04
2.43346291E-01  6.45811483E-02  2.90119759E-04
2.43592967E-01  6.34598508E-02  2.91073171E-04
2.43839644E-01  6.61250651E-02  2.94646394E-04
2.44086320E-01  6.50282651E-02  2.87360512E-04
2.44332996E-01  6.50829822E-02  2.91683915E-04
2.44579673E-01  6.61107227E-02  2.91403005E-04
2.44826349E-01  6.34474978E-02  2.97050254E-04
2.45073026E-01  6.58859909E-02  2.91396922E-04
2.45319702E-01  6.48923889E-02  2.82030785E-04
2.45566378E-01  6.48593530E-02  3.01995431E-04
2.45813055E-01  6.60540983E-02  2.91417527E-04
2.46059731E-01  6.48888946E-02  2.94485129E-04
2.46306408E-01  6.71489090E-02  2.98688130E-04
2.46553084E-01  6.60741851E-02  2.96371873E-04
2.46799761E-01  6.42316490E-02  2.93471443E-04
2.47046437E-01  6.62881434E-02  3.02322442E-04
2.47293113E-01  6.57517835E-02  2.99318461E-04
2.47539790E-01  6.64303228E-02  3.01359076E-04
2.47786466E-01  6.78170621E-02  3.05835158E-04
2.48033143E-01  6.70327842E-02  3.08819639E-04
2.48279819E-01  6.58377409E-02  3.07859387E-04
2.48526496E-01  6.63772747E-02  3.15666053E-04
2.48773172E-01  6.77542612E-02  3.10903939E-04
2.49019848E-01  6.73411489E-02  3.09007301E-04
2.49266525E-01  6.60695434E-02  3.09449300E-04
2.49513201E-01  6.65093511E-02  3.19991610E-04
2.49759878E-01  6.62643537E-02  3.06925649E-04
2.50006554E-01  6.79566264E-02  3.18150880E-04
2.50253230E-01  6.47212341E-02  3.03762965E-04
2.50499907E-01  6.62894398E-02  3.06007976E-04
2.50746583E-01  6.60754144E-02  3.12900898E-04
2.50993260E-01  6.73977286E-02  3.11332667E-04
2.51239936E-01  6.62760139E-02  3.17574129E-04
2.51486613E-01  6.46506697E-02  3.12322227E-04
2.51733289E-01  6.63253963E-02  3.10040778E-04
2.51979965E-01  6.70398250E-02  3.18310602E-04
2.52226642E-01  6.68642372E-02  3.16669320E-04
2.52473318E-01  6.47913143E-02  3.10233387E-04
2.52719995E-01  6.68345392E-02  3.15419777E-04
2.52966671E-01  6.64710626E-02  3.11553071E-04
2.53213348E-01  6.77686334E-02  3.22749547E-04
2.53460024E-01  6.44726902E-02  3.11084965E-04
2.53706700E-01  6.74318746E-02  3.22628679E-04
2.53953377E-01  6.72466755E-02  3.25971661E-04
2.54200053E-01  6.60637543E-02  3.18130857E-04
2.54446730E-01  6.79823682E-02  3.21562897E-04
2.54693406E-01  6.79298714E-02  3.15679528E-04
2.54940083E-01  6.71562999E-02  3.03694978E-04
2.55186759E-01  6.69433251E-02  3.04753165E-04
2.55433435E-01  6.66737407E-02  3.08658899E-04
2.55680112E-01  6.64486066E-02  3.06282542E-04
2.55926788E-01  6.76919520E-02  3.13840719E-04
2.56173465E-01  6.72541559E-02  3.20002699E-04
2.56420141E-01  6.81826845E-02  3.07247392E-04
2.56666817E-01  6.58463165E-02  3.12758464E-04
2.56913494E-01  6.98237717E-02  3.14231875E-04
2.57160170E-01  6.64771348E-02  3.08875489E-04
2.57406847E-01  6.67870343E-02  3.11648997E-04
2.57653523E-01  7.01061189E-02  3.15261103E-04
2.57900200E-01  6.80406764E-02  3.14499019E-04
2.58146876E-01  6.60744905E-02  3.07638315E-04
2.58393552E-01  6.89221919E-02  3.18072649E-04
2.58640229E-01  7.06760436E-02  3.23894055E-04
2.58886905E-01  6.81532472E-02  3.09771975E-04
2.59133582E-01  6.70356154E-02  3.06185859E-04
2.59380258E-01  6.92294985E-02  2.98676867E-04
2.59626935E-01  6.69038221E-02  3.04501271E-04
2.59873611E-01  7.05413893E-02  3.13169643E-04
2.60120287E-01  6.90035000E-02  3.03062232E-04
2.60366964E-01  6.80039227E-02  3.09287687E-04
2.60613640E-01  6.77452907E-02  3.04618967E-04
2.60860317E-01  6.82699233E-02  3.08318762E-04
2.61106993E-01  6.91579133E-02  3.10559495E-04
2.61353670E-01  6.83256537E-02  3.01160791E-04
2.61600346E-01  6.92204013E-02  3.14381468E-04
2.61847022E-01  7.01374039E-02  3.15723504E-04
2.62093699E-01  6.88979775E-02  3.07370996E-04
2.62340375E-01  6.84499666E-02  3.05380352E-04
2.62587052E-01  6.82229549E-02  3.16809863E-04
2.62833728E-01  7.13713914E-02  3.14674951E-04
2.63080404E-01  6.88800514E-02  3.07024020E-04
2.63327081E-01  6.73221126E-02  2.97562015E-04
2.63573757E-01  6.99792653E-02  3.14574980E-04
2.63820434E-01  6.81807175E-02  3.10397212E-04
2.64067110E-01  6.83897734E-02  3.13217606E-04
2.64313787E-01  6.96578920E-02  3.10000672E-04
2.64560463E-01  6.97504058E-02  3.10256117E-04
2.64807139E-01  6.90435767E-02  3.10829899E-04
2.65053816E-01  6.85959011E-02  3.06838047E-04
2.65300492E-01  6.77367747E-02  3.06705100E-04
2.65547169E-01  7.06464350E-02  3.13790515E-04
2.65793845E-01  7.15596601E-02  3.06318427E-04
2.66040522E-01  6.86884373E-02  2.95806909E-04
2.66287198E-01  7.07840696E-02  3.11749696E-04
2.66533874E-01  6.86509758E-02  3.07425071E-04
2.66780551E-01  6.73376024E-02  2.98338215E-04
2.67027227E-01  6.71201795E-02  2.98809609E-04
2.67273904E-01  6.96317106E-02  3.07947194E-04
2.67520580E-01  7.09805116E-02  3.11192562E-04
2.67767256E-01  7.23053962E-02  3.23665037E-04
2.68013933E-01  6.93958327E-02  3.09100316E-04
2.68260609E-01  6.86332136E-02  3.02455475E-04
2.68507286E-01  6.88483715E-02  3.02161352E-04
2.68753962E-01  6.92661032E-02  3.16419493E-04
2.69000639E-01  7.09501356E-02  3.16200138E-04
2.69247315E-01  6.98361397E-02  3.04126705E-04
2.69493991E-01  6.86640814E-02  3.00314539E-04
2.69740668E-01  6.91946596E-02  3.03824345E-04
2.69987344E-01  7.17984810E-02  3.11611104E-04
2.70234021E-01  7.01553226E-02  3.11597862E-04
2.70480697E-01  7.11386129E-02  3.16293212E-04
2.70727374E-01  7.26348534E-02  3.18606180E-04
2.70974050E-01  6.97395504E-02  3.17296275E-04
2.71220726E-01  6.96656257E-02  3.11806158E-04
2.71467403E-01  7.29314387E-02  3.23320681E-04
2.71714079E-01  7.21531138E-02  3.18131264E-04
2.71960756E-01  7.18329102E-02  3.21170781E-04
2.72207432E-01  7.25479200E-02  3.19137587E-04
2.72454109E-01  7.19164163E-02  3.38019890E-04
2.72700785E-01  7.20378757E-02  3.17681581E-04
2.72947461E-01  7.22977817E-02  3.20671592E-04
2.73194138E-01  7.08470196E-02  3.17035825E-04
2.73440814E-01  7.11928383E-02  3.31893098E-04
2.73687491E-01  7.06924424E-02  3.23497865E-04
2.73934167E-01  7.18685091E-02  3.23475047E-04
2.74180843E-01  7.17439651E-02  3.27297341E-04
2.74427520E-01  7.20248669E-02  3.21799511E-04
2.74674196E-01  7.11474493E-02  3.22896434E-04
2.74920873E-01  7.34032542E-02  3.24390276E-04
2.75167549E-01  7.34985098E-02  3.32976022E-04
2.75414226E-01  7.37788826E-02  3.25023488E-04
2.75660902E-01  7.29580373E-02  3.27451096E-04
2.75907578E-01  7.11622536E-02  3.16211255E-04
2.76154255E-01  7.14334995E-02  3.28431139E-04
2.76400931E-01  7.45855123E-02  3.30023526E-04
2.76647608E-01  7.42822886E-02  3.42684216E-04
2.76894284E-01  7.45752752E-02  3.29487317E-04
2.77140961E-01  7.04779476E-02  3.22256179E-04
2.77387637E-01  7.11845681E-02  3.15806537E-04
2.77634313E-01  6.97852522E-02  3.24717374E-04
2.77880990E-01  7.27169886E-02  3.20118648E-04
2.78127666E-01  7.03455284E-02  3.30090406E-04
2.78374343E-01  7.42224008E-02  3.31643503E-04
2.78621019E-01  7.40220919E-02  3.26634414E-04
2.78867695E-01  7.31449127E-02  3.37692065E-04
2.79114372E-01  7.23128170E-02  3.30956420E-04
2.79361048E-01  7.25026056E-02  3.29774281E-04
2.79607725E-01  7.47738630E-02  3.39669175E-04
2.79854401E-01  7.24380836E-02  3.22066015E-04
2.80101078E-01  7.34543204E-02  3.37960169E-04
2.80347754E-01  7.32526407E-02  3.30878858E-04
2.80594430E-01  7.26720095E-02  3.30210809E-04
2.80841107E-01  7.63433352E-02  3.35459976E-04
2.81087783E-01  7.22679645E-02  3.23882239E-04
2.81334460E-01  7.30787441E-02  3.28414113E-04
2.81581136E-01  6.93691224E-02  3.22213309E-04
2.81827813E-01  7.42426664E-02  3.26241163E-04
2.82074489E-01  7.48527199E-02  3.34438257E-04
2.82321165E-01  7.09298998E-02  3.37615464E-04
2.82567842E-01  7.31493905E-02  3.36247118E-04
2.82814518E-01  7.39719570E-02  3.37683887E-04
2.83061195E-01  7.02407286E-02  3.27028945E-04
2.83307871E-01  7.38702640E-02  3.34942335E-04
2.83554548E-01  7.31541738E-02  3.37620906E-04
2.83801224E-01  7.11974353E-02  3.34983255E-04
2.84047900E-01  7.17698187E-02  3.23911983E-04
2.84294577E-01  7.39237964E-02  3.38915735E-04
2.84541253E-01  7.40077570E-02  3.40011786E-04
2.84787930E-01  7.37749487E-02  3.37095989E-04
2.85034606E-01  7.64741302E-02  3.38100886E-04
2.85281282E-01  7.19301403E-02  3.32584576E-04
2.85527959E-01  7.41212443E-02  3.32970667E-04
2.85774635E-01  7.31976181E-02  3.33062664E-04
2.86021312E-01  7.44505599E-02  3.41939740E-04
2.86267988E-01  7.23767355E-02  3.31823132E-04
2.86514665E-01  7.15200379E-02  3.37238103E-04
2.86761341E-01  7.21232221E-02  3.23948916E-04
2.87008017E-01  7.12551028E-02  3.29801987E-04
2.87254694E-01  7.36420229E-02  3.38482932E-04
2.87501370E-01  7.52376392E-02  3.33961973E-04
2.87748047E-01  7.34919682E-02  3.30535491E-04
2.87994723E-01  7.16617480E-02  3.36538593E-04
2.88241400E-01  7.39240572E-02  3.24834720E-04
2.88488076E-01  7.30000138E-02  3.36576049E-04
2.88734752E-01  7.38079250E-02  3.41571023E-04
2.88981429E-01  7.41089061E-02  3.41869018E-04
2.89228105E-01  7.03181997E-02  3.33662640E-04
2.89474782E-01  7.33785927E-02  3.37953301E-04
2.89721458E-01  7.33440295E-02  3.46038927E-04
2.89968134E-01  7.26834610E-02  3.36295372E-04
2.90214811E-01  7.32799545E-02  3.34887474E-04
2.90461487E-01  7.46757761E-02  3.49460897E-04
2.90708164E-01  7.35203102E-02  3.34385055E-04
2.90954840E-01  7.44102597E-02  3.38732731E-04
2.91201517E-01  7.25262910E-02  3.35739576E-04
2.91448193E-01  7.37107918E-02  3.46984074E-04
2.91694869E-01  7.19316006E-02  3.29233328E-04
2.91941546E-01  7.23669007E-02  3.37542820E-04
2.92188222E-01  7.33198225E-02  3.36255383E-04
2.92434899E-01  7.24347830E-02  3.41527222E-04
2.92681575E-01  7.22311437E-02  3.22070351E-04
2.92928252E-01  7.10213780E-02  3.22347536E-04
2.93174928E-01  7.07664043E-02  3.34342883E-04
2.93421604E-01  6.84264526E-02  3.21383210E-04
2.93668281E-01  7.09644854E-02  3.31970397E-04
2.93914957E-01  7.05484822E-02  3.26654932E-04
2.94161634E-01  7.51553774E-02  3.43215332E-04
2.94408310E-01  7.42623359E-02  3.37605336E-04
2.94654987E-01  7.20417798E-02  3.36037047E-04
2.94901663E-01  7.21599907E-02  3.30996932E-04
2.95148339E-01  7.38201514E-02  3.42124142E-04
2.95395016E-01  7.34275952E-02  3.32011346E-04
2.95641692E-01  7.00929165E-02  3.36089230E-04
2.95888369E-01  7.39078149E-02  3.40730534E-04
2.96135045E-01  7.19541237E-02  3.25384957E-04
2.96381721E-01  7.08398521E-02  3.31471005E-04
2.96628398E-01  7.35111609E-02  3.35678342E-04
2.96875074E-01  7.16016740E-02  3.34821991E-04
2.97121751E-01  7.26080537E-02  3.27161833E-04
2.97368427E-01  7.14952499E-02  3.31516727E-04
2.97615104E-01  7.18438774E-02  3.28650320E-04
2.97861780E-01  7.01310188E-02  3.22865555E-04
2.98108456E-01  7.33179078E-02  3.38808662E-04
2.98355133E-01  7.21786246E-02  3.40576022E-04
2.98601809E-01  7.03622848E-02  3.38187558E-04
2.98848486E-01  7.14328587E-02  3.26720008E-04
2.99095162E-01  7.27279857E-02  3.39639082E-04
2.99341839E-01  7.32351094E-02  3.45288718E-04
2.99588515E-01  7.20240995E-02  3.37417005E-04
2.99835191E-01  7.15731010E-02  3.32105992E-04
3.00081868E-01  7.03997910E-02  3.31443065E-04
3.00328544E-01  7.09865540E-02  3.33767995E-04
3.00575221E-01  7.04363212E-02  3.25861358E-04
3.00821897E-01  7.16050118E-02  3.38095560E-04
3.01068574E-01  7.33153969E-02  3.48881527E-04
3.01315250E-01  7.49187693E-02  3.39570048E-04
3.01561926E-01  7.32450187E-02  3.40418512E-04
3.01808603E-01  7.15001300E-02  3.34830082E-04
3.02055279E-01  7.37146884E-02  3.36839468E-04
3.02301956E-01  7.24452212E-02  3.43347550E-04
3.02548632E-01  7.01630339E-02  3.33851291E-04
3.02795308E-01  7.02510774E-02  3.42755055E-04
3.03041985E-01  7.15404078E-02  3.43646389E-04
3.03288661E-01  7.19750375E-02  3.31939023E-04
3.03535338E-01  7.16113895E-02  3.40407423E-04
3.03782014E-01  7.00786710E-02  3.31349700E-04
3.04028691E-01  7.03945607E-02  3.30804265E-04
3.04275367E-01  7.03512132E-02  3.35405610E-04
3.04522043E-01  6.98098168E-02  3.17551254E-04
3.04768720E-01  7.13945776E-02  3.38876416E-04
3.05015396E-01  7.18588829E-02  3.32204509E-04
3.05262073E-01  7.15079531E-02  3.33391567E-04
3.05508749E-01  7.37393796E-02  3.43602267E-04
3.05755426E-01  7.22877011E-02  3.27414338E-04
3.06002102E-01  7.17438608E-02  3.38434649E-04
3.06248778E-01  7.19025508E-02  3.42764193E-04
3.06495455E-01  7.24428371E-02  3.36212543E-04
3.06742131E-01  7.09160641E-02  3.25580884E-04
3.06988808E-01  7.21071064E-02  3.43495718E-04
3.07235484E-01  7.16487095E-02  3.32532334E-04
3.07482160E-01  7.42997974E-02  3.49278474E-04
3.07728837E-01  7.27060288E-02  3.38850630E-04
3.07975513E-01  7.00290352E-02  3.30576528E-04
3.08222190E-01  6.98691532E-02  3.36860598E-04
3.08468866E-01  6.89584687E-02  3.31663439E-04
3.08715543E-01  6.98590279E-02  3.26498644E-04
3.08962219E-01  7.10977539E-02  3.33376345E-04
3.09208895E-01  7.07627833E-02  3.39614664E-04
3.09455572E-01  7.07271099E-02  3.39833990E-04
3.09702248E-01  7.01903701E-02  3.37890175E-04
3.09948925E-01  7.24080354E-02  3.49443522E-04
3.10195601E-01  7.07364976E-02  3.31767660E-04
3.10442278E-01  7.06773698E-02  3.31436808E-04
3.10688954E-01  7.23718852E-02  3.40474682E-04
3.10935630E-01  7.08581209E-02  3.41488165E-04
3.11182307E-01  7.42191151E-02  3.47305526E-04
3.11428983E-01  7.24639893E-02  3.42467712E-04
3.11675660E-01  7.06022605E-02  3.33346019E-04
3.11922336E-01  7.14344010E-02  3.30273819E-04
3.12169013E-01  7.17959628E-02  3.29952338E-04
3.12415689E-01  7.12202191E-02  3.38338519E-04
3.12662365E-01  7.22505152E-02  3.36033816E-04
3.12909042E-01  7.10293204E-02  3.33996810E-04
3.13155718E-01  7.03682154E-02  3.42683605E-04
3.13402395E-01  6.95009008E-02  3.32393101E-04
3.13649071E-01  7.33661801E-02  3.40455503E-04
3.13895747E-01  6.91297129E-02  3.36156372E-04
3.14142424E-01  7.30460808E-02  3.42215673E-04
3.14389100E-01  7.20643252E-02  3.32439697E-04
3.14635777E-01  7.03046769E-02  3.43323627E-04
3.14882453E-01  6.88557625E-02  3.34683864E-04
3.15129130E-01  7.14968890E-02  3.27510148E-04
3.15375806E-01  7.33254328E-02  3.35447927E-04
3.15622482E-01  7.10051209E-02  3.30153591E-04
3.15869159E-01  7.14643374E-02  3.37830570E-04
3.16115835E-01  6.97026253E-02  3.37130536E-04
3.16362512E-01  6.80026412E-02  3.22049687E-04
3.16609188E-01  6.98332638E-02  3.41998035E-04
3.16855865E-01  6.94126636E-02  3.23831715E-04
3.17102541E-01  7.15519786E-02  3.30382201E-04
3.17349217E-01  7.27165416E-02  3.38198588E-04
3.17595894E-01  7.08230957E-02  3.35349265E-04
3.17842570E-01  6.84387833E-02  3.27768619E-04
3.18089247E-01  7.10349157E-02  3.26772104E-04
3.18335923E-01  7.14460537E-02  3.33743170E-04
3.18582599E-01  7.24261031E-02  3.37648758E-04
3.18829276E-01  7.23239705E-02  3.33289412E-04
3.19075952E-01  6.83745444E-02  3.33655713E-04
3.19322629E-01  7.20075965E-02  3.36523895E-04
3.19569305E-01  7.35045001E-02  3.49449081E-04
3.19815982E-01  7.21774697E-02  3.50345479E-04
3.20062658E-01  7.00298920E-02  3.30785202E-04
3.20309334E-01  7.17290938E-02  3.38316488E-04
3.20556011E-01  6.89439550E-02  3.41848296E-04
3.20802687E-01  7.33373165E-02  3.42714775E-04
3.21049364E-01  7.18542039E-02  3.39756341E-04
3.21296040E-01  7.16893822E-02  3.34389770E-04
3.21542717E-01  7.07946345E-02  3.34399403E-04
3.21789393E-01  7.03945234E-02  3.30618728E-04
3.22036069E-01  7.34706894E-02  3.55592783E-04
3.22282746E-01  7.28209689E-02  3.39877181E-04
3.22529422E-01  6.99038580E-02  3.37241421E-04
3.22776099E-01  7.13622645E-02  3.37859412E-04
3.23022775E-01  7.05872774E-02  3.34997167E-04
3.23269452E-01  7.27324337E-02  3.48027941E-04
3.23516128E-01  6.93697184E-02  3.37522099E-04
3.23762804E-01  6.99841082E-02  3.28521710E-04
3.24009481E-01  7.08172619E-02  3.31739429E-04
3.24256157E-01  7.15898052E-02  3.32395837E-04
3.24502834E-01  7.16727972E-02  3.25666449E-04
3.24749510E-01  7.21693039E-02  3.51881870E-04
3.24996186E-01  6.99854642E-02  3.38331593E-04
3.25242863E-01  7.13091046E-02  3.38444836E-04
3.25489539E-01  7.16662556E-02  3.39399703E-04
3.25736216E-01  7.06661493E-02  3.25397035E-04
3.25982892E-01  7.12201968E-02  3.44433793E-04
3.26229569E-01  7.10677877E-02  3.49058071E-04
3.26476245E-01  7.16356635E-02  3.36276891E-04
3.26722921E-01  7.10122809E-02  3.36280180E-04
3.26969598E-01  6.99465051E-02  3.46081972E-04
3.27216274E-01  7.14525357E-02  3.45661683E-04
3.27462951E-01  7.28399381E-02  3.39006772E-04
3.27709627E-01  7.29093403E-02  3.38770740E-04
3.27956304E-01  7.05306083E-02  3.34853306E-04
3.28202980E-01  7.21070468E-02  3.49516806E-04
3.28449656E-01  7.09171742E-02  3.39188613E-04
3.28696333E-01  7.29049146E-02  3.37418431E-04
3.28943009E-01  7.27994666E-02  3.32509022E-04
3.29189686E-01  7.42527694E-02  3.45289125E-04
3.29436362E-01  7.31174126E-02  3.41120030E-04
3.29683039E-01  7.05561787E-02  3.46325833E-04
3.29929715E-01  7.19105303E-02  3.32794618E-04
3.30176391E-01  7.10503086E-02  3.36609664E-04
3.30423068E-01  7.17585981E-02  3.35388700E-04
3.30669744E-01  7.03277886E-02  3.29101982E-04
3.30916421E-01  7.32290000E-02  3.46160494E-04
3.31163097E-01  7.34547153E-02  3.35738470E-04
3.31409773E-01  7.37243667E-02  3.52845032E-04
3.31656450E-01  7.55192190E-02  3.44731729E-04
3.31903126E-01  7.26940632E-02  3.53145413E-04
3.32149803E-01  7.11867362E-02  3.42919840E-04
3.32396479E-01  7.35936537E-02  3.42983956E-04
3.32643156E-01  7.25560337E-02  3.44144413E-04
3.32889832E-01  7.42338449E-02  3.49825888E-04
3.33136508E-01  7.32199624E-02  3.45364388E-04
3.33383185E-01  6.97547644E-02  3.46626068E-04
3.33629861E-01  7.22956061E-02  3.50221846E-04
3.33876538E-01  7.04792440E-02  3.31553281E-04
3.34123214E-01  7.41745159E-02  3.51196737E-04
3.34369891E-01  7.04944208E-02  3.41423147E-04
3.34616567E-01  7.48502091E-02  3.45848792E-04
3.34863243E-01  7.28917494E-02  3.47670895E-04
3.35109920E-01  6.90285563E-02  3.32916883E-04
3.35356596E-01  7.09347427E-02  3.32602125E-04
3.35603273E-01  7.00496063E-02  3.34085722E-04
3.35849949E-01  7.40469173E-02  3.54905380E-04
3.36096625E-01  7.44982213E-02  3.49323353E-04
3.36343302E-01  7.22088739E-02  3.46116751E-04
3.36589978E-01  7.34450296E-02  3.46840650E-04
3.36836655E-01  7.25814030E-02  3.49353912E-04
3.37083331E-01  7.24011064E-02  3.44029511E-04
3.37330008E-01  7.47822747E-02  3.52462812E-04
3.37576684E-01  7.15545714E-02  3.48680362E-04
3.37823360E-01  7.44632259E-02  3.53639509E-04
3.38070037E-01  7.31011778E-02  3.35008197E-04
3.38316713E-01  7.37197250E-02  3.49715207E-04
3.38563390E-01  7.38478750E-02  3.41415347E-04
3.38810066E-01  7.42361993E-02  3.41439358E-04
3.39056743E-01  7.07772523E-02  3.40772793E-04
3.39303419E-01  7.12662041E-02  3.42809362E-04
3.39550095E-01  7.25537762E-02  3.44960165E-04
3.39796772E-01  7.34708756E-02  3.48873524E-04
3.40043448E-01  7.27736130E-02  3.43521824E-04
3.40290125E-01  7.33774155E-02  3.45018430E-04
3.40536801E-01  7.27624372E-02  3.46874702E-04
3.40783478E-01  7.42083266E-02  3.39972612E-04
3.41030154E-01  7.21331984E-02  3.36397119E-04
3.41276830E-01  7.45038688E-02  3.56920267E-04
3.41523507E-01  7.26198554E-02  3.53869429E-04
3.41770183E-01  7.14116096E-02  3.43638763E-04
3.42016860E-01  7.49777183E-02  3.45645385E-04
3.42263536E-01  7.21571296E-02  3.41625273E-04
3.42510212E-01  7.10951090E-02  3.42926098E-04
3.42756889E-01  7.33007342E-02  3.43702704E-04
3.43003565E-01  7.23163188E-02  3.45833978E-04
3.43250242E-01  7.17443600E-02  3.40481289E-04
3.43496918E-01  7.33021498E-02  3.39595834E-04
3.43743595E-01  7.23835751E-02  3.51158000E-04
3.43990271E-01  7.13496879E-02  3.42672836E-04
3.44236947E-01  7.24344552E-02  3.39474063E-04
3.44483624E-01  7.21645728E-02  3.44180589E-04
3.44730300E-01  7.21800551E-02  3.29547329E-04
3.44976977E-01  7.19705075E-02  3.33213335E-04
3.45223653E-01  7.13969767E-02  3.41127103E-04
3.45470330E-01  7.17780665E-02  3.32775060E-04
3.45717006E-01  7.19721988E-02  3.47416702E-04
3.45963682E-01  7.11023957E-02  3.31956369E-04
3.46210359E-01  7.16763362E-02  3.29075468E-04
3.46457035E-01  7.41200224E-02  3.46481829E-04
3.46703712E-01  6.84627965E-02  3.31783638E-04
3.46950388E-01  7.11254627E-02  3.36037163E-04
3.47197064E-01  7.19298720E-02  3.29275674E-04
3.47443741E-01  7.39157647E-02  3.40708502E-04
3.47690417E-01  7.26949871E-02  3.45895794E-04
3.47937094E-01  7.11246356E-02  3.43803433E-04
3.48183770E-01  7.04425722E-02  3.44599714E-04
3.48430447E-01  7.09332824E-02  3.28843249E-04
3.48677123E-01  7.05874488E-02  3.34382319E-04
3.48923799E-01  7.10380897E-02  3.29435017E-04
3.49170476E-01  7.07687587E-02  3.43573920E-04
3.49417152E-01  7.15673491E-02  3.42929474E-04
3.49663829E-01  7.31155798E-02  3.30592738E-04
3.49910505E-01  7.23779276E-02  3.48148955E-04
3.50157182E-01  7.11181164E-02  3.35222605E-04
3.50403858E-01  7.11675435E-02  3.37486883E-04
3.50650534E-01  7.26148486E-02  3.36273632E-04
3.50897211E-01  6.82597682E-02  3.22417472E-04
3.51143887E-01  6.95992485E-02  3.43948632E-04
3.51390564E-01  7.15388656E-02  3.30266979E-04
3.51637240E-01  7.38362372E-02  3.43708496E-04
3.51883917E-01  6.86767846E-02  3.29763396E-04
3.52130593E-01  7.23132193E-02  3.44860659E-04
3.52377269E-01  6.93169609E-02  3.29639210E-04
3.52623946E-01  6.95635453E-02  3.33040254E-04
3.52870622E-01  6.90328181E-02  3.27524613E-04
3.53117299E-01  7.05305114E-02  3.35286342E-04
3.53363975E-01  7.03023449E-02  3.37162666E-04
3.53610651E-01  7.12046400E-02  3.42106272E-04
3.53857328E-01  7.10429177E-02  3.36110155E-04
3.54104004E-01  6.94591030E-02  3.28310620E-04
3.54350681E-01  6.81387112E-02  3.32641153E-04
3.54597357E-01  6.95905536E-02  3.40692524E-04
3.54844034E-01  6.88759759E-02  3.24669818E-04
3.55090710E-01  6.75715506E-02  3.25408677E-04
3.55337386E-01  6.95603788E-02  3.39533115E-04
3.55584063E-01  6.54243156E-02  3.20500869E-04
3.55830739E-01  6.74225017E-02  3.28965602E-04
3.56077416E-01  6.95624128E-02  3.36407771E-04
3.56324092E-01  6.85454160E-02  3.41776409E-04
3.56570769E-01  6.79240227E-02  3.27537389E-04
3.56817445E-01  6.93268776E-02  3.38995160E-04
3.57064121E-01  7.08046183E-02  3.33596952E-04
3.57310798E-01  6.81704059E-02  3.22460895E-04
3.57557474E-01  6.77085966E-02  3.32878466E-04
3.57804151E-01  6.65432960E-02  3.31339485E-04
3.58050827E-01  6.64503947E-02  3.27408023E-04
3.58297503E-01  6.88339546E-02  3.32739233E-04
3.58544180E-01  6.80958554E-02  3.32585536E-04
3.58790856E-01  6.68209419E-02  3.30257695E-04
3.59037533E-01  7.02578723E-02  3.37598030E-04
3.59284209E-01  6.78261518E-02  3.28417082E-04
3.59530886E-01  6.61757514E-02  3.31306277E-04
3.59777562E-01  6.94373474E-02  3.35603370E-04
3.60024238E-01  6.56033084E-02  3.29189817E-04
3.60270915E-01  6.43920898E-02  3.18181963E-04
3.60517591E-01  6.75853267E-02  3.20309890E-04
3.60764268E-01  6.82594553E-02  3.32533731E-04
3.61010944E-01  6.82616010E-02  3.33173753E-04
3.61257621E-01  6.74636364E-02  3.26151639E-04
3.61504297E-01  6.88810572E-02  3.26948939E-04
3.61750973E-01  6.77814186E-02  3.30990297E-04
3.61997650E-01  6.48969486E-02  3.14359379E-04
3.62244326E-01  6.70387745E-02  3.28516908E-04
3.62491003E-01  6.74765781E-02  3.30135925E-04
3.62737679E-01  6.82413951E-02  3.33003030E-04
3.62984356E-01  6.82809204E-02  3.29018483E-04
3.63231032E-01  6.51414618E-02  3.31753108E-04
3.63477708E-01  6.87199682E-02  3.30309122E-04
3.63724385E-01  6.51822314E-02  3.19810177E-04
3.63971061E-01  6.55431524E-02  3.20435211E-04
3.64217738E-01  6.48437217E-02  3.23267042E-04
3.64464414E-01  6.68293759E-02  3.27719055E-04
3.64711090E-01  6.61629289E-02  3.27832618E-04
3.64957767E-01  6.56876937E-02  3.33288568E-04
3.65204443E-01  6.40825257E-02  3.23868968E-04
3.65451120E-01  6.68619424E-02  3.40553088E-04
3.65697796E-01  6.55182004E-02  3.40833853E-04
3.65944473E-01  6.51037395E-02  3.21136933E-04
3.66191149E-01  6.55454695E-02  3.21249419E-04
3.66437825E-01  6.55082837E-02  3.24676977E-04
3.66684502E-01  6.51553199E-02  3.25809087E-04
3.66931178E-01  6.61181659E-02  3.24097142E-04
3.67177855E-01  6.47910908E-02  3.16551013E-04
3.67424531E-01  6.64180517E-02  3.26335372E-04
3.67671208E-01  6.44182116E-02  3.27150454E-04
3.67917884E-01  6.34537935E-02  3.16139543E-04
3.68164560E-01  6.63852394E-02  3.26652487E-04
3.68411237E-01  6.46525621E-02  3.24749213E-04
3.68657913E-01  6.50893003E-02  3.18277424E-04
3.68904590E-01  6.57749400E-02  3.27111891E-04
3.69151266E-01  6.41098693E-02  3.17187340E-04
3.69397943E-01  6.55147433E-02  3.25712288E-04
3.69644619E-01  6.35727495E-02  3.20543157E-04
3.69891295E-01  6.48763031E-02  3.24553344E-04
3.70137972E-01  6.24690428E-02  3.11621523E-04
3.70384648E-01  6.55408651E-02  3.17639642E-04
3.70631325E-01  6.26837760E-02  3.11804004E-04
3.70878001E-01  6.44247755E-02  3.18489299E-04
3.71124677E-01  6.31579757E-02  3.15754907E-04
3.71371354E-01  6.34573027E-02  3.07595416E-04
3.71618030E-01  6.43986762E-02  3.20126506E-04
3.71864707E-01  6.58616051E-02  3.22745502E-04
3.72111383E-01  6.56625032E-02  3.22971435E-04
3.72358060E-01  6.49968833E-02  3.19375511E-04
3.72604736E-01  6.46258593E-02  3.12137214E-04
3.72851412E-01  6.60516173E-02  3.20432999E-04
3.73098089E-01  6.44222274E-02  3.21496307E-04
3.73344765E-01  6.50689304E-02  3.26798094E-04
3.73591442E-01  6.25204220E-02  3.21152329E-04
3.73838118E-01  6.36059418E-02  3.16422229E-04
3.74084795E-01  6.50520474E-02  3.22568259E-04
3.74331471E-01  6.47447482E-02  3.24698776E-04
3.74578147E-01  6.66555539E-02  3.31484480E-04
3.74824824E-01  6.59867525E-02  3.22878739E-04
3.75071500E-01  6.26080036E-02  3.16161342E-04
3.75318177E-01  6.41554743E-02  3.15919780E-04
3.75564853E-01  6.37741387E-02  3.10250645E-04
3.75811529E-01  6.59431368E-02  3.24134278E-04
3.76058206E-01  6.25852644E-02  3.19527986E-04
3.76304882E-01  6.19576052E-02  3.07474635E-04
3.76551559E-01  6.07114248E-02  3.22201435E-04
3.76798235E-01  6.29917532E-02  3.19060287E-04
3.77044912E-01  6.31377697E-02  3.22384818E-04
3.77291588E-01  6.30790219E-02  3.11892945E-04
3.77538264E-01  6.14784434E-02  3.08673334E-04
3.77784941E-01  6.35650530E-02  3.18846607E-04
3.78031617E-01  6.26156032E-02  3.14833189E-04
3.78278294E-01  6.56871796E-02  3.26570531E-04
3.78524970E-01  6.32860661E-02  3.19217652E-04
3.78771647E-01  6.32311702E-02  3.07713490E-04
3.79018323E-01  6.44796863E-02  3.16775753E-04
3.79264999E-01  6.46380633E-02  3.15954821E-04
3.79511676E-01  6.42559826E-02  3.15216224E-04
3.79758352E-01  6.55070841E-02  3.31799063E-04
3.80005029E-01  6.30760863E-02  3.16074089E-04
3.80251705E-01  6.71514571E-02  3.27532412E-04
3.80498382E-01  6.54472113E-02  3.13016266E-04
3.80745058E-01  6.30922392E-02  3.11672047E-04
3.80991734E-01  6.15207963E-02  3.21254251E-04
3.81238411E-01  6.46890998E-02  3.35296732E-04
3.81485087E-01  6.45977855E-02  3.33437929E-04
3.81731764E-01  6.46326914E-02  3.32885771E-04
3.81978440E-01  6.07543848E-02  3.33513075E-04
3.82225116E-01  6.43857121E-02  3.42736603E-04
3.82471793E-01  6.39140531E-02  3.42478103E-04
3.82718469E-01  6.23498969E-02  3.44062923E-04
3.82965146E-01  6.52964413E-02  3.48548958E-04
3.83211822E-01  6.32709637E-02  3.46723187E-04
3.83458499E-01  6.29120097E-02  3.41362029E-04
3.83705175E-01  6.51567504E-02  3.49407259E-04
3.83951851E-01  6.37235716E-02  3.54948599E-04
3.84198528E-01  6.38008043E-02  3.56386387E-04
3.84445204E-01  6.15778640E-02  3.40324914E-04
3.84691881E-01  6.62904605E-02  3.64839478E-04
3.84938557E-01  6.45575374E-02  3.66018765E-04
3.85185234E-01  6.17711507E-02  3.54481803E-04
3.85431910E-01  6.52333945E-02  3.77389864E-04
3.85678586E-01  6.64548203E-02  3.67821020E-04
3.85925263E-01  6.58389628E-02  3.82528524E-04
3.86171939E-01  6.49664626E-02  3.61080194E-04
3.86418616E-01  6.37117177E-02  3.61280836E-04
3.86665292E-01  6.43969625E-02  3.72045848E-04
3.86911968E-01  6.54137731E-02  3.64377134E-04
3.87158645E-01  6.07820079E-02  3.57785641E-04
3.87405321E-01  6.42912313E-02  3.73890507E-04
3.87651998E-01  6.41582534E-02  3.66810709E-04
3.87898674E-01  6.23626411E-02  3.63920321E-04
3.88145351E-01  6.34696707E-02  3.67757078E-04
3.88392027E-01  6.38472512E-02  3.86247732E-04
3.88638703E-01  6.18293583E-02  3.64856620E-04
3.88885380E-01  6.14932403E-02  3.61184444E-04
3.89132056E-01  6.39813915E-02  3.69050627E-04
3.89378733E-01  6.38934970E-02  3.89526598E-04
3.89625409E-01  6.30829185E-02  3.79150326E-04
3.89872086E-01  6.30413666E-02  3.72980256E-04
3.90118762E-01  6.15998469E-02  3.77190154E-04
3.90365438E-01  6.34990185E-02  3.67700355E-04
3.90612115E-01  6.42472729E-02  3.65225336E-04
3.90858791E-01  6.17961101E-02  3.66196356E-04
3.91105468E-01  6.35555536E-02  3.55905679E-04
3.91352144E-01  6.51360229E-02  3.60171311E-04
3.91598821E-01  6.64789975E-02  3.71227798E-04
3.91845497E-01  6.52484000E-02  3.67778703E-04
3.92092173E-01  6.33305982E-02  3.49531620E-04
3.92338850E-01  6.25871196E-02  3.54842894E-04
3.92585526E-01  6.46350831E-02  3.59992206E-04
3.92832203E-01  6.25277385E-02  3.61860119E-04
3.93078879E-01  6.46124557E-02  3.62130988E-04
3.93325555E-01  6.27655089E-02  3.47389374E-04
3.93572232E-01  6.25719503E-02  3.53550568E-04
3.93818908E-01  6.25255480E-02  3.37229925E-04
3.94065585E-01  6.16075434E-02  3.49423935E-04
3.94312261E-01  6.30873069E-02  3.49147478E-04
3.94558938E-01  6.49156794E-02  3.61668121E-04
3.94805614E-01  6.29747137E-02  3.47048743E-04
3.95052290E-01  6.55671656E-02  3.48557514E-04
3.95298967E-01  6.37186319E-02  3.56874865E-04
3.95545643E-01  6.24233149E-02  3.45440174E-04
3.95792320E-01  6.09949864E-02  3.40287283E-04
3.96038996E-01  6.37905002E-02  3.49610957E-04
3.96285673E-01  6.35925904E-02  3.45503504E-04
3.96532349E-01  6.49300739E-02  3.49195470E-04
3.96779025E-01  6.26763701E-02  3.55343975E-04
3.97025702E-01  6.58092201E-02  3.50930874E-04
3.97272378E-01  6.41338527E-02  3.51655704E-04
3.97519055E-01  6.28936365E-02  3.47069348E-04
3.97765731E-01  6.41546100E-02  3.28083639E-04
3.98012407E-01  6.59513399E-02  3.43751395E-04
3.98259084E-01  6.55667558E-02  3.36401077E-04
3.98505760E-01  6.59465119E-02  3.42690037E-04
3.98752437E-01  6.33983910E-02  3.41126608E-04
3.98999113E-01  6.30833879E-02  3.51281575E-04
3.99245790E-01  6.31933212E-02  3.41951207E-04
3.99492466E-01  6.06451593E-02  3.42641986E-04
3.99739142E-01  6.39657527E-02  3.47703579E-04
3.99985819E-01  6.46338835E-02  3.51249764E-04
4.00232495E-01  6.49317279E-02  3.52894742E-04
4.00479172E-01  6.27455041E-02  3.42888728E-04
4.00725848E-01  6.36102632E-02  3.45368288E-04
4.00972525E-01  6.25190586E-02  3.41855921E-04
4.01219201E-01  6.39382750E-02  3.36448371E-04
4.01465877E-01  6.36325404E-02  3.41510255E-04
4.01712554E-01  6.20431192E-02  3.40950559E-04
4.01959230E-01  6.25328794E-02  3.37107660E-04
4.02205907E-01  6.28881902E-02  3.42881074E-04
4.02452583E-01  6.22422434E-02  3.45205393E-04
4.02699260E-01  6.45492002E-02  3.46240588E-04
4.02945936E-01  6.50607571E-02  3.45521694E-04
4.03192612E-01  6.41024336E-02  3.62442515E-04
4.03439289E-01  6.36356324E-02  3.30348965E-04
4.03685965E-01  6.28812164E-02  3.35265562E-04
4.03932642E-01  6.17819652E-02  3.30119568E-04
4.04179318E-01  6.40851036E-02  3.47934663E-04
4.04425994E-01  6.25831038E-02  3.40024650E-04
4.04672671E-01  6.10211566E-02  3.25631816E-04
4.04919347E-01  6.36044964E-02  3.37664882E-04
4.05166024E-01  6.35788143E-02  3.44208936E-04
4.05412700E-01  6.42517060E-02  3.46175890E-04
4.05659377E-01  6.23739362E-02  3.36090074E-04
4.05906053E-01  6.36571795E-02  3.44959844E-04
4.06152729E-01  6.21937700E-02  3.36805941E-04
4.06399406E-01  6.26396537E-02  3.30702664E-04
4.06646082E-01  6.14548996E-02  3.42723972E-04
4.06892759E-01  6.31170645E-02  3.42579850E-04
4.07139435E-01  6.33258745E-02  3.34378623E-04
4.07386112E-01  6.19250387E-02  3.44662287E-04
4.07632788E-01  6.05698042E-02  3.32990108E-04
4.07879464E-01  6.40425682E-02  3.42820364E-04
4.08126141E-01  6.28830865E-02  3.38256912E-04
4.08372817E-01  6.06619045E-02  3.25375411E-04
4.08619494E-01  6.29887283E-02  3.33070580E-04
4.08866170E-01  6.26569986E-02  3.36362747E-04
4.09112847E-01  6.32536858E-02  3.32436437E-04
4.09359523E-01  6.45514727E-02  3.47500609E-04
4.09606199E-01  6.31055310E-02  3.29073926E-04
4.09852876E-01  6.17517717E-02  3.33049713E-04
4.10099552E-01  6.28315136E-02  3.42620653E-04
4.10346229E-01  6.31532893E-02  3.31083516E-04
4.10592905E-01  6.27719387E-02  3.32735886E-04
4.10839581E-01  6.28604591E-02  3.31816002E-04
4.11086258E-01  6.03357293E-02  3.28370952E-04
4.11332934E-01  6.44697770E-02  3.48470028E-04
4.11579611E-01  6.34274334E-02  3.41165229E-04
4.11826287E-01  6.32421076E-02  3.34735087E-04
4.12072964E-01  6.29631206E-02  3.47790687E-04
4.12319640E-01  6.41722977E-02  3.41730745E-04
4.12566316E-01  6.23595342E-02  3.33511620E-04
4.12812993E-01  6.04323335E-02  3.36479861E-04
4.13059669E-01  6.12496063E-02  3.38218320E-04
4.13306346E-01  6.50154576E-02  3.33765493E-04
4.13553022E-01  6.26482591E-02  3.33294243E-04
4.13799699E-01  6.16074540E-02  3.32559488E-04
4.14046375E-01  6.21745102E-02  3.32737603E-04
4.14293051E-01  6.40389994E-02  3.39149294E-04
4.14539728E-01  6.39676824E-02  3.39921506E-04
4.14786404E-01  6.23763986E-02  3.28872178E-04
4.15033081E-01  6.27715290E-02  3.30684212E-04
4.15279757E-01  6.30551130E-02  3.38569254E-04
4.15526433E-01  6.33589402E-02  3.35087243E-04
4.15773110E-01  6.46073371E-02  3.46517831E-04
4.16019786E-01  6.60585761E-02  3.49910290E-04
4.16266463E-01  6.30674660E-02  3.29530449E-04
4.16513139E-01  6.20797984E-02  3.35432560E-04
4.16759816E-01  6.12412058E-02  3.32106894E-04
4.17006492E-01  6.19435273E-02  3.42229672E-04
4.17253168E-01  6.16366230E-02  3.25134635E-04
4.17499845E-01  6.33907542E-02  3.33744509E-04
4.17746521E-01  6.39122203E-02  3.47114314E-04
4.17993198E-01  6.40521646E-02  3.36470868E-04
4.18239874E-01  6.27726987E-02  3.33186385E-04
4.18486551E-01  6.33418038E-02  3.28740658E-04
4.18733227E-01  6.29104301E-02  3.36247816E-04
4.18979903E-01  6.25415370E-02  3.36983008E-04
4.19226580E-01  6.28359094E-02  3.34974146E-04
4.19473256E-01  6.36330321E-02  3.37782199E-04
4.19719933E-01  6.35383204E-02  3.34428303E-04
4.19966609E-01  6.13667965E-02  3.21778847E-04
4.20213286E-01  6.46264181E-02  3.50586808E-04
4.20459962E-01  6.24552891E-02  3.35331541E-04
4.20706638E-01  6.30243644E-02  3.38097307E-04
4.20953315E-01  6.47089258E-02  3.37583013E-04
4.21199991E-01  6.34593293E-02  3.29987524E-04
4.21446668E-01  6.42278343E-02  3.45711451E-04
4.21693344E-01  6.22347146E-02  3.46359244E-04
4.21940020E-01  6.45299852E-02  3.37283156E-04
4.22186697E-01  6.25620857E-02  3.42452549E-04
4.22433373E-01  6.27423450E-02  3.34289070E-04
4.22680050E-01  6.32790178E-02  3.40526894E-04
4.22926726E-01  6.69182464E-02  3.57784797E-04
4.23173403E-01  6.53083622E-02  3.47094465E-04
4.23420079E-01  6.24520034E-02  3.34380427E-04
4.23666755E-01  6.42781779E-02  3.34507698E-04
4.23913432E-01  6.43300265E-02  3.35906720E-04
4.24160108E-01  6.31504580E-02  3.28315276E-04
4.24406785E-01  6.11147135E-02  3.35430959E-04
4.24653461E-01  6.26945868E-02  3.34044249E-04
4.24900138E-01  6.59551844E-02  3.43443709E-04
4.25146814E-01  6.55187070E-02  3.42346670E-04
4.25393490E-01  6.31421208E-02  3.30159120E-04
4.25640167E-01  6.11752160E-02  3.27683345E-04
4.25886843E-01  6.25370741E-02  3.32855678E-04
4.26133520E-01  6.31104410E-02  3.37961363E-04
4.26380196E-01  6.22452907E-02  3.37858219E-04
4.26626872E-01  6.32190034E-02  3.41483101E-04
4.26873549E-01  6.11468218E-02  3.33744829E-04
4.27120225E-01  6.39325231E-02  3.40530358E-04
4.27366902E-01  6.19819164E-02  3.35785124E-04
4.27613578E-01  6.43170848E-02  3.34984157E-04
4.27860255E-01  6.37468174E-02  3.36041616E-04
4.28106931E-01  6.30223751E-02  3.33434262E-04
4.28353607E-01  6.57207966E-02  3.39769642E-04
4.28600284E-01  6.07364774E-02  3.28171998E-04
4.28846960E-01  6.36347979E-02  3.37065547E-04
4.29093637E-01  6.34576604E-02  3.38403974E-04
4.29340313E-01  6.54916465E-02  3.43421852E-04
4.29586990E-01  6.31340072E-02  3.32775555E-04
4.29833666E-01  6.45601526E-02  3.46616231E-04
4.30080342E-01  6.56781718E-02  3.45092412E-04
4.30327019E-01  6.35836050E-02  3.41150415E-04
4.30573695E-01  6.31676763E-02  3.35632823E-04
4.30820372E-01  6.20483793E-02  3.35994439E-04
4.31067048E-01  6.27360195E-02  3.38852435E-04
4.31313725E-01  6.34200573E-02  3.29876755E-04
4.31560401E-01  6.39585778E-02  3.41213978E-04
4.31807077E-01  6.41201064E-02  3.44441243E-04
4.32053754E-01  6.29249737E-02  3.38413200E-04
4.32300430E-01  6.50123730E-02  3.50594666E-04
4.32547107E-01  6.38277233E-02  3.39108519E-04
4.32793783E-01  6.32688552E-02  3.38753249E-04
4.33040459E-01  6.45678639E-02  3.41766805E-04
4.33287136E-01  6.29644766E-02  3.33701348E-04
4.33533812E-01  6.70824647E-02  3.50492541E-04
4.33780489E-01  6.38627708E-02  3.43901716E-04
4.34027165E-01  6.40856028E-02  3.44497355E-04
4.34273842E-01  6.47520050E-02  3.47739115E-04
4.34520518E-01  6.42754808E-02  3.44065455E-04
4.34767194E-01  6.23161495E-02  3.40270024E-04
4.35013871E-01  6.30007237E-02  3.34610813E-04
4.35260547E-01  6.59562349E-02  3.40429629E-04
4.35507224E-01  6.29517436E-02  3.30216746E-04
4.35753900E-01  6.44771978E-02  3.40406841E-04
4.36000577E-01  6.64703622E-02  3.50117276E-04
4.36247253E-01  6.40896037E-02  3.45930457E-04
4.36493929E-01  6.52304962E-02  3.39774590E-04
4.36740606E-01  6.62253201E-02  3.44664499E-04
4.36987282E-01  6.52593970E-02  3.56450706E-04
4.37233959E-01  6.21723533E-02  3.37275473E-04
4.37480635E-01  6.20606467E-02  3.31637362E-04
4.37727311E-01  6.53001368E-02  3.39286576E-04
4.37973988E-01  6.37352839E-02  3.34060256E-04
4.38220664E-01  6.19081110E-02  3.39567661E-04
4.38467341E-01  6.38209209E-02  3.33478471E-04
4.38714017E-01  6.30576015E-02  3.35303863E-04
4.38960694E-01  6.39529228E-02  3.35227320E-04
4.39207370E-01  6.25835434E-02  3.31873307E-04
4.39454046E-01  6.11207448E-02  3.38508311E-04
4.39700723E-01  6.58784136E-02  3.29810980E-04
4.39947399E-01  6.41036555E-02  3.42234649E-04
4.40194076E-01  6.19615242E-02  3.18315258E-04
4.40440752E-01  6.35832921E-02  3.30568670E-04
4.40687429E-01  6.16942458E-02  3.19360377E-04
4.40934105E-01  6.30858019E-02  3.39839899E-04
4.41180781E-01  6.45467862E-02  3.35210963E-04
4.41427458E-01  6.15929328E-02  3.36644269E-04
4.41674134E-01  6.18035011E-02  3.35961144E-04
4.41920811E-01  6.45336509E-02  3.46780900E-04
4.42167487E-01  6.10572211E-02  3.25770612E-04
4.42414164E-01  6.46829978E-02  3.37895588E-04
4.42660840E-01  6.26062080E-02  3.34228273E-04
4.42907516E-01  6.38897195E-02  3.33075033E-04
4.43154193E-01  6.29907027E-02  3.33109027E-04
4.43400869E-01  6.34592026E-02  3.29801609E-04
4.43647546E-01  6.51607215E-02  3.40305618E-04
4.43894222E-01  6.49025664E-02  3.32202442E-04
4.44140898E-01  6.48375601E-02  3.40202823E-04
4.44387575E-01  6.25645146E-02  3.30158800E-04
4.44634251E-01  6.26800656E-02  3.38426384E-04
4.44880928E-01  6.22586086E-02  3.31926392E-04
4.45127604E-01  6.34692237E-02  3.30640381E-04
4.45374281E-01  6.45199046E-02  3.40836035E-04
4.45620957E-01  6.27593100E-02  3.27909074E-04
4.45867633E-01  6.35642186E-02  3.35033139E-04
4.46114310E-01  6.37631118E-02  3.36609111E-04
4.46360986E-01  6.27488270E-02  3.31913063E-04
4.46607663E-01  6.36327490E-02  3.32811789E-04
4.46854339E-01  6.47588521E-02  3.38219688E-04
4.47101016E-01  6.27182871E-02  3.32632451E-04
4.47347692E-01  6.29289150E-02  3.44166532E-04
4.47594368E-01  6.59753755E-02  3.43644671E-04
4.47841045E-01  6.42492399E-02  3.34792741E-04
4.48087721E-01  6.62455261E-02  3.44935601E-04
4.48334398E-01  6.35535643E-02  3.38151265E-04
4.48581074E-01  6.18411973E-02  3.20791180E-04
4.48827751E-01  6.24510720E-02  3.24973924E-04
4.49074427E-01  6.19261265E-02  3.29778268E-04
4.49321103E-01  6.36945665E-02  3.42771324E-04
4.49567780E-01  6.37086034E-02  3.29383794E-04
4.49814456E-01  6.37728497E-02  3.47522204E-04
4.50061133E-01  6.40723631E-02  3.27510643E-04
4.50307809E-01  6.32208437E-02  3.36086348E-04
4.50554485E-01  6.26459494E-02  3.37848673E-04
4.50801162E-01  6.42415583E-02  3.39114369E-04
4.51047838E-01  6.30870759E-02  3.41278734E-04
4.51294515E-01  6.51601255E-02  3.41828039E-04
4.51541191E-01  6.29232600E-02  3.28490045E-04
4.51787868E-01  6.55681267E-02  3.43826221E-04
4.52034544E-01  6.57340884E-02  3.47697060E-04
4.52281220E-01  6.33178353E-02  3.29137780E-04
4.52527897E-01  6.44833967E-02  3.37696809E-04
4.52774573E-01  6.52996153E-02  3.38091631E-04
4.53021250E-01  6.31051660E-02  3.23669112E-04
4.53267926E-01  6.46402761E-02  3.34906974E-04
4.53514603E-01  6.40272796E-02  3.19452694E-04
4.53761279E-01  6.39405176E-02  3.31784016E-04
4.54007955E-01  6.21131137E-02  3.27888149E-04
4.54254632E-01  6.33555874E-02  3.32397380E-04
4.54501308E-01  6.56921417E-02  3.38408514E-04
4.54747985E-01  6.32911772E-02  3.38021782E-04
4.54994661E-01  6.16406240E-02  3.21973028E-04
4.55241337E-01  6.52596131E-02  3.36186640E-04
4.55488014E-01  6.28137439E-02  3.23057960E-04
4.55734690E-01  6.56810626E-02  3.33166361E-04
4.55981367E-01  6.38606474E-02  3.32556665E-04
4.56228043E-01  6.40344173E-02  3.32174648E-04
4.56474720E-01  6.34156689E-02  3.30086972E-04
4.56721396E-01  6.20731935E-02  3.21615022E-04
4.56968072E-01  6.27273545E-02  3.38184502E-04
4.57214749E-01  6.32776916E-02  3.22997425E-04
4.57461425E-01  6.53720051E-02  3.34105280E-04
4.57708102E-01  6.45036250E-02  3.35928169E-04
4.57954778E-01  6.26801476E-02  3.29543574E-04
4.58201455E-01  6.50276393E-02  3.42133746E-04


### HEADER:
#
#{
#    "analysis": {},
#    "calibration_params": {
#        "Beam_Center_X": 1092.0,
#        "Beam_Center_Y": 2091.0,
#        "Detector Tilt": 0.0,
#        "Detector Tilt Plane Rotation": 0.0,
#        "Detector_X_Pixel_Size": 75.0,
#        "Detector_Y_Pixel_Size": 75.0,
#        "Integration Method": "nosplit_csr",
#        "Radial_Average_Method": "pyFAI",
#        "Sample-to-detector distance (mm)": 1731.0,
#        "Wavelength (A)": 1.0993212460550197
#    },
#    "config_file": "/mnt/home/chess_id7a/.RAW/backup.cfg",
#    "counters": {
#        "Epoch": "202.205",
#        "I1": "0",
#        "I2": "0",
#        "I3": "0",
#        "Seconds": "1",
#        "Time": "1.90735e-05",
#        "date": "Fri May 17 19:57:31 2024",
#        "diode": "27755"
#    },
#    "filename": "D1M0008_85C_350MPa_up_1_data_000001_00001.h5",
#    "history": {},
#    "imageHeader": {},
#    "load_path": "/nfs/chess/daq/current/id7a/Budin_05_16_24/D1M0008/D1M0008_85C_350MPa_up_1_data_000001.h5",
#    "normalizations": {
#        "Absolute_scale": {
#            "Absolute_scale_factor": 0.01111656324368444,
#            "Method": "Water"
#        },
#        "Counter_norms": [
#            [
#                "/",
#                "diode/150000"
#            ]
#        ],
#        "Polarization": {
#            "Used": false
#        },
#        "Solid_Angle_Correction": "On"
#    },
#    "raw_version": "2.1.4"
#}

