### DATA:
#
# 1823
#      Q             I(Q)           Error     
8.75701299E-03  2.40185875E-02  3.32940160E-03
9.00368942E-03  8.00619740E-03  1.89534575E-03
9.25036584E-03  2.27202941E-02  3.11625539E-03
9.49704226E-03  3.90302278E-02  4.50823549E-03
9.74371868E-03  3.54820341E-02  4.14010650E-03
9.99039511E-03  4.80372272E-02  4.55897860E-03
1.02370715E-02  6.33218139E-02  5.22654783E-03
1.04837480E-02  7.28433654E-02  5.73084364E-03
1.07304244E-02  1.33874327E-01  1.03062866E-02
1.09771008E-02  1.57622293E-01  1.15183275E-02
1.12237772E-02  1.85769171E-01  1.37615874E-02
1.14704536E-02  2.44805455E-01  1.79745946E-02
1.17171301E-02  3.48604083E-01  2.80821864E-02
1.19638065E-02  5.00648677E-01  4.19247448E-02
1.22104829E-02  8.76543283E-01  7.16880709E-02
1.24571593E-02  6.70472488E+01  7.16075706E+00
1.27038358E-02  1.34284027E+02  1.41416292E+01
1.29505122E-02  1.62979507E+02  1.47313671E+01
1.31971886E-02  1.18648819E+02  1.03999796E+01
1.34438650E-02  1.08489326E+02  9.24596977E+00
1.36905414E-02  9.63690643E+01  8.11216450E+00
1.39372179E-02  7.54262772E+01  6.26234961E+00
1.41838943E-02  6.83817673E+01  5.46458578E+00
1.44305707E-02  5.24693413E+01  4.06522894E+00
1.46772471E-02  4.50289268E+01  3.34044337E+00
1.49239236E-02  3.96309357E+01  2.88103056E+00
1.51706000E-02  3.11624889E+01  2.19976687E+00
1.54172764E-02  3.05598068E+01  2.09877515E+00
1.56639528E-02  2.49421616E+01  1.69036245E+00
1.59106292E-02  2.36289539E+01  1.58451176E+00
1.61573057E-02  2.19614429E+01  1.42285502E+00
1.64039821E-02  1.74562721E+01  1.10238934E+00
1.66506585E-02  1.73963432E+01  1.06330943E+00
1.68973349E-02  1.38770790E+01  8.33069086E-01
1.71440114E-02  1.46715002E+01  8.85249376E-01
1.73906878E-02  1.18552551E+01  6.82034433E-01
1.76373642E-02  1.09766121E+01  6.12062037E-01
1.78840406E-02  9.78984356E+00  5.33718109E-01
1.81307170E-02  8.56334972E+00  4.58273351E-01
1.83773935E-02  8.68595600E+00  4.64332789E-01
1.86240699E-02  7.33129072E+00  3.79069030E-01
1.88707463E-02  6.91167116E+00  3.43773127E-01
1.91174227E-02  6.29279613E+00  3.16939652E-01
1.93640992E-02  5.47081423E+00  2.74432391E-01
1.96107756E-02  5.21684980E+00  2.72427648E-01
1.98574520E-02  4.80954027E+00  2.45092481E-01
2.01041284E-02  4.14625406E+00  1.97093472E-01
2.03508048E-02  3.58272648E+00  1.70801580E-01
2.05974813E-02  3.14201641E+00  1.51497409E-01
2.08441577E-02  2.84478211E+00  1.34114414E-01
2.10908341E-02  2.45599174E+00  1.13660395E-01
2.13375105E-02  2.28477073E+00  1.02056488E-01
2.15841870E-02  2.17069483E+00  9.51941013E-02
2.18308634E-02  1.94785082E+00  8.78472701E-02
2.20775398E-02  1.82447207E+00  7.87557438E-02
2.23242162E-02  1.62294257E+00  6.68610483E-02
2.25708926E-02  1.66131866E+00  6.83402941E-02
2.28175691E-02  1.47180724E+00  5.94216585E-02
2.30642455E-02  1.37709439E+00  5.42069413E-02
2.33109219E-02  1.33986557E+00  5.07313311E-02
2.35575983E-02  1.18618059E+00  4.40997630E-02
2.38042748E-02  1.06128407E+00  3.98702770E-02
2.40509512E-02  1.00418222E+00  3.80667485E-02
2.42976276E-02  9.58747745E-01  3.30675729E-02
2.45443040E-02  8.95701289E-01  3.06477305E-02
2.47909804E-02  8.53806794E-01  2.77395658E-02
2.50376569E-02  8.20550978E-01  2.69456618E-02
2.52843333E-02  7.74541497E-01  2.49827709E-02
2.55310097E-02  7.10282683E-01  2.22012047E-02
2.57776861E-02  6.83484077E-01  2.00792551E-02
2.60243626E-02  6.58478916E-01  1.86708365E-02
2.62710390E-02  6.16694570E-01  1.76154263E-02
2.65177154E-02  5.79223514E-01  1.63271949E-02
2.67643918E-02  5.83325684E-01  1.64171159E-02
2.70110682E-02  5.64397335E-01  1.49467047E-02
2.72577447E-02  5.35430729E-01  1.38936173E-02
2.75044211E-02  5.27295053E-01  1.42441420E-02
2.77510975E-02  4.94254410E-01  1.18505741E-02
2.79977739E-02  4.56050545E-01  1.11515075E-02
2.82444504E-02  4.69350308E-01  1.10448664E-02
2.84911268E-02  4.46382970E-01  1.06605990E-02
2.87378032E-02  4.19045568E-01  9.19649191E-03
2.89844796E-02  4.02191460E-01  8.66048876E-03
2.92311561E-02  3.96820158E-01  7.96693377E-03
2.94778325E-02  3.93225819E-01  7.95553066E-03
2.97245089E-02  3.63773227E-01  7.14198174E-03
2.99711853E-02  3.63433778E-01  7.17288023E-03
3.02178617E-02  3.42302322E-01  6.47850940E-03
3.04645382E-02  3.60779107E-01  6.56832708E-03
3.07112146E-02  3.13010573E-01  5.67932613E-03
3.09578910E-02  3.15227687E-01  5.26861381E-03
3.12045674E-02  2.92322367E-01  4.61730920E-03
3.14512439E-02  3.12699527E-01  5.28686726E-03
3.16979203E-02  2.97341406E-01  5.20660449E-03
3.19445967E-02  2.84685194E-01  4.90670186E-03
3.21912731E-02  2.97702044E-01  4.45981510E-03
3.24379495E-02  2.73815304E-01  4.60368628E-03
3.26846260E-02  2.69193530E-01  4.17377241E-03
3.29313024E-02  2.60213405E-01  3.88111337E-03
3.31779788E-02  2.61958599E-01  3.91936256E-03
3.34246552E-02  2.60785699E-01  3.90425185E-03
3.36713317E-02  2.61056781E-01  3.71592096E-03
3.39180081E-02  2.36270204E-01  3.43134743E-03
3.41646845E-02  2.33722985E-01  3.52927530E-03
3.44113609E-02  2.49903053E-01  3.65306367E-03
3.46580373E-02  2.30051950E-01  3.27028381E-03
3.49047138E-02  2.41810530E-01  3.28432466E-03
3.51513902E-02  2.23216966E-01  2.87426217E-03
3.53980666E-02  2.30510145E-01  3.10012512E-03
3.56447430E-02  2.33615503E-01  3.05084162E-03
3.58914195E-02  2.17351988E-01  2.84406240E-03
3.61380959E-02  2.30355188E-01  2.88506038E-03
3.63847723E-02  2.25734353E-01  2.91486294E-03
3.66314487E-02  2.32020259E-01  3.07505904E-03
3.68781251E-02  2.39033997E-01  2.81572063E-03
3.71248016E-02  2.21194491E-01  2.63960497E-03
3.73714780E-02  2.23535806E-01  2.62432499E-03
3.76181544E-02  2.13940755E-01  2.64316821E-03
3.78648308E-02  2.17861012E-01  2.53981678E-03
3.81115073E-02  2.16863975E-01  2.53902469E-03
3.83581837E-02  2.16142327E-01  2.58778501E-03
3.86048601E-02  2.17648193E-01  2.51293904E-03
3.88515365E-02  2.16105014E-01  2.62668962E-03
3.90982129E-02  2.16950342E-01  2.62823375E-03
3.93448894E-02  2.17835858E-01  2.45868089E-03
3.95915658E-02  2.23699853E-01  2.48689204E-03
3.98382422E-02  2.16290146E-01  2.44873390E-03
4.00849186E-02  2.28513122E-01  2.52045505E-03
4.03315951E-02  2.14205384E-01  2.40372238E-03
4.05782715E-02  2.09325045E-01  2.31936900E-03
4.08249479E-02  2.10405096E-01  2.37559318E-03
4.10716243E-02  1.99813828E-01  2.26785359E-03
4.13183007E-02  2.08713710E-01  2.24942691E-03
4.15649772E-02  2.06431016E-01  2.29493622E-03
4.18116536E-02  2.07560256E-01  2.23118113E-03
4.20583300E-02  2.09590226E-01  2.33206409E-03
4.23050064E-02  1.93370149E-01  2.16238317E-03
4.25516829E-02  1.92593560E-01  2.18128087E-03
4.27983593E-02  1.89861774E-01  2.14214739E-03
4.30450357E-02  2.00914711E-01  2.11574137E-03
4.32917121E-02  2.01057121E-01  2.16783909E-03
4.35383885E-02  1.94025725E-01  1.91555882E-03
4.37850650E-02  1.88236818E-01  2.08803080E-03
4.40317414E-02  2.03290120E-01  2.12627952E-03
4.42784178E-02  2.03608632E-01  2.08845246E-03
4.45250942E-02  2.02986881E-01  2.11222307E-03
4.47717707E-02  1.95817381E-01  1.99165195E-03
4.50184471E-02  2.00502321E-01  2.05809949E-03
4.52651235E-02  2.01834202E-01  2.04450428E-03
4.55117999E-02  2.02047184E-01  2.08473136E-03
4.57584764E-02  2.08469912E-01  2.09991238E-03
4.60051528E-02  1.95804223E-01  2.02269829E-03
4.62518292E-02  2.11143047E-01  1.98683422E-03
4.64985056E-02  1.95410550E-01  2.07385235E-03
4.67451820E-02  2.09476978E-01  2.06907140E-03
4.69918585E-02  1.91053301E-01  2.03574891E-03
4.72385349E-02  1.96984664E-01  2.01399229E-03
4.74852113E-02  2.04293728E-01  2.04021926E-03
4.77318877E-02  2.03398719E-01  2.04965402E-03
4.79785642E-02  2.05595642E-01  2.09442596E-03
4.82252406E-02  2.13803411E-01  2.09461991E-03
4.84719170E-02  2.00488552E-01  1.97952054E-03
4.87185934E-02  2.06966236E-01  2.02181935E-03
4.89652698E-02  2.03974023E-01  1.96656701E-03
4.92119463E-02  2.08301097E-01  1.98834250E-03
4.94586227E-02  2.08918869E-01  1.94967806E-03
4.97052991E-02  2.10146993E-01  1.99478958E-03
4.99519755E-02  2.02334091E-01  1.99798518E-03
5.01986520E-02  2.01151326E-01  1.90633943E-03
5.04453284E-02  2.06528395E-01  1.94444880E-03
5.06920048E-02  2.18738347E-01  2.00674217E-03
5.09386812E-02  2.11542979E-01  2.02024146E-03
5.11853576E-02  2.11908460E-01  1.96651532E-03
5.14320341E-02  2.11447805E-01  1.96593744E-03
5.16787105E-02  2.14904532E-01  1.91100535E-03
5.19253869E-02  2.21647441E-01  1.91311189E-03
5.21720633E-02  2.17972904E-01  1.87512231E-03
5.24187398E-02  2.18554124E-01  2.03490024E-03
5.26654162E-02  2.28102684E-01  1.94222026E-03
5.29120926E-02  2.26787686E-01  2.00928398E-03
5.31587690E-02  2.25688145E-01  2.07512407E-03
5.34054454E-02  2.18950436E-01  2.03470606E-03
5.36521219E-02  2.28307605E-01  2.05311901E-03
5.38987983E-02  2.29244918E-01  1.99104357E-03
5.41454747E-02  2.25389123E-01  1.95528031E-03
5.43921511E-02  2.30742723E-01  2.00308603E-03
5.46388276E-02  2.41249561E-01  2.12739338E-03
5.48855040E-02  2.40359396E-01  2.00547907E-03
5.51321804E-02  2.46979192E-01  2.04716460E-03
5.53788568E-02  2.40953013E-01  2.02464359E-03
5.56255332E-02  2.47025833E-01  2.02946155E-03
5.58722097E-02  2.40356728E-01  2.02114601E-03
5.61188861E-02  2.49252707E-01  2.10001902E-03
5.63655625E-02  2.44469240E-01  2.09239288E-03
5.66122389E-02  2.54605651E-01  2.12789164E-03
5.68589154E-02  2.58709729E-01  2.05595093E-03
5.71055918E-02  2.63390243E-01  2.14025169E-03
5.73522682E-02  2.55421758E-01  2.08439748E-03
5.75989446E-02  2.68026352E-01  2.08415138E-03
5.78456210E-02  2.52604514E-01  2.06015329E-03
5.80922975E-02  2.73296326E-01  2.16923538E-03
5.83389739E-02  2.75377095E-01  2.16337130E-03
5.85856503E-02  2.72710949E-01  2.12859502E-03
5.88323267E-02  2.70285726E-01  2.16361438E-03
5.90790032E-02  2.73684174E-01  2.08831392E-03
5.93256796E-02  2.82942027E-01  2.16590776E-03
5.95723560E-02  2.86348283E-01  2.29751505E-03
5.98190324E-02  2.90721744E-01  2.25989916E-03
6.00657088E-02  2.87348956E-01  2.28927587E-03
6.03123853E-02  2.90633053E-01  2.17560516E-03
6.05590617E-02  2.93758363E-01  2.17581750E-03
6.08057381E-02  2.94216633E-01  2.14674883E-03
6.10524145E-02  2.92292327E-01  2.22021434E-03
6.12990910E-02  2.93148935E-01  2.20518070E-03
6.15457674E-02  2.96979427E-01  2.14474043E-03
6.17924438E-02  3.00614268E-01  2.18922528E-03
6.20391202E-02  3.08901489E-01  2.16831011E-03
6.22857966E-02  3.00601870E-01  2.11216486E-03
6.25324731E-02  3.00156325E-01  2.20587431E-03
6.27791495E-02  3.20640773E-01  2.17308197E-03
6.30258259E-02  3.29689741E-01  2.32918374E-03
6.32725023E-02  3.33708555E-01  2.33150111E-03
6.35191788E-02  3.29354942E-01  2.36224988E-03
6.37658552E-02  3.35524499E-01  2.33777845E-03
6.40125316E-02  3.45221579E-01  2.25994783E-03
6.42592080E-02  3.38449180E-01  2.27152277E-03
6.45058845E-02  3.49788159E-01  2.34435289E-03
6.47525609E-02  3.54472369E-01  2.40826607E-03
6.49992373E-02  3.53512615E-01  2.32490036E-03
6.52459137E-02  3.60844314E-01  2.32786848E-03
6.54925901E-02  3.65291566E-01  2.39165546E-03
6.57392666E-02  3.66658181E-01  2.42483034E-03
6.59859430E-02  3.67663175E-01  2.26493902E-03
6.62326194E-02  3.85065496E-01  2.37647351E-03
6.64792958E-02  3.79736245E-01  2.33624876E-03
6.67259723E-02  3.87139022E-01  2.40491331E-03
6.69726487E-02  3.70702535E-01  2.34064506E-03
6.72193251E-02  3.91962141E-01  2.42722244E-03
6.74660015E-02  3.90050262E-01  2.40683975E-03
6.77126779E-02  3.93294603E-01  2.30408902E-03
6.79593544E-02  4.08593148E-01  2.51623732E-03
6.82060308E-02  4.12773997E-01  2.37917458E-03
6.84527072E-02  4.15077031E-01  2.48711766E-03
6.86993836E-02  4.10894036E-01  2.53033615E-03
6.89460601E-02  4.20759410E-01  2.52115238E-03
6.91927365E-02  4.27464336E-01  2.70089903E-03
6.94394129E-02  4.11341488E-01  2.43984303E-03
6.96860893E-02  4.36874717E-01  2.71717901E-03
6.99327657E-02  4.29760814E-01  2.61127320E-03
7.01794422E-02  4.35766846E-01  2.57946225E-03
7.04261186E-02  4.40986395E-01  2.57077906E-03
7.06727950E-02  4.36821014E-01  2.54043564E-03
7.09194714E-02  4.46871012E-01  2.61108926E-03
7.11661479E-02  4.64715272E-01  2.65606190E-03
7.14128243E-02  4.47638869E-01  2.57627084E-03
7.16595007E-02  4.48817253E-01  2.69960286E-03
7.19061771E-02  4.51905549E-01  2.68202880E-03
7.21528535E-02  4.60024059E-01  2.57994817E-03
7.23995300E-02  4.72167045E-01  2.72307242E-03
7.26462064E-02  4.67734247E-01  2.65896437E-03
7.28928828E-02  4.70392048E-01  2.65633012E-03
7.31395592E-02  4.66880947E-01  2.73344945E-03
7.33862357E-02  4.73243058E-01  2.70042359E-03
7.36329121E-02  4.75349545E-01  2.75434554E-03
7.38795885E-02  4.82393622E-01  2.71457504E-03
7.41262649E-02  4.83434916E-01  2.63149082E-03
7.43729413E-02  4.84002531E-01  2.67531280E-03
7.46196178E-02  4.78724748E-01  2.63241911E-03
7.48662942E-02  4.85151350E-01  2.68291612E-03
7.51129706E-02  4.91568953E-01  2.72280327E-03
7.53596470E-02  4.87955779E-01  2.66321469E-03
7.56063235E-02  4.86529320E-01  2.66323169E-03
7.58529999E-02  4.97994095E-01  2.76995031E-03
7.60996763E-02  4.87664640E-01  2.78646289E-03
7.63463527E-02  4.84152198E-01  2.74623767E-03
7.65930291E-02  4.84107465E-01  2.48987135E-03
7.68397056E-02  5.10121703E-01  2.81315134E-03
7.70863820E-02  4.98427033E-01  2.66146450E-03
7.73330584E-02  4.86312807E-01  2.62535620E-03
7.75797348E-02  4.96744603E-01  2.69337790E-03
7.78264113E-02  5.03706217E-01  2.70188670E-03
7.80730877E-02  5.00739694E-01  2.74324743E-03
7.83197641E-02  4.96320039E-01  2.80561997E-03
7.85664405E-02  4.94121283E-01  2.62742513E-03
7.88131169E-02  5.09561539E-01  2.76280544E-03
7.90597934E-02  4.88915801E-01  2.73230998E-03
7.93064698E-02  4.98917103E-01  2.68363114E-03
7.95531462E-02  5.09553850E-01  2.88298214E-03
7.97998226E-02  5.23817062E-01  2.75235600E-03
8.00464991E-02  5.10143697E-01  2.76546716E-03
8.02931755E-02  4.99298602E-01  2.72765337E-03
8.05398519E-02  5.05406499E-01  2.72860797E-03
8.07865283E-02  5.11767805E-01  2.64967815E-03
8.10332047E-02  5.07165015E-01  2.52605719E-03
8.12798812E-02  5.15610874E-01  2.88571883E-03
8.15265576E-02  5.10145903E-01  2.65132985E-03
8.17732340E-02  5.23218572E-01  2.78943917E-03
8.20199104E-02  5.18891811E-01  2.67653679E-03
8.22665869E-02  5.10375321E-01  2.70488462E-03
8.25132633E-02  5.18302262E-01  2.72683287E-03
8.27599397E-02  5.27084053E-01  2.59412220E-03
8.30066161E-02  5.22491693E-01  2.73059448E-03
8.32532926E-02  5.11305213E-01  2.67761783E-03
8.34999690E-02  5.03936648E-01  2.72428105E-03
8.37466454E-02  5.15667915E-01  2.61199474E-03
8.39933218E-02  5.29290020E-01  2.62645679E-03
8.42399982E-02  5.22849143E-01  2.69774790E-03
8.44866747E-02  5.14255762E-01  2.67316028E-03
8.47333511E-02  5.20302594E-01  2.82655051E-03
8.49800275E-02  5.28721452E-01  2.77460157E-03
8.52267039E-02  5.22947013E-01  2.61931121E-03
8.54733804E-02  5.17495215E-01  2.65425420E-03
8.57200568E-02  5.17741501E-01  2.66848109E-03
8.59667332E-02  5.32782495E-01  2.82831863E-03
8.62134096E-02  5.27098894E-01  2.65301461E-03
8.64600860E-02  5.44632196E-01  2.81826896E-03
8.67067625E-02  5.23532271E-01  2.63065193E-03
8.69534389E-02  5.40556252E-01  2.69758399E-03
8.72001153E-02  5.34377694E-01  2.57995818E-03
8.74467917E-02  5.35660505E-01  2.67743319E-03
8.76934682E-02  5.32962263E-01  2.70819408E-03
8.79401446E-02  5.19924402E-01  2.70193163E-03
8.81868210E-02  5.20267665E-01  2.60993582E-03
8.84334974E-02  5.33356726E-01  2.66714371E-03
8.86801738E-02  5.35116613E-01  2.58964393E-03
8.89268503E-02  5.46193719E-01  2.70466297E-03
8.91735267E-02  5.38439035E-01  2.65268865E-03
8.94202031E-02  5.30064106E-01  2.57975259E-03
8.96668795E-02  5.19740999E-01  2.65463907E-03
8.99135560E-02  5.38568139E-01  2.60527804E-03
9.01602324E-02  5.54575324E-01  2.75138556E-03
9.04069088E-02  5.50760627E-01  2.67930375E-03
9.06535852E-02  5.49623728E-01  2.64979759E-03
9.09002616E-02  5.57470620E-01  2.76033324E-03
9.11469381E-02  5.37957966E-01  2.58038868E-03
9.13936145E-02  5.39918065E-01  2.63287476E-03
9.16402909E-02  5.41218579E-01  2.69643450E-03
9.18869673E-02  5.51760077E-01  2.69827852E-03
9.21336438E-02  5.39829850E-01  2.63452111E-03
9.23803202E-02  5.52895606E-01  2.67340150E-03
9.26269966E-02  5.43091536E-01  2.63234763E-03
9.28736730E-02  5.43249965E-01  2.59585772E-03
9.31203494E-02  5.58047771E-01  2.68234382E-03
9.33670259E-02  5.45410454E-01  2.69800052E-03
9.36137023E-02  5.53700387E-01  2.69843661E-03
9.38603787E-02  5.47249496E-01  2.61308602E-03
9.41070551E-02  5.42222917E-01  2.62329075E-03
9.43537316E-02  5.34022748E-01  2.67310813E-03
9.46004080E-02  5.46208203E-01  2.67389510E-03
9.48470844E-02  5.48137546E-01  2.60683359E-03
9.50937608E-02  5.45000374E-01  2.66157719E-03
9.53404372E-02  5.51140249E-01  2.62502744E-03
9.55871137E-02  5.53396463E-01  2.77991267E-03
9.58337901E-02  5.40954590E-01  2.58904044E-03
9.60804665E-02  5.41393578E-01  2.57667410E-03
9.63271429E-02  5.31359911E-01  2.67299148E-03
9.65738194E-02  5.53416908E-01  2.66421563E-03
9.68204958E-02  5.38447380E-01  2.68588099E-03
9.70671722E-02  5.55053949E-01  2.59010168E-03
9.73138486E-02  5.55413008E-01  2.60294019E-03
9.75605250E-02  5.46411693E-01  2.65006814E-03
9.78072015E-02  5.50453424E-01  2.61011068E-03
9.80538779E-02  5.49137294E-01  2.63725524E-03
9.83005543E-02  5.59096932E-01  2.58914870E-03
9.85472307E-02  5.67399561E-01  2.62396084E-03
9.87939072E-02  5.44864118E-01  2.66830227E-03
9.90405836E-02  5.46391129E-01  2.66423705E-03
9.92872600E-02  5.62376857E-01  2.63746711E-03
9.95339364E-02  5.50439596E-01  2.67709792E-03
9.97806128E-02  5.58439016E-01  2.65965308E-03
1.00027289E-01  5.56667209E-01  2.66170804E-03
1.00273966E-01  5.33925831E-01  2.47182953E-03
1.00520642E-01  5.55072844E-01  2.65924889E-03
1.00767319E-01  5.47549665E-01  2.51813489E-03
1.01013995E-01  5.43947875E-01  2.58892635E-03
1.01260671E-01  5.51197588E-01  2.57783034E-03
1.01507348E-01  5.62171996E-01  2.66696862E-03
1.01754024E-01  5.53032756E-01  2.67593167E-03
1.02000701E-01  5.48578084E-01  2.55163014E-03
1.02247377E-01  5.62610686E-01  2.68330122E-03
1.02494053E-01  5.57253718E-01  2.54976074E-03
1.02740730E-01  5.65887392E-01  2.51261541E-03
1.02987406E-01  5.58903754E-01  2.69125286E-03
1.03234083E-01  5.59827626E-01  2.62147933E-03
1.03480759E-01  5.54974139E-01  2.51086196E-03
1.03727436E-01  5.60101449E-01  2.69057415E-03
1.03974112E-01  5.40561616E-01  2.49660690E-03
1.04220788E-01  5.59833884E-01  2.68826820E-03
1.04467465E-01  5.64097226E-01  2.70451047E-03
1.04714141E-01  5.51801562E-01  2.55447114E-03
1.04960818E-01  5.50992072E-01  2.56960536E-03
1.05207494E-01  5.64891458E-01  2.58097821E-03
1.05454171E-01  5.66763461E-01  2.70321849E-03
1.05700847E-01  5.51435888E-01  2.52637267E-03
1.05947523E-01  5.64404190E-01  2.66959984E-03
1.06194200E-01  5.57980955E-01  2.59150704E-03
1.06440876E-01  5.55052340E-01  2.53120833E-03
1.06687553E-01  5.49644887E-01  2.59799836E-03
1.06934229E-01  5.67673028E-01  2.67968723E-03
1.07180906E-01  5.66519082E-01  2.59587262E-03
1.07427582E-01  5.61974645E-01  2.58321804E-03
1.07674258E-01  5.52849710E-01  2.65413802E-03
1.07920935E-01  5.55459440E-01  2.51632417E-03
1.08167611E-01  5.62233865E-01  2.49410141E-03
1.08414288E-01  5.61035395E-01  2.63676327E-03
1.08660964E-01  5.43743670E-01  2.54793419E-03
1.08907640E-01  5.50371468E-01  2.58909492E-03
1.09154317E-01  5.32498598E-01  2.48503871E-03
1.09400993E-01  5.26187837E-01  2.56105955E-03
1.09647670E-01  5.34029484E-01  2.59364326E-03
1.09894346E-01  5.31286895E-01  2.45285197E-03
1.10141023E-01  5.24906993E-01  2.52053514E-03
1.10387699E-01  5.34023941E-01  2.58691353E-03
1.10634375E-01  5.32325625E-01  2.64037028E-03
1.10881052E-01  5.27420580E-01  2.48866598E-03
1.11127728E-01  5.17187119E-01  2.48623244E-03
1.11374405E-01  5.12403131E-01  2.47888151E-03
1.11621081E-01  5.19891858E-01  2.52494705E-03
1.11867758E-01  5.27014852E-01  2.58543808E-03
1.12114434E-01  5.23341298E-01  2.49954406E-03
1.12361110E-01  5.13957322E-01  2.50794762E-03
1.12607787E-01  5.17643869E-01  2.62288330E-03
1.12854463E-01  5.12001812E-01  2.51885946E-03
1.13101140E-01  5.05655766E-01  2.53514876E-03
1.13347816E-01  5.19508779E-01  2.55058520E-03
1.13594493E-01  5.10832489E-01  2.55268533E-03
1.13841169E-01  4.94831622E-01  2.51130410E-03
1.14087845E-01  5.13255000E-01  2.48025893E-03
1.14334522E-01  5.22056699E-01  2.69292854E-03
1.14581198E-01  5.09358644E-01  2.48704292E-03
1.14827875E-01  5.04399598E-01  2.53060344E-03
1.15074551E-01  5.06717563E-01  2.57192412E-03
1.15321227E-01  4.93914396E-01  2.51338328E-03
1.15567904E-01  4.92941797E-01  2.44661770E-03
1.15814580E-01  4.92513418E-01  2.51961523E-03
1.16061257E-01  4.83927637E-01  2.50795437E-03
1.16307933E-01  4.78815317E-01  2.48848787E-03
1.16554610E-01  4.86596107E-01  2.59239529E-03
1.16801286E-01  4.85614717E-01  2.54804944E-03
1.17047962E-01  4.85126555E-01  2.50135758E-03
1.17294639E-01  4.82670099E-01  2.48610461E-03
1.17541315E-01  4.83349591E-01  2.41374760E-03
1.17787992E-01  4.89286721E-01  2.45776284E-03
1.18034668E-01  4.89208579E-01  2.47880584E-03
1.18281345E-01  4.92875099E-01  2.57487362E-03
1.18528021E-01  4.93422687E-01  2.61567277E-03
1.18774697E-01  4.95999783E-01  2.49428255E-03
1.19021374E-01  4.94887024E-01  2.45635468E-03
1.19268050E-01  4.91279483E-01  2.47255247E-03
1.19514727E-01  4.91336584E-01  2.43682275E-03
1.19761403E-01  4.89096045E-01  2.46314239E-03
1.20008079E-01  5.01621068E-01  2.49183062E-03
1.20254756E-01  5.03048718E-01  2.45600869E-03
1.20501432E-01  4.98669058E-01  2.47413781E-03
1.20748109E-01  4.90215242E-01  2.46660667E-03
1.20994785E-01  4.97572809E-01  2.53905635E-03
1.21241462E-01  4.94633585E-01  2.39861268E-03
1.21488138E-01  4.98157620E-01  2.48648738E-03
1.21734814E-01  5.21002948E-01  2.60573602E-03
1.21981491E-01  5.01434743E-01  2.41679070E-03
1.22228167E-01  4.93271381E-01  2.51693791E-03
1.22474844E-01  5.01147807E-01  2.46065203E-03
1.22721520E-01  4.87095565E-01  2.39774003E-03
1.22968197E-01  4.89155501E-01  2.30231090E-03
1.23214873E-01  5.00141859E-01  2.39634374E-03
1.23461549E-01  4.91289020E-01  2.43186741E-03
1.23708226E-01  4.83635068E-01  2.33950093E-03
1.23954902E-01  4.92575526E-01  2.45581334E-03
1.24201579E-01  5.01866817E-01  2.49511702E-03
1.24448255E-01  4.92533863E-01  2.39276071E-03
1.24694932E-01  4.77263838E-01  2.37648445E-03
1.24941608E-01  5.04765809E-01  2.38147704E-03
1.25188284E-01  4.93158877E-01  2.44624447E-03
1.25434961E-01  4.87005264E-01  2.39595049E-03
1.25681637E-01  4.87641603E-01  2.35330267E-03
1.25928314E-01  4.93432075E-01  2.42539868E-03
1.26174990E-01  4.86034453E-01  2.31537316E-03
1.26421666E-01  4.91920203E-01  2.43251817E-03
1.26668343E-01  4.85593200E-01  2.42983550E-03
1.26915019E-01  4.78906870E-01  2.38744309E-03
1.27161696E-01  4.83823985E-01  2.37422530E-03
1.27408372E-01  4.83809888E-01  2.32965569E-03
1.27655049E-01  4.78041887E-01  2.35246425E-03
1.27901725E-01  4.77495104E-01  2.35088938E-03
1.28148401E-01  4.72347587E-01  2.29395460E-03
1.28395078E-01  4.75605428E-01  2.34490959E-03
1.28641754E-01  4.74729836E-01  2.38118041E-03
1.28888431E-01  4.73862529E-01  2.32671737E-03
1.29135107E-01  4.73734111E-01  2.27670977E-03
1.29381784E-01  4.71153736E-01  2.30399403E-03
1.29628460E-01  4.65782225E-01  2.26938864E-03
1.29875136E-01  4.77992237E-01  2.34271935E-03
1.30121813E-01  4.71452922E-01  2.28348188E-03
1.30368489E-01  4.57831651E-01  2.23572319E-03
1.30615166E-01  4.60433334E-01  2.25940230E-03
1.30861842E-01  4.62767839E-01  2.23667268E-03
1.31108518E-01  4.62847620E-01  2.24040914E-03
1.31355195E-01  4.57469553E-01  2.26098811E-03
1.31601871E-01  4.60448802E-01  2.15846905E-03
1.31848548E-01  4.61949229E-01  2.19900114E-03
1.32095224E-01  4.63274449E-01  2.15964485E-03
1.32341901E-01  4.47342694E-01  2.10052356E-03
1.32588577E-01  4.43721652E-01  2.16948800E-03
1.32835253E-01  4.53369021E-01  2.16549309E-03
1.33081930E-01  4.51771766E-01  2.20076856E-03
1.33328606E-01  4.58267182E-01  2.19646329E-03
1.33575283E-01  4.44255561E-01  2.14280817E-03
1.33821959E-01  4.56418306E-01  2.09289580E-03
1.34068636E-01  4.51441377E-01  2.19116360E-03
1.34315312E-01  4.38968480E-01  2.19217595E-03
1.34561988E-01  4.34444040E-01  2.13309424E-03
1.34808665E-01  4.37870264E-01  2.11189291E-03
1.35055341E-01  4.30802345E-01  2.07131449E-03
1.35302018E-01  4.34404671E-01  2.11642240E-03
1.35548694E-01  4.36441153E-01  2.12592562E-03
1.35795371E-01  4.37340826E-01  2.07363744E-03
1.36042047E-01  4.35593605E-01  2.09346204E-03
1.36288723E-01  4.29218113E-01  2.12203315E-03
1.36535400E-01  4.21832174E-01  2.12055212E-03
1.36782076E-01  4.39271003E-01  2.10603909E-03
1.37028753E-01  4.36322778E-01  2.09678337E-03
1.37275429E-01  4.28788066E-01  2.17185565E-03
1.37522105E-01  4.14087445E-01  1.98801886E-03
1.37768782E-01  4.15624291E-01  2.07137782E-03
1.38015458E-01  4.16675925E-01  2.08261749E-03
1.38262135E-01  4.17329609E-01  2.07820185E-03
1.38508811E-01  4.21949267E-01  2.03658920E-03
1.38755488E-01  4.09740537E-01  2.06483901E-03
1.39002164E-01  4.14510220E-01  2.09914451E-03
1.39248840E-01  4.14229065E-01  2.10119318E-03
1.39495517E-01  4.07302827E-01  2.02275533E-03
1.39742193E-01  4.03593123E-01  2.03845347E-03
1.39988870E-01  4.08454001E-01  2.03290279E-03
1.40235546E-01  4.01276141E-01  1.99550414E-03
1.40482223E-01  3.96833003E-01  1.97495241E-03
1.40728899E-01  4.02308047E-01  2.04936229E-03
1.40975575E-01  3.98899227E-01  1.98368146E-03
1.41222252E-01  3.99061888E-01  1.96537236E-03
1.41468928E-01  4.01690841E-01  2.05360609E-03
1.41715605E-01  3.92461568E-01  1.90784351E-03
1.41962281E-01  3.91356230E-01  1.99831557E-03
1.42208957E-01  3.95378202E-01  1.97202107E-03
1.42455634E-01  3.78158242E-01  1.81068771E-03
1.42702310E-01  3.88056278E-01  1.94559176E-03
1.42948987E-01  3.82364124E-01  1.83949631E-03
1.43195663E-01  3.83925557E-01  1.89390173E-03
1.43442340E-01  3.81773382E-01  1.87347794E-03
1.43689016E-01  3.76197964E-01  1.90652744E-03
1.43935692E-01  3.75998050E-01  1.92655053E-03
1.44182369E-01  3.79000187E-01  1.83165632E-03
1.44429045E-01  3.66895109E-01  1.84272893E-03
1.44675722E-01  3.77657294E-01  1.93229597E-03
1.44922398E-01  3.76349777E-01  1.91244076E-03
1.45169075E-01  3.70390892E-01  1.88351981E-03
1.45415751E-01  3.74384135E-01  1.82697980E-03
1.45662427E-01  3.60756308E-01  1.81467284E-03
1.45909104E-01  3.68186772E-01  1.80480105E-03
1.46155780E-01  3.68344516E-01  1.90650672E-03
1.46402457E-01  3.60956728E-01  1.77947443E-03
1.46649133E-01  3.54791284E-01  1.76517887E-03
1.46895810E-01  3.56935948E-01  1.79197465E-03
1.47142486E-01  3.56326848E-01  1.81173568E-03
1.47389162E-01  3.53962243E-01  1.79186696E-03
1.47635839E-01  3.56820077E-01  1.83680747E-03
1.47882515E-01  3.53575706E-01  1.75971002E-03
1.48129192E-01  3.59119922E-01  1.81551639E-03
1.48375868E-01  3.54079157E-01  1.83087483E-03
1.48622544E-01  3.41068923E-01  1.75339694E-03
1.48869221E-01  3.42173755E-01  1.74023479E-03
1.49115897E-01  3.45689446E-01  1.77148590E-03
1.49362574E-01  3.43563259E-01  1.75952143E-03
1.49609250E-01  3.44552755E-01  1.73574721E-03
1.49855927E-01  3.42130333E-01  1.73357793E-03
1.50102603E-01  3.41760218E-01  1.73572649E-03
1.50349279E-01  3.35772693E-01  1.74463121E-03
1.50595956E-01  3.42836022E-01  1.75141275E-03
1.50842632E-01  3.42326403E-01  1.75268354E-03
1.51089309E-01  3.37084413E-01  1.72357797E-03
1.51335985E-01  3.34153175E-01  1.70942338E-03
1.51582662E-01  3.33275676E-01  1.67233066E-03
1.51829338E-01  3.44766974E-01  1.75701082E-03
1.52076014E-01  3.41116339E-01  1.78640906E-03
1.52322691E-01  3.39756399E-01  1.73519494E-03
1.52569367E-01  3.46746475E-01  1.85708795E-03
1.52816044E-01  3.51832569E-01  1.84972805E-03
1.53062720E-01  3.56230736E-01  1.73365022E-03
1.53309397E-01  3.56697917E-01  1.74638815E-03
1.53556073E-01  3.49738568E-01  1.74945826E-03
1.53802749E-01  3.64249766E-01  1.91373844E-03
1.54049426E-01  3.63370687E-01  1.86709745E-03
1.54296102E-01  3.62933338E-01  1.85122644E-03
1.54542779E-01  3.71049821E-01  2.03588745E-03
1.54789455E-01  3.74527752E-01  1.89021765E-03
1.55036131E-01  3.71389210E-01  1.85984827E-03
1.55282808E-01  3.74913186E-01  1.91223202E-03
1.55529484E-01  3.69875640E-01  1.85851275E-03
1.55776161E-01  3.74308199E-01  1.85537688E-03
1.56022837E-01  3.70453119E-01  1.91714976E-03
1.56269514E-01  3.71552497E-01  1.82207290E-03
1.56516190E-01  3.65164757E-01  1.85114436E-03
1.56762866E-01  3.77311051E-01  1.91801006E-03
1.57009543E-01  3.70540470E-01  1.93668657E-03
1.57256219E-01  3.75024021E-01  1.98241929E-03
1.57502896E-01  3.80051702E-01  2.00804137E-03
1.57749572E-01  3.88590485E-01  2.14292202E-03
1.57996249E-01  3.97528857E-01  2.20611016E-03
1.58242925E-01  4.11053360E-01  2.39286316E-03
1.58489601E-01  4.34928119E-01  2.60563660E-03
1.58736278E-01  4.32279378E-01  2.60278163E-03
1.58982954E-01  4.29735482E-01  2.67472980E-03
1.59229631E-01  4.33653325E-01  2.69159442E-03
1.59476307E-01  4.38855857E-01  2.78744265E-03
1.59722983E-01  4.23256099E-01  2.61643506E-03
1.59969660E-01  3.98492366E-01  2.63928785E-03
1.60216336E-01  3.79882067E-01  2.39914283E-03
1.60463013E-01  3.57026219E-01  2.31095124E-03
1.60709689E-01  3.22316498E-01  1.99859799E-03
1.60956366E-01  3.17851990E-01  1.84460182E-03
1.61203042E-01  2.92102575E-01  1.70841173E-03
1.61449718E-01  2.84580708E-01  1.59313623E-03
1.61696395E-01  2.72920281E-01  1.53924234E-03
1.61943071E-01  2.65126854E-01  1.49830815E-03
1.62189748E-01  2.60948777E-01  1.43632723E-03
1.62436424E-01  2.57478476E-01  1.44169515E-03
1.62683101E-01  2.62469202E-01  1.48023863E-03
1.62929777E-01  2.50126839E-01  1.43000786E-03
1.63176453E-01  2.55273253E-01  1.43940153E-03
1.63423130E-01  2.47941419E-01  1.35446026E-03
1.63669806E-01  2.52267838E-01  1.42998935E-03
1.63916483E-01  2.49886855E-01  1.39737269E-03
1.64163159E-01  2.48502403E-01  1.38944190E-03
1.64409836E-01  2.39108548E-01  1.38476491E-03
1.64656512E-01  2.41850019E-01  1.36850309E-03
1.64903188E-01  2.36836269E-01  1.35307538E-03
1.65149865E-01  2.41538420E-01  1.36168720E-03
1.65396541E-01  2.35634372E-01  1.37557264E-03
1.65643218E-01  2.36081034E-01  1.31555065E-03
1.65889894E-01  2.33485356E-01  1.34905463E-03
1.66136570E-01  2.32950136E-01  1.31447683E-03
1.66383247E-01  2.33863354E-01  1.29558682E-03
1.66629923E-01  2.29539648E-01  1.28615380E-03
1.66876600E-01  2.31238365E-01  1.30899670E-03
1.67123276E-01  2.20610008E-01  1.26763189E-03
1.67369953E-01  2.23219603E-01  1.31050567E-03
1.67616629E-01  2.21231386E-01  1.29452674E-03
1.67863305E-01  2.19458297E-01  1.26294477E-03
1.68109982E-01  2.21377745E-01  1.29004987E-03
1.68356658E-01  2.18484372E-01  1.24570355E-03
1.68603335E-01  2.10842147E-01  1.25260674E-03
1.68850011E-01  2.19860241E-01  1.27253449E-03
1.69096688E-01  2.12724671E-01  1.27488375E-03
1.69343364E-01  2.12692901E-01  1.26199599E-03
1.69590040E-01  2.12188497E-01  1.23841676E-03
1.69836717E-01  2.11366564E-01  1.22303236E-03
1.70083393E-01  2.09037006E-01  1.23839383E-03
1.70330070E-01  2.11437404E-01  1.24303496E-03
1.70576746E-01  2.07929656E-01  1.21090061E-03
1.70823422E-01  2.11167663E-01  1.26728439E-03
1.71070099E-01  2.01761395E-01  1.19662797E-03
1.71316775E-01  2.05405638E-01  1.20096444E-03
1.71563452E-01  2.03663766E-01  1.23379065E-03
1.71810128E-01  1.95985749E-01  1.17944682E-03
1.72056805E-01  1.96613207E-01  1.19345461E-03
1.72303481E-01  1.96216404E-01  1.19484693E-03
1.72550157E-01  1.96219698E-01  1.21151889E-03
1.72796834E-01  1.97608754E-01  1.17351941E-03
1.73043510E-01  1.90385938E-01  1.17141940E-03
1.73290187E-01  1.87391922E-01  1.15096604E-03
1.73536863E-01  1.92360863E-01  1.19236857E-03
1.73783540E-01  1.87045917E-01  1.13411143E-03
1.74030216E-01  1.86758131E-01  1.15983735E-03
1.74276892E-01  1.88028708E-01  1.16193807E-03
1.74523569E-01  1.86964735E-01  1.13192585E-03
1.74770245E-01  1.80470318E-01  1.08080625E-03
1.75016922E-01  1.76742420E-01  1.11086969E-03
1.75263598E-01  1.82763442E-01  1.16502005E-03
1.75510275E-01  1.80420130E-01  1.16066122E-03
1.75756951E-01  1.82177946E-01  1.09663396E-03
1.76003627E-01  1.78728566E-01  1.09782070E-03
1.76250304E-01  1.73159048E-01  1.12499425E-03
1.76496980E-01  1.72534660E-01  1.11643958E-03
1.76743657E-01  1.74588114E-01  1.10692205E-03
1.76990333E-01  1.73340783E-01  1.09796959E-03
1.77237009E-01  1.65702015E-01  1.06203090E-03
1.77483686E-01  1.67262778E-01  1.04347256E-03
1.77730362E-01  1.71560243E-01  1.10506604E-03
1.77977039E-01  1.67693809E-01  1.01967691E-03
1.78223715E-01  1.63727283E-01  1.03916449E-03
1.78470392E-01  1.62474111E-01  1.03274349E-03
1.78717068E-01  1.59442067E-01  1.03315164E-03
1.78963744E-01  1.64189279E-01  1.03331439E-03
1.79210421E-01  1.62665531E-01  1.03445770E-03
1.79457097E-01  1.60360351E-01  1.02312956E-03
1.79703774E-01  1.59204394E-01  1.03064405E-03
1.79950450E-01  1.60655051E-01  1.08330324E-03
1.80197127E-01  1.55134603E-01  1.02463423E-03
1.80443803E-01  1.55777723E-01  9.93556227E-04
1.80690479E-01  1.53275356E-01  9.98318894E-04
1.80937156E-01  1.57209516E-01  1.02723623E-03
1.81183832E-01  1.55016050E-01  9.97983268E-04
1.81430509E-01  1.51949674E-01  9.61300510E-04
1.81677185E-01  1.49998054E-01  9.58314689E-04
1.81923861E-01  1.50019556E-01  9.80660086E-04
1.82170538E-01  1.45320371E-01  9.56683187E-04
1.82417214E-01  1.46589801E-01  9.63798666E-04
1.82663891E-01  1.47745073E-01  9.71448084E-04
1.82910567E-01  1.46887183E-01  9.48064262E-04
1.83157244E-01  1.41527086E-01  9.86383064E-04
1.83403920E-01  1.43113241E-01  9.58273362E-04
1.83650596E-01  1.42783105E-01  9.44893865E-04
1.83897273E-01  1.41175151E-01  9.52969771E-04
1.84143949E-01  1.40061513E-01  9.48603440E-04
1.84390626E-01  1.41002610E-01  9.36878554E-04
1.84637302E-01  1.40861616E-01  9.59850033E-04
1.84883979E-01  1.41110882E-01  9.76459298E-04
1.85130655E-01  1.30041063E-01  9.00212326E-04
1.85377331E-01  1.37144670E-01  9.36345372E-04
1.85624008E-01  1.34232894E-01  8.91113712E-04
1.85870684E-01  1.30117700E-01  9.16420599E-04
1.86117361E-01  1.32221043E-01  8.94953322E-04
1.86364037E-01  1.30842403E-01  9.30824259E-04
1.86610714E-01  1.33505046E-01  9.11926734E-04
1.86857390E-01  1.30512744E-01  8.87623522E-04
1.87104066E-01  1.27228230E-01  8.98866332E-04
1.87350743E-01  1.27515495E-01  8.97555496E-04
1.87597419E-01  1.29041076E-01  8.79317697E-04
1.87844096E-01  1.28209516E-01  9.06883448E-04
1.88090772E-01  1.29597858E-01  9.15857032E-04
1.88337448E-01  1.25780940E-01  8.60860455E-04
1.88584125E-01  1.23182043E-01  8.81044369E-04
1.88830801E-01  1.25344768E-01  8.80835112E-04
1.89077478E-01  1.22129768E-01  8.63791676E-04
1.89324154E-01  1.21076912E-01  8.48014024E-04
1.89570831E-01  1.22640900E-01  8.52242985E-04
1.89817507E-01  1.18682332E-01  8.47697491E-04
1.90064183E-01  1.19113088E-01  8.65949260E-04
1.90310860E-01  1.19993590E-01  8.62408837E-04
1.90557536E-01  1.20440565E-01  8.38223437E-04
1.90804213E-01  1.18810743E-01  8.24904535E-04
1.91050889E-01  1.16305292E-01  8.46798823E-04
1.91297566E-01  1.14449270E-01  8.44504335E-04
1.91544242E-01  1.10323422E-01  7.95387838E-04
1.91790918E-01  1.10083163E-01  8.14481988E-04
1.92037595E-01  1.13572083E-01  8.36956955E-04
1.92284271E-01  1.14389844E-01  8.19871144E-04
1.92530948E-01  1.11589178E-01  7.93524378E-04
1.92777624E-01  1.13792516E-01  8.07076111E-04
1.93024301E-01  1.12297721E-01  8.13875289E-04
1.93270977E-01  1.07776746E-01  8.14726285E-04
1.93517653E-01  1.06772207E-01  7.91532279E-04
1.93764330E-01  1.07757367E-01  8.12885351E-04
1.94011006E-01  1.01886518E-01  7.75226450E-04
1.94257683E-01  1.08170070E-01  7.94000982E-04
1.94504359E-01  1.07475653E-01  7.94977881E-04
1.94751035E-01  1.01724118E-01  7.72152853E-04
1.94997712E-01  1.06186047E-01  7.96629582E-04
1.95244388E-01  1.03977829E-01  7.88602338E-04
1.95491065E-01  1.04530692E-01  7.86844874E-04
1.95737741E-01  1.01176798E-01  7.71945750E-04
1.95984418E-01  1.04463913E-01  7.65125500E-04
1.96231094E-01  1.02805309E-01  7.94149528E-04
1.96477770E-01  1.02058887E-01  7.40454358E-04
1.96724447E-01  1.02975957E-01  7.76336354E-04
1.96971123E-01  9.57989022E-02  7.42407283E-04
1.97217800E-01  1.01091832E-01  7.73911132E-04
1.97464476E-01  1.00688800E-01  7.57811766E-04
1.97711153E-01  9.89399254E-02  7.39279727E-04
1.97957829E-01  9.86389145E-02  7.67458754E-04
1.98204505E-01  9.84603241E-02  7.61553296E-04
1.98451182E-01  1.00645266E-01  7.88773701E-04
1.98697858E-01  9.29307789E-02  7.20099313E-04
1.98944535E-01  9.03026313E-02  6.99655793E-04
1.99191211E-01  9.43314508E-02  7.46389618E-04
1.99437887E-01  9.43879932E-02  7.41378230E-04
1.99684564E-01  9.37281251E-02  7.31002190E-04
1.99931240E-01  9.24581289E-02  7.29690946E-04
2.00177917E-01  9.08747762E-02  7.13466434E-04
2.00424593E-01  8.81538019E-02  7.13019166E-04
2.00671270E-01  9.19218287E-02  7.31345033E-04
2.00917946E-01  8.79534110E-02  7.14617374E-04
2.01164622E-01  9.12321731E-02  7.07524247E-04
2.01411299E-01  8.83967206E-02  7.14477908E-04
2.01657975E-01  9.22585502E-02  7.11398548E-04
2.01904652E-01  9.11357403E-02  7.35502690E-04
2.02151328E-01  8.80992487E-02  6.98129297E-04
2.02398005E-01  9.14440379E-02  7.12119741E-04
2.02644681E-01  8.67280364E-02  7.05593848E-04
2.02891357E-01  8.51825699E-02  6.92154048E-04
2.03138034E-01  8.20261315E-02  6.67252927E-04
2.03384710E-01  8.62214863E-02  6.84743049E-04
2.03631387E-01  8.66641551E-02  6.93908776E-04
2.03878063E-01  8.19117054E-02  6.81706704E-04
2.04124740E-01  8.31051320E-02  6.77459349E-04
2.04371416E-01  8.23479965E-02  6.91813999E-04
2.04618092E-01  8.37812722E-02  6.86455227E-04
2.04864769E-01  8.61122161E-02  6.81123289E-04
2.05111445E-01  8.30062777E-02  6.77322620E-04
2.05358122E-01  8.52436349E-02  6.83836755E-04
2.05604798E-01  8.13318342E-02  6.65587140E-04
2.05851474E-01  7.93071315E-02  6.59854326E-04
2.06098151E-01  8.34766105E-02  6.73131319E-04
2.06344827E-01  7.93057978E-02  6.63004292E-04
2.06591504E-01  8.06901231E-02  6.64685562E-04
2.06838180E-01  8.19880441E-02  6.73694361E-04
2.07084857E-01  7.81688094E-02  6.43836451E-04
2.07331533E-01  7.64438137E-02  6.48144400E-04
2.07578209E-01  7.75544047E-02  6.59239071E-04
2.07824886E-01  7.76329041E-02  6.48818212E-04
2.08071562E-01  7.94287026E-02  6.53056893E-04
2.08318239E-01  7.66035318E-02  6.53189549E-04
2.08564915E-01  7.95741379E-02  6.48156565E-04
2.08811592E-01  7.48298541E-02  6.35989301E-04
2.09058268E-01  7.66600519E-02  6.42349245E-04
2.09304944E-01  7.60477707E-02  6.32180134E-04
2.09551621E-01  7.68669471E-02  6.50393311E-04
2.09798297E-01  7.13132769E-02  6.18389633E-04
2.10044974E-01  7.39113688E-02  6.23024825E-04
2.10291650E-01  7.44794980E-02  6.40493876E-04
2.10538326E-01  7.50936717E-02  6.31532283E-04
2.10785003E-01  7.40231723E-02  6.29207003E-04
2.11031679E-01  7.24044219E-02  6.18490390E-04
2.11278356E-01  7.50620663E-02  6.19058555E-04
2.11525032E-01  7.37270340E-02  6.25819433E-04
2.11771709E-01  7.27867484E-02  6.46638626E-04
2.12018385E-01  7.22391084E-02  6.08845905E-04
2.12265061E-01  7.06207752E-02  6.16843114E-04
2.12511738E-01  7.33381808E-02  6.38467143E-04
2.12758414E-01  7.28217363E-02  6.22663880E-04
2.13005091E-01  7.11787865E-02  6.37422490E-04
2.13251767E-01  7.53553584E-02  6.50527654E-04
2.13498444E-01  6.77561015E-02  6.02939166E-04
2.13745120E-01  7.06448853E-02  6.06738788E-04
2.13991796E-01  7.11053535E-02  5.95755933E-04
2.14238473E-01  7.32653812E-02  6.16638339E-04
2.14485149E-01  6.86266571E-02  6.16626290E-04
2.14731826E-01  7.03933537E-02  6.06005604E-04
2.14978502E-01  6.75434470E-02  6.12188713E-04
2.15225179E-01  7.04435855E-02  6.06837741E-04
2.15471855E-01  6.98465034E-02  6.22495892E-04
2.15718531E-01  6.98223859E-02  6.02739688E-04
2.15965208E-01  6.82230964E-02  5.89480798E-04
2.16211884E-01  6.54714555E-02  5.83498273E-04
2.16458561E-01  6.76683933E-02  5.89415780E-04
2.16705237E-01  6.79204911E-02  6.04561181E-04
2.16951913E-01  6.68134689E-02  5.95298188E-04
2.17198590E-01  6.98997527E-02  6.08421338E-04
2.17445266E-01  6.83423951E-02  5.92187047E-04
2.17691943E-01  6.81183711E-02  6.14535122E-04
2.17938619E-01  6.79176971E-02  6.24235021E-04
2.18185296E-01  6.75740913E-02  6.04118104E-04
2.18431972E-01  6.43619746E-02  5.86933107E-04
2.18678648E-01  6.05297051E-02  5.60944900E-04
2.18925325E-01  6.67072013E-02  5.99819410E-04
2.19172001E-01  6.93413913E-02  6.13125740E-04
2.19418678E-01  6.50302395E-02  5.90731681E-04
2.19665354E-01  6.55074343E-02  5.76053164E-04
2.19912031E-01  6.32805005E-02  5.87416347E-04
2.20158707E-01  6.77190498E-02  6.01317966E-04
2.20405383E-01  6.58803061E-02  5.79049753E-04
2.20652060E-01  6.76353648E-02  5.95550227E-04
2.20898736E-01  6.49292246E-02  5.94084733E-04
2.21145413E-01  6.51600137E-02  5.98110550E-04
2.21392089E-01  6.85064346E-02  5.98065439E-04
2.21638766E-01  6.74159378E-02  6.08622271E-04
2.21885442E-01  6.27533495E-02  5.93551726E-04
2.22132118E-01  6.74096644E-02  6.07293681E-04
2.22378795E-01  6.46585003E-02  5.71416051E-04
2.22625471E-01  6.32073954E-02  5.77565515E-04
2.22872148E-01  6.57639056E-02  5.85386530E-04
2.23118824E-01  6.47437498E-02  5.84842055E-04
2.23365500E-01  6.34155348E-02  5.91278949E-04
2.23612177E-01  6.51616603E-02  5.87895047E-04
2.23858853E-01  6.13528527E-02  5.52616897E-04
2.24105530E-01  6.32219985E-02  5.64277929E-04
2.24352206E-01  6.39683232E-02  5.81345696E-04
2.24598883E-01  6.51152879E-02  6.01060281E-04
2.24845559E-01  6.31756559E-02  5.79277170E-04
2.25092235E-01  6.04411997E-02  5.61924826E-04
2.25338912E-01  6.51700720E-02  5.81002038E-04
2.25585588E-01  6.14479259E-02  5.75264334E-04
2.25832265E-01  6.17205240E-02  5.61976572E-04
2.26078941E-01  6.44804314E-02  5.86264126E-04
2.26325618E-01  6.39814138E-02  5.77570172E-04
2.26572294E-01  6.44415915E-02  5.79134328E-04
2.26818970E-01  6.13013431E-02  5.72688528E-04
2.27065647E-01  6.21193796E-02  5.58766362E-04
2.27312323E-01  6.37496635E-02  5.75518876E-04
2.27559000E-01  6.30756244E-02  5.73292898E-04
2.27805676E-01  6.25937805E-02  5.68362768E-04
2.28052352E-01  6.31993786E-02  5.66580682E-04
2.28299029E-01  6.27889335E-02  5.58842788E-04
2.28545705E-01  6.07024021E-02  5.54470287E-04
2.28792382E-01  6.22446835E-02  5.55911160E-04
2.29039058E-01  6.25094175E-02  5.62420231E-04
2.29285735E-01  6.29636943E-02  5.58951753E-04
2.29532411E-01  6.06528372E-02  5.51491918E-04
2.29779087E-01  5.85812964E-02  5.48625365E-04
2.30025764E-01  6.22001886E-02  5.58847154E-04
2.30272440E-01  6.06124513E-02  5.49001154E-04
2.30519117E-01  5.90557009E-02  5.51174337E-04
2.30765793E-01  6.69089407E-02  5.66311181E-04
2.31012470E-01  6.18387349E-02  5.52483601E-04
2.31259146E-01  6.18831776E-02  5.47704112E-04
2.31505822E-01  5.99859878E-02  5.37805259E-04
2.31752499E-01  6.24116249E-02  5.62227215E-04
2.31999175E-01  6.06540889E-02  5.61516790E-04
2.32245852E-01  6.04477860E-02  5.59034874E-04
2.32492528E-01  5.97928911E-02  5.32626524E-04
2.32739205E-01  6.14908412E-02  5.59898850E-04
2.32985881E-01  6.13593869E-02  5.66075614E-04
2.33232557E-01  6.25776127E-02  5.73844125E-04
2.33479234E-01  6.14303499E-02  5.69913245E-04
2.33725910E-01  6.31783977E-02  5.61688968E-04
2.33972587E-01  6.25223145E-02  5.50776836E-04
2.34219263E-01  6.15064166E-02  5.53158810E-04
2.34465939E-01  6.37343153E-02  5.69892349E-04
2.34712616E-01  6.04065619E-02  5.50245633E-04
2.34959292E-01  6.41300753E-02  5.59404027E-04
2.35205969E-01  6.25870749E-02  5.54312603E-04
2.35452645E-01  6.44935369E-02  5.70505450E-04
2.35699322E-01  6.11805394E-02  5.45237330E-04
2.35945998E-01  6.09376580E-02  5.46372205E-04
2.36192674E-01  6.05261810E-02  5.46457479E-04
2.36439351E-01  6.54444695E-02  5.73348312E-04
2.36686027E-01  6.67785630E-02  5.72036777E-04
2.36932704E-01  5.99984676E-02  5.41526359E-04
2.37179380E-01  6.22691587E-02  5.59438777E-04
2.37426057E-01  6.16594292E-02  5.36240055E-04
2.37672733E-01  6.19176738E-02  5.53695892E-04
2.37919409E-01  6.13226518E-02  5.51077304E-04
2.38166086E-01  5.94295301E-02  5.38471213E-04
2.38412762E-01  6.16646931E-02  5.53702994E-04
2.38659439E-01  6.16846494E-02  5.44646231E-04
2.38906115E-01  6.15535825E-02  5.47015341E-04
2.39152791E-01  6.44304827E-02  5.44205541E-04
2.39399468E-01  6.47574961E-02  5.68152405E-04
2.39646144E-01  6.01244457E-02  5.42735506E-04
2.39892821E-01  6.40277639E-02  5.68508112E-04
2.40139497E-01  6.41002357E-02  5.53689257E-04
2.40386174E-01  6.13933578E-02  5.42195863E-04
2.40632850E-01  6.20281696E-02  5.57192427E-04
2.40879526E-01  5.94106652E-02  5.45449904E-04
2.41126203E-01  6.28765151E-02  5.60965564E-04
2.41372879E-01  6.23862594E-02  5.32667618E-04
2.41619556E-01  6.34576827E-02  5.54154452E-04
2.41866232E-01  6.32182360E-02  5.45686111E-04
2.42112909E-01  6.08130768E-02  5.25921583E-04
2.42359585E-01  6.36583790E-02  5.57932013E-04
2.42606261E-01  6.38071373E-02  5.72163961E-04
2.42852938E-01  6.26645386E-02  5.61847119E-04
2.43099614E-01  6.27850741E-02  5.86385082E-04
2.43346291E-01  6.41293004E-02  5.65034919E-04
2.43592967E-01  6.27530664E-02  5.64328453E-04
2.43839644E-01  6.47735000E-02  5.66888135E-04
2.44086320E-01  6.55619651E-02  5.91922842E-04
2.44332996E-01  6.40160069E-02  5.61300199E-04
2.44579673E-01  6.29646182E-02  5.73653786E-04
2.44826349E-01  6.22895584E-02  5.52760088E-04
2.45073026E-01  6.17015064E-02  5.62507892E-04
2.45319702E-01  6.18744120E-02  5.56059938E-04
2.45566378E-01  6.33749962E-02  5.74242789E-04
2.45813055E-01  6.46434948E-02  5.65541384E-04
2.46059731E-01  6.63858280E-02  5.78815991E-04
2.46306408E-01  6.53265417E-02  6.01219246E-04
2.46553084E-01  6.37796372E-02  5.78253588E-04
2.46799761E-01  6.12158142E-02  5.87870309E-04
2.47046437E-01  6.40797615E-02  5.83530637E-04
2.47293113E-01  6.29543141E-02  5.87705639E-04
2.47539790E-01  6.45662248E-02  6.08897943E-04
2.47786466E-01  6.36627153E-02  5.94856159E-04
2.48033143E-01  6.59126416E-02  6.03804889E-04
2.48279819E-01  6.38695955E-02  5.99779887E-04
2.48526496E-01  6.42375723E-02  5.97264676E-04
2.48773172E-01  6.27094582E-02  6.00161031E-04
2.49019848E-01  6.46411255E-02  6.12667820E-04
2.49266525E-01  6.45260140E-02  6.01204170E-04
2.49513201E-01  6.23594373E-02  5.95776481E-04
2.49759878E-01  6.15726076E-02  5.82798850E-04
2.50006554E-01  6.29240200E-02  6.22532098E-04
2.50253230E-01  6.55162111E-02  6.17875834E-04
2.50499907E-01  6.71949387E-02  6.22190535E-04
2.50746583E-01  6.16502315E-02  6.02764892E-04
2.50993260E-01  6.44411072E-02  6.25008077E-04
2.51239936E-01  6.38125688E-02  6.16014353E-04
2.51486613E-01  6.32345304E-02  6.05328183E-04
2.51733289E-01  6.30612597E-02  6.03911525E-04
2.51979965E-01  6.48109540E-02  6.13307813E-04
2.52226642E-01  6.26962036E-02  6.27588306E-04
2.52473318E-01  6.47563189E-02  6.30225695E-04
2.52719995E-01  6.30154833E-02  6.08357019E-04
2.52966671E-01  6.50793388E-02  6.26533176E-04
2.53213348E-01  6.54691532E-02  6.46766915E-04
2.53460024E-01  6.32885545E-02  6.13587210E-04
2.53706700E-01  6.46194369E-02  6.06771559E-04
2.53953377E-01  6.38342574E-02  6.17555052E-04
2.54200053E-01  6.57541007E-02  6.22234656E-04
2.54446730E-01  6.18651025E-02  6.05225447E-04
2.54693406E-01  6.59034550E-02  6.17692305E-04
2.54940083E-01  6.88928217E-02  6.19724218E-04
2.55186759E-01  6.48178384E-02  6.01944164E-04
2.55433435E-01  6.61034584E-02  6.23039494E-04
2.55680112E-01  6.76060542E-02  6.26378052E-04
2.55926788E-01  6.38587698E-02  5.93841600E-04
2.56173465E-01  6.43878579E-02  6.07569935E-04
2.56420141E-01  6.64357692E-02  6.07533380E-04
2.56666817E-01  6.57866821E-02  6.06932968E-04
2.56913494E-01  6.43519014E-02  5.96229278E-04
2.57160170E-01  6.51710629E-02  5.98004321E-04
2.57406847E-01  6.44971579E-02  6.10342599E-04
2.57653523E-01  6.54369742E-02  5.95140678E-04
2.57900200E-01  6.33726642E-02  5.91724121E-04
2.58146876E-01  6.34495020E-02  5.95753023E-04
2.58393552E-01  6.64887652E-02  6.05151698E-04
2.58640229E-01  6.64799064E-02  6.15106605E-04
2.58886905E-01  6.46297187E-02  5.90040174E-04
2.59133582E-01  6.68360516E-02  6.13328768E-04
2.59380258E-01  6.74415752E-02  6.09335490E-04
2.59626935E-01  6.52733594E-02  5.96604659E-04
2.59873611E-01  6.74645528E-02  6.00364408E-04
2.60120287E-01  6.65416345E-02  6.01022912E-04
2.60366964E-01  6.83176592E-02  6.20758277E-04
2.60613640E-01  6.68603331E-02  6.10412797E-04
2.60860317E-01  6.51958287E-02  6.04144996E-04
2.61106993E-01  6.69222176E-02  6.12676260E-04
2.61353670E-01  6.64042979E-02  5.90998796E-04
2.61600346E-01  6.48014247E-02  5.90198615E-04
2.61847022E-01  6.58198595E-02  6.04193367E-04
2.62093699E-01  6.72635958E-02  6.03755587E-04
2.62340375E-01  6.50003627E-02  5.99845604E-04
2.62587052E-01  6.87571838E-02  6.14160264E-04
2.62833728E-01  6.74436241E-02  5.97368751E-04
2.63080404E-01  6.11635260E-02  5.75788086E-04
2.63327081E-01  6.42749965E-02  5.99441701E-04
2.63573757E-01  6.78081289E-02  6.14298042E-04
2.63820434E-01  6.72178417E-02  6.20046922E-04
2.64067110E-01  6.91961348E-02  6.07069407E-04
2.64313787E-01  6.37906641E-02  5.75981685E-04
2.64560463E-01  6.77496344E-02  6.20136387E-04
2.64807139E-01  6.70732111E-02  6.01795095E-04
2.65053816E-01  6.59079105E-02  5.99333434E-04
2.65300492E-01  6.95763603E-02  6.12246222E-04
2.65547169E-01  6.63053468E-02  6.04344765E-04
2.65793845E-01  6.79060668E-02  6.25642948E-04
2.66040522E-01  6.56527728E-02  5.94882411E-04
2.66287198E-01  6.47990853E-02  5.97138831E-04
2.66533874E-01  6.83030188E-02  5.98243962E-04
2.66780551E-01  6.83802143E-02  6.12745120E-04
2.67027227E-01  6.76311776E-02  6.11973694E-04
2.67273904E-01  6.82583228E-02  5.93083270E-04
2.67520580E-01  6.65514767E-02  5.98529179E-04
2.67767256E-01  6.77805394E-02  6.03659661E-04
2.68013933E-01  6.67576939E-02  5.98280982E-04
2.68260609E-01  6.66724667E-02  5.95782592E-04
2.68507286E-01  6.51872307E-02  5.85628208E-04
2.68753962E-01  6.37579411E-02  5.90364099E-04
2.69000639E-01  6.50579333E-02  6.04674045E-04
2.69247315E-01  6.53950945E-02  5.98626211E-04
2.69493991E-01  6.37777448E-02  5.80420659E-04
2.69740668E-01  6.73885569E-02  5.94803540E-04
2.69987344E-01  6.79970160E-02  6.08873845E-04
2.70234021E-01  6.87267482E-02  6.19418861E-04
2.70480697E-01  6.99962229E-02  6.30403869E-04
2.70727374E-01  6.62365407E-02  6.10701798E-04
2.70974050E-01  6.95109218E-02  6.27143774E-04
2.71220726E-01  7.01490268E-02  6.29721035E-04
2.71467403E-01  6.80043772E-02  6.08752423E-04
2.71714079E-01  7.00373650E-02  6.23264874E-04
2.71960756E-01  6.71098083E-02  6.23070111E-04
2.72207432E-01  6.94925711E-02  6.26266061E-04
2.72454109E-01  6.78071901E-02  6.29592105E-04
2.72700785E-01  7.04831928E-02  6.38884201E-04
2.72947461E-01  6.75096735E-02  6.32097421E-04
2.73194138E-01  7.04231337E-02  6.29025511E-04
2.73440814E-01  6.85517713E-02  6.37792982E-04
2.73687491E-01  6.56472668E-02  6.18348538E-04
2.73934167E-01  7.15390816E-02  6.51673996E-04
2.74180843E-01  7.22949803E-02  6.70502195E-04
2.74427520E-01  7.05346391E-02  6.28064736E-04
2.74674196E-01  6.74991757E-02  6.31300325E-04
2.74920873E-01  6.96844682E-02  6.30492985E-04
2.75167549E-01  7.16044158E-02  6.42691273E-04
2.75414226E-01  7.13524148E-02  6.63257379E-04
2.75660902E-01  7.22097382E-02  6.48940331E-04
2.75907578E-01  7.03493729E-02  6.56843884E-04
2.76154255E-01  7.12239370E-02  6.42706815E-04
2.76400931E-01  6.88797906E-02  6.46868779E-04
2.76647608E-01  6.67755008E-02  6.18420076E-04
2.76894284E-01  6.76919520E-02  6.19681086E-04
2.77140961E-01  7.33560175E-02  6.52369286E-04
2.77387637E-01  6.86016902E-02  6.10096322E-04
2.77634313E-01  6.89464360E-02  6.39429898E-04
2.77880990E-01  6.98082000E-02  6.31465169E-04
2.78127666E-01  7.16753826E-02  6.53901312E-04
2.78374343E-01  7.13877752E-02  6.64410065E-04
2.78621019E-01  7.32457191E-02  6.59908052E-04
2.78867695E-01  7.19885156E-02  6.54969714E-04
2.79114372E-01  7.03678578E-02  6.39253703E-04
2.79361048E-01  7.13700280E-02  6.64605526E-04
2.79607725E-01  7.02591836E-02  6.42288011E-04
2.79854401E-01  7.28174448E-02  6.54320174E-04
2.80101078E-01  6.85813874E-02  6.46311441E-04
2.80347754E-01  6.89301342E-02  6.55377924E-04
2.80594430E-01  6.87941387E-02  6.49120600E-04
2.80841107E-01  6.84762448E-02  6.58785866E-04
2.81087783E-01  6.97671399E-02  6.55098003E-04
2.81334460E-01  7.10583702E-02  6.53692405E-04
2.81581136E-01  6.96590468E-02  6.42429397E-04
2.81827813E-01  6.95062056E-02  6.57063269E-04
2.82074489E-01  7.12914094E-02  6.58237259E-04
2.82321165E-01  7.17624873E-02  6.38916448E-04
2.82567842E-01  7.02388063E-02  6.28722657E-04
2.82814518E-01  6.79154694E-02  6.69283036E-04
2.83061195E-01  7.06325546E-02  6.46480301E-04
2.83307871E-01  6.87154531E-02  6.65331259E-04
2.83554548E-01  7.12218061E-02  6.55539043E-04
2.83801224E-01  7.09015355E-02  6.66733307E-04
2.84047900E-01  7.02382401E-02  6.56715827E-04
2.84294577E-01  7.03655854E-02  6.51029579E-04
2.84541253E-01  7.24059865E-02  6.74789655E-04
2.84787930E-01  6.91442937E-02  6.48190849E-04
2.85034606E-01  6.37156069E-02  6.30718016E-04
2.85281282E-01  6.96694329E-02  6.59647048E-04
2.85527959E-01  6.76822513E-02  6.37779071E-04
2.85774635E-01  7.04884529E-02  6.48123852E-04
2.86021312E-01  7.00483620E-02  6.69936533E-04
2.86267988E-01  7.50702843E-02  6.84769591E-04
2.86514665E-01  6.89935386E-02  6.64768158E-04
2.86761341E-01  7.20583126E-02  6.76908530E-04
2.87008017E-01  7.07574859E-02  6.57716591E-04
2.87254694E-01  6.77047148E-02  6.50266535E-04
2.87501370E-01  7.26250708E-02  6.76328898E-04
2.87748047E-01  7.07241967E-02  6.66281558E-04
2.87994723E-01  7.01292604E-02  6.70532521E-04
2.88241400E-01  6.95530772E-02  6.58711011E-04
2.88488076E-01  7.06992522E-02  6.68175053E-04
2.88734752E-01  6.90409765E-02  6.38098805E-04
2.88981429E-01  7.24785253E-02  6.75060262E-04
2.89228105E-01  6.82169944E-02  6.72987953E-04
2.89474782E-01  6.77413568E-02  6.38430472E-04
2.89721458E-01  6.57015145E-02  6.32486248E-04
2.89968134E-01  6.95463642E-02  6.44855958E-04
2.90214811E-01  7.31627643E-02  6.76010968E-04
2.90461487E-01  6.95732161E-02  6.51666080E-04
2.90708164E-01  6.77052885E-02  6.34944241E-04
2.90954840E-01  6.86975569E-02  6.57845289E-04
2.91201517E-01  7.10617378E-02  6.63431594E-04
2.91448193E-01  7.04425797E-02  6.89380046E-04
2.91694869E-01  6.97188303E-02  6.49860711E-04
2.91941546E-01  7.18063414E-02  6.58561941E-04
2.92188222E-01  7.13972151E-02  6.79226068E-04
2.92434899E-01  6.82125688E-02  6.46782166E-04
2.92681575E-01  7.05058947E-02  6.72663969E-04
2.92928252E-01  6.98393583E-02  6.57563796E-04
2.93174928E-01  7.40263909E-02  6.74271956E-04
2.93421604E-01  7.15746209E-02  6.79468154E-04
2.93668281E-01  6.64644241E-02  6.36994024E-04
2.93914957E-01  7.34244585E-02  6.70681242E-04
2.94161634E-01  6.73688874E-02  6.31423085E-04
2.94408310E-01  6.95505291E-02  6.60874066E-04
2.94654987E-01  6.99898899E-02  6.43933541E-04
2.94901663E-01  6.86239302E-02  6.41179329E-04
2.95148339E-01  6.59725666E-02  6.41281949E-04
2.95395016E-01  6.79188147E-02  6.63122803E-04
2.95641692E-01  6.81858659E-02  6.45552005E-04
2.95888369E-01  6.86666518E-02  6.37830643E-04
2.96135045E-01  6.73467666E-02  6.42471889E-04
2.96381721E-01  6.64914697E-02  6.66991691E-04
2.96628398E-01  6.93329349E-02  6.51081093E-04
2.96875074E-01  7.25902170E-02  6.81106991E-04
2.97121751E-01  7.34147429E-02  6.84441358E-04
2.97368427E-01  6.61186650E-02  6.19627070E-04
2.97615104E-01  6.91359341E-02  6.70114357E-04
2.97861780E-01  6.51533455E-02  6.34796568E-04
2.98108456E-01  6.68758526E-02  6.49716821E-04
2.98355133E-01  7.31955916E-02  6.72237598E-04
2.98601809E-01  6.82765096E-02  6.38849335E-04
2.98848486E-01  6.89741299E-02  6.66563399E-04
2.99095162E-01  6.69181123E-02  6.19829341E-04
2.99341839E-01  7.27273524E-02  6.66911015E-04
2.99588515E-01  6.89004883E-02  6.57464436E-04
2.99835191E-01  6.90134019E-02  6.61638449E-04
3.00081868E-01  7.09600374E-02  6.51712937E-04
3.00328544E-01  7.18790144E-02  6.77042932E-04
3.00575221E-01  6.55322820E-02  6.58587494E-04
3.00821897E-01  6.90734610E-02  6.68080989E-04
3.01068574E-01  6.64710552E-02  6.41456107E-04
3.01315250E-01  6.91381469E-02  6.45553460E-04
3.01561926E-01  6.94385022E-02  6.54849689E-04
3.01808603E-01  6.80286363E-02  6.51109556E-04
3.02055279E-01  6.83505610E-02  6.63967628E-04
3.02301956E-01  6.81159496E-02  6.51233131E-04
3.02548632E-01  7.33314529E-02  6.74787560E-04
3.02795308E-01  6.82568923E-02  6.62091828E-04
3.03041985E-01  6.85705096E-02  6.46567554E-04
3.03288661E-01  6.81362599E-02  6.58169272E-04
3.03535338E-01  7.00116083E-02  6.75977615E-04
3.03782014E-01  6.70879185E-02  6.28042384E-04
3.04028691E-01  6.80341944E-02  6.58812583E-04
3.04275367E-01  7.12065771E-02  6.60787977E-04
3.04522043E-01  7.55994618E-02  6.92357717E-04
3.04768720E-01  6.98523968E-02  6.66477776E-04
3.05015396E-01  7.23219365E-02  6.75609102E-04
3.05262073E-01  6.89644441E-02  6.69927569E-04
3.05508749E-01  6.83724955E-02  6.36695244E-04
3.05755426E-01  7.13442191E-02  6.57868164E-04
3.06002102E-01  6.88681453E-02  6.50700997E-04
3.06248778E-01  6.92417324E-02  6.59420155E-04
3.06495455E-01  6.54423162E-02  6.17338927E-04
3.06742131E-01  6.82546049E-02  6.46433851E-04
3.06988808E-01  7.05142692E-02  6.75228948E-04
3.07235484E-01  6.88557774E-02  6.58829173E-04
3.07482160E-01  7.34342635E-02  6.88378117E-04
3.07728837E-01  7.17650577E-02  6.85304287E-04
3.07975513E-01  7.12145641E-02  6.58429402E-04
3.08222190E-01  7.48347491E-02  6.87017688E-04
3.08468866E-01  7.12723136E-02  6.69151079E-04
3.08715543E-01  8.00968856E-02  7.18345051E-04
3.08962219E-01  7.92454332E-02  7.39195501E-04
3.09208895E-01  8.60142112E-02  7.43037614E-04
3.09455572E-01  8.62828568E-02  7.66548968E-04
3.09702248E-01  9.19007584E-02  7.96651584E-04
3.09948925E-01  9.82820988E-02  8.20068526E-04
3.10195601E-01  9.85347554E-02  8.66272138E-04
3.10442278E-01  1.07564837E-01  8.89192976E-04
3.10688954E-01  1.09655447E-01  8.96054786E-04
3.10935630E-01  1.16632253E-01  9.63408151E-04
3.11182307E-01  1.27761707E-01  9.87697626E-04
3.11428983E-01  1.28016531E-01  9.71080386E-04
3.11675660E-01  1.44455239E-01  1.03572791E-03
3.11922336E-01  1.42364427E-01  1.01511984E-03
3.12169013E-01  1.46335557E-01  1.03844528E-03
3.12415689E-01  1.48595631E-01  1.08980213E-03
3.12662365E-01  1.42844021E-01  1.00928685E-03
3.12909042E-01  1.48902670E-01  1.09742465E-03
3.13155718E-01  1.41302943E-01  1.02434587E-03
3.13402395E-01  1.32001534E-01  9.83089092E-04
3.13649071E-01  1.23605311E-01  9.75522271E-04
3.13895747E-01  1.12908326E-01  9.01217165E-04
3.14142424E-01  1.11606598E-01  9.06617090E-04
3.14389100E-01  1.00648478E-01  8.44265567E-04
3.14635777E-01  9.45600495E-02  7.88385107E-04
3.14882453E-01  8.49811211E-02  7.41877418E-04
3.15129130E-01  8.52549300E-02  7.29985302E-04
3.15375806E-01  7.82182664E-02  7.10081542E-04
3.15622482E-01  7.59824663E-02  6.98183605E-04
3.15869159E-01  7.14257434E-02  6.94726070E-04
3.16115835E-01  7.25374818E-02  6.96474453E-04
3.16362512E-01  6.94997758E-02  6.60110556E-04
3.16609188E-01  7.09051341E-02  6.78923156E-04
3.16855865E-01  6.91621974E-02  6.71989168E-04
3.17102541E-01  7.40769207E-02  6.96935458E-04
3.17349217E-01  7.43810534E-02  6.92903239E-04
3.17595894E-01  6.83253407E-02  6.51006238E-04
3.17842570E-01  7.06118494E-02  6.84638333E-04
3.18089247E-01  6.71688169E-02  6.50557573E-04
3.18335923E-01  6.82068989E-02  6.56664604E-04
3.18582599E-01  6.86534792E-02  6.67795714E-04
3.18829276E-01  6.94777295E-02  6.78668555E-04
3.19075952E-01  6.66499361E-02  6.55551965E-04
3.19322629E-01  6.72381222E-02  6.57460303E-04
3.19569305E-01  6.76265433E-02  6.57971133E-04
3.19815982E-01  6.88788965E-02  6.52867777E-04
3.20062658E-01  7.06957728E-02  6.80766709E-04
3.20309334E-01  6.77342862E-02  6.61718077E-04
3.20556011E-01  7.13069960E-02  6.80398254E-04
3.20802687E-01  6.88488409E-02  6.73443603E-04
3.21049364E-01  6.86372444E-02  6.52319752E-04
3.21296040E-01  6.56174868E-02  6.56930439E-04
3.21542717E-01  6.77171275E-02  6.45686174E-04
3.21789393E-01  6.88122883E-02  6.65373518E-04
3.22036069E-01  7.09768757E-02  6.91245892E-04
3.22282746E-01  6.87558725E-02  6.68118475E-04
3.22529422E-01  6.95953071E-02  6.90713117E-04
3.22776099E-01  6.85497299E-02  6.54913718E-04
3.23022775E-01  6.85117245E-02  6.61658763E-04
3.23269452E-01  6.92469552E-02  6.92349160E-04
3.23516128E-01  6.87935352E-02  6.57112920E-04
3.23762804E-01  7.07107484E-02  6.88659435E-04
3.24009481E-01  6.81950524E-02  6.71046495E-04
3.24256157E-01  7.10588172E-02  6.80415949E-04
3.24502834E-01  6.68691844E-02  6.47181121E-04
3.24749510E-01  6.77318051E-02  6.76133030E-04
3.24996186E-01  7.00845495E-02  6.78538403E-04
3.25242863E-01  6.91807047E-02  6.50982896E-04
3.25489539E-01  6.64300844E-02  6.45400200E-04
3.25736216E-01  6.79289922E-02  6.54202129E-04
3.25982892E-01  6.59799874E-02  6.41726889E-04
3.26229569E-01  6.91334531E-02  6.80704892E-04
3.26476245E-01  6.71105459E-02  6.39226171E-04
3.26722921E-01  7.15767965E-02  7.25350692E-04
3.26969598E-01  6.63046390E-02  6.61232742E-04
3.27216274E-01  6.83018044E-02  6.76597061E-04
3.27462951E-01  6.57745525E-02  6.87232183E-04
3.27709627E-01  6.69703260E-02  6.49798661E-04
3.27956304E-01  6.98890761E-02  6.71697198E-04
3.28202980E-01  6.92651495E-02  6.77641656E-04
3.28449656E-01  6.86510131E-02  6.76759228E-04
3.28696333E-01  6.50201291E-02  6.45636115E-04
3.28943009E-01  6.95755407E-02  6.67183136E-04
3.29189686E-01  6.84234127E-02  6.67790184E-04
3.29436362E-01  6.84213862E-02  6.74947805E-04
3.29683039E-01  6.90767094E-02  6.63016690E-04
3.29929715E-01  7.40577951E-02  6.89561188E-04
3.30176391E-01  6.89611435E-02  6.56644232E-04
3.30423068E-01  6.85565323E-02  6.51712646E-04
3.30669744E-01  6.68860748E-02  6.30947237E-04
3.30916421E-01  6.96105734E-02  6.77880482E-04
3.31163097E-01  6.82213455E-02  6.62466569E-04
3.31409773E-01  6.63685501E-02  6.53078896E-04
3.31656450E-01  6.84509426E-02  6.62181585E-04
3.31903126E-01  6.98572472E-02  6.61805621E-04
3.32149803E-01  6.88781887E-02  6.54066447E-04
3.32396479E-01  6.85964227E-02  6.75923249E-04
3.32643156E-01  7.08304122E-02  7.03026657E-04
3.32889832E-01  7.17259869E-02  6.80372235E-04
3.33136508E-01  7.29063377E-02  6.91066729E-04
3.33383185E-01  6.96347132E-02  6.80083118E-04
3.33629861E-01  6.75010458E-02  6.75944320E-04
3.33876538E-01  6.86321780E-02  6.64181134E-04
3.34123214E-01  6.86549544E-02  6.69612782E-04
3.34369891E-01  7.18400180E-02  7.11619330E-04
3.34616567E-01  6.96184561E-02  6.77463831E-04
3.34863243E-01  7.07831681E-02  6.77597476E-04
3.35109920E-01  6.85748234E-02  6.72020949E-04
3.35356596E-01  7.18911886E-02  6.71711459E-04
3.35603273E-01  6.92842305E-02  6.62669656E-04
3.35849949E-01  7.04724267E-02  6.81562931E-04
3.36096625E-01  7.15889633E-02  6.93260983E-04
3.36343302E-01  6.87517375E-02  6.76844502E-04
3.36589978E-01  7.00430796E-02  6.93994225E-04
3.36836655E-01  7.24322051E-02  6.80127239E-04
3.37083331E-01  7.14095086E-02  6.95842144E-04
3.37330008E-01  7.10579976E-02  6.93528040E-04
3.37576684E-01  7.07092509E-02  6.91712077E-04
3.37823360E-01  7.10906312E-02  6.83336926E-04
3.38070037E-01  6.80039972E-02  6.69963949E-04
3.38316713E-01  7.09510222E-02  6.68303459E-04
3.38563390E-01  6.98020533E-02  6.81243488E-04
3.38810066E-01  7.20936060E-02  6.77757664E-04
3.39056743E-01  7.06025213E-02  6.75821444E-04
3.39303419E-01  7.20527470E-02  6.92280941E-04
3.39550095E-01  6.95726052E-02  6.82306010E-04
3.39796772E-01  6.94068074E-02  6.80270721E-04
3.40043448E-01  6.77106157E-02  6.59602927E-04
3.40290125E-01  7.36958012E-02  6.87718857E-04
3.40536801E-01  7.26400241E-02  6.88325264E-04
3.40783478E-01  7.03423172E-02  6.91860856E-04
3.41030154E-01  7.20942318E-02  6.70918962E-04
3.41276830E-01  6.63780719E-02  6.62788516E-04
3.41523507E-01  6.93554357E-02  6.81444246E-04
3.41770183E-01  7.13730380E-02  6.84781815E-04
3.42016860E-01  6.77779689E-02  6.67048153E-04
3.42263536E-01  7.08128512E-02  6.79925724E-04
3.42510212E-01  7.45002255E-02  7.11155299E-04
3.42756889E-01  7.02781528E-02  6.76348805E-04
3.43003565E-01  6.88718110E-02  6.64291671E-04
3.43250242E-01  6.73507974E-02  6.57263503E-04
3.43496918E-01  6.94617182E-02  6.85233681E-04
3.43743595E-01  6.93244562E-02  6.57879689E-04
3.43990271E-01  7.20457584E-02  7.13035930E-04
3.44236947E-01  7.02487007E-02  6.74298557E-04
3.44483624E-01  6.96271434E-02  6.88197673E-04
3.44730300E-01  6.91860244E-02  6.66912238E-04
3.44976977E-01  6.60033524E-02  6.44338841E-04
3.45223653E-01  7.12776631E-02  6.65222295E-04
3.45470330E-01  6.96880668E-02  6.59449201E-04
3.45717006E-01  6.65513054E-02  6.50216010E-04
3.45963682E-01  6.97719231E-02  6.60150894E-04
3.46210359E-01  6.94618374E-02  6.58171601E-04
3.46457035E-01  6.80502281E-02  6.77571516E-04
3.46703712E-01  7.10721239E-02  6.76524651E-04
3.46950388E-01  7.10059255E-02  6.86630490E-04
3.47197064E-01  7.20792860E-02  6.99452648E-04
3.47443741E-01  6.68861344E-02  6.71853370E-04
3.47690417E-01  7.34346583E-02  6.85836945E-04
3.47937094E-01  6.72107562E-02  6.66443957E-04
3.48183770E-01  7.11943582E-02  6.86300511E-04
3.48430447E-01  6.80422708E-02  6.55857206E-04
3.48677123E-01  7.18369186E-02  6.87682070E-04
3.48923799E-01  6.87801465E-02  6.62777224E-04
3.49170476E-01  7.03263581E-02  6.90909394E-04
3.49417152E-01  7.13679567E-02  6.62733684E-04
3.49663829E-01  6.99499771E-02  6.56786142E-04
3.49910505E-01  6.96854293E-02  6.67486223E-04
3.50157182E-01  6.88819140E-02  6.53361960E-04
3.50403858E-01  6.45118207E-02  6.39877981E-04
3.50650534E-01  6.87698647E-02  6.78221637E-04
3.50897211E-01  6.96937963E-02  6.62190549E-04
3.51143887E-01  7.03711435E-02  7.00275938E-04
3.51390564E-01  6.80525154E-02  6.60032558E-04
3.51637240E-01  6.40186667E-02  6.51078008E-04
3.51883917E-01  6.46621361E-02  6.26530673E-04
3.52130593E-01  6.98596537E-02  6.47274312E-04
3.52377269E-01  7.03603253E-02  6.60144316E-04
3.52623946E-01  6.41614795E-02  6.42169733E-04
3.52870622E-01  6.51947036E-02  6.37218298E-04
3.53117299E-01  6.68388456E-02  6.58491743E-04
3.53363975E-01  6.95649609E-02  6.55846088E-04
3.53610651E-01  6.81719631E-02  6.63622515E-04
3.53857328E-01  6.98493496E-02  6.56028977E-04
3.54104004E-01  6.94482923E-02  6.94329385E-04
3.54350681E-01  6.60464093E-02  6.57001627E-04
3.54597357E-01  6.51461780E-02  6.28263631E-04
3.54844034E-01  6.64261952E-02  6.56567398E-04
3.55090710E-01  6.77748248E-02  6.48476125E-04
3.55337386E-01  6.49457276E-02  6.43477542E-04
3.55584063E-01  6.50131777E-02  6.47752313E-04
3.55830739E-01  6.86132237E-02  6.59144076E-04
3.56077416E-01  6.89109936E-02  6.63342013E-04
3.56324092E-01  6.48856089E-02  6.70094742E-04
3.56570769E-01  6.74024224E-02  6.77498931E-04
3.56817445E-01  6.46843389E-02  6.37869351E-04
3.57064121E-01  6.67810515E-02  6.51242211E-04
3.57310798E-01  6.72237054E-02  6.64765597E-04
3.57557474E-01  6.52842447E-02  6.43191917E-04
3.57804151E-01  6.48006722E-02  6.51501527E-04
3.58050827E-01  6.87396824E-02  6.72991097E-04
3.58297503E-01  6.64526671E-02  6.54832402E-04
3.58544180E-01  6.84059113E-02  6.65602507E-04
3.58790856E-01  6.44150674E-02  6.44750718E-04
3.59037533E-01  6.57138303E-02  6.54613192E-04
3.59284209E-01  6.46202788E-02  6.38486061E-04
3.59530886E-01  6.66021407E-02  6.64275372E-04
3.59777562E-01  6.59298524E-02  6.52608462E-04
3.60024238E-01  6.77145272E-02  6.69334549E-04
3.60270915E-01  6.90349042E-02  6.57077413E-04
3.60517591E-01  6.51678964E-02  6.51952752E-04
3.60764268E-01  6.54292256E-02  6.53335883E-04
3.61010944E-01  6.14742972E-02  6.29495713E-04
3.61257621E-01  6.71255663E-02  6.56997901E-04
3.61504297E-01  6.61560968E-02  6.52056362E-04
3.61750973E-01  7.00356960E-02  6.83498743E-04
3.61997650E-01  6.55593351E-02  6.45148277E-04
3.62244326E-01  6.50192872E-02  6.36266486E-04
3.62491003E-01  6.46880269E-02  6.38870348E-04
3.62737679E-01  6.25680164E-02  6.42743020E-04
3.62984356E-01  6.15376718E-02  6.23774482E-04
3.63231032E-01  6.44856989E-02  6.53336931E-04
3.63477708E-01  6.76657185E-02  6.57920376E-04
3.63724385E-01  5.97361401E-02  6.21005776E-04
3.63971061E-01  6.59099668E-02  6.57116994E-04
3.64217738E-01  6.68834448E-02  6.55492011E-04
3.64464414E-01  6.68203086E-02  6.32950454E-04
3.64711090E-01  6.60732985E-02  6.47213135E-04
3.64957767E-01  6.20449483E-02  6.24133565E-04
3.65204443E-01  6.38876557E-02  6.40982355E-04
3.65451120E-01  6.22434840E-02  6.28703914E-04
3.65697796E-01  6.59975708E-02  6.76170981E-04
3.65944473E-01  6.43735081E-02  6.64046966E-04
3.66191149E-01  6.50568008E-02  6.51464507E-04
3.66437825E-01  6.07122071E-02  6.27465721E-04
3.66684502E-01  6.68494627E-02  6.60089951E-04
3.66931178E-01  6.45256788E-02  6.35604665E-04
3.67177855E-01  6.29469752E-02  6.14790246E-04
3.67424531E-01  6.45190030E-02  6.36447046E-04
3.67671208E-01  6.26462549E-02  6.33726711E-04
3.67917884E-01  6.44809380E-02  6.28521782E-04
3.68164560E-01  6.47544488E-02  6.47988054E-04
3.68411237E-01  6.56865835E-02  6.55563956E-04
3.68657913E-01  6.54776096E-02  6.39744801E-04
3.68904590E-01  6.59013391E-02  6.52431336E-04
3.69151266E-01  6.24201633E-02  6.39643113E-04
3.69397943E-01  6.03442453E-02  6.29433780E-04
3.69644619E-01  6.44779280E-02  6.44417945E-04
3.69891295E-01  6.11390732E-02  6.13981334E-04
3.70137972E-01  6.18993789E-02  6.34379452E-04
3.70384648E-01  6.40053377E-02  6.28029404E-04
3.70631325E-01  6.69642165E-02  6.41742023E-04
3.70878001E-01  6.47357330E-02  6.57211873E-04
3.71124677E-01  6.03747517E-02  6.34408440E-04
3.71371354E-01  6.24954067E-02  6.37641118E-04
3.71618030E-01  6.58165067E-02  6.58898964E-04
3.71864707E-01  5.83820567E-02  6.11285446E-04
3.72111383E-01  6.50615171E-02  6.44197280E-04
3.72358060E-01  6.19232394E-02  6.26796857E-04
3.72604736E-01  6.34175465E-02  6.25278801E-04
3.72851412E-01  6.19064085E-02  6.19293423E-04
3.73098089E-01  6.29708543E-02  6.31928502E-04
3.73344765E-01  6.46348074E-02  6.31319999E-04
3.73591442E-01  6.44615740E-02  6.37204095E-04
3.73838118E-01  6.52346388E-02  6.61431986E-04
3.74084795E-01  6.01139963E-02  6.27480156E-04
3.74331471E-01  6.21654578E-02  6.20516017E-04
3.74578147E-01  6.41403124E-02  6.43886160E-04
3.74824824E-01  6.42274171E-02  6.36480341E-04
3.75071500E-01  6.43116161E-02  6.42475148E-04
3.75318177E-01  6.39882833E-02  6.46946020E-04
3.75564853E-01  6.49383068E-02  6.37320511E-04
3.75811529E-01  6.76601008E-02  6.50945061E-04
3.76058206E-01  6.14812858E-02  6.26076246E-04
3.76304882E-01  6.12343289E-02  6.08352711E-04
3.76551559E-01  6.27030283E-02  6.29868009E-04
3.76798235E-01  6.02273531E-02  6.21813757E-04
3.77044912E-01  6.14787936E-02  6.30055380E-04
3.77291588E-01  6.42263740E-02  6.43135631E-04
3.77538264E-01  6.11545295E-02  6.32787589E-04
3.77784941E-01  6.39336631E-02  6.42374391E-04
3.78031617E-01  6.06533438E-02  6.13660377E-04
3.78278294E-01  6.29934147E-02  6.13542390E-04
3.78524970E-01  6.35963678E-02  6.32079551E-04
3.78771647E-01  5.96757792E-02  6.25591667E-04
3.79018323E-01  6.11469261E-02  6.07058231E-04
3.79264999E-01  6.05505556E-02  5.92421158E-04
3.79511676E-01  5.76866642E-02  6.00314583E-04
3.79758352E-01  6.44611791E-02  6.37315155E-04
3.80005029E-01  6.36777356E-02  6.21612242E-04
3.80251705E-01  6.35658279E-02  6.46250905E-04
3.80498382E-01  6.32728413E-02  6.28944894E-04
3.80745058E-01  6.63483962E-02  6.52427028E-04
3.80991734E-01  6.33695498E-02  6.55096315E-04
3.81238411E-01  6.35098442E-02  6.61881350E-04
3.81485087E-01  6.48838133E-02  6.62155915E-04
3.81731764E-01  6.16100952E-02  6.53885247E-04
3.81978440E-01  6.34638369E-02  6.65422296E-04
3.82225116E-01  5.90492971E-02  6.61870290E-04
3.82471793E-01  6.16451241E-02  6.82987389E-04
3.82718469E-01  6.05130531E-02  6.66870736E-04
3.82965146E-01  6.36374503E-02  6.92385074E-04
3.83211822E-01  6.06744215E-02  6.77261385E-04
3.83458499E-01  6.25271052E-02  6.76998578E-04
3.83705175E-01  6.17647767E-02  6.84725295E-04
3.83951851E-01  5.99046797E-02  6.66241103E-04
3.84198528E-01  6.24221712E-02  6.75782911E-04
3.84445204E-01  6.09176084E-02  6.73002854E-04
3.84691881E-01  5.81169650E-02  6.80486322E-04
3.84938557E-01  6.39894232E-02  7.00705801E-04
3.85185234E-01  6.61187470E-02  7.33893830E-04
3.85431910E-01  6.42363355E-02  7.28646992E-04
3.85678586E-01  6.09691702E-02  6.94557326E-04
3.85925263E-01  6.09353781E-02  7.03102560E-04
3.86171939E-01  6.30940199E-02  7.11615488E-04
3.86418616E-01  6.18034005E-02  7.15756323E-04
3.86665292E-01  6.09524958E-02  7.00038974E-04
3.86911968E-01  6.19114041E-02  7.30304397E-04
3.87158645E-01  5.99219240E-02  7.34519155E-04
3.87405321E-01  6.39343262E-02  7.53858127E-04
3.87651998E-01  6.22024313E-02  7.25713035E-04
3.87898674E-01  6.27954379E-02  7.20118987E-04
3.88145351E-01  6.40591010E-02  7.49409082E-04
3.88392027E-01  6.50920346E-02  7.52718071E-04
3.88638703E-01  5.69513962E-02  7.09704007E-04
3.88885380E-01  6.38918951E-02  7.49307743E-04
3.89132056E-01  6.76549971E-02  7.94683525E-04
3.89378733E-01  5.69981001E-02  7.19786622E-04
3.89625409E-01  6.06594644E-02  7.33194873E-04
3.89872086E-01  6.25523850E-02  7.64321769E-04
3.90118762E-01  6.34988174E-02  7.68258993E-04
3.90365438E-01  6.26705140E-02  7.06705789E-04
3.90612115E-01  6.08967654E-02  6.91673835E-04
3.90858791E-01  6.32657260E-02  7.04421720E-04
3.91105468E-01  6.53935820E-02  7.07681000E-04
3.91352144E-01  6.19218163E-02  7.11030269E-04
3.91598821E-01  6.29281253E-02  7.02621182E-04
3.91845497E-01  6.07053377E-02  7.04730453E-04
3.92092173E-01  6.24657311E-02  7.21437624E-04
3.92338850E-01  6.43654838E-02  7.06686580E-04
3.92585526E-01  6.37681261E-02  7.04015838E-04
3.92832203E-01  6.05399907E-02  6.88945118E-04
3.93078879E-01  6.41542077E-02  6.87240157E-04
3.93325555E-01  6.19466417E-02  7.05589831E-04
3.93572232E-01  6.53540045E-02  7.14673777E-04
3.93818908E-01  6.36622831E-02  7.12911075E-04
3.94065585E-01  6.39313310E-02  7.11884757E-04
3.94312261E-01  6.29244149E-02  6.92834787E-04
3.94558938E-01  5.93767725E-02  6.67598797E-04
3.94805614E-01  6.51794448E-02  6.98498392E-04
3.95052290E-01  6.26714900E-02  6.92422502E-04
3.95298967E-01  5.89087009E-02  6.55082345E-04
3.95545643E-01  6.35991916E-02  7.02179328E-04
3.95792320E-01  6.28891885E-02  6.95827650E-04
3.96038996E-01  5.77461198E-02  6.57834229E-04
3.96285673E-01  6.06056601E-02  6.93323731E-04
3.96532349E-01  6.00056536E-02  6.83629536E-04
3.96779025E-01  6.08000904E-02  6.65093714E-04
3.97025702E-01  6.31126687E-02  6.72638358E-04
3.97272378E-01  6.34331629E-02  6.82724756E-04
3.97519055E-01  6.23907968E-02  6.74136740E-04
3.97765731E-01  6.19262159E-02  6.89451990E-04
3.98012407E-01  5.97985387E-02  6.66485575E-04
3.98259084E-01  6.05476201E-02  6.76313473E-04
3.98505760E-01  6.02667630E-02  6.82215206E-04
3.98752437E-01  5.92983328E-02  6.69616624E-04
3.98999113E-01  6.07372969E-02  6.65634638E-04
3.99245790E-01  6.39882162E-02  6.73012924E-04
3.99492466E-01  6.22857511E-02  6.77419303E-04
3.99739142E-01  6.02699481E-02  6.60716265E-04
3.99985819E-01  6.08942583E-02  6.70214475E-04
4.00232495E-01  6.26163334E-02  6.84670697E-04
4.00479172E-01  6.31743148E-02  6.94435847E-04
4.00725848E-01  6.70616329E-02  7.07967090E-04
4.00972525E-01  6.49772286E-02  7.08425767E-04
4.01219201E-01  6.01267815E-02  6.77553529E-04
4.01465877E-01  6.00970760E-02  6.52340357E-04
4.01712554E-01  5.96579462E-02  6.74091396E-04
4.01959230E-01  6.16970472E-02  6.73885574E-04
4.02205907E-01  5.91460988E-02  6.73247501E-04
4.02452583E-01  6.23616241E-02  6.60170277E-04
4.02699260E-01  6.58334568E-02  6.89946988E-04
4.02945936E-01  6.04341142E-02  6.82328304E-04
4.03192612E-01  6.43401816E-02  6.84727740E-04
4.03439289E-01  5.98277859E-02  6.48019544E-04
4.03685965E-01  6.33727834E-02  6.97592332E-04
4.03932642E-01  6.23279661E-02  7.06629304E-04
4.04179318E-01  6.49077594E-02  6.76044961E-04
4.04425994E-01  6.35440573E-02  6.67295535E-04
4.04672671E-01  6.17509335E-02  6.61585247E-04
4.04919347E-01  6.13293797E-02  6.84243569E-04
4.05166024E-01  6.81094527E-02  6.94235321E-04
4.05412700E-01  6.08339794E-02  6.73355942E-04
4.05659377E-01  6.42384738E-02  6.79930323E-04
4.05906053E-01  6.27663434E-02  6.83567952E-04
4.06152729E-01  6.51669353E-02  6.91698806E-04
4.06399406E-01  6.02937602E-02  6.41079503E-04
4.06646082E-01  6.26752079E-02  6.82689599E-04
4.06892759E-01  6.29616603E-02  6.73867296E-04
4.07139435E-01  6.53509200E-02  6.93772745E-04
4.07386112E-01  6.16205335E-02  6.92455505E-04
4.07632788E-01  6.15991428E-02  6.54240546E-04
4.07879464E-01  6.28310293E-02  6.57458731E-04
4.08126141E-01  5.88659458E-02  6.74681214E-04
4.08372817E-01  6.32546917E-02  6.83678372E-04
4.08619494E-01  6.02070466E-02  6.59314159E-04
4.08866170E-01  6.30458817E-02  6.87867461E-04
4.09112847E-01  6.26776367E-02  6.70863024E-04
4.09359523E-01  6.16251081E-02  6.86161919E-04
4.09606199E-01  6.19268827E-02  6.67975750E-04
4.09852876E-01  6.05118051E-02  6.52154326E-04
4.10099552E-01  6.03904873E-02  6.64504245E-04
4.10346229E-01  6.13517202E-02  6.63360755E-04
4.10592905E-01  6.40907958E-02  6.85934967E-04
4.10839581E-01  6.19255528E-02  6.68487337E-04
4.11086258E-01  6.35660365E-02  6.99555036E-04
4.11332934E-01  6.22941591E-02  6.88598084E-04
4.11579611E-01  6.18046001E-02  6.66227075E-04
4.11826287E-01  6.27240613E-02  6.61292637E-04
4.12072964E-01  6.12103976E-02  6.62023318E-04
4.12319640E-01  6.30515814E-02  6.59340993E-04
4.12566316E-01  6.51413351E-02  6.81914215E-04
4.12812993E-01  5.70111275E-02  6.31165050E-04
4.13059669E-01  6.24596514E-02  6.63298881E-04
4.13306346E-01  6.16047382E-02  6.59127894E-04
4.13553022E-01  5.84560782E-02  6.48035493E-04
4.13799699E-01  6.01296239E-02  6.51766022E-04
4.14046375E-01  6.26807660E-02  6.61844446E-04
4.14293051E-01  6.32839128E-02  6.66808046E-04
4.14539728E-01  6.22876808E-02  6.59393787E-04
4.14786404E-01  6.29989505E-02  6.74620445E-04
4.15033081E-01  6.30667210E-02  6.84418308E-04
4.15279757E-01  6.16072193E-02  6.60881982E-04
4.15526433E-01  6.13588542E-02  6.89878885E-04
4.15773110E-01  6.38529733E-02  7.06544553E-04
4.16019786E-01  6.12168610E-02  6.67445245E-04
4.16266463E-01  6.04661554E-02  6.60274876E-04
4.16513139E-01  6.51739016E-02  6.97073934E-04
4.16759816E-01  6.36635497E-02  6.74052688E-04
4.17006492E-01  6.16397224E-02  6.66138541E-04
4.17253168E-01  6.17824122E-02  6.77721284E-04
4.17499845E-01  6.04103953E-02  6.64118561E-04
4.17746521E-01  6.45412132E-02  6.97186682E-04
4.17993198E-01  6.20505475E-02  6.62179838E-04
4.18239874E-01  6.08593151E-02  6.54270640E-04
4.18486551E-01  6.35165274E-02  6.58719335E-04
4.18733227E-01  6.36182651E-02  6.73758157E-04
4.18979903E-01  6.34353459E-02  6.71700051E-04
4.19226580E-01  5.69515973E-02  6.38613128E-04
4.19473256E-01  6.16567172E-02  6.54436997E-04
4.19719933E-01  6.07992038E-02  6.66344422E-04
4.19966609E-01  6.37586042E-02  6.95550872E-04
4.20213286E-01  5.72611280E-02  6.44485059E-04
4.20459962E-01  6.37980625E-02  6.81911188E-04
4.20706638E-01  6.43204823E-02  6.82247453E-04
4.20953315E-01  6.29831553E-02  6.77105505E-04
4.21199991E-01  6.30420819E-02  6.54388510E-04
4.21446668E-01  6.15271665E-02  6.71338348E-04
4.21693344E-01  5.98270111E-02  6.52409333E-04
4.21940020E-01  5.97428568E-02  6.55625598E-04
4.22186697E-01  6.69257566E-02  6.90420449E-04
4.22433373E-01  6.30053729E-02  6.88096159E-04
4.22680050E-01  5.97097836E-02  6.52915041E-04
4.22926726E-01  6.33400604E-02  6.91828958E-04
4.23173403E-01  6.10484891E-02  6.55635085E-04
4.23420079E-01  6.11481294E-02  6.73636328E-04
4.23666755E-01  5.97804785E-02  6.53714756E-04
4.23913432E-01  5.99537939E-02  6.50130911E-04
4.24160108E-01  6.28472641E-02  6.74113340E-04
4.24406785E-01  6.09327964E-02  6.80593017E-04
4.24653461E-01  6.58771470E-02  6.88160944E-04
4.24900138E-01  6.61262050E-02  6.91987982E-04
4.25146814E-01  6.14448339E-02  6.70738169E-04
4.25393490E-01  5.76307178E-02  6.34289230E-04
4.25640167E-01  6.28042892E-02  6.65305532E-04
4.25886843E-01  6.25921264E-02  6.83041289E-04
4.26133520E-01  6.13523051E-02  6.68186811E-04
4.26380196E-01  6.27160072E-02  6.72120310E-04
4.26626872E-01  6.09998740E-02  6.58672769E-04
4.26873549E-01  6.07882515E-02  6.55100390E-04
4.27120225E-01  5.92196360E-02  6.41516293E-04
4.27366902E-01  6.30175397E-02  6.66216947E-04
4.27613578E-01  6.45191073E-02  6.79237302E-04
4.27860255E-01  5.93806691E-02  6.50415954E-04
4.28106931E-01  5.99386245E-02  6.75753166E-04
4.28353607E-01  6.00212403E-02  6.48924441E-04
4.28600284E-01  6.36056066E-02  6.72271301E-04
4.28846960E-01  6.38093427E-02  6.91399211E-04
4.29093637E-01  6.24081306E-02  6.67839078E-04
4.29340313E-01  6.28592670E-02  6.55461627E-04
4.29586990E-01  6.16046526E-02  6.75157760E-04
4.29833666E-01  6.33499548E-02  6.74645707E-04
4.30080342E-01  5.91109395E-02  6.47916691E-04
4.30327019E-01  6.12109303E-02  6.48707559E-04
4.30573695E-01  6.03808127E-02  6.69693807E-04
4.30820372E-01  6.21929020E-02  6.55684911E-04
4.31067048E-01  6.48130178E-02  6.87204069E-04
4.31313725E-01  6.28269464E-02  6.55798125E-04
4.31560401E-01  6.15062416E-02  6.60391583E-04
4.31807077E-01  6.49510846E-02  6.99836004E-04
4.32053754E-01  6.11009188E-02  6.44594664E-04
4.32300430E-01  6.07125722E-02  6.65843778E-04
4.32547107E-01  6.20162785E-02  6.82155951E-04
4.32793783E-01  6.21788129E-02  6.53266266E-04
4.33040459E-01  6.09807149E-02  6.38267724E-04
4.33287136E-01  6.38758987E-02  6.81147911E-04
4.33533812E-01  6.51442185E-02  6.98658405E-04
4.33780489E-01  6.23327680E-02  6.64886378E-04
4.34027165E-01  6.03007935E-02  6.75407937E-04
4.34273842E-01  6.68938830E-02  6.81346166E-04
4.34520518E-01  5.95041141E-02  6.43580104E-04
4.34767194E-01  6.02162480E-02  6.57835160E-04
4.35013871E-01  6.08668178E-02  6.54938340E-04
4.35260547E-01  6.13784827E-02  6.58676610E-04
4.35507224E-01  6.31522909E-02  6.73676434E-04
4.35753900E-01  6.00073114E-02  6.65219559E-04
4.36000577E-01  5.93719520E-02  6.51056354E-04
4.36247253E-01  6.07525669E-02  6.66938373E-04
4.36493929E-01  5.94418645E-02  6.47586246E-04
4.36740606E-01  5.96296899E-02  6.44065731E-04
4.36987282E-01  5.99245057E-02  6.65129337E-04
4.37233959E-01  6.06059395E-02  6.59776269E-04
4.37480635E-01  5.75881600E-02  6.44422602E-04
4.37727311E-01  6.13489784E-02  6.75669929E-04
4.37973988E-01  6.00727051E-02  6.59641693E-04
4.38220664E-01  6.18452244E-02  6.54141535E-04
4.38467341E-01  6.12561777E-02  6.42725907E-04
4.38714017E-01  6.07886650E-02  6.48822577E-04
4.38960694E-01  5.97831793E-02  6.32002193E-04
4.39207370E-01  5.98174110E-02  6.64471474E-04
4.39454046E-01  6.39144927E-02  6.82477665E-04
4.39700723E-01  6.20601177E-02  6.74300478E-04
4.39947399E-01  6.08836077E-02  6.42783532E-04
4.40194076E-01  6.15481324E-02  6.60578080E-04
4.40440752E-01  5.99972568E-02  6.71548944E-04
4.40687429E-01  6.13321438E-02  6.64785213E-04
4.40934105E-01  6.46562502E-02  6.70772279E-04
4.41180781E-01  5.97658157E-02  6.54247357E-04
4.41427458E-01  5.92010580E-02  6.52151881E-04
4.41674134E-01  6.28641844E-02  6.80754776E-04
4.41920811E-01  6.26937896E-02  6.64594001E-04
4.42167487E-01  6.16922863E-02  6.45614811E-04
4.42414164E-01  5.84714971E-02  6.27942558E-04
4.42660840E-01  6.30229861E-02  6.87126652E-04
4.42907516E-01  6.22375086E-02  6.63752551E-04
4.43154193E-01  6.61799237E-02  6.99961034E-04
4.43400869E-01  6.00308515E-02  6.52776856E-04
4.43647546E-01  6.22811019E-02  6.79457618E-04
4.43894222E-01  6.03835806E-02  6.71421178E-04
4.44140898E-01  5.95703982E-02  6.52532559E-04
4.44387575E-01  6.26187548E-02  6.72541617E-04
4.44634251E-01  6.27948716E-02  6.77411270E-04
4.44880928E-01  6.70251995E-02  7.00068660E-04
4.45127604E-01  6.06846139E-02  6.64104533E-04
4.45374281E-01  6.06848821E-02  6.57065189E-04
4.45620957E-01  6.47945777E-02  6.67552522E-04
4.45867633E-01  5.71028516E-02  6.38206082E-04
4.46114310E-01  6.37286752E-02  6.68691762E-04
4.46360986E-01  6.13042861E-02  6.67280867E-04
4.46607663E-01  6.23513535E-02  6.66632201E-04
4.46854339E-01  6.18552230E-02  6.50925213E-04
4.47101016E-01  6.03953786E-02  6.44301355E-04
4.47347692E-01  6.05132133E-02  6.56189164E-04
4.47594368E-01  6.34035990E-02  6.60482328E-04
4.47841045E-01  6.15204312E-02  6.75448857E-04
4.48087721E-01  6.12262152E-02  6.62467093E-04
4.48334398E-01  6.07216805E-02  6.70877751E-04
4.48581074E-01  6.39795810E-02  6.72397669E-04
4.48827751E-01  6.13775477E-02  6.67721673E-04
4.49074427E-01  6.18926771E-02  6.48385321E-04
4.49321103E-01  6.03714511E-02  6.54914591E-04
4.49567780E-01  6.03415482E-02  6.39506208E-04
4.49814456E-01  5.93080223E-02  6.44737447E-04
4.50061133E-01  6.24412484E-02  6.54915581E-04
4.50307809E-01  6.02280237E-02  6.56306744E-04
4.50554485E-01  6.19052947E-02  6.72774913E-04
4.50801162E-01  5.94507940E-02  6.37833145E-04
4.51047838E-01  6.39167428E-02  6.71161280E-04
4.51294515E-01  5.93217202E-02  6.34579163E-04
4.51541191E-01  6.04367703E-02  6.48357556E-04
4.51787868E-01  5.91602400E-02  6.58183359E-04
4.52034544E-01  6.34351447E-02  6.56423857E-04
4.52281220E-01  6.21394254E-02  6.65212458E-04
4.52527897E-01  6.26339391E-02  6.42952276E-04
4.52774573E-01  5.72443306E-02  6.28875685E-04
4.53021250E-01  6.28935769E-02  6.53247058E-04
4.53267926E-01  6.24952130E-02  6.54668722E-04
4.53514603E-01  6.25249743E-02  6.43745821E-04
4.53761279E-01  6.11122772E-02  6.52503921E-04
4.54007955E-01  5.97413518E-02  6.30103750E-04
4.54254632E-01  6.15487210E-02  6.53675932E-04
4.54501308E-01  6.29797354E-02  6.57431490E-04
4.54747985E-01  5.78952357E-02  6.30274822E-04
4.54994661E-01  6.12881221E-02  6.56762160E-04
4.55241337E-01  5.87106124E-02  6.47338515E-04
4.55488014E-01  6.16864935E-02  6.52526971E-04
4.55734690E-01  6.29897416E-02  6.69850269E-04
4.55981367E-01  6.35932088E-02  6.79006509E-04
4.56228043E-01  5.93253598E-02  6.40204758E-04
4.56474720E-01  6.26634583E-02  6.53955911E-04
4.56721396E-01  6.18375838E-02  6.44863234E-04
4.56968072E-01  6.23201281E-02  6.61936007E-04
4.57214749E-01  6.35598749E-02  6.42740633E-04
4.57461425E-01  6.26250356E-02  6.49163441E-04
4.57708102E-01  6.37521446E-02  6.87905704E-04
4.57954778E-01  6.11759908E-02  6.49887370E-04
4.58201455E-01  6.06866553E-02  6.37871912E-04


### HEADER:
#
#{
#    "analysis": {},
#    "calibration_params": {
#        "Beam_Center_X": 1092.0,
#        "Beam_Center_Y": 2091.0,
#        "Detector Tilt": 0.0,
#        "Detector Tilt Plane Rotation": 0.0,
#        "Detector_X_Pixel_Size": 75.0,
#        "Detector_Y_Pixel_Size": 75.0,
#        "Integration Method": "nosplit_csr",
#        "Radial_Average_Method": "pyFAI",
#        "Sample-to-detector distance (mm)": 1731.0,
#        "Wavelength (A)": 1.0993212460550197
#    },
#    "config_file": "/mnt/home/chess_id7a/.RAW/backup.cfg",
#    "counters": {
#        "Epoch": "135.202",
#        "I1": "0",
#        "I2": "0",
#        "I3": "0",
#        "Seconds": "0.5",
#        "Time": "1.69277e-05",
#        "date": "Fri May 17 18:37:11 2024",
#        "diode": "13885"
#    },
#    "filename": "D1M0009_85C_300MPa_up_4_data_000001_00001.h5",
#    "history": {},
#    "imageHeader": {},
#    "load_path": "/nfs/chess/daq/current/id7a/Budin_05_16_24/D1M0009/D1M0009_85C_300MPa_up_4_data_000001.h5",
#    "normalizations": {
#        "Absolute_scale": {
#            "Absolute_scale_factor": 0.01111656324368444,
#            "Method": "Water"
#        },
#        "Counter_norms": [
#            [
#                "/",
#                "diode/150000"
#            ]
#        ],
#        "Polarization": {
#            "Used": false
#        },
#        "Solid_Angle_Correction": "On"
#    },
#    "raw_version": "2.1.4"
#}

