### DATA:
#
# 1823
#      Q             I(Q)           Error     
8.75701299E-03  2.70960424E-02  3.98936495E-03
9.00368942E-03  4.51600775E-02  5.42883994E-03
9.25036584E-03  5.49244322E-02  5.86219830E-03
9.49704226E-03  6.43531382E-02  7.47746881E-03
9.74371868E-03  5.23446687E-02  6.04315847E-03
9.99039511E-03  1.30061135E-01  8.57482851E-03
1.02370715E-02  1.33017108E-01  1.03766574E-02
1.04837480E-02  1.66574284E-01  1.32016381E-02
1.07304244E-02  2.28762075E-01  1.93641428E-02
1.09771008E-02  3.25999916E-01  2.44099274E-02
1.12237772E-02  4.04324651E-01  3.16405147E-02
1.14704536E-02  4.79392707E-01  3.86110507E-02
1.17171301E-02  6.99983060E-01  5.44474274E-02
1.19638065E-02  8.53351951E-01  7.53647983E-02
1.22104829E-02  1.49028730E+00  1.26820892E-01
1.24571593E-02  1.27761604E+02  1.46385040E+01
1.27038358E-02  2.49218201E+02  2.79225731E+01
1.29505122E-02  2.88754181E+02  2.81351471E+01
1.31971886E-02  2.07666855E+02  1.94495811E+01
1.34438650E-02  1.88924637E+02  1.71244545E+01
1.36905414E-02  1.69580093E+02  1.52397690E+01
1.39372179E-02  1.32645523E+02  1.17411547E+01
1.41838943E-02  1.21957634E+02  1.03326035E+01
1.44305707E-02  9.22530746E+01  7.55891180E+00
1.46772471E-02  8.09674606E+01  6.52313614E+00
1.49239236E-02  7.17594452E+01  5.69533491E+00
1.51706000E-02  5.63966408E+01  4.33611012E+00
1.54172764E-02  5.56184807E+01  4.25829172E+00
1.56639528E-02  4.64439774E+01  3.51763988E+00
1.59106292E-02  4.40948639E+01  3.30767727E+00
1.61573057E-02  4.00636139E+01  2.90388083E+00
1.64039821E-02  3.18204594E+01  2.22028685E+00
1.66506585E-02  3.14988976E+01  2.13949251E+00
1.68973349E-02  2.54275436E+01  1.71609294E+00
1.71440114E-02  2.69769592E+01  1.77018678E+00
1.73906878E-02  2.19076653E+01  1.38895774E+00
1.76373642E-02  2.03473396E+01  1.26674688E+00
1.78840406E-02  1.89440479E+01  1.16581523E+00
1.81307170E-02  1.62349396E+01  9.96853709E-01
1.83773935E-02  1.66367760E+01  1.02381575E+00
1.86240699E-02  1.41685534E+01  8.38629067E-01
1.88707463E-02  1.30300207E+01  7.49928236E-01
1.91174227E-02  1.17169800E+01  6.79995596E-01
1.93640992E-02  1.02158375E+01  6.03366911E-01
1.96107756E-02  9.77283478E+00  5.99576652E-01
1.98574520E-02  9.12111473E+00  5.34217119E-01
2.01041284E-02  7.82653236E+00  4.40940022E-01
2.03508048E-02  6.69021273E+00  3.70969892E-01
2.05974813E-02  5.71105480E+00  3.12849194E-01
2.08441577E-02  5.13607168E+00  2.73077458E-01
2.10908341E-02  4.40430069E+00  2.30360255E-01
2.13375105E-02  4.26184654E+00  2.27665082E-01
2.15841870E-02  3.89965940E+00  2.05546036E-01
2.18308634E-02  3.62624645E+00  1.83267564E-01
2.20775398E-02  3.39156842E+00  1.69796765E-01
2.23242162E-02  3.00725174E+00  1.44770816E-01
2.25708926E-02  2.94198608E+00  1.42879784E-01
2.28175691E-02  2.71110082E+00  1.27864599E-01
2.30642455E-02  2.52721024E+00  1.11824885E-01
2.33109219E-02  2.40030909E+00  1.02526568E-01
2.35575983E-02  2.12755609E+00  9.17093977E-02
2.38042748E-02  1.87935245E+00  7.70192444E-02
2.40509512E-02  1.74864352E+00  7.23342896E-02
2.42976276E-02  1.64287865E+00  6.23166673E-02
2.45443040E-02  1.54217446E+00  5.88489994E-02
2.47909804E-02  1.43245637E+00  5.43573461E-02
2.50376569E-02  1.41903150E+00  5.25323525E-02
2.52843333E-02  1.35800433E+00  4.85525876E-02
2.55310097E-02  1.23518980E+00  4.32202779E-02
2.57776861E-02  1.23959160E+00  4.38187160E-02
2.60243626E-02  1.18234527E+00  4.06380929E-02
2.62710390E-02  1.10351741E+00  3.62199172E-02
2.65177154E-02  1.02749896E+00  3.25884894E-02
2.67643918E-02  1.00000238E+00  3.25932950E-02
2.70110682E-02  9.38530743E-01  3.01040858E-02
2.72577447E-02  9.04483497E-01  2.76822504E-02
2.75044211E-02  9.16193604E-01  2.85960138E-02
2.77510975E-02  7.83389807E-01  2.11638473E-02
2.79977739E-02  7.91421115E-01  2.25148369E-02
2.82444504E-02  7.74071217E-01  2.11343803E-02
2.84911268E-02  7.33444571E-01  1.96745861E-02
2.87378032E-02  6.64284647E-01  1.60881653E-02
2.89844796E-02  6.47194862E-01  1.61245428E-02
2.92311561E-02  6.65863037E-01  1.67901143E-02
2.94778325E-02  6.14292383E-01  1.35254757E-02
2.97245089E-02  6.21605098E-01  1.43770119E-02
2.99711853E-02  5.76834857E-01  1.25081763E-02
3.02178617E-02  5.69642127E-01  1.20086847E-02
3.04645382E-02  5.74579239E-01  1.23715233E-02
3.07112146E-02  5.47809899E-01  1.16284285E-02
3.09578910E-02  5.08923054E-01  1.01027340E-02
3.12045674E-02  4.94536072E-01  9.62979440E-03
3.14512439E-02  5.03806770E-01  9.62291192E-03
3.16979203E-02  4.69614834E-01  8.85689911E-03
3.19445967E-02  4.68267560E-01  8.99881404E-03
3.21912731E-02  4.38396335E-01  8.41940008E-03
3.24379495E-02  4.23675299E-01  7.65671954E-03
3.26846260E-02  4.23791617E-01  7.65414303E-03
3.29313024E-02  4.29768920E-01  7.52305845E-03
3.31779788E-02  4.02985722E-01  6.66175690E-03
3.34246552E-02  4.05492276E-01  6.85661705E-03
3.36713317E-02  4.08837289E-01  6.65507745E-03
3.39180081E-02  3.84307027E-01  6.38164720E-03
3.41646845E-02  3.60041946E-01  5.69895189E-03
3.44113609E-02  3.74528289E-01  5.52911079E-03
3.46580373E-02  3.69786620E-01  6.05106307E-03
3.49047138E-02  3.66224915E-01  5.54062100E-03
3.51513902E-02  3.57068181E-01  5.55166649E-03
3.53980666E-02  3.50901306E-01  5.11073228E-03
3.56447430E-02  3.39844406E-01  4.89013223E-03
3.58914195E-02  3.50808322E-01  4.93555516E-03
3.61380959E-02  3.36276412E-01  4.80508199E-03
3.63847723E-02  3.32385689E-01  4.55697253E-03
3.66314487E-02  3.12612861E-01  4.37591318E-03
3.68781251E-02  3.33897263E-01  4.53328155E-03
3.71248016E-02  3.14542711E-01  4.05755127E-03
3.73714780E-02  3.16787899E-01  4.28802520E-03
3.76181544E-02  3.20641667E-01  4.16657701E-03
3.78648308E-02  3.17288995E-01  4.20858851E-03
3.81115073E-02  3.12715769E-01  4.07328596E-03
3.83581837E-02  2.95711607E-01  3.90766934E-03
3.86048601E-02  3.08418483E-01  3.69024090E-03
3.88515365E-02  3.02908808E-01  3.76452529E-03
3.90982129E-02  2.98726678E-01  3.74424853E-03
3.93448894E-02  2.86457151E-01  3.47521016E-03
3.95915658E-02  2.82562792E-01  3.45179811E-03
3.98382422E-02  2.99375236E-01  3.31931375E-03
4.00849186E-02  2.88633525E-01  3.43791000E-03
4.03315951E-02  2.87089765E-01  3.46621010E-03
4.05782715E-02  2.79486030E-01  3.27277672E-03
4.08249479E-02  2.82458931E-01  3.36346379E-03
4.10716243E-02  2.79611677E-01  3.40374908E-03
4.13183007E-02  2.75937676E-01  3.23185930E-03
4.15649772E-02  2.59978712E-01  3.11900629E-03
4.18116536E-02  2.75313765E-01  3.41955246E-03
4.20583300E-02  2.54632652E-01  3.03545874E-03
4.23050064E-02  2.68980384E-01  3.19232466E-03
4.25516829E-02  2.58260787E-01  3.02380137E-03
4.27983593E-02  2.66911685E-01  2.96624703E-03
4.30450357E-02  2.65756428E-01  3.01769306E-03
4.32917121E-02  2.51598328E-01  3.05171334E-03
4.35383885E-02  2.45323241E-01  2.77405512E-03
4.37850650E-02  2.50394851E-01  2.95042666E-03
4.40317414E-02  2.57038683E-01  2.87206727E-03
4.42784178E-02  2.37450093E-01  2.73948326E-03
4.45250942E-02  2.38520458E-01  2.54093367E-03
4.47717707E-02  2.38481387E-01  2.76205433E-03
4.50184471E-02  2.43291453E-01  2.79623573E-03
4.52651235E-02  2.30505884E-01  2.62082601E-03
4.55117999E-02  2.31778860E-01  2.75169010E-03
4.57584764E-02  2.35934541E-01  2.58231093E-03
4.60051528E-02  2.31428519E-01  2.55631702E-03
4.62518292E-02  2.29150951E-01  2.53679953E-03
4.64985056E-02  2.17731029E-01  2.45751068E-03
4.67451820E-02  2.14015737E-01  2.49309931E-03
4.69918585E-02  2.16456831E-01  2.45164172E-03
4.72385349E-02  2.15746135E-01  2.35838490E-03
4.74852113E-02  2.16343939E-01  2.51506083E-03
4.77318877E-02  2.25940481E-01  2.47400138E-03
4.79785642E-02  2.19950795E-01  2.37236219E-03
4.82252406E-02  2.24866539E-01  2.60035368E-03
4.84719170E-02  2.16649815E-01  2.33831676E-03
4.87185934E-02  2.14732125E-01  2.42581731E-03
4.89652698E-02  2.24753305E-01  2.46450491E-03
4.92119463E-02  2.33723998E-01  2.39289110E-03
4.94586227E-02  2.20053211E-01  2.27621594E-03
4.97052991E-02  2.13470355E-01  2.22312938E-03
4.99519755E-02  2.20958754E-01  2.42870511E-03
5.01986520E-02  2.18076468E-01  2.43166275E-03
5.04453284E-02  2.17687041E-01  2.28739181E-03
5.06920048E-02  2.12674633E-01  2.17877049E-03
5.09386812E-02  2.12597400E-01  2.31148885E-03
5.11853576E-02  2.21281409E-01  2.28229654E-03
5.14320341E-02  2.18801245E-01  2.15409463E-03
5.16787105E-02  2.20635816E-01  2.34463532E-03
5.19253869E-02  2.14699775E-01  2.26436020E-03
5.21720633E-02  2.36037612E-01  2.38839653E-03
5.24187398E-02  2.36445338E-01  2.28667399E-03
5.26654162E-02  2.21437961E-01  2.21919292E-03
5.29120926E-02  2.14607283E-01  2.20591505E-03
5.31587690E-02  2.25396127E-01  2.24806066E-03
5.34054454E-02  2.16762170E-01  2.22370005E-03
5.36521219E-02  2.40192920E-01  2.31960858E-03
5.38987983E-02  2.33861625E-01  2.37267464E-03
5.41454747E-02  2.32353926E-01  2.29666056E-03
5.43921511E-02  2.23210394E-01  2.17177928E-03
5.46388276E-02  2.38909289E-01  2.45657936E-03
5.48855040E-02  2.38833979E-01  2.30751839E-03
5.51321804E-02  2.45844841E-01  2.32593785E-03
5.53788568E-02  2.33727172E-01  2.40762299E-03
5.56255332E-02  2.35163510E-01  2.27822573E-03
5.58722097E-02  2.59538949E-01  2.35287403E-03
5.61188861E-02  2.48229668E-01  2.28879484E-03
5.63655625E-02  2.48628795E-01  2.42718868E-03
5.66122389E-02  2.53352880E-01  2.30638450E-03
5.68589154E-02  2.64819533E-01  2.38608895E-03
5.71055918E-02  2.66991168E-01  2.38915207E-03
5.73522682E-02  2.61354625E-01  2.36609974E-03
5.75989446E-02  2.51416087E-01  2.35265843E-03
5.78456210E-02  2.66034305E-01  2.41647055E-03
5.80922975E-02  2.63599515E-01  2.28073448E-03
5.83389739E-02  2.62031376E-01  2.37108395E-03
5.85856503E-02  2.65375316E-01  2.52313772E-03
5.88323267E-02  2.71002531E-01  2.51822011E-03
5.90790032E-02  2.77018487E-01  2.40938831E-03
5.93256796E-02  2.79332668E-01  2.36040447E-03
5.95723560E-02  2.72529542E-01  2.45604245E-03
5.98190324E-02  2.72788882E-01  2.40276055E-03
6.00657088E-02  2.64741004E-01  2.34912755E-03
6.03123853E-02  2.86998451E-01  2.38194061E-03
6.05590617E-02  2.80564636E-01  2.41188938E-03
6.08057381E-02  2.74163693E-01  2.32414482E-03
6.10524145E-02  2.84817845E-01  2.28652614E-03
6.12990910E-02  2.86078393E-01  2.33776448E-03
6.15457674E-02  2.88839847E-01  2.29548314E-03
6.17924438E-02  2.82485276E-01  2.41223210E-03
6.20391202E-02  2.95199126E-01  2.35106447E-03
6.22857966E-02  2.97765106E-01  2.36382475E-03
6.25324731E-02  2.98777729E-01  2.35233991E-03
6.27791495E-02  3.08545887E-01  2.40131328E-03
6.30258259E-02  3.07222575E-01  2.51004868E-03
6.32725023E-02  3.13191950E-01  2.58833286E-03
6.35191788E-02  3.12961638E-01  2.46072444E-03
6.37658552E-02  3.21933270E-01  2.42221798E-03
6.40125316E-02  3.19656968E-01  2.51359632E-03
6.42592080E-02  3.27840298E-01  2.54752254E-03
6.45058845E-02  3.37572962E-01  2.59648007E-03
6.47525609E-02  3.54768634E-01  2.74895714E-03
6.49992373E-02  3.53115261E-01  2.61682994E-03
6.52459137E-02  3.61723214E-01  2.69746478E-03
6.54925901E-02  3.55216414E-01  2.49761948E-03
6.57392666E-02  3.60803485E-01  2.59537529E-03
6.59859430E-02  3.93375337E-01  2.89598759E-03
6.62326194E-02  3.91743571E-01  2.76857195E-03
6.64792958E-02  3.91019344E-01  2.68898392E-03
6.67259723E-02  3.93689126E-01  2.75623542E-03
6.69726487E-02  4.09102738E-01  2.86892382E-03
6.72193251E-02  4.23584372E-01  2.97801825E-03
6.74660015E-02  4.35804784E-01  2.81663379E-03
6.77126779E-02  4.31874514E-01  2.77893338E-03
6.79593544E-02  4.32110935E-01  2.86238105E-03
6.82060308E-02  4.52800542E-01  2.90887663E-03
6.84527072E-02  4.61477667E-01  2.97366432E-03
6.86993836E-02  4.64892119E-01  2.99227913E-03
6.89460601E-02  4.95617539E-01  3.00210598E-03
6.91927365E-02  4.88622606E-01  3.12621798E-03
6.94394129E-02  5.04346609E-01  3.16093396E-03
6.96860893E-02  5.10662854E-01  3.18679702E-03
6.99327657E-02  5.23448884E-01  3.11401440E-03
7.01794422E-02  5.21002769E-01  3.05298739E-03
7.04261186E-02  5.31862557E-01  3.25496192E-03
7.06727950E-02  5.43848336E-01  3.00177466E-03
7.09194714E-02  5.64874053E-01  3.13624507E-03
7.11661479E-02  5.58552027E-01  3.09795048E-03
7.14128243E-02  5.70935965E-01  3.24977376E-03
7.16595007E-02  5.81988394E-01  3.17229517E-03
7.19061771E-02  6.03702307E-01  3.34334979E-03
7.21528535E-02  6.06238425E-01  3.36619676E-03
7.23995300E-02  6.21880293E-01  3.29981511E-03
7.26462064E-02  6.15907848E-01  3.30233038E-03
7.28928828E-02  6.33416712E-01  3.34371836E-03
7.31395592E-02  6.22328103E-01  3.22573958E-03
7.33862357E-02  6.45507932E-01  3.38054402E-03
7.36329121E-02  6.31303668E-01  3.30151874E-03
7.38795885E-02  6.55466974E-01  3.44868423E-03
7.41262649E-02  6.51130974E-01  3.40694841E-03
7.43729413E-02  6.59997225E-01  3.45867034E-03
7.46196178E-02  6.57500327E-01  3.43530090E-03
7.48662942E-02  6.53500557E-01  3.26056522E-03
7.51129706E-02  6.71709955E-01  3.38479644E-03
7.53596470E-02  6.74282014E-01  3.40497727E-03
7.56063235E-02  6.76604211E-01  3.27679794E-03
7.58529999E-02  6.70618415E-01  3.47389327E-03
7.60996763E-02  6.71183169E-01  3.38444416E-03
7.63463527E-02  6.74707294E-01  3.45804379E-03
7.65930291E-02  6.68363214E-01  3.31659988E-03
7.68397056E-02  6.76225960E-01  3.52225476E-03
7.70863820E-02  6.55634522E-01  3.36436485E-03
7.73330584E-02  6.61851883E-01  3.44775966E-03
7.75797348E-02  6.55574799E-01  3.30473436E-03
7.78264113E-02  6.51768625E-01  3.42971412E-03
7.80730877E-02  6.72153115E-01  3.52893397E-03
7.83197641E-02  6.45940185E-01  3.46249971E-03
7.85664405E-02  6.42618299E-01  3.28997034E-03
7.88131169E-02  6.53515637E-01  3.31151043E-03
7.90597934E-02  6.57318711E-01  3.33417347E-03
7.93064698E-02  6.54216766E-01  3.33011779E-03
7.95531462E-02  6.45552814E-01  3.23298899E-03
7.97998226E-02  6.30335867E-01  3.15965503E-03
8.00464991E-02  6.33106232E-01  3.31515376E-03
8.02931755E-02  6.35801196E-01  3.19792656E-03
8.05398519E-02  6.33320451E-01  3.32384161E-03
8.07865283E-02  6.27642930E-01  3.24217929E-03
8.10332047E-02  6.19309604E-01  3.07114678E-03
8.12798812E-02  6.05477929E-01  3.31451790E-03
8.15265576E-02  6.22692108E-01  3.11164558E-03
8.17732340E-02  6.21977866E-01  3.32606956E-03
8.20199104E-02  6.16007209E-01  3.19643877E-03
8.22665869E-02  6.22080564E-01  3.15480190E-03
8.25132633E-02  6.07435703E-01  3.24867992E-03
8.27599397E-02  6.00554407E-01  3.21099372E-03
8.30066161E-02  5.82690001E-01  3.13159684E-03
8.32532926E-02  5.84822893E-01  3.13242176E-03
8.34999690E-02  6.08181596E-01  3.04104434E-03
8.37466454E-02  5.94348907E-01  3.10048158E-03
8.39933218E-02  5.91139138E-01  3.14637809E-03
8.42399982E-02  6.09800816E-01  3.19400709E-03
8.44866747E-02  5.76789021E-01  3.02146329E-03
8.47333511E-02  5.78404903E-01  2.98359198E-03
8.49800275E-02  5.72813094E-01  2.94874678E-03
8.52267039E-02  5.93206406E-01  3.05193663E-03
8.54733804E-02  5.80998421E-01  3.05304094E-03
8.57200568E-02  5.90402544E-01  2.91248830E-03
8.59667332E-02  5.77947199E-01  2.95017636E-03
8.62134096E-02  5.77949941E-01  2.82363384E-03
8.64600860E-02  5.86038709E-01  2.96307029E-03
8.67067625E-02  5.55758595E-01  2.98953406E-03
8.69534389E-02  5.78061044E-01  3.00798565E-03
8.72001153E-02  5.83817363E-01  2.96314480E-03
8.74467917E-02  5.77101529E-01  2.96518230E-03
8.76934682E-02  5.74144125E-01  2.95212888E-03
8.79401446E-02  5.80050290E-01  3.03935935E-03
8.81868210E-02  5.69542050E-01  3.03672650E-03
8.84334974E-02  5.65218627E-01  2.92394846E-03
8.86801738E-02  5.75705409E-01  2.93754321E-03
8.89268503E-02  5.73170006E-01  2.96094827E-03
8.91735267E-02  5.65232038E-01  2.96706660E-03
8.94202031E-02  5.83697259E-01  2.87129986E-03
8.96668795E-02  5.69032729E-01  2.92857923E-03
8.99135560E-02  5.67335010E-01  2.95560108E-03
9.01602324E-02  5.77481627E-01  2.93098413E-03
9.04069088E-02  5.83744407E-01  2.87688198E-03
9.06535852E-02  5.78584492E-01  2.92975851E-03
9.09002616E-02  5.83721220E-01  2.88188388E-03
9.11469381E-02  5.74400127E-01  2.87417229E-03
9.13936145E-02  5.69296837E-01  2.74695596E-03
9.16402909E-02  5.74696839E-01  2.89517920E-03
9.18869673E-02  5.65803289E-01  2.83408025E-03
9.21336438E-02  5.64666092E-01  2.90009053E-03
9.23803202E-02  5.65826595E-01  2.93030753E-03
9.26269966E-02  5.77981114E-01  2.99200672E-03
9.28736730E-02  5.81570745E-01  2.75900168E-03
9.31203494E-02  5.64706624E-01  2.86353379E-03
9.33670259E-02  5.70707917E-01  2.77884724E-03
9.36137023E-02  5.70511699E-01  2.83299270E-03
9.38603787E-02  5.74828923E-01  2.97893072E-03
9.41070551E-02  5.81214309E-01  2.90820212E-03
9.43537316E-02  5.76658845E-01  2.80183018E-03
9.46004080E-02  5.56785703E-01  2.78983265E-03
9.48470844E-02  5.77452958E-01  2.80798017E-03
9.50937608E-02  5.76002121E-01  2.88229412E-03
9.53404372E-02  5.75758934E-01  2.84390012E-03
9.55871137E-02  5.74276567E-01  2.82689533E-03
9.58337901E-02  5.78557432E-01  2.72363704E-03
9.60804665E-02  5.76405346E-01  2.84143840E-03
9.63271429E-02  5.71808159E-01  2.84853904E-03
9.65738194E-02  5.82743108E-01  2.83395359E-03
9.68204958E-02  5.89595616E-01  2.91973003E-03
9.70671722E-02  5.82872272E-01  2.78689642E-03
9.73138486E-02  5.90755343E-01  2.84107472E-03
9.75605250E-02  5.89134693E-01  2.86113308E-03
9.78072015E-02  5.80230951E-01  2.78337393E-03
9.80538779E-02  5.97905099E-01  2.81244330E-03
9.83005543E-02  5.80648422E-01  2.79648206E-03
9.85472307E-02  5.98417103E-01  2.88230483E-03
9.87939072E-02  6.01491988E-01  2.86636851E-03
9.90405836E-02  5.93697250E-01  2.74468958E-03
9.92872600E-02  6.02997661E-01  2.88549205E-03
9.95339364E-02  6.07094347E-01  2.90413899E-03
9.97806128E-02  5.94763517E-01  2.84741330E-03
1.00027289E-01  6.01443410E-01  2.80568819E-03
1.00273966E-01  5.87790728E-01  2.84480350E-03
1.00520642E-01  6.05139017E-01  2.92984117E-03
1.00767319E-01  5.98465323E-01  2.67473166E-03
1.01013995E-01  6.10184669E-01  2.77681719E-03
1.01260671E-01  5.94445646E-01  2.75144726E-03
1.01507348E-01  5.98502815E-01  2.82740337E-03
1.01754024E-01  6.10191584E-01  2.96602864E-03
1.02000701E-01  6.17203176E-01  2.76281009E-03
1.02247377E-01  6.20032966E-01  2.93823355E-03
1.02494053E-01  6.28469765E-01  2.90234922E-03
1.02740730E-01  6.20188653E-01  2.73554190E-03
1.02987406E-01  6.26451552E-01  2.91810185E-03
1.03234083E-01  6.15763664E-01  2.83336546E-03
1.03480759E-01  6.19614124E-01  2.83944933E-03
1.03727436E-01  6.29717588E-01  2.87254411E-03
1.03974112E-01  6.21388137E-01  2.78115179E-03
1.04220788E-01  6.44783735E-01  2.99432199E-03
1.04467465E-01  6.35828435E-01  2.85352441E-03
1.04714141E-01  6.46559119E-01  2.91076582E-03
1.04960818E-01  6.37632966E-01  2.86423904E-03
1.05207494E-01  6.35355651E-01  2.80379714E-03
1.05454171E-01  6.28772736E-01  2.84010149E-03
1.05700847E-01  6.38158739E-01  2.84616207E-03
1.05947523E-01  6.45744443E-01  2.95339711E-03
1.06194200E-01  6.41362727E-01  2.81596114E-03
1.06440876E-01  6.46193504E-01  2.91736843E-03
1.06687553E-01  6.51468039E-01  2.85082799E-03
1.06934229E-01  6.50354922E-01  2.81236623E-03
1.07180906E-01  6.50240958E-01  2.88211252E-03
1.07427582E-01  6.42950296E-01  2.83900718E-03
1.07674258E-01  6.56221390E-01  2.86594592E-03
1.07920935E-01  6.58586681E-01  2.88600475E-03
1.08167611E-01  6.49244070E-01  2.89205019E-03
1.08414288E-01  6.61642551E-01  2.89684790E-03
1.08660964E-01  6.46638989E-01  2.86606443E-03
1.08907640E-01  6.49235010E-01  2.91378447E-03
1.09154317E-01  6.50959611E-01  2.86158896E-03
1.09400993E-01  6.49942696E-01  3.09827412E-03
1.09647670E-01  6.37880385E-01  3.04975547E-03
1.09894346E-01  6.61489010E-01  2.92412448E-03
1.10141023E-01  6.66732311E-01  3.06549249E-03
1.10387699E-01  6.63457215E-01  2.98903883E-03
1.10634375E-01  6.47435606E-01  2.97089596E-03
1.10881052E-01  6.60224199E-01  3.10859364E-03
1.11127728E-01  6.51617765E-01  2.94955191E-03
1.11374405E-01  6.59717143E-01  3.05214641E-03
1.11621081E-01  6.59939587E-01  2.96979351E-03
1.11867758E-01  6.51938498E-01  2.99795228E-03
1.12114434E-01  6.61461174E-01  3.13026318E-03
1.12361110E-01  6.58599198E-01  3.20815411E-03
1.12607787E-01  6.51542842E-01  3.08898697E-03
1.12854463E-01  6.66379452E-01  3.07365996E-03
1.13101140E-01  6.54755712E-01  3.08046374E-03
1.13347816E-01  6.55374229E-01  3.08754854E-03
1.13594493E-01  6.50955617E-01  3.14044789E-03
1.13841169E-01  6.42535031E-01  3.13268020E-03
1.14087845E-01  6.53802395E-01  3.15036951E-03
1.14334522E-01  6.45465016E-01  3.15553695E-03
1.14581198E-01  6.59112632E-01  3.08351242E-03
1.14827875E-01  6.64626479E-01  3.17289657E-03
1.15074551E-01  6.48087919E-01  3.23248282E-03
1.15321227E-01  6.52932048E-01  3.02395574E-03
1.15567904E-01  6.33745849E-01  3.03538027E-03
1.15814580E-01  6.58510447E-01  3.09009524E-03
1.16061257E-01  6.44294739E-01  3.02546099E-03
1.16307933E-01  6.39087021E-01  3.17393965E-03
1.16554610E-01  6.46553099E-01  3.07846093E-03
1.16801286E-01  6.30847454E-01  3.15124216E-03
1.17047962E-01  6.32066429E-01  3.17938835E-03
1.17294639E-01  6.28705800E-01  3.07762041E-03
1.17541315E-01  6.27180040E-01  3.03017674E-03
1.17787992E-01  6.28620923E-01  3.18853045E-03
1.18034668E-01  6.28262460E-01  3.06670927E-03
1.18281345E-01  6.27957582E-01  2.86645745E-03
1.18528021E-01  6.39102340E-01  3.15272878E-03
1.18774697E-01  6.36819780E-01  3.00392928E-03
1.19021374E-01  6.40187204E-01  2.92380783E-03
1.19268050E-01  6.15884304E-01  2.96183256E-03
1.19514727E-01  6.26387119E-01  2.91908160E-03
1.19761403E-01  6.23010218E-01  2.80974922E-03
1.20008079E-01  6.27603531E-01  2.85214162E-03
1.20254756E-01  6.17574453E-01  2.85753072E-03
1.20501432E-01  6.21273994E-01  3.01156170E-03
1.20748109E-01  6.22586250E-01  2.92974641E-03
1.20994785E-01  6.27832294E-01  2.93951156E-03
1.21241462E-01  5.97834647E-01  2.87509034E-03
1.21488138E-01  6.09375238E-01  2.88789487E-03
1.21734814E-01  6.18506312E-01  2.85314047E-03
1.21981491E-01  6.03707850E-01  2.81482819E-03
1.22228167E-01  6.14975750E-01  2.93799536E-03
1.22474844E-01  6.07024610E-01  2.80162273E-03
1.22721520E-01  6.19620919E-01  2.86023528E-03
1.22968197E-01  5.88606596E-01  2.84214760E-03
1.23214873E-01  6.06830537E-01  2.78860005E-03
1.23461549E-01  6.14924431E-01  2.81725754E-03
1.23708226E-01  5.98172188E-01  2.85779033E-03
1.23954902E-01  6.01688683E-01  2.79560196E-03
1.24201579E-01  5.83846033E-01  2.73177773E-03
1.24448255E-01  6.01392686E-01  2.81893788E-03
1.24694932E-01  5.91920137E-01  2.76996871E-03
1.24941608E-01  5.97185969E-01  2.65348377E-03
1.25188284E-01  5.92006207E-01  2.67192628E-03
1.25434961E-01  5.82833171E-01  2.65814876E-03
1.25681637E-01  5.81098914E-01  2.68311938E-03
1.25928314E-01  5.94838262E-01  2.70917616E-03
1.26174990E-01  5.77180803E-01  2.62599392E-03
1.26421666E-01  5.82808912E-01  2.67005316E-03
1.26668343E-01  5.78850746E-01  2.74374941E-03
1.26915019E-01  5.77539980E-01  2.66884686E-03
1.27161696E-01  5.69676220E-01  2.71455571E-03
1.27408372E-01  5.74289262E-01  2.66463077E-03
1.27655049E-01  5.60257733E-01  2.62927101E-03
1.27901725E-01  5.66691816E-01  2.65390868E-03
1.28148401E-01  5.59797466E-01  2.64411117E-03
1.28395078E-01  5.66561460E-01  2.58114841E-03
1.28641754E-01  5.57743847E-01  2.59198551E-03
1.28888431E-01  5.53155303E-01  2.54360377E-03
1.29135107E-01  5.56539655E-01  2.55628536E-03
1.29381784E-01  5.58720469E-01  2.52994010E-03
1.29628460E-01  5.58796942E-01  2.62209238E-03
1.29875136E-01  5.62211215E-01  2.54980335E-03
1.30121813E-01  5.54582536E-01  2.63413740E-03
1.30368489E-01  5.48187017E-01  2.45064450E-03
1.30615166E-01  5.43506086E-01  2.55751959E-03
1.30861842E-01  5.48081279E-01  2.50259577E-03
1.31108518E-01  5.49431622E-01  2.58301408E-03
1.31355195E-01  5.41093826E-01  2.45410181E-03
1.31601871E-01  5.50038457E-01  2.46139755E-03
1.31848548E-01  5.37664950E-01  2.52063409E-03
1.32095224E-01  5.43989897E-01  2.54953024E-03
1.32341901E-01  5.22532523E-01  2.45522195E-03
1.32588577E-01  5.29854357E-01  2.55543599E-03
1.32835253E-01  5.31494975E-01  2.51077209E-03
1.33081930E-01  5.29327095E-01  2.49735569E-03
1.33328606E-01  5.27964711E-01  2.47600651E-03
1.33575283E-01  5.27019322E-01  2.55572353E-03
1.33821959E-01  5.24713397E-01  2.43719155E-03
1.34068636E-01  5.19224405E-01  2.45447340E-03
1.34315312E-01  5.19031823E-01  2.44491594E-03
1.34561988E-01  5.10821819E-01  2.34351330E-03
1.34808665E-01  5.17537832E-01  2.51587178E-03
1.35055341E-01  5.20075142E-01  2.46360991E-03
1.35302018E-01  5.10526538E-01  2.43398920E-03
1.35548694E-01  5.16124606E-01  2.48736003E-03
1.35795371E-01  5.15571773E-01  2.41311546E-03
1.36042047E-01  5.10365367E-01  2.35895463E-03
1.36288723E-01  5.04807770E-01  2.37907609E-03
1.36535400E-01  5.05873501E-01  2.43955548E-03
1.36782076E-01  4.88446385E-01  2.35736556E-03
1.37028753E-01  5.00511050E-01  2.33662943E-03
1.37275429E-01  5.00727355E-01  2.43477337E-03
1.37522105E-01  5.00020444E-01  2.28368538E-03
1.37768782E-01  4.98705804E-01  2.41756393E-03
1.38015458E-01  4.90120888E-01  2.38871598E-03
1.38262135E-01  4.91037577E-01  2.23082211E-03
1.38508811E-01  4.86159146E-01  2.31098616E-03
1.38755488E-01  4.92732346E-01  2.36125966E-03
1.39002164E-01  4.87331688E-01  2.29661027E-03
1.39248840E-01  4.75168735E-01  2.26456556E-03
1.39495517E-01  4.82787788E-01  2.35856045E-03
1.39742193E-01  4.85550076E-01  2.32650316E-03
1.39988870E-01  4.79943782E-01  2.26657069E-03
1.40235546E-01  4.68947947E-01  2.18292908E-03
1.40482223E-01  4.65986699E-01  2.28177896E-03
1.40728899E-01  4.75620270E-01  2.26473040E-03
1.40975575E-01  4.78115737E-01  2.27681664E-03
1.41222252E-01  4.70013648E-01  2.25703674E-03
1.41468928E-01  4.60920334E-01  2.21736124E-03
1.41715605E-01  4.66900796E-01  2.22666585E-03
1.41962281E-01  4.59606081E-01  2.22197222E-03
1.42208957E-01  4.70417470E-01  2.20072619E-03
1.42455634E-01  4.51480597E-01  2.15898082E-03
1.42702310E-01  4.53107893E-01  2.21056771E-03
1.42948987E-01  4.55447167E-01  2.22021574E-03
1.43195663E-01  4.51373458E-01  2.15372629E-03
1.43442340E-01  4.50945705E-01  2.12168926E-03
1.43689016E-01  4.41080570E-01  2.20919936E-03
1.43935692E-01  4.40266877E-01  2.11258954E-03
1.44182369E-01  4.44923997E-01  2.11642473E-03
1.44429045E-01  4.52348053E-01  2.18576286E-03
1.44675722E-01  4.53915894E-01  2.20199581E-03
1.44922398E-01  4.45901901E-01  2.18859012E-03
1.45169075E-01  4.41814721E-01  2.23425752E-03
1.45415751E-01  4.42078531E-01  2.15600315E-03
1.45662427E-01  4.41799551E-01  2.08013155E-03
1.45909104E-01  4.34561014E-01  2.12887977E-03
1.46155780E-01  4.32648063E-01  2.14540586E-03
1.46402457E-01  4.40797657E-01  2.13439041E-03
1.46649133E-01  4.28261042E-01  2.09727325E-03
1.46895810E-01  4.24972028E-01  2.08247872E-03
1.47142486E-01  4.24215376E-01  2.05445220E-03
1.47389162E-01  4.30582911E-01  2.07400159E-03
1.47635839E-01  4.29460824E-01  2.11381074E-03
1.47882515E-01  4.19770271E-01  2.07449822E-03
1.48129192E-01  4.29582775E-01  2.07711081E-03
1.48375868E-01  4.19593364E-01  2.08980124E-03
1.48622544E-01  4.39757258E-01  2.14254158E-03
1.48869221E-01  4.23550993E-01  2.00976525E-03
1.49115897E-01  4.23088938E-01  2.06422433E-03
1.49362574E-01  4.20510173E-01  2.03886558E-03
1.49609250E-01  4.35008556E-01  2.07876414E-03
1.49855927E-01  4.25342530E-01  2.07030401E-03
1.50102603E-01  4.33830291E-01  2.05773022E-03
1.50349279E-01  4.28714901E-01  2.02917517E-03
1.50595956E-01  4.39516157E-01  2.06435402E-03
1.50842632E-01  4.38193738E-01  2.05386919E-03
1.51089309E-01  4.47699428E-01  2.07781186E-03
1.51335985E-01  4.52374995E-01  2.07673456E-03
1.51582662E-01  4.54614878E-01  2.05048383E-03
1.51829338E-01  4.69443411E-01  2.07095081E-03
1.52076014E-01  4.58384991E-01  2.12433818E-03
1.52322691E-01  4.78108078E-01  2.13932456E-03
1.52569367E-01  4.74029243E-01  2.12430325E-03
1.52816044E-01  4.85247433E-01  2.26524542E-03
1.53062720E-01  4.83495951E-01  2.19393778E-03
1.53309397E-01  4.97111857E-01  2.26412900E-03
1.53556073E-01  4.99799937E-01  2.24764366E-03
1.53802749E-01  5.06085217E-01  2.24685948E-03
1.54049426E-01  5.01316249E-01  2.33157561E-03
1.54296102E-01  4.93497729E-01  2.27625784E-03
1.54542779E-01  4.94441122E-01  2.34887819E-03
1.54789455E-01  5.02900541E-01  2.35746382E-03
1.55036131E-01  5.06944835E-01  2.34675966E-03
1.55282808E-01  5.04477739E-01  2.33985786E-03
1.55529484E-01  5.11258304E-01  2.42705923E-03
1.55776161E-01  5.05183578E-01  2.41435529E-03
1.56022837E-01  5.11424541E-01  2.48518097E-03
1.56269514E-01  5.16933620E-01  2.47846521E-03
1.56516190E-01  5.08351266E-01  2.51315883E-03
1.56762866E-01  5.24451077E-01  2.57642404E-03
1.57009543E-01  5.03318489E-01  2.53590569E-03
1.57256219E-01  5.29313684E-01  2.60612019E-03
1.57502896E-01  5.27311802E-01  2.60296068E-03
1.57749572E-01  5.14552712E-01  2.62403814E-03
1.57996249E-01  5.08648634E-01  2.73503107E-03
1.58242925E-01  4.95412022E-01  2.63884664E-03
1.58489601E-01  4.89143908E-01  2.52936198E-03
1.58736278E-01  4.73830074E-01  2.46986514E-03
1.58982954E-01  4.55854565E-01  2.47261766E-03
1.59229631E-01  4.37284350E-01  2.36375560E-03
1.59476307E-01  4.29255396E-01  2.29473738E-03
1.59722983E-01  4.09471214E-01  2.12863716E-03
1.59969660E-01  3.91104847E-01  2.10077595E-03
1.60216336E-01  3.82405460E-01  2.01268587E-03
1.60463013E-01  3.62286717E-01  1.97152258E-03
1.60709689E-01  3.49157095E-01  1.85854617E-03
1.60956366E-01  3.51727188E-01  1.90870080E-03
1.61203042E-01  3.30991924E-01  1.81720825E-03
1.61449718E-01  3.33958656E-01  1.77861389E-03
1.61696395E-01  3.18013549E-01  1.78102776E-03
1.61943071E-01  3.23882312E-01  1.71274273E-03
1.62189748E-01  3.19698513E-01  1.78647030E-03
1.62436424E-01  3.12670946E-01  1.68616674E-03
1.62683101E-01  3.09961319E-01  1.68272934E-03
1.62929777E-01  3.13091367E-01  1.73461239E-03
1.63176453E-01  3.03381979E-01  1.65762054E-03
1.63423130E-01  2.96287924E-01  1.69162382E-03
1.63669806E-01  2.96193063E-01  1.68766757E-03
1.63916483E-01  2.89147347E-01  1.67404953E-03
1.64163159E-01  2.96692610E-01  1.67989393E-03
1.64409836E-01  2.86418319E-01  1.64867088E-03
1.64656512E-01  2.79514283E-01  1.58825237E-03
1.64903188E-01  2.88213998E-01  1.62338640E-03
1.65149865E-01  2.81233817E-01  1.61373965E-03
1.65396541E-01  2.80848444E-01  1.56737596E-03
1.65643218E-01  2.83181041E-01  1.64232973E-03
1.65889894E-01  2.79840052E-01  1.62204355E-03
1.66136570E-01  2.65987188E-01  1.52752746E-03
1.66383247E-01  2.77450025E-01  1.59173668E-03
1.66629923E-01  2.69214362E-01  1.53317233E-03
1.66876600E-01  2.74298131E-01  1.57521642E-03
1.67123276E-01  2.69422323E-01  1.52727647E-03
1.67369953E-01  2.67563045E-01  1.55356235E-03
1.67616629E-01  2.70256788E-01  1.48818456E-03
1.67863305E-01  2.60557204E-01  1.51616475E-03
1.68109982E-01  2.65131176E-01  1.53364148E-03
1.68356658E-01  2.58957475E-01  1.52453687E-03
1.68603335E-01  2.58435875E-01  1.51833124E-03
1.68850011E-01  2.58800924E-01  1.52247678E-03
1.69096688E-01  2.44158655E-01  1.45514146E-03
1.69343364E-01  2.56427258E-01  1.49261439E-03
1.69590040E-01  2.49459386E-01  1.48691761E-03
1.69836717E-01  2.45870844E-01  1.48232246E-03
1.70083393E-01  2.51078397E-01  1.50105753E-03
1.70330070E-01  2.38405421E-01  1.47540926E-03
1.70576746E-01  2.46594205E-01  1.44551706E-03
1.70823422E-01  2.35881999E-01  1.42223842E-03
1.71070099E-01  2.32078150E-01  1.43801561E-03
1.71316775E-01  2.49796033E-01  1.47062284E-03
1.71563452E-01  2.47925207E-01  1.45843357E-03
1.71810128E-01  2.43939877E-01  1.45606161E-03
1.72056805E-01  2.35204548E-01  1.48538279E-03
1.72303481E-01  2.38199621E-01  1.48415077E-03
1.72550157E-01  2.30397314E-01  1.38173962E-03
1.72796834E-01  2.28505820E-01  1.42207916E-03
1.73043510E-01  2.33911350E-01  1.40820956E-03
1.73290187E-01  2.25532740E-01  1.39334088E-03
1.73536863E-01  2.16828004E-01  1.33295055E-03
1.73783540E-01  2.27612942E-01  1.40829768E-03
1.74030216E-01  2.19084710E-01  1.39226194E-03
1.74276892E-01  2.19574794E-01  1.34309370E-03
1.74523569E-01  2.17155755E-01  1.38675387E-03
1.74770245E-01  2.19391212E-01  1.37656718E-03
1.75016922E-01  2.19224706E-01  1.35185942E-03
1.75263598E-01  2.09008321E-01  1.33267627E-03
1.75510275E-01  2.18037158E-01  1.34159869E-03
1.75756951E-01  2.16210470E-01  1.35809300E-03
1.76003627E-01  2.10820794E-01  1.31833996E-03
1.76250304E-01  2.09120721E-01  1.29853992E-03
1.76496980E-01  2.05659762E-01  1.33197173E-03
1.76743657E-01  2.15890393E-01  1.30500039E-03
1.76990333E-01  2.04019099E-01  1.33668061E-03
1.77237009E-01  2.00268447E-01  1.28397252E-03
1.77483686E-01  1.96208179E-01  1.31585507E-03
1.77730362E-01  2.01424539E-01  1.27984420E-03
1.77977039E-01  2.01101989E-01  1.28857419E-03
1.78223715E-01  1.99216634E-01  1.30461995E-03
1.78470392E-01  1.97088376E-01  1.23711023E-03
1.78717068E-01  1.93528384E-01  1.29710580E-03
1.78963744E-01  1.97786227E-01  1.28396077E-03
1.79210421E-01  1.96691245E-01  1.26265443E-03
1.79457097E-01  1.89501882E-01  1.24391611E-03
1.79703774E-01  1.87834755E-01  1.23961817E-03
1.79950450E-01  1.84101462E-01  1.19887257E-03
1.80197127E-01  1.88237652E-01  1.21833198E-03
1.80443803E-01  1.85633779E-01  1.24231109E-03
1.80690479E-01  1.82771280E-01  1.24689529E-03
1.80937156E-01  1.84047192E-01  1.21143332E-03
1.81183832E-01  1.88268214E-01  1.24165742E-03
1.81430509E-01  1.78901941E-01  1.17809977E-03
1.81677185E-01  1.85492322E-01  1.20151241E-03
1.81923861E-01  1.81597650E-01  1.20697357E-03
1.82170538E-01  1.78095564E-01  1.20290753E-03
1.82417214E-01  1.80762216E-01  1.18906016E-03
1.82663891E-01  1.78411439E-01  1.21299201E-03
1.82910567E-01  1.70853749E-01  1.13262166E-03
1.83157244E-01  1.69983566E-01  1.15801021E-03
1.83403920E-01  1.69654518E-01  1.16445892E-03
1.83650596E-01  1.69425100E-01  1.15223718E-03
1.83897273E-01  1.62828386E-01  1.16997107E-03
1.84143949E-01  1.69974953E-01  1.14432443E-03
1.84390626E-01  1.70983657E-01  1.15296699E-03
1.84637302E-01  1.62242919E-01  1.12563674E-03
1.84883979E-01  1.62128463E-01  1.14123861E-03
1.85130655E-01  1.60890877E-01  1.13882357E-03
1.85377331E-01  1.63890556E-01  1.10307301E-03
1.85624008E-01  1.56356975E-01  1.12673733E-03
1.85870684E-01  1.64370015E-01  1.13938854E-03
1.86117361E-01  1.51958346E-01  1.10607664E-03
1.86364037E-01  1.62467867E-01  1.11700827E-03
1.86610714E-01  1.57898411E-01  1.10720319E-03
1.86857390E-01  1.59504682E-01  1.09605747E-03
1.87104066E-01  1.51758999E-01  1.11168297E-03
1.87350743E-01  1.57616198E-01  1.13054866E-03
1.87597419E-01  1.54468670E-01  1.08173105E-03
1.87844096E-01  1.51198298E-01  1.06792978E-03
1.88090772E-01  1.48884580E-01  1.08060369E-03
1.88337448E-01  1.43530592E-01  1.11031230E-03
1.88584125E-01  1.55505955E-01  1.10116159E-03
1.88830801E-01  1.48226395E-01  1.06695306E-03
1.89077478E-01  1.45631805E-01  1.08253316E-03
1.89324154E-01  1.47681639E-01  1.05342525E-03
1.89570831E-01  1.44651026E-01  1.07609993E-03
1.89817507E-01  1.43295184E-01  1.04122714E-03
1.90064183E-01  1.41910881E-01  1.05731422E-03
1.90310860E-01  1.37952998E-01  1.04230770E-03
1.90557536E-01  1.45751983E-01  1.05246890E-03
1.90804213E-01  1.39483571E-01  1.02211023E-03
1.91050889E-01  1.39383703E-01  1.02903158E-03
1.91297566E-01  1.39364928E-01  1.04213331E-03
1.91544242E-01  1.40064567E-01  1.06148992E-03
1.91790918E-01  1.37006953E-01  1.01361808E-03
1.92037595E-01  1.35377198E-01  1.01577188E-03
1.92284271E-01  1.31538481E-01  9.63489525E-04
1.92530948E-01  1.37973353E-01  1.03555596E-03
1.92777624E-01  1.33228987E-01  9.93364258E-04
1.93024301E-01  1.31226346E-01  1.00377947E-03
1.93270977E-01  1.32414371E-01  1.01135462E-03
1.93517653E-01  1.33051917E-01  1.00550859E-03
1.93764330E-01  1.36539400E-01  1.04624382E-03
1.94011006E-01  1.30149931E-01  9.91736888E-04
1.94257683E-01  1.28304258E-01  1.00655935E-03
1.94504359E-01  1.23422101E-01  9.84870247E-04
1.94751035E-01  1.26610756E-01  9.87560721E-04
1.94997712E-01  1.24846183E-01  9.51039081E-04
1.95244388E-01  1.25598595E-01  9.64396517E-04
1.95491065E-01  1.24070935E-01  9.45892883E-04
1.95737741E-01  1.23325966E-01  9.83227976E-04
1.95984418E-01  1.25990748E-01  9.86036961E-04
1.96231094E-01  1.21625811E-01  9.38095967E-04
1.96477770E-01  1.18015215E-01  9.31630319E-04
1.96724447E-01  1.20814703E-01  9.52061557E-04
1.96971123E-01  1.18843265E-01  9.42928018E-04
1.97217800E-01  1.15736425E-01  9.26872599E-04
1.97464476E-01  1.20665945E-01  9.35420569E-04
1.97711153E-01  1.13779612E-01  9.19482205E-04
1.97957829E-01  1.13867685E-01  9.16653778E-04
1.98204505E-01  1.16162896E-01  9.10585048E-04
1.98451182E-01  1.18832901E-01  9.44203464E-04
1.98697858E-01  1.13450252E-01  9.05245426E-04
1.98944535E-01  1.13296464E-01  8.88350885E-04
1.99191211E-01  1.15423784E-01  8.93214310E-04
1.99437887E-01  1.16195321E-01  9.28594905E-04
1.99684564E-01  1.15026496E-01  9.03067121E-04
1.99931240E-01  1.15504749E-01  9.07237758E-04
2.00177917E-01  1.12591840E-01  8.98303639E-04
2.00424593E-01  1.10400595E-01  8.90562951E-04
2.00671270E-01  1.03544354E-01  8.73735175E-04
2.00917946E-01  1.09895229E-01  8.84304405E-04
2.01164622E-01  1.06461480E-01  8.82725930E-04
2.01411299E-01  1.10247113E-01  8.91335774E-04
2.01657975E-01  1.10053807E-01  8.80413805E-04
2.01904652E-01  1.04059003E-01  8.61009641E-04
2.02151328E-01  1.05295606E-01  8.61673499E-04
2.02398005E-01  1.05698168E-01  8.78834864E-04
2.02644681E-01  1.06352650E-01  8.86726659E-04
2.02891357E-01  1.04221344E-01  8.64399888E-04
2.03138034E-01  1.05740555E-01  8.69198935E-04
2.03384710E-01  1.03906788E-01  8.59493390E-04
2.03631387E-01  1.02994867E-01  8.33413273E-04
2.03878063E-01  1.04047492E-01  8.59105668E-04
2.04124740E-01  1.01401240E-01  8.51436169E-04
2.04371416E-01  1.01714700E-01  8.38000793E-04
2.04618092E-01  9.85555947E-02  8.32438294E-04
2.04864769E-01  9.76507813E-02  8.34116887E-04
2.05111445E-01  1.03238054E-01  8.56260769E-04
2.05358122E-01  1.00342430E-01  8.20095942E-04
2.05604798E-01  9.79715213E-02  8.20085465E-04
2.05851474E-01  9.60426405E-02  8.28052114E-04
2.06098151E-01  9.63576287E-02  8.31105513E-04
2.06344827E-01  1.00277275E-01  8.33420083E-04
2.06591504E-01  9.32929292E-02  8.19190638E-04
2.06838180E-01  9.57357585E-02  8.11175152E-04
2.07084857E-01  9.43083465E-02  8.20897345E-04
2.07331533E-01  9.66534317E-02  8.23046954E-04
2.07578209E-01  8.91411081E-02  7.97272485E-04
2.07824886E-01  9.68411714E-02  8.17961060E-04
2.08071562E-01  9.74481478E-02  8.22650851E-04
2.08318239E-01  9.45646092E-02  8.16641143E-04
2.08564915E-01  9.12643224E-02  7.77501438E-04
2.08811592E-01  9.26249325E-02  8.05496878E-04
2.09058268E-01  9.68522951E-02  8.11679347E-04
2.09304944E-01  9.29577500E-02  7.99466798E-04
2.09551621E-01  9.10769105E-02  7.95140513E-04
2.09798297E-01  8.98111016E-02  7.88896927E-04
2.10044974E-01  9.01073962E-02  7.77929323E-04
2.10291650E-01  9.17104110E-02  7.93210231E-04
2.10538326E-01  9.11079347E-02  7.81430514E-04
2.10785003E-01  8.86922404E-02  7.80901755E-04
2.11031679E-01  9.04224589E-02  7.72288651E-04
2.11278356E-01  9.10894275E-02  8.03516363E-04
2.11525032E-01  8.86235163E-02  7.61248695E-04
2.11771709E-01  8.93937051E-02  8.00393987E-04
2.12018385E-01  8.81925151E-02  7.86001794E-04
2.12265061E-01  8.60229582E-02  7.84726115E-04
2.12511738E-01  8.73284712E-02  7.82685704E-04
2.12758414E-01  8.74887109E-02  7.59661780E-04
2.13005091E-01  9.00716633E-02  7.97869638E-04
2.13251767E-01  8.62305090E-02  7.60469295E-04
2.13498444E-01  8.44294205E-02  7.84370524E-04
2.13745120E-01  8.75059292E-02  7.74563116E-04
2.13991796E-01  8.49745199E-02  7.76719127E-04
2.14238473E-01  8.08920786E-02  7.27658160E-04
2.14485149E-01  8.91870484E-02  7.90394726E-04
2.14731826E-01  8.55551362E-02  7.69051025E-04
2.14978502E-01  8.25890750E-02  7.51837972E-04
2.15225179E-01  8.80672410E-02  7.50238774E-04
2.15471855E-01  8.32384378E-02  7.57169095E-04
2.15718531E-01  8.49947855E-02  7.51700602E-04
2.15965208E-01  8.87255743E-02  7.82165735E-04
2.16211884E-01  8.62030014E-02  7.83545140E-04
2.16458561E-01  8.82156417E-02  7.60480994E-04
2.16705237E-01  8.50936547E-02  7.40588643E-04
2.16951913E-01  8.56727883E-02  7.74615677E-04
2.17198590E-01  8.59326795E-02  7.74275279E-04
2.17445266E-01  8.44083577E-02  7.57884467E-04
2.17691943E-01  8.16740170E-02  7.41300755E-04
2.17938619E-01  8.51500034E-02  7.57084286E-04
2.18185296E-01  8.16139057E-02  7.35273934E-04
2.18431972E-01  8.14461038E-02  7.51815562E-04
2.18678648E-01  8.11692700E-02  7.29194202E-04
2.18925325E-01  7.91121721E-02  7.32215121E-04
2.19172001E-01  7.96810985E-02  7.50150008E-04
2.19418678E-01  8.17932039E-02  7.38318602E-04
2.19665354E-01  8.60204995E-02  7.67614518E-04
2.19912031E-01  7.96654299E-02  7.59942050E-04
2.20158707E-01  8.05987567E-02  7.51792861E-04
2.20405383E-01  8.09510276E-02  7.31446082E-04
2.20652060E-01  8.21857825E-02  7.42293254E-04
2.20898736E-01  8.06729868E-02  7.41559954E-04
2.21145413E-01  8.78460184E-02  7.72703788E-04
2.21392089E-01  8.09525773E-02  7.36645481E-04
2.21638766E-01  8.05275589E-02  7.22951838E-04
2.21885442E-01  8.11179131E-02  7.40386487E-04
2.22132118E-01  8.16798285E-02  7.54862791E-04
2.22378795E-01  8.19138885E-02  7.55444926E-04
2.22625471E-01  8.45144615E-02  7.54922745E-04
2.22872148E-01  7.97592103E-02  7.09238811E-04
2.23118824E-01  7.71643817E-02  7.13654445E-04
2.23365500E-01  8.02999511E-02  7.42290867E-04
2.23612177E-01  7.98858777E-02  7.43041572E-04
2.23858853E-01  7.89272487E-02  7.23762787E-04
2.24105530E-01  8.08289573E-02  7.17046612E-04
2.24352206E-01  8.04090574E-02  7.40798365E-04
2.24598883E-01  7.80525580E-02  7.19543430E-04
2.24845559E-01  7.65495077E-02  7.24397541E-04
2.25092235E-01  8.05086493E-02  7.16356619E-04
2.25338912E-01  7.58747607E-02  7.17702496E-04
2.25585588E-01  8.15860108E-02  7.50622479E-04
2.25832265E-01  7.95756057E-02  7.28738203E-04
2.26078941E-01  8.35312307E-02  7.35497160E-04
2.26325618E-01  7.92480782E-02  7.20748678E-04
2.26572294E-01  7.64412507E-02  7.02961581E-04
2.26818970E-01  8.13739300E-02  7.29727501E-04
2.27065647E-01  7.97380954E-02  7.25602615E-04
2.27312323E-01  7.82093853E-02  7.10117340E-04
2.27559000E-01  7.89147839E-02  7.22498226E-04
2.27805676E-01  7.78464749E-02  7.22184835E-04
2.28052352E-01  7.78480843E-02  7.14663474E-04
2.28299029E-01  7.82105252E-02  6.99946540E-04
2.28545705E-01  8.07035118E-02  7.20906130E-04
2.28792382E-01  7.65090361E-02  7.10509601E-04
2.29039058E-01  8.05519596E-02  7.17660179E-04
2.29285735E-01  7.84232691E-02  7.31618551E-04
2.29532411E-01  7.70303831E-02  7.05500192E-04
2.29779087E-01  7.97158927E-02  7.17251096E-04
2.30025764E-01  7.89940879E-02  7.25466816E-04
2.30272440E-01  7.69496039E-02  7.32998131E-04
2.30519117E-01  7.41780028E-02  6.81491103E-04
2.30765793E-01  8.05015787E-02  7.04855949E-04
2.31012470E-01  8.09924603E-02  7.28787563E-04
2.31259146E-01  8.12460929E-02  7.17847841E-04
2.31505822E-01  7.77286664E-02  7.16459181E-04
2.31752499E-01  7.88082257E-02  7.35165784E-04
2.31999175E-01  7.59603977E-02  6.97851938E-04
2.32245852E-01  7.96374604E-02  7.14684487E-04
2.32492528E-01  8.38519558E-02  7.10674794E-04
2.32739205E-01  7.87476301E-02  7.07638566E-04
2.32985881E-01  8.02816451E-02  7.05072482E-04
2.33232557E-01  7.43185580E-02  6.97331037E-04
2.33479234E-01  7.63984248E-02  7.06622028E-04
2.33725910E-01  7.85987675E-02  6.96096278E-04
2.33972587E-01  7.86824301E-02  7.12661305E-04
2.34219263E-01  7.41390213E-02  6.95614144E-04
2.34465939E-01  8.12243372E-02  7.32896791E-04
2.34712616E-01  7.78211430E-02  7.06395484E-04
2.34959292E-01  7.93691128E-02  7.18753319E-04
2.35205969E-01  7.69312754E-02  7.09415763E-04
2.35452645E-01  8.22172016E-02  7.39186245E-04
2.35699322E-01  8.26666206E-02  7.21252640E-04
2.35945998E-01  7.82690644E-02  7.21952994E-04
2.36192674E-01  8.00444111E-02  7.05470855E-04
2.36439351E-01  8.15620720E-02  7.20519165E-04
2.36686027E-01  7.62396976E-02  6.95032126E-04
2.36932704E-01  7.69761875E-02  6.98446529E-04
2.37179380E-01  7.84339905E-02  7.14852591E-04
2.37426057E-01  7.62736425E-02  7.00990320E-04
2.37672733E-01  7.66702965E-02  6.92450209E-04
2.37919409E-01  7.80698359E-02  7.00844161E-04
2.38166086E-01  7.81109929E-02  7.06949679E-04
2.38412762E-01  8.10607225E-02  7.31794222E-04
2.38659439E-01  7.78972208E-02  6.82528247E-04
2.38906115E-01  7.72379413E-02  6.94124668E-04
2.39152791E-01  7.88929239E-02  7.03570258E-04
2.39399468E-01  7.69528374E-02  6.97179348E-04
2.39646144E-01  7.98511133E-02  7.13642512E-04
2.39892821E-01  7.82508105E-02  6.93867914E-04
2.40139497E-01  7.85834715E-02  6.92160509E-04
2.40386174E-01  7.78332874E-02  6.89339824E-04
2.40632850E-01  7.80603811E-02  6.95522234E-04
2.40879526E-01  7.78416619E-02  6.89443608E-04
2.41126203E-01  8.14513043E-02  7.09026994E-04
2.41372879E-01  7.92112947E-02  7.02979742E-04
2.41619556E-01  8.09337869E-02  7.00300909E-04
2.41866232E-01  7.86467046E-02  6.84449449E-04
2.42112909E-01  7.95234963E-02  7.03992497E-04
2.42359585E-01  8.08495656E-02  7.34588539E-04
2.42606261E-01  7.87796676E-02  7.25098362E-04
2.42852938E-01  8.26258361E-02  7.38706731E-04
2.43099614E-01  7.98797905E-02  7.17211049E-04
2.43346291E-01  7.88844898E-02  7.05361832E-04
2.43592967E-01  8.03242996E-02  7.09994289E-04
2.43839644E-01  8.21231082E-02  7.36273010E-04
2.44086320E-01  8.15676674E-02  7.16751150E-04
2.44332996E-01  8.16274807E-02  7.35282199E-04
2.44579673E-01  7.87138641E-02  7.01317855E-04
2.44826349E-01  8.27078745E-02  7.23613950E-04
2.45073026E-01  8.16084445E-02  7.33558845E-04
2.45319702E-01  8.36954117E-02  7.26357859E-04
2.45566378E-01  8.20979849E-02  7.45767902E-04
2.45813055E-01  8.57780799E-02  7.53619359E-04
2.46059731E-01  8.21554586E-02  7.36321905E-04
2.46306408E-01  8.55848938E-02  7.58464274E-04
2.46553084E-01  8.36936906E-02  7.36946997E-04
2.46799761E-01  8.31792057E-02  7.57053669E-04
2.47046437E-01  8.25067684E-02  7.72540341E-04
2.47293113E-01  8.16813335E-02  7.74936925E-04
2.47539790E-01  8.06188956E-02  7.49801286E-04
2.47786466E-01  8.21020231E-02  8.07664357E-04
2.48033143E-01  8.00817385E-02  7.48228573E-04
2.48279819E-01  7.84341693E-02  7.45198398E-04
2.48526496E-01  8.06960389E-02  7.50239938E-04
2.48773172E-01  8.07052627E-02  7.73092790E-04
2.49019848E-01  7.95772597E-02  7.63068907E-04
2.49266525E-01  7.99757615E-02  7.68658298E-04
2.49513201E-01  8.56569409E-02  7.99628033E-04
2.49759878E-01  8.27538520E-02  7.84191536E-04
2.50006554E-01  8.17085356E-02  7.86634511E-04
2.50253230E-01  8.26125294E-02  7.73560081E-04
2.50499907E-01  7.97254220E-02  7.73008273E-04
2.50746583E-01  8.42938200E-02  8.06169584E-04
2.50993260E-01  8.49340931E-02  7.88088131E-04
2.51239936E-01  8.10991228E-02  7.93371932E-04
2.51486613E-01  8.01191628E-02  7.84886302E-04
2.51733289E-01  8.29158872E-02  7.69800739E-04
2.51979965E-01  7.99605995E-02  7.72155356E-04
2.52226642E-01  8.40713531E-02  8.08620243E-04
2.52473318E-01  7.91219398E-02  7.80394708E-04
2.52719995E-01  7.95675740E-02  7.99514295E-04
2.52966671E-01  8.15382898E-02  8.19652108E-04
2.53213348E-01  8.22122544E-02  8.05247982E-04
2.53460024E-01  8.31531361E-02  8.01560993E-04
2.53706700E-01  8.29320326E-02  8.09890567E-04
2.53953377E-01  8.72479081E-02  8.30644160E-04
2.54200053E-01  8.57554674E-02  8.03082425E-04
2.54446730E-01  7.81599358E-02  7.82707648E-04
2.54693406E-01  8.28882009E-02  7.79135618E-04
2.54940083E-01  8.28308836E-02  7.90520513E-04
2.55186759E-01  8.22768733E-02  7.81057985E-04
2.55433435E-01  8.21345896E-02  7.67252524E-04
2.55680112E-01  8.37412626E-02  7.93548534E-04
2.55926788E-01  8.45442638E-02  7.59717776E-04
2.56173465E-01  8.66632238E-02  8.17985565E-04
2.56420141E-01  8.38276520E-02  7.66001525E-04
2.56666817E-01  8.48568454E-02  7.86654768E-04
2.56913494E-01  8.22230354E-02  7.79914088E-04
2.57160170E-01  8.47761631E-02  7.88699195E-04
2.57406847E-01  8.64477083E-02  8.17740045E-04
2.57653523E-01  8.22431520E-02  7.54150620E-04
2.57900200E-01  8.09288472E-02  7.42147735E-04
2.58146876E-01  8.55265781E-02  7.78578513E-04
2.58393552E-01  8.81827697E-02  7.89286569E-04
2.58640229E-01  8.21813419E-02  7.72988831E-04
2.58886905E-01  8.50966424E-02  7.59771967E-04
2.59133582E-01  8.68254006E-02  8.03938427E-04
2.59380258E-01  8.38261247E-02  7.73016072E-04
2.59626935E-01  8.18362013E-02  7.57653965E-04
2.59873611E-01  8.16361010E-02  7.68216967E-04
2.60120287E-01  8.39317292E-02  7.58882903E-04
2.60366964E-01  8.52947980E-02  7.76504108E-04
2.60613640E-01  8.34973976E-02  7.59603980E-04
2.60860317E-01  8.51099715E-02  7.84311153E-04
2.61106993E-01  8.89672190E-02  7.95585162E-04
2.61353670E-01  8.68074521E-02  7.77378911E-04
2.61600346E-01  8.42390507E-02  7.82342569E-04
2.61847022E-01  8.12757909E-02  7.52999214E-04
2.62093699E-01  8.00003707E-02  7.43141107E-04
2.62340375E-01  8.62478167E-02  7.66275334E-04
2.62587052E-01  8.83901939E-02  7.85626878E-04
2.62833728E-01  8.72861668E-02  7.88057921E-04
2.63080404E-01  8.77536908E-02  7.71452149E-04
2.63327081E-01  8.34204406E-02  7.59851013E-04
2.63573757E-01  8.55019018E-02  7.77582289E-04
2.63820434E-01  8.55639279E-02  7.61765521E-04
2.64067110E-01  8.52615088E-02  7.65390112E-04
2.64313787E-01  8.40084404E-02  7.54826702E-04
2.64560463E-01  8.73488784E-02  7.87472876E-04
2.64807139E-01  8.58609378E-02  7.86059943E-04
2.65053816E-01  8.42009261E-02  7.78541085E-04
2.65300492E-01  8.84872973E-02  7.57135917E-04
2.65547169E-01  8.68736953E-02  7.76071392E-04
2.65793845E-01  8.50727111E-02  7.70841201E-04
2.66040522E-01  8.64766762E-02  7.59110611E-04
2.66287198E-01  8.46169814E-02  7.77131296E-04
2.66533874E-01  8.51207301E-02  7.63143238E-04
2.66780551E-01  8.13004822E-02  7.41883123E-04
2.67027227E-01  8.63803402E-02  8.02935159E-04
2.67273904E-01  8.71005654E-02  7.74016546E-04
2.67520580E-01  8.68457556E-02  7.66123238E-04
2.67767256E-01  8.75477642E-02  7.88866775E-04
2.68013933E-01  8.47506449E-02  7.68144673E-04
2.68260609E-01  8.70105177E-02  7.71918567E-04
2.68507286E-01  8.40947479E-02  7.55318848E-04
2.68753962E-01  8.32546204E-02  7.61912204E-04
2.69000639E-01  8.48004669E-02  7.80301518E-04
2.69247315E-01  8.64093676E-02  7.80370960E-04
2.69493991E-01  8.54116231E-02  7.92526698E-04
2.69740668E-01  8.80449265E-02  7.84143340E-04
2.69987344E-01  8.63106474E-02  7.78845570E-04
2.70234021E-01  8.46177936E-02  7.52219872E-04
2.70480697E-01  8.59602317E-02  7.73309264E-04
2.70727374E-01  8.75524580E-02  8.06053635E-04
2.70974050E-01  8.45031738E-02  7.95198837E-04
2.71220726E-01  8.61904845E-02  8.07104516E-04
2.71467403E-01  8.61019045E-02  7.91478844E-04
2.71714079E-01  8.68745297E-02  7.90877384E-04
2.71960756E-01  8.66009817E-02  8.01923161E-04
2.72207432E-01  8.58006328E-02  8.02238181E-04
2.72454109E-01  8.79887193E-02  7.73793785E-04
2.72700785E-01  9.36748460E-02  8.22103582E-04
2.72947461E-01  9.08309817E-02  8.26589821E-04
2.73194138E-01  8.85274485E-02  8.14873376E-04
2.73440814E-01  8.60326141E-02  7.97956949E-04
2.73687491E-01  8.96670222E-02  8.22146714E-04
2.73934167E-01  8.96117762E-02  8.21085065E-04
2.74180843E-01  9.32012126E-02  8.36551189E-04
2.74427520E-01  8.81951451E-02  7.90103222E-04
2.74674196E-01  8.47387388E-02  8.08809767E-04
2.74920873E-01  8.88381898E-02  8.24862334E-04
2.75167549E-01  8.69712532E-02  8.01858201E-04
2.75414226E-01  8.84886160E-02  8.22454982E-04
2.75660902E-01  9.34853107E-02  8.28925637E-04
2.75907578E-01  8.48305896E-02  8.01147486E-04
2.76154255E-01  8.75690728E-02  7.93138810E-04
2.76400931E-01  8.63391384E-02  7.86635908E-04
2.76647608E-01  8.96425694E-02  8.19496578E-04
2.76894284E-01  8.56400952E-02  7.92776700E-04
2.77140961E-01  9.17735174E-02  8.35480052E-04
2.77387637E-01  9.20196995E-02  8.18916131E-04
2.77634313E-01  9.04331431E-02  8.37292697E-04
2.77880990E-01  8.59525055E-02  8.19703389E-04
2.78127666E-01  8.51236135E-02  8.11755832E-04
2.78374343E-01  8.84447023E-02  8.39932414E-04
2.78621019E-01  9.16578844E-02  8.12580111E-04
2.78867695E-01  9.09485668E-02  8.29753582E-04
2.79114372E-01  9.03607756E-02  8.20249435E-04
2.79361048E-01  9.04386789E-02  8.29073193E-04
2.79607725E-01  9.02217999E-02  8.21685011E-04
2.79854401E-01  8.88125077E-02  8.08547018E-04
2.80101078E-01  9.12008062E-02  8.27607466E-04
2.80347754E-01  9.02107656E-02  8.38968612E-04
2.80594430E-01  8.77413005E-02  8.19079403E-04
2.80841107E-01  9.06089917E-02  8.51452351E-04
2.81087783E-01  8.93707722E-02  8.13472318E-04
2.81334460E-01  8.89871716E-02  8.33638362E-04
2.81581136E-01  9.04600471E-02  8.44604161E-04
2.81827813E-01  9.07264054E-02  8.47229443E-04
2.82074489E-01  8.87757465E-02  8.46537121E-04
2.82321165E-01  9.16804671E-02  8.32738355E-04
2.82567842E-01  8.25929865E-02  7.94198830E-04
2.82814518E-01  8.68560001E-02  8.32236139E-04
2.83061195E-01  8.65842029E-02  8.17704073E-04
2.83307871E-01  9.50055122E-02  8.53567384E-04
2.83554548E-01  9.27610099E-02  8.20213405E-04
2.83801224E-01  9.18357894E-02  8.59814405E-04
2.84047900E-01  9.37950909E-02  8.44094844E-04
2.84294577E-01  9.34169441E-02  8.55969323E-04
2.84541253E-01  9.31211859E-02  8.60605098E-04
2.84787930E-01  8.94032568E-02  8.26242380E-04
2.85034606E-01  9.02874917E-02  8.60706437E-04
2.85281282E-01  8.59716162E-02  8.23719078E-04
2.85527959E-01  9.08489972E-02  8.34477542E-04
2.85774635E-01  9.11613181E-02  8.24661693E-04
2.86021312E-01  9.00810286E-02  8.40317865E-04
2.86267988E-01  9.34718773E-02  8.42412410E-04
2.86514665E-01  9.10855010E-02  8.51410266E-04
2.86761341E-01  8.99589136E-02  8.42575973E-04
2.87008017E-01  9.21394601E-02  8.30229896E-04
2.87254694E-01  8.70481059E-02  8.53928097E-04
2.87501370E-01  8.89973119E-02  8.31286190E-04
2.87748047E-01  8.57669860E-02  7.99391244E-04
2.87994723E-01  8.99354219E-02  8.54919490E-04
2.88241400E-01  9.24577564E-02  8.56648374E-04
2.88488076E-01  9.09004435E-02  8.52013996E-04
2.88734752E-01  9.05127227E-02  8.33548955E-04
2.88981429E-01  8.85297880E-02  8.42220266E-04
2.89228105E-01  9.07462090E-02  8.41762230E-04
2.89474782E-01  9.24418420E-02  8.50683486E-04
2.89721458E-01  9.34985727E-02  8.65559385E-04
2.89968134E-01  9.02228802E-02  8.41695175E-04
2.90214811E-01  8.98917466E-02  8.55707272E-04
2.90461487E-01  8.95577446E-02  8.68935895E-04
2.90708164E-01  8.55132788E-02  7.98617431E-04
2.90954840E-01  9.02393088E-02  8.42669047E-04
2.91201517E-01  8.82360414E-02  8.42406589E-04
2.91448193E-01  8.56776461E-02  8.40496272E-04
2.91694869E-01  9.40012708E-02  8.53151549E-04
2.91941546E-01  8.91839042E-02  8.52492754E-04
2.92188222E-01  8.86882320E-02  8.28939083E-04
2.92434899E-01  8.86488333E-02  8.36141757E-04
2.92681575E-01  8.91700387E-02  8.45881994E-04
2.92928252E-01  9.03708041E-02  8.22558999E-04
2.93174928E-01  8.79998282E-02  8.31703481E-04
2.93421604E-01  9.02104154E-02  8.37871688E-04
2.93668281E-01  8.80556628E-02  8.22161150E-04
2.93914957E-01  8.96419212E-02  8.33098602E-04
2.94161634E-01  9.25576240E-02  8.36474646E-04
2.94408310E-01  9.03644264E-02  8.57106701E-04
2.94654987E-01  9.08943564E-02  8.53050733E-04
2.94901663E-01  8.87946486E-02  8.41169967E-04
2.95148339E-01  8.21695402E-02  8.10014026E-04
2.95395016E-01  9.06826779E-02  8.37844331E-04
2.95641692E-01  8.79113078E-02  8.37511383E-04
2.95888369E-01  8.82173479E-02  8.35705840E-04
2.96135045E-01  8.84839818E-02  8.33783648E-04
2.96381721E-01  9.02502611E-02  8.29962839E-04
2.96628398E-01  9.35484692E-02  8.46304116E-04
2.96875074E-01  8.76555294E-02  8.45066039E-04
2.97121751E-01  8.95302147E-02  8.47139629E-04
2.97368427E-01  9.18124169E-02  8.47829564E-04
2.97615104E-01  8.88578668E-02  8.51753866E-04
2.97861780E-01  8.61719325E-02  8.20564630E-04
2.98108456E-01  8.97146538E-02  8.32726422E-04
2.98355133E-01  9.07674804E-02  8.51328950E-04
2.98601809E-01  9.01252627E-02  8.61240667E-04
2.98848486E-01  8.95041749E-02  8.56231491E-04
2.99095162E-01  8.62934813E-02  8.38033273E-04
2.99341839E-01  9.11424011E-02  8.31766520E-04
2.99588515E-01  8.79052207E-02  8.21943511E-04
2.99835191E-01  8.76323879E-02  8.54343234E-04
3.00081868E-01  9.09095034E-02  8.37784784E-04
3.00328544E-01  8.73308182E-02  8.34467588E-04
3.00575221E-01  8.56834278E-02  8.28031742E-04
3.00821897E-01  9.32740867E-02  8.66699382E-04
3.01068574E-01  8.66065323E-02  8.26507574E-04
3.01315250E-01  8.63803178E-02  8.11339822E-04
3.01561926E-01  9.08763334E-02  8.65771319E-04
3.01808603E-01  8.99891406E-02  8.35365674E-04
3.02055279E-01  9.07189921E-02  8.38805165E-04
3.02301956E-01  8.61668736E-02  8.44938739E-04
3.02548632E-01  8.89113918E-02  8.48309253E-04
3.02795308E-01  9.09596011E-02  8.51343619E-04
3.03041985E-01  9.32999849E-02  8.68101662E-04
3.03288661E-01  9.21805799E-02  8.70946911E-04
3.03535338E-01  9.13994908E-02  8.40964378E-04
3.03782014E-01  9.26906914E-02  8.39207496E-04
3.04028691E-01  9.37806591E-02  8.62838759E-04
3.04275367E-01  8.76220986E-02  8.11211125E-04
3.04522043E-01  8.98641944E-02  8.28917604E-04
3.04768720E-01  9.37415808E-02  8.73172306E-04
3.05015396E-01  9.32098404E-02  8.49859673E-04
3.05262073E-01  1.04135126E-01  9.14518198E-04
3.05508749E-01  1.01579748E-01  9.00632236E-04
3.05755426E-01  1.02872483E-01  9.25639819E-04
3.06002102E-01  1.07054166E-01  9.38889221E-04
3.06248778E-01  1.08236149E-01  9.54821298E-04
3.06495455E-01  1.09535024E-01  9.31574847E-04
3.06742131E-01  1.17423415E-01  9.91325942E-04
3.06988808E-01  1.19323693E-01  9.88390879E-04
3.07235484E-01  1.30675137E-01  1.02995278E-03
3.07482160E-01  1.33306146E-01  1.08676834E-03
3.07728837E-01  1.31522879E-01  1.06395513E-03
3.07975513E-01  1.40182421E-01  1.10246532E-03
3.08222190E-01  1.40199527E-01  1.11311069E-03
3.08468866E-01  1.49543643E-01  1.08818803E-03
3.08715543E-01  1.52957305E-01  1.12987787E-03
3.08962219E-01  1.63868651E-01  1.15240633E-03
3.09208895E-01  1.64415523E-01  1.15430320E-03
3.09455572E-01  1.69912621E-01  1.21023075E-03
3.09702248E-01  1.68597057E-01  1.14053395E-03
3.09948925E-01  1.69462740E-01  1.18134613E-03
3.10195601E-01  1.68018445E-01  1.17229309E-03
3.10442278E-01  1.62554547E-01  1.15359132E-03
3.10688954E-01  1.64596722E-01  1.14721386E-03
3.10935630E-01  1.65348098E-01  1.15680287E-03
3.11182307E-01  1.60771444E-01  1.15122506E-03
3.11428983E-01  1.51681662E-01  1.09095965E-03
3.11675660E-01  1.44682005E-01  1.08280987E-03
3.11922336E-01  1.37351871E-01  1.06365746E-03
3.12169013E-01  1.31195903E-01  1.01376220E-03
3.12415689E-01  1.29486039E-01  1.02580094E-03
3.12662365E-01  1.26767665E-01  1.02417136E-03
3.12909042E-01  1.17713012E-01  9.77026531E-04
3.13155718E-01  1.13500290E-01  9.44866624E-04
3.13402395E-01  1.14802033E-01  9.71311936E-04
3.13649071E-01  1.09118409E-01  9.73788148E-04
3.13895747E-01  1.03867814E-01  9.21980187E-04
3.14142424E-01  9.98882800E-02  8.87705595E-04
3.14389100E-01  1.00640237E-01  9.22795618E-04
3.14635777E-01  9.36196372E-02  8.70949647E-04
3.14882453E-01  9.79932845E-02  9.07109119E-04
3.15129130E-01  9.14259925E-02  8.59248976E-04
3.15375806E-01  9.07943845E-02  8.70934280E-04
3.15622482E-01  9.46268439E-02  8.93555989E-04
3.15869159E-01  8.69007185E-02  8.30594567E-04
3.16115835E-01  9.34006497E-02  8.55535269E-04
3.16362512E-01  8.90853405E-02  8.48513679E-04
3.16609188E-01  9.14695561E-02  8.49259202E-04
3.16855865E-01  8.84750411E-02  8.33110476E-04
3.17102541E-01  9.31481719E-02  8.78496678E-04
3.17349217E-01  8.82360637E-02  8.37594096E-04
3.17595894E-01  8.76294151E-02  8.53083038E-04
3.17842570E-01  8.95704329E-02  8.48422875E-04
3.18089247E-01  8.83746147E-02  8.27558804E-04
3.18335923E-01  9.05998051E-02  8.64543079E-04
3.18582599E-01  9.27217379E-02  8.80177948E-04
3.18829276E-01  8.91592801E-02  8.38604756E-04
3.19075952E-01  8.61296356E-02  8.41868517E-04
3.19322629E-01  8.96447003E-02  8.64317524E-04
3.19569305E-01  8.62318426E-02  8.37097294E-04
3.19815982E-01  8.87359232E-02  8.60920118E-04
3.20062658E-01  8.84254426E-02  8.57146690E-04
3.20309334E-01  8.90780762E-02  8.68202769E-04
3.20556011E-01  8.74411464E-02  8.36375111E-04
3.20802687E-01  8.55658725E-02  8.53106321E-04
3.21049364E-01  8.95434767E-02  8.66336748E-04
3.21296040E-01  8.61315280E-02  8.19880748E-04
3.21542717E-01  9.01684985E-02  8.46281182E-04
3.21789393E-01  8.98541287E-02  8.63986497E-04
3.22036069E-01  8.29329044E-02  8.39299988E-04
3.22282746E-01  8.87401029E-02  8.43874877E-04
3.22529422E-01  8.85937810E-02  8.80135747E-04
3.22776099E-01  9.12949145E-02  8.24146089E-04
3.23022775E-01  8.70355293E-02  8.27245240E-04
3.23269452E-01  8.52267221E-02  8.20642221E-04
3.23516128E-01  8.70885998E-02  8.19063571E-04
3.23762804E-01  8.64850730E-02  8.47367686E-04
3.24009481E-01  9.08768177E-02  8.41719797E-04
3.24256157E-01  9.38634276E-02  8.86636495E-04
3.24502834E-01  9.19860378E-02  8.65940587E-04
3.24749510E-01  8.88306051E-02  8.50392331E-04
3.24996186E-01  9.37653705E-02  8.72770557E-04
3.25242863E-01  9.05584395E-02  8.62024957E-04
3.25489539E-01  8.81953835E-02  8.47580435E-04
3.25736216E-01  8.76059532E-02  8.14362604E-04
3.25982892E-01  8.85793939E-02  8.88297567E-04
3.26229569E-01  8.54309425E-02  8.58140178E-04
3.26476245E-01  8.76886100E-02  8.33709899E-04
3.26722921E-01  8.78580511E-02  8.51766730E-04
3.26969598E-01  8.93296450E-02  8.51540361E-04
3.27216274E-01  8.19000751E-02  8.35915271E-04
3.27462951E-01  8.76158178E-02  8.53791309E-04
3.27709627E-01  8.81936029E-02  8.56681436E-04
3.27956304E-01  8.73223171E-02  8.65349139E-04
3.28202980E-01  8.98761600E-02  8.54512269E-04
3.28449656E-01  9.10376161E-02  8.64728529E-04
3.28696333E-01  8.84455815E-02  8.53888050E-04
3.28943009E-01  8.86591226E-02  8.66696239E-04
3.29189686E-01  8.73911902E-02  8.60359636E-04
3.29436362E-01  8.82409811E-02  8.62485555E-04
3.29683039E-01  9.26538035E-02  8.72942153E-04
3.29929715E-01  8.99405554E-02  8.70064774E-04
3.30176391E-01  9.30972844E-02  8.63655121E-04
3.30423068E-01  8.92154276E-02  8.55524384E-04
3.30669744E-01  8.68536979E-02  8.31252197E-04
3.30916421E-01  8.87619108E-02  8.79543892E-04
3.31163097E-01  8.77652243E-02  8.36975290E-04
3.31409773E-01  8.48385692E-02  8.41837551E-04
3.31656450E-01  9.05959830E-02  8.39445391E-04
3.31903126E-01  8.89806375E-02  8.69709358E-04
3.32149803E-01  9.06956270E-02  8.67612194E-04
3.32396479E-01  8.80237818E-02  8.37525760E-04
3.32643156E-01  8.64554271E-02  8.28659802E-04
3.32889832E-01  9.05388817E-02  8.69359821E-04
3.33136508E-01  9.09053311E-02  8.76915234E-04
3.33383185E-01  8.36370438E-02  8.27724114E-04
3.33629861E-01  9.11713317E-02  8.88293900E-04
3.33876538E-01  8.73824134E-02  8.44152528E-04
3.34123214E-01  8.70875716E-02  8.38580832E-04
3.34369891E-01  9.22836065E-02  8.75076978E-04
3.34616567E-01  8.71074945E-02  8.69596435E-04
3.34863243E-01  8.93110856E-02  8.54048238E-04
3.35109920E-01  8.93881842E-02  8.55708728E-04
3.35356596E-01  8.85636508E-02  8.34736798E-04
3.35603273E-01  9.10410807E-02  8.68639385E-04
3.35849949E-01  8.76606777E-02  8.46777519E-04
3.36096625E-01  9.00090188E-02  8.70807387E-04
3.36343302E-01  8.77182782E-02  8.49505886E-04
3.36589978E-01  8.89706239E-02  8.35082319E-04
3.36836655E-01  8.71106833E-02  8.53023375E-04
3.37083331E-01  9.27780196E-02  8.65714217E-04
3.37330008E-01  8.83511677E-02  8.42854904E-04
3.37576684E-01  8.35347399E-02  8.41050351E-04
3.37823360E-01  8.75346437E-02  8.42743437E-04
3.38070037E-01  9.15397033E-02  8.64878355E-04
3.38316713E-01  8.97699967E-02  8.64938309E-04
3.38563390E-01  9.00127217E-02  8.64263391E-04
3.38810066E-01  9.08183753E-02  8.79808154E-04
3.39056743E-01  8.87654647E-02  8.37083557E-04
3.39303419E-01  8.57522786E-02  8.45069415E-04
3.39550095E-01  8.66612345E-02  8.56804079E-04
3.39796772E-01  8.60737711E-02  8.57368752E-04
3.40043448E-01  9.00618434E-02  8.76756909E-04
3.40290125E-01  8.73635635E-02  8.64183996E-04
3.40536801E-01  8.80729780E-02  8.59420456E-04
3.40783478E-01  8.94672200E-02  8.50197102E-04
3.41030154E-01  8.59860405E-02  8.41977540E-04
3.41276830E-01  8.60999972E-02  8.46788986E-04
3.41523507E-01  8.70735571E-02  8.39322456E-04
3.41770183E-01  8.90194401E-02  8.52723431E-04
3.42016860E-01  9.03077498E-02  8.81299784E-04
3.42263536E-01  9.31389332E-02  8.66440241E-04
3.42510212E-01  9.03970152E-02  8.80546286E-04
3.42756889E-01  8.99031833E-02  8.84671230E-04
3.43003565E-01  8.90678987E-02  8.51727556E-04
3.43250242E-01  9.25190151E-02  8.79391329E-04
3.43496918E-01  9.00445059E-02  8.62180255E-04
3.43743595E-01  8.73535052E-02  8.59888736E-04
3.43990271E-01  8.89502615E-02  8.55814433E-04
3.44236947E-01  8.95416737E-02  8.33915081E-04
3.44483624E-01  8.74067023E-02  8.58402287E-04
3.44730300E-01  8.93668234E-02  8.70433578E-04
3.44976977E-01  8.72811973E-02  8.50844081E-04
3.45223653E-01  9.17673782E-02  8.45015515E-04
3.45470330E-01  8.72034281E-02  8.39566288E-04
3.45717006E-01  9.07967761E-02  8.56478815E-04
3.45963682E-01  8.57568383E-02  8.45643750E-04
3.46210359E-01  9.09414738E-02  8.73867481E-04
3.46457035E-01  8.89164209E-02  8.54920130E-04
3.46703712E-01  9.24245566E-02  8.89829593E-04
3.46950388E-01  8.51064473E-02  8.40587134E-04
3.47197064E-01  8.85965750E-02  8.56552506E-04
3.47443741E-01  8.74660164E-02  8.51979421E-04
3.47690417E-01  8.94493759E-02  8.71759548E-04
3.47937094E-01  8.84186327E-02  8.43725400E-04
3.48183770E-01  8.43106657E-02  8.54390208E-04
3.48430447E-01  8.84413198E-02  8.29691475E-04
3.48677123E-01  8.65489021E-02  8.42283887E-04
3.48923799E-01  8.61606002E-02  8.37715750E-04
3.49170476E-01  8.86387378E-02  8.36444262E-04
3.49417152E-01  9.26011056E-02  8.63723282E-04
3.49663829E-01  8.92212018E-02  8.64901638E-04
3.49910505E-01  8.43589678E-02  8.13803868E-04
3.50157182E-01  8.96207690E-02  8.47964897E-04
3.50403858E-01  8.71034190E-02  8.31171172E-04
3.50650534E-01  8.57476592E-02  8.30884441E-04
3.50897211E-01  9.00881961E-02  8.56219500E-04
3.51143887E-01  8.57800692E-02  8.66245828E-04
3.51390564E-01  8.68845433E-02  8.49171309E-04
3.51637240E-01  9.00972113E-02  8.30569246E-04
3.51883917E-01  8.33162218E-02  8.36240244E-04
3.52130593E-01  8.95245299E-02  8.65711074E-04
3.52377269E-01  9.10805985E-02  8.62602668E-04
3.52623946E-01  9.01783556E-02  8.48286203E-04
3.52870622E-01  8.58754516E-02  8.16977175E-04
3.53117299E-01  8.62525329E-02  8.47931486E-04
3.53363975E-01  8.63684863E-02  8.44568713E-04
3.53610651E-01  8.54116753E-02  8.47979158E-04
3.53857328E-01  8.26177299E-02  8.25937022E-04
3.54104004E-01  8.57593566E-02  8.35187268E-04
3.54350681E-01  8.68964344E-02  8.33733997E-04
3.54597357E-01  8.60116333E-02  8.49906122E-04
3.54844034E-01  8.10459480E-02  8.15151667E-04
3.55090710E-01  8.45733956E-02  8.12171609E-04
3.55337386E-01  8.35941583E-02  8.23510287E-04
3.55584063E-01  8.61222297E-02  8.50537384E-04
3.55830739E-01  8.75766352E-02  8.51288962E-04
3.56077416E-01  8.75558257E-02  8.37597530E-04
3.56324092E-01  8.74121338E-02  8.53845675E-04
3.56570769E-01  8.27853903E-02  8.40926659E-04
3.56817445E-01  8.73264149E-02  8.56468745E-04
3.57064121E-01  8.70027542E-02  8.45695147E-04
3.57310798E-01  8.39882195E-02  8.21915921E-04
3.57557474E-01  8.50361064E-02  8.39648827E-04
3.57804151E-01  8.43547657E-02  8.31723562E-04
3.58050827E-01  8.12255219E-02  8.25803494E-04
3.58297503E-01  8.82508755E-02  8.37171858E-04
3.58544180E-01  8.27086121E-02  8.08630139E-04
3.58790856E-01  8.57317522E-02  8.53352831E-04
3.59037533E-01  8.06694776E-02  8.14749685E-04
3.59284209E-01  8.76253694E-02  8.51951016E-04
3.59530886E-01  8.69121253E-02  8.66782153E-04
3.59777562E-01  8.42541456E-02  8.46654177E-04
3.60024238E-01  8.58935043E-02  8.47489864E-04
3.60270915E-01  8.21866766E-02  8.52047757E-04
3.60517591E-01  8.11230168E-02  8.04061710E-04
3.60764268E-01  8.13271180E-02  8.31476122E-04
3.61010944E-01  8.59661922E-02  8.49585573E-04
3.61257621E-01  8.51920173E-02  8.51644727E-04
3.61504297E-01  8.58004093E-02  8.28633551E-04
3.61750973E-01  8.92853588E-02  8.55594117E-04
3.61997650E-01  8.03747848E-02  7.93421292E-04
3.62244326E-01  8.45370293E-02  8.40347551E-04
3.62491003E-01  8.02924559E-02  8.14163068E-04
3.62737679E-01  8.65271538E-02  8.51083430E-04
3.62984356E-01  8.57641697E-02  8.26900068E-04
3.63231032E-01  7.90793449E-02  8.03904026E-04
3.63477708E-01  8.24955925E-02  8.27453390E-04
3.63724385E-01  8.22231397E-02  8.20168236E-04
3.63971061E-01  8.39744285E-02  8.49054661E-04
3.64217738E-01  8.37683305E-02  8.52761266E-04
3.64464414E-01  8.23345631E-02  8.05142161E-04
3.64711090E-01  8.33549500E-02  8.26776843E-04
3.64957767E-01  8.23537335E-02  8.21679889E-04
3.65204443E-01  8.31616819E-02  8.39027402E-04
3.65451120E-01  8.30192119E-02  8.15894397E-04
3.65697796E-01  8.16667974E-02  8.29112076E-04
3.65944473E-01  8.34182873E-02  8.24480667E-04
3.66191149E-01  8.11527446E-02  8.03259434E-04
3.66437825E-01  8.10428262E-02  8.09649413E-04
3.66684502E-01  8.24867934E-02  8.24690273E-04
3.66931178E-01  8.18772390E-02  8.06180644E-04
3.67177855E-01  7.93560371E-02  8.05359276E-04
3.67424531E-01  7.94517100E-02  8.11650767E-04
3.67671208E-01  8.20027292E-02  7.93525774E-04
3.67917884E-01  8.17233399E-02  8.08809942E-04
3.68164560E-01  8.18078667E-02  8.03790346E-04
3.68411237E-01  8.11574310E-02  8.29025696E-04
3.68657913E-01  8.58697891E-02  8.20908695E-04
3.68904590E-01  8.53051171E-02  8.38292879E-04
3.69151266E-01  8.06131288E-02  7.99307367E-04
3.69397943E-01  8.28438550E-02  8.25629919E-04
3.69644619E-01  8.16425160E-02  8.24324787E-04
3.69891295E-01  7.66694844E-02  7.91367376E-04
3.70137972E-01  8.01084936E-02  8.14879080E-04
3.70384648E-01  8.05788115E-02  7.92042702E-04
3.70631325E-01  8.27104598E-02  7.99549220E-04
3.70878001E-01  7.99911693E-02  8.15000327E-04
3.71124677E-01  8.11122730E-02  8.45748000E-04
3.71371354E-01  8.12666118E-02  8.31162441E-04
3.71618030E-01  8.36051181E-02  8.43246584E-04
3.71864707E-01  7.81591535E-02  7.97378249E-04
3.72111383E-01  7.99597725E-02  8.36523192E-04
3.72358060E-01  8.38051736E-02  8.16668093E-04
3.72604736E-01  7.77407065E-02  7.90962717E-04
3.72851412E-01  8.61835033E-02  8.25135910E-04
3.73098089E-01  7.94215649E-02  7.98504159E-04
3.73344765E-01  8.09581429E-02  8.12422077E-04
3.73591442E-01  7.97315910E-02  7.97449844E-04
3.73838118E-01  8.12186226E-02  8.26155650E-04
3.74084795E-01  8.13434646E-02  8.19264271E-04
3.74331471E-01  8.09017047E-02  7.99360743E-04
3.74578147E-01  8.12604427E-02  8.03854899E-04
3.74824824E-01  8.10127556E-02  7.97700603E-04
3.75071500E-01  8.34073573E-02  8.22807371E-04
3.75318177E-01  7.61342347E-02  7.74622371E-04
3.75564853E-01  8.13718736E-02  8.16002837E-04
3.75811529E-01  8.19610804E-02  8.04957002E-04
3.76058206E-01  8.10694695E-02  8.33032245E-04
3.76304882E-01  8.02742615E-02  8.06646131E-04
3.76551559E-01  8.14948529E-02  8.11690581E-04
3.76798235E-01  8.25378075E-02  8.17721186E-04
3.77044912E-01  8.24578553E-02  8.29349388E-04
3.77291588E-01  8.05735067E-02  8.12856364E-04
3.77538264E-01  8.37780014E-02  8.14985833E-04
3.77784941E-01  8.24895948E-02  8.10021302E-04
3.78031617E-01  7.83189088E-02  7.84203643E-04
3.78278294E-01  7.82135054E-02  7.97484769E-04
3.78524970E-01  7.96965659E-02  8.05199204E-04
3.78771647E-01  8.34505111E-02  8.23087117E-04
3.79018323E-01  8.30706358E-02  8.37441126E-04
3.79264999E-01  7.60181695E-02  7.88669917E-04
3.79511676E-01  7.99425468E-02  8.29405093E-04
3.79758352E-01  7.99205080E-02  7.99973088E-04
3.80005029E-01  8.16977471E-02  8.10371363E-04
3.80251705E-01  8.29947740E-02  8.48294003E-04
3.80498382E-01  7.92447552E-02  7.94955296E-04
3.80745058E-01  7.70581588E-02  8.06290074E-04
3.80991734E-01  8.30235332E-02  8.19040346E-04
3.81238411E-01  7.84892216E-02  8.31320998E-04
3.81485087E-01  8.01746845E-02  8.20075045E-04
3.81731764E-01  7.99755007E-02  8.39871122E-04
3.81978440E-01  8.17261040E-02  8.74093617E-04
3.82225116E-01  8.05706680E-02  8.35010957E-04
3.82471793E-01  8.05241615E-02  8.63266236E-04
3.82718469E-01  8.34368020E-02  8.82854511E-04
3.82965146E-01  7.98932388E-02  8.89152347E-04
3.83211822E-01  7.59428814E-02  8.25031602E-04
3.83458499E-01  7.73045346E-02  8.60285014E-04
3.83705175E-01  8.13638046E-02  9.01483349E-04
3.83951851E-01  8.12275410E-02  8.95655830E-04
3.84198528E-01  8.08500871E-02  8.96618236E-04
3.84445204E-01  7.85510540E-02  9.10972303E-04
3.84691881E-01  8.15453827E-02  9.21734842E-04
3.84938557E-01  7.10603222E-02  8.70608725E-04
3.85185234E-01  7.85442367E-02  8.97838094E-04
3.85431910E-01  8.23874027E-02  9.02927888E-04
3.85678586E-01  8.13844800E-02  9.02571948E-04
3.85925263E-01  8.06481019E-02  9.24998370E-04
3.86171939E-01  8.22850466E-02  9.67421045E-04
3.86418616E-01  7.69815519E-02  9.14999924E-04
3.86665292E-01  7.99450055E-02  9.25051165E-04
3.86911968E-01  8.15777853E-02  9.16702265E-04
3.87158645E-01  8.29373300E-02  9.46247135E-04
3.87405321E-01  7.89914131E-02  9.12523828E-04
3.87651998E-01  7.56519586E-02  8.97136924E-04
3.87898674E-01  8.15282091E-02  9.41447797E-04
3.88145351E-01  7.89720416E-02  9.26247856E-04
3.88392027E-01  7.94595256E-02  9.60739271E-04
3.88638703E-01  8.00185427E-02  9.83554055E-04
3.88885380E-01  7.97266811E-02  9.25569329E-04
3.89132056E-01  7.96530470E-02  9.47188062E-04
3.89378733E-01  7.69742653E-02  9.62361868E-04
3.89625409E-01  8.09528083E-02  9.82890488E-04
3.89872086E-01  8.07458758E-02  9.73426620E-04
3.90118762E-01  7.92427883E-02  9.35891527E-04
3.90365438E-01  7.77866915E-02  9.50683549E-04
3.90612115E-01  8.02028701E-02  9.48468398E-04
3.90858791E-01  8.06777850E-02  9.11946001E-04
3.91105468E-01  8.58199820E-02  9.36788449E-04
3.91352144E-01  8.04588422E-02  9.10401577E-04
3.91598821E-01  8.29254687E-02  9.26142151E-04
3.91845497E-01  7.91815668E-02  8.80483887E-04
3.92092173E-01  7.97652975E-02  8.84377689E-04
3.92338850E-01  8.22285563E-02  8.78894469E-04
3.92585526E-01  8.04240629E-02  8.94396100E-04
3.92832203E-01  7.77866915E-02  8.68252770E-04
3.93078879E-01  7.36967325E-02  8.53655103E-04
3.93325555E-01  7.99936429E-02  8.95191683E-04
3.93572232E-01  7.88989738E-02  8.96984478E-04
3.93818908E-01  7.71744698E-02  8.98341881E-04
3.94065585E-01  7.78051242E-02  8.82332213E-04
3.94312261E-01  8.56637061E-02  9.27737856E-04
3.94558938E-01  7.94757307E-02  9.09587136E-04
3.94805614E-01  7.82211423E-02  8.56555242E-04
3.95052290E-01  7.92344064E-02  8.66994029E-04
3.95298967E-01  8.00515860E-02  8.62117391E-04
3.95545643E-01  7.80681819E-02  8.73942219E-04
3.95792320E-01  8.27594846E-02  8.87627481E-04
3.96038996E-01  7.99963623E-02  8.93813791E-04
3.96285673E-01  8.11335221E-02  8.64250003E-04
3.96532349E-01  7.77228102E-02  8.79657280E-04
3.96779025E-01  8.18496421E-02  8.80133535E-04
3.97025702E-01  7.84038529E-02  8.67870869E-04
3.97272378E-01  7.97902122E-02  8.74800608E-04
3.97519055E-01  7.83542320E-02  8.94622644E-04
3.97765731E-01  7.70730376E-02  8.67287337E-04
3.98012407E-01  7.93610439E-02  8.67321331E-04
3.98259084E-01  7.90611356E-02  8.56580853E-04
3.98505760E-01  8.12892094E-02  8.83452478E-04
3.98752437E-01  7.76220709E-02  8.44860275E-04
3.98999113E-01  7.59212375E-02  8.53391888E-04
3.99245790E-01  8.20242688E-02  8.83750618E-04
3.99492466E-01  8.29911456E-02  8.88462644E-04
3.99739142E-01  8.11246708E-02  8.86845402E-04
3.99985819E-01  8.24639201E-02  8.83294444E-04
4.00232495E-01  8.18330646E-02  8.66208284E-04
4.00479172E-01  8.12908858E-02  8.85602087E-04
4.00725848E-01  8.22660103E-02  8.73294019E-04
4.00972525E-01  7.58327320E-02  8.59374413E-04
4.01219201E-01  7.82080516E-02  8.67678318E-04
4.01465877E-01  7.32924119E-02  8.32440623E-04
4.01712554E-01  7.96590820E-02  8.43339076E-04
4.01959230E-01  8.04601088E-02  8.81266897E-04
4.02205907E-01  7.88246468E-02  8.60096421E-04
4.02452583E-01  8.02246332E-02  8.54010461E-04
4.02699260E-01  7.82138780E-02  8.32748192E-04
4.02945936E-01  7.97969773E-02  8.68370989E-04
4.03192612E-01  8.05729777E-02  8.70774500E-04
4.03439289E-01  7.82044604E-02  8.33809841E-04
4.03685965E-01  7.88860023E-02  8.66768183E-04
4.03932642E-01  8.31795856E-02  8.81366897E-04
4.04179318E-01  7.79216737E-02  8.53402365E-04
4.04425994E-01  7.90312514E-02  8.19364039E-04
4.04672671E-01  7.92312920E-02  8.60560103E-04
4.04919347E-01  8.15843344E-02  8.69218376E-04
4.05166024E-01  7.93767869E-02  8.35191517E-04
4.05412700E-01  8.21225047E-02  8.59837513E-04
4.05659377E-01  7.89955333E-02  8.43427551E-04
4.05906053E-01  8.17817077E-02  8.78536026E-04
4.06152729E-01  8.16851631E-02  8.91860283E-04
4.06399406E-01  8.00104961E-02  8.41740344E-04
4.06646082E-01  7.89833963E-02  8.55441031E-04
4.06892759E-01  7.93086663E-02  8.72783363E-04
4.07139435E-01  8.01468864E-02  8.77559301E-04
4.07386112E-01  8.22230503E-02  8.62917746E-04
4.07632788E-01  7.84606040E-02  8.61337699E-04
4.07879464E-01  8.44313055E-02  9.07482405E-04
4.08126141E-01  7.65616596E-02  8.37697124E-04
4.08372817E-01  7.83046782E-02  8.36850610E-04
4.08619494E-01  7.80038536E-02  8.44962313E-04
4.08866170E-01  7.89583474E-02  8.78757623E-04
4.09112847E-01  7.65498281E-02  8.39579734E-04
4.09359523E-01  7.85594285E-02  8.52574594E-04
4.09606199E-01  8.02591220E-02  8.60653468E-04
4.09852876E-01  8.09243843E-02  8.48460011E-04
4.10099552E-01  7.63778314E-02  8.26052041E-04
4.10346229E-01  7.65799507E-02  8.51167308E-04
4.10592905E-01  7.96278417E-02  8.67927272E-04
4.10839581E-01  7.92107508E-02  8.53044621E-04
4.11086258E-01  7.90043846E-02  8.49831849E-04
4.11332934E-01  7.93919116E-02  8.82496650E-04
4.11579611E-01  7.97999352E-02  8.44595721E-04
4.11826287E-01  7.58784786E-02  8.24019371E-04
4.12072964E-01  8.36121589E-02  8.75337282E-04
4.12319640E-01  7.97067210E-02  8.31702666E-04
4.12566316E-01  8.29830021E-02  8.56939529E-04
4.12812993E-01  7.85337463E-02  8.48945987E-04
4.13059669E-01  7.90821686E-02  8.49953736E-04
4.13306346E-01  7.88143054E-02  8.68306088E-04
4.13553022E-01  7.94456229E-02  8.81921325E-04
4.13799699E-01  7.85624012E-02  8.53607140E-04
4.14046375E-01  8.03206265E-02  8.52663361E-04
4.14293051E-01  8.39910060E-02  8.68980016E-04
4.14539728E-01  7.68835768E-02  8.27936747E-04
4.14786404E-01  7.27534294E-02  8.29743629E-04
4.15033081E-01  7.82350674E-02  8.33682541E-04
4.15279757E-01  7.64237642E-02  8.48266238E-04
4.15526433E-01  7.53362551E-02  8.29113589E-04
4.15773110E-01  7.58220479E-02  8.16304528E-04
4.16019786E-01  8.05140585E-02  8.72478820E-04
4.16266463E-01  7.80265033E-02  8.37794796E-04
4.16513139E-01  7.39949569E-02  8.06484197E-04
4.16759816E-01  7.63594881E-02  8.63802619E-04
4.17006492E-01  7.91615993E-02  8.51196062E-04
4.17253168E-01  7.85202086E-02  8.37155676E-04
4.17499845E-01  8.38622451E-02  8.63852620E-04
4.17746521E-01  8.39024782E-02  8.80337262E-04
4.17993198E-01  7.24889860E-02  8.09770077E-04
4.18239874E-01  7.55901188E-02  8.25564435E-04
4.18486551E-01  7.73790777E-02  8.38104810E-04
4.18733227E-01  7.39119276E-02  7.90402875E-04
4.18979903E-01  7.67616555E-02  8.29744386E-04
4.19226580E-01  8.26343223E-02  8.60249449E-04
4.19473256E-01  7.92097151E-02  8.74992460E-04
4.19719933E-01  7.44266734E-02  8.22109752E-04
4.19966609E-01  8.20698366E-02  8.49546341E-04
4.20213286E-01  8.02559257E-02  8.75815691E-04
4.20459962E-01  8.12221169E-02  8.57003208E-04
4.20706638E-01  7.52294511E-02  8.17751396E-04
4.20953315E-01  8.14078674E-02  8.70983466E-04
4.21199991E-01  7.80320987E-02  8.40715074E-04
4.21446668E-01  7.65070245E-02  8.52180878E-04
4.21693344E-01  7.91430250E-02  8.59064516E-04
4.21940020E-01  8.13166574E-02  8.46269191E-04
4.22186697E-01  7.44135007E-02  8.21753812E-04
4.22433373E-01  7.85142034E-02  8.59953812E-04
4.22680050E-01  8.07653144E-02  8.54010053E-04
4.22926726E-01  7.86415637E-02  8.35415733E-04
4.23173403E-01  8.15571845E-02  8.57111416E-04
4.23420079E-01  8.13329816E-02  8.70045158E-04
4.23666755E-01  7.83708841E-02  8.34033883E-04
4.23913432E-01  7.95634016E-02  8.54073383E-04
4.24160108E-01  8.07488263E-02  8.56275437E-04
4.24406785E-01  7.94239268E-02  8.63460824E-04
4.24653461E-01  8.47331062E-02  8.92994867E-04
4.24900138E-01  8.25915560E-02  8.64201458E-04
4.25146814E-01  8.05893466E-02  8.38463602E-04
4.25393490E-01  7.99252540E-02  8.40296911E-04
4.25640167E-01  7.92891458E-02  8.61285545E-04
4.25886843E-01  7.77599737E-02  8.35682207E-04
4.26133520E-01  7.70601109E-02  8.25475319E-04
4.26380196E-01  7.68428966E-02  8.62843357E-04
4.26626872E-01  8.03637356E-02  8.64685688E-04
4.26873549E-01  7.75246546E-02  8.35589308E-04
4.27120225E-01  7.91666880E-02  8.51241406E-04
4.27366902E-01  8.37557167E-02  8.59970693E-04
4.27613578E-01  7.61913955E-02  8.39445565E-04
4.27860255E-01  7.98845515E-02  8.66436458E-04
4.28106931E-01  8.34313631E-02  8.56638479E-04
4.28353607E-01  7.83501342E-02  8.50810553E-04
4.28600284E-01  7.99730495E-02  8.30288860E-04
4.28846960E-01  8.00657645E-02  8.55838531E-04
4.29093637E-01  8.04428831E-02  8.58725165E-04
4.29340313E-01  8.25657248E-02  8.44277965E-04
4.29586990E-01  7.80670941E-02  8.45769362E-04
4.29833666E-01  7.67042264E-02  8.22124945E-04
4.30080342E-01  7.73542598E-02  8.57186853E-04
4.30327019E-01  7.96722844E-02  8.39827699E-04
4.30573695E-01  7.65560046E-02  8.43549089E-04
4.30820372E-01  7.87309036E-02  8.68769828E-04
4.31067048E-01  7.95570835E-02  8.60212138E-04
4.31313725E-01  7.94378072E-02  8.40948895E-04
4.31560401E-01  8.07629153E-02  8.64035042E-04
4.31807077E-01  7.81221017E-02  8.19204492E-04
4.32053754E-01  7.72766098E-02  8.45586648E-04
4.32300430E-01  8.27244297E-02  8.59421329E-04
4.32547107E-01  7.80477300E-02  8.40176013E-04
4.32793783E-01  7.80866817E-02  8.45186645E-04
4.33040459E-01  7.70092681E-02  8.23792361E-04
4.33287136E-01  8.34591687E-02  8.57667357E-04
4.33533812E-01  8.03305060E-02  8.52129539E-04
4.33780489E-01  7.18714967E-02  8.20946996E-04
4.34027165E-01  7.72942677E-02  8.42587207E-04
4.34273842E-01  8.05091262E-02  8.45834438E-04
4.34520518E-01  7.69470260E-02  8.47981253E-04
4.34767194E-01  7.71223903E-02  8.30739329E-04
4.35013871E-01  7.96093494E-02  8.75679078E-04
4.35260547E-01  7.77380094E-02  8.70998425E-04
4.35507224E-01  8.24232772E-02  8.70306743E-04
4.35753900E-01  7.93815404E-02  8.62720772E-04
4.36000577E-01  8.40380266E-02  8.51488148E-04
4.36247253E-01  8.31703618E-02  8.95795529E-04
4.36493929E-01  7.56000280E-02  8.24789226E-04
4.36740606E-01  8.03372264E-02  8.36087565E-04
4.36987282E-01  8.02278891E-02  8.56211642E-04
4.37233959E-01  8.04758966E-02  8.73328303E-04
4.37480635E-01  7.61841089E-02  8.28686054E-04
4.37727311E-01  8.10567737E-02  8.63904366E-04
4.37973988E-01  7.74990171E-02  8.29483499E-04
4.38220664E-01  7.88725689E-02  8.58760846E-04
4.38467341E-01  8.07882398E-02  8.42223526E-04
4.38714017E-01  7.83933774E-02  8.33807280E-04
4.38960694E-01  7.97054619E-02  8.53715348E-04
4.39207370E-01  7.77564198E-02  8.40337540E-04
4.39454046E-01  8.30468461E-02  8.80163338E-04
4.39700723E-01  7.62794763E-02  8.38014937E-04
4.39947399E-01  8.14314857E-02  8.81852524E-04
4.40194076E-01  7.76106566E-02  8.34863575E-04
4.40440752E-01  7.72875845E-02  8.36527674E-04
4.40687429E-01  8.00478905E-02  8.54989397E-04
4.40934105E-01  7.95105398E-02  8.66525923E-04
4.41180781E-01  8.46098736E-02  8.72916076E-04
4.41427458E-01  8.35494921E-02  8.80722655E-04
4.41674134E-01  7.89247379E-02  8.45892704E-04
4.41920811E-01  7.77178332E-02  8.43626622E-04
4.42167487E-01  8.10651928E-02  8.41957575E-04
4.42414164E-01  7.98328891E-02  8.56476719E-04
4.42660840E-01  7.80790225E-02  8.58652347E-04
4.42907516E-01  7.92372227E-02  8.21143622E-04
4.43154193E-01  7.35919103E-02  8.24568153E-04
4.43400869E-01  8.01749006E-02  8.41425906E-04
4.43647546E-01  8.23611990E-02  8.52607947E-04
4.43894222E-01  8.28236267E-02  8.68918665E-04
4.44140898E-01  7.57765323E-02  8.16857035E-04
4.44387575E-01  8.09039250E-02  8.60233617E-04
4.44634251E-01  8.24461803E-02  8.59918306E-04
4.44880928E-01  8.36356059E-02  8.82927328E-04
4.45127604E-01  7.83353373E-02  8.39336717E-04
4.45374281E-01  7.78985396E-02  8.50019103E-04
4.45620957E-01  7.98326731E-02  8.49300937E-04
4.45867633E-01  8.18606615E-02  8.67139024E-04
4.46114310E-01  8.23550597E-02  8.58257990E-04
4.46360986E-01  8.23543444E-02  8.81949207E-04
4.46607663E-01  8.17957371E-02  8.54709418E-04
4.46854339E-01  7.56462291E-02  8.28060904E-04
4.47101016E-01  7.68739060E-02  8.39712506E-04
4.47347692E-01  7.86161125E-02  8.44002701E-04
4.47594368E-01  8.22398439E-02  8.85255635E-04
4.47841045E-01  8.44324306E-02  8.49738484E-04
4.48087721E-01  7.75040984E-02  8.40604363E-04
4.48334398E-01  7.97305554E-02  8.27466312E-04
4.48581074E-01  7.70772621E-02  8.24522867E-04
4.48827751E-01  8.03016424E-02  8.46550975E-04
4.49074427E-01  8.23153555E-02  8.68312141E-04
4.49321103E-01  8.23508352E-02  8.38867913E-04
4.49567780E-01  7.44610727E-02  8.27781623E-04
4.49814456E-01  8.01685005E-02  8.47140502E-04
4.50061133E-01  7.80462250E-02  8.66615621E-04
4.50307809E-01  7.64049888E-02  8.20923655E-04
4.50554485E-01  8.31267461E-02  8.66174290E-04
4.50801162E-01  7.94757083E-02  8.42646055E-04
4.51047838E-01  8.20519626E-02  8.70987657E-04
4.51294515E-01  7.80982897E-02  8.52256780E-04
4.51541191E-01  7.51631409E-02  8.33230268E-04
4.51787868E-01  8.07838812E-02  8.63241847E-04
4.52034544E-01  7.93891251E-02  8.46141542E-04
4.52281220E-01  8.02291706E-02  8.75474536E-04
4.52527897E-01  8.03664774E-02  8.66123533E-04
4.52774573E-01  8.37887079E-02  8.50001466E-04
4.53021250E-01  8.08305591E-02  8.50537966E-04
4.53267926E-01  7.83941969E-02  8.29589670E-04
4.53514603E-01  7.71592930E-02  8.22544796E-04
4.53761279E-01  7.92510137E-02  8.52860976E-04
4.54007955E-01  8.14421996E-02  8.37616331E-04
4.54254632E-01  7.84174427E-02  8.08697485E-04
4.54501308E-01  7.95569271E-02  8.16781539E-04
4.54747985E-01  7.86006525E-02  8.42562993E-04
4.54994661E-01  7.65394419E-02  8.09948600E-04
4.55241337E-01  7.60961995E-02  8.22351663E-04
4.55488014E-01  7.66012222E-02  8.13156075E-04
4.55734690E-01  8.08304921E-02  8.35720508E-04
4.55981367E-01  8.20557326E-02  8.55503837E-04
4.56228043E-01  7.90358931E-02  8.52827972E-04
4.56474720E-01  7.69776106E-02  8.36845313E-04
4.56721396E-01  7.99870715E-02  8.62523622E-04
4.56968072E-01  8.44956934E-02  8.52194265E-04
4.57214749E-01  8.09180811E-02  8.43520043E-04
4.57461425E-01  7.92145357E-02  8.50752462E-04
4.57708102E-01  8.55673850E-02  8.68899631E-04
4.57954778E-01  7.90965632E-02  8.18276952E-04
4.58201455E-01  7.72646144E-02  7.92400038E-04


### HEADER:
#
#{
#    "analysis": {},
#    "calibration_params": {
#        "Beam_Center_X": 1092.0,
#        "Beam_Center_Y": 2091.0,
#        "Detector Tilt": 0.0,
#        "Detector Tilt Plane Rotation": 0.0,
#        "Detector_X_Pixel_Size": 75.0,
#        "Detector_Y_Pixel_Size": 75.0,
#        "Integration Method": "nosplit_csr",
#        "Radial_Average_Method": "pyFAI",
#        "Sample-to-detector distance (mm)": 1731.0,
#        "Wavelength (A)": 1.0993212460550197
#    },
#    "config_file": "/mnt/home/chess_id7a/.RAW/backup.cfg",
#    "counters": {
#        "Epoch": "72.498",
#        "I1": "0",
#        "I2": "0",
#        "I3": "0",
#        "Seconds": "0.5",
#        "Time": "2.09808e-05",
#        "date": "Fri May 17 20:29:32 2024",
#        "diode": "12308"
#    },
#    "filename": "D1M0011_85C_200MPa_up_3_data_000001_00001.h5",
#    "history": {},
#    "imageHeader": {},
#    "load_path": "/nfs/chess/daq/current/id7a/Budin_05_16_24/D1M0011/D1M0011_85C_200MPa_up_3_data_000001.h5",
#    "normalizations": {
#        "Absolute_scale": {
#            "Absolute_scale_factor": 0.01111656324368444,
#            "Method": "Water"
#        },
#        "Counter_norms": [
#            [
#                "/",
#                "diode/150000"
#            ]
#        ],
#        "Polarization": {
#            "Used": false
#        },
#        "Solid_Angle_Correction": "On"
#    },
#    "raw_version": "2.1.4"
#}

