### DATA:
#
# 1823
#      Q             I(Q)           Error     
8.75701299E-03  5.96826449E-02  4.43605473E-03
9.00368942E-03  6.39457032E-02  6.47807866E-03
9.25036584E-03  6.04891889E-02  4.70935786E-03
9.49704226E-03  6.92745373E-02  5.29806642E-03
9.74371868E-03  8.23543668E-02  5.68718929E-03
9.99039511E-03  6.18142337E-02  5.21568814E-03
1.02370715E-02  1.22078292E-01  7.45383557E-03
1.04837480E-02  1.36277899E-01  8.98703746E-03
1.07304244E-02  1.78209618E-01  1.18748238E-02
1.09771008E-02  1.83178127E-01  1.27603486E-02
1.12237772E-02  3.29720706E-01  2.29454637E-02
1.14704536E-02  3.90780181E-01  2.61825956E-02
1.17171301E-02  5.32882214E-01  3.75869460E-02
1.19638065E-02  7.52955854E-01  5.78036159E-02
1.22104829E-02  1.26544285E+00  9.56031010E-02
1.24571593E-02  1.01610329E+02  1.03517675E+01
1.27038358E-02  2.02106140E+02  2.01730499E+01
1.29505122E-02  2.41093811E+02  2.06320095E+01
1.31971886E-02  1.76451187E+02  1.44969473E+01
1.34438650E-02  1.64707230E+02  1.32237921E+01
1.36905414E-02  1.45656235E+02  1.15248060E+01
1.39372179E-02  1.11454514E+02  8.55654335E+00
1.41838943E-02  1.03052551E+02  7.58547449E+00
1.44305707E-02  7.89939728E+01  5.62420750E+00
1.46772471E-02  7.02855835E+01  4.85302162E+00
1.49239236E-02  6.14645309E+01  4.11305618E+00
1.51706000E-02  4.92705002E+01  3.26453447E+00
1.54172764E-02  4.96097565E+01  3.30594397E+00
1.56639528E-02  4.07155609E+01  2.65589309E+00
1.59106292E-02  3.86646194E+01  2.42880630E+00
1.61573057E-02  3.53320389E+01  2.10780287E+00
1.64039821E-02  2.80374985E+01  1.60603452E+00
1.66506585E-02  2.85115128E+01  1.60529220E+00
1.68973349E-02  2.30669746E+01  1.26908529E+00
1.71440114E-02  2.33573265E+01  1.23901403E+00
1.73906878E-02  1.90402908E+01  9.47299957E-01
1.76373642E-02  1.81220875E+01  9.15188432E-01
1.78840406E-02  1.70033016E+01  8.37488472E-01
1.81307170E-02  1.48073359E+01  7.15975225E-01
1.83773935E-02  1.45501356E+01  6.90129161E-01
1.86240699E-02  1.25144386E+01  5.78783333E-01
1.88707463E-02  1.16508598E+01  5.16287386E-01
1.91174227E-02  1.07838383E+01  5.02096415E-01
1.93640992E-02  9.52970695E+00  4.31344002E-01
1.96107756E-02  9.01226044E+00  4.23026532E-01
1.98574520E-02  8.39219666E+00  3.68233949E-01
2.01041284E-02  7.40980339E+00  3.25250238E-01
2.03508048E-02  6.23020267E+00  2.70956755E-01
2.05974813E-02  5.41415501E+00  2.22836927E-01
2.08441577E-02  4.94887972E+00  1.95407674E-01
2.10908341E-02  4.27853203E+00  1.64779827E-01
2.13375105E-02  4.19119072E+00  1.64067060E-01
2.15841870E-02  3.86869931E+00  1.50029004E-01
2.18308634E-02  3.62283564E+00  1.36279657E-01
2.20775398E-02  3.32791281E+00  1.22112252E-01
2.23242162E-02  2.97279716E+00  1.00727059E-01
2.25708926E-02  2.94353390E+00  9.96411815E-02
2.28175691E-02  2.76120996E+00  8.85247886E-02
2.30642455E-02  2.59944654E+00  7.63444453E-02
2.33109219E-02  2.41329098E+00  7.20141679E-02
2.35575983E-02  2.24218273E+00  6.49917498E-02
2.38042748E-02  2.06107545E+00  5.84135726E-02
2.40509512E-02  1.91251111E+00  5.13887405E-02
2.42976276E-02  1.82467449E+00  4.73372303E-02
2.45443040E-02  1.72939062E+00  4.24386747E-02
2.47909804E-02  1.64808547E+00  4.04523052E-02
2.50376569E-02  1.56436539E+00  3.89844105E-02
2.52843333E-02  1.47715592E+00  3.42437774E-02
2.55310097E-02  1.42981911E+00  3.28005739E-02
2.57776861E-02  1.39200294E+00  3.04750241E-02
2.60243626E-02  1.34601581E+00  2.95492504E-02
2.62710390E-02  1.27388728E+00  2.66668033E-02
2.65177154E-02  1.22627354E+00  2.45309565E-02
2.67643918E-02  1.17541718E+00  2.28056218E-02
2.70110682E-02  1.13234293E+00  2.13112757E-02
2.72577447E-02  1.06431377E+00  2.08631903E-02
2.75044211E-02  1.06328702E+00  2.05206126E-02
2.77510975E-02  1.00751340E+00  1.69809628E-02
2.79977739E-02  9.69310999E-01  1.69488620E-02
2.82444504E-02  9.33796585E-01  1.54092219E-02
2.84911268E-02  9.29998100E-01  1.56021286E-02
2.87378032E-02  8.57921541E-01  1.32993814E-02
2.89844796E-02  8.56098056E-01  1.27445515E-02
2.92311561E-02  8.30017626E-01  1.22404452E-02
2.94778325E-02  8.21874857E-01  1.18009383E-02
2.97245089E-02  7.98137069E-01  1.12104854E-02
2.99711853E-02  7.67291427E-01  1.00787906E-02
3.02178617E-02  7.52534151E-01  9.79379378E-03
3.04645382E-02  7.48651206E-01  9.42137837E-03
3.07112146E-02  7.28229403E-01  8.93124752E-03
3.09578910E-02  7.08131313E-01  8.77158344E-03
3.12045674E-02  6.96135938E-01  7.75183877E-03
3.14512439E-02  6.74418449E-01  7.67320348E-03
3.16979203E-02  6.58656299E-01  7.49027031E-03
3.19445967E-02  6.73909366E-01  7.11589493E-03
3.21912731E-02  6.41644120E-01  6.94391271E-03
3.24379495E-02  6.38111532E-01  6.75998349E-03
3.26846260E-02  6.78277612E-01  7.14285765E-03
3.29313024E-02  6.89338863E-01  1.06867254E-02
3.31779788E-02  8.05644214E-01  2.37444900E-02
3.34246552E-02  1.03231537E+00  4.82143462E-02
3.36713317E-02  9.27257478E-01  3.94943319E-02
3.39180081E-02  7.09747732E-01  1.34701347E-02
3.41646845E-02  6.17801845E-01  5.84238954E-03
3.44113609E-02  6.16522312E-01  5.18820342E-03
3.46580373E-02  6.88554168E-01  7.81239290E-03
3.49047138E-02  8.22252989E-01  1.82873663E-02
3.51513902E-02  9.92100596E-01  3.49762328E-02
3.53980666E-02  1.05148864E+00  3.99883948E-02
3.56447430E-02  1.05785275E+00  3.61912064E-02
3.58914195E-02  1.17329991E+00  4.29138914E-02
3.61380959E-02  1.16716206E+00  4.26225550E-02
3.63847723E-02  1.04133058E+00  3.85092683E-02
3.66314487E-02  1.06493819E+00  5.70103377E-02
3.68781251E-02  9.01811540E-01  3.41022275E-02
3.71248016E-02  9.28918660E-01  4.04497273E-02
3.73714780E-02  1.12770176E+00  5.82709089E-02
3.76181544E-02  1.07730770E+00  5.61806895E-02
3.78648308E-02  9.20102596E-01  4.53541465E-02
3.81115073E-02  7.49616086E-01  2.72794254E-02
3.83581837E-02  6.24345481E-01  9.57801938E-03
3.86048601E-02  5.79291165E-01  4.95877815E-03
3.88515365E-02  5.40722847E-01  4.27922374E-03
3.90982129E-02  5.45706272E-01  4.00853716E-03
3.93448894E-02  5.50764024E-01  5.38110128E-03
3.95915658E-02  5.86615741E-01  1.15133682E-02
3.98382422E-02  6.75082266E-01  1.84716973E-02
4.00849186E-02  6.13566995E-01  1.16450340E-02
4.03315951E-02  5.75649619E-01  6.72201253E-03
4.05782715E-02  5.40247798E-01  3.71913402E-03
4.08249479E-02  5.26147306E-01  3.71468184E-03
4.10716243E-02  5.34499168E-01  3.63929244E-03
4.13183007E-02  5.32920659E-01  3.31343594E-03
4.15649772E-02  5.39973319E-01  4.18970734E-03
4.18116536E-02  5.48723400E-01  5.74995996E-03
4.20583300E-02  5.90152979E-01  8.50611087E-03
4.23050064E-02  6.05973184E-01  7.35558802E-03
4.25516829E-02  6.09962702E-01  8.32201634E-03
4.27983593E-02  5.78210771E-01  7.16690253E-03
4.30450357E-02  5.53632081E-01  4.21381928E-03
4.32917121E-02  5.46601534E-01  4.67403326E-03
4.35383885E-02  5.28490543E-01  4.77704778E-03
4.37850650E-02  5.41255116E-01  3.88825708E-03
4.40317414E-02  5.15582085E-01  3.37390788E-03
4.42784178E-02  5.22405505E-01  3.30671109E-03
4.45250942E-02  5.01578689E-01  3.06892139E-03
4.47717707E-02  5.42144477E-01  3.38913454E-03
4.50184471E-02  5.33513308E-01  4.30075545E-03
4.52651235E-02  5.51504135E-01  4.81102709E-03
4.55117999E-02  5.40337622E-01  4.08441247E-03
4.57584764E-02  5.57982981E-01  4.51712776E-03
4.60051528E-02  5.61140358E-01  4.42459295E-03
4.62518292E-02  5.31597018E-01  3.43958987E-03
4.64985056E-02  5.53593576E-01  3.91190173E-03
4.67451820E-02  5.96471429E-01  6.22199895E-03
4.69918585E-02  6.42427683E-01  9.48082656E-03
4.72385349E-02  7.04774439E-01  1.23430444E-02
4.74852113E-02  7.49909103E-01  1.45212607E-02
4.77318877E-02  8.04938912E-01  1.80355757E-02
4.79785642E-02  8.70413184E-01  2.23015156E-02
4.82252406E-02  8.70061755E-01  2.36451738E-02
4.84719170E-02  8.24663520E-01  2.31579822E-02
4.87185934E-02  8.07576597E-01  2.45965198E-02
4.89652698E-02  7.37546206E-01  2.13144068E-02
4.92119463E-02  6.68983161E-01  1.46808736E-02
4.94586227E-02  5.91257811E-01  8.65876768E-03
4.97052991E-02  5.53294182E-01  5.67176659E-03
4.99519755E-02  5.05907774E-01  4.07361519E-03
5.01986520E-02  4.70843732E-01  3.11001367E-03
5.04453284E-02  4.81270194E-01  3.27946641E-03
5.06920048E-02  4.71275687E-01  3.30821518E-03
5.09386812E-02  4.88243967E-01  3.68487765E-03
5.11853576E-02  4.68854010E-01  3.38542019E-03
5.14320341E-02  4.52673078E-01  3.00566922E-03
5.16787105E-02  4.40104365E-01  2.85683083E-03
5.19253869E-02  4.24682379E-01  2.61006551E-03
5.21720633E-02  4.45686698E-01  2.75987783E-03
5.24187398E-02  4.43989158E-01  2.69154017E-03
5.26654162E-02  4.30372298E-01  2.69615953E-03
5.29120926E-02  4.47940618E-01  3.00496095E-03
5.31587690E-02  4.32613373E-01  2.81123677E-03
5.34054454E-02  4.38586175E-01  2.63559888E-03
5.36521219E-02  4.25457239E-01  2.60583940E-03
5.38987983E-02  4.23763365E-01  2.54657073E-03
5.41454747E-02  4.15964663E-01  2.48934538E-03
5.43921511E-02  4.30317968E-01  2.40294053E-03
5.46388276E-02  4.27277029E-01  2.50834995E-03
5.48855040E-02  4.14838761E-01  2.46854313E-03
5.51321804E-02  4.12831336E-01  2.52841413E-03
5.53788568E-02  4.25841898E-01  2.46307091E-03
5.56255332E-02  4.24853504E-01  2.50990782E-03
5.58722097E-02  4.29044217E-01  2.44180998E-03
5.61188861E-02  4.30999160E-01  2.49864254E-03
5.63655625E-02  4.27119464E-01  2.50566145E-03
5.66122389E-02  4.28596824E-01  2.45863385E-03
5.68589154E-02  4.48122263E-01  2.52606487E-03
5.71055918E-02  4.34818596E-01  2.48939777E-03
5.73522682E-02  4.50937808E-01  2.52859551E-03
5.75989446E-02  4.44780529E-01  2.65828776E-03
5.78456210E-02  4.39311057E-01  2.51901243E-03
5.80922975E-02  4.66653198E-01  2.46501365E-03
5.83389739E-02  4.66976345E-01  2.71291449E-03
5.85856503E-02  4.56756949E-01  2.52993451E-03
5.88323267E-02  4.95342612E-01  3.21417046E-03
5.90790032E-02  5.03979504E-01  3.39292409E-03
5.93256796E-02  4.95873898E-01  3.27342469E-03
5.95723560E-02  5.00435591E-01  3.70807201E-03
5.98190324E-02  5.18223584E-01  3.94575018E-03
6.00657088E-02  5.26117325E-01  4.06745216E-03
6.03123853E-02  5.34249365E-01  3.85272061E-03
6.05590617E-02  5.04798293E-01  3.49346129E-03
6.08057381E-02  4.89550978E-01  2.84455158E-03
6.10524145E-02  4.66405988E-01  2.53327983E-03
6.12990910E-02  4.70004290E-01  2.43212725E-03
6.15457674E-02  4.73867506E-01  2.51757680E-03
6.17924438E-02  4.60853934E-01  2.46011745E-03
6.20391202E-02  4.75064039E-01  2.47402559E-03
6.22857966E-02  4.80182946E-01  2.42568320E-03
6.25324731E-02  4.78419006E-01  2.50405562E-03
6.27791495E-02  4.74924088E-01  2.43508886E-03
6.30258259E-02  4.85457718E-01  2.53411103E-03
6.32725023E-02  4.92066026E-01  2.45265872E-03
6.35191788E-02  4.95575666E-01  2.46924255E-03
6.37658552E-02  4.71120924E-01  2.39563291E-03
6.40125316E-02  5.05803287E-01  2.50499533E-03
6.42592080E-02  5.14671028E-01  2.58094864E-03
6.45058845E-02  5.07406473E-01  2.45641265E-03
6.47525609E-02  5.19892633E-01  2.59930408E-03
6.49992373E-02  5.17032087E-01  2.53833993E-03
6.52459137E-02  5.07875562E-01  2.53064255E-03
6.54925901E-02  5.29584169E-01  2.65396130E-03
6.57392666E-02  5.58287919E-01  2.99809314E-03
6.59859430E-02  5.60377240E-01  3.36371479E-03
6.62326194E-02  5.59635520E-01  3.78428772E-03
6.64792958E-02  5.61841249E-01  3.57682444E-03
6.67259723E-02  5.81076145E-01  3.22128972E-03
6.69726487E-02  5.55953085E-01  2.72651110E-03
6.72193251E-02  5.75562596E-01  3.10519175E-03
6.74660015E-02  5.86557090E-01  3.70850018E-03
6.77126779E-02  6.08476400E-01  3.64708109E-03
6.79593544E-02  5.81232727E-01  3.14423698E-03
6.82060308E-02  5.86813509E-01  2.85398751E-03
6.84527072E-02  5.83516300E-01  2.79610301E-03
6.86993836E-02  5.85496724E-01  2.59036268E-03
6.89460601E-02  5.87413609E-01  2.43043643E-03
6.91927365E-02  5.92443526E-01  2.71256384E-03
6.94394129E-02  5.86347878E-01  2.57862429E-03
6.96860893E-02  6.12974346E-01  2.78642052E-03
6.99327657E-02  6.02314115E-01  2.60376814E-03
7.01794422E-02  6.11433029E-01  2.75082840E-03
7.04261186E-02  6.26704276E-01  3.06448690E-03
7.06727950E-02  6.32399976E-01  3.20251682E-03
7.09194714E-02  6.42963171E-01  3.25541687E-03
7.11661479E-02  6.43730521E-01  2.98941089E-03
7.14128243E-02  6.60190761E-01  3.06899776E-03
7.16595007E-02  6.61900401E-01  3.04863905E-03
7.19061771E-02  6.53146327E-01  2.98140291E-03
7.21528535E-02  6.53276980E-01  2.97431904E-03
7.23995300E-02  6.71992540E-01  3.03103100E-03
7.26462064E-02  6.58807993E-01  3.08032241E-03
7.28928828E-02  6.76956534E-01  3.14779975E-03
7.31395592E-02  6.89992785E-01  3.60425119E-03
7.33862357E-02  7.05824673E-01  3.92719172E-03
7.36329121E-02  6.96336210E-01  3.46719730E-03
7.38795885E-02  7.16114402E-01  3.90810613E-03
7.41262649E-02  7.21502125E-01  3.45011195E-03
7.43729413E-02  7.07278252E-01  3.36962310E-03
7.46196178E-02  7.19840109E-01  3.36447870E-03
7.48662942E-02  7.33149409E-01  3.22295167E-03
7.51129706E-02  7.46424317E-01  3.71489208E-03
7.53596470E-02  7.60425985E-01  4.38606180E-03
7.56063235E-02  7.36952245E-01  3.86511954E-03
7.58529999E-02  7.41151154E-01  3.61493439E-03
7.60996763E-02  7.35122263E-01  3.44396429E-03
7.63463527E-02  7.37289131E-01  3.34975240E-03
7.65930291E-02  7.39168406E-01  3.13599897E-03
7.68397056E-02  7.30421484E-01  3.11263953E-03
7.70863820E-02  7.40607917E-01  2.92835617E-03
7.73330584E-02  7.31327474E-01  2.84960447E-03
7.75797348E-02  7.46143043E-01  2.92780204E-03
7.78264113E-02  7.60370910E-01  2.97871861E-03
7.80730877E-02  7.41298556E-01  2.99934950E-03
7.83197641E-02  7.51527607E-01  3.05629964E-03
7.85664405E-02  7.49773741E-01  2.91938335E-03
7.88131169E-02  7.54963040E-01  3.03790160E-03
7.90597934E-02  7.56037831E-01  2.92464369E-03
7.93064698E-02  7.41485059E-01  2.88523571E-03
7.95531462E-02  7.55060077E-01  2.94588599E-03
7.97998226E-02  7.65240788E-01  2.75888969E-03
8.00464991E-02  7.54952610E-01  2.99804658E-03
8.02931755E-02  7.62923181E-01  2.81943078E-03
8.05398519E-02  7.43227661E-01  2.79615331E-03
8.07865283E-02  7.54475474E-01  2.86059850E-03
8.10332047E-02  7.55914211E-01  2.83335475E-03
8.12798812E-02  7.42587149E-01  2.73199193E-03
8.15265576E-02  7.53860235E-01  2.83618015E-03
8.17732340E-02  7.50263155E-01  2.87143118E-03
8.20199104E-02  7.56752849E-01  2.70326785E-03
8.22665869E-02  7.49305725E-01  2.83046230E-03
8.25132633E-02  7.36538291E-01  2.80935690E-03
8.27599397E-02  7.57014096E-01  2.67799059E-03
8.30066161E-02  7.50045061E-01  2.70384364E-03
8.32532926E-02  7.65780509E-01  2.82109459E-03
8.34999690E-02  7.63871312E-01  2.83905398E-03
8.37466454E-02  7.45645165E-01  2.76730256E-03
8.39933218E-02  7.43711472E-01  2.75719422E-03
8.42399982E-02  7.36638486E-01  2.74686748E-03
8.44866747E-02  7.52437472E-01  2.85021123E-03
8.47333511E-02  7.56784856E-01  2.81000999E-03
8.49800275E-02  7.43720591E-01  2.81816954E-03
8.52267039E-02  7.68984318E-01  2.77157384E-03
8.54733804E-02  7.47427106E-01  2.80765793E-03
8.57200568E-02  7.58547246E-01  2.82206316E-03
8.59667332E-02  7.50043273E-01  2.82174069E-03
8.62134096E-02  7.51450598E-01  2.75524333E-03
8.64600860E-02  7.53095269E-01  2.66167498E-03
8.67067625E-02  7.61306345E-01  2.79248995E-03
8.69534389E-02  7.42394209E-01  2.71308515E-03
8.72001153E-02  7.61086226E-01  2.80946982E-03
8.74467917E-02  7.41264284E-01  2.81202537E-03
8.76934682E-02  7.59104371E-01  2.70212162E-03
8.79401446E-02  7.60469437E-01  2.84650479E-03
8.81868210E-02  7.58359969E-01  2.71973875E-03
8.84334974E-02  7.56985009E-01  2.70996010E-03
8.86801738E-02  7.70306826E-01  2.73306854E-03
8.89268503E-02  7.46217430E-01  2.63528177E-03
8.91735267E-02  7.54622757E-01  2.79802061E-03
8.94202031E-02  7.52463222E-01  2.69541191E-03
8.96668795E-02  7.57395864E-01  2.84165866E-03
8.99135560E-02  7.76969671E-01  2.80840765E-03
9.01602324E-02  7.83087492E-01  2.85339053E-03
9.04069088E-02  7.61215508E-01  2.85286666E-03
9.06535852E-02  7.52130389E-01  2.67355749E-03
9.09002616E-02  7.63627291E-01  2.80336686E-03
9.11469381E-02  7.62909055E-01  2.87104421E-03
9.13936145E-02  7.58422673E-01  2.92224647E-03
9.16402909E-02  7.70884633E-01  2.79132626E-03
9.18869673E-02  7.80801535E-01  2.86577619E-03
9.21336438E-02  7.53728747E-01  2.86332075E-03
9.23803202E-02  7.49616981E-01  2.60709412E-03
9.26269966E-02  7.46736646E-01  2.80930963E-03
9.28736730E-02  7.68531322E-01  2.64790328E-03
9.31203494E-02  7.45197594E-01  2.61818082E-03
9.33670259E-02  7.50198662E-01  2.81301304E-03
9.36137023E-02  7.31212497E-01  2.62961816E-03
9.38603787E-02  7.49047637E-01  2.60583521E-03
9.41070551E-02  7.33217716E-01  2.69836164E-03
9.43537316E-02  7.53683031E-01  2.71682022E-03
9.46004080E-02  7.37023115E-01  2.65625818E-03
9.48470844E-02  7.31483042E-01  2.51138629E-03
9.50937608E-02  7.42593467E-01  2.81220488E-03
9.53404372E-02  7.34280407E-01  2.56224955E-03
9.55871137E-02  7.32585967E-01  2.66549201E-03
9.58337901E-02  7.52640069E-01  2.73116864E-03
9.60804665E-02  7.32052505E-01  2.56661209E-03
9.63271429E-02  7.35837519E-01  2.62374920E-03
9.65738194E-02  7.43857741E-01  2.61596427E-03
9.68204958E-02  7.40769327E-01  2.51500471E-03
9.70671722E-02  7.34623313E-01  2.58894637E-03
9.73138486E-02  7.42001355E-01  2.61047506E-03
9.75605250E-02  7.53669143E-01  2.57809856E-03
9.78072015E-02  7.38948405E-01  2.55530304E-03
9.80538779E-02  7.47749567E-01  2.54635722E-03
9.83005543E-02  7.44291842E-01  2.55354308E-03
9.85472307E-02  7.26184964E-01  2.52381642E-03
9.87939072E-02  7.37093210E-01  2.63973535E-03
9.90405836E-02  7.41845310E-01  2.55839014E-03
9.92872600E-02  7.43086219E-01  2.49690935E-03
9.95339364E-02  7.24620640E-01  2.51555513E-03
9.97806128E-02  7.48597682E-01  2.63375649E-03
1.00027289E-01  7.38930762E-01  2.63435184E-03
1.00273966E-01  7.41470933E-01  2.49503157E-03
1.00520642E-01  7.41949797E-01  2.52120197E-03
1.00767319E-01  7.46378303E-01  2.55024247E-03
1.01013995E-01  7.50762939E-01  2.52578966E-03
1.01260671E-01  7.53510118E-01  2.52888561E-03
1.01507348E-01  7.44901478E-01  2.51141260E-03
1.01754024E-01  7.54640102E-01  2.55576358E-03
1.02000701E-01  7.44715154E-01  2.53393408E-03
1.02247377E-01  7.40089655E-01  2.53401371E-03
1.02494053E-01  7.73860395E-01  2.60345452E-03
1.02740730E-01  7.37858951E-01  2.52474495E-03
1.02987406E-01  7.50960290E-01  2.54580774E-03
1.03234083E-01  7.50049710E-01  2.59632431E-03
1.03480759E-01  7.47851014E-01  2.58145970E-03
1.03727436E-01  7.55364358E-01  2.61852588E-03
1.03974112E-01  7.42543280E-01  2.56584957E-03
1.04220788E-01  7.53033936E-01  2.55964906E-03
1.04467465E-01  7.62924314E-01  2.49285903E-03
1.04714141E-01  7.52665579E-01  2.40400922E-03
1.04960818E-01  7.53148437E-01  2.44601816E-03
1.05207494E-01  7.52289772E-01  2.49808491E-03
1.05454171E-01  7.46485949E-01  2.55788816E-03
1.05700847E-01  7.50155866E-01  2.43175402E-03
1.05947523E-01  7.54758120E-01  2.54838355E-03
1.06194200E-01  7.47125328E-01  2.48471927E-03
1.06440876E-01  7.51717508E-01  2.66608293E-03
1.06687553E-01  7.59546459E-01  2.49593472E-03
1.06934229E-01  7.57305920E-01  2.45561008E-03
1.07180906E-01  7.50477970E-01  2.54180748E-03
1.07427582E-01  7.57858276E-01  2.47818860E-03
1.07674258E-01  7.38352716E-01  2.45928555E-03
1.07920935E-01  7.50968516E-01  2.43944186E-03
1.08167611E-01  7.54703999E-01  2.45512417E-03
1.08414288E-01  7.57511914E-01  2.48810952E-03
1.08660964E-01  7.38823414E-01  2.48536398E-03
1.08907640E-01  7.46289670E-01  2.51260330E-03
1.09154317E-01  7.35634685E-01  2.53731036E-03
1.09400993E-01  7.43465781E-01  2.49004038E-03
1.09647670E-01  7.52062917E-01  2.59916647E-03
1.09894346E-01  7.50813305E-01  2.63753138E-03
1.10141023E-01  7.39988029E-01  2.57880939E-03
1.10387699E-01  7.34333813E-01  2.49042222E-03
1.10634375E-01  7.30536401E-01  2.58093234E-03
1.10881052E-01  7.34085798E-01  2.63159093E-03
1.11127728E-01  7.25035191E-01  2.56140204E-03
1.11374405E-01  7.35695481E-01  2.60935212E-03
1.11621081E-01  7.41547465E-01  2.61469162E-03
1.11867758E-01  7.29807258E-01  2.65858206E-03
1.12114434E-01  7.24972129E-01  2.64657219E-03
1.12361110E-01  7.38437414E-01  2.63775513E-03
1.12607787E-01  7.29202807E-01  2.68413615E-03
1.12854463E-01  7.28025675E-01  2.55792309E-03
1.13101140E-01  7.38178253E-01  2.64758337E-03
1.13347816E-01  7.33779371E-01  2.63017020E-03
1.13594493E-01  7.32394338E-01  2.63488293E-03
1.13841169E-01  7.21730888E-01  2.64670071E-03
1.14087845E-01  7.19978631E-01  2.59889755E-03
1.14334522E-01  7.12584496E-01  2.53763446E-03
1.14581198E-01  7.17068076E-01  2.50923773E-03
1.14827875E-01  7.18229949E-01  2.57675862E-03
1.15074551E-01  7.31212854E-01  2.68028723E-03
1.15321227E-01  7.28363633E-01  2.52870680E-03
1.15567904E-01  7.26843655E-01  2.64344807E-03
1.15814580E-01  7.15448916E-01  2.61335378E-03
1.16061257E-01  7.22848952E-01  2.67446646E-03
1.16307933E-01  7.17756033E-01  2.69866455E-03
1.16554610E-01  7.11946428E-01  2.59786728E-03
1.16801286E-01  7.19499826E-01  2.60374579E-03
1.17047962E-01  7.19250500E-01  2.72625964E-03
1.17294639E-01  7.16888189E-01  2.71348585E-03
1.17541315E-01  7.11238623E-01  2.74058362E-03
1.17787992E-01  7.13001251E-01  2.65974225E-03
1.18034668E-01  7.18259394E-01  2.51940312E-03
1.18281345E-01  7.08945632E-01  2.49957549E-03
1.18528021E-01  7.05204785E-01  2.47743190E-03
1.18774697E-01  7.03230917E-01  2.64548115E-03
1.19021374E-01  7.06069648E-01  2.49023014E-03
1.19268050E-01  6.96290314E-01  2.53152521E-03
1.19514727E-01  7.02763915E-01  2.51079351E-03
1.19761403E-01  7.00699270E-01  2.49951030E-03
1.20008079E-01  6.99584305E-01  2.47296318E-03
1.20254756E-01  7.04461932E-01  2.48203822E-03
1.20501432E-01  6.96143687E-01  2.55825487E-03
1.20748109E-01  7.02338457E-01  2.43202946E-03
1.20994785E-01  7.15827227E-01  2.51888786E-03
1.21241462E-01  7.03201652E-01  2.42096162E-03
1.21488138E-01  6.95222378E-01  2.40450911E-03
1.21734814E-01  7.01826632E-01  2.45306734E-03
1.21981491E-01  6.98296249E-01  2.43003643E-03
1.22228167E-01  6.84593558E-01  2.41892762E-03
1.22474844E-01  7.00643003E-01  2.42602872E-03
1.22721520E-01  6.91821337E-01  2.51939241E-03
1.22968197E-01  7.06117451E-01  2.50182045E-03
1.23214873E-01  6.95434391E-01  2.40901439E-03
1.23461549E-01  6.87927127E-01  2.37554661E-03
1.23708226E-01  6.87647760E-01  2.43714126E-03
1.23954902E-01  6.91782653E-01  2.30037025E-03
1.24201579E-01  6.78516805E-01  2.35895626E-03
1.24448255E-01  6.84376717E-01  2.34921626E-03
1.24694932E-01  6.85688913E-01  2.38545844E-03
1.24941608E-01  6.88385189E-01  2.35787919E-03
1.25188284E-01  6.75580204E-01  2.29827152E-03
1.25434961E-01  6.83931172E-01  2.39422615E-03
1.25681637E-01  6.76229000E-01  2.42669834E-03
1.25928314E-01  6.79093599E-01  2.33761221E-03
1.26174990E-01  6.60243630E-01  2.29438557E-03
1.26421666E-01  6.67149186E-01  2.26482772E-03
1.26668343E-01  6.62834346E-01  2.29878398E-03
1.26915019E-01  6.66087091E-01  2.32063723E-03
1.27161696E-01  6.77268982E-01  2.25315057E-03
1.27408372E-01  6.70213878E-01  2.28394126E-03
1.27655049E-01  6.62968218E-01  2.29460071E-03
1.27901725E-01  6.54828310E-01  2.22019502E-03
1.28148401E-01  6.78550482E-01  2.26945430E-03
1.28395078E-01  6.64212048E-01  2.20356043E-03
1.28641754E-01  6.52864873E-01  2.29905755E-03
1.28888431E-01  6.52277589E-01  2.27910047E-03
1.29135107E-01  6.55152917E-01  2.26893020E-03
1.29381784E-01  6.59086764E-01  2.27285363E-03
1.29628460E-01  6.57081604E-01  2.24581035E-03
1.29875136E-01  6.59474552E-01  2.18496239E-03
1.30121813E-01  6.57035887E-01  2.30322406E-03
1.30368489E-01  6.44551873E-01  2.28454499E-03
1.30615166E-01  6.44331932E-01  2.18705530E-03
1.30861842E-01  6.41723394E-01  2.27317726E-03
1.31108518E-01  6.37269080E-01  2.20686430E-03
1.31355195E-01  6.42856658E-01  2.19871779E-03
1.31601871E-01  6.35049343E-01  2.21129926E-03
1.31848548E-01  6.31815374E-01  2.19088746E-03
1.32095224E-01  6.35203898E-01  2.24565621E-03
1.32341901E-01  6.20605230E-01  2.18823296E-03
1.32588577E-01  6.29691958E-01  2.22577294E-03
1.32835253E-01  6.31807208E-01  2.19248421E-03
1.33081930E-01  6.13420784E-01  2.19556573E-03
1.33328606E-01  6.27051950E-01  2.19900790E-03
1.33575283E-01  6.29242599E-01  2.17089080E-03
1.33821959E-01  6.13392711E-01  2.13872385E-03
1.34068636E-01  6.22653782E-01  2.12723599E-03
1.34315312E-01  6.00167632E-01  2.17503379E-03
1.34561988E-01  6.10030293E-01  2.13530171E-03
1.34808665E-01  6.05286598E-01  2.12396099E-03
1.35055341E-01  6.02932572E-01  2.04595900E-03
1.35302018E-01  6.06796563E-01  2.19947752E-03
1.35548694E-01  6.05197012E-01  2.09197938E-03
1.35795371E-01  6.10609412E-01  2.10151472E-03
1.36042047E-01  5.98493218E-01  2.09714309E-03
1.36288723E-01  6.02404237E-01  2.11037556E-03
1.36535400E-01  5.99979043E-01  2.09449767E-03
1.36782076E-01  6.03475213E-01  2.18213000E-03
1.37028753E-01  5.88844419E-01  2.06374517E-03
1.37275429E-01  5.94679058E-01  2.09864485E-03
1.37522105E-01  5.87920666E-01  2.07855273E-03
1.37768782E-01  5.98133087E-01  2.06729234E-03
1.38015458E-01  5.84517121E-01  2.10947567E-03
1.38262135E-01  5.81948102E-01  2.08055321E-03
1.38508811E-01  5.82476020E-01  2.13080645E-03
1.38755488E-01  5.82051396E-01  2.01276899E-03
1.39002164E-01  5.84454775E-01  2.02181074E-03
1.39248840E-01  5.76069474E-01  2.03776406E-03
1.39495517E-01  5.74801862E-01  2.05696584E-03
1.39742193E-01  5.70901930E-01  2.05694186E-03
1.39988870E-01  5.53072989E-01  1.98033452E-03
1.40235546E-01  5.66288292E-01  1.98557065E-03
1.40482223E-01  5.59059083E-01  1.98169076E-03
1.40728899E-01  5.52309513E-01  1.94582564E-03
1.40975575E-01  5.55717766E-01  1.99887878E-03
1.41222252E-01  5.52077651E-01  2.00615497E-03
1.41468928E-01  5.64484477E-01  1.99486502E-03
1.41715605E-01  5.61285317E-01  1.96916400E-03
1.41962281E-01  5.48456967E-01  1.91835174E-03
1.42208957E-01  5.37126362E-01  1.89656753E-03
1.42455634E-01  5.44257402E-01  1.86408486E-03
1.42702310E-01  5.48350513E-01  1.94790168E-03
1.42948987E-01  5.49598575E-01  1.87085825E-03
1.43195663E-01  5.36513269E-01  1.97300874E-03
1.43442340E-01  5.37728548E-01  1.91830704E-03
1.43689016E-01  5.34087360E-01  1.93711661E-03
1.43935692E-01  5.38206041E-01  1.93028140E-03
1.44182369E-01  5.27163565E-01  1.88534346E-03
1.44429045E-01  5.31094253E-01  1.90947100E-03
1.44675722E-01  5.28141141E-01  1.87672442E-03
1.44922398E-01  5.29990911E-01  1.84353953E-03
1.45169075E-01  5.17820418E-01  1.92200975E-03
1.45415751E-01  5.17480254E-01  1.90085638E-03
1.45662427E-01  5.25192261E-01  1.90632592E-03
1.45909104E-01  4.96093154E-01  1.77511747E-03
1.46155780E-01  5.15940905E-01  1.82796165E-03
1.46402457E-01  5.14577687E-01  1.87073287E-03
1.46649133E-01  5.15597105E-01  1.88248185E-03
1.46895810E-01  5.00978351E-01  1.81256072E-03
1.47142486E-01  5.07539928E-01  1.83686847E-03
1.47389162E-01  5.11013746E-01  1.82913081E-03
1.47635839E-01  4.94161993E-01  1.81817613E-03
1.47882515E-01  4.96930957E-01  1.89944229E-03
1.48129192E-01  4.98042524E-01  1.83543388E-03
1.48375868E-01  4.95616674E-01  1.83608069E-03
1.48622544E-01  4.99305993E-01  1.77436450E-03
1.48869221E-01  4.93739158E-01  1.77630980E-03
1.49115897E-01  4.94664401E-01  1.77040882E-03
1.49362574E-01  4.93257403E-01  1.77515729E-03
1.49609250E-01  4.92679447E-01  1.80876383E-03
1.49855927E-01  4.81283665E-01  1.75392325E-03
1.50102603E-01  4.83797610E-01  1.79070455E-03
1.50349279E-01  4.67027217E-01  1.79233728E-03
1.50595956E-01  4.64750707E-01  1.73348899E-03
1.50842632E-01  4.74882096E-01  1.79395662E-03
1.51089309E-01  4.66102690E-01  1.78482779E-03
1.51335985E-01  4.64570016E-01  1.79007673E-03
1.51582662E-01  4.69861239E-01  1.70853350E-03
1.51829338E-01  4.62815315E-01  1.72290532E-03
1.52076014E-01  4.64656681E-01  1.69530383E-03
1.52322691E-01  4.59183365E-01  1.68951147E-03
1.52569367E-01  4.59783405E-01  1.74218148E-03
1.52816044E-01  4.62802291E-01  1.73338118E-03
1.53062720E-01  4.57545400E-01  1.74716592E-03
1.53309397E-01  4.58082616E-01  1.75194803E-03
1.53556073E-01  4.52719867E-01  1.76355382E-03
1.53802749E-01  4.45347309E-01  1.70658121E-03
1.54049426E-01  4.46592301E-01  1.71485113E-03
1.54296102E-01  4.42456424E-01  1.65058638E-03
1.54542779E-01  4.44807380E-01  1.69144780E-03
1.54789455E-01  4.41365242E-01  1.67558284E-03
1.55036131E-01  4.35147375E-01  1.64255488E-03
1.55282808E-01  4.35126811E-01  1.66734902E-03
1.55529484E-01  4.29851115E-01  1.66674214E-03
1.55776161E-01  4.35039729E-01  1.69601955E-03
1.56022837E-01  4.31491017E-01  1.62693497E-03
1.56269514E-01  4.31447774E-01  1.62913394E-03
1.56516190E-01  4.20949727E-01  1.59792765E-03
1.56762866E-01  4.12828237E-01  1.61130424E-03
1.57009543E-01  4.18888479E-01  1.60389161E-03
1.57256219E-01  4.17812556E-01  1.63378718E-03
1.57502896E-01  4.20071661E-01  1.60257414E-03
1.57749572E-01  4.01079684E-01  1.56822905E-03
1.57996249E-01  4.08700526E-01  1.59888272E-03
1.58242925E-01  4.07989562E-01  1.60505483E-03
1.58489601E-01  4.10415739E-01  1.58906740E-03
1.58736278E-01  4.06440675E-01  1.58670824E-03
1.58982954E-01  3.99706572E-01  1.55974238E-03
1.59229631E-01  4.07633722E-01  1.58595678E-03
1.59476307E-01  3.96397471E-01  1.56266848E-03
1.59722983E-01  3.97215337E-01  1.52330042E-03
1.59969660E-01  3.94368976E-01  1.55418494E-03
1.60216336E-01  3.95335466E-01  1.50628120E-03
1.60463013E-01  3.92749250E-01  1.56092015E-03
1.60709689E-01  3.88394237E-01  1.49553048E-03
1.60956366E-01  3.92269582E-01  1.53354649E-03
1.61203042E-01  3.78848135E-01  1.53266289E-03
1.61449718E-01  3.77407312E-01  1.53574324E-03
1.61696395E-01  3.95059437E-01  1.53927132E-03
1.61943071E-01  3.80630732E-01  1.48011418E-03
1.62189748E-01  3.83654147E-01  1.49118120E-03
1.62436424E-01  3.75043541E-01  1.52268680E-03
1.62683101E-01  3.65264684E-01  1.46700942E-03
1.62929777E-01  3.72102231E-01  1.46531314E-03
1.63176453E-01  3.60874742E-01  1.42222934E-03
1.63423130E-01  3.69151205E-01  1.51120836E-03
1.63669806E-01  3.58886182E-01  1.45555811E-03
1.63916483E-01  3.56457591E-01  1.41763175E-03
1.64163159E-01  3.67910504E-01  1.46675552E-03
1.64409836E-01  3.66335899E-01  1.45736162E-03
1.64656512E-01  3.62546504E-01  1.48196495E-03
1.64903188E-01  3.62527102E-01  1.45119056E-03
1.65149865E-01  3.56844753E-01  1.46138028E-03
1.65396541E-01  3.49423140E-01  1.44859648E-03
1.65643218E-01  3.48826915E-01  1.42638246E-03
1.65889894E-01  3.45844448E-01  1.38983771E-03
1.66136570E-01  3.46109539E-01  1.37872365E-03
1.66383247E-01  3.41466397E-01  1.38886110E-03
1.66629923E-01  3.33443105E-01  1.36570062E-03
1.66876600E-01  3.41118395E-01  1.42144039E-03
1.67123276E-01  3.39265913E-01  1.34078052E-03
1.67369953E-01  3.37866157E-01  1.41365058E-03
1.67616629E-01  3.26520532E-01  1.35241484E-03
1.67863305E-01  3.38460892E-01  1.44529750E-03
1.68109982E-01  3.31810653E-01  1.38724828E-03
1.68356658E-01  3.33037466E-01  1.41268456E-03
1.68603335E-01  3.30424249E-01  1.40757731E-03
1.68850011E-01  3.28276008E-01  1.38454081E-03
1.69096688E-01  3.21541786E-01  1.37088238E-03
1.69343364E-01  3.18413466E-01  1.35464501E-03
1.69590040E-01  3.19509447E-01  1.34880352E-03
1.69836717E-01  3.18679184E-01  1.31878059E-03
1.70083393E-01  3.23153049E-01  1.34288997E-03
1.70330070E-01  3.14975023E-01  1.32335478E-03
1.70576746E-01  3.12793314E-01  1.33766769E-03
1.70823422E-01  3.06385934E-01  1.33516092E-03
1.71070099E-01  3.13774973E-01  1.34600070E-03
1.71316775E-01  3.05131018E-01  1.28483411E-03
1.71563452E-01  3.04754943E-01  1.25770341E-03
1.71810128E-01  3.03764552E-01  1.28204818E-03
1.72056805E-01  3.02092165E-01  1.30963186E-03
1.72303481E-01  3.02255362E-01  1.30074786E-03
1.72550157E-01  3.00110370E-01  1.25731342E-03
1.72796834E-01  2.97056794E-01  1.28737104E-03
1.73043510E-01  2.90256649E-01  1.24812091E-03
1.73290187E-01  2.95840263E-01  1.28243910E-03
1.73536863E-01  2.91050643E-01  1.27244298E-03
1.73783540E-01  2.90799350E-01  1.26313197E-03
1.74030216E-01  2.89442062E-01  1.25804101E-03
1.74276892E-01  2.85083503E-01  1.19971088E-03
1.74523569E-01  2.85790473E-01  1.24049932E-03
1.74770245E-01  2.79636323E-01  1.19998830E-03
1.75016922E-01  2.80882269E-01  1.24248851E-03
1.75263598E-01  2.77043283E-01  1.22406916E-03
1.75510275E-01  2.77124643E-01  1.22268300E-03
1.75756951E-01  2.74731278E-01  1.22414378E-03
1.76003627E-01  2.72899359E-01  1.20851351E-03
1.76250304E-01  2.72821814E-01  1.20383385E-03
1.76496980E-01  2.71273851E-01  1.20361161E-03
1.76743657E-01  2.66432434E-01  1.17006549E-03
1.76990333E-01  2.70740330E-01  1.20989128E-03
1.77237009E-01  2.59916425E-01  1.14330964E-03
1.77483686E-01  2.67693073E-01  1.20552094E-03
1.77730362E-01  2.63162076E-01  1.21903396E-03
1.77977039E-01  2.54864126E-01  1.13292504E-03
1.78223715E-01  2.50292540E-01  1.15639705E-03
1.78470392E-01  2.53043473E-01  1.14066014E-03
1.78717068E-01  2.52357185E-01  1.14522933E-03
1.78963744E-01  2.54209548E-01  1.14498264E-03
1.79210421E-01  2.54020095E-01  1.15838798E-03
1.79457097E-01  2.46666804E-01  1.13371189E-03
1.79703774E-01  2.50193089E-01  1.15622417E-03
1.79950450E-01  2.45447755E-01  1.10750389E-03
1.80197127E-01  2.47009680E-01  1.10442832E-03
1.80443803E-01  2.40327105E-01  1.13188522E-03
1.80690479E-01  2.37854794E-01  1.11547753E-03
1.80937156E-01  2.36898825E-01  1.10048300E-03
1.81183832E-01  2.39332244E-01  1.12980790E-03
1.81430509E-01  2.43227154E-01  1.13309280E-03
1.81677185E-01  2.32634082E-01  1.06736808E-03
1.81923861E-01  2.37246513E-01  1.08896475E-03
1.82170538E-01  2.34435037E-01  1.07706571E-03
1.82417214E-01  2.28032842E-01  1.06365501E-03
1.82663891E-01  2.33079880E-01  1.08617579E-03
1.82910567E-01  2.30572060E-01  1.08759769E-03
1.83157244E-01  2.33285323E-01  1.08447019E-03
1.83403920E-01  2.26614922E-01  1.05275807E-03
1.83650596E-01  2.26479292E-01  1.08545367E-03
1.83897273E-01  2.23026276E-01  1.06928381E-03
1.84143949E-01  2.20123857E-01  1.06663478E-03
1.84390626E-01  2.19792351E-01  1.05031056E-03
1.84637302E-01  2.22195610E-01  1.06355594E-03
1.84883979E-01  2.14845657E-01  1.03125954E-03
1.85130655E-01  2.12505162E-01  1.03916798E-03
1.85377331E-01  2.11628735E-01  1.03131239E-03
1.85624008E-01  2.14557916E-01  1.02672656E-03
1.85870684E-01  2.13758573E-01  1.05122011E-03
1.86117361E-01  2.06802502E-01  1.02469872E-03
1.86364037E-01  2.10426927E-01  1.02279405E-03
1.86610714E-01  2.06515566E-01  1.00161904E-03
1.86857390E-01  2.04284459E-01  1.01754244E-03
1.87104066E-01  2.11306915E-01  1.04291970E-03
1.87350743E-01  1.99595079E-01  9.99984448E-04
1.87597419E-01  2.04997703E-01  9.94031085E-04
1.87844096E-01  2.01171562E-01  9.79692559E-04
1.88090772E-01  2.03346252E-01  9.95536568E-04
1.88337448E-01  2.00338185E-01  9.81781399E-04
1.88584125E-01  1.99182525E-01  9.88046057E-04
1.88830801E-01  1.92696229E-01  9.57670913E-04
1.89077478E-01  1.94790632E-01  9.79154487E-04
1.89324154E-01  1.94787443E-01  9.84822167E-04
1.89570831E-01  1.91388607E-01  9.46287415E-04
1.89817507E-01  1.92604154E-01  9.54562915E-04
1.90064183E-01  1.87743604E-01  9.60734964E-04
1.90310860E-01  1.96178362E-01  9.91036417E-04
1.90557536E-01  1.89886168E-01  9.62415827E-04
1.90804213E-01  1.87742949E-01  9.48822766E-04
1.91050889E-01  1.84327587E-01  9.46702377E-04
1.91297566E-01  1.84696272E-01  9.53795738E-04
1.91544242E-01  1.86399207E-01  9.72946873E-04
1.91790918E-01  1.80493772E-01  9.19026555E-04
1.92037595E-01  1.77099839E-01  9.34826152E-04
1.92284271E-01  1.83596313E-01  9.45371401E-04
1.92530948E-01  1.81517929E-01  9.47776134E-04
1.92777624E-01  1.82358533E-01  9.30787239E-04
1.93024301E-01  1.78963244E-01  9.24215012E-04
1.93270977E-01  1.72958732E-01  9.08345042E-04
1.93517653E-01  1.69644237E-01  9.08590329E-04
1.93764330E-01  1.76705718E-01  9.15672688E-04
1.94011006E-01  1.72333688E-01  8.95755657E-04
1.94257683E-01  1.70034111E-01  8.89558403E-04
1.94504359E-01  1.64698824E-01  8.72149947E-04
1.94751035E-01  1.71140656E-01  8.92219483E-04
1.94997712E-01  1.68715701E-01  8.91275879E-04
1.95244388E-01  1.68840632E-01  8.98260972E-04
1.95491065E-01  1.67588666E-01  8.77977291E-04
1.95737741E-01  1.60594165E-01  8.74721853E-04
1.95984418E-01  1.65490374E-01  8.42050533E-04
1.96231094E-01  1.62029728E-01  8.79713043E-04
1.96477770E-01  1.63314655E-01  8.71472585E-04
1.96724447E-01  1.62633464E-01  8.83544271E-04
1.96971123E-01  1.61476508E-01  8.92865006E-04
1.97217800E-01  1.57633200E-01  8.38452484E-04
1.97464476E-01  1.57283291E-01  8.48974742E-04
1.97711153E-01  1.53490961E-01  8.23542301E-04
1.97957829E-01  1.59748361E-01  8.54274316E-04
1.98204505E-01  1.56604439E-01  8.50662531E-04
1.98451182E-01  1.55506402E-01  8.53677338E-04
1.98697858E-01  1.52186900E-01  8.37496656E-04
1.98944535E-01  1.48049593E-01  8.24899005E-04
1.99191211E-01  1.54181674E-01  8.46463430E-04
1.99437887E-01  1.52204975E-01  8.33931612E-04
1.99684564E-01  1.47525400E-01  8.39034969E-04
1.99931240E-01  1.52202800E-01  8.19690526E-04
2.00177917E-01  1.44247591E-01  8.13354971E-04
2.00424593E-01  1.49726614E-01  8.18413449E-04
2.00671270E-01  1.46746844E-01  8.15876527E-04
2.00917946E-01  1.40813097E-01  8.22284201E-04
2.01164622E-01  1.46923423E-01  8.09273450E-04
2.01411299E-01  1.47276625E-01  8.06363765E-04
2.01657975E-01  1.36581346E-01  7.99825182E-04
2.01904652E-01  1.41455099E-01  7.95860949E-04
2.02151328E-01  1.39974922E-01  7.97558401E-04
2.02398005E-01  1.39367566E-01  7.95593311E-04
2.02644681E-01  1.40056551E-01  7.80922594E-04
2.02891357E-01  1.38570547E-01  8.06339260E-04
2.03138034E-01  1.36018202E-01  7.95226893E-04
2.03384710E-01  1.38849005E-01  7.65437377E-04
2.03631387E-01  1.36970505E-01  7.95694999E-04
2.03878063E-01  1.38647884E-01  7.76078843E-04
2.04124740E-01  1.36329621E-01  7.75251945E-04
2.04371416E-01  1.32816523E-01  7.80355535E-04
2.04618092E-01  1.33303002E-01  7.70231301E-04
2.04864769E-01  1.33129060E-01  7.72139349E-04
2.05111445E-01  1.29307181E-01  7.68988393E-04
2.05358122E-01  1.30302593E-01  7.55763205E-04
2.05604798E-01  1.32686689E-01  7.71127176E-04
2.05851474E-01  1.31590456E-01  7.55131827E-04
2.06098151E-01  1.26773417E-01  7.26495346E-04
2.06344827E-01  1.28408551E-01  7.56224385E-04
2.06591504E-01  1.28117606E-01  7.58006645E-04
2.06838180E-01  1.30842537E-01  7.29857595E-04
2.07084857E-01  1.29066437E-01  7.48706458E-04
2.07331533E-01  1.24241129E-01  7.43553683E-04
2.07578209E-01  1.24185920E-01  7.52424996E-04
2.07824886E-01  1.25555396E-01  7.40656978E-04
2.08071562E-01  1.23146415E-01  7.17844465E-04
2.08318239E-01  1.24659464E-01  7.36670510E-04
2.08564915E-01  1.24110289E-01  7.29655148E-04
2.08811592E-01  1.20584242E-01  7.27220031E-04
2.09058268E-01  1.20138682E-01  7.05252925E-04
2.09304944E-01  1.18064985E-01  7.11282308E-04
2.09551621E-01  1.18160181E-01  7.21679477E-04
2.09798297E-01  1.17020831E-01  7.28215848E-04
2.10044974E-01  1.18346505E-01  7.13415560E-04
2.10291650E-01  1.26262501E-01  7.23095844E-04
2.10538326E-01  1.16454646E-01  7.01857556E-04
2.10785003E-01  1.17009558E-01  7.02505698E-04
2.11031679E-01  1.19691648E-01  7.33470195E-04
2.11278356E-01  1.16524599E-01  7.11015600E-04
2.11525032E-01  1.18304953E-01  7.18671014E-04
2.11771709E-01  1.17534764E-01  7.13230518E-04
2.12018385E-01  1.18717834E-01  6.90584595E-04
2.12265061E-01  1.11716636E-01  6.86977466E-04
2.12511738E-01  1.14456311E-01  7.04580336E-04
2.12758414E-01  1.11303665E-01  6.86845917E-04
2.13005091E-01  1.15516327E-01  6.98852236E-04
2.13251767E-01  1.16395913E-01  7.11185392E-04
2.13498444E-01  1.11967474E-01  6.80124271E-04
2.13745120E-01  1.12627961E-01  7.09338579E-04
2.13991796E-01  1.13981307E-01  6.89100532E-04
2.14238473E-01  1.11571342E-01  6.89855660E-04
2.14485149E-01  1.11391090E-01  6.81354257E-04
2.14731826E-01  1.07223585E-01  6.69406494E-04
2.14978502E-01  1.07430741E-01  6.84090308E-04
2.15225179E-01  1.09974384E-01  6.82000653E-04
2.15471855E-01  1.07686609E-01  6.67540880E-04
2.15718531E-01  1.09081902E-01  6.59241341E-04
2.15965208E-01  1.10559344E-01  6.72490685E-04
2.16211884E-01  1.07114337E-01  6.73005008E-04
2.16458561E-01  1.08236998E-01  6.60226156E-04
2.16705237E-01  1.07186690E-01  6.46605098E-04
2.16951913E-01  1.07550062E-01  6.85090432E-04
2.17198590E-01  1.04659699E-01  6.71368151E-04
2.17445266E-01  1.06177360E-01  6.73229923E-04
2.17691943E-01  1.05085313E-01  6.61088096E-04
2.17938619E-01  1.06054142E-01  6.66094769E-04
2.18185296E-01  1.04129143E-01  6.60457998E-04
2.18431972E-01  1.05545588E-01  6.88889937E-04
2.18678648E-01  1.02444172E-01  6.65584870E-04
2.18925325E-01  1.03539340E-01  6.67143206E-04
2.19172001E-01  1.00890398E-01  6.52155315E-04
2.19418678E-01  9.95202884E-02  6.59023353E-04
2.19665354E-01  1.01037577E-01  6.56082237E-04
2.19912031E-01  1.02084510E-01  6.53349271E-04
2.20158707E-01  1.02573469E-01  6.65770727E-04
2.20405383E-01  9.86969471E-02  6.47310226E-04
2.20652060E-01  9.94465500E-02  6.46770466E-04
2.20898736E-01  1.00268841E-01  6.53831346E-04
2.21145413E-01  1.00730546E-01  6.56003074E-04
2.21392089E-01  9.98514071E-02  6.52633200E-04
2.21638766E-01  9.73415002E-02  6.44405955E-04
2.21885442E-01  9.82701555E-02  6.34422642E-04
2.22132118E-01  9.81493667E-02  6.38113415E-04
2.22378795E-01  9.81030166E-02  6.47275301E-04
2.22625471E-01  9.70800072E-02  6.32894807E-04
2.22872148E-01  9.41715837E-02  6.28818059E-04
2.23118824E-01  1.02200329E-01  6.51678478E-04
2.23365500E-01  9.73893255E-02  6.40445855E-04
2.23612177E-01  1.00301266E-01  6.42001396E-04
2.23858853E-01  9.73372459E-02  6.38313824E-04
2.24105530E-01  9.69521031E-02  6.27746980E-04
2.24352206E-01  9.71703008E-02  6.17207726E-04
2.24598883E-01  9.68939587E-02  6.31154224E-04
2.24845559E-01  9.93251503E-02  6.32575946E-04
2.25092235E-01  9.50553492E-02  6.09685376E-04
2.25338912E-01  8.93229544E-02  6.08420582E-04
2.25585588E-01  9.57876220E-02  6.36269921E-04
2.25832265E-01  9.31039676E-02  6.12334639E-04
2.26078941E-01  9.10965726E-02  6.06450893E-04
2.26325618E-01  9.41165686E-02  6.06464979E-04
2.26572294E-01  9.68996137E-02  6.40444225E-04
2.26818970E-01  9.42152515E-02  6.27611123E-04
2.27065647E-01  9.42385197E-02  6.17928745E-04
2.27312323E-01  9.37323943E-02  6.38131169E-04
2.27559000E-01  9.43611115E-02  6.32889278E-04
2.27805676E-01  9.13708359E-02  6.03997963E-04
2.28052352E-01  9.42291841E-02  6.21773477E-04
2.28299029E-01  9.44072753E-02  6.02179149E-04
2.28545705E-01  9.78218913E-02  6.26536959E-04
2.28792382E-01  9.60821584E-02  6.14190649E-04
2.29039058E-01  9.01496187E-02  6.24188688E-04
2.29285735E-01  9.40104648E-02  6.10253192E-04
2.29532411E-01  9.41865370E-02  6.04969158E-04
2.29779087E-01  9.03955922E-02  6.01825886E-04
2.30025764E-01  9.28775147E-02  6.07985246E-04
2.30272440E-01  9.13392976E-02  6.22948224E-04
2.30519117E-01  9.55844223E-02  6.29848219E-04
2.30765793E-01  9.41129103E-02  6.12716482E-04
2.31012470E-01  9.45963636E-02  6.23607542E-04
2.31259146E-01  9.29804370E-02  6.09370414E-04
2.31505822E-01  9.30492952E-02  6.02343935E-04
2.31752499E-01  9.51825306E-02  6.32103882E-04
2.31999175E-01  9.16508958E-02  6.09511451E-04
2.32245852E-01  9.20469090E-02  6.08959526E-04
2.32492528E-01  9.15471390E-02  5.76551654E-04
2.32739205E-01  9.23091024E-02  6.16053294E-04
2.32985881E-01  9.34221148E-02  6.18507212E-04
2.33232557E-01  9.20505673E-02  6.13564625E-04
2.33479234E-01  9.26848277E-02  6.04027184E-04
2.33725910E-01  9.43760574E-02  6.19869912E-04
2.33972587E-01  9.08543468E-02  6.07780414E-04
2.34219263E-01  9.05857161E-02  5.95020421E-04
2.34465939E-01  9.26868021E-02  6.19626255E-04
2.34712616E-01  9.01465490E-02  5.98648679E-04
2.34959292E-01  8.89659747E-02  5.86274837E-04
2.35205969E-01  9.03721079E-02  5.87500050E-04
2.35452645E-01  9.25029218E-02  5.98691113E-04
2.35699322E-01  8.78069401E-02  5.96251863E-04
2.35945998E-01  8.90648067E-02  5.82819397E-04
2.36192674E-01  9.03664082E-02  5.98483253E-04
2.36439351E-01  9.11301374E-02  6.00545492E-04
2.36686027E-01  9.36809555E-02  5.97844250E-04
2.36932704E-01  8.94264802E-02  5.85933623E-04
2.37179380E-01  8.93307701E-02  5.88379742E-04
2.37426057E-01  9.09716040E-02  5.87260234E-04
2.37672733E-01  9.06145647E-02  6.18369144E-04
2.37919409E-01  9.25115049E-02  6.00709405E-04
2.38166086E-01  8.81417841E-02  5.82244422E-04
2.38412762E-01  9.17953700E-02  6.05443609E-04
2.38659439E-01  9.04786214E-02  5.78556501E-04
2.38906115E-01  8.68927538E-02  5.94332989E-04
2.39152791E-01  8.96247178E-02  6.01496664E-04
2.39399468E-01  8.88909549E-02  5.88019961E-04
2.39646144E-01  8.85124058E-02  5.70336997E-04
2.39892821E-01  8.91189203E-02  5.87259827E-04
2.40139497E-01  8.80646333E-02  5.84471156E-04
2.40386174E-01  9.11568925E-02  5.89710660E-04
2.40632850E-01  9.02953222E-02  5.90979005E-04
2.40879526E-01  9.18870792E-02  5.90278534E-04
2.41126203E-01  8.81548673E-02  5.71737823E-04
2.41372879E-01  8.74157697E-02  5.61698165E-04
2.41619556E-01  8.80784690E-02  5.65908733E-04
2.41866232E-01  8.90755728E-02  5.76598512E-04
2.42112909E-01  9.22974125E-02  5.89328294E-04
2.42359585E-01  9.12642628E-02  5.88000461E-04
2.42606261E-01  8.89298394E-02  5.96130907E-04
2.42852938E-01  8.76448750E-02  5.93932695E-04
2.43099614E-01  8.97040740E-02  5.84691181E-04
2.43346291E-01  9.26937535E-02  6.05096109E-04
2.43592967E-01  9.28415954E-02  6.03888941E-04
2.43839644E-01  9.23646688E-02  6.19732367E-04
2.44086320E-01  9.12003890E-02  6.07954105E-04
2.44332996E-01  8.87454599E-02  5.96927362E-04
2.44579673E-01  8.87777731E-02  6.04431028E-04
2.44826349E-01  9.02747437E-02  6.06225338E-04
2.45073026E-01  9.11229253E-02  6.19916187E-04
2.45319702E-01  9.01179016E-02  6.00780302E-04
2.45566378E-01  9.12031829E-02  6.24867913E-04
2.45813055E-01  9.37405899E-02  6.14831457E-04
2.46059731E-01  9.12673250E-02  6.20808452E-04
2.46306408E-01  9.11810398E-02  6.26370311E-04
2.46553084E-01  8.77709538E-02  6.09945448E-04
2.46799761E-01  8.64365995E-02  6.10731251E-04
2.47046437E-01  9.10446793E-02  6.30870112E-04
2.47293113E-01  8.80366489E-02  6.23914530E-04
2.47539790E-01  8.94194841E-02  6.28340233E-04
2.47786466E-01  8.99193957E-02  6.30950439E-04
2.48033143E-01  9.15682688E-02  6.26877474E-04
2.48279819E-01  8.69664848E-02  6.23294676E-04
2.48526496E-01  9.16517302E-02  6.36025739E-04
2.48773172E-01  8.78372714E-02  6.28354144E-04
2.49019848E-01  9.05861333E-02  6.24388922E-04
2.49266525E-01  8.75094011E-02  6.39952661E-04
2.49513201E-01  9.30458382E-02  6.63372921E-04
2.49759878E-01  8.94685686E-02  6.39691658E-04
2.50006554E-01  9.10942852E-02  6.51888957E-04
2.50253230E-01  9.14158002E-02  6.55137643E-04
2.50499907E-01  9.01333764E-02  6.44205953E-04
2.50746583E-01  9.37095657E-02  6.49451395E-04
2.50993260E-01  8.95061046E-02  6.59361656E-04
2.51239936E-01  9.11008939E-02  6.48921647E-04
2.51486613E-01  9.19985175E-02  6.55512093E-04
2.51733289E-01  9.10753906E-02  6.51683309E-04
2.51979965E-01  9.15464014E-02  6.66314154E-04
2.52226642E-01  9.21324641E-02  6.42014085E-04
2.52473318E-01  9.35670659E-02  6.47658773E-04
2.52719995E-01  8.90891254E-02  6.51118753E-04
2.52966671E-01  8.97382200E-02  6.52881688E-04
2.53213348E-01  9.30154398E-02  6.71733927E-04
2.53460024E-01  9.36994255E-02  6.71537535E-04
2.53706700E-01  9.11975652E-02  6.73271075E-04
2.53953377E-01  9.20036435E-02  6.67865563E-04
2.54200053E-01  8.93424302E-02  6.47308247E-04
2.54446730E-01  9.20705944E-02  6.77472271E-04
2.54693406E-01  8.98390785E-02  6.68922381E-04
2.54940083E-01  9.50950086E-02  6.65925967E-04
2.55186759E-01  9.02938023E-02  6.54492527E-04
2.55433435E-01  9.00423974E-02  6.39520294E-04
2.55680112E-01  8.98223072E-02  6.64966763E-04
2.55926788E-01  9.48846489E-02  6.54675590E-04
2.56173465E-01  9.54350606E-02  6.70571986E-04
2.56420141E-01  9.08489153E-02  6.39078673E-04
2.56666817E-01  9.13530067E-02  6.45516498E-04
2.56913494E-01  9.13319662E-02  6.35391218E-04
2.57160170E-01  9.50131640E-02  6.62774255E-04
2.57406847E-01  9.39211026E-02  6.59699494E-04
2.57653523E-01  9.36102122E-02  6.35459553E-04
2.57900200E-01  9.46977511E-02  6.49529044E-04
2.58146876E-01  9.49784964E-02  6.51172420E-04
2.58393552E-01  9.48461294E-02  6.46208762E-04
2.58640229E-01  9.69514251E-02  6.67849381E-04
2.58886905E-01  9.21004191E-02  6.30005030E-04
2.59133582E-01  8.99228603E-02  6.10610587E-04
2.59380258E-01  9.53770578E-02  6.41830848E-04
2.59626935E-01  9.37979221E-02  6.42872241E-04
2.59873611E-01  9.01831388E-02  6.26664783E-04
2.60120287E-01  9.34793800E-02  6.25184271E-04
2.60366964E-01  9.73702446E-02  6.67778775E-04
2.60613640E-01  9.28279683E-02  6.20772713E-04
2.60860317E-01  9.50580761E-02  6.53930998E-04
2.61106993E-01  9.43831801E-02  6.49798953E-04
2.61353670E-01  9.28550661E-02  6.37625693E-04
2.61600346E-01  9.46730599E-02  6.42226601E-04
2.61847022E-01  9.22887921E-02  6.39560691E-04
2.62093699E-01  9.42370221E-02  6.38882455E-04
2.62340375E-01  9.40674320E-02  6.38576108E-04
2.62587052E-01  9.18721780E-02  6.43580686E-04
2.62833728E-01  9.34334919E-02  6.32880488E-04
2.63080404E-01  9.26437974E-02  6.39541016E-04
2.63327081E-01  9.42041427E-02  6.33542310E-04
2.63573757E-01  9.32770893E-02  6.29836519E-04
2.63820434E-01  9.47300792E-02  6.39943406E-04
2.64067110E-01  9.31232125E-02  6.45713590E-04
2.64313787E-01  9.33206826E-02  6.27775036E-04
2.64560463E-01  9.48050544E-02  6.33283111E-04
2.64807139E-01  9.50707421E-02  6.45717198E-04
2.65053816E-01  9.30482596E-02  6.31305040E-04
2.65300492E-01  9.55267549E-02  6.48786430E-04
2.65547169E-01  9.46149379E-02  6.37216493E-04
2.65793845E-01  9.12067518E-02  6.24250679E-04
2.66040522E-01  9.33574513E-02  6.38079306E-04
2.66287198E-01  9.32952315E-02  6.36113400E-04
2.66533874E-01  9.38000530E-02  6.28994079E-04
2.66780551E-01  8.98088813E-02  6.09736249E-04
2.67027227E-01  9.15868059E-02  6.16569479E-04
2.67273904E-01  9.57830474E-02  6.33080432E-04
2.67520580E-01  9.13011432E-02  6.30966329E-04
2.67767256E-01  9.54225808E-02  6.29151531E-04
2.68013933E-01  9.40437242E-02  6.44110842E-04
2.68260609E-01  9.13834870E-02  6.18987950E-04
2.68507286E-01  9.08685252E-02  6.12419040E-04
2.68753962E-01  9.31841657E-02  6.36892859E-04
2.69000639E-01  9.41792876E-02  6.38745783E-04
2.69247315E-01  9.09798071E-02  6.13697222E-04
2.69493991E-01  9.69765186E-02  6.51818293E-04
2.69740668E-01  9.27665159E-02  6.14493969E-04
2.69987344E-01  9.78698060E-02  6.32392068E-04
2.70234021E-01  9.41544250E-02  6.08216505E-04
2.70480697E-01  9.78462026E-02  6.55725540E-04
2.70727374E-01  9.84496400E-02  6.40887243E-04
2.70974050E-01  9.32935327E-02  6.57610770E-04
2.71220726E-01  9.45362970E-02  6.54741074E-04
2.71467403E-01  9.37160477E-02  6.48925954E-04
2.71714079E-01  9.61339399E-02  6.52400369E-04
2.71960756E-01  9.35765356E-02  6.33198710E-04
2.72207432E-01  9.72602889E-02  6.68375345E-04
2.72454109E-01  9.75090861E-02  6.74433599E-04
2.72700785E-01  9.90797281E-02  6.69964007E-04
2.72947461E-01  9.66533944E-02  6.57136610E-04
2.73194138E-01  9.73598659E-02  6.65011292E-04
2.73440814E-01  9.72680077E-02  6.67819346E-04
2.73687491E-01  1.00288741E-01  6.59318408E-04
2.73934167E-01  9.71435234E-02  6.55576703E-04
2.74180843E-01  9.77417007E-02  6.74280745E-04
2.74427520E-01  9.70706716E-02  6.71395974E-04
2.74674196E-01  1.00407094E-01  6.86448358E-04
2.74920873E-01  9.99839604E-02  6.64624444E-04
2.75167549E-01  9.50544029E-02  6.64658088E-04
2.75414226E-01  9.68600661E-02  6.68820285E-04
2.75660902E-01  9.70563143E-02  6.66859502E-04
2.75907578E-01  9.57310423E-02  6.73067058E-04
2.76154255E-01  9.82794091E-02  6.74855139E-04
2.76400931E-01  9.82621685E-02  6.79117744E-04
2.76647608E-01  1.00435719E-01  6.82355021E-04
2.76894284E-01  9.75586176E-02  6.88218046E-04
2.77140961E-01  9.70470384E-02  7.10299180E-04
2.77387637E-01  1.01047546E-01  6.78767392E-04
2.77634313E-01  1.00199834E-01  6.86294050E-04
2.77880990E-01  1.02081008E-01  6.67641987E-04
2.78127666E-01  9.87448841E-02  6.73366128E-04
2.78374343E-01  9.77122411E-02  6.83976454E-04
2.78621019E-01  9.81560796E-02  6.67901360E-04
2.78867695E-01  9.77212638E-02  6.85002306E-04
2.79114372E-01  9.76107940E-02  6.88283588E-04
2.79361048E-01  1.00783676E-01  6.98067830E-04
2.79607725E-01  9.51152593E-02  6.75248506E-04
2.79854401E-01  9.97943431E-02  6.98148622E-04
2.80101078E-01  1.02355331E-01  7.14542519E-04
2.80347754E-01  9.82416496E-02  6.90159039E-04
2.80594430E-01  9.93918329E-02  6.81849371E-04
2.80841107E-01  9.63166729E-02  6.95114839E-04
2.81087783E-01  9.50348526E-02  6.50884060E-04
2.81334460E-01  1.00022435E-01  6.96788833E-04
2.81581136E-01  9.67286602E-02  6.64013380E-04
2.81827813E-01  1.01017892E-01  6.99410681E-04
2.82074489E-01  1.00990593E-01  7.05393439E-04
2.82321165E-01  1.01799518E-01  6.76785421E-04
2.82567842E-01  9.88687053E-02  6.74497744E-04
2.82814518E-01  9.61989388E-02  6.73973293E-04
2.83061195E-01  9.91166830E-02  6.67699438E-04
2.83307871E-01  9.97709781E-02  7.02484453E-04
2.83554548E-01  9.90863144E-02  6.92320289E-04
2.83801224E-01  1.00619361E-01  7.02058489E-04
2.84047900E-01  1.01672411E-01  6.93630835E-04
2.84294577E-01  9.60668996E-02  6.89496985E-04
2.84541253E-01  1.00247398E-01  6.87994296E-04
2.84787930E-01  9.95537862E-02  6.85786305E-04
2.85034606E-01  1.02469198E-01  7.06176506E-04
2.85281282E-01  1.00901030E-01  7.01109180E-04
2.85527959E-01  1.00062490E-01  6.75408693E-04
2.85774635E-01  1.00597940E-01  7.13670743E-04
2.86021312E-01  9.67302769E-02  7.00473494E-04
2.86267988E-01  1.00022890E-01  6.74969517E-04
2.86514665E-01  9.93306860E-02  6.99641299E-04
2.86761341E-01  9.73962322E-02  6.90777088E-04
2.87008017E-01  1.03403345E-01  7.14826980E-04
2.87254694E-01  9.96948555E-02  7.18788418E-04
2.87501370E-01  1.00518130E-01  7.04076141E-04
2.87748047E-01  1.00860916E-01  7.20944372E-04
2.87994723E-01  1.00842819E-01  7.01234268E-04
2.88241400E-01  9.75677595E-02  6.80611352E-04
2.88488076E-01  1.00479238E-01  6.88593544E-04
2.88734752E-01  9.83226150E-02  6.89662120E-04
2.88981429E-01  1.04579248E-01  7.19351869E-04
2.89228105E-01  1.03092417E-01  7.17105751E-04
2.89474782E-01  1.00501448E-01  7.04451755E-04
2.89721458E-01  1.01184569E-01  7.17602670E-04
2.89968134E-01  9.87866297E-02  6.89288892E-04
2.90214811E-01  1.03361487E-01  7.02600402E-04
2.90461487E-01  9.85577106E-02  7.01840385E-04
2.90708164E-01  9.87075865E-02  6.82822196E-04
2.90954840E-01  1.04021735E-01  7.38539500E-04
2.91201517E-01  1.04001954E-01  7.17038289E-04
2.91448193E-01  9.92898270E-02  7.00019882E-04
2.91694869E-01  9.94578749E-02  6.72333292E-04
2.91941546E-01  9.96358097E-02  7.01902609E-04
2.92188222E-01  9.98926312E-02  6.97590178E-04
2.92434899E-01  9.69745219E-02  6.65213680E-04
2.92681575E-01  1.00028239E-01  7.17034680E-04
2.92928252E-01  1.00907177E-01  6.85645500E-04
2.93174928E-01  1.01701058E-01  7.14815862E-04
2.93421604E-01  1.03551105E-01  7.01728219E-04
2.93668281E-01  1.01537481E-01  7.10216351E-04
2.93914957E-01  1.02981962E-01  7.00715405E-04
2.94161634E-01  9.59204361E-02  6.82997343E-04
2.94408310E-01  1.02249607E-01  7.13001995E-04
2.94654987E-01  1.00405782E-01  6.98804273E-04
2.94901663E-01  1.04798585E-01  7.32691959E-04
2.95148339E-01  9.97022614E-02  7.01108598E-04
2.95395016E-01  1.02443852E-01  7.19403091E-04
2.95641692E-01  1.01023607E-01  6.94564020E-04
2.95888369E-01  1.03549182E-01  6.95768686E-04
2.96135045E-01  1.02359593E-01  7.14583672E-04
2.96381721E-01  9.94500890E-02  7.07947882E-04
2.96628398E-01  9.96620953E-02  6.91714871E-04
2.96875074E-01  1.01959363E-01  7.00943812E-04
2.97121751E-01  9.95474532E-02  6.81795354E-04
2.97368427E-01  1.02112323E-01  7.02920312E-04
2.97615104E-01  1.00554489E-01  7.20146461E-04
2.97861780E-01  9.75513235E-02  6.86941727E-04
2.98108456E-01  1.01260997E-01  7.13931629E-04
2.98355133E-01  9.96986032E-02  6.96445408E-04
2.98601809E-01  9.62935761E-02  7.04263686E-04
2.98848486E-01  1.00944303E-01  6.97031093E-04
2.99095162E-01  9.98498201E-02  7.00800854E-04
2.99341839E-01  9.89823937E-02  7.06599501E-04
2.99588515E-01  9.61121544E-02  7.03518745E-04
2.99835191E-01  1.00444905E-01  7.02448539E-04
3.00081868E-01  1.01939172E-01  7.03683996E-04
3.00328544E-01  9.99052525E-02  6.80839003E-04
3.00575221E-01  1.02935500E-01  7.20500655E-04
3.00821897E-01  9.72027853E-02  6.93156733E-04
3.01068574E-01  9.59687829E-02  6.97836396E-04
3.01315250E-01  1.01244986E-01  6.99509983E-04
3.01561926E-01  1.00242585E-01  7.04227714E-04
3.01808603E-01  9.88367721E-02  6.97037496E-04
3.02055279E-01  9.88303274E-02  7.06568069E-04
3.02301956E-01  1.00157127E-01  6.87475142E-04
3.02548632E-01  1.00094974E-01  7.06655672E-04
3.02795308E-01  9.77823734E-02  6.97702984E-04
3.03041985E-01  1.00197941E-01  6.89010310E-04
3.03288661E-01  9.59570110E-02  6.94225484E-04
3.03535338E-01  9.90912244E-02  7.19067641E-04
3.03782014E-01  1.01419769E-01  6.90169458E-04
3.04028691E-01  9.85981971E-02  7.00188626E-04
3.04275367E-01  9.85889807E-02  7.04601873E-04
3.04522043E-01  1.01490021E-01  7.16189272E-04
3.04768720E-01  9.81825441E-02  7.06502702E-04
3.05015396E-01  1.02297239E-01  6.88078639E-04
3.05262073E-01  9.98912454E-02  7.19969103E-04
3.05508749E-01  9.86345187E-02  6.90511893E-04
3.05755426E-01  9.82055217E-02  7.03387195E-04
3.06002102E-01  1.00660324E-01  7.11423228E-04
3.06248778E-01  1.01337604E-01  7.25321937E-04
3.06495455E-01  9.80129465E-02  7.06008286E-04
3.06742131E-01  9.89829674E-02  6.97363284E-04
3.06988808E-01  1.01902738E-01  6.98661257E-04
3.07235484E-01  9.92451608E-02  7.02971302E-04
3.07482160E-01  9.98092890E-02  7.07968895E-04
3.07728837E-01  9.80028063E-02  7.09720887E-04
3.07975513E-01  9.76168439E-02  6.84689556E-04
3.08222190E-01  9.80184153E-02  7.13957124E-04
3.08468866E-01  9.89782289E-02  7.12788431E-04
3.08715543E-01  9.57733244E-02  6.98065560E-04
3.08962219E-01  9.74353626E-02  7.01329554E-04
3.09208895E-01  9.90495756E-02  6.90106652E-04
3.09455572E-01  9.97647345E-02  7.06717256E-04
3.09702248E-01  9.63647962E-02  6.94802671E-04
3.09948925E-01  9.59421992E-02  7.01000681E-04
3.10195601E-01  1.01059332E-01  7.07285246E-04
3.10442278E-01  9.65417996E-02  6.91668945E-04
3.10688954E-01  9.70270708E-02  7.17678224E-04
3.10935630E-01  9.83481407E-02  7.00082281E-04
3.11182307E-01  1.00767933E-01  7.12026726E-04
3.11428983E-01  9.60000977E-02  6.97046635E-04
3.11675660E-01  9.62901637E-02  6.95638126E-04
3.11922336E-01  9.96131375E-02  7.10224849E-04
3.12169013E-01  9.89867747E-02  6.87996449E-04
3.12415689E-01  9.68591422E-02  6.87668740E-04
3.12662365E-01  9.74803790E-02  6.96102739E-04
3.12909042E-01  9.59066227E-02  7.10643595E-04
3.13155718E-01  9.93592739E-02  7.25315069E-04
3.13402395E-01  9.85664353E-02  7.08545442E-04
3.13649071E-01  9.70473364E-02  7.19505828E-04
3.13895747E-01  9.64924991E-02  6.97808980E-04
3.14142424E-01  9.93312299E-02  6.98179647E-04
3.14389100E-01  9.95661914E-02  6.92538626E-04
3.14635777E-01  1.02423303E-01  7.23040022E-04
3.14882453E-01  9.75638255E-02  6.96947041E-04
3.15129130E-01  1.00193605E-01  6.96632662E-04
3.15375806E-01  9.91705358E-02  7.11980392E-04
3.15622482E-01  1.02802999E-01  7.10442197E-04
3.15869159E-01  9.42271352E-02  6.80732192E-04
3.16115835E-01  9.92519259E-02  7.02123158E-04
3.16362512E-01  9.59895402E-02  6.76762837E-04
3.16609188E-01  9.95745212E-02  7.17695162E-04
3.16855865E-01  9.54450890E-02  6.87841501E-04
3.17102541E-01  9.83009562E-02  6.79894176E-04
3.17349217E-01  9.40761939E-02  6.77761855E-04
3.17595894E-01  9.53180566E-02  6.94239629E-04
3.17842570E-01  9.85001326E-02  7.04543549E-04
3.18089247E-01  9.79054421E-02  6.96457631E-04
3.18335923E-01  9.68098566E-02  6.91260560E-04
3.18582599E-01  9.86358449E-02  7.12319219E-04
3.18829276E-01  1.02236047E-01  7.08826410E-04
3.19075952E-01  9.89925787E-02  7.03264959E-04
3.19322629E-01  9.53309461E-02  6.77692296E-04
3.19569305E-01  9.92574021E-02  7.13034358E-04
3.19815982E-01  9.75461453E-02  7.05175160E-04
3.20062658E-01  1.00353211E-01  7.03218451E-04
3.20309334E-01  1.01908118E-01  7.11054541E-04
3.20556011E-01  1.00618057E-01  7.13151880E-04
3.20802687E-01  9.99550894E-02  6.99332217E-04
3.21049364E-01  9.81701389E-02  7.11229746E-04
3.21296040E-01  9.86012369E-02  6.96311414E-04
3.21542717E-01  9.63418856E-02  7.01815297E-04
3.21789393E-01  9.79961529E-02  7.17448129E-04
3.22036069E-01  1.02337524E-01  7.31251377E-04
3.22282746E-01  9.97523218E-02  6.91950961E-04
3.22529422E-01  9.81465653E-02  7.08388048E-04
3.22776099E-01  9.80449542E-02  7.10428692E-04
3.23022775E-01  9.93734524E-02  7.00758712E-04
3.23269452E-01  9.41865519E-02  7.16862618E-04
3.23516128E-01  9.75280330E-02  7.03523867E-04
3.23762804E-01  9.86588374E-02  7.10282999E-04
3.24009481E-01  1.01606593E-01  7.12084293E-04
3.24256157E-01  9.68488008E-02  6.93720300E-04
3.24502834E-01  9.98708755E-02  7.07025640E-04
3.24749510E-01  1.06183529E-01  7.53456145E-04
3.24996186E-01  9.74733308E-02  7.25953956E-04
3.25242863E-01  9.99617800E-02  7.25298712E-04
3.25489539E-01  9.68619809E-02  7.09240732E-04
3.25736216E-01  9.91284847E-02  6.87439460E-04
3.25982892E-01  9.56297070E-02  6.87801105E-04
3.26229569E-01  1.02318846E-01  7.23272737E-04
3.26476245E-01  9.73456576E-02  7.07994332E-04
3.26722921E-01  9.94637758E-02  7.17475836E-04
3.26969598E-01  9.87753198E-02  7.16934039E-04
3.27216274E-01  1.00355685E-01  7.24546437E-04
3.27462951E-01  9.87086669E-02  6.97981450E-04
3.27709627E-01  1.00600369E-01  7.24166515E-04
3.27956304E-01  9.34724510E-02  7.00010511E-04
3.28202980E-01  9.63893980E-02  7.22786819E-04
3.28449656E-01  1.02126062E-01  7.21821154E-04
3.28696333E-01  9.55181643E-02  6.91769703E-04
3.28943009E-01  1.00640386E-01  7.21273886E-04
3.29189686E-01  1.02753066E-01  7.45166442E-04
3.29436362E-01  1.01136923E-01  7.01672048E-04
3.29683039E-01  9.76486728E-02  6.99501368E-04
3.29929715E-01  1.00068562E-01  7.28171377E-04
3.30176391E-01  9.81810838E-02  7.34890869E-04
3.30423068E-01  9.93676558E-02  7.24257261E-04
3.30669744E-01  1.01119332E-01  7.08751031E-04
3.30916421E-01  9.82398689E-02  7.18856289E-04
3.31163097E-01  9.69837829E-02  7.00094155E-04
3.31409773E-01  9.91769880E-02  7.15044793E-04
3.31656450E-01  1.01117387E-01  7.04938546E-04
3.31903126E-01  9.65592787E-02  6.96259143E-04
3.32149803E-01  1.00140110E-01  7.25776656E-04
3.32396479E-01  1.00614682E-01  7.07209343E-04
3.32643156E-01  9.93170217E-02  7.28817831E-04
3.32889832E-01  9.62174833E-02  6.88380387E-04
3.33136508E-01  1.02693848E-01  7.45651603E-04
3.33383185E-01  1.00639656E-01  7.13519519E-04
3.33629861E-01  9.88265052E-02  7.27642851E-04
3.33876538E-01  9.80259553E-02  6.89112931E-04
3.34123214E-01  9.53007638E-02  6.80618687E-04
3.34369891E-01  9.92660150E-02  7.33226829E-04
3.34616567E-01  9.79115292E-02  6.99047523E-04
3.34863243E-01  9.97811407E-02  7.22079887E-04
3.35109920E-01  9.99328494E-02  7.22038152E-04
3.35356596E-01  1.00876912E-01  7.22065859E-04
3.35603273E-01  9.74937081E-02  7.11283996E-04
3.35849949E-01  1.00373738E-01  7.07273430E-04
3.36096625E-01  1.06112041E-01  7.21644145E-04
3.36343302E-01  9.70692411E-02  7.35017296E-04
3.36589978E-01  1.00209579E-01  7.08827167E-04
3.36836655E-01  1.01568855E-01  7.14095600E-04
3.37083331E-01  9.86326113E-02  6.99581171E-04
3.37330008E-01  1.02194376E-01  7.31865643E-04
3.37576684E-01  9.99765769E-02  7.25455466E-04
3.37823360E-01  9.97309312E-02  7.23219244E-04
3.38070037E-01  9.69892666E-02  6.90240297E-04
3.38316713E-01  1.00405417E-01  7.31034786E-04
3.38563390E-01  1.04898512E-01  7.33087654E-04
3.38810066E-01  1.01345524E-01  7.42383243E-04
3.39056743E-01  9.87086594E-02  7.05127837E-04
3.39303419E-01  9.92825106E-02  7.14376336E-04
3.39550095E-01  9.95994955E-02  7.24720943E-04
3.39796772E-01  1.02103673E-01  7.33182533E-04
3.40043448E-01  9.90024656E-02  7.13130867E-04
3.40290125E-01  9.81994644E-02  7.24018260E-04
3.40536801E-01  9.78026465E-02  7.02216756E-04
3.40783478E-01  9.97734517E-02  6.99227443E-04
3.41030154E-01  9.69332978E-02  7.01334444E-04
3.41276830E-01  9.90026072E-02  7.18769326E-04
3.41523507E-01  1.02060273E-01  7.31649750E-04
3.41770183E-01  9.57608745E-02  7.09081825E-04
3.42016860E-01  9.51792672E-02  7.08583859E-04
3.42263536E-01  9.80770439E-02  6.98771561E-04
3.42510212E-01  1.01573631E-01  7.22247292E-04
3.42756889E-01  1.05792709E-01  7.26834871E-04
3.43003565E-01  1.00383967E-01  7.13716378E-04
3.43250242E-01  9.81288776E-02  7.17786548E-04
3.43496918E-01  9.86004472E-02  7.30343745E-04
3.43743595E-01  1.01844169E-01  7.13370682E-04
3.43990271E-01  9.93821397E-02  7.00792763E-04
3.44236947E-01  9.79183987E-02  7.04374514E-04
3.44483624E-01  9.99952182E-02  7.01012963E-04
3.44730300E-01  9.85943973E-02  6.93388982E-04
3.44976977E-01  9.49411094E-02  7.06885301E-04
3.45223653E-01  9.57904905E-02  6.97455311E-04
3.45470330E-01  9.92098525E-02  7.20283599E-04
3.45717006E-01  9.92104560E-02  7.13396934E-04
3.45963682E-01  1.02624841E-01  7.17231072E-04
3.46210359E-01  9.94409248E-02  7.12418754E-04
3.46457035E-01  9.88520160E-02  7.12719164E-04
3.46703712E-01  9.84433517E-02  7.33094872E-04
3.46950388E-01  9.92482752E-02  7.26928760E-04
3.47197064E-01  9.72864628E-02  7.23238569E-04
3.47443741E-01  9.97728333E-02  6.93711918E-04
3.47690417E-01  9.84930173E-02  7.04770559E-04
3.47937094E-01  9.36057493E-02  6.83554157E-04
3.48183770E-01  9.79865119E-02  7.09798536E-04
3.48430447E-01  1.02437019E-01  7.14709866E-04
3.48677123E-01  9.79363620E-02  7.03867234E-04
3.48923799E-01  9.82980207E-02  6.95165538E-04
3.49170476E-01  1.00670516E-01  7.18113326E-04
3.49417152E-01  9.81887281E-02  7.11499131E-04
3.49663829E-01  1.02576293E-01  7.12277426E-04
3.49910505E-01  9.54747573E-02  7.07043393E-04
3.50157182E-01  9.55230892E-02  6.91656314E-04
3.50403858E-01  9.70030800E-02  6.92990143E-04
3.50650534E-01  9.48982462E-02  7.06000486E-04
3.50897211E-01  9.60733145E-02  6.87589112E-04
3.51143887E-01  9.39633623E-02  6.91650261E-04
3.51390564E-01  1.01486623E-01  7.16649403E-04
3.51637240E-01  9.59898382E-02  7.01744459E-04
3.51883917E-01  9.52110887E-02  7.03789818E-04
3.52130593E-01  9.39474702E-02  6.99549739E-04
3.52377269E-01  9.43330303E-02  6.70171401E-04
3.52623946E-01  9.36586410E-02  6.84032799E-04
3.52870622E-01  9.74899828E-02  6.97194017E-04
3.53117299E-01  9.88440290E-02  7.15610688E-04
3.53363975E-01  9.32474136E-02  7.01523037E-04
3.53610651E-01  9.62290317E-02  7.02933699E-04
3.53857328E-01  9.21231285E-02  6.90717192E-04
3.54104004E-01  9.38224122E-02  6.90122077E-04
3.54350681E-01  9.14953500E-02  6.86711806E-04
3.54597357E-01  9.42831337E-02  6.99661847E-04
3.54844034E-01  9.73455906E-02  6.84341940E-04
3.55090710E-01  9.40972418E-02  6.85244799E-04
3.55337386E-01  9.80146974E-02  6.91893045E-04
3.55584063E-01  9.39997956E-02  6.93207548E-04
3.55830739E-01  9.58814174E-02  6.97056879E-04
3.56077416E-01  9.79614854E-02  6.93989568E-04
3.56324092E-01  8.96368474E-02  6.63602725E-04
3.56570769E-01  9.29516330E-02  6.75970048E-04
3.56817445E-01  9.33109224E-02  6.77805743E-04
3.57064121E-01  9.49668437E-02  6.74304785E-04
3.57310798E-01  9.38085616E-02  6.93538692E-04
3.57557474E-01  9.36709419E-02  6.83983846E-04
3.57804151E-01  9.26267877E-02  6.71247661E-04
3.58050827E-01  9.65799242E-02  7.01817567E-04
3.58297503E-01  9.56924260E-02  7.17973453E-04
3.58544180E-01  9.59846750E-02  7.11556291E-04
3.58790856E-01  9.09573138E-02  6.55518321E-04
3.59037533E-01  9.44982544E-02  6.89976732E-04
3.59284209E-01  9.13835168E-02  6.67162181E-04
3.59530886E-01  9.63064134E-02  6.99250435E-04
3.59777562E-01  9.66468900E-02  6.76707656E-04
3.60024238E-01  8.93197134E-02  6.69442699E-04
3.60270915E-01  9.39012468E-02  6.89966604E-04
3.60517591E-01  9.47740674E-02  7.19153613E-04
3.60764268E-01  9.39146280E-02  6.96058793E-04
3.61010944E-01  9.25828218E-02  6.74635230E-04
3.61257621E-01  9.50985029E-02  6.98075106E-04
3.61504297E-01  9.06864777E-02  6.68089662E-04
3.61750973E-01  9.08576027E-02  6.91330759E-04
3.61997650E-01  9.24126506E-02  6.87733525E-04
3.62244326E-01  8.97151232E-02  6.56408782E-04
3.62491003E-01  9.38731283E-02  6.93851209E-04
3.62737679E-01  8.97507817E-02  6.73712464E-04
3.62984356E-01  9.33679417E-02  6.84818253E-04
3.63231032E-01  8.88824537E-02  6.72927359E-04
3.63477708E-01  8.75092223E-02  6.68150198E-04
3.63724385E-01  8.94588903E-02  6.84069586E-04
3.63971061E-01  9.35675502E-02  6.99124823E-04
3.64217738E-01  8.78946409E-02  6.73726492E-04
3.64464414E-01  8.99087936E-02  6.82398328E-04
3.64711090E-01  8.84809569E-02  6.89368520E-04
3.64957767E-01  9.05837119E-02  6.65174332E-04
3.65204443E-01  9.04022083E-02  6.80786208E-04
3.65451120E-01  8.96585658E-02  6.93833630E-04
3.65697796E-01  9.12201032E-02  6.63841667E-04
3.65944473E-01  9.17181149E-02  6.82193029E-04
3.66191149E-01  8.90625343E-02  6.70303532E-04
3.66437825E-01  9.10481960E-02  6.86719373E-04
3.66684502E-01  9.31365192E-02  6.91266090E-04
3.66931178E-01  9.00870189E-02  6.76506315E-04
3.67177855E-01  8.79249945E-02  6.57396740E-04
3.67424531E-01  9.05627683E-02  6.75426098E-04
3.67671208E-01  8.76805484E-02  6.65601401E-04
3.67917884E-01  8.62825736E-02  6.52541930E-04
3.68164560E-01  8.75202939E-02  6.52802875E-04
3.68411237E-01  9.14954692E-02  6.86132174E-04
3.68657913E-01  8.67156237E-02  6.69724890E-04
3.68904590E-01  9.03364047E-02  6.81089587E-04
3.69151266E-01  8.98064002E-02  6.83440652E-04
3.69397943E-01  9.13317651E-02  7.05491460E-04
3.69644619E-01  8.74272287E-02  6.52549730E-04
3.69891295E-01  9.27449986E-02  6.73028990E-04
3.70137972E-01  8.87479857E-02  6.70996611E-04
3.70384648E-01  8.77244696E-02  6.57601864E-04
3.70631325E-01  8.82717222E-02  6.85709703E-04
3.70878001E-01  8.32711607E-02  6.44947984E-04
3.71124677E-01  8.69375169E-02  6.63905288E-04
3.71371354E-01  8.62732530E-02  6.53384486E-04
3.71618030E-01  8.88318196E-02  6.76449330E-04
3.71864707E-01  8.61629173E-02  6.58020435E-04
3.72111383E-01  8.66558030E-02  6.54499163E-04
3.72358060E-01  9.09384638E-02  6.70921057E-04
3.72604736E-01  8.94606262E-02  6.62715174E-04
3.72851412E-01  8.84161964E-02  6.68562017E-04
3.73098089E-01  8.95650983E-02  6.74986513E-04
3.73344765E-01  8.60163718E-02  6.59408048E-04
3.73591442E-01  8.79592821E-02  6.53490715E-04
3.73838118E-01  8.71241093E-02  6.75633084E-04
3.74084795E-01  9.29333493E-02  6.80569035E-04
3.74331471E-01  9.19010490E-02  6.81336038E-04
3.74578147E-01  8.39858949E-02  6.66395994E-04
3.74824824E-01  8.85335132E-02  6.59530109E-04
3.75071500E-01  9.03777108E-02  6.63235434E-04
3.75318177E-01  8.80727544E-02  6.60066667E-04
3.75564853E-01  8.99187624E-02  6.76632160E-04
3.75811529E-01  8.79933909E-02  6.62056380E-04
3.76058206E-01  8.74217004E-02  6.60698570E-04
3.76304882E-01  8.83885399E-02  6.68807130E-04
3.76551559E-01  8.73688459E-02  6.72266877E-04
3.76798235E-01  8.87830183E-02  6.66609267E-04
3.77044912E-01  8.92141983E-02  6.65257103E-04
3.77291588E-01  8.93088207E-02  6.81786041E-04
3.77538264E-01  8.94985944E-02  6.68654742E-04
3.77784941E-01  8.55357423E-02  6.48704823E-04
3.78031617E-01  8.67415443E-02  6.59134181E-04
3.78278294E-01  8.84540379E-02  6.65513275E-04
3.78524970E-01  8.70092362E-02  6.69273431E-04
3.78771647E-01  8.74506682E-02  6.61650440E-04
3.79018323E-01  8.89537632E-02  6.83696126E-04
3.79264999E-01  8.94180089E-02  6.61370868E-04
3.79511676E-01  8.91258270E-02  6.58959791E-04
3.79758352E-01  8.87352154E-02  6.75484946E-04
3.80005029E-01  8.66935179E-02  6.39746897E-04
3.80251705E-01  9.05349180E-02  6.92103407E-04
3.80498382E-01  8.84922147E-02  6.57247845E-04
3.80745058E-01  9.04446170E-02  6.73338072E-04
3.80991734E-01  8.74467492E-02  6.76945026E-04
3.81238411E-01  8.81475657E-02  6.75125397E-04
3.81485087E-01  8.95818919E-02  7.01699057E-04
3.81731764E-01  8.70589763E-02  6.81863981E-04
3.81978440E-01  8.74496847E-02  7.18603027E-04
3.82225116E-01  8.68518427E-02  7.01888988E-04
3.82471793E-01  8.49666670E-02  7.02281424E-04
3.82718469E-01  9.09139290E-02  7.32154353E-04
3.82965146E-01  8.57376307E-02  7.18598778E-04
3.83211822E-01  8.85444358E-02  7.36046117E-04
3.83458499E-01  8.91229510E-02  7.42965378E-04
3.83705175E-01  8.99931565E-02  7.59973074E-04
3.83951851E-01  8.82401392E-02  7.50592968E-04
3.84198528E-01  8.65859464E-02  7.40509829E-04
3.84445204E-01  8.86767134E-02  7.30285479E-04
3.84691881E-01  8.84155557E-02  7.42896402E-04
3.84938557E-01  8.84934440E-02  7.57009373E-04
3.85185234E-01  8.67891759E-02  7.39741663E-04
3.85431910E-01  8.79178271E-02  7.32337357E-04
3.85678586E-01  8.48178938E-02  7.28717307E-04
3.85925263E-01  8.76710936E-02  7.75592576E-04
3.86171939E-01  8.78038034E-02  7.54006614E-04
3.86418616E-01  8.30239430E-02  7.36456481E-04
3.86665292E-01  8.82194564E-02  7.54145440E-04
3.86911968E-01  8.46437812E-02  7.35564448E-04
3.87158645E-01  8.67566466E-02  7.34126021E-04
3.87405321E-01  8.38685483E-02  7.54020351E-04
3.87651998E-01  8.62762779E-02  7.63671764E-04
3.87898674E-01  8.78267661E-02  7.81329873E-04
3.88145351E-01  8.40037912E-02  7.69223552E-04
3.88392027E-01  8.91529173E-02  8.03208153E-04
3.88638703E-01  8.60515907E-02  7.69242644E-04
3.88885380E-01  8.63263085E-02  7.52056134E-04
3.89132056E-01  8.30086544E-02  7.84672622E-04
3.89378733E-01  9.07278955E-02  8.16516113E-04
3.89625409E-01  8.91957134E-02  7.94232707E-04
3.89872086E-01  8.72042179E-02  7.84618780E-04
3.90118762E-01  8.62089247E-02  7.82673771E-04
3.90365438E-01  8.72055665E-02  7.64129334E-04
3.90612115E-01  8.90375078E-02  7.72859086E-04
3.90858791E-01  8.72263759E-02  7.57016183E-04
3.91105468E-01  8.77577513E-02  7.35829060E-04
3.91352144E-01  8.56790543E-02  7.52278545E-04
3.91598821E-01  9.21872929E-02  7.81419920E-04
3.91845497E-01  8.54022950E-02  7.43016368E-04
3.92092173E-01  8.75755697E-02  7.55565648E-04
3.92338850E-01  8.82128924E-02  7.47616752E-04
3.92585526E-01  8.86668712E-02  7.40247720E-04
3.92832203E-01  8.45274180E-02  7.12686044E-04
3.93078879E-01  8.80301371E-02  7.35836104E-04
3.93325555E-01  8.42321292E-02  7.24298123E-04
3.93572232E-01  8.82758722E-02  7.32410059E-04
3.93818908E-01  9.52772349E-02  7.67888036E-04
3.94065585E-01  8.77970457E-02  7.08256208E-04
3.94312261E-01  8.71068239E-02  7.08450796E-04
3.94558938E-01  9.02172253E-02  7.31206615E-04
3.94805614E-01  8.86098370E-02  7.33713503E-04
3.95052290E-01  8.60212073E-02  7.44051998E-04
3.95298967E-01  8.52723271E-02  7.08782289E-04
3.95545643E-01  8.79664943E-02  7.24300393E-04
3.95792320E-01  8.70512202E-02  7.13852642E-04
3.96038996E-01  8.62952769E-02  7.15663482E-04
3.96285673E-01  8.83166268E-02  7.31001084E-04
3.96532349E-01  8.88657942E-02  7.31452485E-04
3.96779025E-01  8.99845064E-02  7.11669622E-04
3.97025702E-01  8.58473852E-02  6.98833202E-04
3.97272378E-01  8.71987641E-02  6.97185576E-04
3.97519055E-01  8.66589844E-02  7.06152001E-04
3.97765731E-01  9.01660770E-02  7.34342728E-04
3.98012407E-01  8.51969272E-02  6.95751747E-04
3.98259084E-01  9.04887021E-02  7.45010620E-04
3.98505760E-01  8.99926573E-02  7.32942834E-04
3.98752437E-01  8.87616128E-02  7.21363118E-04
3.98999113E-01  9.02788788E-02  7.21549441E-04
3.99245790E-01  8.97025242E-02  6.99078082E-04
3.99492466E-01  8.80005062E-02  7.12362584E-04
3.99739142E-01  8.39786455E-02  6.99956261E-04
3.99985819E-01  8.71388316E-02  7.21732562E-04
4.00232495E-01  8.42828378E-02  6.99905970E-04
4.00479172E-01  8.61763060E-02  7.01397366E-04
4.00725848E-01  8.46988335E-02  7.00022676E-04
4.00972525E-01  8.65234360E-02  6.99698518E-04
4.01219201E-01  8.88781846E-02  7.26750528E-04
4.01465877E-01  8.31605494E-02  6.89617998E-04
4.01712554E-01  8.66644159E-02  7.06738094E-04
4.01959230E-01  8.94114450E-02  7.30786356E-04
4.02205907E-01  8.66477117E-02  7.02935562E-04
4.02452583E-01  8.64083990E-02  7.33469613E-04
4.02699260E-01  8.72816667E-02  7.02873047E-04
4.02945936E-01  8.79918709E-02  7.01710174E-04
4.03192612E-01  8.84677842E-02  7.01409008E-04
4.03439289E-01  8.92281756E-02  7.17015180E-04
4.03685965E-01  8.69662538E-02  7.12244131E-04
4.03932642E-01  8.42139870E-02  6.94089278E-04
4.04179318E-01  8.81422609E-02  7.16850802E-04
4.04425994E-01  8.94032568E-02  7.18129042E-04
4.04672671E-01  8.83200988E-02  6.99853466E-04
4.04919347E-01  8.72786790E-02  7.26053491E-04
4.05166024E-01  8.65871385E-02  6.97870797E-04
4.05412700E-01  9.09253880E-02  7.14912021E-04
4.05659377E-01  8.49776044E-02  6.90745364E-04
4.05906053E-01  9.27820727E-02  7.18365540E-04
4.06152729E-01  8.69117007E-02  7.03089405E-04
4.06399406E-01  8.71895626E-02  7.17903371E-04
4.06646082E-01  8.45438316E-02  6.85826351E-04
4.06892759E-01  8.51584747E-02  6.80349825E-04
4.07139435E-01  8.57838839E-02  6.95498835E-04
4.07386112E-01  8.94310474E-02  7.41107739E-04
4.07632788E-01  8.56344104E-02  7.11298548E-04
4.07879464E-01  8.56474563E-02  7.07327796E-04
4.08126141E-01  8.40272084E-02  6.82400598E-04
4.08372817E-01  9.42728668E-02  7.44545658E-04
4.08619494E-01  8.66036266E-02  7.06202991E-04
4.08866170E-01  8.67652074E-02  7.13201007E-04
4.09112847E-01  8.72016326E-02  7.25146441E-04
4.09359523E-01  8.67647156E-02  7.07292114E-04
4.09606199E-01  8.43063667E-02  7.14484719E-04
4.09852876E-01  8.45938548E-02  6.96911011E-04
4.10099552E-01  8.91239941E-02  7.02362508E-04
4.10346229E-01  8.60295892E-02  6.91324123E-04
4.10592905E-01  8.54225084E-02  6.96306815E-04
4.10839581E-01  8.41658488E-02  7.15090544E-04
4.11086258E-01  8.52071121E-02  6.83900726E-04
4.11332934E-01  8.85701850E-02  7.07299914E-04
4.11579611E-01  8.97469670E-02  7.12371140E-04
4.11826287E-01  8.77101868E-02  7.06254330E-04
4.12072964E-01  8.53080526E-02  7.09446438E-04
4.12319640E-01  8.93672854E-02  7.10758031E-04
4.12566316E-01  8.53728950E-02  6.69253001E-04
4.12812993E-01  8.07716176E-02  6.68270397E-04
4.13059669E-01  8.83645490E-02  7.11038534E-04
4.13306346E-01  8.47346336E-02  7.07071740E-04
4.13553022E-01  9.09567699E-02  7.19318807E-04
4.13799699E-01  8.46098140E-02  6.90646528E-04
4.14046375E-01  8.88417065E-02  7.24100799E-04
4.14293051E-01  8.96233693E-02  7.09094864E-04
4.14539728E-01  8.83051902E-02  7.07352243E-04
4.14786404E-01  8.53447840E-02  6.91769994E-04
4.15033081E-01  8.26250613E-02  6.82363403E-04
4.15279757E-01  8.75090882E-02  7.09938002E-04
4.15526433E-01  8.79173949E-02  7.13588030E-04
4.15773110E-01  8.60899761E-02  6.91739842E-04
4.16019786E-01  8.92472565E-02  7.24133686E-04
4.16266463E-01  8.63607451E-02  6.97064155E-04
4.16513139E-01  8.34268704E-02  6.93694223E-04
4.16759816E-01  8.45370367E-02  7.04374223E-04
4.17006492E-01  8.77577960E-02  6.85201725E-04
4.17253168E-01  8.84144828E-02  7.00037519E-04
4.17499845E-01  8.39290097E-02  6.68636756E-04
4.17746521E-01  8.69324505E-02  7.00486242E-04
4.17993198E-01  8.61704797E-02  6.89285225E-04
4.18239874E-01  8.48265812E-02  6.82668411E-04
4.18486551E-01  8.71472284E-02  7.07631174E-04
4.18733227E-01  8.34228024E-02  6.91817841E-04
4.18979903E-01  8.78422633E-02  6.82185113E-04
4.19226580E-01  8.45007896E-02  6.91689143E-04
4.19473256E-01  8.95076692E-02  7.03332655E-04
4.19719933E-01  8.70915949E-02  7.07744330E-04
4.19966609E-01  8.68156701E-02  7.12198555E-04
4.20213286E-01  8.49958807E-02  7.11059605E-04
4.20459962E-01  8.67850482E-02  7.05934595E-04
4.20706638E-01  8.47821236E-02  6.92363479E-04
4.20953315E-01  8.64940360E-02  7.01939338E-04
4.21199991E-01  8.99850205E-02  7.13227666E-04
4.21446668E-01  8.88414159E-02  6.93919836E-04
4.21693344E-01  8.57499242E-02  6.85600739E-04
4.21940020E-01  8.77007842E-02  6.86010520E-04
4.22186697E-01  8.68710652E-02  7.04289705E-04
4.22433373E-01  8.96414965E-02  7.03402795E-04
4.22680050E-01  8.73664096E-02  6.87396212E-04
4.22926726E-01  8.82786810E-02  7.24089448E-04
4.23173403E-01  8.57543424E-02  6.95405412E-04
4.23420079E-01  8.90473425E-02  7.36529182E-04
4.23666755E-01  8.47373158E-02  6.86280604E-04
4.23913432E-01  9.01616067E-02  7.30434374E-04
4.24160108E-01  8.71894211E-02  7.02754827E-04
4.24406785E-01  8.84857774E-02  6.96487550E-04
4.24653461E-01  8.65308344E-02  6.97199896E-04
4.24900138E-01  8.72393399E-02  6.83901017E-04
4.25146814E-01  8.67049024E-02  7.03471596E-04
4.25393490E-01  8.81286785E-02  6.98022195E-04
4.25640167E-01  8.58684853E-02  7.04382488E-04
4.25886843E-01  8.62899870E-02  6.78601908E-04
4.26133520E-01  8.49942043E-02  6.73177419E-04
4.26380196E-01  8.24589431E-02  6.90145185E-04
4.26626872E-01  9.06840339E-02  7.18207739E-04
4.26873549E-01  8.52531195E-02  6.75673480E-04
4.27120225E-01  8.65043849E-02  6.88113505E-04
4.27366902E-01  8.80775154E-02  7.04796694E-04
4.27613578E-01  8.66739079E-02  6.83081977E-04
4.27860255E-01  8.70278180E-02  6.92693982E-04
4.28106931E-01  8.90009254E-02  7.07649451E-04
4.28353607E-01  8.36881772E-02  6.64718566E-04
4.28600284E-01  8.48276019E-02  6.99515280E-04
4.28846960E-01  8.62919390E-02  6.87494234E-04
4.29093637E-01  8.59643295E-02  6.96040865E-04
4.29340313E-01  8.82072672E-02  7.18375668E-04
4.29586990E-01  8.90657604E-02  7.07188505E-04
4.29833666E-01  8.90232921E-02  7.22415687E-04
4.30080342E-01  8.66078958E-02  7.00015342E-04
4.30327019E-01  8.91523585E-02  6.86249230E-04
4.30573695E-01  8.70420858E-02  7.05052924E-04
4.30820372E-01  8.69499147E-02  7.01683108E-04
4.31067048E-01  8.74381214E-02  6.93131413E-04
4.31313725E-01  8.80186707E-02  7.16717681E-04
4.31560401E-01  8.50414783E-02  6.90893736E-04
4.31807077E-01  8.94277990E-02  7.12725508E-04
4.32053754E-01  8.65781084E-02  7.16277573E-04
4.32300430E-01  8.68900716E-02  7.12852576E-04
4.32547107E-01  8.75217170E-02  6.99515047E-04
4.32793783E-01  8.64146203E-02  6.89416251E-04
4.33040459E-01  8.65874738E-02  7.08718959E-04
4.33287136E-01  8.83071721E-02  6.93860871E-04
4.33533812E-01  8.72983113E-02  6.86368614E-04
4.33780489E-01  8.52583274E-02  7.14771450E-04
4.34027165E-01  8.83267820E-02  6.97199721E-04
4.34273842E-01  8.92299265E-02  7.09669839E-04
4.34520518E-01  8.88519809E-02  6.99683500E-04
4.34767194E-01  8.53972062E-02  7.04762060E-04
4.35013871E-01  8.54598582E-02  6.81958627E-04
4.35260547E-01  8.67703930E-02  6.76121097E-04
4.35507224E-01  8.58097523E-02  6.87770487E-04
4.35753900E-01  8.77517611E-02  7.19514210E-04
4.36000577E-01  9.07632187E-02  7.19502335E-04
4.36247253E-01  8.66014808E-02  7.00111268E-04
4.36493929E-01  8.63495246E-02  7.28087092E-04
4.36740606E-01  8.71131197E-02  7.00901262E-04
4.36987282E-01  8.75470489E-02  6.99366967E-04
4.37233959E-01  8.69552195E-02  7.01036421E-04
4.37480635E-01  8.40393901E-02  6.91787805E-04
4.37727311E-01  8.58782753E-02  6.97111886E-04
4.37973988E-01  8.78317803E-02  7.09135784E-04
4.38220664E-01  8.82331654E-02  7.02692079E-04
4.38467341E-01  8.70517120E-02  6.93735550E-04
4.38714017E-01  8.57858881E-02  6.72106748E-04
4.38960694E-01  8.82318020E-02  7.12528883E-04
4.39207370E-01  8.67190734E-02  7.13225221E-04
4.39454046E-01  8.44473615E-02  6.82071375E-04
4.39700723E-01  8.68088230E-02  6.83009101E-04
4.39947399E-01  8.68336186E-02  6.98586402E-04
4.40194076E-01  8.77147540E-02  6.93775073E-04
4.40440752E-01  8.87754038E-02  6.90837915E-04
4.40687429E-01  8.62058401E-02  6.84061437E-04
4.40934105E-01  8.43809023E-02  6.86220767E-04
4.41180781E-01  8.33544433E-02  6.82589132E-04
4.41427458E-01  8.28883499E-02  6.80155412E-04
4.41674134E-01  8.96921903E-02  7.02802732E-04
4.41920811E-01  8.44706520E-02  7.05477316E-04
4.42167487E-01  8.59894082E-02  7.14896829E-04
4.42414164E-01  8.88505131E-02  6.94075366E-04
4.42660840E-01  8.69067833E-02  7.02158606E-04
4.42907516E-01  8.40494633E-02  6.83440012E-04
4.43154193E-01  8.81230310E-02  6.95153896E-04
4.43400869E-01  8.81093740E-02  6.91843976E-04
4.43647546E-01  8.43004063E-02  6.87353313E-04
4.43894222E-01  8.72782320E-02  7.07201660E-04
4.44140898E-01  8.79882574E-02  6.72941213E-04
4.44387575E-01  8.79654661E-02  6.92847592E-04
4.44634251E-01  8.46989155E-02  6.98501419E-04
4.44880928E-01  8.90379176E-02  7.16838927E-04
4.45127604E-01  9.09120962E-02  7.40393356E-04
4.45374281E-01  8.68994147E-02  6.89131732E-04
4.45620957E-01  8.94005671E-02  7.04737671E-04
4.45867633E-01  8.65272954E-02  7.00250326E-04
4.46114310E-01  8.90531689E-02  7.03793368E-04
4.46360986E-01  8.38233382E-02  6.88236556E-04
4.46607663E-01  8.60568285E-02  6.80091616E-04
4.46854339E-01  8.75640139E-02  6.92476693E-04
4.47101016E-01  8.59438553E-02  6.84928265E-04
4.47347692E-01  8.80425200E-02  6.91061199E-04
4.47594368E-01  8.50552917E-02  7.24253943E-04
4.47841045E-01  8.59140381E-02  7.03227066E-04
4.48087721E-01  8.95580426E-02  7.10025895E-04
4.48334398E-01  8.80176499E-02  7.03460188E-04
4.48581074E-01  8.71992782E-02  6.78433629E-04
4.48827751E-01  8.46832097E-02  6.91251364E-04
4.49074427E-01  8.85517001E-02  7.15948758E-04
4.49321103E-01  8.97458121E-02  6.95034571E-04
4.49567780E-01  8.52716044E-02  6.78900920E-04
4.49814456E-01  8.35623443E-02  6.72050577E-04
4.50061133E-01  8.53239149E-02  6.84183498E-04
4.50307809E-01  8.79727975E-02  6.88129629E-04
4.50554485E-01  8.63530487E-02  7.09769840E-04
4.50801162E-01  8.91634598E-02  7.15424074E-04
4.51047838E-01  8.73308107E-02  6.77082338E-04
4.51294515E-01  8.96315798E-02  7.04211241E-04
4.51541191E-01  8.81470442E-02  7.15739967E-04
4.51787868E-01  8.84846523E-02  6.95897674E-04
4.52034544E-01  8.27995464E-02  6.61798171E-04
4.52281220E-01  8.32649618E-02  6.92408939E-04
4.52527897E-01  8.67531002E-02  6.74138835E-04
4.52774573E-01  8.61301646E-02  6.92766625E-04
4.53021250E-01  8.57961252E-02  6.81744248E-04
4.53267926E-01  8.81940871E-02  7.08369189E-04
4.53514603E-01  8.45599994E-02  6.79164135E-04
4.53761279E-01  8.61544609E-02  6.58853445E-04
4.54007955E-01  8.60623270E-02  6.84021448E-04
4.54254632E-01  8.92301723E-02  7.04751350E-04
4.54501308E-01  8.51140171E-02  6.72420487E-04
4.54747985E-01  8.56489465E-02  6.85699400E-04
4.54994661E-01  8.79201591E-02  7.17210525E-04
4.55241337E-01  8.60154927E-02  6.94068382E-04
4.55488014E-01  8.44132677E-02  6.68397057E-04
4.55734690E-01  8.50541890E-02  6.74757815E-04
4.55981367E-01  8.49635154E-02  7.01406796E-04
4.56228043E-01  8.68591666E-02  6.80937606E-04
4.56474720E-01  8.61427709E-02  6.74851355E-04
4.56721396E-01  8.68510976E-02  6.95231487E-04
4.56968072E-01  8.72659683E-02  7.03382597E-04
4.57214749E-01  8.65232870E-02  6.97293202E-04
4.57461425E-01  8.40485618E-02  6.54118950E-04
4.57708102E-01  8.71545225E-02  6.92498987E-04
4.57954778E-01  8.97506848E-02  7.02401157E-04
4.58201455E-01  8.91448408E-02  7.13501126E-04


### HEADER:
#
#{
#    "analysis": {},
#    "calibration_params": {
#        "Beam_Center_X": 1092.0,
#        "Beam_Center_Y": 2091.0,
#        "Detector Tilt": 0.0,
#        "Detector Tilt Plane Rotation": 0.0,
#        "Detector_X_Pixel_Size": 75.0,
#        "Detector_Y_Pixel_Size": 75.0,
#        "Integration Method": "nosplit_csr",
#        "Radial_Average_Method": "pyFAI",
#        "Sample-to-detector distance (mm)": 1731.0,
#        "Wavelength (A)": 1.0993212460550197
#    },
#    "config_file": "/mnt/home/chess_id7a/.RAW/backup.cfg",
#    "counters": {
#        "Epoch": "20.434",
#        "I1": "0",
#        "I2": "0",
#        "I3": "0",
#        "Seconds": "0.5",
#        "Time": "1.69277e-05",
#        "date": "Sat May 18 08:44:53 2024",
#        "diode": "15646"
#    },
#    "filename": "D1M0015_80C_100MPa_up_3_data_000001_00001.h5",
#    "history": {},
#    "imageHeader": {},
#    "load_path": "/nfs/chess/daq/current/id7a/Budin_05_16_24/D1M0015/D1M0015_80C_100MPa_up_3_data_000001.h5",
#    "normalizations": {
#        "Absolute_scale": {
#            "Absolute_scale_factor": 0.01111656324368444,
#            "Method": "Water"
#        },
#        "Counter_norms": [
#            [
#                "/",
#                "diode/150000"
#            ]
#        ],
#        "Polarization": {
#            "Used": false
#        },
#        "Solid_Angle_Correction": "On"
#    },
#    "raw_version": "2.1.4"
#}

