### DATA:
#
# 1823
#      Q             I(Q)           Error     
8.75701299E-03  2.31660232E-02  4.46002418E-03
9.00368942E-03  3.08880378E-02  3.68558569E-03
9.25036584E-03  4.69581746E-02  4.11528070E-03
9.49704226E-03  3.18533033E-02  3.11264163E-03
9.74371868E-03  4.21200767E-02  3.60407447E-03
9.99039511E-03  5.09653054E-02  4.34137741E-03
1.02370715E-02  7.16041625E-02  5.50464727E-03
1.04837480E-02  9.11451504E-02  5.93110407E-03
1.07304244E-02  9.49428901E-02  6.36540633E-03
1.09771008E-02  1.55647039E-01  1.12307463E-02
1.12237772E-02  2.00893313E-01  1.48660596E-02
1.14704536E-02  2.47995868E-01  1.96487978E-02
1.17171301E-02  3.29795003E-01  2.51223687E-02
1.19638065E-02  5.34023583E-01  4.21755165E-02
1.22104829E-02  7.82854438E-01  6.03723377E-02
1.24571593E-02  6.39977837E+01  6.71617317E+00
1.27038358E-02  1.27845032E+02  1.32157640E+01
1.29505122E-02  1.53156677E+02  1.37271919E+01
1.31971886E-02  1.10452461E+02  9.51607418E+00
1.34438650E-02  1.01026573E+02  8.49665833E+00
1.36905414E-02  8.97699585E+01  7.46772432E+00
1.39372179E-02  7.05005875E+01  5.74536228E+00
1.41838943E-02  6.39330215E+01  4.98450804E+00
1.44305707E-02  4.86956825E+01  3.68941569E+00
1.46772471E-02  4.20356178E+01  3.08103776E+00
1.49239236E-02  3.70748711E+01  2.62850285E+00
1.51706000E-02  2.90299053E+01  2.00229454E+00
1.54172764E-02  2.87761440E+01  1.95968628E+00
1.56639528E-02  2.33240757E+01  1.55695450E+00
1.59106292E-02  2.27773495E+01  1.51979005E+00
1.61573057E-02  2.07954807E+01  1.33923864E+00
1.64039821E-02  1.65395126E+01  1.02732909E+00
1.66506585E-02  1.64359818E+01  9.87652898E-01
1.68973349E-02  1.30585728E+01  7.83143520E-01
1.71440114E-02  1.39420404E+01  8.22181761E-01
1.73906878E-02  1.13128586E+01  6.35181129E-01
1.76373642E-02  1.02781029E+01  5.68365216E-01
1.78840406E-02  9.34067822E+00  5.01104414E-01
1.81307170E-02  8.18492126E+00  4.30819035E-01
1.83773935E-02  8.38183594E+00  4.36682522E-01
1.86240699E-02  7.23185158E+00  3.65318686E-01
1.88707463E-02  6.55877638E+00  3.21624070E-01
1.91174227E-02  5.95056725E+00  3.00961137E-01
1.93640992E-02  5.20824003E+00  2.62873501E-01
1.96107756E-02  4.88632917E+00  2.52184272E-01
1.98574520E-02  4.45917749E+00  2.13023007E-01
2.01041284E-02  3.92676401E+00  1.82857126E-01
2.03508048E-02  3.32031894E+00  1.54351115E-01
2.05974813E-02  3.01378608E+00  1.42921194E-01
2.08441577E-02  2.68038440E+00  1.22982964E-01
2.10908341E-02  2.32525706E+00  1.02374725E-01
2.13375105E-02  2.22893429E+00  9.44778100E-02
2.15841870E-02  1.93631291E+00  8.22860822E-02
2.18308634E-02  1.88093746E+00  8.11627656E-02
2.20775398E-02  1.77210593E+00  7.50237480E-02
2.23242162E-02  1.53298140E+00  6.18623607E-02
2.25708926E-02  1.50367641E+00  6.12020493E-02
2.28175691E-02  1.39820480E+00  5.60977198E-02
2.30642455E-02  1.30504656E+00  4.79969233E-02
2.33109219E-02  1.21392560E+00  4.48716618E-02
2.35575983E-02  1.16051900E+00  4.12405282E-02
2.38042748E-02  1.08461547E+00  3.99103463E-02
2.40509512E-02  9.79681969E-01  3.44761871E-02
2.42976276E-02  9.28285122E-01  3.14262249E-02
2.45443040E-02  8.25816870E-01  2.72235293E-02
2.47909804E-02  8.24405015E-01  2.64764465E-02
2.50376569E-02  7.68985868E-01  2.42240056E-02
2.52843333E-02  7.66303718E-01  2.33504176E-02
2.55310097E-02  6.73938453E-01  1.93304047E-02
2.57776861E-02  6.68900311E-01  1.96519624E-02
2.60243626E-02  6.25217378E-01  1.71181262E-02
2.62710390E-02  6.21446073E-01  1.72582138E-02
2.65177154E-02  5.62391341E-01  1.59050934E-02
2.67643918E-02  5.49933434E-01  1.45460684E-02
2.70110682E-02  5.52248895E-01  1.42160757E-02
2.72577447E-02  5.17765760E-01  1.33172162E-02
2.75044211E-02  4.84866381E-01  1.26788244E-02
2.77510975E-02  4.75196183E-01  1.15047712E-02
2.79977739E-02  4.47516799E-01  1.10166678E-02
2.82444504E-02  4.25062448E-01  9.63749550E-03
2.84911268E-02  4.21948224E-01  9.47651826E-03
2.87378032E-02  4.06168282E-01  8.97972193E-03
2.89844796E-02  3.89090061E-01  7.79476762E-03
2.92311561E-02  3.76144499E-01  7.60758854E-03
2.94778325E-02  3.63982528E-01  6.94276253E-03
2.97245089E-02  3.58055413E-01  6.80751773E-03
2.99711853E-02  3.64750445E-01  7.05173425E-03
3.02178617E-02  3.31324369E-01  5.98769821E-03
3.04645382E-02  3.36483240E-01  6.30032411E-03
3.07112146E-02  3.16493303E-01  5.68993762E-03
3.09578910E-02  3.18825781E-01  5.58710517E-03
3.12045674E-02  3.03429812E-01  4.95637441E-03
3.14512439E-02  3.03745031E-01  5.26205916E-03
3.16979203E-02  2.78721094E-01  4.56175627E-03
3.19445967E-02  2.83035100E-01  4.91590239E-03
3.21912731E-02  2.77961850E-01  4.37814090E-03
3.24379495E-02  2.68362433E-01  4.19945735E-03
3.26846260E-02  2.68821567E-01  4.12667310E-03
3.29313024E-02  2.66961306E-01  4.04279074E-03
3.31779788E-02  2.43155673E-01  3.69381346E-03
3.34246552E-02  2.50080884E-01  3.48098273E-03
3.36713317E-02  2.35532656E-01  3.30431666E-03
3.39180081E-02  2.37254098E-01  3.42296343E-03
3.41646845E-02  2.38521248E-01  3.40342661E-03
3.44113609E-02  2.36352250E-01  2.96302862E-03
3.46580373E-02  2.28876144E-01  3.05476063E-03
3.49047138E-02  2.17095673E-01  2.88453186E-03
3.51513902E-02  2.14109644E-01  2.77041923E-03
3.53980666E-02  2.18239605E-01  2.78527755E-03
3.56447430E-02  2.24938244E-01  2.73096957E-03
3.58914195E-02  2.20362470E-01  2.83176941E-03
3.61380959E-02  2.12683693E-01  2.81986129E-03
3.63847723E-02  2.11847246E-01  2.58179917E-03
3.66314487E-02  2.10507482E-01  2.71755015E-03
3.68781251E-02  2.14804426E-01  2.61548464E-03
3.71248016E-02  2.00082153E-01  2.56527285E-03
3.73714780E-02  2.09689230E-01  2.47906311E-03
3.76181544E-02  2.00201005E-01  2.33326806E-03
3.78648308E-02  2.06260428E-01  2.25446164E-03
3.81115073E-02  2.07336202E-01  2.29777535E-03
3.83581837E-02  1.94622025E-01  2.25604256E-03
3.86048601E-02  1.97189257E-01  2.28484720E-03
3.88515365E-02  1.86115086E-01  2.34549819E-03
3.90982129E-02  2.01465160E-01  2.37579364E-03
3.93448894E-02  1.88168675E-01  2.10487144E-03
3.95915658E-02  2.03026071E-01  2.21316121E-03
3.98382422E-02  1.95606932E-01  2.32455344E-03
4.00849186E-02  1.90942168E-01  2.22230610E-03
4.03315951E-02  1.83293015E-01  2.03237217E-03
4.05782715E-02  1.94622472E-01  2.23907339E-03
4.08249479E-02  1.94524691E-01  2.11385009E-03
4.10716243E-02  1.93922535E-01  2.15898221E-03
4.13183007E-02  1.90710202E-01  2.12822459E-03
4.15649772E-02  1.94748700E-01  2.17383518E-03
4.18116536E-02  1.88743502E-01  2.05380237E-03
4.20583300E-02  1.83979765E-01  2.03977176E-03
4.23050064E-02  1.87704027E-01  2.00509210E-03
4.25516829E-02  1.90936372E-01  1.99168525E-03
4.27983593E-02  1.87099770E-01  2.01597181E-03
4.30450357E-02  1.90804303E-01  1.94118556E-03
4.32917121E-02  1.90674156E-01  1.92956172E-03
4.35383885E-02  1.88135788E-01  1.95255654E-03
4.37850650E-02  1.88596085E-01  1.96943129E-03
4.40317414E-02  1.84312910E-01  1.93077594E-03
4.42784178E-02  1.88095212E-01  1.91778061E-03
4.45250942E-02  1.96945041E-01  1.91184296E-03
4.47717707E-02  1.93875089E-01  1.93292613E-03
4.50184471E-02  1.92749679E-01  1.95049623E-03
4.52651235E-02  1.90183684E-01  1.88607175E-03
4.55117999E-02  1.94875315E-01  1.95882074E-03
4.57584764E-02  1.82058632E-01  1.92321150E-03
4.60051528E-02  1.78265497E-01  1.83996058E-03
4.62518292E-02  1.88503578E-01  1.92012277E-03
4.64985056E-02  1.84292823E-01  1.78967183E-03
4.67451820E-02  1.81212366E-01  1.90923596E-03
4.69918585E-02  1.86168119E-01  1.85773463E-03
4.72385349E-02  1.96453780E-01  1.85517711E-03
4.74852113E-02  2.03398317E-01  2.14062352E-03
4.77318877E-02  1.94373563E-01  1.81188725E-03
4.79785642E-02  1.89136058E-01  1.92844856E-03
4.82252406E-02  1.90410614E-01  1.84570020E-03
4.84719170E-02  1.85528532E-01  1.85391924E-03
4.87185934E-02  1.94118425E-01  1.94034120E-03
4.89652698E-02  2.00396776E-01  2.02768156E-03
4.92119463E-02  1.93792731E-01  1.93475373E-03
4.94586227E-02  1.98916033E-01  1.88667502E-03
4.97052991E-02  2.05378160E-01  1.96644571E-03
4.99519755E-02  1.97435409E-01  1.92362082E-03
5.01986520E-02  1.95049539E-01  1.77118031E-03
5.04453284E-02  1.89935878E-01  1.74741680E-03
5.06920048E-02  1.97806641E-01  1.87198818E-03
5.09386812E-02  2.12255195E-01  1.90370600E-03
5.11853576E-02  1.88891545E-01  1.77641353E-03
5.14320341E-02  2.04514325E-01  1.86085864E-03
5.16787105E-02  2.14525759E-01  1.92857126E-03
5.19253869E-02  2.02027544E-01  1.78028818E-03
5.21720633E-02  2.06980869E-01  1.88776001E-03
5.24187398E-02  2.15839297E-01  1.94991275E-03
5.26654162E-02  2.06633866E-01  1.87609671E-03
5.29120926E-02  2.13700905E-01  1.91685418E-03
5.31587690E-02  2.15596080E-01  1.88401283E-03
5.34054454E-02  2.09011897E-01  1.84625352E-03
5.36521219E-02  2.17121869E-01  1.85691530E-03
5.38987983E-02  2.13911414E-01  1.99446199E-03
5.41454747E-02  2.18389854E-01  1.96186313E-03
5.43921511E-02  2.18386129E-01  1.79481343E-03
5.46388276E-02  2.17334852E-01  1.83235412E-03
5.48855040E-02  2.36319855E-01  1.99643197E-03
5.51321804E-02  2.28223309E-01  1.88780425E-03
5.53788568E-02  2.27018550E-01  1.95184990E-03
5.56255332E-02  2.25537568E-01  1.86476333E-03
5.58722097E-02  2.42549077E-01  1.99719681E-03
5.61188861E-02  2.50751108E-01  2.05908692E-03
5.63655625E-02  2.44124874E-01  2.03063199E-03
5.66122389E-02  2.42874071E-01  2.07537808E-03
5.68589154E-02  2.43053943E-01  1.91149977E-03
5.71055918E-02  2.52532870E-01  2.07145931E-03
5.73522682E-02  2.45700791E-01  1.94923067E-03
5.75989446E-02  2.45580062E-01  1.94920972E-03
5.78456210E-02  2.50405788E-01  2.05406826E-03
5.80922975E-02  2.52617627E-01  1.96622894E-03
5.83389739E-02  2.73809880E-01  2.10224348E-03
5.85856503E-02  2.59260207E-01  2.14510225E-03
5.88323267E-02  2.68976092E-01  2.01613572E-03
5.90790032E-02  2.69626886E-01  2.02846923E-03
5.93256796E-02  2.61199415E-01  1.90293312E-03
5.95723560E-02  2.66138643E-01  1.99745130E-03
5.98190324E-02  2.62853295E-01  2.01120391E-03
6.00657088E-02  2.78455317E-01  2.11123470E-03
6.03123853E-02  2.70820916E-01  2.04624282E-03
6.05590617E-02  2.79179752E-01  2.08609761E-03
6.08057381E-02  2.85573214E-01  2.09251209E-03
6.10524145E-02  2.79555380E-01  2.05792370E-03
6.12990910E-02  2.95379192E-01  2.13304628E-03
6.15457674E-02  2.91311771E-01  2.02733255E-03
6.17924438E-02  2.88669199E-01  2.02315301E-03
6.20391202E-02  2.95272052E-01  2.06770841E-03
6.22857966E-02  3.05468112E-01  2.11294461E-03
6.25324731E-02  2.85524279E-01  2.06397357E-03
6.27791495E-02  3.09745550E-01  2.06614309E-03
6.30258259E-02  3.16083729E-01  2.21096212E-03
6.32725023E-02  3.14452708E-01  2.13918742E-03
6.35191788E-02  3.18501055E-01  2.05092132E-03
6.37658552E-02  3.28080088E-01  2.19643069E-03
6.40125316E-02  3.22238386E-01  2.06557941E-03
6.42592080E-02  3.29731703E-01  2.16289237E-03
6.45058845E-02  3.31980824E-01  2.19010515E-03
6.47525609E-02  3.33451271E-01  2.12372607E-03
6.49992373E-02  3.45969528E-01  2.19903863E-03
6.52459137E-02  3.42291057E-01  2.18158192E-03
6.54925901E-02  3.46246481E-01  2.21494981E-03
6.57392666E-02  3.53058189E-01  2.24075839E-03
6.59859430E-02  3.58199388E-01  2.24330998E-03
6.62326194E-02  3.69132608E-01  2.26290105E-03
6.64792958E-02  3.67795527E-01  2.29170988E-03
6.67259723E-02  3.69621873E-01  2.27277563E-03
6.69726487E-02  3.76582146E-01  2.35003396E-03
6.72193251E-02  3.73505771E-01  2.29066540E-03
6.74660015E-02  3.63164186E-01  2.21440103E-03
6.77126779E-02  3.85234743E-01  2.36641522E-03
6.79593544E-02  3.94089729E-01  2.40291306E-03
6.82060308E-02  3.88486534E-01  2.28450564E-03
6.84527072E-02  4.04958695E-01  2.48716958E-03
6.86993836E-02  4.06358153E-01  2.48802570E-03
6.89460601E-02  4.05824125E-01  2.38277251E-03
6.91927365E-02  4.07410502E-01  2.49182363E-03
6.94394129E-02  4.10344303E-01  2.42310320E-03
6.96860893E-02  4.12815899E-01  2.47575692E-03
6.99327657E-02  4.14729923E-01  2.47397413E-03
7.01794422E-02  4.18846488E-01  2.41571711E-03
7.04261186E-02  4.24768001E-01  2.48972862E-03
7.06727950E-02  4.35866535E-01  2.44968664E-03
7.09194714E-02  4.25872386E-01  2.45733187E-03
7.11661479E-02  4.37279552E-01  2.53246957E-03
7.14128243E-02  4.35958415E-01  2.50169914E-03
7.16595007E-02  4.44043458E-01  2.49825022E-03
7.19061771E-02  4.49591875E-01  2.64019985E-03
7.21528535E-02  4.39814657E-01  2.44960049E-03
7.23995300E-02  4.33155477E-01  2.47208821E-03
7.26462064E-02  4.59916979E-01  2.62857159E-03
7.28928828E-02  4.60368603E-01  2.57384498E-03
7.31395592E-02  4.55149412E-01  2.53036665E-03
7.33862357E-02  4.57427591E-01  2.63087964E-03
7.36329121E-02  4.61063147E-01  2.61917431E-03
7.38795885E-02  4.61167485E-01  2.54064123E-03
7.41262649E-02  4.70424414E-01  2.70290254E-03
7.43729413E-02  4.57722932E-01  2.54544476E-03
7.46196178E-02  4.58534360E-01  2.61720573E-03
7.48662942E-02  4.60930765E-01  2.54336861E-03
7.51129706E-02  4.73575264E-01  2.66776141E-03
7.53596470E-02  4.77205217E-01  2.52357963E-03
7.56063235E-02  4.83703017E-01  2.62231519E-03
7.58529999E-02  4.80966359E-01  2.68008094E-03
7.60996763E-02  4.67775226E-01  2.54654558E-03
7.63463527E-02  4.69636351E-01  2.68305163E-03
7.65930291E-02  4.73576397E-01  2.60389084E-03
7.68397056E-02  4.85583544E-01  2.72200559E-03
7.70863820E-02  4.71246690E-01  2.61909980E-03
7.73330584E-02  4.91163164E-01  2.73706694E-03
7.75797348E-02  4.81655210E-01  2.52520083E-03
7.78264113E-02  4.97829944E-01  2.68329959E-03
7.80730877E-02  4.78628367E-01  2.60859216E-03
7.83197641E-02  4.86433774E-01  2.73069902E-03
7.85664405E-02  4.95269448E-01  2.54124543E-03
7.88131169E-02  4.94429260E-01  2.49949773E-03
7.90597934E-02  4.91530627E-01  2.64398474E-03
7.93064698E-02  4.91454631E-01  2.62990221E-03
7.95531462E-02  5.09180903E-01  2.70428974E-03
7.97998226E-02  4.93247837E-01  2.57212017E-03
8.00464991E-02  4.91315961E-01  2.58243829E-03
8.02931755E-02  4.96373087E-01  2.68756598E-03
8.05398519E-02  4.90056813E-01  2.61704274E-03
8.07865283E-02  4.93700296E-01  2.56760558E-03
8.10332047E-02  5.08391678E-01  2.68372777E-03
8.12798812E-02  4.92706865E-01  2.59039784E-03
8.15265576E-02  4.94662195E-01  2.50598323E-03
8.17732340E-02  4.85824645E-01  2.59604258E-03
8.20199104E-02  4.99700159E-01  2.50590756E-03
8.22665869E-02  4.98485237E-01  2.57597025E-03
8.25132633E-02  5.08058488E-01  2.65431171E-03
8.27599397E-02  5.00714123E-01  2.60635628E-03
8.30066161E-02  5.05900919E-01  2.59242672E-03
8.32532926E-02  5.07036805E-01  2.57151341E-03
8.34999690E-02  5.17505527E-01  2.70876870E-03
8.37466454E-02  5.13097644E-01  2.64686905E-03
8.39933218E-02  5.19315302E-01  2.51271762E-03
8.42399982E-02  5.12822628E-01  2.67931330E-03
8.44866747E-02  5.03273368E-01  2.70085898E-03
8.47333511E-02  5.03688633E-01  2.66750599E-03
8.49800275E-02  5.10720611E-01  2.60817609E-03
8.52267039E-02  5.11620462E-01  2.53084302E-03
8.54733804E-02  5.10914266E-01  2.64995988E-03
8.57200568E-02  5.23320556E-01  2.67450069E-03
8.59667332E-02  5.09590209E-01  2.65824702E-03
8.62134096E-02  5.21733761E-01  2.61406694E-03
8.64600860E-02  5.29702425E-01  2.63371621E-03
8.67067625E-02  5.11402011E-01  2.62907962E-03
8.69534389E-02  5.29191494E-01  2.64957920E-03
8.72001153E-02  5.21746814E-01  2.61062291E-03
8.74467917E-02  5.14979541E-01  2.60159397E-03
8.76934682E-02  5.23387134E-01  2.49862298E-03
8.79401446E-02  5.09984851E-01  2.54274323E-03
8.81868210E-02  5.31991363E-01  2.64618755E-03
8.84334974E-02  5.28599977E-01  2.57498794E-03
8.86801738E-02  5.31613946E-01  2.52760947E-03
8.89268503E-02  5.30181825E-01  2.54143146E-03
8.91735267E-02  5.22123218E-01  2.66259280E-03
8.94202031E-02  5.17942607E-01  2.54747318E-03
8.96668795E-02  5.31333327E-01  2.59045116E-03
8.99135560E-02  5.39841115E-01  2.62347958E-03
9.01602324E-02  5.31857789E-01  2.59657088E-03
9.04069088E-02  5.45905232E-01  2.48713326E-03
9.06535852E-02  5.32162786E-01  2.47682026E-03
9.09002616E-02  5.31560361E-01  2.60089384E-03
9.11469381E-02  5.39873242E-01  2.73185270E-03
9.13936145E-02  5.32004774E-01  2.55019567E-03
9.16402909E-02  5.37516177E-01  2.48391018E-03
9.18869673E-02  5.30937374E-01  2.58274912E-03
9.21336438E-02  5.40749371E-01  2.64928606E-03
9.23803202E-02  5.37112117E-01  2.46506650E-03
9.26269966E-02  5.44336319E-01  2.62047397E-03
9.28736730E-02  5.39213598E-01  2.57547200E-03
9.31203494E-02  5.41835785E-01  2.60197208E-03
9.33670259E-02  5.35803854E-01  2.57410645E-03
9.36137023E-02  5.31895578E-01  2.59681162E-03
9.38603787E-02  5.50478816E-01  2.63248594E-03
9.41070551E-02  5.50786614E-01  2.59397412E-03
9.43537316E-02  5.47269583E-01  2.61311606E-03
9.46004080E-02  5.40316820E-01  2.62842351E-03
9.48470844E-02  5.32044530E-01  2.49926443E-03
9.50937608E-02  5.46458185E-01  2.58809119E-03
9.53404372E-02  5.45610070E-01  2.57169106E-03
9.55871137E-02  5.57224333E-01  2.68818089E-03
9.58337901E-02  5.54421246E-01  2.62667448E-03
9.60804665E-02  5.53416848E-01  2.61133304E-03
9.63271429E-02  5.42095959E-01  2.55947327E-03
9.65738194E-02  5.40375173E-01  2.45643803E-03
9.68204958E-02  5.46029389E-01  2.69183563E-03
9.70671722E-02  5.39110899E-01  2.53555644E-03
9.73138486E-02  5.47914088E-01  2.60695186E-03
9.75605250E-02  5.45731485E-01  2.62680301E-03
9.78072015E-02  5.53802431E-01  2.55496940E-03
9.80538779E-02  5.61195612E-01  2.55948119E-03
9.83005543E-02  5.43749809E-01  2.57682404E-03
9.85472307E-02  5.36127865E-01  2.61511421E-03
9.87939072E-02  5.61475098E-01  2.63807480E-03
9.90405836E-02  5.46733201E-01  2.52549001E-03
9.92872600E-02  5.44156671E-01  2.57624267E-03
9.95339364E-02  5.44820309E-01  2.58285343E-03
9.97806128E-02  5.58472693E-01  2.61803064E-03
1.00027289E-01  5.51351845E-01  2.56956974E-03
1.00273966E-01  5.49213648E-01  2.52679060E-03
1.00520642E-01  5.48974037E-01  2.60963431E-03
1.00767319E-01  5.44645369E-01  2.59153079E-03
1.01013995E-01  5.43201089E-01  2.56502233E-03
1.01260671E-01  5.63355684E-01  2.58012838E-03
1.01507348E-01  5.57115436E-01  2.62400648E-03
1.01754024E-01  5.55665493E-01  2.60219327E-03
1.02000701E-01  5.61967492E-01  2.56409310E-03
1.02247377E-01  5.48661351E-01  2.53449357E-03
1.02494053E-01  5.52951038E-01  2.49380269E-03
1.02740730E-01  5.66042364E-01  2.63845874E-03
1.02987406E-01  5.48908174E-01  2.60215509E-03
1.03234083E-01  5.56874275E-01  2.57436768E-03
1.03480759E-01  5.55655658E-01  2.56436272E-03
1.03727436E-01  5.61544538E-01  2.65438040E-03
1.03974112E-01  5.41228890E-01  2.51257489E-03
1.04220788E-01  5.53475380E-01  2.68318364E-03
1.04467465E-01  5.52779198E-01  2.53376085E-03
1.04714141E-01  5.68602920E-01  2.61505297E-03
1.04960818E-01  5.60503542E-01  2.63166358E-03
1.05207494E-01  5.70168793E-01  2.62446678E-03
1.05454171E-01  5.53286374E-01  2.54116347E-03
1.05700847E-01  5.54042220E-01  2.47646822E-03
1.05947523E-01  5.52244544E-01  2.62604561E-03
1.06194200E-01  5.60582757E-01  2.57765129E-03
1.06440876E-01  5.55703938E-01  2.54035043E-03
1.06687553E-01  5.59586585E-01  2.54523149E-03
1.06934229E-01  5.62830687E-01  2.57472019E-03
1.07180906E-01  5.66787183E-01  2.61486508E-03
1.07427582E-01  5.62198400E-01  2.59182625E-03
1.07674258E-01  5.63158512E-01  2.53186631E-03
1.07920935E-01  5.59725642E-01  2.43959506E-03
1.08167611E-01  5.54925144E-01  2.46375846E-03
1.08414288E-01  5.63697338E-01  2.48478795E-03
1.08660964E-01  5.42860866E-01  2.54509598E-03
1.08907640E-01  5.17558575E-01  2.48575141E-03
1.09154317E-01  5.31451523E-01  2.40683625E-03
1.09400993E-01  5.29064119E-01  2.55799619E-03
1.09647670E-01  5.36029458E-01  2.54071434E-03
1.09894346E-01  5.21281362E-01  2.48920568E-03
1.10141023E-01  5.30590117E-01  2.53538066E-03
1.10387699E-01  5.23286521E-01  2.52864533E-03
1.10634375E-01  5.22077799E-01  2.47402396E-03
1.10881052E-01  5.12800992E-01  2.49959319E-03
1.11127728E-01  5.18722773E-01  2.40333867E-03
1.11374405E-01  5.12890875E-01  2.52563483E-03
1.11621081E-01  5.15612125E-01  2.41786870E-03
1.11867758E-01  5.03870428E-01  2.45087151E-03
1.12114434E-01  5.10296166E-01  2.44473433E-03
1.12361110E-01  5.11690736E-01  2.43293843E-03
1.12607787E-01  5.08299410E-01  2.58111255E-03
1.12854463E-01  5.14654458E-01  2.42895843E-03
1.13101140E-01  4.89297032E-01  2.41681328E-03
1.13347816E-01  4.99420017E-01  2.43702508E-03
1.13594493E-01  5.10638714E-01  2.47258460E-03
1.13841169E-01  4.86502737E-01  2.50710407E-03
1.14087845E-01  4.98999625E-01  2.45693047E-03
1.14334522E-01  5.04850805E-01  2.45847367E-03
1.14581198E-01  4.86456722E-01  2.41728104E-03
1.14827875E-01  4.86850441E-01  2.42741569E-03
1.15074551E-01  4.89668816E-01  2.43235170E-03
1.15321227E-01  4.85836536E-01  2.35249172E-03
1.15567904E-01  4.99126852E-01  2.38653412E-03
1.15814580E-01  4.91990089E-01  2.48042634E-03
1.16061257E-01  4.87414718E-01  2.60021375E-03
1.16307933E-01  4.82516021E-01  2.50884541E-03
1.16554610E-01  4.82866317E-01  2.41006585E-03
1.16801286E-01  4.95794088E-01  2.54940405E-03
1.17047962E-01  4.81434554E-01  2.39209295E-03
1.17294639E-01  4.72781181E-01  2.38359254E-03
1.17541315E-01  4.66376871E-01  2.37002783E-03
1.17787992E-01  4.80223894E-01  2.45903246E-03
1.18034668E-01  4.77329165E-01  2.38790107E-03
1.18281345E-01  4.87662375E-01  2.40861438E-03
1.18528021E-01  4.97842938E-01  2.36749137E-03
1.18774697E-01  4.94187385E-01  2.40841904E-03
1.19021374E-01  4.95979637E-01  2.43872497E-03
1.19268050E-01  4.96323764E-01  2.53648218E-03
1.19514727E-01  5.06124377E-01  2.49281316E-03
1.19761403E-01  5.01259089E-01  2.41069589E-03
1.20008079E-01  4.91791844E-01  2.46675103E-03
1.20254756E-01  4.96904343E-01  2.38013268E-03
1.20501432E-01  4.91256386E-01  2.53302697E-03
1.20748109E-01  5.03173053E-01  2.38612457E-03
1.20994785E-01  4.96272475E-01  2.38837535E-03
1.21241462E-01  4.97043729E-01  2.35659396E-03
1.21488138E-01  4.94854331E-01  2.35806406E-03
1.21734814E-01  4.95419502E-01  2.41845008E-03
1.21981491E-01  4.87574071E-01  2.34911358E-03
1.22228167E-01  4.98258024E-01  2.44223839E-03
1.22474844E-01  5.03547788E-01  2.37388187E-03
1.22721520E-01  5.02354026E-01  2.50645308E-03
1.22968197E-01  4.99741286E-01  2.39321147E-03
1.23214873E-01  5.08527756E-01  2.40589492E-03
1.23461549E-01  5.02769947E-01  2.44409265E-03
1.23708226E-01  5.03095567E-01  2.43861624E-03
1.23954902E-01  4.92681354E-01  2.37034936E-03
1.24201579E-01  5.01082599E-01  2.42797378E-03
1.24448255E-01  4.90530998E-01  2.39127176E-03
1.24694932E-01  4.98809129E-01  2.34243157E-03
1.24941608E-01  4.81535643E-01  2.28328817E-03
1.25188284E-01  4.91009384E-01  2.41835765E-03
1.25434961E-01  4.94811624E-01  2.36111716E-03
1.25681637E-01  4.89838779E-01  2.31474312E-03
1.25928314E-01  4.99009758E-01  2.38878792E-03
1.26174990E-01  4.83939111E-01  2.30540498E-03
1.26421666E-01  4.74015176E-01  2.35387171E-03
1.26668343E-01  4.76481825E-01  2.29299860E-03
1.26915019E-01  4.93700296E-01  2.37847399E-03
1.27161696E-01  4.76923019E-01  2.32815160E-03
1.27408372E-01  4.83962357E-01  2.24788720E-03
1.27655049E-01  4.78775591E-01  2.30204850E-03
1.27901725E-01  4.79127437E-01  2.30005546E-03
1.28148401E-01  4.82174307E-01  2.31470959E-03
1.28395078E-01  4.67469126E-01  2.18782783E-03
1.28641754E-01  4.79092985E-01  2.31780065E-03
1.28888431E-01  4.67898220E-01  2.25446629E-03
1.29135107E-01  4.76968825E-01  2.32118857E-03
1.29381784E-01  4.79154319E-01  2.25873338E-03
1.29628460E-01  4.79596764E-01  2.31280271E-03
1.29875136E-01  4.76581722E-01  2.30622012E-03
1.30121813E-01  4.67908859E-01  2.19707703E-03
1.30368489E-01  4.74167615E-01  2.33312487E-03
1.30615166E-01  4.64178890E-01  2.26348662E-03
1.30861842E-01  4.63967651E-01  2.15923088E-03
1.31108518E-01  4.55330044E-01  2.14067777E-03
1.31355195E-01  4.61469203E-01  2.19110376E-03
1.31601871E-01  4.54580814E-01  2.20529898E-03
1.31848548E-01  4.58627373E-01  2.17936048E-03
1.32095224E-01  4.60612059E-01  2.16570357E-03
1.32341901E-01  4.55495775E-01  2.14608386E-03
1.32588577E-01  4.49211270E-01  2.17407220E-03
1.32835253E-01  4.57433879E-01  2.13479484E-03
1.33081930E-01  4.50477034E-01  2.13186746E-03
1.33328606E-01  4.49650019E-01  2.10758601E-03
1.33575283E-01  4.51961160E-01  2.18847767E-03
1.33821959E-01  4.50706691E-01  2.06788839E-03
1.34068636E-01  4.41332281E-01  2.12314888E-03
1.34315312E-01  4.38178569E-01  2.05245870E-03
1.34561988E-01  4.48447257E-01  2.09159730E-03
1.34808665E-01  4.42473978E-01  2.19393265E-03
1.35055341E-01  4.41488385E-01  2.12141220E-03
1.35302018E-01  4.31714565E-01  2.04621488E-03
1.35548694E-01  4.36186612E-01  2.11100653E-03
1.35795371E-01  4.31839556E-01  2.03811144E-03
1.36042047E-01  4.45044726E-01  2.09885999E-03
1.36288723E-01  4.34748918E-01  2.05523265E-03
1.36535400E-01  4.31695938E-01  2.06174143E-03
1.36782076E-01  4.25501645E-01  2.06893287E-03
1.37028753E-01  4.36375409E-01  2.03504786E-03
1.37275429E-01  4.21755910E-01  2.10309308E-03
1.37522105E-01  4.28553015E-01  2.03726394E-03
1.37768782E-01  4.30389434E-01  2.07414338E-03
1.38015458E-01  4.16782498E-01  1.93738483E-03
1.38262135E-01  4.17785734E-01  1.99271529E-03
1.38508811E-01  4.23110753E-01  2.04463303E-03
1.38755488E-01  4.07243848E-01  2.00514053E-03
1.39002164E-01  4.14091617E-01  1.95724051E-03
1.39248840E-01  4.11746085E-01  1.96068059E-03
1.39495517E-01  4.12503719E-01  2.05650856E-03
1.39742193E-01  4.05668527E-01  1.98443956E-03
1.39988870E-01  4.12986547E-01  1.95438205E-03
1.40235546E-01  4.12947178E-01  1.97445694E-03
1.40482223E-01  4.13727880E-01  1.99913513E-03
1.40728899E-01  4.03502792E-01  1.97028159E-03
1.40975575E-01  3.99750262E-01  2.01092358E-03
1.41222252E-01  3.97238553E-01  1.88053458E-03
1.41468928E-01  4.05617267E-01  1.90645305E-03
1.41715605E-01  4.04152811E-01  1.94959971E-03
1.41962281E-01  3.91507715E-01  1.95823726E-03
1.42208957E-01  3.95455718E-01  1.96842826E-03
1.42455634E-01  3.86878401E-01  1.86753459E-03
1.42702310E-01  3.89351875E-01  1.83006702E-03
1.42948987E-01  4.03668046E-01  1.87302602E-03
1.43195663E-01  3.84814173E-01  1.86713657E-03
1.43442340E-01  3.84028971E-01  1.84878241E-03
1.43689016E-01  3.80926192E-01  1.87162193E-03
1.43935692E-01  3.81333321E-01  1.86327787E-03
1.44182369E-01  3.87845844E-01  1.93958532E-03
1.44429045E-01  3.74078810E-01  1.81238074E-03
1.44675722E-01  3.78987610E-01  1.85070746E-03
1.44922398E-01  3.79912049E-01  1.80975790E-03
1.45169075E-01  3.61825168E-01  1.82104239E-03
1.45415751E-01  3.75913292E-01  1.79600727E-03
1.45662427E-01  3.70954901E-01  1.78267655E-03
1.45909104E-01  3.70919675E-01  1.79814699E-03
1.46155780E-01  3.66933435E-01  1.84786133E-03
1.46402457E-01  3.67854029E-01  1.84521847E-03
1.46649133E-01  3.64369720E-01  1.81473594E-03
1.46895810E-01  3.61242652E-01  1.79300003E-03
1.47142486E-01  3.63359362E-01  1.81719509E-03
1.47389162E-01  3.62490118E-01  1.81083102E-03
1.47635839E-01  3.57535124E-01  1.80478685E-03
1.47882515E-01  3.53546619E-01  1.79553090E-03
1.48129192E-01  3.56885403E-01  1.75249227E-03
1.48375868E-01  3.45345229E-01  1.72479940E-03
1.48622544E-01  3.52872193E-01  1.76921079E-03
1.48869221E-01  3.55100960E-01  1.73497060E-03
1.49115897E-01  3.50995928E-01  1.70272659E-03
1.49362574E-01  3.47176522E-01  1.71439839E-03
1.49609250E-01  3.55307698E-01  1.68358407E-03
1.49855927E-01  3.41914028E-01  1.72460056E-03
1.50102603E-01  3.46295744E-01  1.66620535E-03
1.50349279E-01  3.38935524E-01  1.68586092E-03
1.50595956E-01  3.45077604E-01  1.69072452E-03
1.50842632E-01  3.39523166E-01  1.72235479E-03
1.51089309E-01  3.47013831E-01  1.72763667E-03
1.51335985E-01  3.48981708E-01  1.64778926E-03
1.51582662E-01  3.55754972E-01  1.68215705E-03
1.51829338E-01  3.50021154E-01  1.66152907E-03
1.52076014E-01  3.54665458E-01  1.64185162E-03
1.52322691E-01  3.53181273E-01  1.67637714E-03
1.52569367E-01  3.58385921E-01  1.72783039E-03
1.52816044E-01  3.62498730E-01  1.82303565E-03
1.53062720E-01  3.66964340E-01  1.99960847E-03
1.53309397E-01  3.74423921E-01  1.99928205E-03
1.53556073E-01  3.77193063E-01  2.15461012E-03
1.53802749E-01  3.75494838E-01  2.08569667E-03
1.54049426E-01  3.74089867E-01  2.01447867E-03
1.54296102E-01  3.71462405E-01  1.90057210E-03
1.54542779E-01  3.77244651E-01  1.87433546E-03
1.54789455E-01  3.84471446E-01  1.87708344E-03
1.55036131E-01  3.72180015E-01  1.83253840E-03
1.55282808E-01  3.78827333E-01  1.91845954E-03
1.55529484E-01  3.78693968E-01  1.94235903E-03
1.55776161E-01  3.66538018E-01  1.93197303E-03
1.56022837E-01  3.81973237E-01  1.92560838E-03
1.56269514E-01  3.87538999E-01  1.91325566E-03
1.56516190E-01  3.75487119E-01  1.88829203E-03
1.56762866E-01  3.79317671E-01  1.92514178E-03
1.57009543E-01  3.84174556E-01  1.96800847E-03
1.57256219E-01  3.73187810E-01  1.94045226E-03
1.57502896E-01  3.92651349E-01  2.01701652E-03
1.57749572E-01  4.05207753E-01  2.12333305E-03
1.57996249E-01  4.15901482E-01  2.42224545E-03
1.58242925E-01  4.38320428E-01  2.76418286E-03
1.58489601E-01  4.40267861E-01  2.84766592E-03
1.58736278E-01  4.55096900E-01  3.04430793E-03
1.58982954E-01  4.53834683E-01  3.14303697E-03
1.59229631E-01  4.46053058E-01  3.26053775E-03
1.59476307E-01  4.22654748E-01  2.82515516E-03
1.59722983E-01  3.84927034E-01  2.39451323E-03
1.59969660E-01  3.57651919E-01  2.22807773E-03
1.60216336E-01  3.36497992E-01  1.97417149E-03
1.60463013E-01  3.10941964E-01  1.82452297E-03
1.60709689E-01  2.95878381E-01  1.63111009E-03
1.60956366E-01  2.84982473E-01  1.52437889E-03
1.61203042E-01  2.85144925E-01  1.55263219E-03
1.61449718E-01  2.68818140E-01  1.45500654E-03
1.61696395E-01  2.66506463E-01  1.44714070E-03
1.61943071E-01  2.58137673E-01  1.38707587E-03
1.62189748E-01  2.61336327E-01  1.40074373E-03
1.62436424E-01  2.65355468E-01  1.39933161E-03
1.62683101E-01  2.57638574E-01  1.41126139E-03
1.62929777E-01  2.53528267E-01  1.39441015E-03
1.63176453E-01  2.56569594E-01  1.36769249E-03
1.63423130E-01  2.52545089E-01  1.38068607E-03
1.63669806E-01  2.51115412E-01  1.38179550E-03
1.63916483E-01  2.52261072E-01  1.39077124E-03
1.64163159E-01  2.48135060E-01  1.36724056E-03
1.64409836E-01  2.44765610E-01  1.36754033E-03
1.64656512E-01  2.37107337E-01  1.29710953E-03
1.64903188E-01  2.41352245E-01  1.35730114E-03
1.65149865E-01  2.41511971E-01  1.31340418E-03
1.65396541E-01  2.39352182E-01  1.29037467E-03
1.65643218E-01  2.35705152E-01  1.29666517E-03
1.65889894E-01  2.40178034E-01  1.30867097E-03
1.66136570E-01  2.30883867E-01  1.27671508E-03
1.66383247E-01  2.41325483E-01  1.28856965E-03
1.66629923E-01  2.34988526E-01  1.32651394E-03
1.66876600E-01  2.31955901E-01  1.26034254E-03
1.67123276E-01  2.22878337E-01  1.25655462E-03
1.67369953E-01  2.26856098E-01  1.27407676E-03
1.67616629E-01  2.24335983E-01  1.22326647E-03
1.67863305E-01  2.27226660E-01  1.31750293E-03
1.68109982E-01  2.17958137E-01  1.20992528E-03
1.68356658E-01  2.16143236E-01  1.24289887E-03
1.68603335E-01  2.25053951E-01  1.22614671E-03
1.68850011E-01  2.21956298E-01  1.24269479E-03
1.69096688E-01  2.13291988E-01  1.23745424E-03
1.69343364E-01  2.20387444E-01  1.20750139E-03
1.69590040E-01  2.19114348E-01  1.22296251E-03
1.69836717E-01  2.11756095E-01  1.19350199E-03
1.70083393E-01  2.13767692E-01  1.18145416E-03
1.70330070E-01  2.11085901E-01  1.17571792E-03
1.70576746E-01  2.07278103E-01  1.20601535E-03
1.70823422E-01  2.11523846E-01  1.20758323E-03
1.71070099E-01  2.01912627E-01  1.17945566E-03
1.71316775E-01  2.02884659E-01  1.15930138E-03
1.71563452E-01  1.95644781E-01  1.16506277E-03
1.71810128E-01  2.03015834E-01  1.15277432E-03
1.72056805E-01  1.97764412E-01  1.15139352E-03
1.72303481E-01  2.00222597E-01  1.16073061E-03
1.72550157E-01  2.01278165E-01  1.14808511E-03
1.72796834E-01  1.97058856E-01  1.18480471E-03
1.73043510E-01  1.96384236E-01  1.12300413E-03
1.73290187E-01  1.93616211E-01  1.16708560E-03
1.73536863E-01  1.86403394E-01  1.09866250E-03
1.73783540E-01  1.94651887E-01  1.12250692E-03
1.74030216E-01  1.90127268E-01  1.15991477E-03
1.74276892E-01  1.93845823E-01  1.09050889E-03
1.74523569E-01  1.84572473E-01  1.11035700E-03
1.74770245E-01  1.85496643E-01  1.09621673E-03
1.75016922E-01  1.80952832E-01  1.08492572E-03
1.75263598E-01  1.80217832E-01  1.09750160E-03
1.75510275E-01  1.81230605E-01  1.08337949E-03
1.75756951E-01  1.82848677E-01  1.09876099E-03
1.76003627E-01  1.78099945E-01  1.03953946E-03
1.76250304E-01  1.80718794E-01  1.07047032E-03
1.76496980E-01  1.73812136E-01  1.06740883E-03
1.76743657E-01  1.75064817E-01  1.04758271E-03
1.76990333E-01  1.76926479E-01  1.07459619E-03
1.77237009E-01  1.75395101E-01  1.03741616E-03
1.77483686E-01  1.70860350E-01  1.03454490E-03
1.77730362E-01  1.73894688E-01  1.08898117E-03
1.77977039E-01  1.67757556E-01  1.01017428E-03
1.78223715E-01  1.73640817E-01  1.03167270E-03
1.78470392E-01  1.69807673E-01  1.01610448E-03
1.78717068E-01  1.72342464E-01  1.03007699E-03
1.78963744E-01  1.72300950E-01  1.00381486E-03
1.79210421E-01  1.67202726E-01  1.02857081E-03
1.79457097E-01  1.62016466E-01  9.86982021E-04
1.79703774E-01  1.58573285E-01  9.87923821E-04
1.79950450E-01  1.62193209E-01  1.00456877E-03
1.80197127E-01  1.61679521E-01  9.97942872E-04
1.80443803E-01  1.57057226E-01  9.78647964E-04
1.80690479E-01  1.55805171E-01  1.00213417E-03
1.80937156E-01  1.57599643E-01  9.63470666E-04
1.81183832E-01  1.58308521E-01  9.67576343E-04
1.81430509E-01  1.62327588E-01  9.65521031E-04
1.81677185E-01  1.53555468E-01  9.45130596E-04
1.81923861E-01  1.52354762E-01  9.51065682E-04
1.82170538E-01  1.53642043E-01  9.55671479E-04
1.82417214E-01  1.48335025E-01  9.39533755E-04
1.82663891E-01  1.48086071E-01  9.31808492E-04
1.82910567E-01  1.48468509E-01  9.45462729E-04
1.83157244E-01  1.51899293E-01  9.55492258E-04
1.83403920E-01  1.51326478E-01  9.30341368E-04
1.83650596E-01  1.44457877E-01  9.31916351E-04
1.83897273E-01  1.41472906E-01  9.23487474E-04
1.84143949E-01  1.46903455E-01  9.36247583E-04
1.84390626E-01  1.42949536E-01  9.20603226E-04
1.84637302E-01  1.40981153E-01  9.14992648E-04
1.84883979E-01  1.36742145E-01  8.93756049E-04
1.85130655E-01  1.43377662E-01  9.35593504E-04
1.85377331E-01  1.43391848E-01  9.25193483E-04
1.85624008E-01  1.41422793E-01  9.46714426E-04
1.85870684E-01  1.38194874E-01  9.05177905E-04
1.86117361E-01  1.34211466E-01  8.87807866E-04
1.86364037E-01  1.32479370E-01  8.88189243E-04
1.86610714E-01  1.35141671E-01  9.02079802E-04
1.86857390E-01  1.35503918E-01  8.97559687E-04
1.87104066E-01  1.31009400E-01  9.04484245E-04
1.87350743E-01  1.30930245E-01  8.90976517E-04
1.87597419E-01  1.29265517E-01  8.59433552E-04
1.87844096E-01  1.25738099E-01  8.37689498E-04
1.88090772E-01  1.23134866E-01  8.59006541E-04
1.88337448E-01  1.28781095E-01  8.72641918E-04
1.88584125E-01  1.25241935E-01  8.41045461E-04
1.88830801E-01  1.24576420E-01  8.62492365E-04
1.89077478E-01  1.23502128E-01  8.59181862E-04
1.89324154E-01  1.23606689E-01  8.49908334E-04
1.89570831E-01  1.25606835E-01  8.60502420E-04
1.89817507E-01  1.23875462E-01  8.26452684E-04
1.90064183E-01  1.24312729E-01  8.57007573E-04
1.90310860E-01  1.24285854E-01  8.51531629E-04
1.90557536E-01  1.19866751E-01  8.48905940E-04
1.90804213E-01  1.21467195E-01  8.22908769E-04
1.91050889E-01  1.15742557E-01  8.15174135E-04
1.91297566E-01  1.16877332E-01  8.15201958E-04
1.91544242E-01  1.14422113E-01  8.04795069E-04
1.91790918E-01  1.18476488E-01  8.24810413E-04
1.92037595E-01  1.16404779E-01  8.02348659E-04
1.92284271E-01  1.14081219E-01  8.09921941E-04
1.92530948E-01  1.17772914E-01  8.06258118E-04
1.92777624E-01  1.08922921E-01  7.81408744E-04
1.93024301E-01  1.13268867E-01  8.00254231E-04
1.93270977E-01  1.07334681E-01  7.79479975E-04
1.93517653E-01  1.09575309E-01  7.82393035E-04
1.93764330E-01  1.10569395E-01  7.86562159E-04
1.94011006E-01  1.08826384E-01  7.56230671E-04
1.94257683E-01  1.09972447E-01  7.70143932E-04
1.94504359E-01  1.05334900E-01  7.49546918E-04
1.94751035E-01  1.08938031E-01  7.78315763E-04
1.94997712E-01  1.04322083E-01  7.67097634E-04
1.95244388E-01  1.09349944E-01  7.85113138E-04
1.95491065E-01  1.07366443E-01  7.70574552E-04
1.95737741E-01  1.04044653E-01  7.76652421E-04
1.95984418E-01  1.04236439E-01  7.66866317E-04
1.96231094E-01  1.02789402E-01  7.41648080E-04
1.96477770E-01  1.01718932E-01  7.49881263E-04
1.96724447E-01  1.00290380E-01  7.64220022E-04
1.96971123E-01  9.91324708E-02  7.38754752E-04
1.97217800E-01  1.01436161E-01  7.48411810E-04
1.97464476E-01  9.88432541E-02  7.43748969E-04
1.97711153E-01  9.98024866E-02  7.16559705E-04
1.97957829E-01  1.02427520E-01  7.69706443E-04
1.98204505E-01  9.54585895E-02  7.15024769E-04
1.98451182E-01  9.85352471E-02  7.34400004E-04
1.98697858E-01  9.69044864E-02  7.22515280E-04
1.98944535E-01  9.57489982E-02  7.12787325E-04
1.99191211E-01  1.03739828E-01  7.41287775E-04
1.99437887E-01  9.31025594E-02  6.92026981E-04
1.99684564E-01  9.40317214E-02  6.94298185E-04
1.99931240E-01  9.86611396E-02  7.14428024E-04
2.00177917E-01  9.40186754E-02  6.97527896E-04
2.00424593E-01  9.52755809E-02  7.06820982E-04
2.00671270E-01  8.81280750E-02  6.75536168E-04
2.00917946E-01  9.30073932E-02  7.10630964E-04
2.01164622E-01  9.03427079E-02  6.80025085E-04
2.01411299E-01  9.32864770E-02  7.12838955E-04
2.01657975E-01  8.68330747E-02  6.68778899E-04
2.01904652E-01  8.89662504E-02  6.89998444E-04
2.02151328E-01  9.23687965E-02  7.05734943E-04
2.02398005E-01  8.93493220E-02  7.10708729E-04
2.02644681E-01  8.67622867E-02  6.80390163E-04
2.02891357E-01  8.57868344E-02  6.80674508E-04
2.03138034E-01  8.81371424E-02  6.83693448E-04
2.03384710E-01  8.98192078E-02  6.97983545E-04
2.03631387E-01  8.85383636E-02  6.68946886E-04
2.03878063E-01  8.69834945E-02  6.63065061E-04
2.04124740E-01  8.64715651E-02  6.57635857E-04
2.04371416E-01  8.92980024E-02  6.97365496E-04
2.04618092E-01  8.61207396E-02  6.67395128E-04
2.04864769E-01  8.46536309E-02  6.51115202E-04
2.05111445E-01  8.31476003E-02  6.60921331E-04
2.05358122E-01  8.30887780E-02  6.41522929E-04
2.05604798E-01  8.55920762E-02  6.69496309E-04
2.05851474E-01  8.00487921E-02  6.44727086E-04
2.06098151E-01  7.99921229E-02  6.28019567E-04
2.06344827E-01  8.49408358E-02  6.75433839E-04
2.06591504E-01  8.10815245E-02  6.54224830E-04
2.06838180E-01  8.00161585E-02  6.17605343E-04
2.07084857E-01  8.00626352E-02  6.38129830E-04
2.07331533E-01  7.80750290E-02  6.36761310E-04
2.07578209E-01  8.12811032E-02  6.61504921E-04
2.07824886E-01  7.80616775E-02  6.31226285E-04
2.08071562E-01  8.33574906E-02  6.54584786E-04
2.08318239E-01  7.73450434E-02  6.26354362E-04
2.08564915E-01  7.46626034E-02  6.11019379E-04
2.08811592E-01  7.85804167E-02  6.20467472E-04
2.09058268E-01  8.05565193E-02  6.35047909E-04
2.09304944E-01  7.63686076E-02  6.24899345E-04
2.09551621E-01  7.65230507E-02  6.22345367E-04
2.09798297E-01  7.92073831E-02  6.28976035E-04
2.10044974E-01  7.58542940E-02  6.00099855E-04
2.10291650E-01  7.29807317E-02  5.96515427E-04
2.10538326E-01  7.39774182E-02  6.06874295E-04
2.10785003E-01  7.12665394E-02  5.89602103E-04
2.11031679E-01  7.86164254E-02  6.12100586E-04
2.11278356E-01  7.38105103E-02  6.18773163E-04
2.11525032E-01  7.58115128E-02  6.15515863E-04
2.11771709E-01  7.36613870E-02  6.14079763E-04
2.12018385E-01  7.48576894E-02  6.05798035E-04
2.12265061E-01  6.77745119E-02  5.87747199E-04
2.12511738E-01  6.98385090E-02  5.98170620E-04
2.12758414E-01  7.33343065E-02  5.95377700E-04
2.13005091E-01  7.46388361E-02  6.07944967E-04
2.13251767E-01  7.15540349E-02  5.98662067E-04
2.13498444E-01  7.49084577E-02  5.90176904E-04
2.13745120E-01  7.15612546E-02  5.93955687E-04
2.13991796E-01  7.19025284E-02  5.91521501E-04
2.14238473E-01  7.22954720E-02  5.90142270E-04
2.14485149E-01  7.39038512E-02  6.00942702E-04
2.14731826E-01  7.54385293E-02  6.03062275E-04
2.14978502E-01  7.01407269E-02  5.91914286E-04
2.15225179E-01  7.10994080E-02  5.86361042E-04
2.15471855E-01  6.91620186E-02  5.82821551E-04
2.15718531E-01  7.01499656E-02  5.76695660E-04
2.15965208E-01  6.80733696E-02  5.76786639E-04
2.16211884E-01  7.25649521E-02  5.92847588E-04
2.16458561E-01  6.98932335E-02  5.68575633E-04
2.16705237E-01  7.09721670E-02  5.76258230E-04
2.16951913E-01  7.27788880E-02  6.10095682E-04
2.17198590E-01  6.72889352E-02  5.87582006E-04
2.17445266E-01  6.62161335E-02  5.89955889E-04
2.17691943E-01  6.50621578E-02  5.74455364E-04
2.17938619E-01  6.81392476E-02  5.87033399E-04
2.18185296E-01  6.67373314E-02  5.70602366E-04
2.18431972E-01  6.82164356E-02  5.77941770E-04
2.18678648E-01  6.63884282E-02  5.66615723E-04
2.18925325E-01  6.56672716E-02  5.83022425E-04
2.19172001E-01  6.66226521E-02  5.72789868E-04
2.19418678E-01  6.44923076E-02  5.61027264E-04
2.19665354E-01  6.79419041E-02  5.67736104E-04
2.19912031E-01  6.69313297E-02  5.67719340E-04
2.20158707E-01  6.64144456E-02  5.81571832E-04
2.20405383E-01  6.94655702E-02  5.77652419E-04
2.20652060E-01  6.39768466E-02  5.60384244E-04
2.20898736E-01  6.43711686E-02  5.70571341E-04
2.21145413E-01  6.74384683E-02  5.70294505E-04
2.21392089E-01  6.85002580E-02  5.81846281E-04
2.21638766E-01  6.79651573E-02  5.71111101E-04
2.21885442E-01  6.64523467E-02  5.63829613E-04
2.22132118E-01  6.46789223E-02  5.51890407E-04
2.22378795E-01  6.88595697E-02  5.69140422E-04
2.22625471E-01  6.82561025E-02  5.96145808E-04
2.22872148E-01  6.64933845E-02  5.67126961E-04
2.23118824E-01  6.36073872E-02  5.54989674E-04
2.23365500E-01  6.42604157E-02  5.64424379E-04
2.23612177E-01  6.53223768E-02  5.70962031E-04
2.23858853E-01  6.33899420E-02  5.56112849E-04
2.24105530E-01  6.42371699E-02  5.56916406E-04
2.24352206E-01  6.37708828E-02  5.56431653E-04
2.24598883E-01  6.68971688E-02  5.69412950E-04
2.24845559E-01  6.51124045E-02  5.53022430E-04
2.25092235E-01  6.48960695E-02  5.59119624E-04
2.25338912E-01  6.60201758E-02  5.63281064E-04
2.25585588E-01  6.03573136E-02  5.55527513E-04
2.25832265E-01  6.19125217E-02  5.43493486E-04
2.26078941E-01  6.32165447E-02  5.50385739E-04
2.26325618E-01  6.34370670E-02  5.42541035E-04
2.26572294E-01  6.43285438E-02  5.45226387E-04
2.26818970E-01  5.99924512E-02  5.36867185E-04
2.27065647E-01  6.50556907E-02  5.51171717E-04
2.27312323E-01  6.26867488E-02  5.50228055E-04
2.27559000E-01  6.48488030E-02  5.42308320E-04
2.27805676E-01  6.49690032E-02  5.48801385E-04
2.28052352E-01  6.64752126E-02  5.60876389E-04
2.28299029E-01  6.33496642E-02  5.43392322E-04
2.28545705E-01  6.29501045E-02  5.40525070E-04
2.28792382E-01  6.19353503E-02  5.47708129E-04
2.29039058E-01  6.29331246E-02  5.37764572E-04
2.29285735E-01  6.17820695E-02  5.44463226E-04
2.29532411E-01  6.27853125E-02  5.34115708E-04
2.29779087E-01  6.13671057E-02  5.44514158E-04
2.30025764E-01  6.35829940E-02  5.43499424E-04
2.30272440E-01  6.13759011E-02  5.31199563E-04
2.30519117E-01  6.26879111E-02  5.51319099E-04
2.30765793E-01  6.25867918E-02  5.34826482E-04
2.31012470E-01  6.25323206E-02  5.39655506E-04
2.31259146E-01  6.64023086E-02  5.58540109E-04
2.31505822E-01  6.39638230E-02  5.57986612E-04
2.31752499E-01  6.16083704E-02  5.49380202E-04
2.31999175E-01  6.01116046E-02  5.23888331E-04
2.32245852E-01  6.32147789E-02  5.42104652E-04
2.32492528E-01  6.27190769E-02  5.41231770E-04
2.32739205E-01  5.96707799E-02  5.30669698E-04
2.32985881E-01  6.15854934E-02  5.38217020E-04
2.33232557E-01  6.31767511E-02  5.50717465E-04
2.33479234E-01  6.36122525E-02  5.30560152E-04
2.33725910E-01  6.29446879E-02  5.36868582E-04
2.33972587E-01  6.31860346E-02  5.39163302E-04
2.34219263E-01  6.24786727E-02  5.37262764E-04
2.34465939E-01  6.34946302E-02  5.42875961E-04
2.34712616E-01  6.23981580E-02  5.38866909E-04
2.34959292E-01  6.34336248E-02  5.40521112E-04
2.35205969E-01  5.96044026E-02  5.21970971E-04
2.35452645E-01  6.46658689E-02  5.41411864E-04
2.35699322E-01  6.51186779E-02  5.47882286E-04
2.35945998E-01  6.55334964E-02  5.43521659E-04
2.36192674E-01  6.14419840E-02  5.36580686E-04
2.36439351E-01  6.35196939E-02  5.39537112E-04
2.36686027E-01  6.36732057E-02  5.46951371E-04
2.36932704E-01  6.36595488E-02  5.42121823E-04
2.37179380E-01  6.38516322E-02  5.35832136E-04
2.37426057E-01  6.34146631E-02  5.32804988E-04
2.37672733E-01  6.44470081E-02  5.52538026E-04
2.37919409E-01  6.36214316E-02  5.37235930E-04
2.38166086E-01  6.41120523E-02  5.33740618E-04
2.38412762E-01  6.33913055E-02  5.49387187E-04
2.38659439E-01  6.33945093E-02  5.28850418E-04
2.38906115E-01  6.55225068E-02  5.43053378E-04
2.39152791E-01  6.38739392E-02  5.31913131E-04
2.39399468E-01  6.33998662E-02  5.31157944E-04
2.39646144E-01  6.26837984E-02  5.29710378E-04
2.39892821E-01  6.12173639E-02  5.22497285E-04
2.40139497E-01  6.22553602E-02  5.36082545E-04
2.40386174E-01  6.26119822E-02  5.30708989E-04
2.40632850E-01  6.03340827E-02  5.22656017E-04
2.40879526E-01  6.45940900E-02  5.34981606E-04
2.41126203E-01  6.42571971E-02  5.32800099E-04
2.41372879E-01  6.14172667E-02  5.28487144E-04
2.41619556E-01  6.30019680E-02  5.36543666E-04
2.41866232E-01  5.93314506E-02  5.16159344E-04
2.42112909E-01  6.34386018E-02  5.14769345E-04
2.42359585E-01  6.55184165E-02  5.54465223E-04
2.42606261E-01  6.52953088E-02  5.56000741E-04
2.42852938E-01  6.50956705E-02  5.44345821E-04
2.43099614E-01  6.27555475E-02  5.42578055E-04
2.43346291E-01  6.55126721E-02  5.47915522E-04
2.43592967E-01  6.49849400E-02  5.53001533E-04
2.43839644E-01  6.51763380E-02  5.64106274E-04
2.44086320E-01  6.37224466E-02  5.49086719E-04
2.44332996E-01  6.53512850E-02  5.60535118E-04
2.44579673E-01  6.30404279E-02  5.43077011E-04
2.44826349E-01  6.18371218E-02  5.31667203E-04
2.45073026E-01  6.25895262E-02  5.38333377E-04
2.45319702E-01  6.37059808E-02  5.46085241E-04
2.45566378E-01  6.76488727E-02  5.73278230E-04
2.45813055E-01  6.36960790E-02  5.50719851E-04
2.46059731E-01  6.48859814E-02  5.54033031E-04
2.46306408E-01  6.43428043E-02  5.54740080E-04
2.46553084E-01  6.27118498E-02  5.61131572E-04
2.46799761E-01  6.58470988E-02  5.73940342E-04
2.47046437E-01  6.61725700E-02  5.93735371E-04
2.47293113E-01  6.60034865E-02  5.77556959E-04
2.47539790E-01  6.54438958E-02  5.84923488E-04
2.47786466E-01  6.50175065E-02  5.77824132E-04
2.48033143E-01  6.52190521E-02  5.83084126E-04
2.48279819E-01  6.64215684E-02  5.87078510E-04
2.48526496E-01  6.01987764E-02  5.50516066E-04
2.48773172E-01  6.59778640E-02  5.93914650E-04
2.49019848E-01  6.70719370E-02  6.04327419E-04
2.49266525E-01  6.43593669E-02  5.78509760E-04
2.49513201E-01  6.50188625E-02  5.93268836E-04
2.49759878E-01  6.21822476E-02  5.65826602E-04
2.50006554E-01  6.74129575E-02  6.10073854E-04
2.50253230E-01  6.26726970E-02  5.85033384E-04
2.50499907E-01  6.48563504E-02  5.76372666E-04
2.50746583E-01  6.52178079E-02  6.14663761E-04
2.50993260E-01  6.82602003E-02  6.12806296E-04
2.51239936E-01  6.60392940E-02  6.08598115E-04
2.51486613E-01  6.45263121E-02  6.02623099E-04
2.51733289E-01  6.61138147E-02  6.04413275E-04
2.51979965E-01  6.49695247E-02  5.91283489E-04
2.52226642E-01  6.37162104E-02  6.00077270E-04
2.52473318E-01  6.43848255E-02  5.98491984E-04
2.52719995E-01  6.50395602E-02  6.15709345E-04
2.52966671E-01  6.53846711E-02  6.06243033E-04
2.53213348E-01  6.41869307E-02  6.14962308E-04
2.53460024E-01  6.43922389E-02  6.06976799E-04
2.53706700E-01  6.49040192E-02  6.18564023E-04
2.53953377E-01  6.56261966E-02  6.22704974E-04
2.54200053E-01  6.59184605E-02  6.10873103E-04
2.54446730E-01  6.35140538E-02  5.91535063E-04
2.54693406E-01  6.60917386E-02  5.97097212E-04
2.54940083E-01  6.85372427E-02  6.14266144E-04
2.55186759E-01  6.63130805E-02  6.12712582E-04
2.55433435E-01  6.65677935E-02  6.03552617E-04
2.55680112E-01  6.62398413E-02  6.11438358E-04
2.55926788E-01  6.47307709E-02  5.83478017E-04
2.56173465E-01  6.49951696E-02  6.10519666E-04
2.56420141E-01  6.52976632E-02  5.76902064E-04
2.56666817E-01  6.69791847E-02  5.85407251E-04
2.56913494E-01  6.75388128E-02  5.97774342E-04
2.57160170E-01  6.53524622E-02  5.69331518E-04
2.57406847E-01  6.25315234E-02  5.87830960E-04
2.57653523E-01  6.60477057E-02  5.77934843E-04
2.57900200E-01  6.60002828E-02  5.91902761E-04
2.58146876E-01  6.59220889E-02  5.83604386E-04
2.58393552E-01  6.72700480E-02  5.96195867E-04
2.58640229E-01  6.58617839E-02  5.87962393E-04
2.58886905E-01  6.72152042E-02  5.81204367E-04
2.59133582E-01  6.79299086E-02  5.84451307E-04
2.59380258E-01  6.40701726E-02  5.60743094E-04
2.59626935E-01  6.44941479E-02  5.69876924E-04
2.59873611E-01  6.43427968E-02  5.74939768E-04
2.60120287E-01  6.74709380E-02  5.81780565E-04
2.60366964E-01  6.64334968E-02  5.92466968E-04
2.60613640E-01  6.68312386E-02  5.71698707E-04
2.60860317E-01  6.85615614E-02  6.01438631E-04
2.61106993E-01  6.83856234E-02  6.12490170E-04
2.61353670E-01  6.59080446E-02  5.68856020E-04
2.61600346E-01  6.90405071E-02  5.93098404E-04
2.61847022E-01  6.77657872E-02  5.88586438E-04
2.62093699E-01  6.76928759E-02  5.90292446E-04
2.62340375E-01  6.75088540E-02  5.92972792E-04
2.62587052E-01  6.64487705E-02  5.76995604E-04
2.62833728E-01  6.60646632E-02  5.83381508E-04
2.63080404E-01  6.70527369E-02  5.73077530E-04
2.63327081E-01  6.72292784E-02  5.93506324E-04
2.63573757E-01  6.96491897E-02  6.07221096E-04
2.63820434E-01  6.76639155E-02  5.90490119E-04
2.64067110E-01  7.03451410E-02  5.97874343E-04
2.64313787E-01  6.82046264E-02  5.86360984E-04
2.64560463E-01  6.68859482E-02  5.87637420E-04
2.64807139E-01  6.86814561E-02  5.82250184E-04
2.65053816E-01  6.81972131E-02  6.00932632E-04
2.65300492E-01  6.78915456E-02  5.79383981E-04
2.65547169E-01  6.34356812E-02  5.55137754E-04
2.65793845E-01  6.98649958E-02  5.99404098E-04
2.66040522E-01  6.89761415E-02  5.85302594E-04
2.66287198E-01  6.69380724E-02  5.87910938E-04
2.66533874E-01  6.66067153E-02  5.66979870E-04
2.66780551E-01  6.68202192E-02  5.74955193E-04
2.67027227E-01  6.69019967E-02  5.80222113E-04
2.67273904E-01  7.02588111E-02  5.96639875E-04
2.67520580E-01  7.02512339E-02  5.92128374E-04
2.67767256E-01  6.96579143E-02  5.85706555E-04
2.68013933E-01  6.94919974E-02  5.86315058E-04
2.68260609E-01  6.85841814E-02  5.98243263E-04
2.68507286E-01  6.67287856E-02  5.69846306E-04
2.68753962E-01  6.86170608E-02  5.81950531E-04
2.69000639E-01  6.56572282E-02  5.71812736E-04
2.69247315E-01  6.84751794E-02  5.79660060E-04
2.69493991E-01  6.76351041E-02  5.82260778E-04
2.69740668E-01  6.80245906E-02  5.80370426E-04
2.69987344E-01  6.75707757E-02  5.81855245E-04
2.70234021E-01  6.86669871E-02  5.81355882E-04
2.70480697E-01  6.90521672E-02  5.98345476E-04
2.70727374E-01  6.81384653E-02  5.86688926E-04
2.70974050E-01  6.87472746E-02  6.17595157E-04
2.71220726E-01  6.79331198E-02  6.02359185E-04
2.71467403E-01  6.89448118E-02  6.18652382E-04
2.71714079E-01  7.20179081E-02  6.10187242E-04
2.71960756E-01  6.70327917E-02  5.98775572E-04
2.72207432E-01  6.72120452E-02  6.04441680E-04
2.72454109E-01  6.92086592E-02  6.01770706E-04
2.72700785E-01  7.07681924E-02  6.28797745E-04
2.72947461E-01  6.64287731E-02  6.07738388E-04
2.73194138E-01  7.05268905E-02  6.01976237E-04
2.73440814E-01  7.30807930E-02  6.17571175E-04
2.73687491E-01  6.60233051E-02  5.99691994E-04
2.73934167E-01  7.33910426E-02  6.28453156E-04
2.74180843E-01  7.05346391E-02  6.18133694E-04
2.74427520E-01  7.23703653E-02  6.28968875E-04
2.74674196E-01  6.87280223E-02  6.22784835E-04
2.74920873E-01  7.24750161E-02  6.32184674E-04
2.75167549E-01  7.31645375E-02  6.36126962E-04
2.75414226E-01  7.07181618E-02  6.04031666E-04
2.75660902E-01  7.08725825E-02  6.20673352E-04
2.75907578E-01  7.23339692E-02  6.31407253E-04
2.76154255E-01  7.00621530E-02  6.22701133E-04
2.76400931E-01  7.29057640E-02  6.52248622E-04
2.76647608E-01  7.11974129E-02  6.31970994E-04
2.76894284E-01  6.76633120E-02  6.23528787E-04
2.77140961E-01  7.42437169E-02  6.33278338E-04
2.77387637E-01  7.03197196E-02  6.03900407E-04
2.77634313E-01  7.16664419E-02  6.26331836E-04
2.77880990E-01  7.00502247E-02  6.10762392E-04
2.78127666E-01  7.12420717E-02  6.36200246E-04
2.78374343E-01  7.19901919E-02  6.36507699E-04
2.78621019E-01  6.93200007E-02  6.03385735E-04
2.78867695E-01  6.79152757E-02  6.12638600E-04
2.79114372E-01  7.14982003E-02  6.46179018E-04
2.79361048E-01  7.16169924E-02  6.28244248E-04
2.79607725E-01  6.98860064E-02  6.23109052E-04
2.79854401E-01  6.86181709E-02  6.17803831E-04
2.80101078E-01  7.08577931E-02  6.43603271E-04
2.80347754E-01  7.27526546E-02  6.46041881E-04
2.80594430E-01  7.09499270E-02  6.38502592E-04
2.80841107E-01  6.90747723E-02  6.24504290E-04
2.81087783E-01  7.18020573E-02  6.47273380E-04
2.81334460E-01  7.21612945E-02  6.33989403E-04
2.81581136E-01  6.91782236E-02  6.15457131E-04
2.81827813E-01  7.18869716E-02  6.32761396E-04
2.82074489E-01  7.05455616E-02  6.45757245E-04
2.82321165E-01  7.21911713E-02  6.60352642E-04
2.82567842E-01  7.60530978E-02  6.75648043E-04
2.82814518E-01  7.00290948E-02  6.36344019E-04
2.83061195E-01  7.18315542E-02  6.22776221E-04
2.83307871E-01  7.15086758E-02  6.44391344E-04
2.83554548E-01  7.08845183E-02  6.46380591E-04
2.83801224E-01  6.77392036E-02  6.24295033E-04
2.84047900E-01  6.78426772E-02  6.28190697E-04
2.84294577E-01  6.98350742E-02  6.22263993E-04
2.84541253E-01  7.23053068E-02  6.50804956E-04
2.84787930E-01  6.97078109E-02  6.28062000E-04
2.85034606E-01  7.52935857E-02  6.63098355E-04
2.85281282E-01  6.72457069E-02  6.20725157E-04
2.85527959E-01  6.84998780E-02  6.20409672E-04
2.85774635E-01  7.37798512E-02  6.47447654E-04
2.86021312E-01  7.07296655E-02  6.39475416E-04
2.86267988E-01  7.39471912E-02  6.54367555E-04
2.86514665E-01  7.17889443E-02  6.32818672E-04
2.86761341E-01  7.28553832E-02  6.61985192E-04
2.87008017E-01  6.90823421E-02  6.27269619E-04
2.87254694E-01  6.93608820E-02  6.21894666E-04
2.87501370E-01  7.31418282E-02  6.36116427E-04
2.87748047E-01  6.76180124E-02  6.06583897E-04
2.87994723E-01  7.00159445E-02  6.31714589E-04
2.88241400E-01  7.00009242E-02  6.11401570E-04
2.88488076E-01  6.98443130E-02  6.29634305E-04
2.88734752E-01  6.89069107E-02  6.21531100E-04
2.88981429E-01  6.96543604E-02  6.49704423E-04
2.89228105E-01  7.13372976E-02  6.34754018E-04
2.89474782E-01  7.33351931E-02  6.61465863E-04
2.89721458E-01  7.18286335E-02  6.35107688E-04
2.89968134E-01  7.12109730E-02  6.61216502E-04
2.90214811E-01  6.92682415E-02  6.28301292E-04
2.90461487E-01  6.93571195E-02  6.32258249E-04
2.90708164E-01  7.28617311E-02  6.57066179E-04
2.90954840E-01  7.20579922E-02  6.54649164E-04
2.91201517E-01  7.11389259E-02  6.47899753E-04
2.91448193E-01  7.35061616E-02  6.54950680E-04
2.91694869E-01  7.10922480E-02  6.40182465E-04
2.91941546E-01  7.11184517E-02  6.43387437E-04
2.92188222E-01  7.19402879E-02  6.31577743E-04
2.92434899E-01  7.16328099E-02  6.55038748E-04
2.92681575E-01  7.06969127E-02  6.39000558E-04
2.92928252E-01  7.15274662E-02  6.34309952E-04
2.93174928E-01  7.18531981E-02  6.46515167E-04
2.93421604E-01  6.97832927E-02  6.20450533E-04
2.93668281E-01  7.22172782E-02  6.62654173E-04
2.93914957E-01  7.48333856E-02  6.48027984E-04
2.94161634E-01  6.94503039E-02  6.33196963E-04
2.94408310E-01  6.97650388E-02  6.42132596E-04
2.94654987E-01  6.80531412E-02  6.13294425E-04
2.94901663E-01  7.20051751E-02  6.44115265E-04
2.95148339E-01  7.38400370E-02  6.53434719E-04
2.95395016E-01  7.04149306E-02  6.32821233E-04
2.95641692E-01  7.34847412E-02  6.55974844E-04
2.95888369E-01  6.73660338E-02  6.08525646E-04
2.96135045E-01  6.97091222E-02  6.24027161E-04
2.96381721E-01  7.49803782E-02  6.73033879E-04
2.96628398E-01  7.06663951E-02  6.42283296E-04
2.96875074E-01  6.89973906E-02  6.41878054E-04
2.97121751E-01  6.97209686E-02  6.22041523E-04
2.97368427E-01  7.27256238E-02  6.46817614E-04
2.97615104E-01  6.81457520E-02  6.33206218E-04
2.97861780E-01  7.07145482E-02  6.39654929E-04
2.98108456E-01  7.02522099E-02  6.33534859E-04
2.98355133E-01  7.08955303E-02  6.21871033E-04
2.98601809E-01  7.08531886E-02  6.26031135E-04
2.98848486E-01  6.69317842E-02  6.21064682E-04
2.99095162E-01  6.85860738E-02  6.34173106E-04
2.99341839E-01  6.87409043E-02  6.27868343E-04
2.99588515E-01  7.26552382E-02  6.42919214E-04
2.99835191E-01  7.42636099E-02  6.41773455E-04
3.00081868E-01  6.82907104E-02  6.12686854E-04
3.00328544E-01  7.11730123E-02  6.35038014E-04
3.00575221E-01  7.00419992E-02  6.52874762E-04
3.00821897E-01  7.22318664E-02  6.61308412E-04
3.01068574E-01  7.11055920E-02  6.37263525E-04
3.01315250E-01  7.22698569E-02  6.31609699E-04
3.01561926E-01  7.06831813E-02  6.39040780E-04
3.01808603E-01  7.41568357E-02  6.38516387E-04
3.02055279E-01  6.88082650E-02  6.37623249E-04
3.02301956E-01  6.71197027E-02  6.26520836E-04
3.02548632E-01  7.23744854E-02  6.43331907E-04
3.02795308E-01  6.85877576E-02  6.39475533E-04
3.03041985E-01  7.11346343E-02  6.37628720E-04
3.03288661E-01  7.07729012E-02  6.34464843E-04
3.03535338E-01  7.39065260E-02  6.63779967E-04
3.03782014E-01  6.53061643E-02  6.30126800E-04
3.04028691E-01  6.81646019E-02  6.48331130E-04
3.04275367E-01  7.16694817E-02  6.48849295E-04
3.04522043E-01  6.94533512E-02  6.36198965E-04
3.04768720E-01  6.93065748E-02  6.46244909E-04
3.05015396E-01  7.13343471E-02  6.44050888E-04
3.05262073E-01  7.17082620E-02  6.39638922E-04
3.05508749E-01  6.63446113E-02  6.20346051E-04
3.05755426E-01  6.90683573E-02  6.25379384E-04
3.06002102E-01  7.20467567E-02  6.43065898E-04
3.06248778E-01  7.03966618E-02  6.44029409E-04
3.06495455E-01  7.10155889E-02  6.43682550E-04
3.06742131E-01  7.43327960E-02  6.49519905E-04
3.06988808E-01  7.09570721E-02  6.43691863E-04
3.07235484E-01  7.44311959E-02  6.51173061E-04
3.07482160E-01  7.68369511E-02  6.80719037E-04
3.07728837E-01  7.44358674E-02  6.88308559E-04
3.07975513E-01  8.03855658E-02  6.85606443E-04
3.08222190E-01  8.39054585E-02  7.28177081E-04
3.08468866E-01  8.90746936E-02  7.40603486E-04
3.08715543E-01  8.91976058E-02  7.65795470E-04
3.08962219E-01  9.52505767E-02  8.06797936E-04
3.09208895E-01  1.01925038E-01  8.24997493E-04
3.09455572E-01  1.11152366E-01  9.36103053E-04
3.09702248E-01  1.11956738E-01  8.83183675E-04
3.09948925E-01  1.24008521E-01  9.96069983E-04
3.10195601E-01  1.26156881E-01  1.00726658E-03
3.10442278E-01  1.40104145E-01  9.98993521E-04
3.10688954E-01  1.39582410E-01  1.02563621E-03
3.10935630E-01  1.39414355E-01  9.92277870E-04
3.11182307E-01  1.45678550E-01  1.06549321E-03
3.11428983E-01  1.44136027E-01  9.81369638E-04
3.11675660E-01  1.44140974E-01  1.02525495E-03
3.11922336E-01  1.36796013E-01  9.83382226E-04
3.12169013E-01  1.33078888E-01  9.45844862E-04
3.12415689E-01  1.25236064E-01  9.47626133E-04
3.12662365E-01  1.21123016E-01  8.90061434E-04
3.12909042E-01  1.16043948E-01  8.43249727E-04
3.13155718E-01  1.10103987E-01  8.14246479E-04
3.13402395E-01  9.94767845E-02  7.93394865E-04
3.13649071E-01  9.85499248E-02  7.67855381E-04
3.13895747E-01  8.63850191E-02  7.25253660E-04
3.14142424E-01  9.07412171E-02  7.47327053E-04
3.14389100E-01  7.98053294E-02  6.85224601E-04
3.14635777E-01  7.46912286E-02  6.64457621E-04
3.14882453E-01  7.81257823E-02  6.95521070E-04
3.15129130E-01  7.72513226E-02  6.73948089E-04
3.15375806E-01  7.05024973E-02  6.32644165E-04
3.15622482E-01  7.23590329E-02  6.60998747E-04
3.15869159E-01  7.64076039E-02  6.75574294E-04
3.16115835E-01  7.13091269E-02  6.40140963E-04
3.16362512E-01  7.07058385E-02  6.40771119E-04
3.16609188E-01  7.01110438E-02  6.48920133E-04
3.16855865E-01  7.05586746E-02  6.49067631E-04
3.17102541E-01  6.95415288E-02  6.26027642E-04
3.17349217E-01  7.16894716E-02  6.53113180E-04
3.17595894E-01  6.92889169E-02  6.38697471E-04
3.17842570E-01  7.10527822E-02  6.35717704E-04
3.18089247E-01  6.95384964E-02  6.43516774E-04
3.18335923E-01  7.04551712E-02  6.36605138E-04
3.18582599E-01  6.87553808E-02  6.57302153E-04
3.18829276E-01  6.76884279E-02  6.24926586E-04
3.19075952E-01  7.51359537E-02  6.75699732E-04
3.19322629E-01  6.74659982E-02  6.26442721E-04
3.19569305E-01  6.93971962E-02  6.44574640E-04
3.19815982E-01  7.32371360E-02  6.73814327E-04
3.20062658E-01  6.65678456E-02  6.30640890E-04
3.20309334E-01  7.06925169E-02  6.54437870E-04
3.20556011E-01  6.79955184E-02  6.47086592E-04
3.20802687E-01  7.32600316E-02  6.73811592E-04
3.21049364E-01  7.18679056E-02  6.42767060E-04
3.21296040E-01  6.90043643E-02  6.47737877E-04
3.21542717E-01  7.27190599E-02  6.57972880E-04
3.21789393E-01  7.02892020E-02  6.49372058E-04
3.22036069E-01  7.41489753E-02  6.53735653E-04
3.22282746E-01  6.96361884E-02  6.40751095E-04
3.22529422E-01  7.02069551E-02  6.51682785E-04
3.22776099E-01  7.06957579E-02  6.39523321E-04
3.23022775E-01  7.07960799E-02  6.50799251E-04
3.23269452E-01  7.10476711E-02  6.49293244E-04
3.23516128E-01  7.01966062E-02  6.62821229E-04
3.23762804E-01  6.97280765E-02  6.46012661E-04
3.24009481E-01  7.09130317E-02  6.51528710E-04
3.24256157E-01  7.12800846E-02  6.72443071E-04
3.24502834E-01  7.00724795E-02  6.46332337E-04
3.24749510E-01  7.10535198E-02  6.60600199E-04
3.24996186E-01  6.86002225E-02  6.52448856E-04
3.25242863E-01  7.09632188E-02  6.48818153E-04
3.25489539E-01  7.26359189E-02  6.62513776E-04
3.25736216E-01  6.93323538E-02  6.60807244E-04
3.25982892E-01  7.02922195E-02  6.53426279E-04
3.26229569E-01  7.09198415E-02  6.68546185E-04
3.26476245E-01  7.46117607E-02  6.51619455E-04
3.26722921E-01  7.19434470E-02  6.50199596E-04
3.26969598E-01  6.66093305E-02  6.39240956E-04
3.27216274E-01  6.85337037E-02  6.60152000E-04
3.27462951E-01  7.01643378E-02  6.74107054E-04
3.27709627E-01  7.17643872E-02  6.50842092E-04
3.27956304E-01  7.00538307E-02  6.52175455E-04
3.28202980E-01  6.92500249E-02  6.43368054E-04
3.28449656E-01  7.43317753E-02  6.64211402E-04
3.28696333E-01  6.86724260E-02  6.41803839E-04
3.28943009E-01  7.15830848E-02  6.54908770E-04
3.29189686E-01  7.10466206E-02  6.71224261E-04
3.29436362E-01  7.03541413E-02  6.54278731E-04
3.29683039E-01  7.05592930E-02  6.64374267E-04
3.29929715E-01  7.12207928E-02  6.69137749E-04
3.30176391E-01  7.12077394E-02  6.56869262E-04
3.30423068E-01  6.98053166E-02  6.59277081E-04
3.30669744E-01  7.29015544E-02  6.52511721E-04
3.30916421E-01  6.95638731E-02  6.53088791E-04
3.31163097E-01  6.85653314E-02  6.33998890E-04
3.31409773E-01  7.21075162E-02  6.52455958E-04
3.31656450E-01  7.26440251E-02  6.51498849E-04
3.31903126E-01  6.91065714E-02  6.54396426E-04
3.32149803E-01  7.05453157E-02  6.52542512E-04
3.32396479E-01  6.93318695E-02  6.49522059E-04
3.32643156E-01  6.98094666E-02  6.73537492E-04
3.32889832E-01  7.08875135E-02  6.39443984E-04
3.33136508E-01  6.88909367E-02  6.41362276E-04
3.33383185E-01  7.16652051E-02  6.50161994E-04
3.33629861E-01  7.09235966E-02  6.40102895E-04
3.33876538E-01  7.16947243E-02  6.53200201E-04
3.34123214E-01  7.05703348E-02  6.54482923E-04
3.34369891E-01  7.14786500E-02  6.65505591E-04
3.34616567E-01  6.74108043E-02  6.41518738E-04
3.34863243E-01  6.91518933E-02  6.49818801E-04
3.35109920E-01  6.98895603E-02  6.46505330E-04
3.35356596E-01  7.12063685E-02  6.31459872E-04
3.35603273E-01  7.28704631E-02  6.70459005E-04
3.35849949E-01  6.89674243E-02  6.57554774E-04
3.36096625E-01  7.21049234E-02  6.59059675E-04
3.36343302E-01  6.88844398E-02  6.60729129E-04
3.36589978E-01  7.04106167E-02  6.37971738E-04
3.36836655E-01  7.28847533E-02  6.55110460E-04
3.37083331E-01  7.27069676E-02  6.67885237E-04
3.37330008E-01  7.17466921E-02  6.74740353E-04
3.37576684E-01  7.23310262E-02  6.65382948E-04
3.37823360E-01  7.30094314E-02  6.58879988E-04
3.38070037E-01  7.13166669E-02  6.53172436E-04
3.38316713E-01  7.28543401E-02  6.84956438E-04
3.38563390E-01  7.19820186E-02  6.52513700E-04
3.38810066E-01  7.16158077E-02  6.62263192E-04
3.39056743E-01  7.05716833E-02  6.50426897E-04
3.39303419E-01  7.01848045E-02  6.70429785E-04
3.39550095E-01  7.51953572E-02  6.84900791E-04
3.39796772E-01  7.07715079E-02  6.49171066E-04
3.40043448E-01  7.17325434E-02  6.67880580E-04
3.40290125E-01  7.33642206E-02  6.58868346E-04
3.40536801E-01  7.32680708E-02  6.75588730E-04
3.40783478E-01  7.16409981E-02  6.59230922E-04
3.41030154E-01  7.25197420E-02  6.66765263E-04
3.41276830E-01  7.03450665E-02  6.61307480E-04
3.41523507E-01  6.97650239E-02  6.44625223E-04
3.41770183E-01  6.74701631E-02  6.45259512E-04
3.42016860E-01  7.12908059E-02  6.53674011E-04
3.42263536E-01  7.10795075E-02  6.62096252E-04
3.42510212E-01  7.20139220E-02  6.63777406E-04
3.42756889E-01  7.30098635E-02  6.58473873E-04
3.43003565E-01  7.14196861E-02  6.62734383E-04
3.43250242E-01  7.22648650E-02  6.46326167E-04
3.43496918E-01  6.92806616E-02  6.39555161E-04
3.43743595E-01  7.08524436E-02  6.61646889E-04
3.43990271E-01  7.20601231E-02  6.67634013E-04
3.44236947E-01  7.15337023E-02  6.51220733E-04
3.44483624E-01  7.11277947E-02  6.56364253E-04
3.44730300E-01  7.26919919E-02  6.42104016E-04
3.44976977E-01  7.03005791E-02  6.47638168E-04
3.45223653E-01  6.62552267E-02  6.50625676E-04
3.45470330E-01  7.11192042E-02  6.43549836E-04
3.45717006E-01  6.97752312E-02  6.53633499E-04
3.45963682E-01  7.09300712E-02  6.56412449E-04
3.46210359E-01  7.31869414E-02  6.60390593E-04
3.46457035E-01  7.08792582E-02  6.50714035E-04
3.46703712E-01  6.91744164E-02  6.59252924E-04
3.46950388E-01  7.35971406E-02  6.50994712E-04
3.47197064E-01  6.72898665E-02  6.15827565E-04
3.47443741E-01  7.16165528E-02  6.58862293E-04
3.47690417E-01  7.00508356E-02  6.30878843E-04
3.47937094E-01  7.16212243E-02  6.52041403E-04
3.48183770E-01  7.16619119E-02  6.70613721E-04
3.48430447E-01  6.60346597E-02  6.02206099E-04
3.48677123E-01  6.92352504E-02  6.38381985E-04
3.48923799E-01  6.68029934E-02  6.31424889E-04
3.49170476E-01  6.99611157E-02  6.57449127E-04
3.49417152E-01  6.77494481E-02  6.31621282E-04
3.49663829E-01  7.32911527E-02  6.59889600E-04
3.49910505E-01  6.69533685E-02  6.42221479E-04
3.50157182E-01  7.06764311E-02  6.52552990E-04
3.50403858E-01  6.99221268E-02  6.35177887E-04
3.50650534E-01  6.78689554E-02  6.56481658E-04
3.50897211E-01  6.73231184E-02  6.35030796E-04
3.51143887E-01  6.86019436E-02  6.33038580E-04
3.51390564E-01  6.79902285E-02  6.20119157E-04
3.51637240E-01  6.68065920E-02  6.22553693E-04
3.51883917E-01  6.51145577E-02  6.22563239E-04
3.52130593E-01  6.88289478E-02  6.28014910E-04
3.52377269E-01  6.77064508E-02  6.18820544E-04
3.52623946E-01  6.78265020E-02  6.46023254E-04
3.52870622E-01  7.04669505E-02  6.38234022E-04
3.53117299E-01  7.00630918E-02  6.48164074E-04
3.53363975E-01  6.73032477E-02  6.39497477E-04
3.53610651E-01  6.75055161E-02  6.41558319E-04
3.53857328E-01  6.51934072E-02  6.05548325E-04
3.54104004E-01  6.88896030E-02  6.40017155E-04
3.54350681E-01  6.61019385E-02  6.32628449E-04
3.54597357E-01  6.70841187E-02  6.23794913E-04
3.54844034E-01  7.04803392E-02  6.47152949E-04
3.55090710E-01  6.72705472E-02  6.22930296E-04
3.55337386E-01  6.39987588E-02  6.34003780E-04
3.55584063E-01  6.80905804E-02  6.51891634E-04
3.55830739E-01  6.88536540E-02  6.32641139E-04
3.56077416E-01  6.78034946E-02  6.43401814E-04
3.56324092E-01  6.69110492E-02  6.37412188E-04
3.56570769E-01  6.54776022E-02  6.30600727E-04
3.56817445E-01  6.54178560E-02  6.31135830E-04
3.57064121E-01  6.98127747E-02  6.60246238E-04
3.57310798E-01  6.59216046E-02  6.44172542E-04
3.57557474E-01  6.75206259E-02  6.54602831E-04
3.57804151E-01  6.79017827E-02  6.41492312E-04
3.58050827E-01  6.63512498E-02  6.34034746E-04
3.58297503E-01  6.61444515E-02  6.32976240E-04
3.58544180E-01  6.98376223E-02  6.36223587E-04
3.58790856E-01  6.58687726E-02  6.33200223E-04
3.59037533E-01  6.85552359E-02  6.42979692E-04
3.59284209E-01  6.61603957E-02  6.18700054E-04
3.59530886E-01  7.05831796E-02  6.50503265E-04
3.59777562E-01  6.30232245E-02  5.98094135E-04
3.60024238E-01  6.48915991E-02  6.29183894E-04
3.60270915E-01  6.62214458E-02  6.36093086E-04
3.60517591E-01  6.77055493E-02  6.17720070E-04
3.60764268E-01  6.83397353E-02  6.57833414E-04
3.61010944E-01  6.85566142E-02  6.40337879E-04
3.61257621E-01  6.81281239E-02  6.41171297E-04
3.61504297E-01  6.62205070E-02  6.34944241E-04
3.61750973E-01  6.59188405E-02  6.19038881E-04
3.61997650E-01  6.50950596E-02  6.13742450E-04
3.62244326E-01  6.07984848E-02  6.00158062E-04
3.62491003E-01  6.43892437E-02  6.14831923E-04
3.62737679E-01  6.69540688E-02  6.51919690E-04
3.62984356E-01  6.96508959E-02  6.50845526E-04
3.63231032E-01  6.46949932E-02  6.29415619E-04
3.63477708E-01  6.60383478E-02  6.35078643E-04
3.63724385E-01  6.80011958E-02  6.58620091E-04
3.63971061E-01  6.75015524E-02  6.31522795E-04
3.64217738E-01  6.47199973E-02  6.16086007E-04
3.64464414E-01  6.52827397E-02  6.39987236E-04
3.64711090E-01  6.52353913E-02  6.43852109E-04
3.64957767E-01  6.56670704E-02  6.31538103E-04
3.65204443E-01  6.74933717E-02  6.35465665E-04
3.65451120E-01  6.40854686E-02  6.20727078E-04
3.65697796E-01  6.51705191E-02  6.30710507E-04
3.65944473E-01  5.92522398E-02  5.87810995E-04
3.66191149E-01  6.61935136E-02  6.25245681E-04
3.66437825E-01  6.12915568E-02  5.97088656E-04
3.66684502E-01  6.49456829E-02  6.18896680E-04
3.66931178E-01  6.27012625E-02  6.14228542E-04
3.67177855E-01  6.78462088E-02  6.35695702E-04
3.67424531E-01  6.28963038E-02  6.39716396E-04
3.67671208E-01  6.64438754E-02  6.38416735E-04
3.67917884E-01  6.37789145E-02  6.16397476E-04
3.68164560E-01  6.51223511E-02  6.25437882E-04
3.68411237E-01  6.61902279E-02  6.21935003E-04
3.68657913E-01  6.40723780E-02  6.24345732E-04
3.68904590E-01  6.42909035E-02  6.34307973E-04
3.69151266E-01  6.27890304E-02  6.06675982E-04
3.69397943E-01  6.61576018E-02  6.52673130E-04
3.69644619E-01  6.70048743E-02  6.27559260E-04
3.69891295E-01  6.56003281E-02  6.11347263E-04
3.70137972E-01  6.34755865E-02  6.17734506E-04
3.70384648E-01  6.77239820E-02  6.14988559E-04
3.70631325E-01  6.36171699E-02  6.09848823E-04
3.70878001E-01  6.71066046E-02  6.25939516E-04
3.71124677E-01  6.30758330E-02  6.10472460E-04
3.71371354E-01  6.61053881E-02  6.29775634E-04
3.71618030E-01  6.25122860E-02  5.97260892E-04
3.71864707E-01  6.33356199E-02  6.09564071E-04
3.72111383E-01  6.45702481E-02  6.31676055E-04
3.72358060E-01  6.06852621E-02  6.01534033E-04
3.72604736E-01  6.43045381E-02  5.99876919E-04
3.72851412E-01  6.27579466E-02  6.11971598E-04
3.73098089E-01  6.50149733E-02  6.35608332E-04
3.73344765E-01  6.31101653E-02  5.99763182E-04
3.73591442E-01  6.26306087E-02  6.01924199E-04
3.73838118E-01  6.41608909E-02  6.27981382E-04
3.74084795E-01  6.57417178E-02  6.23884844E-04
3.74331471E-01  6.42090812E-02  6.17616461E-04
3.74578147E-01  6.37148693E-02  6.13241340E-04
3.74824824E-01  6.61422387E-02  6.29117189E-04
3.75071500E-01  6.52772039E-02  6.36504381E-04
3.75318177E-01  6.45292476E-02  6.14655204E-04
3.75564853E-01  6.56647235E-02  6.32099982E-04
3.75811529E-01  6.67439103E-02  6.30858529E-04
3.76058206E-01  6.20342344E-02  6.01833861E-04
3.76304882E-01  6.45369217E-02  6.18566410E-04
3.76551559E-01  6.38171956E-02  6.17346843E-04
3.76798235E-01  6.40723333E-02  6.17406215E-04
3.77044912E-01  6.09408133E-02  6.01687818E-04
3.77291588E-01  6.27235174E-02  6.10982534E-04
3.77538264E-01  6.48974627E-02  6.14559220E-04
3.77784941E-01  6.30115643E-02  6.27773523E-04
3.78031617E-01  6.36981651E-02  5.93926932E-04
3.78278294E-01  6.08091950E-02  6.06441172E-04
3.78524970E-01  6.51726350E-02  6.21597981E-04
3.78771647E-01  6.17453866E-02  6.02276297E-04
3.79018323E-01  6.19487427E-02  6.37735997E-04
3.79264999E-01  6.22844510E-02  6.08857721E-04
3.79511676E-01  6.49380237E-02  6.17905520E-04
3.79758352E-01  6.32503182E-02  6.19342318E-04
3.80005029E-01  6.20305836E-02  6.11458381E-04
3.80251705E-01  6.19319268E-02  6.03196619E-04
3.80498382E-01  6.18419573E-02  6.10590039E-04
3.80745058E-01  6.48849979E-02  6.42986211E-04
3.80991734E-01  6.11743703E-02  6.22717314E-04
3.81238411E-01  6.84847459E-02  6.51739247E-04
3.81485087E-01  6.37062490E-02  6.43588020E-04
3.81731764E-01  6.12696670E-02  6.21394545E-04
3.81978440E-01  6.39432445E-02  6.60993042E-04
3.82225116E-01  6.32422417E-02  6.53592462E-04
3.82471793E-01  5.83351403E-02  6.01419539E-04
3.82718469E-01  6.33172691E-02  6.69782632E-04
3.82965146E-01  6.25230223E-02  6.59968529E-04
3.83211822E-01  6.17549233E-02  6.66207168E-04
3.83458499E-01  5.99999540E-02  6.48178218E-04
3.83705175E-01  6.22858144E-02  6.58104254E-04
3.83951851E-01  6.25827610E-02  6.79422868E-04
3.84198528E-01  6.42539263E-02  6.78224838E-04
3.84445204E-01  6.09832667E-02  6.77405100E-04
3.84691881E-01  6.51421770E-02  6.69099623E-04
3.84938557E-01  6.26181066E-02  7.04960490E-04
3.85185234E-01  6.27316833E-02  6.81331265E-04
3.85431910E-01  5.96369840E-02  6.67373592E-04
3.85678586E-01  6.09732382E-02  6.77179487E-04
3.85925263E-01  6.35004789E-02  6.84072555E-04
3.86171939E-01  6.27268776E-02  7.03715952E-04
3.86418616E-01  6.01552539E-02  7.02271587E-04
3.86665292E-01  6.01450726E-02  6.92220696E-04
3.86911968E-01  6.57875463E-02  7.25205580E-04
3.87158645E-01  6.68839365E-02  7.36129936E-04
3.87405321E-01  6.42889515E-02  7.15230941E-04
3.87651998E-01  6.07636534E-02  7.14113819E-04
3.87898674E-01  6.16047345E-02  7.18540221E-04
3.88145351E-01  6.29884079E-02  7.14299502E-04
3.88392027E-01  6.36524856E-02  7.35476322E-04
3.88638703E-01  5.91387600E-02  6.97091105E-04
3.88885380E-01  6.09132163E-02  7.04980339E-04
3.89132056E-01  6.14580065E-02  7.20908400E-04
3.89378733E-01  6.34102002E-02  7.29977095E-04
3.89625409E-01  6.54943436E-02  7.37743801E-04
3.89872086E-01  5.96007295E-02  7.01355399E-04
3.90118762E-01  6.19757101E-02  7.29188498E-04
3.90365438E-01  6.27440214E-02  6.94361748E-04
3.90612115E-01  6.52001649E-02  7.08628970E-04
3.90858791E-01  6.12897500E-02  6.87528402E-04
3.91105468E-01  6.05976321E-02  6.68087043E-04
3.91352144E-01  6.34565800E-02  7.01723446E-04
3.91598821E-01  6.06944263E-02  6.57905708E-04
3.91845497E-01  6.28017336E-02  6.95709081E-04
3.92092173E-01  6.26199245E-02  6.79862860E-04
3.92338850E-01  6.53822497E-02  6.93524897E-04
3.92585526E-01  6.63838908E-02  7.05639541E-04
3.92832203E-01  6.17130958E-02  6.98561198E-04
3.93078879E-01  6.46410361E-02  6.92199625E-04
3.93325555E-01  6.47320226E-02  6.91811554E-04
3.93572232E-01  6.25289157E-02  6.68873487E-04
3.93818908E-01  6.32213950E-02  6.68468419E-04
3.94065585E-01  6.47139847E-02  6.86926302E-04
3.94312261E-01  6.39210716E-02  6.60533027E-04
3.94558938E-01  6.39515743E-02  6.74101058E-04
3.94805614E-01  5.99662326E-02  6.44121727E-04
3.95052290E-01  6.55965433E-02  7.10822816E-04
3.95298967E-01  6.65861145E-02  6.81765960E-04
3.95545643E-01  6.14030771E-02  6.67090178E-04
3.95792320E-01  6.23916946E-02  6.85903884E-04
3.96038996E-01  5.89473657E-02  6.35992677E-04
3.96285673E-01  6.16319254E-02  6.46585657E-04
3.96532349E-01  6.46125451E-02  6.69653004E-04
3.96779025E-01  6.42181262E-02  6.88849192E-04
3.97025702E-01  6.33483827E-02  6.56661286E-04
3.97272378E-01  5.98355457E-02  6.53690135E-04
3.97519055E-01  6.49999157E-02  6.82294543E-04
3.97765731E-01  6.61361516E-02  6.98394666E-04
3.98012407E-01  6.46596551E-02  6.69159694E-04
3.98259084E-01  6.47279024E-02  6.78514363E-04
3.98505760E-01  5.98816425E-02  6.55290787E-04
3.98752437E-01  6.28042296E-02  6.47978974E-04
3.98999113E-01  6.15948103E-02  6.65342901E-04
3.99245790E-01  6.20722622E-02  6.61335536E-04
3.99492466E-01  6.67697638E-02  6.83286984E-04
3.99739142E-01  6.45895600E-02  6.75028365E-04
3.99985819E-01  6.33569136E-02  6.42240222E-04
4.00232495E-01  6.33063987E-02  6.55199867E-04
4.00479172E-01  6.40260801E-02  6.49674737E-04
4.00725848E-01  6.42646775E-02  6.57145632E-04
4.00972525E-01  6.63961917E-02  6.70233683E-04
4.01219201E-01  6.26930296E-02  6.47816574E-04
4.01465877E-01  6.46587834E-02  6.73454837E-04
4.01712554E-01  6.11216761E-02  6.60598045E-04
4.01959230E-01  6.48031756E-02  6.73047325E-04
4.02205907E-01  6.24261759E-02  6.67049026E-04
4.02452583E-01  6.43389225E-02  6.68468245E-04
4.02699260E-01  6.06561527E-02  6.41888357E-04
4.02945936E-01  6.15804158E-02  6.56111632E-04
4.03192612E-01  6.17644675E-02  6.41909486E-04
4.03439289E-01  6.30460307E-02  6.74039591E-04
4.03685965E-01  6.44030944E-02  6.48047833E-04
4.03932642E-01  6.15861118E-02  6.54372736E-04
4.04179318E-01  6.02413900E-02  6.35298842E-04
4.04425994E-01  6.41377717E-02  6.81452802E-04
4.04672671E-01  6.38552755E-02  6.61139784E-04
4.04919347E-01  6.47775382E-02  6.69904926E-04
4.05166024E-01  5.96451387E-02  6.36976503E-04
4.05412700E-01  6.16462193E-02  6.30457595E-04
4.05659377E-01  6.24232441E-02  6.54216914E-04
4.05906053E-01  6.08334057E-02  6.28324458E-04
4.06152729E-01  6.42150119E-02  6.76068070E-04
4.06399406E-01  6.17447309E-02  6.43657753E-04
4.06646082E-01  6.23967014E-02  6.51127368E-04
4.06892759E-01  6.31839260E-02  6.45592168E-04
4.07139435E-01  6.21549785E-02  6.28377195E-04
4.07386112E-01  6.24542981E-02  6.49183057E-04
4.07632788E-01  6.39783219E-02  6.68619119E-04
4.07879464E-01  6.23471960E-02  6.45348046E-04
4.08126141E-01  6.44013733E-02  6.68869296E-04
4.08372817E-01  6.14751242E-02  6.49920199E-04
4.08619494E-01  6.36614263E-02  6.48743124E-04
4.08866170E-01  6.22641332E-02  6.42586208E-04
4.09112847E-01  6.48082271E-02  6.52731862E-04
4.09359523E-01  6.43762797E-02  6.67551241E-04
4.09606199E-01  6.43768758E-02  6.62821578E-04
4.09852876E-01  6.68595135E-02  6.92940434E-04
4.10099552E-01  6.25962764E-02  6.39415812E-04
4.10346229E-01  6.13698885E-02  6.42089057E-04
4.10592905E-01  6.14678934E-02  6.38875703E-04
4.10839581E-01  6.36667907E-02  6.59314683E-04
4.11086258E-01  6.73707277E-02  6.80748664E-04
4.11332934E-01  5.88615313E-02  6.22648222E-04
4.11579611E-01  6.01311475E-02  6.43249601E-04
4.11826287E-01  6.18394054E-02  6.41097373E-04
4.12072964E-01  6.07244670E-02  6.41795457E-04
4.12319640E-01  6.43633753E-02  6.61915226E-04
4.12566316E-01  6.10568263E-02  6.43533189E-04
4.12812993E-01  6.54230341E-02  6.52579940E-04
4.13059669E-01  6.39273226E-02  6.47082401E-04
4.13306346E-01  6.21505454E-02  6.28145353E-04
4.13553022E-01  6.01321682E-02  6.32594805E-04
4.13799699E-01  6.29297942E-02  6.61359576E-04
4.14046375E-01  6.25963882E-02  6.56750519E-04
4.14293051E-01  6.23116158E-02  6.46556204E-04
4.14539728E-01  6.52129576E-02  6.59567129E-04
4.14786404E-01  6.09353594E-02  6.47396897E-04
4.15033081E-01  6.42330945E-02  6.41003717E-04
4.15279757E-01  6.00006841E-02  6.34668511E-04
4.15526433E-01  6.07322045E-02  6.26760826E-04
4.15773110E-01  6.04298934E-02  6.23632222E-04
4.16019786E-01  6.09560236E-02  6.38113648E-04
4.16266463E-01  6.05337881E-02  6.38389611E-04
4.16513139E-01  6.32627010E-02  6.71703834E-04
4.16759816E-01  6.15749508E-02  6.32452546E-04
4.17006492E-01  6.60575107E-02  6.73499366E-04
4.17253168E-01  6.29862696E-02  6.47081877E-04
4.17499845E-01  6.15955591E-02  6.37718418E-04
4.17746521E-01  6.25993237E-02  6.48800633E-04
4.17993198E-01  6.30099997E-02  6.31874776E-04
4.18239874E-01  5.84688596E-02  6.36373938E-04
4.18486551E-01  6.54074922E-02  6.34995813E-04
4.18733227E-01  6.19324595E-02  6.39235426E-04
4.18979903E-01  6.41851053E-02  6.63249521E-04
4.19226580E-01  6.55245185E-02  6.75709802E-04
4.19473256E-01  6.29800484E-02  6.63867686E-04
4.19719933E-01  6.25542626E-02  6.38690486E-04
4.19966609E-01  6.34349883E-02  6.50613161E-04
4.20213286E-01  6.22987710E-02  6.45210908E-04
4.20459962E-01  5.96286021E-02  6.44492276E-04
4.20706638E-01  6.03837892E-02  6.34208322E-04
4.20953315E-01  6.37761429E-02  6.54989097E-04
4.21199991E-01  6.48958534E-02  6.36811834E-04
4.21446668E-01  6.50059357E-02  6.75644784E-04
4.21693344E-01  6.22830242E-02  6.36230281E-04
4.21940020E-01  6.24050945E-02  6.50700938E-04
4.22186697E-01  6.08897991E-02  6.33991847E-04
4.22433373E-01  6.23153634E-02  6.61281170E-04
4.22680050E-01  6.32060990E-02  6.45950553E-04
4.22926726E-01  6.21252470E-02  6.61464874E-04
4.23173403E-01  6.08901381E-02  6.43876672E-04
4.23420079E-01  6.16610684E-02  6.46899280E-04
4.23666755E-01  6.09435737E-02  6.34489814E-04
4.23913432E-01  6.23263940E-02  6.38706028E-04
4.24160108E-01  6.07894622E-02  6.45765394E-04
4.24406785E-01  6.18721507E-02  6.51287904E-04
4.24653461E-01  6.17578477E-02  6.63062616E-04
4.24900138E-01  6.31525889E-02  6.45268359E-04
4.25146814E-01  5.88598475E-02  6.17991434E-04
4.25393490E-01  5.99491745E-02  6.22485240E-04
4.25640167E-01  6.58423826E-02  6.61737344E-04
4.25886843E-01  6.29976392E-02  6.45646127E-04
4.26133520E-01  6.16401508E-02  6.54558942E-04
4.26380196E-01  6.41524270E-02  6.53173833E-04
4.26626872E-01  6.12596013E-02  6.28522015E-04
4.26873549E-01  6.36543557E-02  6.33845688E-04
4.27120225E-01  6.03732802E-02  6.53491355E-04
4.27366902E-01  6.11243844E-02  6.30374183E-04
4.27613578E-01  6.21718504E-02  6.32071402E-04
4.27860255E-01  6.48164377E-02  6.53313473E-04
4.28106931E-01  6.14878684E-02  6.27895410E-04
4.28353607E-01  6.26386777E-02  6.31659583E-04
4.28600284E-01  6.19761907E-02  6.58970443E-04
4.28846960E-01  6.63804114E-02  6.72419788E-04
4.29093637E-01  6.18633181E-02  6.55672746E-04
4.29340313E-01  5.94325326E-02  6.47317152E-04
4.29586990E-01  6.21869229E-02  6.48594054E-04
4.29833666E-01  6.46154583E-02  6.47005450E-04
4.30080342E-01  6.27140105E-02  6.27042842E-04
4.30327019E-01  5.99517375E-02  6.24223147E-04
4.30573695E-01  6.36053160E-02  6.68411027E-04
4.30820372E-01  6.26754835E-02  6.34995115E-04
4.31067048E-01  6.32006228E-02  6.55379030E-04
4.31313725E-01  6.06535785E-02  6.27805770E-04
4.31560401E-01  6.16549850E-02  6.31718605E-04
4.31807077E-01  6.07454889E-02  6.22485473E-04
4.32053754E-01  6.27879873E-02  6.12855481E-04
4.32300430E-01  6.22137897E-02  6.31264178E-04
4.32547107E-01  6.28428310E-02  6.37053454E-04
4.32793783E-01  6.41018450E-02  6.60728547E-04
4.33040459E-01  6.25849441E-02  6.62730134E-04
4.33287136E-01  6.28623888E-02  6.35891920E-04
4.33533812E-01  6.23158999E-02  6.40155224E-04
4.33780489E-01  6.10433556E-02  6.44876680E-04
4.34027165E-01  6.26960620E-02  6.48521585E-04
4.34273842E-01  5.87313920E-02  6.25137531E-04
4.34520518E-01  6.35594502E-02  6.54296717E-04
4.34767194E-01  6.22923709E-02  6.38663012E-04
4.35013871E-01  6.19582385E-02  6.24695793E-04
4.35260547E-01  6.10443801E-02  6.45050779E-04
4.35507224E-01  6.22114241E-02  6.47073670E-04
4.35753900E-01  6.33319989E-02  6.48332119E-04
4.36000577E-01  6.41610995E-02  6.48923626E-04
4.36247253E-01  6.34743199E-02  6.52188261E-04
4.36493929E-01  6.34273812E-02  6.43675274E-04
4.36740606E-01  6.24720827E-02  6.34980912E-04
4.36987282E-01  6.02532439E-02  6.26865018E-04
4.37233959E-01  6.14115223E-02  6.32370706E-04
4.37480635E-01  6.46205768E-02  6.58867066E-04
4.37727311E-01  6.21470697E-02  6.52455143E-04
4.37973988E-01  6.60864338E-02  6.68048451E-04
4.38220664E-01  6.06157258E-02  6.18863211E-04
4.38467341E-01  6.03871904E-02  6.29326911E-04
4.38714017E-01  6.40916377E-02  6.55690790E-04
4.38960694E-01  6.29600137E-02  6.41778635E-04
4.39207370E-01  6.34182096E-02  6.34849130E-04
4.39454046E-01  6.18179776E-02  6.24603534E-04
4.39700723E-01  6.31636307E-02  6.51360897E-04
4.39947399E-01  6.19107746E-02  6.51920098E-04
4.40194076E-01  6.41553402E-02  6.37819874E-04
4.40440752E-01  5.97927384E-02  6.36633195E-04
4.40687429E-01  6.44594505E-02  6.57676661E-04
4.40934105E-01  6.52843937E-02  6.43571489E-04
4.41180781E-01  6.56128526E-02  6.66811189E-04
4.41427458E-01  6.36968315E-02  6.44718704E-04
4.41674134E-01  6.50818199E-02  6.45451015E-04
4.41920811E-01  6.10487238E-02  6.44843909E-04
4.42167487E-01  6.37046099E-02  6.38530124E-04
4.42414164E-01  6.18426912E-02  6.40750572E-04
4.42660840E-01  5.93952090E-02  6.37057470E-04
4.42907516E-01  6.46240637E-02  6.59856771E-04
4.43154193E-01  5.94385117E-02  6.21641113E-04
4.43400869E-01  5.91525026E-02  6.38219586E-04
4.43647546E-01  6.26423657E-02  6.39364240E-04
4.43894222E-01  6.38912320E-02  6.62802951E-04
4.44140898E-01  6.28124252E-02  6.29197340E-04
4.44387575E-01  6.31696135E-02  6.36228942E-04
4.44634251E-01  6.26306534E-02  6.57076773E-04
4.44880928E-01  6.50461763E-02  6.41832245E-04
4.45127604E-01  6.17252029E-02  6.34595810E-04
4.45374281E-01  6.22813292E-02  6.40854647E-04
4.45620957E-01  6.17533624E-02  6.37956895E-04
4.45867633E-01  6.59882724E-02  6.62120467E-04
4.46114310E-01  5.97575717E-02  6.33738353E-04
4.46360986E-01  6.32666349E-02  6.59004494E-04
4.46607663E-01  6.50637299E-02  6.79397664E-04
4.46854339E-01  6.49626851E-02  6.58586679E-04
4.47101016E-01  6.31200373E-02  6.49757974E-04
4.47347692E-01  6.17117360E-02  6.11312280E-04
4.47594368E-01  6.16649985E-02  6.41024031E-04
4.47841045E-01  6.14497513E-02  6.46555680E-04
4.48087721E-01  6.62056580E-02  6.57613098E-04
4.48334398E-01  6.02136590E-02  6.31168368E-04
4.48581074E-01  6.21048547E-02  6.42651576E-04
4.48827751E-01  6.16631210E-02  6.35075325E-04
4.49074427E-01  6.31019697E-02  6.39359001E-04
4.49321103E-01  6.45724684E-02  6.35986915E-04
4.49567780E-01  5.83134443E-02  6.15061144E-04
4.49814456E-01  6.21596426E-02  6.47565699E-04
4.50061133E-01  6.46732599E-02  6.63216924E-04
4.50307809E-01  6.33454099E-02  6.30737282E-04
4.50554485E-01  6.43095598E-02  6.40545622E-04
4.50801162E-01  5.86020201E-02  6.11820840E-04
4.51047838E-01  6.36588335E-02  6.51186099E-04
4.51294515E-01  6.25871047E-02  6.33088115E-04
4.51541191E-01  6.74717128E-02  6.74488780E-04
4.51787868E-01  6.20344803E-02  6.47032633E-04
4.52034544E-01  6.23742305E-02  6.39316684E-04
4.52281220E-01  6.04430772E-02  6.19843660E-04
4.52527897E-01  6.31207004E-02  6.47953188E-04
4.52774573E-01  6.32279888E-02  6.27570262E-04
4.53021250E-01  5.76366149E-02  6.24478911E-04
4.53267926E-01  6.40685782E-02  6.36808283E-04
4.53514603E-01  5.87200858E-02  6.30483963E-04
4.53761279E-01  6.38830215E-02  6.41351275E-04
4.54007955E-01  6.33151978E-02  6.36789482E-04
4.54254632E-01  6.12138584E-02  6.37593563E-04
4.54501308E-01  6.17436543E-02  6.40756800E-04
4.54747985E-01  6.47700951E-02  6.68179186E-04
4.54994661E-01  6.36468455E-02  6.50317874E-04
4.55241337E-01  6.17084950E-02  6.15824305E-04
4.55488014E-01  6.32709265E-02  6.46747241E-04
4.55734690E-01  6.42620996E-02  6.38959697E-04
4.55981367E-01  6.24031052E-02  6.37673307E-04
4.56228043E-01  6.33422583E-02  6.35763223E-04
4.56474720E-01  5.98297752E-02  6.28738489E-04
4.56721396E-01  6.22599646E-02  6.33569842E-04
4.56968072E-01  6.29887655E-02  6.60260499E-04
4.57214749E-01  6.15811422E-02  6.23356202E-04
4.57461425E-01  6.37608245E-02  6.43709034E-04
4.57708102E-01  6.62999526E-02  6.51039474E-04
4.57954778E-01  6.26748875E-02  6.32212439E-04
4.58201455E-01  6.25461787E-02  6.32270821E-04


### HEADER:
#
#{
#    "analysis": {},
#    "calibration_params": {
#        "Beam_Center_X": 1092.0,
#        "Beam_Center_Y": 2091.0,
#        "Detector Tilt": 0.0,
#        "Detector Tilt Plane Rotation": 0.0,
#        "Detector_X_Pixel_Size": 75.0,
#        "Detector_Y_Pixel_Size": 75.0,
#        "Integration Method": "nosplit_csr",
#        "Radial_Average_Method": "pyFAI",
#        "Sample-to-detector distance (mm)": 1731.0,
#        "Wavelength (A)": 1.0993212460550197
#    },
#    "config_file": "/mnt/home/chess_id7a/.RAW/backup.cfg",
#    "counters": {
#        "Epoch": "119.787",
#        "I1": "0",
#        "I2": "0",
#        "I3": "0",
#        "Seconds": "0.5",
#        "Time": "2.00272e-05",
#        "date": "Fri May 17 18:31:51 2024",
#        "diode": "14396"
#    },
#    "filename": "D1M0009_85C_250MPa_up_1_data_000001_00001.h5",
#    "history": {},
#    "imageHeader": {},
#    "load_path": "/nfs/chess/daq/current/id7a/Budin_05_16_24/D1M0009/D1M0009_85C_250MPa_up_1_data_000001.h5",
#    "normalizations": {
#        "Absolute_scale": {
#            "Absolute_scale_factor": 0.01111656324368444,
#            "Method": "Water"
#        },
#        "Counter_norms": [
#            [
#                "/",
#                "diode/150000"
#            ]
#        ],
#        "Polarization": {
#            "Used": false
#        },
#        "Solid_Angle_Correction": "On"
#    },
#    "raw_version": "2.1.4"
#}

