### DATA:
#
# 1823
#      Q             I(Q)           Error     
8.75701299E-03  0.00000000E+00  0.00000000E+00
9.00368942E-03  0.00000000E+00  0.00000000E+00
9.25036584E-03  2.86269002E-03  9.18994076E-04
9.49704226E-03  0.00000000E+00  0.00000000E+00
9.74371868E-03  0.00000000E+00  0.00000000E+00
9.99039511E-03  0.00000000E+00  0.00000000E+00
1.02370715E-02  0.00000000E+00  0.00000000E+00
1.04837480E-02  1.73638761E-03  5.60461369E-04
1.07304244E-02  0.00000000E+00  0.00000000E+00
1.09771008E-02  0.00000000E+00  0.00000000E+00
1.12237772E-02  1.65499572E-03  5.34398947E-04
1.14704536E-02  2.71589099E-03  6.16943347E-04
1.17171301E-02  1.47110806E-03  4.75440349E-04
1.19638065E-02  0.00000000E+00  0.00000000E+00
1.22104829E-02  2.43493868E-03  5.53874706E-04
1.24571593E-02  2.63507962E-01  2.82021407E-02
1.27038358E-02  5.51215768E-01  4.14622277E-02
1.29505122E-02  8.37390482E-01  4.61426750E-02
1.31971886E-02  7.59093046E-01  3.73690203E-02
1.34438650E-02  7.44649649E-01  3.48253027E-02
1.36905414E-02  7.43558586E-01  3.09096482E-02
1.39372179E-02  6.34574652E-01  2.50065550E-02
1.41838943E-02  6.44686699E-01  2.60872040E-02
1.44305707E-02  5.99284887E-01  2.16024816E-02
1.46772471E-02  5.76169133E-01  1.77971348E-02
1.49239236E-02  5.26861668E-01  1.57779921E-02
1.51706000E-02  4.97825086E-01  1.49140377E-02
1.54172764E-02  4.82924610E-01  1.37555432E-02
1.56639528E-02  4.29957986E-01  1.20570576E-02
1.59106292E-02  4.34609652E-01  1.15933893E-02
1.61573057E-02  4.35836315E-01  1.15344869E-02
1.64039821E-02  3.72256547E-01  9.97467525E-03
1.66506585E-02  3.82161021E-01  9.69465729E-03
1.68973349E-02  3.52094352E-01  8.61709658E-03
1.71440114E-02  3.79968941E-01  8.75717681E-03
1.73906878E-02  3.41800451E-01  8.40805750E-03
1.76373642E-02  3.06777507E-01  7.77268456E-03
1.78840406E-02  3.10903817E-01  6.87471684E-03
1.81307170E-02  2.64113992E-01  5.40251704E-03
1.83773935E-02  2.88595676E-01  6.32707682E-03
1.86240699E-02  2.78042108E-01  6.31617568E-03
1.88707463E-02  2.40729183E-01  5.54917520E-03
1.91174227E-02  2.39533514E-01  5.24321012E-03
1.93640992E-02  2.27793813E-01  5.25863701E-03
1.96107756E-02  2.11167306E-01  5.26507851E-03
1.98574520E-02  2.04230964E-01  4.87234583E-03
2.01041284E-02  1.86678588E-01  3.90683347E-03
2.03508048E-02  1.70979276E-01  3.90767772E-03
2.05974813E-02  1.52230904E-01  3.23430379E-03
2.08441577E-02  1.61517888E-01  3.54711269E-03
2.10908341E-02  1.44000411E-01  3.20343440E-03
2.13375105E-02  1.48638561E-01  3.16731725E-03
2.15841870E-02  1.48456737E-01  3.07409326E-03
2.18308634E-02  1.39734805E-01  2.62008305E-03
2.20775398E-02  1.26245901E-01  2.52503320E-03
2.23242162E-02  1.40985221E-01  2.56669451E-03
2.25708926E-02  1.35736555E-01  2.71026744E-03
2.28175691E-02  1.11931384E-01  2.67570047E-03
2.30642455E-02  1.16160795E-01  2.37781345E-03
2.33109219E-02  1.16160855E-01  2.34426023E-03
2.35575983E-02  1.20958030E-01  2.22497247E-03
2.38042748E-02  1.26840606E-01  2.40809028E-03
2.40509512E-02  1.15186237E-01  2.14000116E-03
2.42976276E-02  1.19570196E-01  2.19789194E-03
2.45443040E-02  1.12203136E-01  2.03299010E-03
2.47909804E-02  1.05370425E-01  1.83978851E-03
2.50376569E-02  1.13408804E-01  1.97114144E-03
2.52843333E-02  1.05371974E-01  1.84373080E-03
2.55310097E-02  1.05372034E-01  1.82185997E-03
2.57776861E-02  1.12089969E-01  1.84241077E-03
2.60243626E-02  1.08247533E-01  1.80490885E-03
2.62710390E-02  1.08835332E-01  1.65932695E-03
2.65177154E-02  9.86175314E-02  1.57689594E-03
2.67643918E-02  9.58347321E-02  1.60881807E-03
2.70110682E-02  9.77173820E-02  1.63145049E-03
2.72577447E-02  9.90573615E-02  1.61618087E-03
2.75044211E-02  9.04705226E-02  1.55382371E-03
2.77510975E-02  9.69228745E-02  1.57486496E-03
2.79977739E-02  8.93578827E-02  1.48777117E-03
2.82444504E-02  1.01750970E-01  1.69566460E-03
2.84911268E-02  1.03542767E-01  1.70743221E-03
2.87378032E-02  8.99433419E-02  1.45863427E-03
2.89844796E-02  9.56101865E-02  1.45561784E-03
2.92311561E-02  9.29436088E-02  1.51835126E-03
2.94778325E-02  9.74057913E-02  1.43197679E-03
2.97245089E-02  9.82477963E-02  1.51485379E-03
2.99711853E-02  9.56934467E-02  1.48665626E-03
3.02178617E-02  9.62746441E-02  1.48840190E-03
3.04645382E-02  9.13430452E-02  1.52674550E-03
3.07112146E-02  9.52896252E-02  1.41680287E-03
3.09578910E-02  8.87137204E-02  1.26579416E-03
3.12045674E-02  8.89112204E-02  1.35489833E-03
3.14512439E-02  9.41545963E-02  1.40061986E-03
3.16979203E-02  9.05578434E-02  1.35366991E-03
3.19445967E-02  8.85277838E-02  1.35103008E-03
3.21912731E-02  9.59754735E-02  1.40853564E-03
3.24379495E-02  9.50001776E-02  1.34712458E-03
3.26846260E-02  9.10376459E-02  1.35667820E-03
3.29313024E-02  9.09279212E-02  1.30447943E-03
3.31779788E-02  9.23444033E-02  1.36355136E-03
3.34246552E-02  9.04141590E-02  1.39567861E-03
3.36713317E-02  9.14296731E-02  1.30746677E-03
3.39180081E-02  9.57150906E-02  1.37706322E-03
3.41646845E-02  9.94771868E-02  1.34180952E-03
3.44113609E-02  9.79002565E-02  1.35563884E-03
3.46580373E-02  9.31409001E-02  1.39845500E-03
3.49047138E-02  9.36619043E-02  1.37492933E-03
3.51513902E-02  9.18498859E-02  1.40171207E-03
3.53980666E-02  9.20392126E-02  1.32603280E-03
3.56447430E-02  1.00646622E-01  1.38687994E-03
3.58914195E-02  8.96977484E-02  1.27030502E-03
3.61380959E-02  9.23808888E-02  1.30602648E-03
3.63847723E-02  9.45104361E-02  1.28905475E-03
3.66314487E-02  9.09693614E-02  1.38510426E-03
3.68781251E-02  9.11852494E-02  1.23991352E-03
3.71248016E-02  9.55828875E-02  1.42441294E-03
3.73714780E-02  9.00454596E-02  1.31261663E-03
3.76181544E-02  9.38347653E-02  1.31032418E-03
3.78648308E-02  9.71690789E-02  1.33548083E-03
3.81115073E-02  9.99019369E-02  1.38848776E-03
3.83581837E-02  9.41186547E-02  1.30057684E-03
3.86048601E-02  9.65466201E-02  1.28803868E-03
3.88515365E-02  9.32760015E-02  1.27337256E-03
3.90982129E-02  9.82998312E-02  1.32586993E-03
3.93448894E-02  9.81354788E-02  1.28530536E-03
3.95915658E-02  9.92962047E-02  1.30892149E-03
3.98382422E-02  9.13381055E-02  1.18739577E-03
4.00849186E-02  1.03266276E-01  1.36231352E-03
4.03315951E-02  1.00275427E-01  1.37560454E-03
4.05782715E-02  1.06402129E-01  1.32889615E-03
4.08249479E-02  9.35877413E-02  1.25613180E-03
4.10716243E-02  1.10478267E-01  1.38539786E-03
4.13183007E-02  1.05765939E-01  1.35524885E-03
4.15649772E-02  1.02901012E-01  1.26401370E-03
4.18116536E-02  1.02386430E-01  1.28171337E-03
4.20583300E-02  1.06247254E-01  1.32573128E-03
4.23050064E-02  1.13751136E-01  1.34762994E-03
4.25516829E-02  1.12242542E-01  1.41048362E-03
4.27983593E-02  1.12898961E-01  1.30023842E-03
4.30450357E-02  1.15310326E-01  1.38299970E-03
4.32917121E-02  1.20770678E-01  1.39414158E-03
4.35383885E-02  1.17022686E-01  1.37376483E-03
4.37850650E-02  1.10680647E-01  1.34767743E-03
4.40317414E-02  1.15504831E-01  1.36394880E-03
4.42784178E-02  1.21840671E-01  1.39262469E-03
4.45250942E-02  1.20974585E-01  1.37873646E-03
4.47717707E-02  1.30749002E-01  1.42530166E-03
4.50184471E-02  1.25109524E-01  1.37238542E-03
4.52651235E-02  1.30396783E-01  1.40037842E-03
4.55117999E-02  1.28166795E-01  1.45146030E-03
4.57584764E-02  1.29796535E-01  1.42688619E-03
4.60051528E-02  1.31074995E-01  1.42096647E-03
4.62518292E-02  1.32006735E-01  1.44285697E-03
4.64985056E-02  1.42183617E-01  1.47521787E-03
4.67451820E-02  1.38748914E-01  1.41988276E-03
4.69918585E-02  1.40613571E-01  1.48248312E-03
4.72385349E-02  1.52353451E-01  1.58566481E-03
4.74852113E-02  1.48941472E-01  1.48641085E-03
4.77318877E-02  1.53392419E-01  1.48666417E-03
4.79785642E-02  1.58895463E-01  1.60795508E-03
4.82252406E-02  1.53774500E-01  1.63821515E-03
4.84719170E-02  1.55861333E-01  1.57402572E-03
4.87185934E-02  1.72191218E-01  1.73822220E-03
4.89652698E-02  1.82831764E-01  1.81868719E-03
4.92119463E-02  1.81737229E-01  1.68402866E-03
4.94586227E-02  1.81502134E-01  1.78165548E-03
4.97052991E-02  1.94366530E-01  1.89833075E-03
4.99519755E-02  2.04206496E-01  2.03674799E-03
5.01986520E-02  2.01283157E-01  1.99007825E-03
5.04453284E-02  2.14013875E-01  2.08262075E-03
5.06920048E-02  2.24580422E-01  2.08899239E-03
5.09386812E-02  2.32913122E-01  2.20533810E-03
5.11853576E-02  2.37368315E-01  2.26500840E-03
5.14320341E-02  2.46913046E-01  2.26890505E-03
5.16787105E-02  2.67333120E-01  2.62036500E-03
5.19253869E-02  2.71483302E-01  2.55526928E-03
5.21720633E-02  2.86274403E-01  3.01416335E-03
5.24187398E-02  3.09233218E-01  2.92919413E-03
5.26654162E-02  3.07500601E-01  2.92720716E-03
5.29120926E-02  3.39511096E-01  3.51028889E-03
5.31587690E-02  3.51291120E-01  3.69195221E-03
5.34054454E-02  3.76313061E-01  3.73851741E-03
5.36521219E-02  3.91452968E-01  3.80855985E-03
5.38987983E-02  3.95991623E-01  4.10844060E-03
5.41454747E-02  4.56298172E-01  4.72780271E-03
5.43921511E-02  4.58021075E-01  4.43940889E-03
5.46388276E-02  4.93013829E-01  4.89615602E-03
5.48855040E-02  5.17096221E-01  5.09933475E-03
5.51321804E-02  5.38296461E-01  5.13690803E-03
5.53788568E-02  5.71629345E-01  5.54105872E-03
5.56255332E-02  5.91080070E-01  5.69701800E-03
5.58722097E-02  6.38995647E-01  5.85275609E-03
5.61188861E-02  6.67474031E-01  6.25351630E-03
5.63655625E-02  7.11310625E-01  6.26140321E-03
5.66122389E-02  7.61990786E-01  6.54520886E-03
5.68589154E-02  7.57246852E-01  6.25080941E-03
5.71055918E-02  8.20525944E-01  6.73578121E-03
5.73522682E-02  8.60169172E-01  6.70598680E-03
5.75989446E-02  9.07233953E-01  6.78033242E-03
5.78456210E-02  9.13859546E-01  6.63574133E-03
5.80922975E-02  9.55545545E-01  6.49736961E-03
5.83389739E-02  1.00435865E+00  6.75259950E-03
5.85856503E-02  1.02380836E+00  6.46828674E-03
5.88323267E-02  1.08257496E+00  6.61057467E-03
5.90790032E-02  1.12332225E+00  6.37391768E-03
5.93256796E-02  1.14994884E+00  6.01408305E-03
5.95723560E-02  1.18462634E+00  6.06308039E-03
5.98190324E-02  1.18704712E+00  5.81375370E-03
6.00657088E-02  1.21606207E+00  5.74283767E-03
6.03123853E-02  1.26197946E+00  5.42103266E-03
6.05590617E-02  1.29746068E+00  5.32062724E-03
6.08057381E-02  1.30569530E+00  5.07893693E-03
6.10524145E-02  1.34467554E+00  5.20217512E-03
6.12990910E-02  1.34378028E+00  5.32642892E-03
6.15457674E-02  1.36507428E+00  5.30923530E-03
6.17924438E-02  1.37707341E+00  5.47320582E-03
6.20391202E-02  1.39157987E+00  5.79110347E-03
6.22857966E-02  1.41243184E+00  5.79720223E-03
6.25324731E-02  1.41425133E+00  6.18829019E-03
6.27791495E-02  1.44222808E+00  6.40155841E-03
6.30258259E-02  1.42546952E+00  7.02953199E-03
6.32725023E-02  1.40972853E+00  7.30757928E-03
6.35191788E-02  1.42497993E+00  7.57017126E-03
6.37658552E-02  1.40703630E+00  8.13038927E-03
6.40125316E-02  1.42295647E+00  8.13865196E-03
6.42592080E-02  1.38736808E+00  8.46353546E-03
6.45058845E-02  1.36253130E+00  8.49020574E-03
6.47525609E-02  1.31812561E+00  8.62598792E-03
6.49992373E-02  1.29505372E+00  9.05158743E-03
6.52459137E-02  1.28539586E+00  9.07084439E-03
6.54925901E-02  1.20642960E+00  8.99730995E-03
6.57392666E-02  1.19616044E+00  9.14318301E-03
6.59859430E-02  1.16337526E+00  9.19553638E-03
6.62326194E-02  1.08163893E+00  8.80168471E-03
6.64792958E-02  1.03689778E+00  8.59741401E-03
6.67259723E-02  9.88852441E-01  8.43037385E-03
6.69726487E-02  9.28097725E-01  7.96135329E-03
6.72193251E-02  8.59445751E-01  7.60437222E-03
6.74660015E-02  7.96103239E-01  6.95056468E-03
6.77126779E-02  7.27270663E-01  6.31436566E-03
6.79593544E-02  6.74702883E-01  5.97423967E-03
6.82060308E-02  6.03722811E-01  5.23760635E-03
6.84527072E-02  5.77864945E-01  5.02986833E-03
6.86993836E-02  5.09324670E-01  4.42895899E-03
6.89460601E-02  4.81592387E-01  4.08107182E-03
6.91927365E-02  4.21113074E-01  3.56702646E-03
6.94394129E-02  3.99604350E-01  3.32929753E-03
6.96860893E-02  3.53713751E-01  2.92870193E-03
6.99327657E-02  3.28371823E-01  2.53664516E-03
7.01794422E-02  3.12925398E-01  2.36441707E-03
7.04261186E-02  2.89716005E-01  2.35780142E-03
7.06727950E-02  2.72368312E-01  2.05357675E-03
7.09194714E-02  2.56874025E-01  1.96167780E-03
7.11661479E-02  2.48902783E-01  1.81321299E-03
7.14128243E-02  2.41969436E-01  1.78774481E-03
7.16595007E-02  2.24255189E-01  1.70186698E-03
7.19061771E-02  2.18717158E-01  1.74668129E-03
7.21528535E-02  2.06515610E-01  1.56955735E-03
7.23995300E-02  2.05041453E-01  1.50682556E-03
7.26462064E-02  1.92407787E-01  1.54573296E-03
7.28928828E-02  1.91781387E-01  1.48254668E-03
7.31395592E-02  1.87986210E-01  1.35245943E-03
7.33862357E-02  1.90521821E-01  1.45091885E-03
7.36329121E-02  1.78481191E-01  1.40345073E-03
7.38795885E-02  1.80887654E-01  1.39501342E-03
7.41262649E-02  1.73048198E-01  1.35747204E-03
7.43729413E-02  1.76479936E-01  1.35224056E-03
7.46196178E-02  1.68324828E-01  1.31998817E-03
7.48662942E-02  1.70813456E-01  1.32266455E-03
7.51129706E-02  1.71029434E-01  1.32249668E-03
7.53596470E-02  1.69362202E-01  1.26806053E-03
7.56063235E-02  1.67709693E-01  1.32273720E-03
7.58529999E-02  1.65004447E-01  1.32064277E-03
7.60996763E-02  1.59722835E-01  1.24763395E-03
7.63463527E-02  1.56821787E-01  1.26690487E-03
7.65930291E-02  1.59857407E-01  1.26450940E-03
7.68397056E-02  1.56077832E-01  1.24964397E-03
7.70863820E-02  1.53957218E-01  1.23473641E-03
7.73330584E-02  1.54030234E-01  1.20554806E-03
7.75797348E-02  1.51899666E-01  1.22229964E-03
7.78264113E-02  1.48737296E-01  1.23738893E-03
7.80730877E-02  1.49291441E-01  1.20116549E-03
7.83197641E-02  1.48462281E-01  1.25178497E-03
7.85664405E-02  1.47515938E-01  1.20920106E-03
7.88131169E-02  1.53379589E-01  1.24288187E-03
7.90597934E-02  1.53223589E-01  1.18343020E-03
7.93064698E-02  1.50574759E-01  1.19747396E-03
7.95531462E-02  1.50025055E-01  1.18777389E-03
7.97998226E-02  1.50110796E-01  1.17335515E-03
8.00464991E-02  1.46186948E-01  1.19908049E-03
8.02931755E-02  1.52988434E-01  1.21047860E-03
8.05398519E-02  1.46581784E-01  1.17831607E-03
8.07865283E-02  1.52281925E-01  1.21293252E-03
8.10332047E-02  1.50628135E-01  1.19976141E-03
8.12798812E-02  1.50276840E-01  1.27324159E-03
8.15265576E-02  1.43994421E-01  1.14942843E-03
8.17732340E-02  1.47684559E-01  1.20681827E-03
8.20199104E-02  1.43684477E-01  1.14872132E-03
8.22665869E-02  1.47496626E-01  1.16112712E-03
8.25132633E-02  1.52162507E-01  1.22339022E-03
8.27599397E-02  1.48508534E-01  1.14322465E-03
8.30066161E-02  1.48601919E-01  1.21366291E-03
8.32532926E-02  1.51436746E-01  1.13197661E-03
8.34999690E-02  1.45809397E-01  1.19000231E-03
8.37466454E-02  1.47517443E-01  1.17585098E-03
8.39933218E-02  1.47181109E-01  1.15343835E-03
8.42399982E-02  1.44965857E-01  1.13843835E-03
8.44866747E-02  1.47687927E-01  1.16352038E-03
8.47333511E-02  1.49781704E-01  1.15780917E-03
8.49800275E-02  1.52577609E-01  1.19604799E-03
8.52267039E-02  1.53714538E-01  1.13019266E-03
8.54733804E-02  1.52578205E-01  1.16643147E-03
8.57200568E-02  1.56332433E-01  1.21706259E-03
8.59667332E-02  1.53639287E-01  1.18366862E-03
8.62134096E-02  1.66380912E-01  1.25012547E-03
8.64600860E-02  1.53665423E-01  1.19669351E-03
8.67067625E-02  1.54724807E-01  1.16236019E-03
8.69534389E-02  1.57461062E-01  1.22465787E-03
8.72001153E-02  1.62783176E-01  1.18338515E-03
8.74467917E-02  1.52201042E-01  1.16633368E-03
8.76934682E-02  1.56547621E-01  1.16621878E-03
8.79401446E-02  1.66328445E-01  1.28474017E-03
8.81868210E-02  1.63874447E-01  1.18811300E-03
8.84334974E-02  1.69765607E-01  1.18078955E-03
8.86801738E-02  1.62374079E-01  1.14612922E-03
8.89268503E-02  1.71951637E-01  1.24581065E-03
8.91735267E-02  1.71936348E-01  1.27942255E-03
8.94202031E-02  1.72709078E-01  1.25152525E-03
8.96668795E-02  1.75929055E-01  1.20715122E-03
8.99135560E-02  1.73311859E-01  1.21609820E-03
9.01602324E-02  1.79146588E-01  1.28449209E-03
9.04069088E-02  1.80348635E-01  1.27672486E-03
9.06535852E-02  1.72336236E-01  1.19930785E-03
9.09002616E-02  1.86478510E-01  1.25896232E-03
9.11469381E-02  1.83305860E-01  1.27470226E-03
9.13936145E-02  1.89350143E-01  1.34074583E-03
9.16402909E-02  1.85248643E-01  1.26001309E-03
9.18869673E-02  1.94219932E-01  1.28685555E-03
9.21336438E-02  1.88760072E-01  1.33839680E-03
9.23803202E-02  1.91719264E-01  1.29565224E-03
9.26269966E-02  2.00612649E-01  1.37459300E-03
9.28736730E-02  2.11444125E-01  1.38059328E-03
9.31203494E-02  2.08313003E-01  1.37011812E-03
9.33670259E-02  2.13395864E-01  1.41083729E-03
9.36137023E-02  2.21913934E-01  1.39152072E-03
9.38603787E-02  2.26766557E-01  1.45671901E-03
9.41070551E-02  2.23600224E-01  1.45545555E-03
9.43537316E-02  2.31450498E-01  1.47083483E-03
9.46004080E-02  2.30113506E-01  1.49787671E-03
9.48470844E-02  2.45375559E-01  1.47358666E-03
9.50937608E-02  2.40825236E-01  1.51089486E-03
9.53404372E-02  2.51576453E-01  1.49764528E-03
9.55871137E-02  2.56283969E-01  1.64400355E-03
9.58337901E-02  2.67060041E-01  1.65372400E-03
9.60804665E-02  2.70382911E-01  1.56869600E-03
9.63271429E-02  2.90827960E-01  1.64559542E-03
9.65738194E-02  2.89099604E-01  1.67870929E-03
9.68204958E-02  2.92849362E-01  1.70536386E-03
9.70671722E-02  2.99287468E-01  1.62660761E-03
9.73138486E-02  3.07826102E-01  1.76933850E-03
9.75605250E-02  3.16880345E-01  1.67639041E-03
9.78072015E-02  3.20997626E-01  1.70113158E-03
9.80538779E-02  3.28102887E-01  1.74848503E-03
9.83005543E-02  3.48827362E-01  1.79775420E-03
9.85472307E-02  3.49423110E-01  1.85365195E-03
9.87939072E-02  3.59599233E-01  1.84987322E-03
9.90405836E-02  3.65229815E-01  1.78438472E-03
9.92872600E-02  3.73198241E-01  1.88868516E-03
9.95339364E-02  3.85458887E-01  1.90997322E-03
9.97806128E-02  3.92743617E-01  1.83745043E-03
1.00027289E-01  4.07040060E-01  1.87011005E-03
1.00273966E-01  4.17521387E-01  1.94651529E-03
1.00520642E-01  4.33278978E-01  1.97618082E-03
1.00767319E-01  4.37874079E-01  2.00651516E-03
1.01013995E-01  4.39796597E-01  1.93062495E-03
1.01260671E-01  4.47515786E-01  1.97520596E-03
1.01507348E-01  4.62096572E-01  1.96774327E-03
1.01754024E-01  4.82901782E-01  2.05918704E-03
1.02000701E-01  4.91708189E-01  2.03209347E-03
1.02247377E-01  5.03602445E-01  2.01298646E-03
1.02494053E-01  5.10596812E-01  2.03770818E-03
1.02740730E-01  5.16799569E-01  2.04758951E-03
1.02987406E-01  5.17524302E-01  1.98822538E-03
1.03234083E-01  5.34793794E-01  2.03681341E-03
1.03480759E-01  5.30000508E-01  2.07468914E-03
1.03727436E-01  5.50817847E-01  2.09220941E-03
1.03974112E-01  5.50691187E-01  2.11711205E-03
1.04220788E-01  5.56371450E-01  2.06055189E-03
1.04467465E-01  5.66606581E-01  2.12481036E-03
1.04714141E-01  5.78616858E-01  2.09614704E-03
1.04960818E-01  5.82814276E-01  2.11074715E-03
1.05207494E-01  5.66210628E-01  2.12718057E-03
1.05454171E-01  5.80668032E-01  2.19460786E-03
1.05700847E-01  5.73660314E-01  2.20348476E-03
1.05947523E-01  5.70890665E-01  2.14091572E-03
1.06194200E-01  5.97256660E-01  2.29482492E-03
1.06440876E-01  5.74453890E-01  2.24346388E-03
1.06687553E-01  5.80510139E-01  2.15090811E-03
1.06934229E-01  5.71090043E-01  2.23895418E-03
1.07180906E-01  5.73761463E-01  2.30470859E-03
1.07427582E-01  5.74061871E-01  2.26270175E-03
1.07674258E-01  5.65346062E-01  2.35319021E-03
1.07920935E-01  5.71589053E-01  2.29697744E-03
1.08167611E-01  5.59631526E-01  2.33582454E-03
1.08414288E-01  5.50019145E-01  2.26739026E-03
1.08660964E-01  5.45012057E-01  2.30568787E-03
1.08907640E-01  5.28567612E-01  2.37685931E-03
1.09154317E-01  5.20545304E-01  2.39533815E-03
1.09400993E-01  5.19198000E-01  2.43336684E-03
1.09647670E-01  4.97225791E-01  2.42477283E-03
1.09894346E-01  4.90736395E-01  2.35933252E-03
1.10141023E-01  4.72508132E-01  2.37158453E-03
1.10387699E-01  4.64096427E-01  2.37216847E-03
1.10634375E-01  4.45622057E-01  2.33840849E-03
1.10881052E-01  4.42749292E-01  2.38560210E-03
1.11127728E-01  4.24973547E-01  2.20583822E-03
1.11374405E-01  4.14261580E-01  2.24540173E-03
1.11621081E-01  3.83738101E-01  2.07031518E-03
1.11867758E-01  3.78806889E-01  2.13806680E-03
1.12114434E-01  3.68522286E-01  2.10391544E-03
1.12361110E-01  3.63666445E-01  2.02060887E-03
1.12607787E-01  3.52494389E-01  2.00641574E-03
1.12854463E-01  3.36669207E-01  1.86081696E-03
1.13101140E-01  3.24244767E-01  1.87825004E-03
1.13347816E-01  3.21911246E-01  1.86121149E-03
1.13594493E-01  3.07894289E-01  1.70480087E-03
1.13841169E-01  3.10825825E-01  1.79087918E-03
1.14087845E-01  2.91049033E-01  1.71304902E-03
1.14334522E-01  2.88544387E-01  1.69227913E-03
1.14581198E-01  2.77939975E-01  1.60262955E-03
1.14827875E-01  2.74858594E-01  1.51467498E-03
1.15074551E-01  2.71904379E-01  1.56715151E-03
1.15321227E-01  2.76646554E-01  1.52909162E-03
1.15567904E-01  2.71030515E-01  1.54216529E-03
1.15814580E-01  2.62058377E-01  1.51587115E-03
1.16061257E-01  2.59621322E-01  1.48131559E-03
1.16307933E-01  2.72876769E-01  1.63234340E-03
1.16554610E-01  2.58931994E-01  1.49041601E-03
1.16801286E-01  2.60184318E-01  1.58359006E-03
1.17047962E-01  2.66552538E-01  1.49804424E-03
1.17294639E-01  2.59850293E-01  1.52990292E-03
1.17541315E-01  2.59236842E-01  1.49346003E-03
1.17787992E-01  2.61795282E-01  1.51327939E-03
1.18034668E-01  2.56876647E-01  1.43492478E-03
1.18281345E-01  2.63386071E-01  1.51173980E-03
1.18528021E-01  2.63641864E-01  1.42770680E-03
1.18774697E-01  2.59184688E-01  1.41495885E-03
1.19021374E-01  2.64239937E-01  1.41693233E-03
1.19268050E-01  2.61271715E-01  1.43699977E-03
1.19514727E-01  2.62888104E-01  1.46731792E-03
1.19761403E-01  2.58334041E-01  1.40293234E-03
1.20008079E-01  2.70481378E-01  1.48391130E-03
1.20254756E-01  2.62351632E-01  1.44112820E-03
1.20501432E-01  2.73585588E-01  1.47334405E-03
1.20748109E-01  2.69139290E-01  1.36037159E-03
1.20994785E-01  2.67160863E-01  1.44462497E-03
1.21241462E-01  2.71923810E-01  1.45492994E-03
1.21488138E-01  2.74457663E-01  1.45199557E-03
1.21734814E-01  2.58604020E-01  1.41671975E-03
1.21981491E-01  2.64943480E-01  1.41738926E-03
1.22228167E-01  2.59909719E-01  1.45391270E-03
1.22474844E-01  2.61238098E-01  1.35310693E-03
1.22721520E-01  2.62732655E-01  1.39396300E-03
1.22968197E-01  2.65585154E-01  1.45871413E-03
1.23214873E-01  2.62926698E-01  1.43159286E-03
1.23461549E-01  2.59503216E-01  1.39435870E-03
1.23708226E-01  2.63483703E-01  1.41824607E-03
1.23954902E-01  2.59892195E-01  1.44156127E-03
1.24201579E-01  2.53726602E-01  1.41055090E-03
1.24448255E-01  2.55905867E-01  1.40869955E-03
1.24694932E-01  2.50916511E-01  1.34352525E-03
1.24941608E-01  2.46204168E-01  1.37811014E-03
1.25188284E-01  2.50912517E-01  1.41810067E-03
1.25434961E-01  2.48039573E-01  1.41004333E-03
1.25681637E-01  2.41012201E-01  1.36399479E-03
1.25928314E-01  2.39918873E-01  1.40334829E-03
1.26174990E-01  2.29021236E-01  1.37497706E-03
1.26421666E-01  2.34451309E-01  1.34782889E-03
1.26668343E-01  2.25559279E-01  1.36508560E-03
1.26915019E-01  2.24760115E-01  1.31493853E-03
1.27161696E-01  2.26985857E-01  1.33590878E-03
1.27408372E-01  2.21475706E-01  1.33814232E-03
1.27655049E-01  2.15857461E-01  1.39131863E-03
1.27901725E-01  2.06953034E-01  1.27191737E-03
1.28148401E-01  2.12997407E-01  1.29764189E-03
1.28395078E-01  2.05705568E-01  1.30596047E-03
1.28641754E-01  2.00876266E-01  1.21945399E-03
1.28888431E-01  1.93078473E-01  1.25647616E-03
1.29135107E-01  1.87554076E-01  1.21677388E-03
1.29381784E-01  1.86701909E-01  1.19730725E-03
1.29628460E-01  1.81650802E-01  1.16345554E-03
1.29875136E-01  1.84207395E-01  1.20447739E-03
1.30121813E-01  1.72670349E-01  1.15477270E-03
1.30368489E-01  1.72035739E-01  1.11961365E-03
1.30615166E-01  1.70914635E-01  1.13331911E-03
1.30861842E-01  1.61505863E-01  1.08534342E-03
1.31108518E-01  1.65211499E-01  1.10940204E-03
1.31355195E-01  1.57337070E-01  1.07742404E-03
1.31601871E-01  1.52837723E-01  1.02932320E-03
1.31848548E-01  1.48816600E-01  1.02768710E-03
1.32095224E-01  1.55839354E-01  1.03909080E-03
1.32341901E-01  1.44176066E-01  1.01486885E-03
1.32588577E-01  1.46741733E-01  1.01371040E-03
1.32835253E-01  1.46708369E-01  9.97276627E-04
1.33081930E-01  1.44673496E-01  9.82182799E-04
1.33328606E-01  1.38309672E-01  9.50407470E-04
1.33575283E-01  1.34985521E-01  9.84454993E-04
1.33821959E-01  1.39980242E-01  9.74450319E-04
1.34068636E-01  1.38150513E-01  9.66215157E-04
1.34315312E-01  1.35575593E-01  9.41544829E-04
1.34561988E-01  1.32228762E-01  9.34339361E-04
1.34808665E-01  1.37084082E-01  9.79892327E-04
1.35055341E-01  1.32709339E-01  9.14416916E-04
1.35302018E-01  1.30845115E-01  9.56114731E-04
1.35548694E-01  1.30737573E-01  9.34251875E-04
1.35795371E-01  1.26599610E-01  9.26611596E-04
1.36042047E-01  1.27757758E-01  9.06970759E-04
1.36288723E-01  1.29423782E-01  9.42098035E-04
1.36535400E-01  1.25100195E-01  9.03801352E-04
1.36782076E-01  1.29101485E-01  9.26579814E-04
1.37028753E-01  1.19621567E-01  8.55411694E-04
1.37275429E-01  1.22670554E-01  9.05141758E-04
1.37522105E-01  1.21215932E-01  8.71469616E-04
1.37768782E-01  1.16049513E-01  8.81491636E-04
1.38015458E-01  1.24356516E-01  8.93522461E-04
1.38262135E-01  1.21593349E-01  8.75178259E-04
1.38508811E-01  1.19479254E-01  8.73450248E-04
1.38755488E-01  1.21424094E-01  8.63063848E-04
1.39002164E-01  1.20044291E-01  8.91911041E-04
1.39248840E-01  1.20617673E-01  8.69294978E-04
1.39495517E-01  1.21073604E-01  8.55203427E-04
1.39742193E-01  1.16053134E-01  8.67800263E-04
1.39988870E-01  1.23298809E-01  8.55951046E-04
1.40235546E-01  1.17358699E-01  8.54503945E-04
1.40482223E-01  1.19319022E-01  8.37562897E-04
1.40728899E-01  1.19757161E-01  8.54563026E-04
1.40975575E-01  1.15166545E-01  8.54622107E-04
1.41222252E-01  1.24786817E-01  8.71296274E-04
1.41468928E-01  1.15527071E-01  8.07885604E-04
1.41715605E-01  1.17148913E-01  8.85021291E-04
1.41962281E-01  1.19037896E-01  8.37202067E-04
1.42208957E-01  1.20461009E-01  8.57801235E-04
1.42455634E-01  1.22815058E-01  8.47165182E-04
1.42702310E-01  1.19046122E-01  8.43420275E-04
1.42948987E-01  1.18382581E-01  8.40258494E-04
1.43195663E-01  1.17120050E-01  8.50831741E-04
1.43442340E-01  1.19782746E-01  8.46906507E-04
1.43689016E-01  1.21448033E-01  8.71286669E-04
1.43935692E-01  1.21544905E-01  8.39058310E-04
1.44182369E-01  1.20625995E-01  8.36105435E-04
1.44429045E-01  1.21704161E-01  8.57094186E-04
1.44675722E-01  1.22076079E-01  8.44424882E-04
1.44922398E-01  1.18285418E-01  8.28071905E-04
1.45169075E-01  1.23944111E-01  8.39666987E-04
1.45415751E-01  1.17134489E-01  8.56683822E-04
1.45662427E-01  1.17777638E-01  8.07030941E-04
1.45909104E-01  1.20024674E-01  8.41856236E-04
1.46155780E-01  1.22396410E-01  8.41651286E-04
1.46402457E-01  1.22616410E-01  8.68397590E-04
1.46649133E-01  1.29715309E-01  8.79637664E-04
1.46895810E-01  1.29310071E-01  8.88787617E-04
1.47142486E-01  1.23294689E-01  8.37670697E-04
1.47389162E-01  1.27050385E-01  8.77577695E-04
1.47635839E-01  1.24547333E-01  8.63114139E-04
1.47882515E-01  1.20787181E-01  8.11258447E-04
1.48129192E-01  1.25420213E-01  8.53134901E-04
1.48375868E-01  1.30070016E-01  8.97405029E-04
1.48622544E-01  1.28515393E-01  8.61407316E-04
1.48869221E-01  1.28625587E-01  8.59566440E-04
1.49115897E-01  1.27310395E-01  8.52420111E-04
1.49362574E-01  1.25821009E-01  8.51384713E-04
1.49609250E-01  1.29082412E-01  8.74401128E-04
1.49855927E-01  1.29836351E-01  8.58485815E-04
1.50102603E-01  1.28152236E-01  8.49051634E-04
1.50349279E-01  1.27804473E-01  8.68483621E-04
1.50595956E-01  1.28911570E-01  8.70618038E-04
1.50842632E-01  1.33044183E-01  8.77636194E-04
1.51089309E-01  1.37021974E-01  8.89458694E-04
1.51335985E-01  1.37432992E-01  8.65812646E-04
1.51582662E-01  1.40768066E-01  8.91158765E-04
1.51829338E-01  1.34888962E-01  8.88844079E-04
1.52076014E-01  1.37740090E-01  8.77173501E-04
1.52322691E-01  1.36852160E-01  8.80039297E-04
1.52569367E-01  1.43287033E-01  9.06864414E-04
1.52816044E-01  1.35379657E-01  8.81396467E-04
1.53062720E-01  1.36680409E-01  8.51625751E-04
1.53309397E-01  1.41360059E-01  8.75275175E-04
1.53556073E-01  1.46207199E-01  9.03954322E-04
1.53802749E-01  1.40558273E-01  8.80662526E-04
1.54049426E-01  1.45817891E-01  9.03757056E-04
1.54296102E-01  1.48291498E-01  9.17027937E-04
1.54542779E-01  1.41181916E-01  8.90478492E-04
1.54789455E-01  1.43275738E-01  9.13538912E-04
1.55036131E-01  1.46839872E-01  9.14732576E-04
1.55282808E-01  1.44503295E-01  8.96683312E-04
1.55529484E-01  1.41435146E-01  9.02398373E-04
1.55776161E-01  1.42366782E-01  9.34027485E-04
1.56022837E-01  1.47909939E-01  9.15826939E-04
1.56269514E-01  1.47150487E-01  8.68698233E-04
1.56516190E-01  1.46408811E-01  9.02981090E-04
1.56762866E-01  1.45426050E-01  9.21229832E-04
1.57009543E-01  1.47390664E-01  8.95095349E-04
1.57256219E-01  1.42295435E-01  8.86938535E-04
1.57502896E-01  1.45578384E-01  8.87136150E-04
1.57749572E-01  1.48068056E-01  9.03706299E-04
1.57996249E-01  1.46417007E-01  9.16128978E-04
1.58242925E-01  1.45111516E-01  9.31595860E-04
1.58489601E-01  1.43733561E-01  9.06876114E-04
1.58736278E-01  1.44682765E-01  9.05733672E-04
1.58982954E-01  1.38921410E-01  8.66689312E-04
1.59229631E-01  1.39076442E-01  8.66163929E-04
1.59476307E-01  1.40820414E-01  8.90686293E-04
1.59722983E-01  1.42210707E-01  8.88900482E-04
1.59969660E-01  1.39531150E-01  8.85432819E-04
1.60216336E-01  1.43811077E-01  8.88733601E-04
1.60463013E-01  1.42665610E-01  8.91813892E-04
1.60709689E-01  1.40807033E-01  8.64557165E-04
1.60956366E-01  1.39812380E-01  8.68714473E-04
1.61203042E-01  1.37443423E-01  8.74246820E-04
1.61449718E-01  1.38490215E-01  8.85302608E-04
1.61696395E-01  1.37657329E-01  8.42412934E-04
1.61943071E-01  1.41278252E-01  8.73369630E-04
1.62189748E-01  1.37315512E-01  8.73655430E-04
1.62436424E-01  1.33625045E-01  8.71132244E-04
1.62683101E-01  1.34357765E-01  8.69836251E-04
1.62929777E-01  1.35103360E-01  8.53798178E-04
1.63176453E-01  1.37233600E-01  8.71993776E-04
1.63423130E-01  1.31167337E-01  8.50945886E-04
1.63669806E-01  1.28625154E-01  8.49569857E-04
1.63916483E-01  1.33121178E-01  8.39569140E-04
1.64163159E-01  1.26057878E-01  8.44636001E-04
1.64409836E-01  1.27220407E-01  8.44651833E-04
1.64656512E-01  1.23768084E-01  8.43611488E-04
1.64903188E-01  1.25712991E-01  8.45927105E-04
1.65149865E-01  1.22221000E-01  7.78120360E-04
1.65396541E-01  1.20136179E-01  8.00131646E-04
1.65643218E-01  1.18066251E-01  8.11165315E-04
1.65889894E-01  1.12180129E-01  7.65008386E-04
1.66136570E-01  1.15930274E-01  7.91554048E-04
1.66383247E-01  1.17644995E-01  7.81738374E-04
1.66629923E-01  1.13979854E-01  7.93901214E-04
1.66876600E-01  1.10334679E-01  7.94411579E-04
1.67123276E-01  1.10230461E-01  7.59093498E-04
1.67369953E-01  1.10373117E-01  7.64491211E-04
1.67616629E-01  1.08863376E-01  7.47817743E-04
1.67863305E-01  1.06354743E-01  7.53257598E-04
1.68109982E-01  1.07796103E-01  7.53880711E-04
1.68356658E-01  1.06251240E-01  7.39402662E-04
1.68603335E-01  1.00628771E-01  7.32718268E-04
1.68850011E-01  1.07080020E-01  7.49335624E-04
1.69096688E-01  1.04177654E-01  7.52412423E-04
1.69343364E-01  1.03424005E-01  7.33002322E-04
1.69590040E-01  9.78818908E-02  7.14948867E-04
1.69836717E-01  9.87938344E-02  7.07850442E-04
1.70083393E-01  9.72576737E-02  6.92404341E-04
1.70330070E-01  9.72580537E-02  7.01911747E-04
1.70576746E-01  9.48684067E-02  6.96189061E-04
1.70823422E-01  9.77246836E-02  7.14588910E-04
1.71070099E-01  9.14578214E-02  7.08968088E-04
1.71316775E-01  9.14114863E-02  6.64196734E-04
1.71563452E-01  8.66120011E-02  6.83430524E-04
1.71810128E-01  9.13779140E-02  6.60512655E-04
1.72056805E-01  8.87802765E-02  6.44359738E-04
1.72303481E-01  8.53235871E-02  6.76347001E-04
1.72550157E-01  8.71156827E-02  6.57959376E-04
1.72796834E-01  8.78459886E-02  6.86644635E-04
1.73043510E-01  8.80973488E-02  6.63706975E-04
1.73290187E-01  8.49879012E-02  6.72201393E-04
1.73536863E-01  8.62574130E-02  6.70691486E-04
1.73783540E-01  8.68591741E-02  6.68989436E-04
1.74030216E-01  8.33553597E-02  6.55145210E-04
1.74276892E-01  8.77441764E-02  6.64485735E-04
1.74523569E-01  8.14555809E-02  6.28289883E-04
1.74770245E-01  8.24766159E-02  6.34267868E-04
1.75016922E-01  8.37454870E-02  6.53138559E-04
1.75263598E-01  8.06929097E-02  6.38046127E-04
1.75510275E-01  8.23742598E-02  6.24627341E-04
1.75756951E-01  8.09020400E-02  6.33255404E-04
1.76003627E-01  8.22240040E-02  6.36529527E-04
1.76250304E-01  8.12819004E-02  6.20995706E-04
1.76496980E-01  8.39194283E-02  6.60930295E-04
1.76743657E-01  8.10677111E-02  6.16876001E-04
1.76990333E-01  7.93555453E-02  6.10938878E-04
1.77237009E-01  8.01939890E-02  6.23595086E-04
1.77483686E-01  8.23402032E-02  6.31809118E-04
1.77730362E-01  7.96947181E-02  6.21843035E-04
1.77977039E-01  8.12486112E-02  6.37638906E-04
1.78223715E-01  8.26833621E-02  6.47359295E-04
1.78470392E-01  8.30325261E-02  6.34051627E-04
1.78717068E-01  8.02903101E-02  6.18821476E-04
1.78963744E-01  7.94098824E-02  6.18088117E-04
1.79210421E-01  7.92677179E-02  6.12482720E-04
1.79457097E-01  8.04953352E-02  6.25023735E-04
1.79703774E-01  7.84883723E-02  6.13454322E-04
1.79950450E-01  8.04137588E-02  6.23584143E-04
1.80197127E-01  7.96372592E-02  6.11460535E-04
1.80443803E-01  7.65938163E-02  6.16065343E-04
1.80690479E-01  7.98022673E-02  6.25208428E-04
1.80937156E-01  7.91866183E-02  6.11753087E-04
1.81183832E-01  7.84921125E-02  6.06596877E-04
1.81430509E-01  7.75073245E-02  6.08730246E-04
1.81677185E-01  7.89168701E-02  6.12636271E-04
1.81923861E-01  7.60005116E-02  5.97342092E-04
1.82170538E-01  7.49042928E-02  5.93981938E-04
1.82417214E-01  7.60683566E-02  6.13927026E-04
1.82663891E-01  7.84650892E-02  6.09813898E-04
1.82910567E-01  7.80974403E-02  6.01186475E-04
1.83157244E-01  7.90910423E-02  6.13481796E-04
1.83403920E-01  7.56260976E-02  5.92372846E-04
1.83650596E-01  7.46678859E-02  5.96415251E-04
1.83897273E-01  7.87537023E-02  6.12001983E-04
1.84143949E-01  7.41730556E-02  5.75779122E-04
1.84390626E-01  7.64180198E-02  5.82313398E-04
1.84637302E-01  7.30052665E-02  5.74218109E-04
1.84883979E-01  7.36654997E-02  5.92830416E-04
1.85130655E-01  7.44509622E-02  5.67916897E-04
1.85377331E-01  7.55937248E-02  5.78931475E-04
1.85624008E-01  6.93968311E-02  5.70870703E-04
1.85870684E-01  7.30378851E-02  5.95158897E-04
1.86117361E-01  7.17809945E-02  5.70654578E-04
1.86364037E-01  7.30172321E-02  5.78689680E-04
1.86610714E-01  7.21685514E-02  5.69361320E-04
1.86857390E-01  7.48476014E-02  5.86550741E-04
1.87104066E-01  7.01939240E-02  5.73233294E-04
1.87350743E-01  6.92064539E-02  5.59564854E-04
1.87597419E-01  7.17081055E-02  5.75029931E-04
1.87844096E-01  6.69093579E-02  5.59129287E-04
1.88090772E-01  6.68694377E-02  5.54645783E-04
1.88337448E-01  7.15205893E-02  5.70038799E-04
1.88584125E-01  6.79457560E-02  5.69599273E-04
1.88830801E-01  6.95482120E-02  5.70605334E-04
1.89077478E-01  6.79364726E-02  5.56053070E-04
1.89324154E-01  7.01943487E-02  5.54520695E-04
1.89570831E-01  6.77499473E-02  5.65231312E-04
1.89817507E-01  6.39921650E-02  5.46214113E-04
1.90064183E-01  6.56757951E-02  5.55106613E-04
1.90310860E-01  6.62931800E-02  5.43032365E-04
1.90557536E-01  6.27028942E-02  5.32427628E-04
1.90804213E-01  6.45437166E-02  5.46398573E-04
1.91050889E-01  6.15644790E-02  5.36204141E-04
1.91297566E-01  6.46374673E-02  5.44161361E-04
1.91544242E-01  6.27274364E-02  5.26320538E-04
1.91790918E-01  6.46146163E-02  5.34787134E-04
1.92037595E-01  6.32003546E-02  5.37343323E-04
1.92284271E-01  6.43795133E-02  5.31411322E-04
1.92530948E-01  6.31247312E-02  5.55562438E-04
1.92777624E-01  6.17194399E-02  5.26492717E-04
1.93024301E-01  5.91870733E-02  5.16339089E-04
1.93270977E-01  6.10650070E-02  5.02587704E-04
1.93517653E-01  5.83791509E-02  5.20494301E-04
1.93764330E-01  5.89694194E-02  5.08348341E-04
1.94011006E-01  5.54334186E-02  4.80730756E-04
1.94257683E-01  5.91621734E-02  5.06672368E-04
1.94504359E-01  5.83887212E-02  5.05835400E-04
1.94751035E-01  5.90120703E-02  5.12234285E-04
1.94997712E-01  5.79175428E-02  5.11009013E-04
1.95244388E-01  5.93098216E-02  5.08118304E-04
1.95491065E-01  5.78372367E-02  5.11239050E-04
1.95737741E-01  5.76208569E-02  5.16356842E-04
1.95984418E-01  6.15060106E-02  5.36120380E-04
1.96231094E-01  5.52612320E-02  4.93867963E-04
1.96477770E-01  5.63680865E-02  4.99320799E-04
1.96724447E-01  5.55238500E-02  4.88000805E-04
1.96971123E-01  5.57978228E-02  5.02766226E-04
1.97217800E-01  5.66297807E-02  5.07541117E-04
1.97464476E-01  5.64444847E-02  4.90991864E-04
1.97711153E-01  5.46836928E-02  4.89292375E-04
1.97957829E-01  5.31604402E-02  4.82931006E-04
1.98204505E-01  5.85493259E-02  4.94720065E-04
1.98451182E-01  5.57092577E-02  5.11043239E-04
1.98697858E-01  5.49468137E-02  4.88806923E-04
1.98944535E-01  5.19956164E-02  4.70091385E-04
1.99191211E-01  5.24104014E-02  4.78404399E-04
1.99437887E-01  5.33642694E-02  4.76575777E-04
1.99684564E-01  5.35753779E-02  4.91739134E-04
1.99931240E-01  5.25381342E-02  4.76645306E-04
2.00177917E-01  5.25854081E-02  4.89613449E-04
2.00424593E-01  5.28341718E-02  4.75828419E-04
2.00671270E-01  5.19855283E-02  4.76889749E-04
2.00917946E-01  5.41524589E-02  4.83651587E-04
2.01164622E-01  5.08068837E-02  4.71353909E-04
2.01411299E-01  5.15861660E-02  4.81539435E-04
2.01657975E-01  5.28537109E-02  4.90664912E-04
2.01904652E-01  5.47232442E-02  4.87127574E-04
2.02151328E-01  5.34508638E-02  4.78266127E-04
2.02398005E-01  5.01644164E-02  4.51392349E-04
2.02644681E-01  5.27588651E-02  4.62421565E-04
2.02891357E-01  5.14212660E-02  4.59415227E-04
2.03138034E-01  5.10888249E-02  4.66953061E-04
2.03384710E-01  5.00160009E-02  4.69334569E-04
2.03631387E-01  5.18787242E-02  4.58791910E-04
2.03878063E-01  5.19181639E-02  4.65693098E-04
2.04124740E-01  5.48710637E-02  4.84595745E-04
2.04371416E-01  4.96555008E-02  4.52083012E-04
2.04618092E-01  5.24744019E-02  4.71380452E-04
2.04864769E-01  5.14226966E-02  4.57990682E-04
2.05111445E-01  5.12670428E-02  4.77584777E-04
2.05358122E-01  4.75469530E-02  4.46952181E-04
2.05604798E-01  5.08905761E-02  4.58379160E-04
2.05851474E-01  4.93083932E-02  4.48087842E-04
2.06098151E-01  5.06194271E-02  4.64593235E-04
2.06344827E-01  4.92198206E-02  4.57146030E-04
2.06591504E-01  4.90806997E-02  4.62206866E-04
2.06838180E-01  4.84808609E-02  4.43655998E-04
2.07084857E-01  5.07499091E-02  4.71462699E-04
2.07331533E-01  4.79898863E-02  4.45449987E-04
2.07578209E-01  4.97794375E-02  4.54821769E-04
2.07824886E-01  5.24547845E-02  4.64726210E-04
2.08071562E-01  4.86544333E-02  4.56721231E-04
2.08318239E-01  4.78239730E-02  4.44580568E-04
2.08564915E-01  4.68923561E-02  4.39534313E-04
2.08811592E-01  4.89806831E-02  4.39491327E-04
2.09058268E-01  5.11264354E-02  4.66910074E-04
2.09304944E-01  4.80555184E-02  4.50147258E-04
2.09551621E-01  4.69411425E-02  4.38446004E-04
2.09798297E-01  4.63616922E-02  4.52345819E-04
2.10044974E-01  4.70933244E-02  4.39885713E-04
2.10291650E-01  4.83945310E-02  4.35602968E-04
2.10538326E-01  4.80499901E-02  4.48210543E-04
2.10785003E-01  4.75779809E-02  4.57435788E-04
2.11031679E-01  5.08093759E-02  4.65225196E-04
2.11278356E-01  4.96426038E-02  4.51831729E-04
2.11525032E-01  5.03239185E-02  4.45558369E-04
2.11771709E-01  4.71195281E-02  4.33066685E-04
2.12018385E-01  4.96100746E-02  4.45017678E-04
2.12265061E-01  5.10706902E-02  4.55638336E-04
2.12511738E-01  4.58283387E-02  4.35953378E-04
2.12758414E-01  5.00651151E-02  4.53919260E-04
2.13005091E-01  4.68276665E-02  4.42702469E-04
2.13251767E-01  4.66988087E-02  4.47383267E-04
2.13498444E-01  4.82598990E-02  4.52441454E-04
2.13745120E-01  4.75915223E-02  4.35917173E-04
2.13991796E-01  4.76045199E-02  4.35795315E-04
2.14238473E-01  4.76036035E-02  4.34862566E-04
2.14485149E-01  4.84525003E-02  4.52531211E-04
2.14731826E-01  4.89747375E-02  4.37617244E-04
2.14978502E-01  4.69626635E-02  4.39982658E-04
2.15225179E-01  4.75847349E-02  4.34506743E-04
2.15471855E-01  4.78245169E-02  4.41831973E-04
2.15718531E-01  5.11295795E-02  4.48731385E-04
2.15965208E-01  4.43205908E-02  4.30023327E-04
2.16211884E-01  4.64416258E-02  4.35964117E-04
2.16458561E-01  4.70268168E-02  4.26698709E-04
2.16705237E-01  4.87788133E-02  4.46353020E-04
2.16951913E-01  4.70646843E-02  4.33378242E-04
2.17198590E-01  4.75022197E-02  4.46413294E-04
2.17445266E-01  4.80647013E-02  4.49045445E-04
2.17691943E-01  4.82499674E-02  4.56807640E-04
2.17938619E-01  4.71560583E-02  4.46877355E-04
2.18185296E-01  4.80188429E-02  4.41294105E-04
2.18431972E-01  4.54205945E-02  4.25735809E-04
2.18678648E-01  4.44366336E-02  4.21454111E-04
2.18925325E-01  4.52029705E-02  4.25308099E-04
2.19172001E-01  4.49954122E-02  4.26366547E-04
2.19418678E-01  4.41343077E-02  4.27165942E-04
2.19665354E-01  4.46032286E-02  4.17247240E-04
2.19912031E-01  4.81470749E-02  4.48119652E-04
2.20158707E-01  4.80133891E-02  4.52426902E-04
2.20405383E-01  4.76999320E-02  4.48196661E-04
2.20652060E-01  4.53531444E-02  4.29729844E-04
2.20898736E-01  4.56571616E-02  4.29669657E-04
2.21145413E-01  4.35260423E-02  4.22749523E-04
2.21392089E-01  4.70750444E-02  4.41771030E-04
2.21638766E-01  4.49693389E-02  4.32429515E-04
2.21885442E-01  4.35090140E-02  4.16484545E-04
2.22132118E-01  4.60874215E-02  4.28526459E-04
2.22378795E-01  4.71396334E-02  4.43217519E-04
2.22625471E-01  4.96127084E-02  4.41322249E-04
2.22872148E-01  4.51676697E-02  4.29356063E-04
2.23118824E-01  4.46197465E-02  4.30689193E-04
2.23365500E-01  4.67495993E-02  4.24885686E-04
2.23612177E-01  4.58159633E-02  4.23494697E-04
2.23858853E-01  4.68995646E-02  4.37851122E-04
2.24105530E-01  4.82150950E-02  4.21470875E-04
2.24352206E-01  4.50060777E-02  4.23258985E-04
2.24598883E-01  4.75246422E-02  4.29277134E-04
2.24845559E-01  4.38725166E-02  4.15159448E-04
2.25092235E-01  4.51355092E-02  4.18188691E-04
2.25338912E-01  4.64337394E-02  4.25692851E-04
2.25585588E-01  4.45686616E-02  4.15656046E-04
2.25832265E-01  4.54198718E-02  4.22228681E-04
2.26078941E-01  4.81730215E-02  4.42440389E-04
2.26325618E-01  4.49637696E-02  4.35425260E-04
2.26572294E-01  4.53563742E-02  4.20351658E-04
2.26818970E-01  4.60622571E-02  4.26287355E-04
2.27065647E-01  4.72731665E-02  4.28572879E-04
2.27312323E-01  4.67666164E-02  4.29841602E-04
2.27559000E-01  4.44751680E-02  4.20156110E-04
2.27805676E-01  4.70221788E-02  4.20637632E-04
2.28052352E-01  4.65812981E-02  4.23266756E-04
2.28299029E-01  4.52122539E-02  4.15223651E-04
2.28545705E-01  4.80828509E-02  4.32258559E-04
2.28792382E-01  4.75417487E-02  4.31672175E-04
2.29039058E-01  4.47227322E-02  4.31059278E-04
2.29285735E-01  4.69008461E-02  4.28963656E-04
2.29532411E-01  4.43261638E-02  4.20145283E-04
2.29779087E-01  4.60595861E-02  4.29245876E-04
2.30025764E-01  4.74807620E-02  4.21858131E-04
2.30272440E-01  4.74614576E-02  4.31414694E-04
2.30519117E-01  4.50643413E-02  4.17633099E-04
2.30765793E-01  4.46952768E-02  4.19338641E-04
2.31012470E-01  4.81786691E-02  4.42673947E-04
2.31259146E-01  4.72030677E-02  4.19224903E-04
2.31505822E-01  4.56685126E-02  4.20622149E-04
2.31752499E-01  4.64125797E-02  4.27774474E-04
2.31999175E-01  4.69789766E-02  4.21685516E-04
2.32245852E-01  4.64081615E-02  4.21463628E-04
2.32492528E-01  4.56335917E-02  4.14133334E-04
2.32739205E-01  4.53912094E-02  4.18885262E-04
2.32985881E-01  4.49209958E-02  4.10716719E-04
2.33232557E-01  4.61654067E-02  4.34912014E-04
2.33479234E-01  4.54041064E-02  4.05364233E-04
2.33725910E-01  4.46280576E-02  4.09002416E-04
2.33972587E-01  4.74174544E-02  4.34600923E-04
2.34219263E-01  4.63844016E-02  4.20216442E-04
2.34465939E-01  4.84151505E-02  4.26475279E-04
2.34712616E-01  4.45752516E-02  4.11774003E-04
2.34959292E-01  4.40644324E-02  4.05285653E-04
2.35205969E-01  4.64460775E-02  4.17153002E-04
2.35452645E-01  4.60915416E-02  4.21745848E-04
2.35699322E-01  4.72194813E-02  4.23424790E-04
2.35945998E-01  4.39869389E-02  4.11203713E-04
2.36192674E-01  4.48329635E-02  4.16050549E-04
2.36439351E-01  4.79609594E-02  4.39274503E-04
2.36686027E-01  4.69409823E-02  4.16327472E-04
2.36932704E-01  4.59046885E-02  4.22063167E-04
2.37179380E-01  4.66963947E-02  4.17467119E-04
2.37426057E-01  4.73836958E-02  4.23543243E-04
2.37672733E-01  4.62528877E-02  4.13825386E-04
2.37919409E-01  4.69586067E-02  4.09794709E-04
2.38166086E-01  4.58098128E-02  4.14223672E-04
2.38412762E-01  4.77273539E-02  4.13825095E-04
2.38659439E-01  4.62138876E-02  4.07310785E-04
2.38906115E-01  4.66055609E-02  4.28864296E-04
2.39152791E-01  4.63824011E-02  4.09173605E-04
2.39399468E-01  4.46018688E-02  4.09696571E-04
2.39646144E-01  4.73177545E-02  4.24968370E-04
2.39892821E-01  4.44956236E-02  4.02055477E-04
2.40139497E-01  4.63372990E-02  4.18805343E-04
2.40386174E-01  4.48612235E-02  4.08656662E-04
2.40632850E-01  4.58872169E-02  4.15988528E-04
2.40879526E-01  4.75556701E-02  4.14005481E-04
2.41126203E-01  4.78297360E-02  4.15474118E-04
2.41372879E-01  4.65527773E-02  4.17010859E-04
2.41619556E-01  4.42922637E-02  4.03205544E-04
2.41866232E-01  4.54162434E-02  4.08927852E-04
2.42112909E-01  4.82651740E-02  4.26564075E-04
2.42359585E-01  4.37209420E-02  4.04149090E-04
2.42606261E-01  4.51319702E-02  4.10533830E-04
2.42852938E-01  4.64213714E-02  4.31264110E-04
2.43099614E-01  4.68100533E-02  4.32323548E-04
2.43346291E-01  4.67048846E-02  4.25679696E-04
2.43592967E-01  4.64128107E-02  4.29671956E-04
2.43839644E-01  4.69085835E-02  4.35750582E-04
2.44086320E-01  4.45945710E-02  4.22353420E-04
2.44332996E-01  4.78532687E-02  4.38547984E-04
2.44579673E-01  4.70811278E-02  4.31069027E-04
2.44826349E-01  4.85803895E-02  4.26557352E-04
2.45073026E-01  4.57498692E-02  4.21212404E-04
2.45319702E-01  4.92726080E-02  4.44818492E-04
2.45566378E-01  4.79933769E-02  4.49732732E-04
2.45813055E-01  4.79674004E-02  4.47342813E-04
2.46059731E-01  4.60182875E-02  4.49449173E-04
2.46306408E-01  4.76134941E-02  4.39968309E-04
2.46553084E-01  4.73847650E-02  4.43197292E-04
2.46799761E-01  4.69662175E-02  4.49526880E-04
2.47046437E-01  4.48586196E-02  4.32937522E-04
2.47293113E-01  4.69481163E-02  4.41241544E-04
2.47539790E-01  4.57609631E-02  4.50783555E-04
2.47786466E-01  4.52131629E-02  4.41557873E-04
2.48033143E-01  4.48714793E-02  4.40743228E-04
2.48279819E-01  4.60630879E-02  4.43519297E-04
2.48526496E-01  4.54816595E-02  4.45862883E-04
2.48773172E-01  4.65997718E-02  4.48174658E-04
2.49019848E-01  4.82023098E-02  4.71973559E-04
2.49266525E-01  4.91001755E-02  4.62420139E-04
2.49513201E-01  4.84218337E-02  4.60994459E-04
2.49759878E-01  4.47100699E-02  4.39973432E-04
2.50006554E-01  4.60402928E-02  4.57615330E-04
2.50253230E-01  4.74930629E-02  4.72128770E-04
2.50499907E-01  5.05792275E-02  4.66934143E-04
2.50746583E-01  4.98502925E-02  4.75355628E-04
2.50993260E-01  4.64901514E-02  4.58888419E-04
2.51239936E-01  4.69739623E-02  4.60085779E-04
2.51486613E-01  4.62031178E-02  4.56419511E-04
2.51733289E-01  4.69697788E-02  4.61561896E-04
2.51979965E-01  5.15401736E-02  5.04801632E-04
2.52226642E-01  4.61751930E-02  4.60959709E-04
2.52473318E-01  4.90256324E-02  4.83592477E-04
2.52719995E-01  4.46059927E-02  4.55967936E-04
2.52966671E-01  4.36577462E-02  4.51615429E-04
2.53213348E-01  4.69015539E-02  4.68793442E-04
2.53460024E-01  4.62682135E-02  4.77101683E-04
2.53706700E-01  4.52044755E-02  4.67030011E-04
2.53953377E-01  4.68636341E-02  4.79590759E-04
2.54200053E-01  4.86796051E-02  4.75428591E-04
2.54446730E-01  4.72203344E-02  4.73035790E-04
2.54693406E-01  4.70824987E-02  4.51303466E-04
2.54940083E-01  4.74282727E-02  4.61435935E-04
2.55186759E-01  4.75685671E-02  4.62630473E-04
2.55433435E-01  4.63073738E-02  4.59661678E-04
2.55680112E-01  4.88873832E-02  4.76139394E-04
2.55926788E-01  4.65884544E-02  4.50663385E-04
2.56173465E-01  4.53115441E-02  4.52141219E-04
2.56420141E-01  4.75619286E-02  4.55895497E-04
2.56666817E-01  4.76234369E-02  4.60315758E-04
2.56913494E-01  4.58260588E-02  4.51974222E-04
2.57160170E-01  4.57880870E-02  4.47446655E-04
2.57406847E-01  4.63540033E-02  4.66638943E-04
2.57653523E-01  4.74312045E-02  4.55846835E-04
2.57900200E-01  4.73072231E-02  4.55398054E-04
2.58146876E-01  4.98301126E-02  4.65582940E-04
2.58393552E-01  4.62896116E-02  4.48554871E-04
2.58640229E-01  4.55156639E-02  4.53242799E-04
2.58886905E-01  4.54649813E-02  4.43767552E-04
2.59133582E-01  4.98505868E-02  4.71500069E-04
2.59380258E-01  4.86745387E-02  4.53996763E-04
2.59626935E-01  4.66099940E-02  4.58067458E-04
2.59873611E-01  4.83664274E-02  4.63305711E-04
2.60120287E-01  4.75605279E-02  4.37622890E-04
2.60366964E-01  4.83851507E-02  4.48257109E-04
2.60613640E-01  4.65931296E-02  4.39791591E-04
2.60860317E-01  4.73997816E-02  4.49698709E-04
2.61106993E-01  4.60436270E-02  4.63055505E-04
2.61353670E-01  4.78826575E-02  4.45107318E-04
2.61600346E-01  4.85703163E-02  4.59370262E-04
2.61847022E-01  4.73941304E-02  4.39274823E-04
2.62093699E-01  4.88606989E-02  4.54798894E-04
2.62340375E-01  4.70671281E-02  4.45612997E-04
2.62587052E-01  4.78289314E-02  4.48635023E-04
2.62833728E-01  4.86282744E-02  4.53696586E-04
2.63080404E-01  4.67735529E-02  4.47103143E-04
2.63327081E-01  4.57858965E-02  4.49299172E-04
2.63573757E-01  4.73020785E-02  4.51284985E-04
2.63820434E-01  4.72524911E-02  4.33201116E-04
2.64067110E-01  4.68777791E-02  4.47814906E-04
2.64313787E-01  4.58212607E-02  4.38831979E-04
2.64560463E-01  4.66272756E-02  4.30122396E-04
2.64807139E-01  4.72226590E-02  4.37867420E-04
2.65053816E-01  4.63987179E-02  4.44151985E-04
2.65300492E-01  4.48175147E-02  4.33032110E-04
2.65547169E-01  4.51479293E-02  4.22523852E-04
2.65793845E-01  4.94389422E-02  4.47898812E-04
2.66040522E-01  4.63712327E-02  4.37178445E-04
2.66287198E-01  4.48128469E-02  4.33499314E-04
2.66533874E-01  4.51618060E-02  4.30920365E-04
2.66780551E-01  4.47665416E-02  4.33233130E-04
2.67027227E-01  4.67380248E-02  4.48288047E-04
2.67273904E-01  4.86567579E-02  4.56164853E-04
2.67520580E-01  4.94580418E-02  4.50303894E-04
2.67767256E-01  4.88218367E-02  4.44365985E-04
2.68013933E-01  4.72706631E-02  4.44023201E-04
2.68260609E-01  4.46317531E-02  4.24990169E-04
2.68507286E-01  4.62584831E-02  4.39373194E-04
2.68753962E-01  4.86877710E-02  4.52984415E-04
2.69000639E-01  4.80315834E-02  4.42983961E-04
2.69247315E-01  4.56876047E-02  4.39175550E-04
2.69493991E-01  4.61594313E-02  4.41495300E-04
2.69740668E-01  4.56684753E-02  4.30729182E-04
2.69987344E-01  4.65790145E-02  4.31456399E-04
2.70234021E-01  4.94183078E-02  4.49826941E-04
2.70480697E-01  4.60320972E-02  4.63549863E-04
2.70727374E-01  4.50733043E-02  4.24572150E-04
2.70974050E-01  4.58119698E-02  4.46280843E-04
2.71220726E-01  4.95043434E-02  4.66046302E-04
2.71467403E-01  4.67972867E-02  4.46922291E-04
2.71714079E-01  4.57707085E-02  4.44995472E-04
2.71960756E-01  4.55303565E-02  4.47740982E-04
2.72207432E-01  4.77133468E-02  4.60992655E-04
2.72454109E-01  4.42837328E-02  4.51759901E-04
2.72700785E-01  4.69577573E-02  4.59330069E-04
2.72947461E-01  4.60527912E-02  4.64395853E-04
2.73194138E-01  4.58292030E-02  4.56145004E-04
2.73440814E-01  4.39600013E-02  4.40476346E-04
2.73687491E-01  4.56540138E-02  4.51678439E-04
2.73934167E-01  4.48976867E-02  4.51077038E-04
2.74180843E-01  4.71176282E-02  4.63361124E-04
2.74427520E-01  4.68495749E-02  4.49894811E-04
2.74674196E-01  4.59689759E-02  4.63836273E-04
2.74920873E-01  4.53860350E-02  4.58574243E-04
2.75167549E-01  4.57514748E-02  4.51321743E-04
2.75414226E-01  4.73504178E-02  4.67786478E-04
2.75660902E-01  4.60085012E-02  4.54905297E-04
2.75907578E-01  4.76367027E-02  4.76175395E-04
2.76154255E-01  4.82552834E-02  4.66200407E-04
2.76400931E-01  4.29111049E-02  4.47755039E-04
2.76647608E-01  4.51951139E-02  4.53633635E-04
2.76894284E-01  4.70241793E-02  4.66912024E-04
2.77140961E-01  4.66059744E-02  4.68960236E-04
2.77387637E-01  4.38037477E-02  4.56082576E-04
2.77634313E-01  4.53089140E-02  4.64458659E-04
2.77880990E-01  4.48134392E-02  4.48081031E-04
2.78127666E-01  4.71160337E-02  4.66534082E-04
2.78374343E-01  4.44546901E-02  4.54839261E-04
2.78621019E-01  4.52901274E-02  4.62703407E-04
2.78867695E-01  4.54476476E-02  4.64645069E-04
2.79114372E-01  4.64034788E-02  4.53120680E-04
2.79361048E-01  4.23883311E-02  4.46350663E-04
2.79607725E-01  4.73097041E-02  4.68724407E-04
2.79854401E-01  4.57250327E-02  4.44123667E-04
2.80101078E-01  4.63078357E-02  4.71448177E-04
2.80347754E-01  4.38630246E-02  4.49346408E-04
2.80594430E-01  4.49641161E-02  4.56807640E-04
2.80841107E-01  4.51370403E-02  4.75146284E-04
2.81087783E-01  4.52488139E-02  4.41068172E-04
2.81334460E-01  4.52456996E-02  4.47842089E-04
2.81581136E-01  4.71334420E-02  4.59531817E-04
2.81827813E-01  4.15105261E-02  4.39226336E-04
2.82074489E-01  4.56961580E-02  4.72690066E-04
2.82321165E-01  4.87207100E-02  4.75354376E-04
2.82567842E-01  4.53992486E-02  4.64649755E-04
2.82814518E-01  4.71285582E-02  4.69063612E-04
2.83061195E-01  4.33890074E-02  4.45748767E-04
2.83307871E-01  4.61149439E-02  4.66779602E-04
2.83554548E-01  4.49195653E-02  4.60550043E-04
2.83801224E-01  4.17345352E-02  4.44764009E-04
2.84047900E-01  4.40960303E-02  4.61152697E-04
2.84294577E-01  4.54214513E-02  4.67042264E-04
2.84541253E-01  4.77825291E-02  4.76370420E-04
2.84787930E-01  4.40639891E-02  4.53291956E-04
2.85034606E-01  4.71496880E-02  4.69269638E-04
2.85281282E-01  4.85178977E-02  4.93224477E-04
2.85527959E-01  4.43915352E-02  4.61295072E-04
2.85774635E-01  4.64119390E-02  4.74189437E-04
2.86021312E-01  4.51704375E-02  4.75470268E-04
2.86267988E-01  4.55196761E-02  4.72259271E-04
2.86514665E-01  4.49255891E-02  4.59307223E-04
2.86761341E-01  4.68412675E-02  4.68883285E-04
2.87008017E-01  4.67937291E-02  4.74101340E-04
2.87254694E-01  4.37201113E-02  4.63409640E-04
2.87501370E-01  4.46040928E-02  4.68329614E-04
2.87748047E-01  4.33099866E-02  4.46404883E-04
2.87994723E-01  4.56728898E-02  4.73221269E-04
2.88241400E-01  4.41661403E-02  4.57468152E-04
2.88488076E-01  4.58036177E-02  4.70554747E-04
2.88734752E-01  4.54329029E-02  4.64128156E-04
2.88981429E-01  4.48851548E-02  4.76102665E-04
2.89228105E-01  4.34429683E-02  4.57547052E-04
2.89474782E-01  4.52098437E-02  4.64837416E-04
2.89721458E-01  4.60466519E-02  4.68746730E-04
2.89968134E-01  4.46718819E-02  4.56912268E-04
2.90214811E-01  4.78255935E-02  4.87360725E-04
2.90461487E-01  4.32740413E-02  4.63718898E-04
2.90708164E-01  4.63891514E-02  4.61169751E-04
2.90954840E-01  4.60648648E-02  4.64471785E-04
2.91201517E-01  4.70405221E-02  4.80685208E-04
2.91448193E-01  4.29440923E-02  4.75635636E-04
2.91694869E-01  4.38960530E-02  4.55652160E-04
2.91941546E-01  4.53026369E-02  4.69826307E-04
2.92188222E-01  4.30416241E-02  4.63509496E-04
2.92434899E-01  4.17829901E-02  4.41453885E-04
2.92681575E-01  4.22465801E-02  4.55639005E-04
2.92928252E-01  4.22301702E-02  4.49136453E-04
2.93174928E-01  4.65431847E-02  4.82956006E-04
2.93421604E-01  4.65918072E-02  4.75046254E-04
2.93668281E-01  4.59101461E-02  4.73101420E-04
2.93914957E-01  4.44270521E-02  4.65068675E-04
2.94161634E-01  4.52151857E-02  4.61223273E-04
2.94408310E-01  4.77774180E-02  4.87883546E-04
2.94654987E-01  4.21546027E-02  4.46081714E-04
2.94901663E-01  4.60418276E-02  4.49781423E-04
2.95148339E-01  4.51072007E-02  4.67459089E-04
2.95395016E-01  4.62621599E-02  4.63303702E-04
2.95641692E-01  4.41170633E-02  4.67727135E-04
2.95888369E-01  4.53767292E-02  4.72928310E-04
2.96135045E-01  4.32359166E-02  4.51869273E-04
2.96381721E-01  4.52000014E-02  4.80128772E-04
2.96628398E-01  4.48374823E-02  4.54728433E-04
2.96875074E-01  4.57639508E-02  4.65801597E-04
2.97121751E-01  4.57592793E-02  4.70609753E-04
2.97368427E-01  4.50328700E-02  4.55000118E-04
2.97615104E-01  4.40821499E-02  4.59347648E-04
2.97861780E-01  4.45769429E-02  4.66424419E-04
2.98108456E-01  4.41230312E-02  4.57324903E-04
2.98355133E-01  4.50218059E-02  4.61312797E-04
2.98601809E-01  4.38492857E-02  4.57568211E-04
2.98848486E-01  4.48248722E-02  4.66637226E-04
2.99095162E-01  4.32724915E-02  4.56472131E-04
2.99341839E-01  4.58827056E-02  4.67134611E-04
2.99588515E-01  4.49021533E-02  4.73776308E-04
2.99835191E-01  4.56281342E-02  4.81161871E-04
3.00081868E-01  4.40482944E-02  4.58884635E-04
3.00328544E-01  4.17773798E-02  4.39782540E-04
3.00575221E-01  4.40833084E-02  4.58259863E-04
3.00821897E-01  4.28739823E-02  4.63503500E-04
3.01068574E-01  4.43055704E-02  4.67759703E-04
3.01315250E-01  4.65135612E-02  4.79286886E-04
3.01561926E-01  4.66062576E-02  4.76219342E-04
3.01808603E-01  4.31740060E-02  4.63894132E-04
3.02055279E-01  4.41371650E-02  4.64117446E-04
3.02301956E-01  4.32237647E-02  4.58934781E-04
3.02548632E-01  4.55656871E-02  4.69238148E-04
3.02795308E-01  4.44397479E-02  4.58987750E-04
3.03041985E-01  4.38579246E-02  4.56762325E-04
3.03288661E-01  4.38691825E-02  4.57689079E-04
3.03535338E-01  4.48997244E-02  4.66682715E-04
3.03782014E-01  4.57369313E-02  4.68067650E-04
3.04028691E-01  4.41772752E-02  4.59219620E-04
3.04275367E-01  4.31508049E-02  4.45185957E-04
3.04522043E-01  4.40996215E-02  4.58523107E-04
3.04768720E-01  4.45776545E-02  4.66909260E-04
3.05015396E-01  4.39376384E-02  4.60300362E-04
3.05262073E-01  4.52663675E-02  4.70335915E-04
3.05508749E-01  4.56606857E-02  4.66525642E-04
3.05755426E-01  4.39671166E-02  4.88227262E-04
3.06002102E-01  4.18249369E-02  4.63665987E-04
3.06248778E-01  4.37493660E-02  4.65805264E-04
3.06495455E-01  4.50712293E-02  4.71203413E-04
3.06742131E-01  4.52997424E-02  4.67625825E-04
3.06988808E-01  4.49900515E-02  4.71915497E-04
3.07235484E-01  4.07001376E-02  4.38455987E-04
3.07482160E-01  4.67321724E-02  4.87295998E-04
3.07728837E-01  4.59393784E-02  4.74219793E-04
3.07975513E-01  4.49953042E-02  4.66762285E-04
3.08222190E-01  4.45553809E-02  4.74932429E-04
3.08468866E-01  4.49670702E-02  4.75088367E-04
3.08715543E-01  4.35017049E-02  4.60606621E-04
3.08962219E-01  4.38271873E-02  4.72646730E-04
3.09208895E-01  4.57607135E-02  4.86887322E-04
3.09455572E-01  4.41838242E-02  4.82546980E-04
3.09702248E-01  4.51973751E-02  4.72418265E-04
3.09948925E-01  4.19677272E-02  4.57927003E-04
3.10195601E-01  4.38015461E-02  4.63054865E-04
3.10442278E-01  4.61706705E-02  4.77671128E-04
3.10688954E-01  4.60090339E-02  4.75473818E-04
3.10935630E-01  4.46154587E-02  4.66322323E-04
3.11182307E-01  4.43731435E-02  4.66691738E-04
3.11428983E-01  4.23986502E-02  4.71809879E-04
3.11675660E-01  4.54820469E-02  4.90651000E-04
3.11922336E-01  4.16343734E-02  4.43668861E-04
3.12169013E-01  4.68614884E-02  4.86805162E-04
3.12415689E-01  4.65060882E-02  4.85484808E-04
3.12662365E-01  4.59099598E-02  4.61819203E-04
3.12909042E-01  4.46058698E-02  4.67493403E-04
3.13155718E-01  4.56191637E-02  4.78721777E-04
3.13402395E-01  4.52262498E-02  4.81820258E-04
3.13649071E-01  4.57491912E-02  4.69923456E-04
3.13895747E-01  4.51392941E-02  4.67992766E-04
3.14142424E-01  4.47602905E-02  4.78433620E-04
3.14389100E-01  4.51627932E-02  4.63723467E-04
3.14635777E-01  4.45458591E-02  4.65028599E-04
3.14882453E-01  4.52081449E-02  4.66813071E-04
3.15129130E-01  4.46792766E-02  4.69903316E-04
3.15375806E-01  4.63082269E-02  4.84040647E-04
3.15622482E-01  4.56492379E-02  4.88317746E-04
3.15869159E-01  4.39748056E-02  4.77834896E-04
3.16115835E-01  4.61237356E-02  4.73552704E-04
3.16362512E-01  4.46901619E-02  4.62472235E-04
3.16609188E-01  4.39667515E-02  4.70389088E-04
3.16855865E-01  4.30613235E-02  4.70622181E-04
3.17102541E-01  4.32892777E-02  4.60752693E-04
3.17349217E-01  4.48933691E-02  4.66315658E-04
3.17595894E-01  4.51008044E-02  4.63192293E-04
3.17842570E-01  4.68289629E-02  4.76928108E-04
3.18089247E-01  4.54138629E-02  4.61273856E-04
3.18335923E-01  4.56871167E-02  4.68281301E-04
3.18582599E-01  4.81375307E-02  4.80473042E-04
3.18829276E-01  4.60417606E-02  4.77874390E-04
3.19075952E-01  4.60253097E-02  4.79782699E-04
3.19322629E-01  4.51450050E-02  4.72958578E-04
3.19569305E-01  4.27671894E-02  4.54656663E-04
3.19815982E-01  4.33118939E-02  4.56330861E-04
3.20062658E-01  4.57376838E-02  4.71441570E-04
3.20309334E-01  4.46990877E-02  4.59859410E-04
3.20556011E-01  4.63835187E-02  4.83854470E-04
3.20802687E-01  4.66549844E-02  4.80012153E-04
3.21049364E-01  4.58853543E-02  4.74695902E-04
3.21296040E-01  4.49235924E-02  4.77774069E-04
3.21542717E-01  4.32654284E-02  4.55619418E-04
3.21789393E-01  4.57333103E-02  4.88972059E-04
3.22036069E-01  4.57705744E-02  4.94787993E-04
3.22282746E-01  4.45232019E-02  4.66366793E-04
3.22529422E-01  4.79588695E-02  4.96120425E-04
3.22776099E-01  4.54504415E-02  4.78410977E-04
3.23022775E-01  4.69606705E-02  4.74573724E-04
3.23269452E-01  4.42623049E-02  4.84624237E-04
3.23516128E-01  4.56602722E-02  4.85914934E-04
3.23762804E-01  4.69064973E-02  4.98994428E-04
3.24009481E-01  4.57208343E-02  4.79657698E-04
3.24256157E-01  4.62202951E-02  4.98727954E-04
3.24502834E-01  4.53307852E-02  4.80062590E-04
3.24749510E-01  4.65528369E-02  4.78194677E-04
3.24996186E-01  4.58286367E-02  4.88747901E-04
3.25242863E-01  4.73098084E-02  4.91011946E-04
3.25489539E-01  4.82280850E-02  5.01022150E-04
3.25736216E-01  4.67605591E-02  4.84895543E-04
3.25982892E-01  4.58299927E-02  4.76424582E-04
3.26229569E-01  4.96809483E-02  5.11074963E-04
3.26476245E-01  4.61720377E-02  4.74411936E-04
3.26722921E-01  4.87245694E-02  4.93328611E-04
3.26969598E-01  4.51566912E-02  4.74545028E-04
3.27216274E-01  4.47433516E-02  4.74397821E-04
3.27462951E-01  4.75248657E-02  4.86317789E-04
3.27709627E-01  4.59036045E-02  4.79709241E-04
3.27956304E-01  4.49967533E-02  4.85225086E-04
3.28202980E-01  4.66379076E-02  4.79876529E-04
3.28449656E-01  4.87107113E-02  5.08148456E-04
3.28696333E-01  4.87207510E-02  4.92259453E-04
3.28943009E-01  4.71775867E-02  4.87663696E-04
3.29189686E-01  4.81422655E-02  4.87535202E-04
3.29436362E-01  4.71944697E-02  4.84272925E-04
3.29683039E-01  4.38942239E-02  4.66853147E-04
3.29929715E-01  4.45129797E-02  4.64951911E-04
3.30176391E-01  4.55805510E-02  4.83607757E-04
3.30423068E-01  4.60826494E-02  4.79463779E-04
3.30669744E-01  4.98431101E-02  4.96109540E-04
3.30916421E-01  4.73715588E-02  4.80415358E-04
3.31163097E-01  5.03880419E-02  5.07388671E-04
3.31409773E-01  4.78219986E-02  4.99146467E-04
3.31656450E-01  5.03891185E-02  5.07063756E-04
3.31903126E-01  4.64250818E-02  4.84952121E-04
3.32149803E-01  4.67826948E-02  4.91876330E-04
3.32396479E-01  4.51497212E-02  4.75706009E-04
3.32643156E-01  4.57437597E-02  4.93255910E-04
3.32889832E-01  4.89715524E-02  5.04736905E-04
3.33136508E-01  4.89757918E-02  5.17691660E-04
3.33383185E-01  4.70794290E-02  4.90722829E-04
3.33629861E-01  4.81261425E-02  4.82610048E-04
3.33876538E-01  4.59309556E-02  4.87801852E-04
3.34123214E-01  5.10761514E-02  5.05422708E-04
3.34369891E-01  4.69596870E-02  4.93419240E-04
3.34616567E-01  4.48707193E-02  4.70893603E-04
3.34863243E-01  4.76870649E-02  5.02003299E-04
3.35109920E-01  4.80914228E-02  5.01367438E-04
3.35356596E-01  4.57646288E-02  4.91830986E-04
3.35603273E-01  4.54108864E-02  4.85211669E-04
3.35849949E-01  4.61847819E-02  4.73950669E-04
3.36096625E-01  4.99818064E-02  4.97379981E-04
3.36343302E-01  4.52453606E-02  4.75776498E-04
3.36589978E-01  4.72101867E-02  4.91983723E-04
3.36836655E-01  4.71002869E-02  4.89760772E-04
3.37083331E-01  4.71402742E-02  4.89665661E-04
3.37330008E-01  4.73647751E-02  4.88239195E-04
3.37576684E-01  4.63192016E-02  4.90709557E-04
3.37823360E-01  5.17087691E-02  5.01090952E-04
3.38070037E-01  4.92140576E-02  4.94248350E-04
3.38316713E-01  4.61628176E-02  4.79326904E-04
3.38563390E-01  4.94157299E-02  5.14956482E-04
3.38810066E-01  5.07021397E-02  5.14574116E-04
3.39056743E-01  4.75332178E-02  4.96553956E-04
3.39303419E-01  4.89473045E-02  5.02374663E-04
3.39550095E-01  4.77630608E-02  4.90892562E-04
3.39796772E-01  4.90111932E-02  5.04747150E-04
3.40043448E-01  4.64269891E-02  4.90898208E-04
3.40290125E-01  4.76556085E-02  4.86525416E-04
3.40536801E-01  5.03837317E-02  5.15057356E-04
3.40783478E-01  5.11460304E-02  5.07633260E-04
3.41030154E-01  4.74498123E-02  4.96905472E-04
3.41276830E-01  4.79916930E-02  4.98996815E-04
3.41523507E-01  4.80899774E-02  4.94285603E-04
3.41770183E-01  4.64776680E-02  4.76674293E-04
3.42016860E-01  5.00756875E-02  4.95577406E-04
3.42263536E-01  4.65298034E-02  4.73292370E-04
3.42510212E-01  4.94133160E-02  5.01789444E-04
3.42756889E-01  4.89498824E-02  5.12386207E-04
3.43003565E-01  4.98346724E-02  5.17693465E-04
3.43250242E-01  4.68059219E-02  4.75805864E-04
3.43496918E-01  4.89235856E-02  4.90821840E-04
3.43743595E-01  4.80407216E-02  4.96616238E-04
3.43990271E-01  4.98168394E-02  5.14811720E-04
3.44236947E-01  4.72849049E-02  4.81928117E-04
3.44483624E-01  5.04160076E-02  4.99840302E-04
3.44730300E-01  4.72479612E-02  4.82957490E-04
3.44976977E-01  4.69371155E-02  4.83378419E-04
3.45223653E-01  4.57246229E-02  4.79491660E-04
3.45470330E-01  4.90374379E-02  4.96639113E-04
3.45717006E-01  4.58780155E-02  4.75963316E-04
3.45963682E-01  4.87171002E-02  4.93120053E-04
3.46210359E-01  5.02776615E-02  5.01809758E-04
3.46457035E-01  4.60588001E-02  4.75741050E-04
3.46703712E-01  4.66796793E-02  4.76213609E-04
3.46950388E-01  4.81736585E-02  4.87086392E-04
3.47197064E-01  4.81537506E-02  4.91106242E-04
3.47443741E-01  4.78955843E-02  5.04776486E-04
3.47690417E-01  4.53422330E-02  4.74478322E-04
3.47937094E-01  4.78052422E-02  4.88201622E-04
3.48183770E-01  4.92919236E-02  5.05927601E-04
3.48430447E-01  4.65930700E-02  4.89571597E-04
3.48677123E-01  4.69866805E-02  4.84163320E-04
3.48923799E-01  4.54734117E-02  4.65544232E-04
3.49170476E-01  4.87655811E-02  4.92069114E-04
3.49417152E-01  4.86264750E-02  4.96230437E-04
3.49663829E-01  4.78379317E-02  4.80832619E-04
3.49910505E-01  4.67104428E-02  4.75268229E-04
3.50157182E-01  4.88383286E-02  4.90711478E-04
3.50403858E-01  4.43748385E-02  4.72327665E-04
3.50650534E-01  4.73210737E-02  4.79205337E-04
3.50897211E-01  4.76463325E-02  4.82536736E-04
3.51143887E-01  4.67398018E-02  5.02197887E-04
3.51390564E-01  4.69220355E-02  4.87919140E-04
3.51637240E-01  4.74421270E-02  4.82159667E-04
3.51883917E-01  4.55581620E-02  4.77902737E-04
3.52130593E-01  4.63767089E-02  4.76895861E-04
3.52377269E-01  4.64707725E-02  4.87397425E-04
3.52623946E-01  4.76416461E-02  4.84020828E-04
3.52870622E-01  4.45569754E-02  4.66082711E-04
3.53117299E-01  4.55397218E-02  4.94495675E-04
3.53363975E-01  4.66448739E-02  4.85970289E-04
3.53610651E-01  4.53658514E-02  4.83392854E-04
3.53857328E-01  4.43086997E-02  4.64047043E-04
3.54104004E-01  4.82476987E-02  4.82463278E-04
3.54350681E-01  4.21262346E-02  4.69692051E-04
3.54597357E-01  4.42989990E-02  4.70753206E-04
3.54844034E-01  4.70489115E-02  4.79085458E-04
3.55090710E-01  4.71816771E-02  4.85861063E-04
3.55337386E-01  4.57195304E-02  4.70468658E-04
3.55584063E-01  4.49820496E-02  4.84525808E-04
3.55830739E-01  4.39042859E-02  4.72040265E-04
3.56077416E-01  4.33591045E-02  4.60011215E-04
3.56324092E-01  4.35407907E-02  4.80756193E-04
3.56570769E-01  4.41460982E-02  4.82595526E-04
3.56817445E-01  4.64853868E-02  4.82244330E-04
3.57064121E-01  4.20846492E-02  4.49361105E-04
3.57310798E-01  4.40897979E-02  4.68746672E-04
3.57557474E-01  4.34597246E-02  4.57521994E-04
3.57804151E-01  4.44051772E-02  4.71391279E-04
3.58050827E-01  4.76624183E-02  4.89226659E-04
3.58297503E-01  4.57724407E-02  4.85507102E-04
3.58544180E-01  4.31081578E-02  4.52420150E-04
3.58790856E-01  4.39871326E-02  4.63537581E-04
3.59037533E-01  4.56095859E-02  4.85765951E-04
3.59284209E-01  4.28755954E-02  4.66718542E-04
3.59530886E-01  4.08075079E-02  4.59313043E-04
3.59777562E-01  4.31760475E-02  4.68048122E-04
3.60024238E-01  4.35698517E-02  4.62894794E-04
3.60270915E-01  4.49542180E-02  4.60757088E-04
3.60517591E-01  4.37918007E-02  4.70916362E-04
3.60764268E-01  4.35883775E-02  4.72565705E-04
3.61010944E-01  4.46648300E-02  4.72336076E-04
3.61257621E-01  4.30481955E-02  4.69027698E-04
3.61504297E-01  4.56271581E-02  4.68246522E-04
3.61750973E-01  4.37778309E-02  4.72719694E-04
3.61997650E-01  4.18759808E-02  4.51174506E-04
3.62244326E-01  4.43920679E-02  4.67026577E-04
3.62491003E-01  4.26339135E-02  4.71261883E-04
3.62737679E-01  4.28625122E-02  4.75256122E-04
3.62984356E-01  4.20193188E-02  4.69502906E-04
3.63231032E-01  4.29775491E-02  4.72992950E-04
3.63477708E-01  4.49014716E-02  4.63489501E-04
3.63724385E-01  4.34755273E-02  4.69265506E-04
3.63971061E-01  4.16709594E-02  4.46046295E-04
3.64217738E-01  4.24245149E-02  4.66931815E-04
3.64464414E-01  4.23887074E-02  4.67323320E-04
3.64711090E-01  4.33024354E-02  4.68303479E-04
3.64957767E-01  4.40229848E-02  4.75792127E-04
3.65204443E-01  4.28731665E-02  4.60870098E-04
3.65451120E-01  4.44087274E-02  4.85738565E-04
3.65697796E-01  4.02393714E-02  4.37415409E-04
3.65944473E-01  4.27707024E-02  4.69212799E-04
3.66191149E-01  4.13879529E-02  4.58113907E-04
3.66437825E-01  4.21298593E-02  4.57401824E-04
3.66684502E-01  4.57093678E-02  4.69313847E-04
3.66931178E-01  4.40321080E-02  4.64157696E-04
3.67177855E-01  4.05942574E-02  4.43914760E-04
3.67424531E-01  4.06124815E-02  4.59163683E-04
3.67671208E-01  4.06495184E-02  4.49015351E-04
3.67917884E-01  4.25478220E-02  4.59477713E-04
3.68164560E-01  4.03723344E-02  4.43896803E-04
3.68411237E-01  4.29910496E-02  4.69855499E-04
3.68657913E-01  3.86088639E-02  4.40533535E-04
3.68904590E-01  4.41282466E-02  4.73226450E-04
3.69151266E-01  4.10119221E-02  4.40168806E-04
3.69397943E-01  4.18175831E-02  4.44465986E-04
3.69644619E-01  4.19527255E-02  4.70230938E-04
3.69891295E-01  4.14687693E-02  4.56649024E-04
3.70137972E-01  4.11227308E-02  4.51587519E-04
3.70384648E-01  4.21528406E-02  4.57441871E-04
3.70631325E-01  4.34203781E-02  4.57582064E-04
3.70878001E-01  4.26926650E-02  4.64969198E-04
3.71124677E-01  3.97737622E-02  4.36649687E-04
3.71371354E-01  4.25435863E-02  4.48863051E-04
3.71618030E-01  4.17429544E-02  4.52012464E-04
3.71864707E-01  4.16905098E-02  4.38787189E-04
3.72111383E-01  4.15171087E-02  4.56817390E-04
3.72358060E-01  4.34794687E-02  4.48321312E-04
3.72604736E-01  4.11617681E-02  4.53313987E-04
3.72851412E-01  4.00091484E-02  4.45394777E-04
3.73098089E-01  3.94147672E-02  4.36171715E-04
3.73344765E-01  4.23209220E-02  4.67137841E-04
3.73591442E-01  4.36157659E-02  4.64672077E-04
3.73838118E-01  4.04074043E-02  4.42455173E-04
3.74084795E-01  4.20206152E-02  4.44678240E-04
3.74331471E-01  3.92360277E-02  4.47094673E-04
3.74578147E-01  4.17106971E-02  4.52853710E-04
3.74824824E-01  3.84509042E-02  4.38288989E-04
3.75071500E-01  4.04547453E-02  4.60406416E-04
3.75318177E-01  4.14271727E-02  4.50743159E-04
3.75564853E-01  3.95610444E-02  4.47666011E-04
3.75811529E-01  4.20627743E-02  4.61788091E-04
3.76058206E-01  4.26156446E-02  4.59194154E-04
3.76304882E-01  4.00141552E-02  4.43959550E-04
3.76551559E-01  4.44959477E-02  4.73796157E-04
3.76798235E-01  4.10552174E-02  4.48753766E-04
3.77044912E-01  4.07377481E-02  4.57624439E-04
3.77291588E-01  4.22952957E-02  4.59997478E-04
3.77538264E-01  4.04644273E-02  4.47570725E-04
3.77784941E-01  4.25043590E-02  4.65556135E-04
3.78031617E-01  4.01212461E-02  4.43340832E-04
3.78278294E-01  4.06863466E-02  4.52276960E-04
3.78524970E-01  4.21614945E-02  4.53097717E-04
3.78771647E-01  4.16112058E-02  4.63356060E-04
3.79018323E-01  4.05311882E-02  4.51500353E-04
3.79264999E-01  4.01350185E-02  4.60646464E-04
3.79511676E-01  4.27057706E-02  4.60686890E-04
3.79758352E-01  4.01069932E-02  4.59361065E-04
3.80005029E-01  4.13508862E-02  4.53568151E-04
3.80251705E-01  4.20715250E-02  4.52878419E-04
3.80498382E-01  4.11319807E-02  4.60958167E-04
3.80745058E-01  4.00032252E-02  4.54244233E-04
3.80991734E-01  4.19675224E-02  4.63207194E-04
3.81238411E-01  4.17332277E-02  4.55865666E-04
3.81485087E-01  4.08096761E-02  4.82823933E-04
3.81731764E-01  4.06262055E-02  4.62270924E-04
3.81978440E-01  4.35351692E-02  4.67257050E-04
3.82225116E-01  4.13309783E-02  4.79020411E-04
3.82471793E-01  4.50291447E-02  4.93609114E-04
3.82718469E-01  4.00554016E-02  4.76915709E-04
3.82965146E-01  4.09247279E-02  4.79216455E-04
3.83211822E-01  4.06234488E-02  4.91884304E-04
3.83458499E-01  4.02915217E-02  4.83915122E-04
3.83705175E-01  4.03771028E-02  4.93068539E-04
3.83951851E-01  3.90269198E-02  4.80004004E-04
3.84198528E-01  4.09443118E-02  5.00426744E-04
3.84445204E-01  4.24934886E-02  5.15394553E-04
3.84691881E-01  4.29474302E-02  5.00461087E-04
3.84938557E-01  4.13285978E-02  5.10311860E-04
3.85185234E-01  4.39297184E-02  5.39579312E-04
3.85431910E-01  4.30215336E-02  5.35946281E-04
3.85678586E-01  4.02550586E-02  5.04487893E-04
3.85925263E-01  4.09533307E-02  5.15153573E-04
3.86171939E-01  4.06655669E-02  5.31157071E-04
3.86418616E-01  4.14744839E-02  5.28137956E-04
3.86665292E-01  4.30938788E-02  5.41899761E-04
3.86911968E-01  4.04385887E-02  5.22894319E-04
3.87158645E-01  4.09221910E-02  5.32907608E-04
3.87405321E-01  4.22442071E-02  5.34583582E-04
3.87651998E-01  3.98990959E-02  5.10027050E-04
3.87898674E-01  4.00665700E-02  5.11881546E-04
3.88145351E-01  4.15489487E-02  5.10723155E-04
3.88392027E-01  4.02200632E-02  5.35108498E-04
3.88638703E-01  4.25323769E-02  5.48971992E-04
3.88885380E-01  4.08173427E-02  5.41870191E-04
3.89132056E-01  3.83118056E-02  5.20341215E-04
3.89378733E-01  4.23580967E-02  5.48551208E-04
3.89625409E-01  4.05841619E-02  5.43755654E-04
3.89872086E-01  4.09929156E-02  5.37374406E-04
3.90118762E-01  4.27720435E-02  5.57052961E-04
3.90365438E-01  3.99272554E-02  5.28720499E-04
3.90612115E-01  4.25778180E-02  5.44512877E-04
3.90858791E-01  4.34061214E-02  5.18700399E-04
3.91105468E-01  3.80427763E-02  4.90177015E-04
3.91352144E-01  4.18136604E-02  5.30102872E-04
3.91598821E-01  4.21978459E-02  5.21530397E-04
3.91845497E-01  4.06415723E-02  4.99094953E-04
3.92092173E-01  4.18476015E-02  4.90988838E-04
3.92338850E-01  4.07860875E-02  5.01024188E-04
3.92585526E-01  4.25632261E-02  5.13687730E-04
3.92832203E-01  4.05428261E-02  4.96903493E-04
3.93078879E-01  4.07854877E-02  4.96584980E-04
3.93325555E-01  4.38469909E-02  5.26135787E-04
3.93572232E-01  4.19888981E-02  5.04358555E-04
3.93818908E-01  3.92296128E-02  4.76283720E-04
3.94065585E-01  3.90146337E-02  4.91644430E-04
3.94312261E-01  3.86270881E-02  4.78726986E-04
3.94558938E-01  4.15183455E-02  4.97044122E-04
3.94805614E-01  3.73467542E-02  4.71312611E-04
3.95052290E-01  4.10918333E-02  5.00332564E-04
3.95298967E-01  4.05925885E-02  4.87443438E-04
3.95545643E-01  4.17750962E-02  5.02477633E-04
3.95792320E-01  4.01696377E-02  4.88225574E-04
3.96038996E-01  4.28537391E-02  5.15309395E-04
3.96285673E-01  4.01856452E-02  4.84779710E-04
3.96532349E-01  3.88667509E-02  4.78823727E-04
3.96779025E-01  4.04564627E-02  4.82927251E-04
3.97025702E-01  4.22450528E-02  4.94005100E-04
3.97272378E-01  3.89948748E-02  4.70271130E-04
3.97519055E-01  4.28419672E-02  4.84262506E-04
3.97765731E-01  4.19030078E-02  4.93286119E-04
3.98012407E-01  4.29415815E-02  5.00958762E-04
3.98259084E-01  4.12798785E-02  4.75077919E-04
3.98505760E-01  3.96028012E-02  4.90223756E-04
3.98752437E-01  3.99972871E-02  4.74462780E-04
3.98999113E-01  4.08932380E-02  5.05221542E-04
3.99245790E-01  3.88337933E-02  4.79976617E-04
3.99492466E-01  3.74430828E-02  4.54030931E-04
3.99739142E-01  4.11786176E-02  4.87865094E-04
3.99985819E-01  3.96490768E-02  4.86557430E-04
4.00232495E-01  4.04413156E-02  4.74452332E-04
4.00479172E-01  3.59122753E-02  4.58650175E-04
4.00725848E-01  4.15171459E-02  4.88754187E-04
4.00972525E-01  3.99456657E-02  4.95729910E-04
4.01219201E-01  4.29832451E-02  4.95096901E-04
4.01465877E-01  4.18879576E-02  4.70651721E-04
4.01712554E-01  3.65699567E-02  4.54008376E-04
4.01959230E-01  3.94512489E-02  4.71960200E-04
4.02205907E-01  4.14081626E-02  4.83203446E-04
4.02452583E-01  4.08599190E-02  4.81310475E-04
4.02699260E-01  3.90699245E-02  4.85286728E-04
4.02945936E-01  4.13169786E-02  4.85209137E-04
4.03192612E-01  4.19594646E-02  4.88582416E-04
4.03439289E-01  3.96690927E-02  4.77756985E-04
4.03685965E-01  3.88800539E-02  4.75736393E-04
4.03932642E-01  3.89429666E-02  4.68138111E-04
4.04179318E-01  4.29894850E-02  4.86168079E-04
4.04425994E-01  4.00925875E-02  4.68274317E-04
4.04672671E-01  4.13854569E-02  4.90627717E-04
4.04919347E-01  3.99051495E-02  4.92554042E-04
4.05166024E-01  4.13894914E-02  4.73176333E-04
4.05412700E-01  3.90019417E-02  4.73655440E-04
4.05659377E-01  3.81610990E-02  4.61761316E-04
4.05906053E-01  3.85244153E-02  4.76984860E-04
4.06152729E-01  4.04279567E-02  4.77712660E-04
4.06399406E-01  3.99893187E-02  4.70739848E-04
4.06646082E-01  4.00699824E-02  4.75387642E-04
4.06892759E-01  4.06049527E-02  4.70995321E-04
4.07139435E-01  4.22003195E-02  4.89772065E-04
4.07386112E-01  3.93664651E-02  4.62366588E-04
4.07632788E-01  3.90206538E-02  4.71329869E-04
4.07879464E-01  4.27461863E-02  4.91713174E-04
4.08126141E-01  4.21033651E-02  4.95407672E-04
4.08372817E-01  3.99788059E-02  4.74924804E-04
4.08619494E-01  4.05317359E-02  4.74631146E-04
4.08866170E-01  4.10114676E-02  4.80384100E-04
4.09112847E-01  4.03052941E-02  4.84657619E-04
4.09359523E-01  3.92099991E-02  4.67346574E-04
4.09606199E-01  3.86259258E-02  4.77248454E-04
4.09852876E-01  3.83115783E-02  4.64388781E-04
4.10099552E-01  4.03101593E-02  4.94415814E-04
4.10346229E-01  4.32781912E-02  4.97666479E-04
4.10592905E-01  3.82324494E-02  4.61878808E-04
4.10839581E-01  4.16382216E-02  4.89967177E-04
4.11086258E-01  3.96497734E-02  4.76091431E-04
4.11332934E-01  4.13794778E-02  4.79188864E-04
4.11579611E-01  4.18212488E-02  4.79684008E-04
4.11826287E-01  3.98505591E-02  4.67086415E-04
4.12072964E-01  4.20720875E-02  4.84485208E-04
4.12319640E-01  4.03373428E-02  4.70918254E-04
4.12566316E-01  4.27632444E-02  4.81394905E-04
4.12812993E-01  3.89048122E-02  4.69653110E-04
4.13059669E-01  4.07545120E-02  4.78915783E-04
4.13306346E-01  4.34353836E-02  4.92107298E-04
4.13553022E-01  3.91559191E-02  4.71514271E-04
4.13799699E-01  4.03985754E-02  4.65749908E-04
4.14046375E-01  3.91478688E-02  4.74838249E-04
4.14293051E-01  4.11464274E-02  4.84328601E-04
4.14539728E-01  4.16904837E-02  4.89985687E-04
4.14786404E-01  4.07783352E-02  4.73639404E-04
4.15033081E-01  4.14274037E-02  4.92690247E-04
4.15279757E-01  4.00624014E-02  4.79760813E-04
4.15526433E-01  4.22429703E-02  4.77580703E-04
4.15773110E-01  4.14048918E-02  4.82973235E-04
4.16019786E-01  3.71426828E-02  4.51840286E-04
4.16266463E-01  4.17688712E-02  4.98277775E-04
4.16513139E-01  3.93547006E-02  4.74212051E-04
4.16759816E-01  3.93467024E-02  4.60743526E-04
4.17006492E-01  4.20189202E-02  4.88766469E-04
4.17253168E-01  4.21711467E-02  4.90404433E-04
4.17499845E-01  4.13122438E-02  4.94309876E-04
4.17746521E-01  3.77188064E-02  4.76241374E-04
4.17993198E-01  3.95340323E-02  4.82701318E-04
4.18239874E-01  3.66790481E-02  4.61269403E-04
4.18486551E-01  3.88561599E-02  4.55652655E-04
4.18733227E-01  4.14543971E-02  4.82704054E-04
4.18979903E-01  3.99030112E-02  4.78434697E-04
4.19226580E-01  4.02788781E-02  4.71943669E-04
4.19473256E-01  4.09990549E-02  4.69268241E-04
4.19719933E-01  3.73913385E-02  4.54258872E-04
4.19966609E-01  4.10537831E-02  4.76813206E-04
4.20213286E-01  4.02223244E-02  4.73332213E-04
4.20459962E-01  4.05387096E-02  4.74404107E-04
4.20706638E-01  4.01485153E-02  4.93382977E-04
4.20953315E-01  3.78143676E-02  4.60005074E-04
4.21199991E-01  4.14155573E-02  4.68102226E-04
4.21446668E-01  3.91537249E-02  4.73288208E-04
4.21693344E-01  4.09356728E-02  4.76599904E-04
4.21940020E-01  4.07165177E-02  4.65922116E-04
4.22186697E-01  3.92628722E-02  4.84058924E-04
4.22433373E-01  4.28424105E-02  4.90064558E-04
4.22680050E-01  4.16062288E-02  4.81508003E-04
4.22926726E-01  4.26335260E-02  4.97240224E-04
4.23173403E-01  4.18258011E-02  4.82292351E-04
4.23420079E-01  4.14487496E-02  4.67588776E-04
4.23666755E-01  3.95697579E-02  4.51930799E-04
4.23913432E-01  3.97496745E-02  4.77619411E-04
4.24160108E-01  3.91859934E-02  4.72764863E-04
4.24406785E-01  3.93999033E-02  4.73075605E-04
4.24653461E-01  4.06610891E-02  4.67444246E-04
4.24900138E-01  4.06691432E-02  4.67789680E-04
4.25146814E-01  4.31117229E-02  4.84464923E-04
4.25393490E-01  4.15874459E-02  4.88883001E-04
4.25640167E-01  3.88477556E-02  4.61698335E-04
4.25886843E-01  3.99543941E-02  4.69569030E-04
4.26133520E-01  4.11603674E-02  4.77503054E-04
4.26380196E-01  4.07661125E-02  4.71387466E-04
4.26626872E-01  4.10236381E-02  4.77741298E-04
4.26873549E-01  4.21812013E-02  4.79818467E-04
4.27120225E-01  4.01130207E-02  4.70455881E-04
4.27366902E-01  3.92885245E-02  4.64507088E-04
4.27613578E-01  3.94677222E-02  4.68092563E-04
4.27860255E-01  4.11233082E-02  4.80794202E-04
4.28106931E-01  4.23641168E-02  4.72806802E-04
4.28353607E-01  3.78722772E-02  4.62328637E-04
4.28600284E-01  3.86528224E-02  4.57510643E-04
4.28846960E-01  4.19588238E-02  4.73075779E-04
4.29093637E-01  4.18745764E-02  4.83051001E-04
4.29340313E-01  3.98755670E-02  4.78227943E-04
4.29586990E-01  4.39419858E-02  5.08053170E-04
4.29833666E-01  3.91320772E-02  4.55316942E-04
4.30080342E-01  3.95701788E-02  4.69084713E-04
4.30327019E-01  4.00984921E-02  4.74059139E-04
4.30573695E-01  4.10097577E-02  4.66951780E-04
4.30820372E-01  4.18724045E-02  4.87607962E-04
4.31067048E-01  4.02768366E-02  4.71438863E-04
4.31313725E-01  4.09883261E-02  4.65929363E-04
4.31560401E-01  4.20247018E-02  4.84460354E-04
4.31807077E-01  3.88572700E-02  4.65471385E-04
4.32053754E-01  3.98910418E-02  4.58649534E-04
4.32300430E-01  3.95988300E-02  4.77813330E-04
4.32547107E-01  4.02783602E-02  4.73307940E-04
4.32793783E-01  4.05612215E-02  4.73594060E-04
4.33040459E-01  3.83274332E-02  4.51785891E-04
4.33287136E-01  3.97643857E-02  4.87503246E-04
4.33533812E-01  4.16764617E-02  4.90938954E-04
4.33780489E-01  4.25247848E-02  4.98982961E-04
4.34027165E-01  4.08461913E-02  4.84947552E-04
4.34273842E-01  4.03704792E-02  4.74314438E-04
4.34520518E-01  3.72330733E-02  4.60718526E-04
4.34767194E-01  3.66038904E-02  4.50344029E-04
4.35013871E-01  3.80321741E-02  4.52951004E-04
4.35260547E-01  4.07458693E-02  4.73184627E-04
4.35507224E-01  3.91496345E-02  4.62227530E-04
4.35753900E-01  4.17416058E-02  4.90991632E-04
4.36000577E-01  4.17161100E-02  4.79098497E-04
4.36247253E-01  4.18793745E-02  4.83151991E-04
4.36493929E-01  4.12786342E-02  4.79360810E-04
4.36740606E-01  3.69031169E-02  4.51905740E-04
4.36987282E-01  4.17281501E-02  4.86760429E-04
4.37233959E-01  4.06098589E-02  4.65543155E-04
4.37480635E-01  4.00381610E-02  4.71533625E-04
4.37727311E-01  3.97702903E-02  4.78702044E-04
4.37973988E-01  3.83470170E-02  4.66061028E-04
4.38220664E-01  4.14031669E-02  4.88114456E-04
4.38467341E-01  4.01696935E-02  4.72310872E-04
4.38714017E-01  4.03158851E-02  4.72953689E-04
4.38960694E-01  3.87120061E-02  4.50575171E-04
4.39207370E-01  4.06825244E-02  4.57781542E-04
4.39454046E-01  4.14124057E-02  4.78351896E-04
4.39700723E-01  4.38928492E-02  4.85049328E-04
4.39947399E-01  3.94916795E-02  4.74471453E-04
4.40194076E-01  3.97465341E-02  4.68928309E-04
4.40440752E-01  3.87811512E-02  4.63298871E-04
4.40687429E-01  4.14401889E-02  4.76156303E-04
4.40934105E-01  4.07774076E-02  4.79501789E-04
4.41180781E-01  4.11878750E-02  4.66308586E-04
4.41427458E-01  4.02527079E-02  4.68846527E-04
4.41674134E-01  3.96929197E-02  4.78162372E-04
4.41920811E-01  4.02769893E-02  4.59303352E-04
4.42167487E-01  4.11927514E-02  4.76147397E-04
4.42414164E-01  4.23356667E-02  4.82358853E-04
4.42660840E-01  3.85756530E-02  4.80459857E-04
4.42907516E-01  4.15063836E-02  4.86693403E-04
4.43154193E-01  3.96953113E-02  4.81236610E-04
4.43400869E-01  4.17008065E-02  4.95773740E-04
4.43647546E-01  4.14985083E-02  4.81390802E-04
4.43894222E-01  4.21310887E-02  4.83321550E-04
4.44140898E-01  4.01654057E-02  4.62949334E-04
4.44387575E-01  4.05284651E-02  4.71430569E-04
4.44634251E-01  3.98070887E-02  4.79595532E-04
4.44880928E-01  4.05075140E-02  4.78255970E-04
4.45127604E-01  3.95941846E-02  4.75666631E-04
4.45374281E-01  4.13112976E-02  4.91141225E-04
4.45620957E-01  3.89499702E-02  4.65239631E-04
4.45867633E-01  4.06460874E-02  4.72176500E-04
4.46114310E-01  4.25071493E-02  4.85766475E-04
4.46360986E-01  4.12646346E-02  4.79003153E-04
4.46607663E-01  4.09040228E-02  4.73968830E-04
4.46854339E-01  4.13774848E-02  4.93838103E-04
4.47101016E-01  4.04294431E-02  4.82770614E-04
4.47347692E-01  4.08195257E-02  4.77992115E-04
4.47594368E-01  4.02108543E-02  4.68947954E-04
4.47841045E-01  4.20917757E-02  4.84944641E-04
4.48087721E-01  4.04478647E-02  4.76744521E-04
4.48334398E-01  3.75562161E-02  4.57306538E-04
4.48581074E-01  3.96036059E-02  4.66511003E-04
4.48827751E-01  4.12946530E-02  4.74720931E-04
4.49074427E-01  3.89085114E-02  4.70440718E-04
4.49321103E-01  3.77075449E-02  4.47184313E-04
4.49567780E-01  4.12025787E-02  4.86724835E-04
4.49814456E-01  4.25657369E-02  4.99485235E-04
4.50061133E-01  3.95829193E-02  4.66984377E-04
4.50307809E-01  4.11317274E-02  4.84926248E-04
4.50554485E-01  4.05208059E-02  4.80556104E-04
4.50801162E-01  4.03220318E-02  4.69208957E-04
4.51047838E-01  4.10321541E-02  4.92304447E-04
4.51294515E-01  3.94988991E-02  4.75670589E-04
4.51541191E-01  3.71840335E-02  4.43279743E-04
4.51787868E-01  3.97871137E-02  4.73090477E-04
4.52034544E-01  3.98743115E-02  4.71763167E-04
4.52281220E-01  3.93317491E-02  4.69704915E-04
4.52527897E-01  3.82562652E-02  4.47244849E-04
4.52774573E-01  4.25947085E-02  4.77589725E-04
4.53021250E-01  4.03376818E-02  4.58935305E-04
4.53267926E-01  4.10974137E-02  4.56676818E-04
4.53514603E-01  3.88868041E-02  4.61799820E-04
4.53761279E-01  4.08098213E-02  4.72267653E-04
4.54007955E-01  4.22246866E-02  4.79095965E-04
4.54254632E-01  3.87015566E-02  4.47187194E-04
4.54501308E-01  4.18378264E-02  4.65955760E-04
4.54747985E-01  4.25347723E-02  4.77904599E-04
4.54994661E-01  3.95685658E-02  4.47576749E-04
4.55241337E-01  3.94234248E-02  4.55915317E-04
4.55488014E-01  3.93328480E-02  4.51450964E-04
4.55734690E-01  3.89042273E-02  4.56047186E-04
4.55981367E-01  4.23227325E-02  4.75625973E-04
4.56228043E-01  4.01589796E-02  4.51156637E-04
4.56474720E-01  4.07290272E-02  4.58426890E-04
4.56721396E-01  3.90076861E-02  4.62878495E-04
4.56968072E-01  4.10844870E-02  4.70741477E-04
4.57214749E-01  4.14477736E-02  4.65225196E-04
4.57461425E-01  4.15387750E-02  4.68779035E-04
4.57708102E-01  3.87832113E-02  4.46423073E-04
4.57954778E-01  4.02254127E-02  4.53461864E-04
4.58201455E-01  4.34312075E-02  4.94524662E-04


### HEADER:
#
#{
#    "analysis": {},
#    "calibration_params": {
#        "Beam_Center_X": 1092.0,
#        "Beam_Center_Y": 2091.0,
#        "Detector Tilt": 0.0,
#        "Detector Tilt Plane Rotation": 0.0,
#        "Detector_X_Pixel_Size": 75.0,
#        "Detector_Y_Pixel_Size": 75.0,
#        "Integration Method": "nosplit_csr",
#        "Radial_Average_Method": "pyFAI",
#        "Sample-to-detector distance (mm)": 1731.0,
#        "Wavelength (A)": 1.0993212460550197
#    },
#    "config_file": "/mnt/home/chess_id7a/.RAW/backup.cfg",
#    "counters": {
#        "Epoch": "135.269",
#        "I1": "0",
#        "I2": "0",
#        "I3": "0",
#        "Seconds": "0.3",
#        "Time": "1.4782e-05",
#        "date": "Thu May 16 21:14:25 2024",
#        "diode": "15743"
#    },
#    "filename": "D1M0006_35C_100MPa_up_3_data_000001_00001.h5",
#    "history": {},
#    "imageHeader": {},
#    "load_path": "/nfs/chess/daq/current/id7a/Budin_05_16_24/D1M0006/D1M0006_35C_100MPa_up_3_data_000001.h5",
#    "normalizations": {
#        "Absolute_scale": {
#            "Absolute_scale_factor": 0.01111656324368444,
#            "Method": "Water"
#        },
#        "Counter_norms": [
#            [
#                "/",
#                "diode/150000"
#            ]
#        ],
#        "Polarization": {
#            "Used": false
#        },
#        "Solid_Angle_Correction": "On"
#    },
#    "raw_version": "2.1.4"
#}

