### DATA:
#
# 1823
#      Q             I(Q)           Error     
8.75701299E-03  0.00000000E+00  0.00000000E+00
9.00368942E-03  0.00000000E+00  0.00000000E+00
9.25036584E-03  2.87657650E-03  9.25689121E-04
9.49704226E-03  0.00000000E+00  0.00000000E+00
9.74371868E-03  2.41894042E-03  7.80138944E-04
9.99039511E-03  0.00000000E+00  0.00000000E+00
1.02370715E-02  1.93515315E-03  6.25561399E-04
1.04837480E-02  0.00000000E+00  0.00000000E+00
1.07304244E-02  0.00000000E+00  0.00000000E+00
1.09771008E-02  0.00000000E+00  0.00000000E+00
1.12237772E-02  1.66302396E-03  5.38292108E-04
1.14704536E-02  0.00000000E+00  0.00000000E+00
1.17171301E-02  1.47824420E-03  4.78904025E-04
1.19638065E-02  5.52901905E-03  8.78159772E-04
1.22104829E-02  2.44675041E-03  5.57909778E-04
1.24571593E-02  2.25847065E-01  2.22736858E-02
1.27038358E-02  5.73438704E-01  4.59620580E-02
1.29505122E-02  7.48792648E-01  4.72544394E-02
1.31971886E-02  6.78254366E-01  3.60717438E-02
1.34438650E-02  6.79456174E-01  3.28337736E-02
1.36905414E-02  6.59889758E-01  2.85955500E-02
1.39372179E-02  6.06292903E-01  2.49639023E-02
1.41838943E-02  5.85386455E-01  2.31798254E-02
1.44305707E-02  4.71483648E-01  1.80093162E-02
1.46772471E-02  5.37675023E-01  1.81826558E-02
1.49239236E-02  5.17489433E-01  1.71063337E-02
1.51706000E-02  4.49479133E-01  1.47573203E-02
1.54172764E-02  4.25736308E-01  1.28671685E-02
1.56639528E-02  4.02872831E-01  1.12550091E-02
1.59106292E-02  3.69140685E-01  1.17158797E-02
1.61573057E-02  3.96947175E-01  1.13064321E-02
1.64039821E-02  3.52466971E-01  9.44693852E-03
1.66506585E-02  3.84014845E-01  9.99181625E-03
1.68973349E-02  3.22973073E-01  8.53013247E-03
1.71440114E-02  3.51402313E-01  8.47855024E-03
1.73906878E-02  3.23832303E-01  7.64512969E-03
1.76373642E-02  2.79883146E-01  6.52465411E-03
1.78840406E-02  3.03989112E-01  6.89185178E-03
1.81307170E-02  2.79908955E-01  5.84461913E-03
1.83773935E-02  2.76884109E-01  6.38083275E-03
1.86240699E-02  2.40178093E-01  5.32326428E-03
1.88707463E-02  2.32221067E-01  5.06652845E-03
1.91174227E-02  2.12869406E-01  4.87814145E-03
1.93640992E-02  2.01969549E-01  4.71120467E-03
1.96107756E-02  1.90497950E-01  4.66067065E-03
1.98574520E-02  1.89288303E-01  4.84428974E-03
2.01041284E-02  1.69354960E-01  3.83565389E-03
2.03508048E-02  1.60462826E-01  3.71089694E-03
2.05974813E-02  1.48513943E-01  3.39314202E-03
2.08441577E-02  1.52187660E-01  3.17432499E-03
2.10908341E-02  1.64490595E-01  3.33433133E-03
2.13375105E-02  1.47169575E-01  2.96112034E-03
2.15841870E-02  1.47500739E-01  2.90706079E-03
2.18308634E-02  1.34272158E-01  2.85259285E-03
2.20775398E-02  1.32749557E-01  2.53830221E-03
2.23242162E-02  1.22951180E-01  2.37677712E-03
2.25708926E-02  1.32058740E-01  2.52460898E-03
2.28175691E-02  1.25306994E-01  2.56857509E-03
2.30642455E-02  1.31270468E-01  2.67389044E-03
2.33109219E-02  1.14240848E-01  2.34479853E-03
2.35575983E-02  1.11136258E-01  2.28563230E-03
2.38042748E-02  1.15777999E-01  2.28213076E-03
2.40509512E-02  1.15124375E-01  2.12768745E-03
2.42976276E-02  1.04348823E-01  1.98114198E-03
2.45443040E-02  9.78291854E-02  1.68881856E-03
2.47909804E-02  1.00892380E-01  1.76498026E-03
2.50376569E-02  9.91916433E-02  1.85899017E-03
2.52843333E-02  1.07541867E-01  1.89181278E-03
2.55310097E-02  1.04224443E-01  1.91717618E-03
2.57776861E-02  1.01855360E-01  1.72327273E-03
2.60243626E-02  1.09291829E-01  1.75359601E-03
2.62710390E-02  1.12290278E-01  1.85537990E-03
2.65177154E-02  1.03010811E-01  1.71124353E-03
2.67643918E-02  9.12312120E-02  1.72522012E-03
2.70110682E-02  8.86970684E-02  1.61627214E-03
2.72577447E-02  9.53494012E-02  1.60824414E-03
2.75044211E-02  9.61686075E-02  1.64842303E-03
2.77510975E-02  9.22914967E-02  1.48034561E-03
2.79977739E-02  9.35424268E-02  1.45592121E-03
2.82444504E-02  9.99155194E-02  1.52401137E-03
2.84911268E-02  9.80654433E-02  1.58821023E-03
2.87378032E-02  9.40498859E-02  1.54411758E-03
2.89844796E-02  9.52103958E-02  1.44094613E-03
2.92311561E-02  9.29286629E-02  1.53224345E-03
2.94778325E-02  9.41475108E-02  1.48041523E-03
2.97245089E-02  9.78429243E-02  1.51805696E-03
2.99711853E-02  9.87275615E-02  1.49753247E-03
3.02178617E-02  8.92005563E-02  1.44921057E-03
3.04645382E-02  8.72614682E-02  1.45588128E-03
3.07112146E-02  9.28185508E-02  1.35456398E-03
3.09578910E-02  9.26439390E-02  1.48423633E-03
3.12045674E-02  9.44303647E-02  1.49404700E-03
3.14512439E-02  8.73183757E-02  1.37556565E-03
3.16979203E-02  9.44970250E-02  1.44913921E-03
3.19445967E-02  8.85687619E-02  1.36578502E-03
3.21912731E-02  8.91883597E-02  1.41811732E-03
3.24379495E-02  8.54640752E-02  1.26278866E-03
3.26846260E-02  8.76436532E-02  1.36320270E-03
3.29313024E-02  9.59469900E-02  1.37696683E-03
3.31779788E-02  8.66061971E-02  1.26575294E-03
3.34246552E-02  8.53407681E-02  1.30809250E-03
3.36713317E-02  8.81385058E-02  1.33632962E-03
3.39180081E-02  8.48210678E-02  1.20731501E-03
3.41646845E-02  8.92233253E-02  1.35843328E-03
3.44113609E-02  8.61902609E-02  1.31698954E-03
3.46580373E-02  8.57015699E-02  1.25443004E-03
3.49047138E-02  8.80442262E-02  1.34539267E-03
3.51513902E-02  8.64929780E-02  1.27620297E-03
3.53980666E-02  8.31834450E-02  1.21528283E-03
3.56447430E-02  8.89350101E-02  1.26999081E-03
3.58914195E-02  9.56877694E-02  1.42953428E-03
3.61380959E-02  9.19565707E-02  1.33471517E-03
3.63847723E-02  9.19325873E-02  1.32111472E-03
3.66314487E-02  7.92107731E-02  1.23800314E-03
3.68781251E-02  9.67945531E-02  1.30929134E-03
3.71248016E-02  9.60465521E-02  1.39615731E-03
3.73714780E-02  9.38774720E-02  1.23006734E-03
3.76181544E-02  8.50491896E-02  1.24574150E-03
3.78648308E-02  8.69795233E-02  1.25406578E-03
3.81115073E-02  8.92885402E-02  1.24080526E-03
3.83581837E-02  8.42579156E-02  1.25709886E-03
3.86048601E-02  9.03522894E-02  1.22289162E-03
3.88515365E-02  8.83047655E-02  1.32339424E-03
3.90982129E-02  9.70736295E-02  1.33136183E-03
3.93448894E-02  9.01162699E-02  1.30084448E-03
3.95915658E-02  9.49027389E-02  1.25159987E-03
3.98382422E-02  9.84735563E-02  1.24577107E-03
4.00849186E-02  9.05665532E-02  1.32735888E-03
4.03315951E-02  8.66454542E-02  1.22479047E-03
4.05782715E-02  1.01349615E-01  1.33805675E-03
4.08249479E-02  9.67792347E-02  1.30873593E-03
4.10716243E-02  8.98836479E-02  1.26508181E-03
4.13183007E-02  9.26493257E-02  1.33710902E-03
4.15649772E-02  9.36363786E-02  1.28167460E-03
4.18116536E-02  1.00562423E-01  1.33725966E-03
4.20583300E-02  9.80931967E-02  1.33736816E-03
4.23050064E-02  8.91468525E-02  1.24186580E-03
4.25516829E-02  9.69238654E-02  1.32012251E-03
4.27983593E-02  1.02178097E-01  1.28680700E-03
4.30450357E-02  9.79266092E-02  1.28558499E-03
4.32917121E-02  9.68654230E-02  1.27692369E-03
4.35383885E-02  9.48358551E-02  1.20581395E-03
4.37850650E-02  9.64296237E-02  1.28413830E-03
4.40317414E-02  9.43029225E-02  1.21677294E-03
4.42784178E-02  1.07965276E-01  1.38740370E-03
4.45250942E-02  1.04915448E-01  1.29145337E-03
4.47717707E-02  1.01246759E-01  1.25490339E-03
4.50184471E-02  1.10239133E-01  1.30379410E-03
4.52651235E-02  1.08356841E-01  1.24215020E-03
4.55117999E-02  1.10066630E-01  1.26662361E-03
4.57584764E-02  1.15325749E-01  1.36697956E-03
4.60051528E-02  1.06443256E-01  1.26063649E-03
4.62518292E-02  1.08812064E-01  1.33473333E-03
4.64985056E-02  1.05589658E-01  1.27819704E-03
4.67451820E-02  1.22049429E-01  1.38919556E-03
4.69918585E-02  1.15882777E-01  1.28989469E-03
4.72385349E-02  1.17469870E-01  1.32381811E-03
4.74852113E-02  1.24257594E-01  1.45087577E-03
4.77318877E-02  1.21235624E-01  1.28688151E-03
4.79785642E-02  1.17859088E-01  1.35516922E-03
4.82252406E-02  1.33372575E-01  1.33843219E-03
4.84719170E-02  1.28620312E-01  1.30484393E-03
4.87185934E-02  1.22042894E-01  1.36422005E-03
4.89652698E-02  1.35615230E-01  1.42284238E-03
4.92119463E-02  1.29893854E-01  1.36812800E-03
4.94586227E-02  1.39725402E-01  1.40230753E-03
4.97052991E-02  1.39133900E-01  1.46506506E-03
4.99519755E-02  1.47008941E-01  1.47840206E-03
5.01986520E-02  1.35066867E-01  1.48784230E-03
5.04453284E-02  1.51157796E-01  1.56189664E-03
5.06920048E-02  1.50899708E-01  1.47667353E-03
5.09386812E-02  1.58638269E-01  1.62541610E-03
5.11853576E-02  1.60956770E-01  1.51464704E-03
5.14320341E-02  1.70970425E-01  1.63566601E-03
5.16787105E-02  1.65854514E-01  1.74796453E-03
5.19253869E-02  1.72396392E-01  1.62292633E-03
5.21720633E-02  1.83935806E-01  1.77253096E-03
5.24187398E-02  1.81250051E-01  1.85588258E-03
5.26654162E-02  2.00735018E-01  1.86403922E-03
5.29120926E-02  2.01917961E-01  1.96116185E-03
5.31587690E-02  2.02949926E-01  1.93603302E-03
5.34054454E-02  2.33864531E-01  2.28521763E-03
5.36521219E-02  2.36320034E-01  2.35692714E-03
5.38987983E-02  2.48938441E-01  2.47233943E-03
5.41454747E-02  2.58627385E-01  2.57417723E-03
5.43921511E-02  2.57103741E-01  2.73476029E-03
5.46388276E-02  2.85775632E-01  2.98474729E-03
5.48855040E-02  2.91824132E-01  2.84832250E-03
5.51321804E-02  3.14881444E-01  3.36092967E-03
5.53788568E-02  3.31836373E-01  3.63468542E-03
5.56255332E-02  3.45736176E-01  3.68940667E-03
5.58722097E-02  3.77252311E-01  3.77948303E-03
5.61188861E-02  3.90143692E-01  4.00771759E-03
5.63655625E-02  4.36338186E-01  4.69538942E-03
5.66122389E-02  4.35820282E-01  4.62665549E-03
5.68589154E-02  4.68641371E-01  4.96187573E-03
5.71055918E-02  5.04403770E-01  5.19198133E-03
5.73522682E-02  5.25268614E-01  5.27563272E-03
5.75989446E-02  5.81279814E-01  5.78279374E-03
5.78456210E-02  5.97603500E-01  5.80601906E-03
5.80922975E-02  6.15792632E-01  5.84737631E-03
5.83389739E-02  6.66515112E-01  6.07539248E-03
5.85856503E-02  6.80871785E-01  6.13793451E-03
5.88323267E-02  7.35203683E-01  6.40308112E-03
5.90790032E-02  7.51293421E-01  6.37173560E-03
5.93256796E-02  7.88502097E-01  6.22463506E-03
5.95723560E-02  8.53879750E-01  6.70496561E-03
5.98190324E-02  8.66560042E-01  6.52851397E-03
6.00657088E-02  9.34052587E-01  6.86882576E-03
6.03123853E-02  9.68061447E-01  6.75968733E-03
6.05590617E-02  1.00228298E+00  6.73926808E-03
6.08057381E-02  1.04855990E+00  6.49582362E-03
6.10524145E-02  1.05537391E+00  6.23386912E-03
6.12990910E-02  1.11325502E+00  6.37070043E-03
6.15457674E-02  1.13984561E+00  5.82917454E-03
6.17924438E-02  1.19930756E+00  6.15881244E-03
6.20391202E-02  1.22087193E+00  5.63212438E-03
6.22857966E-02  1.25842524E+00  5.30835567E-03
6.25324731E-02  1.30255246E+00  5.51263476E-03
6.27791495E-02  1.31551659E+00  5.22411801E-03
6.30258259E-02  1.33292770E+00  5.06283483E-03
6.32725023E-02  1.39874923E+00  5.14952280E-03
6.35191788E-02  1.40442777E+00  4.99563152E-03
6.37658552E-02  1.43426323E+00  5.33560244E-03
6.40125316E-02  1.44370568E+00  5.55655127E-03
6.42592080E-02  1.46039295E+00  5.75851370E-03
6.45058845E-02  1.46524596E+00  6.01990568E-03
6.47525609E-02  1.48104274E+00  6.20897813E-03
6.49992373E-02  1.49023771E+00  6.97590923E-03
6.52459137E-02  1.50134945E+00  7.17493705E-03
6.54925901E-02  1.49922550E+00  7.46961217E-03
6.57392666E-02  1.47100127E+00  7.69220479E-03
6.59859430E-02  1.46113610E+00  8.03720485E-03
6.62326194E-02  1.43702435E+00  8.46800022E-03
6.64792958E-02  1.42425048E+00  8.53388291E-03
6.67259723E-02  1.41664946E+00  8.96567013E-03
6.69726487E-02  1.38551295E+00  9.06088948E-03
6.72193251E-02  1.33854258E+00  9.27284360E-03
6.74660015E-02  1.28655612E+00  8.99559259E-03
6.77126779E-02  1.26401365E+00  9.01573710E-03
6.79593544E-02  1.19238651E+00  8.96933675E-03
6.82060308E-02  1.16444993E+00  8.66847951E-03
6.84527072E-02  1.10250819E+00  8.70824046E-03
6.86993836E-02  1.03537202E+00  8.37029796E-03
6.89460601E-02  9.88376260E-01  7.96619244E-03
6.91927365E-02  9.12192881E-01  7.56204920E-03
6.94394129E-02  8.68660331E-01  7.35177845E-03
6.96860893E-02  8.24420094E-01  7.18544377E-03
6.99327657E-02  7.69677639E-01  6.63579721E-03
7.01794422E-02  6.91200495E-01  5.90895442E-03
7.04261186E-02  6.25033319E-01  5.57991024E-03
7.06727950E-02  5.94074428E-01  5.11012878E-03
7.09194714E-02  5.33021688E-01  4.64340393E-03
7.11661479E-02  4.84839797E-01  4.09636600E-03
7.14128243E-02  4.47000802E-01  3.77640338E-03
7.16595007E-02  4.02945668E-01  3.42978258E-03
7.19061771E-02  3.67104143E-01  3.07254773E-03
7.21528535E-02  3.53502870E-01  2.81528360E-03
7.23995300E-02  3.25765073E-01  2.54756887E-03
7.26462064E-02  2.93644398E-01  2.35895906E-03
7.28928828E-02  2.76551843E-01  2.18771258E-03
7.31395592E-02  2.53248036E-01  1.90681696E-03
7.33862357E-02  2.46130556E-01  1.92844821E-03
7.36329121E-02  2.29160085E-01  1.81380461E-03
7.38795885E-02  2.22443998E-01  1.72865135E-03
7.41262649E-02  2.04591393E-01  1.59868249E-03
7.43729413E-02  2.10003197E-01  1.64625770E-03
7.46196178E-02  1.92940623E-01  1.50216988E-03
7.48662942E-02  1.89209446E-01  1.49756949E-03
7.51129706E-02  1.85479626E-01  1.47859077E-03
7.53596470E-02  1.82353437E-01  1.47957215E-03
7.56063235E-02  1.71005741E-01  1.36372086E-03
7.58529999E-02  1.70278028E-01  1.41418388E-03
7.60996763E-02  1.74148947E-01  1.35820569E-03
7.63463527E-02  1.78874791E-01  1.41738972E-03
7.65930291E-02  1.65805459E-01  1.24620239E-03
7.68397056E-02  1.63906574E-01  1.32187770E-03
7.70863820E-02  1.61872551E-01  1.29949464E-03
7.73330584E-02  1.58148259E-01  1.27440738E-03
7.75797348E-02  1.59366354E-01  1.27754605E-03
7.78264113E-02  1.54973552E-01  1.25395053E-03
7.80730877E-02  1.52103141E-01  1.23794097E-03
7.83197641E-02  1.57054380E-01  1.28637569E-03
7.85664405E-02  1.49252519E-01  1.23530650E-03
7.88131169E-02  1.49067312E-01  1.20628858E-03
7.90597934E-02  1.50706813E-01  1.24257104E-03
7.93064698E-02  1.48042291E-01  1.13807735E-03
7.95531462E-02  1.51131347E-01  1.21330551E-03
7.97998226E-02  1.42608136E-01  1.18103041E-03
8.00464991E-02  1.36977062E-01  1.15513138E-03
8.02931755E-02  1.44943327E-01  1.18193659E-03
8.05398519E-02  1.41067907E-01  1.18169421E-03
8.07865283E-02  1.39396727E-01  1.16948341E-03
8.10332047E-02  1.41893253E-01  1.15513813E-03
8.12798812E-02  1.36158958E-01  1.16505136E-03
8.15265576E-02  1.33885607E-01  1.13393902E-03
8.17732340E-02  1.36127204E-01  1.16565533E-03
8.20199104E-02  1.32926852E-01  1.13622658E-03
8.22665869E-02  1.36680529E-01  1.13345485E-03
8.25132633E-02  1.35695845E-01  1.14262151E-03
8.27599397E-02  1.35326713E-01  1.14950817E-03
8.30066161E-02  1.34678006E-01  1.12122740E-03
8.32532926E-02  1.35873601E-01  1.14672817E-03
8.34999690E-02  1.37093246E-01  1.16728200E-03
8.37466454E-02  1.30384386E-01  1.08791306E-03
8.39933218E-02  1.35705441E-01  1.10586407E-03
8.42399982E-02  1.38185158E-01  1.11153675E-03
8.44866747E-02  1.34425506E-01  1.12885539E-03
8.47333511E-02  1.30595982E-01  1.08959642E-03
8.49800275E-02  1.40372485E-01  1.13433925E-03
8.52267039E-02  1.38093546E-01  1.14303036E-03
8.54733804E-02  1.37907252E-01  1.11569848E-03
8.57200568E-02  1.35077521E-01  1.08829944E-03
8.59667332E-02  1.34896547E-01  1.12105568E-03
8.62134096E-02  1.32684872E-01  1.06787041E-03
8.64600860E-02  1.33667797E-01  1.10757095E-03
8.67067625E-02  1.34983659E-01  1.07648375E-03
8.69534389E-02  1.31078884E-01  1.05571398E-03
8.72001153E-02  1.27851024E-01  1.08903623E-03
8.74467917E-02  1.29960150E-01  1.04245555E-03
8.76934682E-02  1.41147062E-01  1.13826047E-03
8.79401446E-02  1.35044605E-01  1.15886214E-03
8.81868210E-02  1.31413117E-01  1.10491284E-03
8.84334974E-02  1.37479708E-01  1.13306742E-03
8.86801738E-02  1.34441942E-01  1.06030982E-03
8.89268503E-02  1.30448639E-01  1.03936775E-03
8.91735267E-02  1.36965722E-01  1.10465533E-03
8.94202031E-02  1.36809453E-01  1.09125767E-03
8.96668795E-02  1.36341482E-01  1.13083387E-03
8.99135560E-02  1.40972808E-01  1.08884450E-03
9.01602324E-02  1.37798071E-01  1.11091789E-03
9.04069088E-02  1.40716627E-01  1.09932618E-03
9.06535852E-02  1.46083370E-01  1.10748876E-03
9.09002616E-02  1.44446313E-01  1.14571257E-03
9.11469381E-02  1.41605645E-01  1.10027730E-03
9.13936145E-02  1.39908329E-01  1.15012436E-03
9.16402909E-02  1.45743832E-01  1.09640579E-03
9.18869673E-02  1.45620301E-01  1.14255957E-03
9.21336438E-02  1.48698449E-01  1.15913467E-03
9.23803202E-02  1.43463939E-01  1.13908527E-03
9.26269966E-02  1.51518747E-01  1.17481581E-03
9.28736730E-02  1.51306689E-01  1.15183950E-03
9.31203494E-02  1.58060610E-01  1.16318103E-03
9.33670259E-02  1.55807823E-01  1.15083950E-03
9.36137023E-02  1.60543621E-01  1.19116006E-03
9.38603787E-02  1.53532773E-01  1.13060535E-03
9.41070551E-02  1.56299040E-01  1.21525850E-03
9.43537316E-02  1.56085685E-01  1.16395345E-03
9.46004080E-02  1.63264215E-01  1.19089358E-03
9.48470844E-02  1.63346976E-01  1.16717094E-03
9.50937608E-02  1.65694341E-01  1.17722794E-03
9.53404372E-02  1.76896006E-01  1.22057425E-03
9.55871137E-02  1.73814863E-01  1.25488115E-03
9.58337901E-02  1.74765050E-01  1.21837528E-03
9.60804665E-02  1.80739641E-01  1.26300508E-03
9.63271429E-02  1.83056742E-01  1.27343484E-03
9.65738194E-02  1.87990174E-01  1.25000265E-03
9.68204958E-02  1.87552303E-01  1.26109575E-03
9.70671722E-02  1.92533210E-01  1.28022698E-03
9.73138486E-02  1.86951250E-01  1.25539221E-03
9.75605250E-02  2.03457400E-01  1.38987345E-03
9.78072015E-02  2.01119617E-01  1.37984066E-03
9.80538779E-02  2.14656100E-01  1.38805015E-03
9.83005543E-02  2.11505860E-01  1.35181181E-03
9.85472307E-02  2.14182049E-01  1.36419840E-03
9.87939072E-02  2.21592680E-01  1.43001147E-03
9.90405836E-02  2.31473580E-01  1.40359194E-03
9.92872600E-02  2.29578435E-01  1.48359104E-03
9.95339364E-02  2.44748160E-01  1.48596312E-03
9.97806128E-02  2.46923804E-01  1.51786930E-03
1.00027289E-01  2.44968861E-01  1.45598501E-03
1.00273966E-01  2.50362694E-01  1.47266535E-03
1.00520642E-01  2.66396314E-01  1.55512837E-03
1.00767319E-01  2.75522649E-01  1.58113078E-03
1.01013995E-01  2.89412826E-01  1.67523755E-03
1.01260671E-01  2.91273445E-01  1.60468300E-03
1.01507348E-01  3.01172316E-01  1.61343988E-03
1.01754024E-01  3.08382392E-01  1.71633274E-03
1.02000701E-01  3.17491502E-01  1.73516478E-03
1.02247377E-01  3.25818360E-01  1.71076471E-03
1.02494053E-01  3.26527685E-01  1.71333773E-03
1.02740730E-01  3.37608516E-01  1.73820811E-03
1.02987406E-01  3.55557263E-01  1.86198752E-03
1.03234083E-01  3.65946412E-01  1.80045038E-03
1.03480759E-01  3.69540870E-01  1.79791998E-03
1.03727436E-01  3.80588472E-01  1.82016799E-03
1.03974112E-01  3.88800234E-01  1.84503512E-03
1.04220788E-01  4.03668523E-01  1.84230926E-03
1.04467465E-01  4.14660782E-01  1.89211208E-03
1.04714141E-01  4.23111260E-01  1.92287844E-03
1.04960818E-01  4.43420351E-01  1.91108242E-03
1.05207494E-01  4.43278193E-01  1.86109392E-03
1.05454171E-01  4.48719978E-01  1.96657889E-03
1.05700847E-01  4.61281419E-01  1.97519432E-03
1.05947523E-01  4.79012311E-01  1.97427045E-03
1.06194200E-01  4.77179646E-01  1.92651653E-03
1.06440876E-01  4.87787455E-01  2.00523506E-03
1.06687553E-01  4.97839302E-01  1.92983856E-03
1.06934229E-01  5.08077383E-01  2.03983672E-03
1.07180906E-01  5.23119450E-01  2.03922251E-03
1.07427582E-01  5.12220025E-01  1.91680226E-03
1.07674258E-01  5.31439960E-01  2.04857904E-03
1.07920935E-01  5.30287385E-01  2.02251622E-03
1.08167611E-01  5.34060895E-01  2.03130953E-03
1.08414288E-01  5.34853876E-01  2.03865906E-03
1.08660964E-01  5.48731506E-01  2.12376658E-03
1.08907640E-01  5.40685654E-01  2.08793092E-03
1.09154317E-01  5.41619539E-01  2.16901558E-03
1.09400993E-01  5.47996640E-01  2.21559685E-03
1.09647670E-01  5.41813493E-01  2.23230198E-03
1.09894346E-01  5.51391661E-01  2.15508370E-03
1.10141023E-01  5.36453605E-01  2.28045625E-03
1.10387699E-01  5.35775900E-01  2.24373885E-03
1.10634375E-01  5.30204594E-01  2.20167567E-03
1.10881052E-01  5.37035942E-01  2.47077621E-03
1.11127728E-01  5.25488257E-01  2.27586576E-03
1.11374405E-01  5.11537969E-01  2.36994890E-03
1.11621081E-01  5.06879985E-01  2.31422251E-03
1.11867758E-01  5.00490248E-01  2.31426419E-03
1.12114434E-01  4.85920876E-01  2.38769129E-03
1.12361110E-01  4.92874950E-01  2.37053842E-03
1.12607787E-01  4.73990947E-01  2.35266006E-03
1.12854463E-01  4.74103719E-01  2.34582275E-03
1.13101140E-01  4.48709488E-01  2.34485907E-03
1.13347816E-01  4.52527136E-01  2.26209126E-03
1.13594493E-01  4.36811358E-01  2.23811669E-03
1.13841169E-01  4.20826674E-01  2.25388980E-03
1.14087845E-01  4.15142298E-01  2.17425032E-03
1.14334522E-01  4.00580674E-01  2.15075328E-03
1.14581198E-01  3.98338556E-01  2.22467631E-03
1.14827875E-01  3.83423179E-01  2.10133824E-03
1.15074551E-01  3.70243043E-01  2.13743211E-03
1.15321227E-01  3.74673218E-01  2.03812448E-03
1.15567904E-01  3.44635457E-01  2.00598361E-03
1.15814580E-01  3.47495079E-01  1.99277280E-03
1.16061257E-01  3.38236809E-01  1.96971442E-03
1.16307933E-01  3.26585561E-01  1.94150547E-03
1.16554610E-01  3.14245731E-01  1.84508541E-03
1.16801286E-01  3.00288469E-01  1.87356351E-03
1.17047962E-01  2.93126673E-01  1.76537363E-03
1.17294639E-01  2.94981897E-01  1.73642603E-03
1.17541315E-01  2.85130024E-01  1.73175288E-03
1.17787992E-01  2.74134606E-01  1.65892544E-03
1.18034668E-01  2.74870217E-01  1.62750413E-03
1.18281345E-01  2.73008972E-01  1.59923162E-03
1.18528021E-01  2.74096549E-01  1.58642966E-03
1.18774697E-01  2.73159802E-01  1.56621321E-03
1.19021374E-01  2.61737406E-01  1.49498880E-03
1.19268050E-01  2.69112408E-01  1.55743619E-03
1.19514727E-01  2.59367317E-01  1.50053005E-03
1.19761403E-01  2.58692831E-01  1.49580115E-03
1.20008079E-01  2.57822037E-01  1.45195867E-03
1.20254756E-01  2.56202430E-01  1.41023553E-03
1.20501432E-01  2.55395919E-01  1.44191098E-03
1.20748109E-01  2.52849132E-01  1.43186375E-03
1.20994785E-01  2.41067827E-01  1.36402075E-03
1.21241462E-01  2.56430179E-01  1.41290715E-03
1.21488138E-01  2.52502441E-01  1.43066165E-03
1.21734814E-01  2.49830127E-01  1.40093302E-03
1.21981491E-01  2.53243655E-01  1.36346440E-03
1.22228167E-01  2.46437058E-01  1.34620711E-03
1.22474844E-01  2.56775349E-01  1.39271549E-03
1.22721520E-01  2.57552207E-01  1.44691870E-03
1.22968197E-01  2.51749933E-01  1.35622325E-03
1.23214873E-01  2.53278345E-01  1.38888217E-03
1.23461549E-01  2.51169980E-01  1.36960542E-03
1.23708226E-01  2.53543109E-01  1.39756524E-03
1.23954902E-01  2.54024148E-01  1.40215526E-03
1.24201579E-01  2.51855910E-01  1.36795430E-03
1.24448255E-01  2.54718691E-01  1.33694406E-03
1.24694932E-01  2.57344484E-01  1.39489002E-03
1.24941608E-01  2.60669172E-01  1.38458225E-03
1.25188284E-01  2.56581843E-01  1.37832388E-03
1.25434961E-01  2.59064823E-01  1.37934985E-03
1.25681637E-01  2.52453178E-01  1.37301814E-03
1.25928314E-01  2.61403322E-01  1.41842174E-03
1.26174990E-01  2.66210556E-01  1.42318825E-03
1.26421666E-01  2.59242624E-01  1.42437790E-03
1.26668343E-01  2.52818942E-01  1.34274003E-03
1.26915019E-01  2.58623242E-01  1.36775302E-03
1.27161696E-01  2.61359394E-01  1.35327748E-03
1.27408372E-01  2.51526207E-01  1.38333894E-03
1.27655049E-01  2.40384981E-01  1.36612449E-03
1.27901725E-01  2.46106833E-01  1.37700106E-03
1.28148401E-01  2.50182182E-01  1.43097830E-03
1.28395078E-01  2.53142536E-01  1.41423789E-03
1.28641754E-01  2.47423455E-01  1.34865718E-03
1.28888431E-01  2.42284521E-01  1.29760208E-03
1.29135107E-01  2.41159812E-01  1.32037152E-03
1.29381784E-01  2.39030719E-01  1.29811501E-03
1.29628460E-01  2.36605853E-01  1.30225904E-03
1.29875136E-01  2.34373391E-01  1.34207937E-03
1.30121813E-01  2.33056635E-01  1.31666451E-03
1.30368489E-01  2.31463775E-01  1.36360480E-03
1.30615166E-01  2.22621098E-01  1.27689342E-03
1.30861842E-01  2.25637659E-01  1.34435343E-03
1.31108518E-01  2.16744438E-01  1.28334598E-03
1.31355195E-01  2.10866109E-01  1.28467462E-03
1.31601871E-01  2.05548137E-01  1.25554320E-03
1.31848548E-01  2.11614743E-01  1.30567793E-03
1.32095224E-01  1.99794009E-01  1.23274524E-03
1.32341901E-01  1.98932499E-01  1.21487584E-03
1.32588577E-01  1.92760512E-01  1.16239220E-03
1.32835253E-01  1.94326416E-01  1.21291110E-03
1.33081930E-01  1.92943424E-01  1.20029249E-03
1.33328606E-01  1.95339620E-01  1.25493924E-03
1.33575283E-01  1.88488021E-01  1.15690962E-03
1.33821959E-01  1.79834932E-01  1.12295384E-03
1.34068636E-01  1.75806195E-01  1.16416242E-03
1.34315312E-01  1.67146519E-01  1.10248243E-03
1.34561988E-01  1.69232681E-01  1.05905638E-03
1.34808665E-01  1.63241982E-01  1.07980042E-03
1.35055341E-01  1.60985932E-01  1.06970372E-03
1.35302018E-01  1.57500580E-01  1.08313770E-03
1.35548694E-01  1.54391780E-01  1.04998017E-03
1.35795371E-01  1.50728628E-01  1.00136804E-03
1.36042047E-01  1.49621144E-01  1.00893225E-03
1.36288723E-01  1.46601379E-01  1.00346794E-03
1.36535400E-01  1.40387252E-01  9.94934700E-04
1.36782076E-01  1.43562883E-01  9.96000017E-04
1.37028753E-01  1.38156801E-01  9.62801627E-04
1.37275429E-01  1.37498215E-01  9.54663265E-04
1.37522105E-01  1.29200697E-01  9.56490287E-04
1.37768782E-01  1.32480606E-01  9.29315574E-04
1.38015458E-01  1.31347671E-01  9.27721849E-04
1.38262135E-01  1.28144816E-01  8.84694338E-04
1.38508811E-01  1.23210154E-01  9.09485272E-04
1.38755488E-01  1.25642657E-01  9.18308331E-04
1.39002164E-01  1.27555713E-01  8.74650781E-04
1.39248840E-01  1.24470502E-01  8.79090803E-04
1.39495517E-01  1.23036638E-01  8.97864520E-04
1.39742193E-01  1.19776100E-01  8.71103955E-04
1.39988870E-01  1.15510233E-01  8.35970568E-04
1.40235546E-01  1.12914860E-01  8.49642500E-04
1.40482223E-01  1.14228189E-01  8.30927922E-04
1.40728899E-01  1.12993233E-01  8.35811603E-04
1.40975575E-01  1.11248642E-01  8.55320075E-04
1.41222252E-01  1.15226805E-01  8.18160945E-04
1.41468928E-01  1.10869408E-01  8.42211244E-04
1.41715605E-01  1.14613205E-01  8.60727741E-04
1.41962281E-01  1.08091928E-01  8.51541176E-04
1.42208957E-01  1.12658426E-01  8.28035350E-04
1.42455634E-01  1.10578410E-01  8.18331959E-04
1.42702310E-01  1.07347056E-01  8.00282345E-04
1.42948987E-01  1.13847911E-01  8.25396797E-04
1.43195663E-01  1.08894035E-01  8.32852384E-04
1.43442340E-01  1.07633017E-01  8.14315164E-04
1.43689016E-01  1.10278070E-01  8.03299947E-04
1.43935692E-01  1.05606332E-01  7.93176005E-04
1.44182369E-01  1.02793492E-01  7.91396422E-04
1.44429045E-01  1.04930311E-01  8.15672334E-04
1.44675722E-01  1.05613396E-01  8.13654682E-04
1.44922398E-01  1.05383888E-01  7.75850087E-04
1.45169075E-01  1.08290136E-01  8.19442212E-04
1.45415751E-01  1.02377415E-01  7.56754132E-04
1.45662427E-01  1.04219437E-01  7.82249495E-04
1.45909104E-01  1.05186328E-01  7.90042453E-04
1.46155780E-01  1.04220100E-01  7.90828548E-04
1.46402457E-01  1.05617821E-01  8.04956420E-04
1.46649133E-01  1.02148242E-01  7.84286123E-04
1.46895810E-01  1.01734325E-01  7.86836434E-04
1.47142486E-01  1.03337586E-01  7.90012418E-04
1.47389162E-01  1.06088437E-01  8.12472135E-04
1.47635839E-01  1.07667513E-01  7.87901226E-04
1.47882515E-01  1.01351060E-01  7.55793531E-04
1.48129192E-01  9.82843414E-02  7.61507661E-04
1.48375868E-01  1.03464611E-01  7.67877849E-04
1.48622544E-01  1.02489308E-01  7.72560656E-04
1.48869221E-01  1.05824776E-01  7.87262572E-04
1.49115897E-01  1.06987208E-01  7.77227862E-04
1.49362574E-01  1.02295987E-01  7.82020565E-04
1.49609250E-01  1.07814036E-01  8.01558490E-04
1.49855927E-01  1.04484215E-01  7.98688270E-04
1.50102603E-01  1.07695818E-01  7.71627820E-04
1.50349279E-01  1.11817345E-01  8.12692742E-04
1.50595956E-01  1.03884391E-01  7.82216724E-04
1.50842632E-01  1.04672097E-01  7.95564731E-04
1.51089309E-01  1.02190174E-01  7.67069403E-04
1.51335985E-01  1.03057005E-01  7.89140700E-04
1.51582662E-01  1.06268257E-01  8.06562603E-04
1.51829338E-01  1.03397332E-01  7.88614445E-04
1.52076014E-01  1.08684428E-01  7.86843419E-04
1.52322691E-01  1.06981054E-01  8.06106196E-04
1.52569367E-01  1.12903707E-01  7.93536485E-04
1.52816044E-01  1.07814886E-01  8.00338283E-04
1.53062720E-01  1.11069977E-01  7.82866031E-04
1.53309397E-01  1.09686404E-01  7.97843153E-04
1.53556073E-01  1.10336140E-01  8.02763214E-04
1.53802749E-01  1.08000807E-01  7.60142866E-04
1.54049426E-01  1.11335255E-01  8.24363262E-04
1.54296102E-01  1.07868031E-01  7.63171120E-04
1.54542779E-01  1.17052332E-01  8.26689880E-04
1.54789455E-01  1.15304716E-01  8.14420637E-04
1.55036131E-01  1.14157371E-01  8.22407776E-04
1.55282808E-01  1.12324804E-01  7.89012993E-04
1.55529484E-01  1.15867175E-01  7.84698233E-04
1.55776161E-01  1.15556717E-01  8.14802886E-04
1.56022837E-01  1.16603039E-01  8.18229397E-04
1.56269514E-01  1.14877574E-01  7.88171368E-04
1.56516190E-01  1.17938831E-01  8.22181406E-04
1.56762866E-01  1.17458440E-01  8.20016314E-04
1.57009543E-01  1.18728004E-01  8.16989515E-04
1.57256219E-01  1.21052779E-01  8.23863025E-04
1.57502896E-01  1.22779198E-01  8.18071538E-04
1.57749572E-01  1.22108124E-01  8.33586324E-04
1.57996249E-01  1.17279187E-01  8.17362627E-04
1.58242925E-01  1.27674952E-01  8.61695502E-04
1.58489601E-01  1.19713984E-01  8.14719184E-04
1.58736278E-01  1.20091245E-01  8.14568542E-04
1.58982954E-01  1.21957287E-01  8.32254300E-04
1.59229631E-01  1.21239960E-01  8.11864971E-04
1.59476307E-01  1.25983447E-01  8.57318810E-04
1.59722983E-01  1.24780603E-01  8.15539213E-04
1.59969660E-01  1.23907179E-01  8.39440734E-04
1.60216336E-01  1.25199780E-01  8.26610019E-04
1.60463013E-01  1.25326246E-01  8.42112291E-04
1.60709689E-01  1.24933265E-01  8.29019409E-04
1.60956366E-01  1.22602522E-01  8.16571468E-04
1.61203042E-01  1.24111079E-01  8.20714806E-04
1.61449718E-01  1.23041473E-01  8.25786265E-04
1.61696395E-01  1.24609850E-01  8.29524477E-04
1.61943071E-01  1.24464683E-01  8.28198798E-04
1.62189748E-01  1.24091193E-01  8.05872201E-04
1.62436424E-01  1.30506158E-01  8.51945020E-04
1.62683101E-01  1.22796074E-01  7.95032945E-04
1.62929777E-01  1.21590838E-01  8.13757535E-04
1.63176453E-01  1.21699676E-01  8.07651028E-04
1.63423130E-01  1.27815679E-01  8.26412986E-04
1.63669806E-01  1.20441325E-01  8.31078389E-04
1.63916483E-01  1.22336857E-01  8.35476385E-04
1.64163159E-01  1.27887830E-01  8.12927901E-04
1.64409836E-01  1.24080598E-01  8.14339204E-04
1.64656512E-01  1.21998109E-01  8.06497002E-04
1.64903188E-01  1.18793964E-01  7.92827399E-04
1.65149865E-01  1.23648345E-01  7.98986875E-04
1.65396541E-01  1.20168857E-01  8.22953647E-04
1.65643218E-01  1.22392416E-01  8.14491650E-04
1.65889894E-01  1.22084625E-01  7.88218924E-04
1.66136570E-01  1.20374091E-01  8.25444760E-04
1.66383247E-01  1.16971307E-01  7.97457702E-04
1.66629923E-01  1.16822422E-01  7.79984810E-04
1.66876600E-01  1.14670582E-01  7.88312755E-04
1.67123276E-01  1.11703031E-01  7.85616518E-04
1.67369953E-01  1.16992541E-01  7.87266414E-04
1.67616629E-01  1.19070828E-01  7.81906769E-04
1.67863305E-01  1.14568546E-01  7.74034532E-04
1.68109982E-01  1.11086465E-01  7.44615390E-04
1.68356658E-01  1.12034269E-01  7.62993761E-04
1.68603335E-01  1.14010677E-01  7.51980348E-04
1.68850011E-01  1.14837967E-01  7.61702948E-04
1.69096688E-01  1.09258235E-01  7.75650202E-04
1.69343364E-01  1.07969128E-01  7.54713838E-04
1.69590040E-01  1.10362224E-01  7.71717925E-04
1.69836717E-01  1.04810022E-01  7.43679237E-04
1.70083393E-01  1.06381081E-01  7.55400804E-04
1.70330070E-01  1.06719829E-01  7.30439147E-04
1.70576746E-01  1.04043528E-01  7.34367990E-04
1.70823422E-01  1.04396686E-01  7.20953045E-04
1.71070099E-01  1.02919765E-01  7.05215847E-04
1.71316775E-01  1.02145709E-01  7.07831874E-04
1.71563452E-01  9.58853364E-02  7.00427918E-04
1.71810128E-01  1.00770056E-01  7.27775157E-04
1.72056805E-01  1.00756451E-01  7.47098878E-04
1.72303481E-01  9.66909379E-02  7.21112534E-04
1.72550157E-01  9.75050405E-02  6.90929766E-04
1.72796834E-01  9.89348888E-02  7.11156696E-04
1.73043510E-01  9.71266702E-02  7.30970816E-04
1.73290187E-01  9.80105698E-02  7.36319344E-04
1.73536863E-01  9.15225297E-02  6.76064345E-04
1.73783540E-01  9.47808102E-02  7.06086983E-04
1.74030216E-01  8.98682103E-02  6.67466491E-04
1.74276892E-01  9.17771906E-02  6.77144155E-04
1.74523569E-01  8.96981061E-02  6.69414934E-04
1.74770245E-01  8.86404216E-02  6.70277572E-04
1.75016922E-01  9.06213075E-02  6.61202997E-04
1.75263598E-01  8.68795291E-02  6.75302406E-04
1.75510275E-01  9.05236825E-02  6.79262157E-04
1.75756951E-01  8.97400603E-02  6.76107244E-04
1.76003627E-01  8.37013721E-02  6.46464759E-04
1.76250304E-01  8.78333896E-02  6.51679409E-04
1.76496980E-01  8.28045458E-02  6.59592333E-04
1.76743657E-01  8.34745988E-02  6.26363908E-04
1.76990333E-01  8.17082375E-02  6.47690147E-04
1.77237009E-01  8.21731538E-02  6.36266312E-04
1.77483686E-01  8.28333274E-02  6.42429746E-04
1.77730362E-01  8.29899460E-02  6.38455444E-04
1.77977039E-01  7.68912882E-02  6.10073621E-04
1.78223715E-01  8.08794945E-02  6.53746189E-04
1.78470392E-01  7.91459307E-02  6.30965398E-04
1.78717068E-01  8.18042457E-02  6.36224286E-04
1.78963744E-01  7.63099939E-02  6.15495781E-04
1.79210421E-01  7.49149024E-02  6.10182877E-04
1.79457097E-01  7.74864629E-02  6.14615856E-04
1.79703774E-01  7.66984075E-02  6.07257651E-04
1.79950450E-01  8.15380067E-02  6.17611804E-04
1.80197127E-01  7.92944282E-02  6.16618199E-04
1.80443803E-01  7.54012093E-02  5.98080223E-04
1.80690479E-01  7.76703358E-02  6.09543815E-04
1.80937156E-01  7.63063058E-02  6.05681387E-04
1.81183832E-01  7.87825733E-02  6.09049690E-04
1.81430509E-01  7.80200213E-02  6.03450346E-04
1.81677185E-01  7.91636705E-02  6.34512515E-04
1.81923861E-01  7.16306120E-02  5.80706750E-04
1.82170538E-01  7.42731169E-02  5.83725341E-04
1.82417214E-01  7.27694482E-02  5.85795962E-04
1.82663891E-01  7.47126788E-02  5.91291348E-04
1.82910567E-01  7.37147033E-02  5.81898319E-04
1.83157244E-01  7.25814924E-02  6.07221853E-04
1.83403920E-01  7.52267092E-02  5.90324169E-04
1.83650596E-01  7.71557242E-02  6.22137624E-04
1.83897273E-01  7.72838071E-02  6.05992856E-04
1.84143949E-01  7.51687288E-02  6.17498416E-04
1.84390626E-01  7.35060126E-02  5.66975912E-04
1.84637302E-01  7.14510828E-02  5.80107444E-04
1.84883979E-01  7.66018778E-02  6.06299611E-04
1.85130655E-01  7.45892003E-02  5.97421837E-04
1.85377331E-01  7.34401941E-02  5.76479186E-04
1.85624008E-01  7.75606930E-02  6.04490633E-04
1.85870684E-01  7.24535510E-02  5.87968098E-04
1.86117361E-01  7.35637099E-02  5.81898901E-04
1.86364037E-01  7.44208395E-02  5.73160825E-04
1.86610714E-01  7.30955899E-02  5.81371365E-04
1.86857390E-01  7.26461783E-02  5.78426057E-04
1.87104066E-01  7.53050894E-02  6.11389289E-04
1.87350743E-01  7.46143460E-02  5.97066886E-04
1.87597419E-01  7.26560652E-02  5.80400636E-04
1.87844096E-01  7.10555539E-02  5.82394365E-04
1.88090772E-01  7.16704801E-02  5.78395440E-04
1.88337448E-01  7.12037310E-02  5.80183463E-04
1.88584125E-01  6.93183914E-02  5.66868461E-04
1.88830801E-01  6.97538108E-02  5.61901135E-04
1.89077478E-01  6.93237260E-02  5.83110843E-04
1.89324154E-01  7.20596984E-02  5.82011708E-04
1.89570831E-01  6.89897761E-02  5.70757431E-04
1.89817507E-01  7.29021952E-02  5.87449176E-04
1.90064183E-01  7.28724226E-02  5.82196051E-04
1.90310860E-01  6.78949654E-02  5.69396943E-04
1.90557536E-01  7.39515424E-02  5.82774403E-04
1.90804213E-01  7.03675151E-02  5.63979032E-04
1.91050889E-01  7.04851598E-02  5.70738979E-04
1.91297566E-01  7.19598085E-02  5.79349871E-04
1.91544242E-01  6.94865137E-02  5.82276378E-04
1.91790918E-01  7.13018775E-02  5.75706246E-04
1.92037595E-01  6.92051575E-02  5.64594113E-04
1.92284271E-01  7.01821074E-02  5.85230475E-04
1.92530948E-01  6.82868958E-02  5.55589388E-04
1.92777624E-01  6.54949397E-02  5.39981411E-04
1.93024301E-01  6.85843900E-02  5.68456657E-04
1.93270977E-01  6.75793961E-02  5.56002837E-04
1.93517653E-01  7.12907463E-02  5.69222088E-04
1.93764330E-01  6.94629848E-02  5.71171404E-04
1.94011006E-01  6.39452636E-02  5.28707576E-04
1.94257683E-01  6.38260469E-02  5.41818503E-04
1.94504359E-01  6.85432106E-02  5.70688106E-04
1.94751035E-01  6.53085858E-02  5.40913490E-04
1.94997712E-01  6.15717024E-02  5.18167391E-04
1.95244388E-01  6.35090098E-02  5.28074161E-04
1.95491065E-01  6.22267127E-02  5.43083355E-04
1.95737741E-01  6.46041706E-02  5.47185889E-04
1.95984418E-01  6.62901700E-02  5.49856690E-04
1.96231094E-01  6.17837384E-02  5.21599373E-04
1.96477770E-01  6.63610697E-02  5.54687518E-04
1.96724447E-01  6.10967241E-02  5.18161454E-04
1.96971123E-01  6.36032224E-02  5.26922173E-04
1.97217800E-01  5.92720434E-02  5.11399237E-04
1.97464476E-01  6.32803962E-02  5.30951016E-04
1.97711153E-01  5.92172369E-02  5.11222810E-04
1.97957829E-01  6.05407581E-02  5.12996048E-04
1.98204505E-01  6.22529276E-02  5.26018674E-04
1.98451182E-01  5.90451434E-02  5.17725712E-04
1.98697858E-01  5.87633811E-02  5.08011261E-04
1.98944535E-01  5.74931167E-02  4.98972484E-04
1.99191211E-01  5.88186160E-02  5.00774418E-04
1.99437887E-01  5.75829968E-02  5.06863988E-04
1.99684564E-01  5.70462011E-02  5.04028576E-04
1.99931240E-01  5.67962527E-02  5.06308803E-04
2.00177917E-01  5.89818619E-02  5.13115723E-04
2.00424593E-01  5.86360134E-02  5.05138480E-04
2.00671270E-01  5.55305071E-02  4.92165913E-04
2.00917946E-01  5.57848662E-02  4.99260495E-04
2.01164622E-01  5.34607358E-02  4.90984938E-04
2.01411299E-01  5.30927964E-02  4.73072723E-04
2.01657975E-01  5.57861887E-02  5.08767320E-04
2.01904652E-01  5.34385741E-02  4.71240899E-04
2.02151328E-01  5.26740700E-02  4.84014919E-04
2.02398005E-01  5.38659208E-02  4.78489994E-04
2.02644681E-01  5.27730845E-02  4.72787913E-04
2.02891357E-01  5.39879575E-02  4.85169061E-04
2.03138034E-01  5.39912917E-02  4.88677644E-04
2.03384710E-01  5.14493920E-02  4.80550254E-04
2.03631387E-01  5.13655357E-02  4.66496072E-04
2.03878063E-01  5.05183004E-02  4.60612500E-04
2.04124740E-01  5.03960066E-02  4.69296036E-04
2.04371416E-01  5.32983989E-02  4.72106680E-04
2.04618092E-01  4.88637872E-02  4.63813805E-04
2.04864769E-01  5.16721457E-02  4.67834732E-04
2.05111445E-01  5.36233783E-02  4.75704815E-04
2.05358122E-01  5.04986010E-02  4.62800730E-04
2.05604798E-01  4.83342893E-02  4.57120535E-04
2.05851474E-01  5.15649915E-02  4.73977358E-04
2.06098151E-01  5.19030355E-02  4.74282017E-04
2.06344827E-01  5.37048206E-02  4.78205911E-04
2.06591504E-01  4.93996367E-02  4.61088493E-04
2.06838180E-01  5.14986925E-02  4.58160095E-04
2.07084857E-01  5.14771864E-02  4.57332266E-04
2.07331533E-01  4.77483608E-02  4.51803469E-04
2.07578209E-01  4.92513590E-02  4.58647875E-04
2.07824886E-01  4.92295586E-02  4.62398544E-04
2.08071562E-01  5.03213890E-02  4.56834299E-04
2.08318239E-01  4.97651473E-02  4.61450225E-04
2.08564915E-01  4.94679920E-02  4.52526583E-04
2.08811592E-01  4.97389026E-02  4.56940295E-04
2.09058268E-01  5.02050705E-02  4.51067754E-04
2.09304944E-01  4.75353599E-02  4.51587723E-04
2.09551621E-01  4.71688472E-02  4.43170604E-04
2.09798297E-01  4.89318185E-02  4.49714542E-04
2.10044974E-01  5.12458272E-02  4.69146966E-04
2.10291650E-01  5.09282723E-02  4.62829106E-04
2.10538326E-01  5.06557077E-02  4.51538275E-04
2.10785003E-01  4.84019369E-02  4.51161322E-04
2.11031679E-01  4.77581695E-02  4.41405864E-04
2.11278356E-01  4.77590412E-02  4.37263021E-04
2.11525032E-01  4.81765643E-02  4.40129690E-04
2.11771709E-01  5.02080545E-02  4.61004878E-04
2.12018385E-01  4.82760891E-02  4.42026183E-04
2.12265061E-01  5.05775064E-02  4.58807917E-04
2.12511738E-01  4.98555154E-02  4.45763755E-04
2.12758414E-01  5.11925966E-02  4.68325423E-04
2.13005091E-01  4.88752760E-02  4.50516323E-04
2.13251767E-01  4.76154201E-02  4.33631969E-04
2.13498444E-01  4.94569503E-02  4.50154999E-04
2.13745120E-01  4.83729728E-02  4.48271399E-04
2.13991796E-01  4.78354432E-02  4.39323601E-04
2.14238473E-01  4.79882099E-02  4.55718749E-04
2.14485149E-01  5.03823571E-02  4.57063987E-04
2.14731826E-01  5.01697473E-02  4.53350542E-04
2.14978502E-01  4.93479744E-02  4.52209701E-04
2.15225179E-01  4.74721156E-02  4.48026025E-04
2.15471855E-01  5.13165295E-02  4.54436144E-04
2.15718531E-01  4.69792262E-02  4.24166938E-04
2.15965208E-01  4.99865562E-02  4.48710372E-04
2.16211884E-01  4.68214341E-02  4.46419144E-04
2.16458561E-01  4.72549424E-02  4.36776347E-04
2.16705237E-01  4.54409942E-02  4.32334375E-04
2.16951913E-01  4.89345640E-02  4.53759567E-04
2.17198590E-01  4.82488908E-02  4.48410981E-04
2.17445266E-01  4.78258915E-02  4.34988528E-04
2.17691943E-01  4.37529199E-02  4.17323259E-04
2.17938619E-01  4.86536883E-02  4.48862149E-04
2.18185296E-01  5.05790338E-02  4.56690264E-04
2.18431972E-01  4.78499942E-02  4.44221310E-04
2.18678648E-01  4.95573170E-02  4.58698662E-04
2.18925325E-01  4.57371324E-02  4.29401203E-04
2.19172001E-01  4.74999882E-02  4.51960368E-04
2.19418678E-01  4.62462753E-02  4.36441595E-04
2.19665354E-01  4.82642762E-02  4.48489591E-04
2.19912031E-01  4.62518856E-02  4.31436260E-04
2.20158707E-01  4.52940278E-02  4.26275888E-04
2.20405383E-01  4.46419157E-02  4.33891080E-04
2.20652060E-01  4.58042882E-02  4.31185967E-04
2.20898736E-01  4.79533561E-02  4.47721599E-04
2.21145413E-01  4.51305807E-02  4.26206039E-04
2.21392089E-01  4.50362191E-02  4.28778032E-04
2.21638766E-01  4.54192124E-02  4.33548325E-04
2.21885442E-01  4.64236103E-02  4.39314841E-04
2.22132118E-01  4.71650027E-02  4.32898203E-04
2.22378795E-01  4.59048934E-02  4.30429616E-04
2.22625471E-01  4.78623025E-02  4.33427398E-04
2.22872148E-01  4.80879173E-02  4.30118816E-04
2.23118824E-01  4.74668853E-02  4.44646750E-04
2.23365500E-01  4.71301451E-02  4.35008842E-04
2.23612177E-01  4.75407131E-02  4.41677170E-04
2.23858853E-01  4.75872196E-02  4.48333129E-04
2.24105530E-01  4.67051230E-02  4.26168845E-04
2.24352206E-01  4.86914739E-02  4.48104431E-04
2.24598883E-01  4.93508205E-02  4.42222488E-04
2.24845559E-01  4.60438319E-02  4.14008391E-04
2.25092235E-01  4.89330888E-02  4.41765034E-04
2.25338912E-01  4.64702360E-02  4.35018155E-04
2.25585588E-01  4.66348380E-02  4.34083224E-04
2.25832265E-01  4.71124649E-02  4.35389433E-04
2.26078941E-01  4.80299965E-02  4.42431512E-04
2.26325618E-01  4.63529862E-02  4.32022323E-04
2.26572294E-01  4.73104827E-02  4.30154410E-04
2.26818970E-01  4.71962355E-02  4.36305534E-04
2.27065647E-01  4.70189005E-02  4.44585748E-04
2.27312323E-01  4.74497266E-02  4.38877149E-04
2.27559000E-01  4.72865961E-02  4.36478527E-04
2.27805676E-01  4.57923971E-02  4.30510670E-04
2.28052352E-01  4.34638821E-02  4.10207722E-04
2.28299029E-01  5.13009019E-02  4.43987636E-04
2.28545705E-01  4.70306911E-02  4.30190557E-04
2.28792382E-01  4.55063395E-02  4.28048632E-04
2.29039058E-01  4.64339294E-02  4.26195038E-04
2.29285735E-01  4.81706895E-02  4.33624024E-04
2.29532411E-01  4.62500229E-02  4.25436418E-04
2.29779087E-01  4.69967984E-02  4.34871152E-04
2.30025764E-01  4.75257300E-02  4.40095901E-04
2.30272440E-01  4.68732640E-02  4.31403110E-04
2.30519117E-01  4.66268733E-02  4.31319320E-04
2.30765793E-01  4.79427427E-02  4.28539672E-04
2.31012470E-01  4.67674807E-02  4.34251735E-04
2.31259146E-01  4.71399315E-02  4.30798769E-04
2.31505822E-01  4.77359854E-02  4.31866560E-04
2.31752499E-01  4.61928472E-02  4.31305962E-04
2.31999175E-01  4.59859967E-02  4.25414357E-04
2.32245852E-01  4.74913344E-02  4.37405513E-04
2.32492528E-01  4.77819331E-02  4.34165180E-04
2.32739205E-01  4.68331315E-02  4.25459060E-04
2.32985881E-01  4.56175394E-02  4.28131054E-04
2.33232557E-01  5.10542020E-02  4.46828170E-04
2.33479234E-01  4.55514714E-02  4.23262100E-04
2.33725910E-01  4.53150682E-02  4.13339556E-04
2.33972587E-01  4.80154082E-02  4.30620159E-04
2.34219263E-01  4.62469682E-02  4.29637963E-04
2.34465939E-01  4.72652130E-02  4.22289537E-04
2.34712616E-01  4.71528098E-02  4.23927297E-04
2.34959292E-01  4.39152494E-02  4.15450282E-04
2.35205969E-01  4.56407852E-02  4.17815609E-04
2.35452645E-01  4.68895771E-02  4.17638512E-04
2.35699322E-01  4.56013046E-02  4.26094659E-04
2.35945998E-01  4.62705046E-02  4.27357532E-04
2.36192674E-01  4.51948345E-02  4.15853632E-04
2.36439351E-01  4.49367948E-02  4.21415170E-04
2.36686027E-01  4.69198711E-02  4.21792327E-04
2.36932704E-01  4.62352261E-02  4.21947043E-04
2.37179380E-01  4.54139076E-02  4.15291113E-04
2.37426057E-01  4.65371311E-02  4.13625792E-04
2.37672733E-01  4.82147224E-02  4.38643212E-04
2.37919409E-01  4.54492606E-02  4.10096953E-04
2.38166086E-01  4.75111157E-02  4.36605973E-04
2.38412762E-01  4.68435511E-02  4.12599999E-04
2.38659439E-01  4.64380682E-02  4.14835551E-04
2.38906115E-01  4.69403826E-02  4.32047731E-04
2.39152791E-01  4.52293195E-02  4.11274785E-04
2.39399468E-01  4.87092026E-02  4.23178310E-04
2.39646144E-01  4.69413623E-02  4.20403230E-04
2.39892821E-01  4.87697311E-02  4.31093824E-04
2.40139497E-01  4.54115048E-02  4.11187852E-04
2.40386174E-01  4.84465994E-02  4.21698933E-04
2.40632850E-01  4.71504219E-02  4.22880141E-04
2.40879526E-01  4.77158241E-02  4.27983759E-04
2.41126203E-01  4.72848527E-02  4.29433305E-04
2.41372879E-01  4.56341691E-02  4.17066651E-04
2.41619556E-01  4.55960892E-02  4.15570481E-04
2.41866232E-01  4.70056497E-02  4.18423966E-04
2.42112909E-01  4.70339581E-02  4.17719479E-04
2.42359585E-01  4.75364849E-02  4.30415559E-04
2.42606261E-01  4.50913273E-02  4.23852238E-04
2.42852938E-01  4.67581525E-02  4.23453486E-04
2.43099614E-01  4.61016186E-02  4.37325332E-04
2.43346291E-01  4.65619043E-02  4.27889434E-04
2.43592967E-01  4.65634540E-02  4.35827795E-04
2.43839644E-01  4.84904014E-02  4.31243650E-04
2.44086320E-01  4.80970256E-02  4.35694790E-04
2.44332996E-01  4.57992479E-02  4.34453803E-04
2.44579673E-01  4.70860042E-02  4.33749956E-04
2.44826349E-01  4.61103097E-02  4.37321025E-04
2.45073026E-01  4.56323847E-02  4.29034990E-04
2.45319702E-01  4.67169173E-02  4.27316816E-04
2.45566378E-01  4.70195599E-02  4.34919522E-04
2.45813055E-01  4.83935066E-02  4.45696991E-04
2.46059731E-01  4.65563536E-02  4.25826205E-04
2.46306408E-01  4.74882983E-02  4.36147820E-04
2.46553084E-01  4.98913303E-02  4.58961586E-04
2.46799761E-01  4.61049527E-02  4.52533626E-04
2.47046437E-01  4.77110781E-02  4.61585907E-04
2.47293113E-01  4.39390913E-02  4.31752938E-04
2.47539790E-01  4.70904745E-02  4.54355293E-04
2.47786466E-01  4.72366661E-02  4.52335633E-04
2.48033143E-01  4.59884778E-02  4.43396799E-04
2.48279819E-01  4.79157530E-02  4.66449856E-04
2.48526496E-01  4.70281877E-02  4.55230183E-04
2.48773172E-01  4.67416793E-02  4.42511373E-04
2.49019848E-01  4.81410511E-02  4.58211114E-04
2.49266525E-01  4.87020053E-02  4.56368463E-04
2.49513201E-01  4.92963791E-02  4.85849741E-04
2.49759878E-01  4.98954467E-02  4.73558845E-04
2.50006554E-01  4.82938737E-02  4.70224273E-04
2.50253230E-01  4.73773107E-02  4.53441578E-04
2.50499907E-01  4.65036370E-02  4.63451375E-04
2.50746583E-01  4.79503013E-02  4.73250780E-04
2.50993260E-01  4.83250543E-02  4.76443151E-04
2.51239936E-01  4.75970060E-02  4.56954906E-04
2.51486613E-01  4.68723774E-02  4.65063989E-04
2.51733289E-01  5.11558577E-02  4.90412174E-04
2.51979965E-01  4.40623313E-02  4.63286386E-04
2.52226642E-01  4.56974953E-02  4.62058350E-04
2.52473318E-01  4.85823900E-02  4.92227322E-04
2.52719995E-01  4.78375331E-02  4.86454985E-04
2.52966671E-01  4.62727398E-02  4.55924659E-04
2.53213348E-01  4.41664122E-02  4.64774843E-04
2.53460024E-01  4.71717119E-02  4.87321668E-04
2.53706700E-01  4.69272546E-02  4.77085734E-04
2.53953377E-01  4.72290590E-02  4.73233056E-04
2.54200053E-01  4.66200598E-02  4.66242724E-04
2.54446730E-01  4.70916256E-02  4.81626164E-04
2.54693406E-01  4.87732291E-02  4.58354363E-04
2.54940083E-01  4.65672612E-02  4.54863097E-04
2.55186759E-01  4.65935692E-02  4.52368899E-04
2.55433435E-01  4.70915958E-02  4.62069351E-04
2.55680112E-01  4.54121307E-02  4.56260430E-04
2.55926788E-01  4.84027974E-02  4.57651127E-04
2.56173465E-01  4.86610904E-02  4.74135828E-04
2.56420141E-01  4.81663495E-02  4.61796764E-04
2.56666817E-01  4.61910628E-02  4.61013959E-04
2.56913494E-01  4.41472754E-02  4.40596137E-04
2.57160170E-01  4.96533588E-02  4.64245270E-04
2.57406847E-01  4.72163446E-02  4.73679742E-04
2.57653523E-01  4.90907170E-02  4.53171902E-04
2.57900200E-01  4.83743548E-02  4.67216712E-04
2.58146876E-01  4.94929664E-02  4.81467840E-04
2.58393552E-01  4.51946072E-02  4.50109539E-04
2.58640229E-01  4.89792824E-02  4.68152866E-04
2.58886905E-01  4.95633446E-02  4.53644694E-04
2.59133582E-01  4.61627804E-02  4.46516991E-04
2.59380258E-01  4.80941124E-02  4.49488056E-04
2.59626935E-01  4.66698632E-02  4.55674977E-04
2.59873611E-01  4.78494875E-02  4.62325581E-04
2.60120287E-01  4.77912389E-02  4.38503892E-04
2.60366964E-01  4.84127924E-02  4.53453948E-04
2.60613640E-01  4.78351898E-02  4.54555498E-04
2.60860317E-01  4.69310880E-02  4.45763551E-04
2.61106993E-01  4.62669805E-02  4.44744335E-04
2.61353670E-01  4.77172881E-02  4.31655149E-04
2.61600346E-01  4.68030013E-02  4.49591898E-04
2.61847022E-01  4.74212058E-02  4.43951780E-04
2.62093699E-01  4.88146171E-02  4.58001567E-04
2.62340375E-01  4.87569347E-02  4.60014009E-04
2.62587052E-01  4.88302447E-02  4.65969148E-04
2.62833728E-01  4.84992042E-02  4.54537803E-04
2.63080404E-01  4.92423736E-02  4.49508836E-04
2.63327081E-01  4.81911562E-02  4.65940713E-04
2.63573757E-01  4.77754958E-02  4.61250223E-04
2.63820434E-01  4.66409698E-02  4.44807869E-04
2.64067110E-01  4.74687703E-02  4.47786995E-04
2.64313787E-01  4.89336252E-02  4.49921878E-04
2.64560463E-01  4.47899662E-02  4.32200090E-04
2.64807139E-01  4.91250940E-02  4.54683643E-04
2.65053816E-01  4.77174893E-02  4.46043385E-04
2.65300492E-01  4.45541218E-02  4.38160700E-04
2.65547169E-01  4.79356237E-02  4.51127562E-04
2.65793845E-01  4.86243591E-02  4.67587932E-04
2.66040522E-01  4.89539541E-02  4.63052886E-04
2.66287198E-01  4.68072109E-02  4.56194277E-04
2.66533874E-01  4.67978008E-02  4.38405783E-04
2.66780551E-01  4.75337058E-02  4.54009336E-04
2.67027227E-01  4.58330661E-02  4.51231899E-04
2.67273904E-01  4.85376343E-02  4.57895134E-04
2.67520580E-01  4.70905900E-02  4.34024289E-04
2.67767256E-01  4.58782017E-02  4.40596137E-04
2.68013933E-01  4.87025008E-02  4.49739455E-04
2.68260609E-01  4.72150259E-02  4.53832065E-04
2.68507286E-01  4.76507880E-02  4.37712006E-04
2.68753962E-01  4.70883027E-02  4.49026265E-04
2.69000639E-01  4.77143303E-02  4.61581309E-04
2.69247315E-01  4.74302024E-02  4.48288309E-04
2.69493991E-01  4.79677506E-02  4.60383337E-04
2.69740668E-01  4.64386493E-02  4.49808664E-04
2.69987344E-01  4.72416542E-02  4.39856318E-04
2.70234021E-01  4.88231070E-02  4.42237855E-04
2.70480697E-01  4.85869013E-02  4.68957413E-04
2.70727374E-01  4.92822453E-02  4.58085618E-04
2.70974050E-01  4.54418473E-02  4.49104875E-04
2.71220726E-01  4.50428948E-02  4.65295860E-04
2.71467403E-01  4.79406267E-02  4.63647564E-04
2.71714079E-01  4.70928401E-02  4.67311096E-04
2.71960756E-01  4.95638214E-02  4.80561052E-04
2.72207432E-01  4.76881824E-02  4.73386783E-04
2.72454109E-01  4.80843559E-02  4.72046435E-04
2.72700785E-01  4.68916856E-02  4.58008522E-04
2.72947461E-01  4.75280620E-02  4.59089002E-04
2.73194138E-01  4.69913408E-02  4.57519840E-04
2.73440814E-01  4.80900891E-02  4.65543300E-04
2.73687491E-01  4.68615852E-02  4.55190864E-04
2.73934167E-01  5.03954105E-02  4.79031936E-04
2.74180843E-01  4.79559824E-02  4.75234905E-04
2.74427520E-01  4.52760831E-02  4.52374108E-04
2.74674196E-01  4.54469360E-02  4.65805380E-04
2.74920873E-01  4.76360209E-02  4.71300445E-04
2.75167549E-01  4.89974022E-02  4.70932486E-04
2.75414226E-01  4.96734604E-02  4.78953501E-04
2.75660902E-01  4.75748703E-02  4.58607101E-04
2.75907578E-01  4.87534031E-02  4.80932329E-04
2.76154255E-01  4.75801900E-02  4.71699954E-04
2.76400931E-01  4.65547070E-02  4.52052249E-04
2.76647608E-01  4.93538007E-02  4.77985712E-04
2.76894284E-01  4.70777638E-02  4.65431716E-04
2.77140961E-01  4.61191013E-02  4.71910433E-04
2.77387637E-01  4.66181785E-02  4.57013084E-04
2.77634313E-01  4.93893251E-02  4.72246757E-04
2.77880990E-01  4.76177968E-02  4.68276470E-04
2.78127666E-01  4.74768393E-02  4.73527092E-04
2.78374343E-01  5.05243093E-02  4.88389342E-04
2.78621019E-01  4.98606674E-02  4.82008094E-04
2.78867695E-01  4.99424636E-02  4.86151286E-04
2.79114372E-01  4.68952805E-02  4.64839919E-04
2.79361048E-01  4.92891744E-02  4.81916824E-04
2.79607725E-01  4.53639068E-02  4.65529360E-04
2.79854401E-01  4.58159372E-02  4.56266542E-04
2.80101078E-01  4.87418622E-02  4.77913040E-04
2.80347754E-01  4.46563326E-02  4.62904223E-04
2.80594430E-01  4.95403633E-02  4.90598090E-04
2.80841107E-01  4.59948145E-02  4.72534564E-04
2.81087783E-01  4.72573712E-02  4.76404501E-04
2.81334460E-01  4.74458449E-02  4.73515334E-04
2.81581136E-01  4.73620817E-02  4.77368187E-04
2.81827813E-01  4.64815348E-02  4.71415260E-04
2.82074489E-01  4.57811654E-02  4.68525104E-04
2.82321165E-01  4.71487269E-02  4.67816659E-04
2.82567842E-01  4.66645434E-02  4.61660704E-04
2.82814518E-01  4.67697270E-02  4.61847521E-04
2.83061195E-01  4.51678112E-02  4.62623168E-04
2.83307871E-01  4.57433835E-02  4.63029253E-04
2.83554548E-01  4.62111011E-02  4.71102307E-04
2.83801224E-01  4.72304486E-02  4.74804954E-04
2.84047900E-01  4.51171994E-02  4.60081035E-04
2.84294577E-01  4.87146974E-02  4.75045352E-04
2.84541253E-01  4.55182977E-02  4.54201509E-04
2.84787930E-01  4.57324460E-02  4.75318753E-04
2.85034606E-01  4.56338525E-02  4.77683789E-04
2.85281282E-01  4.91606630E-02  4.93446656E-04
2.85527959E-01  4.56379876E-02  4.64556535E-04
2.85774635E-01  4.66825813E-02  4.70206694E-04
2.86021312E-01  4.60717604E-02  4.75730019E-04
2.86267988E-01  4.61517386E-02  4.75994777E-04
2.86514665E-01  4.69165258E-02  4.72427782E-04
2.86761341E-01  4.72065210E-02  4.69983701E-04
2.87008017E-01  4.91004847E-02  4.84053657E-04
2.87254694E-01  4.77543846E-02  4.90401115E-04
2.87501370E-01  4.49558720E-02  4.62534168E-04
2.87748047E-01  4.87662107E-02  4.80645860E-04
2.87994723E-01  4.65447716E-02  4.81932424E-04
2.88241400E-01  4.48800623E-02  4.69288934E-04
2.88488076E-01  4.45975810E-02  4.75724664E-04
2.88734752E-01  4.27093804E-02  4.45117970E-04
2.88981429E-01  4.58422825E-02  4.71505744E-04
2.89228105E-01  4.51813526E-02  4.81664902E-04
2.89474782E-01  4.67153154E-02  4.85677418E-04
2.89721458E-01  4.71439064E-02  4.77963302E-04
2.89968134E-01  4.69934493E-02  4.77522553E-04
2.90214811E-01  4.66818959E-02  4.79004811E-04
2.90461487E-01  4.60147746E-02  4.80215123E-04
2.90708164E-01  4.53345738E-02  4.68855695E-04
2.90954840E-01  4.67053317E-02  4.73500986E-04
2.91201517E-01  4.67174724E-02  4.90790699E-04
2.91448193E-01  4.62481268E-02  4.82712581E-04
2.91694869E-01  4.91409488E-02  4.77755122E-04
2.91941546E-01  4.79718260E-02  4.87647980E-04
2.92188222E-01  4.79324013E-02  4.72947722E-04
2.92434899E-01  4.53972965E-02  4.62621363E-04
2.92681575E-01  4.45063747E-02  4.56971815E-04
2.92928252E-01  4.59487513E-02  4.77472204E-04
2.93174928E-01  4.49594483E-02  4.73165885E-04
2.93421604E-01  4.45687287E-02  4.62455238E-04
2.93668281E-01  4.57692444E-02  4.65506950E-04
2.93914957E-01  5.08224219E-02  5.08981175E-04
2.94161634E-01  4.67442609E-02  4.71101841E-04
2.94408310E-01  4.61483598E-02  4.69106715E-04
2.94654987E-01  4.61101122E-02  4.73586406E-04
2.94901663E-01  4.68491018E-02  4.77088295E-04
2.95148339E-01  4.84375320E-02  4.95712506E-04
2.95395016E-01  4.44575772E-02  4.61364427E-04
2.95641692E-01  4.67576161E-02  4.82764619E-04
2.95888369E-01  4.37802374E-02  4.63107892E-04
2.96135045E-01  4.70850766E-02  4.80275979E-04
2.96381721E-01  4.46739197E-02  4.68399870E-04
2.96628398E-01  4.59606126E-02  4.69140359E-04
2.96875074E-01  4.64061238E-02  4.83188953E-04
2.97121751E-01  4.61175628E-02  4.74134693E-04
2.97368427E-01  4.61654887E-02  4.85494034E-04
2.97615104E-01  4.53164205E-02  4.68509068E-04
2.97861780E-01  4.67747748E-02  4.75143665E-04
2.98108456E-01  4.66343239E-02  4.78300761E-04
2.98355133E-01  4.52402011E-02  4.54986584E-04
2.98601809E-01  4.82430607E-02  4.77821421E-04
2.98848486E-01  4.43429016E-02  4.60938580E-04
2.99095162E-01  4.56381775E-02  4.70863946E-04
2.99341839E-01  4.58286479E-02  4.79424663E-04
2.99588515E-01  4.57172804E-02  4.73418768E-04
2.99835191E-01  4.84561399E-02  4.89560131E-04
3.00081868E-01  4.47691381E-02  4.74795990E-04
3.00328544E-01  4.43173535E-02  4.61310847E-04
3.00575221E-01  4.70627956E-02  4.75275709E-04
3.00821897E-01  4.48310114E-02  4.65116987E-04
3.01068574E-01  4.72215265E-02  4.73183434E-04
3.01315250E-01  4.60578613E-02  4.68881684E-04
3.01561926E-01  4.42642681E-02  4.70833766E-04
3.01808603E-01  4.50091548E-02  4.74145258E-04
3.02055279E-01  4.65827808E-02  4.83807002E-04
3.02301956E-01  4.50196229E-02  4.69731429E-04
3.02548632E-01  4.52825651E-02  4.75586159E-04
3.02795308E-01  4.51238975E-02  4.62737517E-04
3.03041985E-01  4.51376513E-02  4.66988247E-04
3.03288661E-01  4.60329279E-02  4.73020569E-04
3.03535338E-01  4.77439128E-02  4.99035348E-04
3.03782014E-01  4.73361835E-02  4.78077505E-04
3.04028691E-01  4.60755527E-02  4.80307994E-04
3.04275367E-01  4.45710421E-02  4.70286497E-04
3.04522043E-01  4.69419248E-02  4.83579439E-04
3.04768720E-01  4.90020923E-02  4.93827392E-04
3.05015396E-01  4.70535830E-02  4.72438900E-04
3.05262073E-01  4.53442484E-02  4.91924991E-04
3.05508749E-01  4.41404022E-02  4.57331160E-04
3.05755426E-01  4.55949269E-02  4.75271518E-04
3.06002102E-01  4.73332033E-02  4.70649247E-04
3.06248778E-01  4.29182723E-02  4.55651229E-04
3.06495455E-01  4.36723717E-02  4.71772510E-04
3.06742131E-01  4.20787893E-02  4.56239562E-04
3.06988808E-01  4.81525287E-02  4.98582027E-04
3.07235484E-01  4.33845855E-02  4.55157337E-04
3.07482160E-01  4.51654606E-02  4.88109537E-04
3.07728837E-01  4.68203425E-02  4.86451318E-04
3.07975513E-01  4.62285690E-02  4.70931816E-04
3.08222190E-01  4.48668748E-02  4.81512281E-04
3.08468866E-01  4.51383777E-02  4.72597341E-04
3.08715543E-01  4.57208976E-02  4.90592094E-04
3.08962219E-01  4.52914461E-02  4.74746135E-04
3.09208895E-01  4.54190671E-02  4.75358160E-04
3.09455572E-01  4.84912619E-02  4.99925576E-04
3.09702248E-01  4.62864973E-02  4.80709248E-04
3.09948925E-01  4.54079323E-02  4.70694504E-04
3.10195601E-01  4.51821201E-02  4.78808593E-04
3.10442278E-01  4.79003489E-02  4.84527322E-04
3.10688954E-01  4.31341827E-02  4.59089293E-04
3.10935630E-01  4.74988073E-02  4.83918964E-04
3.11182307E-01  4.51112837E-02  4.82710340E-04
3.11428983E-01  4.46620472E-02  4.81135154E-04
3.11675660E-01  4.76049744E-02  4.91549144E-04
3.11922336E-01  4.44392748E-02  4.91459854E-04
3.12169013E-01  4.52830456E-02  4.73394146E-04
3.12415689E-01  4.49066050E-02  4.90172999E-04
3.12662365E-01  4.34738547E-02  4.79653972E-04
3.12909042E-01  4.79833968E-02  4.91387676E-04
3.13155718E-01  4.53659184E-02  4.62986180E-04
3.13402395E-01  4.50708270E-02  4.83579905E-04
3.13649071E-01  4.77889106E-02  4.84755205E-04
3.13895747E-01  4.43400145E-02  4.77786234E-04
3.14142424E-01  4.18328121E-02  4.67497826E-04
3.14389100E-01  4.44818176E-02  4.89908387E-04
3.14635777E-01  4.93941233E-02  5.04199706E-04
3.14882453E-01  4.56657819E-02  4.87648416E-04
3.15129130E-01  4.47093323E-02  4.72181913E-04
3.15375806E-01  4.49085124E-02  4.75679029E-04
3.15622482E-01  4.56815213E-02  4.73402470E-04
3.15869159E-01  4.84933890E-02  4.90213628E-04
3.16115835E-01  4.95832376E-02  4.96156572E-04
3.16362512E-01  4.66882288E-02  4.83036885E-04
3.16609188E-01  4.59069386E-02  4.75802924E-04
3.16855865E-01  4.74698283E-02  4.99834598E-04
3.17102541E-01  4.60552685E-02  4.91380866E-04
3.17349217E-01  4.41202074E-02  4.69338847E-04
3.17595894E-01  4.67088744E-02  4.80568706E-04
3.17842570E-01  4.97643910E-02  4.96100460E-04
3.18089247E-01  4.61918078E-02  4.81641648E-04
3.18335923E-01  4.65761572E-02  4.78823640E-04
3.18582599E-01  4.70855907E-02  4.93667554E-04
3.18829276E-01  4.51168492E-02  4.63879202E-04
3.19075952E-01  4.54413593E-02  4.80671064E-04
3.19322629E-01  4.31028679E-02  4.57529124E-04
3.19569305E-01  4.62324806E-02  4.91390645E-04
3.19815982E-01  4.51795235E-02  4.75546840E-04
3.20062658E-01  4.86941002E-02  4.92318708E-04
3.20309334E-01  4.61951718E-02  4.90395527E-04
3.20556011E-01  4.36924994E-02  4.73779946E-04
3.20802687E-01  4.62081321E-02  4.80479328E-04
3.21049364E-01  4.50191498E-02  4.66124562E-04
3.21296040E-01  4.72708307E-02  4.98871377E-04
3.21542717E-01  4.92405109E-02  5.02701907E-04
3.21789393E-01  4.68675382E-02  4.78441099E-04
3.22036069E-01  5.13689965E-02  5.12507802E-04
3.22282746E-01  4.47391793E-02  4.56016860E-04
3.22529422E-01  4.55515385E-02  4.73717839E-04
3.22776099E-01  4.95004691E-02  4.96294000E-04
3.23022775E-01  4.61772904E-02  4.77338966E-04
3.23269452E-01  4.82947864E-02  5.00619237E-04
3.23516128E-01  4.72663380E-02  4.97786736E-04
3.23762804E-01  4.64081541E-02  4.87483019E-04
3.24009481E-01  4.51871417E-02  4.76101064E-04
3.24256157E-01  4.81898114E-02  5.04394993E-04
3.24502834E-01  4.67843413E-02  4.94284381E-04
3.24749510E-01  4.68264930E-02  4.96221764E-04
3.24996186E-01  4.96903770E-02  5.05897216E-04
3.25242863E-01  4.55446467E-02  4.78362927E-04
3.25489539E-01  4.72624786E-02  4.92667197E-04
3.25736216E-01  4.56137657E-02  4.80530434E-04
3.25982892E-01  4.85757217E-02  5.04456984E-04
3.26229569E-01  4.81198840E-02  4.93901141E-04
3.26476245E-01  4.66783419E-02  4.82007657E-04
3.26722921E-01  4.82323393E-02  5.04639873E-04
3.26969598E-01  4.83350307E-02  4.99206420E-04
3.27216274E-01  4.82311323E-02  4.95303946E-04
3.27462951E-01  4.67016250E-02  5.01110393E-04
3.27709627E-01  4.66515273E-02  4.95527638E-04
3.27956304E-01  4.68194336E-02  4.82147210E-04
3.28202980E-01  5.10202907E-02  5.06884651E-04
3.28449656E-01  4.79232110E-02  5.05357108E-04
3.28696333E-01  4.73378859E-02  4.86114179E-04
3.28943009E-01  4.59713303E-02  4.87261364E-04
3.29189686E-01  4.54927981E-02  4.99537506E-04
3.29436362E-01  4.72802781E-02  4.95638174E-04
3.29683039E-01  5.13860360E-02  5.11325256E-04
3.29929715E-01  4.90343645E-02  4.98496578E-04
3.30176391E-01  4.73041460E-02  4.86619218E-04
3.30423068E-01  4.89646904E-02  5.00744674E-04
3.30669744E-01  4.65416014E-02  4.81947267E-04
3.30916421E-01  4.95867617E-02  4.96641675E-04
3.31163097E-01  4.93378900E-02  5.02406387E-04
3.31409773E-01  4.85922620E-02  4.98962996E-04
3.31656450E-01  4.85891923E-02  4.97540925E-04
3.31903126E-01  5.12238443E-02  5.12772007E-04
3.32149803E-01  4.90705967E-02  5.06838725E-04
3.32396479E-01  4.92370203E-02  4.97988833E-04
3.32643156E-01  5.05230203E-02  5.10899292E-04
3.32889832E-01  4.89238389E-02  4.87409474E-04
3.33136508E-01  4.84846421E-02  5.00386173E-04
3.33383185E-01  4.66750897E-02  4.80894465E-04
3.33629861E-01  4.87449318E-02  5.05827134E-04
3.33876538E-01  4.80970778E-02  4.96152148E-04
3.34123214E-01  4.97051664E-02  4.80712304E-04
3.34369891E-01  5.00324667E-02  5.15144086E-04
3.34616567E-01  4.73161638E-02  4.91539948E-04
3.34863243E-01  4.83470857E-02  4.89291037E-04
3.35109920E-01  4.67499755E-02  4.91088897E-04
3.35356596E-01  5.18957935E-02  5.01397648E-04
3.35603273E-01  5.13846651E-02  5.10040671E-04
3.35849949E-01  4.92521413E-02  4.98346868E-04
3.36096625E-01  4.85775657E-02  4.94803651E-04
3.36343302E-01  4.89621386E-02  5.16354397E-04
3.36589978E-01  5.13487607E-02  5.02460520E-04
3.36836655E-01  5.10819219E-02  5.09094330E-04
3.37083331E-01  5.15173487E-02  5.06803568E-04
3.37330008E-01  4.82716933E-02  5.03230724E-04
3.37576684E-01  5.41368574E-02  5.34989929E-04
3.37823360E-01  4.89822514E-02  4.99951071E-04
3.38070037E-01  4.81372997E-02  5.16780245E-04
3.38316713E-01  5.24329878E-02  5.14337327E-04
3.38563390E-01  4.92177345E-02  4.91995306E-04
3.38810066E-01  4.60445210E-02  4.79828363E-04
3.39056743E-01  4.96511199E-02  5.12907573E-04
3.39303419E-01  4.48463485E-02  4.82689560E-04
3.39550095E-01  5.23886383E-02  5.12217637E-04
3.39796772E-01  4.84672114E-02  4.88598831E-04
3.40043448E-01  4.90719192E-02  5.03829855E-04
3.40290125E-01  4.75938953E-02  4.87815647E-04
3.40536801E-01  5.10700904E-02  5.04294818E-04
3.40783478E-01  5.09581789E-02  5.15636348E-04
3.41030154E-01  4.71026301E-02  4.82029078E-04
3.41276830E-01  5.11780046E-02  5.16012253E-04
3.41523507E-01  5.05708493E-02  5.11424325E-04
3.41770183E-01  4.94617559E-02  5.11432823E-04
3.42016860E-01  4.94366735E-02  4.98358684E-04
3.42263536E-01  4.83943671E-02  4.89037135E-04
3.42510212E-01  5.08156195E-02  5.21935057E-04
3.42756889E-01  4.71014790E-02  5.04197611E-04
3.43003565E-01  4.89174612E-02  4.98517533E-04
3.43250242E-01  4.77521308E-02  4.90361534E-04
3.43496918E-01  4.62805778E-02  4.83870361E-04
3.43743595E-01  5.04921339E-02  5.03097894E-04
3.43990271E-01  5.06372079E-02  5.17290784E-04
3.44236947E-01  4.93216291E-02  4.97656176E-04
3.44483624E-01  4.87626232E-02  4.90537728E-04
3.44730300E-01  5.15136756E-02  5.12764324E-04
3.44976977E-01  4.66805659E-02  4.89154423E-04
3.45223653E-01  4.83797267E-02  4.85512312E-04
3.45470330E-01  4.85577136E-02  4.94027860E-04
3.45717006E-01  4.82796878E-02  4.88072110E-04
3.45963682E-01  5.07187992E-02  4.94879729E-04
3.46210359E-01  4.92681563E-02  5.02069655E-04
3.46457035E-01  4.96698953E-02  5.02376293E-04
3.46703712E-01  4.93950136E-02  4.94087115E-04
3.46950388E-01  5.04682511E-02  4.99393966E-04
3.47197064E-01  5.06279357E-02  4.99459042E-04
3.47443741E-01  4.87473868E-02  5.02016279E-04
3.47690417E-01  5.01326844E-02  5.06080047E-04
3.47937094E-01  4.81332131E-02  5.05185861E-04
3.48183770E-01  4.82758619E-02  4.95155284E-04
3.48430447E-01  4.92068604E-02  5.01919130E-04
3.48677123E-01  4.73572500E-02  4.97599423E-04
3.48923799E-01  4.73056138E-02  4.79197042E-04
3.49170476E-01  4.64230776E-02  4.95196902E-04
3.49417152E-01  5.03818877E-02  5.03772055E-04
3.49663829E-01  4.86856624E-02  4.87115263E-04
3.49910505E-01  5.08801192E-02  5.14048385E-04
3.50157182E-01  4.93127778E-02  5.05976437E-04
3.50403858E-01  4.78666872E-02  4.97443951E-04
3.50650534E-01  5.08055799E-02  5.15528372E-04
3.50897211E-01  4.99158055E-02  4.98200592E-04
3.51143887E-01  4.73491512E-02  4.93347354E-04
3.51390564E-01  4.65855449E-02  4.77933994E-04
3.51637240E-01  4.90343273E-02  5.06333134E-04
3.51883917E-01  4.84468341E-02  4.89566009E-04
3.52130593E-01  4.68869954E-02  4.74988832E-04
3.52377269E-01  4.68398780E-02  4.80427610E-04
3.52623946E-01  4.64135036E-02  4.81256371E-04
3.52870622E-01  4.88433987E-02  5.01081580E-04
3.53117299E-01  4.54749241E-02  4.73904831E-04
3.53363975E-01  4.83015962E-02  4.88845748E-04
3.53610651E-01  4.52068225E-02  4.72581101E-04
3.53857328E-01  4.60950583E-02  4.91491868E-04
3.54104004E-01  4.68719974E-02  4.90960781E-04
3.54350681E-01  4.42002267E-02  4.59789735E-04
3.54597357E-01  4.80430014E-02  5.03317802E-04
3.54844034E-01  4.87976111E-02  4.90838836E-04
3.55090710E-01  4.65605631E-02  4.85433731E-04
3.55337386E-01  4.81975712E-02  4.95694112E-04
3.55584063E-01  4.87686954E-02  4.94264474E-04
3.55830739E-01  4.53939661E-02  4.71542298E-04
3.56077416E-01  4.64078337E-02  4.89895465E-04
3.56324092E-01  4.49500307E-02  4.85345285E-04
3.56570769E-01  4.61747646E-02  4.81029245E-04
3.56817445E-01  4.79376316E-02  5.03350690E-04
3.57064121E-01  4.54867072E-02  4.83398821E-04
3.57310798E-01  4.77663800E-02  4.75268724E-04
3.57557474E-01  4.63638827E-02  4.74335393E-04
3.57804151E-01  4.46678512E-02  4.66738245E-04
3.58050827E-01  4.68988009E-02  4.78842645E-04
3.58297503E-01  4.53664027E-02  4.89068043E-04
3.58544180E-01  4.79043610E-02  5.03242307E-04
3.58790856E-01  4.64916825E-02  4.87699872E-04
3.59037533E-01  4.33586314E-02  4.70474566E-04
3.59284209E-01  4.59875576E-02  4.81907395E-04
3.59530886E-01  4.55348529E-02  4.88792080E-04
3.59777562E-01  4.36693653E-02  4.65606368E-04
3.60024238E-01  4.69118729E-02  4.90650476E-04
3.60270915E-01  4.50769849E-02  4.79997601E-04
3.60517591E-01  4.51896861E-02  4.70313855E-04
3.60764268E-01  4.51804660E-02  4.69566468E-04
3.61010944E-01  4.50706705E-02  4.78947652E-04
3.61257621E-01  4.36458476E-02  4.77637921E-04
3.61504297E-01  4.46692593E-02  4.70680534E-04
3.61750973E-01  4.65039164E-02  4.76177403E-04
3.61997650E-01  4.73568402E-02  4.92372434E-04
3.62244326E-01  4.51774746E-02  4.77044174E-04
3.62491003E-01  4.52073514E-02  4.76980727E-04
3.62737679E-01  4.13017236E-02  4.64226876E-04
3.62984356E-01  4.44103852E-02  4.81744006E-04
3.63231032E-01  4.31382060E-02  4.62299475E-04
3.63477708E-01  4.39806245E-02  4.69945720E-04
3.63724385E-01  4.57964130E-02  4.78182628E-04
3.63971061E-01  4.23008613E-02  4.80496470E-04
3.64217738E-01  4.49529588E-02  4.83150565E-04
3.64464414E-01  4.45587486E-02  4.74273809E-04
3.64711090E-01  4.38945964E-02  4.82334173E-04
3.64957767E-01  4.51364219E-02  4.69419319E-04
3.65204443E-01  4.44067158E-02  4.72712942E-04
3.65451120E-01  4.27386239E-02  4.74951725E-04
3.65697796E-01  4.52367701E-02  4.75122215E-04
3.65944473E-01  4.36889529E-02  4.72341053E-04
3.66191149E-01  4.48023938E-02  4.78036440E-04
3.66437825E-01  4.47519720E-02  4.71966021E-04
3.66684502E-01  4.40153070E-02  4.72107698E-04
3.66931178E-01  4.09629568E-02  4.48999286E-04
3.67177855E-01  4.48938720E-02  4.80868359E-04
3.67424531E-01  4.51970994E-02  4.75798821E-04
3.67671208E-01  4.35890630E-02  4.73719236E-04
3.67917884E-01  4.31304947E-02  4.69832332E-04
3.68164560E-01  4.16518785E-02  4.64690878E-04
3.68411237E-01  4.44311611E-02  4.71428328E-04
3.68657913E-01  4.37688120E-02  4.60498763E-04
3.68904590E-01  4.26202789E-02  4.60788695E-04
3.69151266E-01  4.21887524E-02  4.65016434E-04
3.69397943E-01  4.23977226E-02  4.73484251E-04
3.69644619E-01  4.40594517E-02  4.83235141E-04
3.69891295E-01  4.20917869E-02  4.61498217E-04
3.70137972E-01  4.54544351E-02  4.51816217E-04
3.70384648E-01  4.62758392E-02  4.77782392E-04
3.70631325E-01  4.44754772E-02  4.69327526E-04
3.70878001E-01  4.21454832E-02  4.57221817E-04
3.71124677E-01  4.31059375E-02  4.62002441E-04
3.71371354E-01  4.31257822E-02  4.55670786E-04
3.71618030E-01  4.45202217E-02  4.68167855E-04
3.71864707E-01  4.42489199E-02  4.68065002E-04
3.72111383E-01  4.20049019E-02  4.65238001E-04
3.72358060E-01  4.29010764E-02  4.57869610E-04
3.72604736E-01  4.07469273E-02  4.55820380E-04
3.72851412E-01  4.38453294E-02  4.54020279E-04
3.73098089E-01  4.48172726E-02  4.73914930E-04
3.73344765E-01  4.40820530E-02  4.86541889E-04
3.73591442E-01  4.15402912E-02  4.56459093E-04
3.73838118E-01  4.03656922E-02  4.56622249E-04
3.74084795E-01  4.39719968E-02  4.61897638E-04
3.74331471E-01  4.18440104E-02  4.53055603E-04
3.74578147E-01  4.34251167E-02  4.79793147E-04
3.74824824E-01  3.95305045E-02  4.45520593E-04
3.75071500E-01  4.12195325E-02  4.52960900E-04
3.75318177E-01  4.23328988E-02  4.59011178E-04
3.75564853E-01  4.18775156E-02  4.65187302E-04
3.75811529E-01  4.39612567E-02  4.73000051E-04
3.76058206E-01  4.01192978E-02  4.49096522E-04
3.76304882E-01  4.19952944E-02  4.52680921E-04
3.76551559E-01  4.26343679E-02  4.63508331E-04
3.76798235E-01  4.24290411E-02  4.62745607E-04
3.77044912E-01  4.33905385E-02  4.62785916E-04
3.77291588E-01  4.25956547E-02  4.55534842E-04
3.77538264E-01  4.22065742E-02  4.50694381E-04
3.77784941E-01  4.27105427E-02  4.56879701E-04
3.78031617E-01  4.12055366E-02  4.47238795E-04
3.78278294E-01  4.27398980E-02  4.82115662E-04
3.78524970E-01  4.19902653E-02  4.43875470E-04
3.78771647E-01  4.07806337E-02  4.64441138E-04
3.79018323E-01  4.19735946E-02  4.69671097E-04
3.79264999E-01  4.21137959E-02  4.55982634E-04
3.79511676E-01  4.51914929E-02  4.79530165E-04
3.79758352E-01  4.22812738E-02  4.65688820E-04
3.80005029E-01  4.35703620E-02  4.61204065E-04
3.80251705E-01  4.38484326E-02  4.68411366E-04
3.80498382E-01  4.50761504E-02  4.60631738E-04
3.80745058E-01  4.28481773E-02  4.67341335E-04
3.80991734E-01  4.31170911E-02  4.76683781E-04
3.81238411E-01  4.22906280E-02  4.72638727E-04
3.81485087E-01  4.31278311E-02  4.83032461E-04
3.81731764E-01  4.42166515E-02  4.93864878E-04
3.81978440E-01  4.07017358E-02  4.78367612E-04
3.82225116E-01  4.26656194E-02  5.02965180E-04
3.82471793E-01  4.16668355E-02  4.90028237E-04
3.82718469E-01  4.52876911E-02  5.16585482E-04
3.82965146E-01  4.49422337E-02  5.14817133E-04
3.83211822E-01  4.18858826E-02  5.14263986E-04
3.83458499E-01  4.35404591E-02  5.21945825E-04
3.83705175E-01  4.01763059E-02  4.81276191E-04
3.83951851E-01  4.13375795E-02  5.06689365E-04
3.84198528E-01  4.48620617E-02  5.21236681E-04
3.84445204E-01  4.20562029E-02  5.09778212E-04
3.84691881E-01  4.14038375E-02  5.10472571E-04
3.84938557E-01  4.32422273E-02  5.24136762E-04
3.85185234E-01  4.29481529E-02  5.06458397E-04
3.85431910E-01  4.14035991E-02  5.12554951E-04
3.85678586E-01  4.12955619E-02  5.17048349E-04
3.85925263E-01  4.24191356E-02  5.19140740E-04
3.86171939E-01  3.99411134E-02  5.16678148E-04
3.86418616E-01  4.21770327E-02  5.31882804E-04
3.86665292E-01  4.09975871E-02  5.15308522E-04
3.86911968E-01  4.25787009E-02  5.40496549E-04
3.87158645E-01  4.30332907E-02  5.49002376E-04
3.87405321E-01  4.59389649E-02  5.67214331E-04
3.87651998E-01  4.23414297E-02  5.39811444E-04
3.87898674E-01  3.84164304E-02  5.15732507E-04
3.88145351E-01  3.77185158E-02  5.10007783E-04
3.88392027E-01  4.33496013E-02  5.67277602E-04
3.88638703E-01  4.43118997E-02  5.75219863E-04
3.88885380E-01  4.28440534E-02  5.51687495E-04
3.89132056E-01  4.17169705E-02  5.51068923E-04
3.89378733E-01  4.26972061E-02  5.51858044E-04
3.89625409E-01  4.07810286E-02  5.44970739E-04
3.89872086E-01  4.11245711E-02  5.57917869E-04
3.90118762E-01  4.09648605E-02  5.28961071E-04
3.90365438E-01  4.29364443E-02  5.40710578E-04
3.90612115E-01  4.20891941E-02  5.33328683E-04
3.90858791E-01  4.43601459E-02  5.53136517E-04
3.91105468E-01  3.98867019E-02  5.21394948E-04
3.91352144E-01  4.23839875E-02  5.35196625E-04
3.91598821E-01  4.21000980E-02  5.18167159E-04
3.91845497E-01  3.85896303E-02  4.96023858E-04
3.92092173E-01  4.40530106E-02  5.08168654E-04
3.92338850E-01  3.96158248E-02  4.81717958E-04
3.92585526E-01  4.25337255E-02  5.11332299E-04
3.92832203E-01  4.33224030E-02  5.27645228E-04
3.93078879E-01  3.79240140E-02  4.80543124E-04
3.93325555E-01  4.11030501E-02  5.06868877E-04
3.93572232E-01  4.17282917E-02  5.15883381E-04
3.93818908E-01  4.23591137E-02  4.97278350E-04
3.94065585E-01  4.30956632E-02  5.13258565E-04
3.94312261E-01  4.24105078E-02  4.92698222E-04
3.94558938E-01  4.13180441E-02  5.13345294E-04
3.94805614E-01  4.16661948E-02  5.06031734E-04
3.95052290E-01  4.24177982E-02  5.10143640E-04
3.95298967E-01  4.06758823E-02  4.99904796E-04
3.95545643E-01  4.22034301E-02  5.09785954E-04
3.95792320E-01  4.27556224E-02  5.05521661E-04
3.96038996E-01  4.31743450E-02  4.95014421E-04
3.96285673E-01  4.31350544E-02  4.95273853E-04
3.96532349E-01  4.26569320E-02  5.08097059E-04
3.96779025E-01  4.33553830E-02  5.01034257E-04
3.97025702E-01  4.45586070E-02  5.20038244E-04
3.97272378E-01  3.92964706E-02  4.92815743E-04
3.97519055E-01  4.37146537E-02  5.02508599E-04
3.97765731E-01  4.28284146E-02  5.20519272E-04
3.98012407E-01  4.14349586E-02  5.05081960E-04
3.98259084E-01  4.10960466E-02  4.88680496E-04
3.98505760E-01  4.17401902E-02  5.01244969E-04
3.98752437E-01  4.06348035E-02  4.84073855E-04
3.98999113E-01  4.02055345E-02  4.85806318E-04
3.99245790E-01  4.34305333E-02  5.14255196E-04
3.99492466E-01  4.37764935E-02  4.91750019E-04
3.99739142E-01  4.20439728E-02  4.96316236E-04
3.99985819E-01  4.09450531E-02  4.93067666E-04
4.00232495E-01  4.29315455E-02  5.06902521E-04
4.00479172E-01  4.06246334E-02  4.83557698E-04
4.00725848E-01  4.25386950E-02  4.89445636E-04
4.00972525E-01  4.09124121E-02  4.87891346E-04
4.01219201E-01  4.23819050E-02  5.06468234E-04
4.01465877E-01  4.06341515E-02  4.74683067E-04
4.01712554E-01  4.19577993E-02  4.90420323E-04
4.01959230E-01  4.01894189E-02  4.91497631E-04
4.02205907E-01  4.34559025E-02  4.97978181E-04
4.02452583E-01  4.12750803E-02  4.87065787E-04
4.02699260E-01  4.45339158E-02  5.08905447E-04
4.02945936E-01  4.31671031E-02  5.08993282E-04
4.03192612E-01  4.10365127E-02  4.91292623E-04
4.03439289E-01  4.02390994E-02  4.75947774E-04
4.03685965E-01  4.24659327E-02  4.99228423E-04
4.03932642E-01  4.31315415E-02  4.97800647E-04
4.04179318E-01  4.29266766E-02  5.04642841E-04
4.04425994E-01  4.23708856E-02  4.88563732E-04
4.04672671E-01  4.09913510E-02  4.87644720E-04
4.04919347E-01  4.15677428E-02  4.83976590E-04
4.05166024E-01  4.27230746E-02  5.09682402E-04
4.05412700E-01  4.36349399E-02  4.88218531E-04
4.05659377E-01  4.22983281E-02  5.15161082E-04
4.05906053E-01  4.31029089E-02  4.92514460E-04
4.06152729E-01  4.30169180E-02  4.97934991E-04
4.06399406E-01  4.20993268E-02  4.95589862E-04
4.06646082E-01  4.32990864E-02  4.97041969E-04
4.06892759E-01  4.35973108E-02  4.88928810E-04
4.07139435E-01  3.88086550E-02  4.77339170E-04
4.07386112E-01  4.08920236E-02  4.94461448E-04
4.07632788E-01  3.87796536E-02  4.69446008E-04
4.07879464E-01  4.27395776E-02  4.78657748E-04
4.08126141E-01  4.28465530E-02  4.93385363E-04
4.08372817E-01  4.27938625E-02  5.14575397E-04
4.08619494E-01  4.38324846E-02  5.12294355E-04
4.08866170E-01  4.29765731E-02  4.89281199E-04
4.09112847E-01  4.07142527E-02  4.84095945E-04
4.09359523E-01  4.10018377E-02  4.84673568E-04
4.09606199E-01  4.34046909E-02  4.98850422E-04
4.09852876E-01  4.10639197E-02  4.91551531E-04
4.10099552E-01  4.01276499E-02  4.78886592E-04
4.10346229E-01  4.20544520E-02  4.89860133E-04
4.10592905E-01  3.88974659E-02  4.81492083E-04
4.10839581E-01  4.10417281E-02  4.74250672E-04
4.11086258E-01  4.35906947E-02  5.02595562E-04
4.11332934E-01  4.39852290E-02  5.01086935E-04
4.11579611E-01  4.17584814E-02  4.85960714E-04
4.11826287E-01  4.11159955E-02  4.93157713E-04
4.12072964E-01  4.36123349E-02  5.05587319E-04
4.12319640E-01  4.12816443E-02  4.74129745E-04
4.12566316E-01  3.84004526E-02  4.72846674E-04
4.12812993E-01  4.28342931E-02  4.97846922E-04
4.13059669E-01  4.31019329E-02  4.94663313E-04
4.13306346E-01  4.20968346E-02  4.90158447E-04
4.13553022E-01  4.31637876E-02  4.80198156E-04
4.13799699E-01  4.36884798E-02  5.19305118E-04
4.14046375E-01  3.81682664E-02  4.64762823E-04
4.14293051E-01  4.15588729E-02  4.96163382E-04
4.14539728E-01  4.19987775E-02  4.86920588E-04
4.14786404E-01  4.03416753E-02  4.74915054E-04
4.15033081E-01  4.39616702E-02  4.99580405E-04
4.15279757E-01  4.23895493E-02  4.94851323E-04
4.15526433E-01  4.17087451E-02  4.92420397E-04
4.15773110E-01  4.16588783E-02  4.90282546E-04
4.16019786E-01  4.25938480E-02  4.94599924E-04
4.16266463E-01  4.45411690E-02  5.07783028E-04
4.16513139E-01  4.02847752E-02  4.77536174E-04
4.16759816E-01  4.17923629E-02  4.74908244E-04
4.17006492E-01  4.21162620E-02  4.88473277E-04
4.17253168E-01  4.15821634E-02  4.86855744E-04
4.17499845E-01  4.26203497E-02  5.03435789E-04
4.17746521E-01  4.11092639E-02  4.93514410E-04
4.17993198E-01  4.12577875E-02  4.83473181E-04
4.18239874E-01  4.12459709E-02  4.76293702E-04
4.18486551E-01  4.24306318E-02  4.85491619E-04
4.18733227E-01  4.16028947E-02  4.87371726E-04
4.18979903E-01  4.22711261E-02  4.97187139E-04
4.19226580E-01  4.33841795E-02  4.95797431E-04
4.19473256E-01  4.09290195E-02  4.89723403E-04
4.19719933E-01  4.05952148E-02  4.79261827E-04
4.19966609E-01  4.15150188E-02  4.70720930E-04
4.20213286E-01  4.12162021E-02  4.86755482E-04
4.20459962E-01  4.12657671E-02  4.84247837E-04
4.20706638E-01  4.15483303E-02  4.95626125E-04
4.20953315E-01  4.41523753E-02  4.90723469E-04
4.21199991E-01  4.12509441E-02  4.77188587E-04
4.21446668E-01  4.01400849E-02  4.86748555E-04
4.21693344E-01  4.47111391E-02  5.07022720E-04
4.21940020E-01  4.19081040E-02  4.71917709E-04
4.22186697E-01  4.23362553E-02  4.87221987E-04
4.22433373E-01  3.95767465E-02  4.65375226E-04
4.22680050E-01  4.24399152E-02  4.88249876E-04
4.22926726E-01  4.24182639E-02  4.97378525E-04
4.23173403E-01  4.19759601E-02  4.81419382E-04
4.23420079E-01  4.18106243E-02  4.75771958E-04
4.23666755E-01  3.99698801E-02  4.79184906E-04
4.23913432E-01  4.22458649E-02  4.80579911E-04
4.24160108E-01  4.18138988E-02  4.85361525E-04
4.24406785E-01  4.31278236E-02  4.95401095E-04
4.24653461E-01  4.15973738E-02  4.80046816E-04
4.24900138E-01  4.03431654E-02  4.92411142E-04
4.25146814E-01  3.88668142E-02  4.70467901E-04
4.25393490E-01  4.21585292E-02  4.78761765E-04
4.25640167E-01  4.25084271E-02  4.93525004E-04
4.25886843E-01  3.99907641E-02  4.72752348E-04
4.26133520E-01  4.40998077E-02  4.92185063E-04
4.26380196E-01  4.11216207E-02  4.75042063E-04
4.26626872E-01  3.98962982E-02  4.84317803E-04
4.26873549E-01  4.23858203E-02  4.87572863E-04
4.27120225E-01  4.28268313E-02  4.84012911E-04
4.27366902E-01  4.32164632E-02  4.99344140E-04
4.27613578E-01  4.06034440E-02  4.68530052E-04
4.27860255E-01  3.99897993E-02  4.80482238E-04
4.28106931E-01  3.93989906E-02  4.60647192E-04
4.28353607E-01  4.32072170E-02  5.10593585E-04
4.28600284E-01  3.92077304E-02  4.75965993E-04
4.28846960E-01  4.09456305E-02  4.86135599E-04
4.29093637E-01  4.34009023E-02  4.99105488E-04
4.29340313E-01  4.11151871E-02  4.63969482E-04
4.29586990E-01  4.00205664E-02  4.86114033E-04
4.29833666E-01  4.44780216E-02  4.90451232E-04
4.30080342E-01  4.48961072E-02  4.93457017E-04
4.30327019E-01  4.09750491E-02  4.88268881E-04
4.30573695E-01  4.08904776E-02  4.87560144E-04
4.30820372E-01  4.01295312E-02  4.69946070E-04
4.31067048E-01  4.01560292E-02  4.69984981E-04
4.31313725E-01  4.15521041E-02  4.85701283E-04
4.31560401E-01  4.05561402E-02  4.85180935E-04
4.31807077E-01  4.10033427E-02  4.89987724E-04
4.32053754E-01  4.11421880E-02  4.68080631E-04
4.32300430E-01  3.89510058E-02  4.68125276E-04
4.32547107E-01  4.05262448E-02  4.74967324E-04
4.32793783E-01  4.20576595E-02  4.88378806E-04
4.33040459E-01  4.11893539E-02  4.76380519E-04
4.33287136E-01  4.16854434E-02  4.83168289E-04
4.33533812E-01  4.35643084E-02  4.97078698E-04
4.33780489E-01  4.37383763E-02  5.00119524E-04
4.34027165E-01  3.98836955E-02  4.60969517E-04
4.34273842E-01  4.11920138E-02  4.71887615E-04
4.34520518E-01  4.01947871E-02  4.67466452E-04
4.34767194E-01  4.09671068E-02  4.73304070E-04
4.35013871E-01  4.07854095E-02  4.78024158E-04
4.35260547E-01  4.09964919E-02  4.82359930E-04
4.35507224E-01  4.10025120E-02  4.77904396E-04
4.35753900E-01  4.29992899E-02  4.86703677E-04
4.36000577E-01  4.29054014E-02  4.74717759E-04
4.36247253E-01  4.15024422E-02  4.70311090E-04
4.36493929E-01  4.11089957E-02  4.71667590E-04
4.36740606E-01  4.11150753E-02  4.79439041E-04
4.36987282E-01  4.21929620E-02  4.84568358E-04
4.37233959E-01  4.12770994E-02  4.77642578E-04
4.37480635E-01  4.54253517E-02  5.01597533E-04
4.37727311E-01  4.05416302E-02  4.59086441E-04
4.37973988E-01  4.16957997E-02  5.02952142E-04
4.38220664E-01  4.13430072E-02  4.84132994E-04
4.38467341E-01  3.99473459E-02  4.74517496E-04
4.38714017E-01  4.05642726E-02  4.83961805E-04
4.38960694E-01  4.14651930E-02  4.73015039E-04
4.39207370E-01  4.07236405E-02  4.64037497E-04
4.39454046E-01  4.21934538E-02  5.14925341E-04
4.39700723E-01  4.12771329E-02  4.96638939E-04
4.39947399E-01  4.04822417E-02  4.70151834E-04
4.40194076E-01  4.33582738E-02  4.94053646E-04
4.40440752E-01  4.27153222E-02  4.95447195E-04
4.40687429E-01  4.27007824E-02  4.82223637E-04
4.40934105E-01  4.18705605E-02  4.83576005E-04
4.41180781E-01  4.00894396E-02  4.69078834E-04
4.41427458E-01  4.09705564E-02  4.84649761E-04
4.41674134E-01  4.08812910E-02  4.78175934E-04
4.41920811E-01  4.14321870E-02  4.96483350E-04
4.42167487E-01  4.04143892E-02  4.81828756E-04
4.42414164E-01  3.97258177E-02  4.74740955E-04
4.42660840E-01  3.94549705E-02  4.74920438E-04
4.42907516E-01  4.20726724E-02  4.81691241E-04
4.43154193E-01  4.11458313E-02  4.85317927E-04
4.43400869E-01  4.32109311E-02  4.90833307E-04
4.43647546E-01  4.18573692E-02  5.01318078E-04
4.43894222E-01  3.90503556E-02  4.60416602E-04
4.44140898E-01  4.15518843E-02  4.74126573E-04
4.44387575E-01  3.95808071E-02  4.63234726E-04
4.44634251E-01  4.07907069E-02  4.83001990E-04
4.44880928E-01  3.95485424E-02  4.70047613E-04
4.45127604E-01  4.19354439E-02  4.83975076E-04
4.45374281E-01  4.02062945E-02  4.68580867E-04
4.45620957E-01  3.92437018E-02  4.67539299E-04
4.45867633E-01  4.10532467E-02  4.82705625E-04
4.46114310E-01  4.20852080E-02  4.75726207E-04
4.46360986E-01  3.99541520E-02  4.70560073E-04
4.46607663E-01  4.21023779E-02  4.91630693E-04
4.46854339E-01  4.23197225E-02  4.92891413E-04
4.47101016E-01  4.16138917E-02  4.72480344E-04
4.47347692E-01  4.19556759E-02  4.91697283E-04
4.47594368E-01  4.26013209E-02  4.77783702E-04
4.47841045E-01  4.29781526E-02  4.89288301E-04
4.48087721E-01  4.20637242E-02  4.99083544E-04
4.48334398E-01  3.99306677E-02  4.81644645E-04
4.48581074E-01  4.06800658E-02  4.74301254E-04
4.48827751E-01  3.99152115E-02  4.81511495E-04
4.49074427E-01  3.92033532E-02  4.55834495E-04
4.49321103E-01  4.18460593E-02  4.80933901E-04
4.49567780E-01  4.30229977E-02  4.98182082E-04
4.49814456E-01  4.16204594E-02  4.86244651E-04
4.50061133E-01  4.06658091E-02  4.74218716E-04
4.50307809E-01  4.29928117E-02  4.96948545E-04
4.50554485E-01  4.03519571E-02  4.69405786E-04
4.50801162E-01  4.07810733E-02  4.72379965E-04
4.51047838E-01  4.17063311E-02  4.69863531E-04
4.51294515E-01  4.10931781E-02  4.76921297E-04
4.51541191E-01  4.14010063E-02  4.82085481E-04
4.51787868E-01  4.31848317E-02  4.83266253E-04
4.52034544E-01  4.14745398E-02  4.80846356E-04
4.52281220E-01  3.88985053E-02  4.66558937E-04
4.52527897E-01  4.36815545E-02  4.83265932E-04
4.52774573E-01  4.23892848E-02  4.80578019E-04
4.53021250E-01  4.09004129E-02  4.86471108E-04
4.53267926E-01  3.81713361E-02  4.60652431E-04
4.53514603E-01  4.41224650E-02  5.04719210E-04
4.53761279E-01  3.95119041E-02  4.51261789E-04
4.54007955E-01  3.96319665E-02  4.71475651E-04
4.54254632E-01  4.24949229E-02  4.79559705E-04
4.54501308E-01  4.14795540E-02  4.78658883E-04
4.54747985E-01  4.40394357E-02  4.88203572E-04
4.54994661E-01  4.37725633E-02  4.91666549E-04
4.55241337E-01  4.28474657E-02  4.90993261E-04
4.55488014E-01  4.33995165E-02  4.90613515E-04
4.55734690E-01  4.04233374E-02  4.62652795E-04
4.55981367E-01  4.13925797E-02  4.77049762E-04
4.56228043E-01  4.10186760E-02  4.77709720E-04
4.56474720E-01  4.24028076E-02  4.72057145E-04
4.56721396E-01  4.27277014E-02  4.74148459E-04
4.56968072E-01  4.17928286E-02  4.67150850E-04
4.57214749E-01  4.32291403E-02  4.85736877E-04
4.57461425E-01  4.13355231E-02  4.73992142E-04
4.57708102E-01  3.97843085E-02  4.75545356E-04
4.57954778E-01  4.26689647E-02  4.81872383E-04
4.58201455E-01  4.30272110E-02  4.86001460E-04


### HEADER:
#
#{
#    "analysis": {},
#    "calibration_params": {
#        "Beam_Center_X": 1092.0,
#        "Beam_Center_Y": 2091.0,
#        "Detector Tilt": 0.0,
#        "Detector Tilt Plane Rotation": 0.0,
#        "Detector_X_Pixel_Size": 75.0,
#        "Detector_Y_Pixel_Size": 75.0,
#        "Integration Method": "nosplit_csr",
#        "Radial_Average_Method": "pyFAI",
#        "Sample-to-detector distance (mm)": 1731.0,
#        "Wavelength (A)": 1.0993212460550197
#    },
#    "config_file": "/mnt/home/chess_id7a/.RAW/backup.cfg",
#    "counters": {
#        "Epoch": "212.898",
#        "I1": "0",
#        "I2": "0",
#        "I3": "0",
#        "Seconds": "0.3",
#        "Time": "2.19345e-05",
#        "date": "Thu May 16 21:07:10 2024",
#        "diode": "15667"
#    },
#    "filename": "D1M0006_35C_060MPa_up_3_data_000001_00001.h5",
#    "history": {},
#    "imageHeader": {},
#    "load_path": "/nfs/chess/daq/current/id7a/Budin_05_16_24/D1M0006/D1M0006_35C_060MPa_up_3_data_000001.h5",
#    "normalizations": {
#        "Absolute_scale": {
#            "Absolute_scale_factor": 0.01111656324368444,
#            "Method": "Water"
#        },
#        "Counter_norms": [
#            [
#                "/",
#                "diode/150000"
#            ]
#        ],
#        "Polarization": {
#            "Used": false
#        },
#        "Solid_Angle_Correction": "On"
#    },
#    "raw_version": "2.1.4"
#}

