### DATA:
#
# 1823
#      Q             I(Q)           Error     
8.75701299E-03  2.24019662E-02  2.99898419E-03
9.00368942E-03  3.36029567E-02  4.38243663E-03
9.25036584E-03  4.54094075E-02  5.25668031E-03
9.49704226E-03  4.48039621E-02  4.74181538E-03
9.74371868E-03  6.10963218E-02  4.58088424E-03
9.99039511E-03  8.51275623E-02  6.58413069E-03
1.02370715E-02  1.03863798E-01  7.82222394E-03
1.04837480E-02  1.24863610E-01  7.77825527E-03
1.07304244E-02  1.30372331E-01  9.20510851E-03
1.09771008E-02  1.96017593E-01  1.49335219E-02
1.12237772E-02  3.16778511E-01  2.16891132E-02
1.14704536E-02  3.64750862E-01  2.55260095E-02
1.17171301E-02  5.89608967E-01  4.29914035E-02
1.19638065E-02  7.91344583E-01  6.16220124E-02
1.22104829E-02  1.29519844E+00  1.02819055E-01
1.24571593E-02  1.05153023E+02  1.09548817E+01
1.27038358E-02  1.93937775E+02  1.92613068E+01
1.29505122E-02  2.26102676E+02  1.94658546E+01
1.31971886E-02  1.63766800E+02  1.36150494E+01
1.34438650E-02  1.53783447E+02  1.24690723E+01
1.36905414E-02  1.36425308E+02  1.09227982E+01
1.39372179E-02  1.04101700E+02  8.07603836E+00
1.41838943E-02  9.45637589E+01  7.02797794E+00
1.44305707E-02  7.49812088E+01  5.45135689E+00
1.46772471E-02  6.59742126E+01  4.70964813E+00
1.49239236E-02  5.82918510E+01  4.04249096E+00
1.51706000E-02  4.71021881E+01  3.22448039E+00
1.54172764E-02  4.71583862E+01  3.25967813E+00
1.56639528E-02  3.91813431E+01  2.62869215E+00
1.59106292E-02  3.71644516E+01  2.43531132E+00
1.61573057E-02  3.40072060E+01  2.11359835E+00
1.64039821E-02  2.75676479E+01  1.67653990E+00
1.66506585E-02  2.78181229E+01  1.66168690E+00
1.68973349E-02  2.23349743E+01  1.32399416E+00
1.71440114E-02  2.27551136E+01  1.30172241E+00
1.73906878E-02  1.86017685E+01  1.01543474E+00
1.76373642E-02  1.78620262E+01  9.68516171E-01
1.78840406E-02  1.64422588E+01  8.91236544E-01
1.81307170E-02  1.40013914E+01  7.46930897E-01
1.83773935E-02  1.42562628E+01  7.41439462E-01
1.86240699E-02  1.22667027E+01  6.19830430E-01
1.88707463E-02  1.14607897E+01  5.75278342E-01
1.91174227E-02  1.04177847E+01  5.34091175E-01
1.93640992E-02  9.01556492E+00  4.50934291E-01
1.96107756E-02  8.51215363E+00  4.33855683E-01
1.98574520E-02  7.99171591E+00  3.95899892E-01
2.01041284E-02  7.02702093E+00  3.46819609E-01
2.03508048E-02  6.06852531E+00  2.99750149E-01
2.05974813E-02  5.24318552E+00  2.45459393E-01
2.08441577E-02  4.63150501E+00  2.12700889E-01
2.10908341E-02  4.08703947E+00  1.86579525E-01
2.13375105E-02  3.93885040E+00  1.80974752E-01
2.15841870E-02  3.63950253E+00  1.63141698E-01
2.18308634E-02  3.43704176E+00  1.54021487E-01
2.20775398E-02  3.17229390E+00  1.35009274E-01
2.23242162E-02  2.87639093E+00  1.16052441E-01
2.25708926E-02  2.85381842E+00  1.17554396E-01
2.28175691E-02  2.57468987E+00  1.00034237E-01
2.30642455E-02  2.44671917E+00  9.02565122E-02
2.33109219E-02  2.21485519E+00  8.15352425E-02
2.35575983E-02  2.04943633E+00  7.21101463E-02
2.38042748E-02  1.90772140E+00  6.76676705E-02
2.40509512E-02  1.70729125E+00  5.60273863E-02
2.42976276E-02  1.64253581E+00  5.16359359E-02
2.45443040E-02  1.51232016E+00  4.72702794E-02
2.47909804E-02  1.45791399E+00  4.39186022E-02
2.50376569E-02  1.37347460E+00  4.04697508E-02
2.52843333E-02  1.34182513E+00  3.93422060E-02
2.55310097E-02  1.24406934E+00  3.67304124E-02
2.57776861E-02  1.23554432E+00  3.39145400E-02
2.60243626E-02  1.17804801E+00  3.20711061E-02
2.62710390E-02  1.09436691E+00  2.93458086E-02
2.65177154E-02  1.03464007E+00  2.61646342E-02
2.67643918E-02  1.04652262E+00  2.73391306E-02
2.70110682E-02  9.70518053E-01  2.38011722E-02
2.72577447E-02  9.26183701E-01  2.11257264E-02
2.75044211E-02  9.02432084E-01  2.09598672E-02
2.77510975E-02  8.48275721E-01  1.80538725E-02
2.79977739E-02  8.14934969E-01  1.75313503E-02
2.82444504E-02  8.19144964E-01  1.70210972E-02
2.84911268E-02  7.66726911E-01  1.56756006E-02
2.87378032E-02  7.18674004E-01  1.44682471E-02
2.89844796E-02  6.87987149E-01  1.24924034E-02
2.92311561E-02  6.72818303E-01  1.27801206E-02
2.94778325E-02  6.43675804E-01  1.20890643E-02
2.97245089E-02  6.34050131E-01  1.12120258E-02
2.99711853E-02  6.04920983E-01  1.06492843E-02
3.02178617E-02  5.77757120E-01  9.55777802E-03
3.04645382E-02  5.68914294E-01  1.00867404E-02
3.07112146E-02  5.48825920E-01  9.26510617E-03
3.09578910E-02  5.39272249E-01  8.35708063E-03
3.12045674E-02  5.11668265E-01  8.00604653E-03
3.14512439E-02  5.10910690E-01  7.75980484E-03
3.16979203E-02  4.93990898E-01  7.12670851E-03
3.19445967E-02  5.02430797E-01  7.25968974E-03
3.21912731E-02  4.94267732E-01  7.18354667E-03
3.24379495E-02  4.68069404E-01  6.62719691E-03
3.26846260E-02  4.71269995E-01  6.62368024E-03
3.29313024E-02  4.37019140E-01  5.90305636E-03
3.31779788E-02  4.55336571E-01  5.87475626E-03
3.34246552E-02  4.39659595E-01  5.63498307E-03
3.36713317E-02  4.23692822E-01  5.04219532E-03
3.39180081E-02  4.21455353E-01  5.46661299E-03
3.41646845E-02  4.07931000E-01  5.15543483E-03
3.44113609E-02  4.11666483E-01  5.03665628E-03
3.46580373E-02  3.91282111E-01  4.71946783E-03
3.49047138E-02  3.93182635E-01  4.68994817E-03
3.51513902E-02  3.68869722E-01  4.44492977E-03
3.53980666E-02  3.76523972E-01  4.51968564E-03
3.56447430E-02  3.82007957E-01  4.42015659E-03
3.58914195E-02  3.60374898E-01  4.24563373E-03
3.61380959E-02  3.48719120E-01  4.14076447E-03
3.63847723E-02  3.45102340E-01  3.74399615E-03
3.66314487E-02  3.63960057E-01  4.16864408E-03
3.68781251E-02  3.42574537E-01  3.65495146E-03
3.71248016E-02  3.38501096E-01  3.70973442E-03
3.73714780E-02  3.25866520E-01  3.82671785E-03
3.76181544E-02  3.26505303E-01  3.69325234E-03
3.78648308E-02  3.22693884E-01  3.19092488E-03
3.81115073E-02  3.16584915E-01  3.35713802E-03
3.83581837E-02  3.10173094E-01  3.13544925E-03
3.86048601E-02  3.16726208E-01  3.14835808E-03
3.88515365E-02  3.11614722E-01  3.14830430E-03
3.90982129E-02  3.08271617E-01  2.97553185E-03
3.93448894E-02  3.00115466E-01  2.94483872E-03
3.95915658E-02  3.08518410E-01  3.14208376E-03
3.98382422E-02  3.04862261E-01  2.96994345E-03
4.00849186E-02  2.93848634E-01  2.94254906E-03
4.03315951E-02  2.92680651E-01  2.78207636E-03
4.05782715E-02  2.72761077E-01  2.77864607E-03
4.08249479E-02  2.91992486E-01  2.87971203E-03
4.10716243E-02  2.83779234E-01  2.82669184E-03
4.13183007E-02  2.72361368E-01  2.82361382E-03
4.15649772E-02  2.78613985E-01  2.77696247E-03
4.18116536E-02  2.74510264E-01  2.69196322E-03
4.20583300E-02  2.78610200E-01  2.75852554E-03
4.23050064E-02  2.74834514E-01  2.65230238E-03
4.25516829E-02  2.61265785E-01  2.57076579E-03
4.27983593E-02  2.68428594E-01  2.60742917E-03
4.30450357E-02  2.51882643E-01  2.55000452E-03
4.32917121E-02  2.45847166E-01  2.44957674E-03
4.35383885E-02  2.41074279E-01  2.32601562E-03
4.37850650E-02  2.53218710E-01  2.38185120E-03
4.40317414E-02  2.41176695E-01  2.26765219E-03
4.42784178E-02  2.49039099E-01  2.43630912E-03
4.45250942E-02  2.24039257E-01  2.22826609E-03
4.47717707E-02  2.24976897E-01  2.18618638E-03
4.50184471E-02  2.23117739E-01  2.05201167E-03
4.52651235E-02  2.34575719E-01  2.18636403E-03
4.55117999E-02  2.18002215E-01  2.10850360E-03
4.57584764E-02  2.24040404E-01  2.14621052E-03
4.60051528E-02  2.21442625E-01  1.99981127E-03
4.62518292E-02  2.13913858E-01  2.15198938E-03
4.64985056E-02  2.22543508E-01  2.07628380E-03
4.67451820E-02  2.04519078E-01  2.05477630E-03
4.69918585E-02  2.18539879E-01  2.11900496E-03
4.72385349E-02  1.98156521E-01  1.95508986E-03
4.74852113E-02  2.12824598E-01  2.09777080E-03
4.77318877E-02  1.98001027E-01  1.81758788E-03
4.79785642E-02  2.07374513E-01  1.94423145E-03
4.82252406E-02  2.10540876E-01  1.89621688E-03
4.84719170E-02  2.12082416E-01  1.99696631E-03
4.87185934E-02  1.99571803E-01  1.95700163E-03
4.89652698E-02  2.07513317E-01  1.95823726E-03
4.92119463E-02  2.02207729E-01  1.96921686E-03
4.94586227E-02  2.01389462E-01  1.81719870E-03
4.97052991E-02  2.10601628E-01  1.86106493E-03
4.99519755E-02  1.89598799E-01  1.87742361E-03
5.01986520E-02  2.06402346E-01  1.80626276E-03
5.04453284E-02  2.01725841E-01  1.81164802E-03
5.06920048E-02  1.94287062E-01  1.86243025E-03
5.09386812E-02  2.08434641E-01  1.86052080E-03
5.11853576E-02  1.94934130E-01  1.79030339E-03
5.14320341E-02  1.90992370E-01  1.78945635E-03
5.16787105E-02  2.02013686E-01  1.84696796E-03
5.19253869E-02  2.04293713E-01  1.70653639E-03
5.21720633E-02  1.92142367E-01  1.78753014E-03
5.24187398E-02  2.01475218E-01  1.66803109E-03
5.26654162E-02  1.97096378E-01  1.74693833E-03
5.29120926E-02  1.91901699E-01  1.85999193E-03
5.31587690E-02  1.84738934E-01  1.68264483E-03
5.34054454E-02  1.90664470E-01  1.85112178E-03
5.36521219E-02  1.93705767E-01  1.70685910E-03
5.38987983E-02  2.05901086E-01  1.81501068E-03
5.41454747E-02  1.91271484E-01  1.71562948E-03
5.43921511E-02  1.94938496E-01  1.66646147E-03
5.46388276E-02  1.98620647E-01  1.73912442E-03
5.48855040E-02  2.01013014E-01  1.73296372E-03
5.51321804E-02  1.93192944E-01  1.68054702E-03
5.53788568E-02  1.96249545E-01  1.72279414E-03
5.56255332E-02  1.97201654E-01  1.74752402E-03
5.58722097E-02  1.96652755E-01  1.68361701E-03
5.61188861E-02  2.07464635E-01  1.79263041E-03
5.63655625E-02  1.95384577E-01  1.67057000E-03
5.66122389E-02  2.08029538E-01  1.79838890E-03
5.68589154E-02  1.99143261E-01  1.70997763E-03
5.71055918E-02  2.07745656E-01  1.70540332E-03
5.73522682E-02  2.11267784E-01  1.78422406E-03
5.75989446E-02  2.08124444E-01  1.80799107E-03
5.78456210E-02  2.17380464E-01  1.81762280E-03
5.80922975E-02  2.10190743E-01  1.68934616E-03
5.83389739E-02  2.11953416E-01  1.75766088E-03
5.85856503E-02  2.16007337E-01  1.77917280E-03
5.88323267E-02  2.07127646E-01  1.76693825E-03
5.90790032E-02  2.21443713E-01  1.74316915E-03
5.93256796E-02  2.15692982E-01  1.66322826E-03
5.95723560E-02  2.15350538E-01  1.78830908E-03
5.98190324E-02  2.11020619E-01  1.74899807E-03
6.00657088E-02  2.23298192E-01  1.76839880E-03
6.03123853E-02  2.22219765E-01  1.69100787E-03
6.05590617E-02  2.16153145E-01  1.80923147E-03
6.08057381E-02  2.05033213E-01  1.70933700E-03
6.10524145E-02  2.11435974E-01  1.73194939E-03
6.12990910E-02  2.15709820E-01  1.77611015E-03
6.15457674E-02  2.19586357E-01  1.79786293E-03
6.17924438E-02  2.14691594E-01  1.73628377E-03
6.20391202E-02  2.26757973E-01  1.81800709E-03
6.22857966E-02  2.11992264E-01  1.78971398E-03
6.25324731E-02  2.17087314E-01  1.69762061E-03
6.27791495E-02  2.28173837E-01  1.72395248E-03
6.30258259E-02  2.23446220E-01  1.73906900E-03
6.32725023E-02  2.31226161E-01  1.75446714E-03
6.35191788E-02  2.26603895E-01  1.76040106E-03
6.37658552E-02  2.36535177E-01  1.80815475E-03
6.40125316E-02  2.38166854E-01  1.77431898E-03
6.42592080E-02  2.43185669E-01  1.83909049E-03
6.45058845E-02  2.39122704E-01  1.78819557E-03
6.47525609E-02  2.50525117E-01  1.95152347E-03
6.49992373E-02  2.50269830E-01  1.93011609E-03
6.52459137E-02  2.62370914E-01  1.91421399E-03
6.54925901E-02  2.57718563E-01  1.92439230E-03
6.57392666E-02  2.73063064E-01  1.94822683E-03
6.59859430E-02  2.69385129E-01  2.02025007E-03
6.62326194E-02  2.76506960E-01  2.02896190E-03
6.64792958E-02  2.75560230E-01  2.04163929E-03
6.67259723E-02  2.81678051E-01  2.11554999E-03
6.69726487E-02  2.83336729E-01  2.03616149E-03
6.72193251E-02  3.00950527E-01  2.25204485E-03
6.74660015E-02  3.05022091E-01  2.28977599E-03
6.77126779E-02  3.12946290E-01  2.15582154E-03
6.79593544E-02  3.26250523E-01  2.27014162E-03
6.82060308E-02  3.36757839E-01  2.40995269E-03
6.84527072E-02  3.42966825E-01  2.55526043E-03
6.86993836E-02  3.54978204E-01  2.52426136E-03
6.89460601E-02  3.50747317E-01  2.48087011E-03
6.91927365E-02  3.78578514E-01  2.83834315E-03
6.94394129E-02  3.80959570E-01  2.89848889E-03
6.96860893E-02  4.11661357E-01  3.18075134E-03
6.99327657E-02  4.14798617E-01  3.14659649E-03
7.01794422E-02  4.30961132E-01  3.34660592E-03
7.04261186E-02  4.55572367E-01  3.68504599E-03
7.06727950E-02  4.77881521E-01  3.98581754E-03
7.09194714E-02  4.92624223E-01  4.18598810E-03
7.11661479E-02  5.20399034E-01  4.26176237E-03
7.14128243E-02  5.31366110E-01  4.39930335E-03
7.16595007E-02  5.49280822E-01  4.50781221E-03
7.19061771E-02  5.65489948E-01  4.33386955E-03
7.21528535E-02  5.74440241E-01  4.48672753E-03
7.23995300E-02  5.88423848E-01  4.31767665E-03
7.26462064E-02  6.05528533E-01  4.40138392E-03
7.28928828E-02  6.36250377E-01  4.39800043E-03
7.31395592E-02  6.34043872E-01  4.32129577E-03
7.33862357E-02  6.47407830E-01  4.29713354E-03
7.36329121E-02  6.61072373E-01  4.30404209E-03
7.38795885E-02  6.61157072E-01  4.35452396E-03
7.41262649E-02  6.77400410E-01  4.71547572E-03
7.43729413E-02  6.74785256E-01  4.41338075E-03
7.46196178E-02  7.06138790E-01  4.79207467E-03
7.48662942E-02  6.99304700E-01  4.52590128E-03
7.51129706E-02  7.06485212E-01  4.98418044E-03
7.53596470E-02  7.07628489E-01  4.77153854E-03
7.56063235E-02  7.18354881E-01  4.65827994E-03
7.58529999E-02  7.23075449E-01  5.01466263E-03
7.60996763E-02  7.33393013E-01  4.81951376E-03
7.63463527E-02  7.10856557E-01  4.74312063E-03
7.65930291E-02  7.20834374E-01  4.50362638E-03
7.68397056E-02  7.25149393E-01  4.54886863E-03
7.70863820E-02  7.19747424E-01  4.44196537E-03
7.73330584E-02  7.23580658E-01  4.37458185E-03
7.75797348E-02  7.21917927E-01  4.21234639E-03
7.78264113E-02  7.38051474E-01  4.40668641E-03
7.80730877E-02  7.32658923E-01  4.29075677E-03
7.83197641E-02  7.34378695E-01  4.47636098E-03
7.85664405E-02  7.27144420E-01  4.18244023E-03
7.88131169E-02  7.10777998E-01  3.91868781E-03
7.90597934E-02  7.01656818E-01  3.82321514E-03
7.93064698E-02  6.68032050E-01  3.56089580E-03
7.95531462E-02  6.52134180E-01  3.29132262E-03
7.97998226E-02  6.16514564E-01  3.00069014E-03
8.00464991E-02  5.93417108E-01  3.07469978E-03
8.02931755E-02  5.81628621E-01  2.93215550E-03
8.05398519E-02  5.51254451E-01  2.77132890E-03
8.07865283E-02  5.49390554E-01  2.69893534E-03
8.10332047E-02  5.25777757E-01  2.61356123E-03
8.12798812E-02  5.24616420E-01  2.70940876E-03
8.15265576E-02  5.11716068E-01  2.60569272E-03
8.17732340E-02  5.05909741E-01  2.61218799E-03
8.20199104E-02  4.94806677E-01  2.49402737E-03
8.22665869E-02  4.90699261E-01  2.47120461E-03
8.25132633E-02  4.91593868E-01  2.53346493E-03
8.27599397E-02  4.75032359E-01  2.38092500E-03
8.30066161E-02  4.85622376E-01  2.49283691E-03
8.32532926E-02  4.77170408E-01  2.53497879E-03
8.34999690E-02  4.56858784E-01  2.42459239E-03
8.37466454E-02  4.52878028E-01  2.39296840E-03
8.39933218E-02  4.53027189E-01  2.31035706E-03
8.42399982E-02  4.51840520E-01  2.30713515E-03
8.44866747E-02  4.43650991E-01  2.31370516E-03
8.47333511E-02  4.35914189E-01  2.25509750E-03
8.49800275E-02  4.41884309E-01  2.30696541E-03
8.52267039E-02  4.24773127E-01  2.24723550E-03
8.54733804E-02  4.37066793E-01  2.26910552E-03
8.57200568E-02  4.16188329E-01  2.19867984E-03
8.59667332E-02  4.32008326E-01  2.33570719E-03
8.62134096E-02  4.19444561E-01  2.16184463E-03
8.64600860E-02  4.24640685E-01  2.22919392E-03
8.67067625E-02  4.22130495E-01  2.24848604E-03
8.69534389E-02  4.14463133E-01  2.14305706E-03
8.72001153E-02  4.11972821E-01  2.21508113E-03
8.74467917E-02  4.18727458E-01  2.14414415E-03
8.76934682E-02  4.24546152E-01  2.16720323E-03
8.79401446E-02  4.04061884E-01  2.13259994E-03
8.81868210E-02  4.08645660E-01  2.20563984E-03
8.84334974E-02  4.12027925E-01  2.13039899E-03
8.86801738E-02  3.95372301E-01  2.07585120E-03
8.89268503E-02  4.20937896E-01  2.24334374E-03
8.91735267E-02  4.04931724E-01  2.21959152E-03
8.94202031E-02  4.00530487E-01  2.10513873E-03
8.96668795E-02  3.99462402E-01  2.12726207E-03
8.99135560E-02  3.97650838E-01  2.02102447E-03
9.01602324E-02  4.04575229E-01  2.08930369E-03
9.04069088E-02  4.10027951E-01  2.09900620E-03
9.06535852E-02  4.02903855E-01  2.18794658E-03
9.09002616E-02  4.07461643E-01  2.16919347E-03
9.11469381E-02  3.92487824E-01  2.12447764E-03
9.13936145E-02  4.09513384E-01  2.14574183E-03
9.16402909E-02  4.01174009E-01  2.11735861E-03
9.18869673E-02  3.96159470E-01  2.13608844E-03
9.21336438E-02  3.93191814E-01  2.18023895E-03
9.23803202E-02  4.04219538E-01  2.09330604E-03
9.26269966E-02  4.00203705E-01  2.11722218E-03
9.28736730E-02  4.11987305E-01  2.09364295E-03
9.31203494E-02  4.02495414E-01  1.98297948E-03
9.33670259E-02  4.06943083E-01  2.19318527E-03
9.36137023E-02  4.06124830E-01  2.08311039E-03
9.38603787E-02  4.03397143E-01  2.15130462E-03
9.41070551E-02  4.02552307E-01  2.19428586E-03
9.43537316E-02  4.06000882E-01  2.13420088E-03
9.46004080E-02  4.19027358E-01  2.19119061E-03
9.48470844E-02  4.06913489E-01  2.13795970E-03
9.50937608E-02  4.14838165E-01  2.16229050E-03
9.53404372E-02  4.11008149E-01  2.12899200E-03
9.55871137E-02  4.06782538E-01  2.08970392E-03
9.58337901E-02  4.16222364E-01  2.12719734E-03
9.60804665E-02  4.11532134E-01  2.08320329E-03
9.63271429E-02  4.10653144E-01  2.07275874E-03
9.65738194E-02  4.16634232E-01  2.16014916E-03
9.68204958E-02  4.14873153E-01  2.15313351E-03
9.70671722E-02  4.11958992E-01  2.13316851E-03
9.73138486E-02  4.15372223E-01  2.12180289E-03
9.75605250E-02  4.23441917E-01  2.16229213E-03
9.78072015E-02  4.15199012E-01  2.07287329E-03
9.80538779E-02  4.24785167E-01  2.11286731E-03
9.83005543E-02  4.22860146E-01  2.15668511E-03
9.85472307E-02  4.21166599E-01  2.09600525E-03
9.87939072E-02  4.32878882E-01  2.15593283E-03
9.90405836E-02  4.35806066E-01  2.14745011E-03
9.92872600E-02  4.39336747E-01  2.16525933E-03
9.95339364E-02  4.26817119E-01  2.06614728E-03
9.97806128E-02  4.38884050E-01  2.14978866E-03
1.00027289E-01  4.31881458E-01  2.20182654E-03
1.00273966E-01  4.32704449E-01  2.10002856E-03
1.00520642E-01  4.47443515E-01  2.28041271E-03
1.00767319E-01  4.43049163E-01  2.15088925E-03
1.01013995E-01  4.43323642E-01  2.18806136E-03
1.01260671E-01  4.44621116E-01  2.19647540E-03
1.01507348E-01  4.44278121E-01  2.16503791E-03
1.01754024E-01  4.51624721E-01  2.19603465E-03
1.02000701E-01  4.60703284E-01  2.19693570E-03
1.02247377E-01  4.61333573E-01  2.24456121E-03
1.02494053E-01  4.56231326E-01  2.20370013E-03
1.02740730E-01  4.56755280E-01  2.26246612E-03
1.02987406E-01  4.74412262E-01  2.28008116E-03
1.03234083E-01  4.66614366E-01  2.26910273E-03
1.03480759E-01  4.72626597E-01  2.25786422E-03
1.03727436E-01  4.77144212E-01  2.24109553E-03
1.03974112E-01  4.79164153E-01  2.27526738E-03
1.04220788E-01  4.73287851E-01  2.39368645E-03
1.04467465E-01  4.82686222E-01  2.28389539E-03
1.04714141E-01  4.83068824E-01  2.35336763E-03
1.04960818E-01  5.03958344E-01  2.36827019E-03
1.05207494E-01  4.92805690E-01  2.34238594E-03
1.05454171E-01  5.13266802E-01  2.43441015E-03
1.05700847E-01  5.02074599E-01  2.35476508E-03
1.05947523E-01  5.11878610E-01  2.52727349E-03
1.06194200E-01  5.08063972E-01  2.37017451E-03
1.06440876E-01  5.17083049E-01  2.41042045E-03
1.06687553E-01  5.11685729E-01  2.38605822E-03
1.06934229E-01  5.28866529E-01  2.48024706E-03
1.07180906E-01  5.41246176E-01  2.51779077E-03
1.07427582E-01  5.31863272E-01  2.43609888E-03
1.07674258E-01  5.38219512E-01  2.42861547E-03
1.07920935E-01  5.41411698E-01  2.48967600E-03
1.08167611E-01  5.48632801E-01  2.49658013E-03
1.08414288E-01  5.53991497E-01  2.56599556E-03
1.08660964E-01  5.64275265E-01  2.58440897E-03
1.08907640E-01  5.67777276E-01  2.59821629E-03
1.09154317E-01  5.78552544E-01  2.63285707E-03
1.09400993E-01  5.81598878E-01  2.69129919E-03
1.09647670E-01  5.83328605E-01  2.82250834E-03
1.09894346E-01  5.86274385E-01  2.71865795E-03
1.10141023E-01  5.94538331E-01  2.79807998E-03
1.10387699E-01  5.98799288E-01  2.83140177E-03
1.10634375E-01  6.19882584E-01  2.80975923E-03
1.10881052E-01  6.32181108E-01  2.94143730E-03
1.11127728E-01  6.24543369E-01  2.80063436E-03
1.11374405E-01  6.37247860E-01  3.01785860E-03
1.11621081E-01  6.40754282E-01  2.91215302E-03
1.11867758E-01  6.41479611E-01  2.92189675E-03
1.12114434E-01  6.40435576E-01  2.96718068E-03
1.12361110E-01  6.43550873E-01  3.06402915E-03
1.12607787E-01  6.43624008E-01  2.97156838E-03
1.12854463E-01  6.50540411E-01  3.00162868E-03
1.13101140E-01  6.57844126E-01  2.95411539E-03
1.13347816E-01  6.60876572E-01  3.03486432E-03
1.13594493E-01  6.48900330E-01  2.96485191E-03
1.13841169E-01  6.50479257E-01  2.99190101E-03
1.14087845E-01  6.44950330E-01  2.96155969E-03
1.14334522E-01  6.58963144E-01  2.92527489E-03
1.14581198E-01  6.42845273E-01  2.85495608E-03
1.14827875E-01  6.38737500E-01  3.02206492E-03
1.15074551E-01  6.51700199E-01  2.97724712E-03
1.15321227E-01  6.43516541E-01  2.96275015E-03
1.15567904E-01  6.52863920E-01  2.87091988E-03
1.15814580E-01  6.33795738E-01  2.90540233E-03
1.16061257E-01  6.27988517E-01  2.94377259E-03
1.16307933E-01  6.11613095E-01  2.86413403E-03
1.16554610E-01  6.18307173E-01  2.75358092E-03
1.16801286E-01  6.16349280E-01  2.84856162E-03
1.17047962E-01  6.14229798E-01  2.80647515E-03
1.17294639E-01  6.04736626E-01  2.79332511E-03
1.17541315E-01  6.03880584E-01  2.77549750E-03
1.17787992E-01  5.93322337E-01  2.75321049E-03
1.18034668E-01  5.87955296E-01  2.71175522E-03
1.18281345E-01  5.88009238E-01  2.64926208E-03
1.18528021E-01  5.85003853E-01  2.59802584E-03
1.18774697E-01  5.81594884E-01  2.67107249E-03
1.19021374E-01  5.66344917E-01  2.55537382E-03
1.19268050E-01  5.60248435E-01  2.62140110E-03
1.19514727E-01  5.50159752E-01  2.54855631E-03
1.19761403E-01  5.47866642E-01  2.48728460E-03
1.20008079E-01  5.40331066E-01  2.49585789E-03
1.20254756E-01  5.42298377E-01  2.48164963E-03
1.20501432E-01  5.45658052E-01  2.41803913E-03
1.20748109E-01  5.35732090E-01  2.41745589E-03
1.20994785E-01  5.29641628E-01  2.38513853E-03
1.21241462E-01  5.29961646E-01  2.37650308E-03
1.21488138E-01  5.24089456E-01  2.37343437E-03
1.21734814E-01  5.23682833E-01  2.39958684E-03
1.21981491E-01  5.14804065E-01  2.24923901E-03
1.22228167E-01  5.26797950E-01  2.40020873E-03
1.22474844E-01  5.02015412E-01  2.32651434E-03
1.22721520E-01  4.98013169E-01  2.35925918E-03
1.22968197E-01  5.12087822E-01  2.34444160E-03
1.23214873E-01  5.00156641E-01  2.31314683E-03
1.23461549E-01  5.11162579E-01  2.38251337E-03
1.23708226E-01  4.94840920E-01  2.20921310E-03
1.23954902E-01  4.94407594E-01  2.19595479E-03
1.24201579E-01  4.81811285E-01  2.18560873E-03
1.24448255E-01  4.95382816E-01  2.20704242E-03
1.24694932E-01  4.86086518E-01  2.19394313E-03
1.24941608E-01  4.87651974E-01  2.18373467E-03
1.25188284E-01  4.97809708E-01  2.22019921E-03
1.25434961E-01  4.93007153E-01  2.19451729E-03
1.25681637E-01  4.76149738E-01  2.21957918E-03
1.25928314E-01  4.77241576E-01  2.25351052E-03
1.26174990E-01  4.76562738E-01  2.12430838E-03
1.26421666E-01  4.69898045E-01  2.18176865E-03
1.26668343E-01  4.80373681E-01  2.14226521E-03
1.26915019E-01  4.71621722E-01  2.11150548E-03
1.27161696E-01  4.51893300E-01  2.07662629E-03
1.27408372E-01  4.73888993E-01  2.16094521E-03
1.27655049E-01  4.66709197E-01  2.14005099E-03
1.27901725E-01  4.57148224E-01  2.11593462E-03
1.28148401E-01  4.65073615E-01  2.06877897E-03
1.28395078E-01  4.54408109E-01  2.09738547E-03
1.28641754E-01  4.49848711E-01  2.09125713E-03
1.28888431E-01  4.46688741E-01  2.08380586E-03
1.29135107E-01  4.50257331E-01  2.07543327E-03
1.29381784E-01  4.47705001E-01  1.98704214E-03
1.29628460E-01  4.46459234E-01  1.98527100E-03
1.29875136E-01  4.40274090E-01  2.06720014E-03
1.30121813E-01  4.46167916E-01  2.00702483E-03
1.30368489E-01  4.44508106E-01  2.01189634E-03
1.30615166E-01  4.40288812E-01  2.00327579E-03
1.30861842E-01  4.44129020E-01  1.97784952E-03
1.31108518E-01  4.22874987E-01  1.93078176E-03
1.31355195E-01  4.31311935E-01  2.03267531E-03
1.31601871E-01  4.32503134E-01  1.98927289E-03
1.31848548E-01  4.44588721E-01  1.98683399E-03
1.32095224E-01  4.29319084E-01  1.93713140E-03
1.32341901E-01  4.21330482E-01  1.90812338E-03
1.32588577E-01  4.34528828E-01  1.98127655E-03
1.32835253E-01  4.34097379E-01  1.96086941E-03
1.33081930E-01  4.14069414E-01  1.91423576E-03
1.33328606E-01  4.23791230E-01  2.02057208E-03
1.33575283E-01  4.16089952E-01  1.89162907E-03
1.33821959E-01  4.27988559E-01  1.95721840E-03
1.34068636E-01  4.15401787E-01  1.88294658E-03
1.34315312E-01  4.20267105E-01  1.88680470E-03
1.34561988E-01  4.10472095E-01  1.89949747E-03
1.34808665E-01  4.17057127E-01  1.92374061E-03
1.35055341E-01  4.04402763E-01  1.88869238E-03
1.35302018E-01  4.03849602E-01  1.85921229E-03
1.35548694E-01  4.11645323E-01  1.94171770E-03
1.35795371E-01  4.04027879E-01  1.83709234E-03
1.36042047E-01  4.05632645E-01  1.93252787E-03
1.36288723E-01  4.05202806E-01  1.82813813E-03
1.36535400E-01  4.00320709E-01  1.88062852E-03
1.36782076E-01  4.05069232E-01  1.89489138E-03
1.37028753E-01  3.96112323E-01  1.82336150E-03
1.37275429E-01  3.97618175E-01  1.84035546E-03
1.37522105E-01  4.03124958E-01  1.87673420E-03
1.37768782E-01  3.89462173E-01  1.83662074E-03
1.38015458E-01  3.94008756E-01  1.80318602E-03
1.38262135E-01  3.97162080E-01  1.86160509E-03
1.38508811E-01  3.93223941E-01  1.84813060E-03
1.38755488E-01  3.92857283E-01  1.76240841E-03
1.39002164E-01  3.88830096E-01  1.78472558E-03
1.39248840E-01  3.95915002E-01  1.79098488E-03
1.39495517E-01  3.87630999E-01  1.78592792E-03
1.39742193E-01  3.89602810E-01  1.76412205E-03
1.39988870E-01  3.85907292E-01  1.80853694E-03
1.40235546E-01  3.79166365E-01  1.78584049E-03
1.40482223E-01  3.92733961E-01  1.81688194E-03
1.40728899E-01  3.88215721E-01  1.75184163E-03
1.40975575E-01  3.85929167E-01  1.76971115E-03
1.41222252E-01  3.82776469E-01  1.75102300E-03
1.41468928E-01  3.79343569E-01  1.75810151E-03
1.41715605E-01  3.77263576E-01  1.73322926E-03
1.41962281E-01  3.82574290E-01  1.76007720E-03
1.42208957E-01  3.78719568E-01  1.72217947E-03
1.42455634E-01  3.70833516E-01  1.73032982E-03
1.42702310E-01  3.73081416E-01  1.69654435E-03
1.42948987E-01  3.77707094E-01  1.70686888E-03
1.43195663E-01  3.73054028E-01  1.69058295E-03
1.43442340E-01  3.80680561E-01  1.69187377E-03
1.43689016E-01  3.77967179E-01  1.73696026E-03
1.43935692E-01  3.73150557E-01  1.72741082E-03
1.44182369E-01  3.70632321E-01  1.71001349E-03
1.44429045E-01  3.67711723E-01  1.66336284E-03
1.44675722E-01  3.66791099E-01  1.68380991E-03
1.44922398E-01  3.72715026E-01  1.68873358E-03
1.45169075E-01  3.70629013E-01  1.74601527E-03
1.45415751E-01  3.65853280E-01  1.69786636E-03
1.45662427E-01  3.67642075E-01  1.70224509E-03
1.45909104E-01  3.66267294E-01  1.68983755E-03
1.46155780E-01  3.63000989E-01  1.69368694E-03
1.46402457E-01  3.60501587E-01  1.66986452E-03
1.46649133E-01  3.67514700E-01  1.67860196E-03
1.46895810E-01  3.61462206E-01  1.66128285E-03
1.47142486E-01  3.61600161E-01  1.64619181E-03
1.47389162E-01  3.62570822E-01  1.68658909E-03
1.47635839E-01  3.54230732E-01  1.66130206E-03
1.47882515E-01  3.55478376E-01  1.64723117E-03
1.48129192E-01  3.56876582E-01  1.63388241E-03
1.48375868E-01  3.48316252E-01  1.61190017E-03
1.48622544E-01  3.61652613E-01  1.64209551E-03
1.48869221E-01  3.55048090E-01  1.61061762E-03
1.49115897E-01  3.55244577E-01  1.65973930E-03
1.49362574E-01  3.47602844E-01  1.58702652E-03
1.49609250E-01  3.51502329E-01  1.59324647E-03
1.49855927E-01  3.48904967E-01  1.62125856E-03
1.50102603E-01  3.47640753E-01  1.57352805E-03
1.50349279E-01  3.45765442E-01  1.64751103E-03
1.50595956E-01  3.44191760E-01  1.60679652E-03
1.50842632E-01  3.50344747E-01  1.62283762E-03
1.51089309E-01  3.43051553E-01  1.57609780E-03
1.51335985E-01  3.43895346E-01  1.58559496E-03
1.51582662E-01  3.40581328E-01  1.61471555E-03
1.51829338E-01  3.33594114E-01  1.58521428E-03
1.52076014E-01  3.38242024E-01  1.55358668E-03
1.52322691E-01  3.32441211E-01  1.58128049E-03
1.52569367E-01  3.40847760E-01  1.56969193E-03
1.52816044E-01  3.33894551E-01  1.57853321E-03
1.53062720E-01  3.29080939E-01  1.53817364E-03
1.53309397E-01  3.22780699E-01  1.56741461E-03
1.53556073E-01  3.24034661E-01  1.52522093E-03
1.53802749E-01  3.28355908E-01  1.49363594E-03
1.54049426E-01  3.30556363E-01  1.52480544E-03
1.54296102E-01  3.16745073E-01  1.50462601E-03
1.54542779E-01  3.26604128E-01  1.54564250E-03
1.54789455E-01  3.21567088E-01  1.54042407E-03
1.55036131E-01  3.16868424E-01  1.51384517E-03
1.55282808E-01  3.20984393E-01  1.49665622E-03
1.55529484E-01  3.12894374E-01  1.45348674E-03
1.55776161E-01  3.28855515E-01  1.56656781E-03
1.56022837E-01  3.05740148E-01  1.43981969E-03
1.56269514E-01  3.15796763E-01  1.51771586E-03
1.56516190E-01  3.06589246E-01  1.48190546E-03
1.56762866E-01  3.14462066E-01  1.50460470E-03
1.57009543E-01  2.99642980E-01  1.38915342E-03
1.57256219E-01  3.01065743E-01  1.45239255E-03
1.57502896E-01  3.02316010E-01  1.44252391E-03
1.57749572E-01  2.97683239E-01  1.43262825E-03
1.57996249E-01  2.98052281E-01  1.45811995E-03
1.58242925E-01  2.99520731E-01  1.47622463E-03
1.58489601E-01  2.87596464E-01  1.39819144E-03
1.58736278E-01  2.93409646E-01  1.40960177E-03
1.58982954E-01  2.90697664E-01  1.37857592E-03
1.59229631E-01  2.86641181E-01  1.40058366E-03
1.59476307E-01  2.84297168E-01  1.37876708E-03
1.59722983E-01  2.83548176E-01  1.40779256E-03
1.59969660E-01  2.75747001E-01  1.39150966E-03
1.60216336E-01  2.77138293E-01  1.34694297E-03
1.60463013E-01  2.83425421E-01  1.40622933E-03
1.60709689E-01  2.84419835E-01  1.37785985E-03
1.60956366E-01  2.85616219E-01  1.40119623E-03
1.61203042E-01  2.76674867E-01  1.34496321E-03
1.61449718E-01  2.72852063E-01  1.36023527E-03
1.61696395E-01  2.71882176E-01  1.33822626E-03
1.61943071E-01  2.68305689E-01  1.27267954E-03
1.62189748E-01  2.64692038E-01  1.29472034E-03
1.62436424E-01  2.67628014E-01  1.34944264E-03
1.62683101E-01  2.66439676E-01  1.33361015E-03
1.62929777E-01  2.70780057E-01  1.31903309E-03
1.63176453E-01  2.66700894E-01  1.31820457E-03
1.63423130E-01  2.61534452E-01  1.27377093E-03
1.63669806E-01  2.59701103E-01  1.30085298E-03
1.63916483E-01  2.63901770E-01  1.28855149E-03
1.64163159E-01  2.53201604E-01  1.27070420E-03
1.64409836E-01  2.55660295E-01  1.26708811E-03
1.64656512E-01  2.50305086E-01  1.26714609E-03
1.64903188E-01  2.47217923E-01  1.23775250E-03
1.65149865E-01  2.52143413E-01  1.24331412E-03
1.65396541E-01  2.46035874E-01  1.25628966E-03
1.65643218E-01  2.43891686E-01  1.23603642E-03
1.65889894E-01  2.45373309E-01  1.24077743E-03
1.66136570E-01  2.41986677E-01  1.23005628E-03
1.66383247E-01  2.38971114E-01  1.27245788E-03
1.66629923E-01  2.44734168E-01  1.24725373E-03
1.66876600E-01  2.39673287E-01  1.21498073E-03
1.67123276E-01  2.40098253E-01  1.22262421E-03
1.67369953E-01  2.40261734E-01  1.19809248E-03
1.67616629E-01  2.31884018E-01  1.16368779E-03
1.67863305E-01  2.32357591E-01  1.20957696E-03
1.68109982E-01  2.29828164E-01  1.16895349E-03
1.68356658E-01  2.38785669E-01  1.21206755E-03
1.68603335E-01  2.29321763E-01  1.19335251E-03
1.68850011E-01  2.29511008E-01  1.15843059E-03
1.69096688E-01  2.24574938E-01  1.18500530E-03
1.69343364E-01  2.24922016E-01  1.15911011E-03
1.69590040E-01  2.23952517E-01  1.20056781E-03
1.69836717E-01  2.24934638E-01  1.21992489E-03
1.70083393E-01  2.26503924E-01  1.17826159E-03
1.70330070E-01  2.21469089E-01  1.12464058E-03
1.70576746E-01  2.16991454E-01  1.14798232E-03
1.70823422E-01  2.15197742E-01  1.13055098E-03
1.71070099E-01  2.16104448E-01  1.13212399E-03
1.71316775E-01  2.15747297E-01  1.13265147E-03
1.71563452E-01  2.14495733E-01  1.11211953E-03
1.71810128E-01  2.15355888E-01  1.13323890E-03
1.72056805E-01  2.08446413E-01  1.10792217E-03
1.72303481E-01  2.11317986E-01  1.14252383E-03
1.72550157E-01  2.09482536E-01  1.13528944E-03
1.72796834E-01  2.12899894E-01  1.13574427E-03
1.73043510E-01  2.04878852E-01  1.09149574E-03
1.73290187E-01  2.03934580E-01  1.14728336E-03
1.73536863E-01  2.06402421E-01  1.12803932E-03
1.73783540E-01  2.04068735E-01  1.07369386E-03
1.74030216E-01  2.02679321E-01  1.07504590E-03
1.74276892E-01  2.07568318E-01  1.09843665E-03
1.74523569E-01  2.00007245E-01  1.06026407E-03
1.74770245E-01  1.99434593E-01  1.06602593E-03
1.75016922E-01  2.01125532E-01  1.08129007E-03
1.75263598E-01  1.93891823E-01  1.08223001E-03
1.75510275E-01  1.96871310E-01  1.06082065E-03
1.75756951E-01  1.92905903E-01  1.06530450E-03
1.76003627E-01  1.96603999E-01  1.08013081E-03
1.76250304E-01  1.84576258E-01  1.04226195E-03
1.76496980E-01  1.92055106E-01  1.02016365E-03
1.76743657E-01  1.89759880E-01  1.05314178E-03
1.76990333E-01  1.89334273E-01  1.06129167E-03
1.77237009E-01  1.88165992E-01  1.04048220E-03
1.77483686E-01  1.92442089E-01  1.06727157E-03
1.77730362E-01  1.80798426E-01  1.02754892E-03
1.77977039E-01  1.80158749E-01  1.00629427E-03
1.78223715E-01  1.85342103E-01  1.02485751E-03
1.78470392E-01  1.81584045E-01  1.00885751E-03
1.78717068E-01  1.81992844E-01  9.75405448E-04
1.78963744E-01  1.77573606E-01  9.52466740E-04
1.79210421E-01  1.78844228E-01  1.01909402E-03
1.79457097E-01  1.78039581E-01  9.85197956E-04
1.79703774E-01  1.78043798E-01  1.00122194E-03
1.79950450E-01  1.71040863E-01  9.60559759E-04
1.80197127E-01  1.70207262E-01  9.71245870E-04
1.80443803E-01  1.75842509E-01  9.79753677E-04
1.80690479E-01  1.68339923E-01  9.91651439E-04
1.80937156E-01  1.78454116E-01  1.00139156E-03
1.81183832E-01  1.71094686E-01  9.14546952E-04
1.81430509E-01  1.71217903E-01  9.61809827E-04
1.81677185E-01  1.66909158E-01  9.44315048E-04
1.81923861E-01  1.65727898E-01  9.71891801E-04
1.82170538E-01  1.65463537E-01  9.33754432E-04
1.82417214E-01  1.65936008E-01  9.60271747E-04
1.82663891E-01  1.65619045E-01  9.42151702E-04
1.82910567E-01  1.60070449E-01  9.20891063E-04
1.83157244E-01  1.66139573E-01  9.39067046E-04
1.83403920E-01  1.61514506E-01  9.38935147E-04
1.83650596E-01  1.65585458E-01  9.55151743E-04
1.83897273E-01  1.59766480E-01  9.55075840E-04
1.84143949E-01  1.59600511E-01  9.31967574E-04
1.84390626E-01  1.52753904E-01  8.98089493E-04
1.84637302E-01  1.55480310E-01  9.04238608E-04
1.84883979E-01  1.52421698E-01  9.18400765E-04
1.85130655E-01  1.53428629E-01  9.19302751E-04
1.85377331E-01  1.57135352E-01  9.09161929E-04
1.85624008E-01  1.56322077E-01  9.03808395E-04
1.85870684E-01  1.54851407E-01  8.92379147E-04
1.86117361E-01  1.48514345E-01  8.91741365E-04
1.86364037E-01  1.56824261E-01  9.04268061E-04
1.86610714E-01  1.46891579E-01  8.77629034E-04
1.86857390E-01  1.49414986E-01  8.83943576E-04
1.87104066E-01  1.46677092E-01  9.00236832E-04
1.87350743E-01  1.45669267E-01  8.91571864E-04
1.87597419E-01  1.50309280E-01  8.75834725E-04
1.87844096E-01  1.46470428E-01  8.68907897E-04
1.88090772E-01  1.46186247E-01  8.64565955E-04
1.88337448E-01  1.44606218E-01  8.84211098E-04
1.88584125E-01  1.44162625E-01  8.58694606E-04
1.88830801E-01  1.40807569E-01  8.41148896E-04
1.89077478E-01  1.39233112E-01  8.59712425E-04
1.89324154E-01  1.41170934E-01  8.87122413E-04
1.89570831E-01  1.38359472E-01  8.32897320E-04
1.89817507E-01  1.35525316E-01  8.34957289E-04
1.90064183E-01  1.38217077E-01  8.53596488E-04
1.90310860E-01  1.38816312E-01  8.43342161E-04
1.90557536E-01  1.32157713E-01  8.23093869E-04
1.90804213E-01  1.33476377E-01  8.23692419E-04
1.91050889E-01  1.35970697E-01  8.41872476E-04
1.91297566E-01  1.38678208E-01  8.44934082E-04
1.91544242E-01  1.33397952E-01  8.37144384E-04
1.91790918E-01  1.32277459E-01  8.13655555E-04
1.92037595E-01  1.35499790E-01  8.40872468E-04
1.92284271E-01  1.32669002E-01  8.33667524E-04
1.92530948E-01  1.31729260E-01  8.25823285E-04
1.92777624E-01  1.27458319E-01  8.03279574E-04
1.93024301E-01  1.28843799E-01  8.27698852E-04
1.93270977E-01  1.26971141E-01  8.10392143E-04
1.93517653E-01  1.27557680E-01  8.03626142E-04
1.93764330E-01  1.25266522E-01  8.02408787E-04
1.94011006E-01  1.28369972E-01  8.03262170E-04
1.94257683E-01  1.24546602E-01  7.94875086E-04
1.94504359E-01  1.27629519E-01  8.11764679E-04
1.94751035E-01  1.25968635E-01  8.08901095E-04
1.94997712E-01  1.23079747E-01  7.81346986E-04
1.95244388E-01  1.22341864E-01  7.70748011E-04
1.95491065E-01  1.22593209E-01  7.80721719E-04
1.95737741E-01  1.23350993E-01  7.95846456E-04
1.95984418E-01  1.21648878E-01  7.80830334E-04
1.96231094E-01  1.17855906E-01  7.82459334E-04
1.96477770E-01  1.17146261E-01  7.71536725E-04
1.96724447E-01  1.21228278E-01  7.92269362E-04
1.96971123E-01  1.18411064E-01  7.75087276E-04
1.97217800E-01  1.20864771E-01  7.77127396E-04
1.97464476E-01  1.16081052E-01  7.42156233E-04
1.97711153E-01  1.15612373E-01  7.59882445E-04
1.97957829E-01  1.13237411E-01  7.53060449E-04
1.98204505E-01  1.20449841E-01  7.60278024E-04
1.98451182E-01  1.12565801E-01  7.56917114E-04
1.98697858E-01  1.12432502E-01  7.22052995E-04
1.98944535E-01  1.14973292E-01  7.38098926E-04
1.99191211E-01  1.10054947E-01  7.36748334E-04
1.99437887E-01  1.13733605E-01  7.43830635E-04
1.99684564E-01  1.09493874E-01  7.32467917E-04
1.99931240E-01  1.10810935E-01  7.40265532E-04
2.00177917E-01  1.10220447E-01  7.29313528E-04
2.00424593E-01  1.10886000E-01  7.27136794E-04
2.00671270E-01  1.12045676E-01  7.31883280E-04
2.00917946E-01  1.12042591E-01  7.40363786E-04
2.01164622E-01  1.05141416E-01  7.19808566E-04
2.01411299E-01  1.11365288E-01  7.29372550E-04
2.01657975E-01  1.08102717E-01  7.33733294E-04
2.01904652E-01  1.07325330E-01  7.26647791E-04
2.02151328E-01  1.06157474E-01  7.18368567E-04
2.02398005E-01  1.01259530E-01  7.05436920E-04
2.02644681E-01  1.03063479E-01  6.86480082E-04
2.02891357E-01  1.04006976E-01  7.16893002E-04
2.03138034E-01  1.05345070E-01  7.20804150E-04
2.03384710E-01  1.03623204E-01  7.10614142E-04
2.03631387E-01  1.03284113E-01  7.09906453E-04
2.03878063E-01  1.01921149E-01  7.00223609E-04
2.04124740E-01  1.00438125E-01  6.88841043E-04
2.04371416E-01  1.01909935E-01  7.07576808E-04
2.04618092E-01  9.73245054E-02  6.90863875E-04
2.04864769E-01  9.90692452E-02  6.82884885E-04
2.05111445E-01  9.57611501E-02  6.81026140E-04
2.05358122E-01  1.01151347E-01  6.89250301E-04
2.05604798E-01  9.64234695E-02  6.92245841E-04
2.05851474E-01  9.84699056E-02  6.96049887E-04
2.06098151E-01  1.02816314E-01  6.96898787E-04
2.06344827E-01  9.59710851E-02  6.78496493E-04
2.06591504E-01  9.62329507E-02  6.60298509E-04
2.06838180E-01  9.44115818E-02  6.61143335E-04
2.07084857E-01  9.66615006E-02  6.65649888E-04
2.07331533E-01  9.54669118E-02  6.65825617E-04
2.07578209E-01  9.73552540E-02  6.80462457E-04
2.07824886E-01  9.12586153E-02  6.65645814E-04
2.08071562E-01  9.65876281E-02  6.66189881E-04
2.08318239E-01  9.21539888E-02  6.54635776E-04
2.08564915E-01  9.57588255E-02  6.63351500E-04
2.08811592E-01  9.72301215E-02  6.83355611E-04
2.09058268E-01  9.45132822E-02  6.77419885E-04
2.09304944E-01  9.50034335E-02  6.69711619E-04
2.09551621E-01  9.38301310E-02  6.69650326E-04
2.09798297E-01  9.10271332E-02  6.54223608E-04
2.10044974E-01  9.06479657E-02  6.40806567E-04
2.10291650E-01  8.79608244E-02  6.33740448E-04
2.10538326E-01  9.37187150E-02  6.70898589E-04
2.10785003E-01  9.07644257E-02  6.46663946E-04
2.11031679E-01  9.19468105E-02  6.55021577E-04
2.11278356E-01  9.43125114E-02  6.62858889E-04
2.11525032E-01  9.15779993E-02  6.45844208E-04
2.11771709E-01  8.90816823E-02  6.39901089E-04
2.12018385E-01  9.02131125E-02  6.40311104E-04
2.12265061E-01  8.39246288E-02  6.23413653E-04
2.12511738E-01  8.61526728E-02  6.16501085E-04
2.12758414E-01  8.97373930E-02  6.38731231E-04
2.13005091E-01  9.02109742E-02  6.45059219E-04
2.13251767E-01  8.70271623E-02  6.24807202E-04
2.13498444E-01  8.52472186E-02  6.12159900E-04
2.13745120E-01  8.91501382E-02  6.50856644E-04
2.13991796E-01  8.71145427E-02  6.21874933E-04
2.14238473E-01  9.00877938E-02  6.21651066E-04
2.14485149E-01  8.58569294E-02  6.24723849E-04
2.14731826E-01  8.87093320E-02  6.42152911E-04
2.14978502E-01  8.32257867E-02  6.18116930E-04
2.15225179E-01  8.54209438E-02  6.30287977E-04
2.15471855E-01  8.64971876E-02  6.24347711E-04
2.15718531E-01  8.83068964E-02  6.37251709E-04
2.15965208E-01  8.45432431E-02  6.35106815E-04
2.16211884E-01  8.22870061E-02  6.14655961E-04
2.16458561E-01  8.28319564E-02  6.08819129E-04
2.16705237E-01  8.27178210E-02  6.15270459E-04
2.16951913E-01  8.44871178E-02  6.35138596E-04
2.17198590E-01  8.61744210E-02  6.22894207E-04
2.17445266E-01  8.24099109E-02  6.20390580E-04
2.17691943E-01  8.26264992E-02  6.24512613E-04
2.17938619E-01  8.13737735E-02  6.18103426E-04
2.18185296E-01  8.15989152E-02  6.20421371E-04
2.18431972E-01  8.14099237E-02  6.13401586E-04
2.18678648E-01  8.37821215E-02  6.30932045E-04
2.18925325E-01  8.26802924E-02  6.23749162E-04
2.19172001E-01  8.59557316E-02  6.19641447E-04
2.19418678E-01  8.55993405E-02  6.08115923E-04
2.19665354E-01  8.23605359E-02  6.23685191E-04
2.19912031E-01  8.23609456E-02  6.14059391E-04
2.20158707E-01  7.77555779E-02  6.03701919E-04
2.20405383E-01  8.06505755E-02  6.14574528E-04
2.20652060E-01  8.17322508E-02  6.22514228E-04
2.20898736E-01  8.14045146E-02  6.19929517E-04
2.21145413E-01  8.34220722E-02  6.06698159E-04
2.21392089E-01  7.99097717E-02  6.10405754E-04
2.21638766E-01  8.10468420E-02  6.10625488E-04
2.21885442E-01  8.06407928E-02  6.09475188E-04
2.22132118E-01  7.90093914E-02  6.00542349E-04
2.22378795E-01  7.83012137E-02  5.86041017E-04
2.22625471E-01  8.26068521E-02  6.07654860E-04
2.22872148E-01  8.14764202E-02  6.16812496E-04
2.23118824E-01  8.10497031E-02  5.93005621E-04
2.23365500E-01  8.13982263E-02  6.12428994E-04
2.23612177E-01  7.90207312E-02  5.88268274E-04
2.23858853E-01  7.74412230E-02  5.74828533E-04
2.24105530E-01  7.93537125E-02  5.96499944E-04
2.24352206E-01  7.93098286E-02  5.94886253E-04
2.24598883E-01  8.08834657E-02  6.12672127E-04
2.24845559E-01  8.17573518E-02  6.09783805E-04
2.25092235E-01  7.88113102E-02  5.88745228E-04
2.25338912E-01  8.04489702E-02  5.96792728E-04
2.25585588E-01  7.78356791E-02  5.89994132E-04
2.25832265E-01  8.07278901E-02  6.14784309E-04
2.26078941E-01  7.65531883E-02  5.80596388E-04
2.26325618E-01  7.71680176E-02  5.89900126E-04
2.26572294E-01  7.49418214E-02  5.98065380E-04
2.26818970E-01  7.69790709E-02  5.85619069E-04
2.27065647E-01  7.91171044E-02  6.09477458E-04
2.27312323E-01  7.42235482E-02  5.71453595E-04
2.27559000E-01  7.70810097E-02  5.67840878E-04
2.27805676E-01  7.91917145E-02  5.97302453E-04
2.28052352E-01  7.59453475E-02  5.91481279E-04
2.28299029E-01  8.05727094E-02  5.90497162E-04
2.28545705E-01  7.80618191E-02  5.95904479E-04
2.28792382E-01  7.92834312E-02  6.03155117E-04
2.29039058E-01  7.63470381E-02  5.91110671E-04
2.29285735E-01  7.58068115E-02  5.80963213E-04
2.29532411E-01  7.77990595E-02  5.82495122E-04
2.29779087E-01  7.85179287E-02  5.84886526E-04
2.30025764E-01  7.68573955E-02  5.97011414E-04
2.30272440E-01  7.90832862E-02  5.89211471E-04
2.30519117E-01  7.80639201E-02  5.77380590E-04
2.30765793E-01  7.60470852E-02  5.75659913E-04
2.31012470E-01  7.66791254E-02  5.88990108E-04
2.31259146E-01  7.53946230E-02  5.60185057E-04
2.31505822E-01  7.53750727E-02  5.80158376E-04
2.31752499E-01  7.63920248E-02  5.84367488E-04
2.31999175E-01  7.91146383E-02  5.82337438E-04
2.32245852E-01  7.61669129E-02  5.73171361E-04
2.32492528E-01  7.51465186E-02  5.69481228E-04
2.32739205E-01  7.34433830E-02  5.53316844E-04
2.32985881E-01  7.60218054E-02  5.98629180E-04
2.33232557E-01  7.81975687E-02  6.01624954E-04
2.33479234E-01  7.60490522E-02  5.82145294E-04
2.33725910E-01  7.82760307E-02  5.78551088E-04
2.33972587E-01  7.92235658E-02  5.89849369E-04
2.34219263E-01  7.60565177E-02  5.75519807E-04
2.34465939E-01  7.48617724E-02  5.71087818E-04
2.34712616E-01  7.65318125E-02  5.84177091E-04
2.34959292E-01  7.64667690E-02  5.80746564E-04
2.35205969E-01  7.47984052E-02  5.77997707E-04
2.35452645E-01  7.79868662E-02  5.69718832E-04
2.35699322E-01  7.61216581E-02  5.84143447E-04
2.35945998E-01  7.66351223E-02  5.74628415E-04
2.36192674E-01  7.48012513E-02  5.85527974E-04
2.36439351E-01  7.96788111E-02  5.83023648E-04
2.36686027E-01  7.36932606E-02  5.69956726E-04
2.36932704E-01  7.45378584E-02  5.66814910E-04
2.37179380E-01  7.35427812E-02  5.58565021E-04
2.37426057E-01  7.43882805E-02  5.76425169E-04
2.37672733E-01  7.53495023E-02  5.68444550E-04
2.37919409E-01  7.48798251E-02  5.65922295E-04
2.38166086E-01  7.63484463E-02  5.79663611E-04
2.38412762E-01  7.27730989E-02  5.56059880E-04
2.38659439E-01  7.40347952E-02  5.57529682E-04
2.38906115E-01  7.20207319E-02  5.59449953E-04
2.39152791E-01  7.34811053E-02  5.69321506E-04
2.39399468E-01  7.54511803E-02  5.74876089E-04
2.39646144E-01  7.50577748E-02  5.52762591E-04
2.39892821E-01  7.36450702E-02  5.46572672E-04
2.40139497E-01  7.71539956E-02  5.70803764E-04
2.40386174E-01  7.61266872E-02  5.59400592E-04
2.40632850E-01  7.64327347E-02  5.53739665E-04
2.40879526E-01  7.34495372E-02  5.61879133E-04
2.41126203E-01  7.58513212E-02  5.71898825E-04
2.41372879E-01  7.44465292E-02  5.59386332E-04
2.41619556E-01  7.31975883E-02  5.51218749E-04
2.41866232E-01  7.27434456E-02  5.33348415E-04
2.42112909E-01  7.33071193E-02  5.68888674E-04
2.42359585E-01  7.60366619E-02  5.65008842E-04
2.42606261E-01  7.49271736E-02  5.77984145E-04
2.42852938E-01  7.64153376E-02  5.73353202E-04
2.43099614E-01  7.77376294E-02  5.88109542E-04
2.43346291E-01  7.41633847E-02  5.71654644E-04
2.43592967E-01  7.61704668E-02  5.75876213E-04
2.43839644E-01  7.88229704E-02  5.91236225E-04
2.44086320E-01  7.82442242E-02  5.74389589E-04
2.44332996E-01  7.49849603E-02  5.80442487E-04
2.44579673E-01  7.74658620E-02  5.83319983E-04
2.44826349E-01  7.73176923E-02  5.88768744E-04
2.45073026E-01  7.89010599E-02  5.92090422E-04
2.45319702E-01  7.50386715E-02  5.69609751E-04
2.45566378E-01  7.72149935E-02  5.95746387E-04
2.45813055E-01  7.59661421E-02  5.90634998E-04
2.46059731E-01  7.99751654E-02  6.17655693E-04
2.46306408E-01  8.02538246E-02  6.10988121E-04
2.46553084E-01  7.58043751E-02  5.92363067E-04
2.46799761E-01  7.75990188E-02  5.99078659E-04
2.47046437E-01  7.89637640E-02  6.17897604E-04
2.47293113E-01  7.82610029E-02  6.21606829E-04
2.47539790E-01  7.70131126E-02  6.00873609E-04
2.47786466E-01  7.57325366E-02  6.17288810E-04
2.48033143E-01  7.69205987E-02  6.05157169E-04
2.48279819E-01  7.97060654E-02  6.43362757E-04
2.48526496E-01  7.81846195E-02  6.04518398E-04
2.48773172E-01  8.09366256E-02  6.37375400E-04
2.49019848E-01  7.63943568E-02  6.18595979E-04
2.49266525E-01  7.87110925E-02  6.25899993E-04
2.49513201E-01  7.87613168E-02  6.21709449E-04
2.49759878E-01  7.88310245E-02  6.28438895E-04
2.50006554E-01  7.80092627E-02  6.29743328E-04
2.50253230E-01  7.59505630E-02  6.27421017E-04
2.50499907E-01  7.86104500E-02  6.40596845E-04
2.50746583E-01  7.81550035E-02  6.33238233E-04
2.50993260E-01  7.56217986E-02  6.40697486E-04
2.51239936E-01  7.54597262E-02  6.28739886E-04
2.51486613E-01  7.45779276E-02  6.28251757E-04
2.51733289E-01  7.86487833E-02  6.34647906E-04
2.51979965E-01  7.63337463E-02  6.33700693E-04
2.52226642E-01  7.95222446E-02  6.45510270E-04
2.52473318E-01  7.82686174E-02  6.57365017E-04
2.52719995E-01  7.72919580E-02  6.37550489E-04
2.52966671E-01  7.86788315E-02  6.47081528E-04
2.53213348E-01  7.62683079E-02  6.37955673E-04
2.53460024E-01  7.72281438E-02  6.33654534E-04
2.53706700E-01  7.81545341E-02  6.70754176E-04
2.53953377E-01  7.49914199E-02  6.25641434E-04
2.54200053E-01  7.74038509E-02  6.47736771E-04
2.54446730E-01  7.79389068E-02  6.51016366E-04
2.54693406E-01  8.02519992E-02  6.31836767E-04
2.54940083E-01  7.70702735E-02  6.29652117E-04
2.55186759E-01  8.13017339E-02  6.46546716E-04
2.55433435E-01  7.93667957E-02  6.24258420E-04
2.55680112E-01  7.64572918E-02  6.25908200E-04
2.55926788E-01  7.97074214E-02  6.27353322E-04
2.56173465E-01  7.61617795E-02  6.17965066E-04
2.56420141E-01  7.84821287E-02  6.08754519E-04
2.56666817E-01  7.54528940E-02  6.21789019E-04
2.56913494E-01  8.15390423E-02  6.38010388E-04
2.57160170E-01  7.71546438E-02  6.14497461E-04
2.57406847E-01  7.44235367E-02  6.10014773E-04
2.57653523E-01  8.05888250E-02  6.26661000E-04
2.57900200E-01  7.93826506E-02  6.04929228E-04
2.58146876E-01  7.86296129E-02  6.16808014E-04
2.58393552E-01  8.29741135E-02  6.55056851E-04
2.58640229E-01  7.84041733E-02  6.20150531E-04
2.58886905E-01  8.10672417E-02  6.30363473E-04
2.59133582E-01  8.04032013E-02  6.28162350E-04
2.59380258E-01  7.72958994E-02  6.09900220E-04
2.59626935E-01  7.94239119E-02  6.17862621E-04
2.59873611E-01  7.75561109E-02  6.00589439E-04
2.60120287E-01  7.83115029E-02  6.24410633E-04
2.60366964E-01  8.05427134E-02  6.24840381E-04
2.60613640E-01  7.97251984E-02  6.26144232E-04
2.60860317E-01  7.63339773E-02  6.06093148E-04
2.61106993E-01  7.95547366E-02  6.27725443E-04
2.61353670E-01  8.23984221E-02  6.32806972E-04
2.61600346E-01  8.05290788E-02  6.12516247E-04
2.61847022E-01  7.73134753E-02  6.14993332E-04
2.62093699E-01  8.21019560E-02  6.21479063E-04
2.62340375E-01  7.90821463E-02  6.02906395E-04
2.62587052E-01  8.24520066E-02  6.39276695E-04
2.62833728E-01  7.94624165E-02  6.34492724E-04
2.63080404E-01  7.85762668E-02  6.26981549E-04
2.63327081E-01  7.82015324E-02  6.17219950E-04
2.63573757E-01  7.90765956E-02  6.14531164E-04
2.63820434E-01  8.00523162E-02  6.17314246E-04
2.64067110E-01  7.66982213E-02  6.07782509E-04
2.64313787E-01  7.94127956E-02  6.04451809E-04
2.64560463E-01  8.22657123E-02  6.29274058E-04
2.64807139E-01  8.05045068E-02  6.04627305E-04
2.65053816E-01  7.70316347E-02  6.09354873E-04
2.65300492E-01  7.76274875E-02  6.17617741E-04
2.65547169E-01  7.91434571E-02  6.03637774E-04
2.65793845E-01  7.68647194E-02  6.06837973E-04
2.66040522E-01  7.73834661E-02  5.97958977E-04
2.66287198E-01  7.82459304E-02  6.04328641E-04
2.66533874E-01  8.12683180E-02  6.17097947E-04
2.66780551E-01  8.14308822E-02  6.33131829E-04
2.67027227E-01  7.61798471E-02  6.04763161E-04
2.67273904E-01  7.86145180E-02  6.02463493E-04
2.67520580E-01  8.00326690E-02  6.08800503E-04
2.67767256E-01  7.92008489E-02  6.21079584E-04
2.68013933E-01  8.20911750E-02  6.27746223E-04
2.68260609E-01  7.69184977E-02  6.05239067E-04
2.68507286E-01  8.25138390E-02  6.07006601E-04
2.68753962E-01  7.94567540E-02  6.14364631E-04
2.69000639E-01  7.90441111E-02  6.12142787E-04
2.69247315E-01  8.02014470E-02  6.36107870E-04
2.69493991E-01  7.84519017E-02  5.96536906E-04
2.69740668E-01  7.76587203E-02  6.10821182E-04
2.69987344E-01  8.30981880E-02  6.23903703E-04
2.70234021E-01  8.35153386E-02  6.27732603E-04
2.70480697E-01  8.40379819E-02  6.63728977E-04
2.70727374E-01  7.64544979E-02  6.14834658E-04
2.70974050E-01  8.13521221E-02  6.26697147E-04
2.71220726E-01  8.43798220E-02  6.39424426E-04
2.71467403E-01  8.28016475E-02  6.36023411E-04
2.71714079E-01  8.04630592E-02  6.16460398E-04
2.71960756E-01  8.32342133E-02  6.51878538E-04
2.72207432E-01  8.02088454E-02  6.48728746E-04
2.72454109E-01  8.02930593E-02  6.47467037E-04
2.72700785E-01  8.12462047E-02  6.44862535E-04
2.72947461E-01  8.53172839E-02  6.59394835E-04
2.73194138E-01  8.44754651E-02  6.44895772E-04
2.73440814E-01  8.32656398E-02  6.34801167E-04
2.73687491E-01  8.22549686E-02  6.34404714E-04
2.73934167E-01  8.49296600E-02  6.56932069E-04
2.74180843E-01  8.21891427E-02  6.67373999E-04
2.74427520E-01  8.18955377E-02  6.33643533E-04
2.74674196E-01  8.05283412E-02  6.49629161E-04
2.74920873E-01  8.30835029E-02  6.46979432E-04
2.75167549E-01  8.29276964E-02  6.50078990E-04
2.75414226E-01  8.40823501E-02  6.56004820E-04
2.75660902E-01  8.54522586E-02  6.53141062E-04
2.75907578E-01  8.38354006E-02  6.48186251E-04
2.76154255E-01  8.12834278E-02  6.46986882E-04
2.76400931E-01  8.31089094E-02  6.71885093E-04
2.76647608E-01  8.07743594E-02  6.51825278E-04
2.76894284E-01  8.20995122E-02  6.42903615E-04
2.77140961E-01  8.21117461E-02  6.48985326E-04
2.77387637E-01  8.38824287E-02  6.54984324E-04
2.77634313E-01  8.61614421E-02  6.80821948E-04
2.77880990E-01  8.22291523E-02  6.56086602E-04
2.78127666E-01  8.21141526E-02  6.67741522E-04
2.78374343E-01  8.29797909E-02  6.43130683E-04
2.78621019E-01  7.97169879E-02  6.41165243E-04
2.78867695E-01  8.52784663E-02  6.76659576E-04
2.79114372E-01  7.95718879E-02  6.56660821E-04
2.79361048E-01  7.92676955E-02  6.48341549E-04
2.79607725E-01  8.70397985E-02  6.79911114E-04
2.79854401E-01  8.45395103E-02  6.51115261E-04
2.80101078E-01  8.38477910E-02  6.73310889E-04
2.80347754E-01  8.68487731E-02  6.63345039E-04
2.80594430E-01  8.18076804E-02  6.59405428E-04
2.80841107E-01  8.48042592E-02  6.66137028E-04
2.81087783E-01  8.25216398E-02  6.39647129E-04
2.81334460E-01  8.29985142E-02  6.53841416E-04
2.81581136E-01  8.15067366E-02  6.65860483E-04
2.81827813E-01  8.65635350E-02  6.71825663E-04
2.82074489E-01  8.58128741E-02  6.73118513E-04
2.82321165E-01  8.31316710E-02  6.48551038E-04
2.82567842E-01  8.08609501E-02  6.61592232E-04
2.82814518E-01  8.17008018E-02  6.50333357E-04
2.83061195E-01  8.14874843E-02  6.61347294E-04
2.83307871E-01  8.66907239E-02  6.79333112E-04
2.83554548E-01  8.30468684E-02  6.65038067E-04
2.83801224E-01  7.91919455E-02  6.37917139E-04
2.84047900E-01  8.10860172E-02  6.58022473E-04
2.84294577E-01  8.14661682E-02  6.56259130E-04
2.84541253E-01  8.63977224E-02  6.72743015E-04
2.84787930E-01  8.31964314E-02  6.55568554E-04
2.85034606E-01  8.40675980E-02  6.81737962E-04
2.85281282E-01  8.64179283E-02  6.68167195E-04
2.85527959E-01  8.64336491E-02  6.69604284E-04
2.85774635E-01  8.72437879E-02  6.71304413E-04
2.86021312E-01  8.59627649E-02  6.79540040E-04
2.86267988E-01  8.16550478E-02  6.64603140E-04
2.86514665E-01  8.33437368E-02  6.86778047E-04
2.86761341E-01  8.34292918E-02  6.70311507E-04
2.87008017E-01  8.37427601E-02  6.66876789E-04
2.87254694E-01  8.25330317E-02  6.74520386E-04
2.87501370E-01  8.46948624E-02  6.47759764E-04
2.87748047E-01  8.39672163E-02  6.66243723E-04
2.87994723E-01  8.73098597E-02  6.94133167E-04
2.88241400E-01  8.54757056E-02  6.61077385E-04
2.88488076E-01  8.80987048E-02  6.96133706E-04
2.88734752E-01  8.35549459E-02  6.57493249E-04
2.88981429E-01  8.42814073E-02  6.68418303E-04
2.89228105E-01  8.40382800E-02  6.87621359E-04
2.89474782E-01  8.14064965E-02  6.79038407E-04
2.89721458E-01  8.40291679E-02  6.75621035E-04
2.89968134E-01  8.18161294E-02  6.65155298E-04
2.90214811E-01  8.72042254E-02  6.68714580E-04
2.90461487E-01  8.80863592E-02  6.81249367E-04
2.90708164E-01  8.62336606E-02  6.75424177E-04
2.90954840E-01  8.46514329E-02  6.87754771E-04
2.91201517E-01  7.99116194E-02  6.45246706E-04
2.91448193E-01  8.47058073E-02  6.99411030E-04
2.91694869E-01  8.38232860E-02  6.66041684E-04
2.91941546E-01  8.20021257E-02  6.54930947E-04
2.92188222E-01  8.51300210E-02  6.89804379E-04
2.92434899E-01  8.56901929E-02  6.85219362E-04
2.92681575E-01  8.41909349E-02  6.81633712E-04
2.92928252E-01  8.54293257E-02  6.66005071E-04
2.93174928E-01  8.43272954E-02  6.65514497E-04
2.93421604E-01  8.39536265E-02  6.63640851E-04
2.93668281E-01  8.07890669E-02  6.49499299E-04
2.93914957E-01  8.52754787E-02  6.99792523E-04
2.94161634E-01  8.28445628E-02  6.58519159E-04
2.94408310E-01  8.29347745E-02  6.99773256E-04
2.94654987E-01  7.91436583E-02  6.50381378E-04
2.94901663E-01  8.51352289E-02  6.70227222E-04
2.95148339E-01  8.36231187E-02  6.74716895E-04
2.95395016E-01  8.51275176E-02  6.76995784E-04
2.95641692E-01  8.45170170E-02  6.68484194E-04
2.95888369E-01  8.22546780E-02  6.54260279E-04
2.96135045E-01  8.59381557E-02  6.80674217E-04
2.96381721E-01  8.12827945E-02  6.79391494E-04
2.96628398E-01  8.50622058E-02  6.77055563E-04
2.96875074E-01  8.38689283E-02  6.79761695E-04
2.97121751E-01  8.14317167E-02  6.61929080E-04
2.97368427E-01  8.51428136E-02  6.91228546E-04
2.97615104E-01  8.06886628E-02  6.68384368E-04
2.97861780E-01  8.47745985E-02  6.70676294E-04
2.98108456E-01  8.11353773E-02  6.51348266E-04
2.98355133E-01  8.23455900E-02  6.65297499E-04
2.98601809E-01  8.39893073E-02  6.80266472E-04
2.98848486E-01  8.01324472E-02  6.54452946E-04
2.99095162E-01  8.20119679E-02  6.87218795E-04
2.99341839E-01  8.08844268E-02  6.93853770E-04
2.99588515E-01  8.13804492E-02  6.64136780E-04
2.99835191E-01  8.29831958E-02  6.62494800E-04
3.00081868E-01  7.99641609E-02  6.71409187E-04
3.00328544E-01  8.34878087E-02  6.47035951E-04
3.00575221E-01  8.33699182E-02  6.65761065E-04
3.00821897E-01  8.40907022E-02  6.75718067E-04
3.01068574E-01  8.14048648E-02  6.51034410E-04
3.01315250E-01  8.46570358E-02  6.72573340E-04
3.01561926E-01  8.30935314E-02  6.66937500E-04
3.01808603E-01  8.02166164E-02  6.70501555E-04
3.02055279E-01  8.57176855E-02  7.04782084E-04
3.02301956E-01  8.55266303E-02  7.00429780E-04
3.02548632E-01  7.98271671E-02  6.36566139E-04
3.02795308E-01  8.40288773E-02  6.75670221E-04
3.03041985E-01  8.12377855E-02  6.75945194E-04
3.03288661E-01  8.80414769E-02  7.01624318E-04
3.03535338E-01  8.56344178E-02  6.89347740E-04
3.03782014E-01  8.36392790E-02  6.85608247E-04
3.04028691E-01  8.58537927E-02  6.76110445E-04
3.04275367E-01  8.40098709E-02  6.65703963E-04
3.04522043E-01  8.57488513E-02  6.80873520E-04
3.04768720E-01  8.29147696E-02  6.60772668E-04
3.05015396E-01  8.36155638E-02  6.84489962E-04
3.05262073E-01  8.68405402E-02  7.01084093E-04
3.05508749E-01  8.22456703E-02  6.64400752E-04
3.05755426E-01  8.28180537E-02  6.85043924E-04
3.06002102E-01  8.24879631E-02  6.65684463E-04
3.06248778E-01  8.38458613E-02  6.97008742E-04
3.06495455E-01  8.30208436E-02  6.74795825E-04
3.06742131E-01  8.55821371E-02  6.79148594E-04
3.06988808E-01  8.40093344E-02  6.84102473E-04
3.07235484E-01  8.44812989E-02  6.68713823E-04
3.07482160E-01  8.12561885E-02  6.74285344E-04
3.07728837E-01  8.38539675E-02  6.84465864E-04
3.07975513E-01  8.44832584E-02  6.83071848E-04
3.08222190E-01  8.45000446E-02  6.88832079E-04
3.08468866E-01  8.42150375E-02  7.06215156E-04
3.08715543E-01  8.30610543E-02  6.88483240E-04
3.08962219E-01  8.17662925E-02  6.75460673E-04
3.09208895E-01  8.15594569E-02  6.63558021E-04
3.09455572E-01  8.36173967E-02  6.99118245E-04
3.09702248E-01  8.33542868E-02  6.64417283E-04
3.09948925E-01  8.31515044E-02  6.81881618E-04
3.10195601E-01  8.62478763E-02  6.87863212E-04
3.10442278E-01  8.31419602E-02  6.69805799E-04
3.10688954E-01  8.46187770E-02  6.96171948E-04
3.10935630E-01  8.30382779E-02  6.74620853E-04
3.11182307E-01  8.50445628E-02  6.85104751E-04
3.11428983E-01  8.70154127E-02  7.04399543E-04
3.11675660E-01  8.19304958E-02  6.96426607E-04
3.11922336E-01  8.24286193E-02  6.81176607E-04
3.12169013E-01  8.33730027E-02  6.78474666E-04
3.12415689E-01  7.89511204E-02  6.71339629E-04
3.12662365E-01  8.34525898E-02  6.79137360E-04
3.12909042E-01  8.17294419E-02  6.87596796E-04
3.13155718E-01  8.30006525E-02  6.64169027E-04
3.13402395E-01  8.40666071E-02  6.83740131E-04
3.13649071E-01  8.61874595E-02  6.95980038E-04
3.13895747E-01  8.11004415E-02  6.64669322E-04
3.14142424E-01  8.26339275E-02  6.87278865E-04
3.14389100E-01  8.75925869E-02  6.97008742E-04
3.14635777E-01  8.42657387E-02  6.80530386E-04
3.14882453E-01  8.36758465E-02  6.73857925E-04
3.15129130E-01  8.14321488E-02  6.70460577E-04
3.15375806E-01  8.44170526E-02  6.93205977E-04
3.15622482E-01  8.36086795E-02  6.77234551E-04
3.15869159E-01  8.26006979E-02  6.82356535E-04
3.16115835E-01  8.56331512E-02  6.88669388E-04
3.16362512E-01  8.39133412E-02  6.86408486E-04
3.16609188E-01  8.38522464E-02  6.75527845E-04
3.16855865E-01  8.27816203E-02  6.55549229E-04
3.17102541E-01  8.11956450E-02  6.77498349E-04
3.17349217E-01  8.43719319E-02  6.77723088E-04
3.17595894E-01  8.42965320E-02  6.88962580E-04
3.17842570E-01  8.28583688E-02  6.77634263E-04
3.18089247E-01  8.32859799E-02  6.79319433E-04
3.18335923E-01  8.46375003E-02  6.72819791E-04
3.18582599E-01  8.67296234E-02  6.69556030E-04
3.18829276E-01  8.35318565E-02  6.78483280E-04
3.19075952E-01  8.48007873E-02  6.71418675E-04
3.19322629E-01  8.10553133E-02  6.59245939E-04
3.19569305E-01  8.11753944E-02  6.67332730E-04
3.19815982E-01  8.27830806E-02  6.98853109E-04
3.20062658E-01  8.38102326E-02  6.92921109E-04
3.20309334E-01  8.26215073E-02  6.87747262E-04
3.20556011E-01  8.15496966E-02  6.90998859E-04
3.20802687E-01  8.34944546E-02  6.89108041E-04
3.21049364E-01  8.51905718E-02  6.85345673E-04
3.21296040E-01  8.73943791E-02  6.90442801E-04
3.21542717E-01  8.61850679E-02  6.73549250E-04
3.21789393E-01  8.24747756E-02  6.82375045E-04
3.22036069E-01  8.28652680E-02  6.72946859E-04
3.22282746E-01  8.21610615E-02  6.77113247E-04
3.22529422E-01  8.53693932E-02  7.06913823E-04
3.22776099E-01  8.52312073E-02  6.91813184E-04
3.23022775E-01  8.35113898E-02  6.97877083E-04
3.23269452E-01  8.53782594E-02  7.05720042E-04
3.23516128E-01  8.39096457E-02  6.62988576E-04
3.23762804E-01  8.41326118E-02  6.73764851E-04
3.24009481E-01  8.70097131E-02  6.89646928E-04
3.24256157E-01  8.70925486E-02  6.81699137E-04
3.24502834E-01  8.67864788E-02  6.94750226E-04
3.24749510E-01  8.89958739E-02  7.19269272E-04
3.24996186E-01  8.29348415E-02  6.97496231E-04
3.25242863E-01  8.55160058E-02  6.87084510E-04
3.25489539E-01  8.23593438E-02  6.78824843E-04
3.25736216E-01  8.24985430E-02  6.87908323E-04
3.25982892E-01  8.61036181E-02  6.78948418E-04
3.26229569E-01  8.43164250E-02  7.11260480E-04
3.26476245E-01  8.60165879E-02  6.80889818E-04
3.26722921E-01  8.51102769E-02  6.82133483E-04
3.26969598E-01  8.54218602E-02  6.79916819E-04
3.27216274E-01  8.11719969E-02  6.94735907E-04
3.27462951E-01  8.67534801E-02  6.84187748E-04
3.27709627E-01  8.73372927E-02  7.07201776E-04
3.27956304E-01  8.81584212E-02  7.08117033E-04
3.28202980E-01  8.61710086E-02  7.01556797E-04
3.28449656E-01  8.32701921E-02  6.80844649E-04
3.28696333E-01  8.59538391E-02  6.88293541E-04
3.28943009E-01  8.38720649E-02  6.87496969E-04
3.29189686E-01  8.42850581E-02  6.93975133E-04
3.29436362E-01  8.85693803E-02  7.14730530E-04
3.29683039E-01  8.76110569E-02  7.17079034E-04
3.29929715E-01  8.89594108E-02  7.14379305E-04
3.30176391E-01  8.96699503E-02  7.08029314E-04
3.30423068E-01  8.66297111E-02  7.02563557E-04
3.30669744E-01  8.45058560E-02  6.87216409E-04
3.30916421E-01  8.85715485E-02  7.12132780E-04
3.31163097E-01  8.88593644E-02  7.16492475E-04
3.31409773E-01  8.99167806E-02  7.08111504E-04
3.31656450E-01  8.37573409E-02  6.70784211E-04
3.31903126E-01  8.70933607E-02  7.04019913E-04
3.32149803E-01  8.61898959E-02  7.02813675E-04
3.32396479E-01  8.92092958E-02  7.11556000E-04
3.32643156E-01  8.73104557E-02  7.15132570E-04
3.32889832E-01  8.72630328E-02  6.85712148E-04
3.33136508E-01  8.94726589E-02  7.26041442E-04
3.33383185E-01  8.57433900E-02  6.99605618E-04
3.33629861E-01  8.50081742E-02  6.90627494E-04
3.33876538E-01  8.87077600E-02  7.12303736E-04
3.34123214E-01  8.56291726E-02  6.92605332E-04
3.34369891E-01  8.70854259E-02  6.95025839E-04
3.34616567E-01  9.10789818E-02  7.09952263E-04
3.34863243E-01  8.92784894E-02  7.14554277E-04
3.35109920E-01  8.52444768E-02  7.01100333E-04
3.35356596E-01  8.95202234E-02  7.18251453E-04
3.35603273E-01  8.81099328E-02  7.17254705E-04
3.35849949E-01  8.95660818E-02  7.08883628E-04
3.36096625E-01  8.61390680E-02  6.99140423E-04
3.36343302E-01  8.82291719E-02  7.14292109E-04
3.36589978E-01  8.35926160E-02  6.77470816E-04
3.36836655E-01  8.87423083E-02  7.07702478E-04
3.37083331E-01  8.60967487E-02  7.10379740E-04
3.37330008E-01  8.57201144E-02  6.87474676E-04
3.37576684E-01  9.01818499E-02  7.17890391E-04
3.37823360E-01  8.72789621E-02  6.98046002E-04
3.38070037E-01  8.89103934E-02  7.18694821E-04
3.38316713E-01  9.18312520E-02  7.30865460E-04
3.38563390E-01  8.70610848E-02  7.10175664E-04
3.38810066E-01  8.49416777E-02  7.05604849E-04
3.39056743E-01  8.79024789E-02  7.26787664E-04
3.39303419E-01  8.56711119E-02  6.88456930E-04
3.39550095E-01  8.90774876E-02  7.02280493E-04
3.39796772E-01  8.69992226E-02  6.80339581E-04
3.40043448E-01  9.05535594E-02  7.00961449E-04
3.40290125E-01  8.95411521E-02  7.12243665E-04
3.40536801E-01  8.60451087E-02  7.07998348E-04
3.40783478E-01  8.68143365E-02  6.96994655E-04
3.41030154E-01  8.38496909E-02  6.80703204E-04
3.41276830E-01  8.84069726E-02  7.00214587E-04
3.41523507E-01  9.15289670E-02  7.30717205E-04
3.41770183E-01  8.83174241E-02  7.00995501E-04
3.42016860E-01  8.84818137E-02  6.99818076E-04
3.42263536E-01  8.93810987E-02  7.26128637E-04
3.42510212E-01  8.70229751E-02  7.05362938E-04
3.42756889E-01  9.05112848E-02  7.18297495E-04
3.43003565E-01  8.89346823E-02  7.02755293E-04
3.43250242E-01  8.51191282E-02  6.96886797E-04
3.43496918E-01  8.42583477E-02  6.84247410E-04
3.43743595E-01  8.87150168E-02  7.18378695E-04
3.43990271E-01  9.16086137E-02  7.13877205E-04
3.44236947E-01  8.81447941E-02  7.13596295E-04
3.44483624E-01  8.96264166E-02  7.05587736E-04
3.44730300E-01  8.58705193E-02  7.02082296E-04
3.44976977E-01  8.68375003E-02  7.10133230E-04
3.45223653E-01  8.92260298E-02  6.99092401E-04
3.45470330E-01  8.98184776E-02  7.07074592E-04
3.45717006E-01  8.70433971E-02  7.00584147E-04
3.45963682E-01  8.72196183E-02  6.84476574E-04
3.46210359E-01  9.17767435E-02  7.05901475E-04
3.46457035E-01  8.95308107E-02  7.08510051E-04
3.46703712E-01  9.10207108E-02  7.13351124E-04
3.46950388E-01  8.42335373E-02  6.81126257E-04
3.47197064E-01  8.59412625E-02  6.88879925E-04
3.47443741E-01  8.57030824E-02  7.05782615E-04
3.47690417E-01  8.94855112E-02  7.08452077E-04
3.47937094E-01  8.60935152E-02  7.03911937E-04
3.48183770E-01  8.64705518E-02  6.90794375E-04
3.48430447E-01  8.68668184E-02  6.71984861E-04
3.48677123E-01  8.27139318E-02  6.66084758E-04
3.48923799E-01  8.63491073E-02  6.93928916E-04
3.49170476E-01  8.76079872E-02  6.88400236E-04
3.49417152E-01  9.14011002E-02  6.98982796E-04
3.49663829E-01  8.83182287E-02  7.13747519E-04
3.49910505E-01  8.85933340E-02  7.13942165E-04
3.50157182E-01  8.38943496E-02  6.77930599E-04
3.50403858E-01  8.52071196E-02  6.99904282E-04
3.50650534E-01  8.46444964E-02  6.84526516E-04
3.50897211E-01  8.37604627E-02  6.90457353E-04
3.51143887E-01  8.96939933E-02  7.12545007E-04
3.51390564E-01  9.05330777E-02  7.00774312E-04
3.51637240E-01  8.60057771E-02  6.86727872E-04
3.51883917E-01  8.49251896E-02  6.79516990E-04
3.52130593E-01  8.30734447E-02  6.88007683E-04
3.52377269E-01  8.19047168E-02  6.64625724E-04
3.52623946E-01  8.20859075E-02  6.67899381E-04
3.52870622E-01  8.61632526E-02  6.86453190E-04
3.53117299E-01  8.52415934E-02  6.80710946E-04
3.53363975E-01  8.32988024E-02  6.95769093E-04
3.53610651E-01  8.23842734E-02  6.83177670E-04
3.53857328E-01  8.63962620E-02  6.90219749E-04
3.54104004E-01  8.27611536E-02  6.84406841E-04
3.54350681E-01  8.49599615E-02  7.04334176E-04
3.54597357E-01  8.30950215E-02  6.83363585E-04
3.54844034E-01  8.47571790E-02  6.80479920E-04
3.55090710E-01  8.67192224E-02  6.77108823E-04
3.55337386E-01  8.64915848E-02  7.09715707E-04
3.55584063E-01  8.49723816E-02  6.82506419E-04
3.55830739E-01  8.52438211E-02  6.80309720E-04
3.56077416E-01  8.55808929E-02  7.03284342E-04
3.56324092E-01  8.16997737E-02  6.91194437E-04
3.56570769E-01  8.36200118E-02  7.00155157E-04
3.56817445E-01  8.76407772E-02  6.90035115E-04
3.57064121E-01  8.21776241E-02  6.80865895E-04
3.57310798E-01  8.48134831E-02  6.81469915E-04
3.57557474E-01  8.66027027E-02  7.00058765E-04
3.57804151E-01  8.56593996E-02  6.75122195E-04
3.58050827E-01  8.32073241E-02  6.55950978E-04
3.58297503E-01  8.46567601E-02  6.94521354E-04
3.58544180E-01  8.76900181E-02  6.87295338E-04
3.58790856E-01  8.36893022E-02  6.99834723E-04
3.59037533E-01  8.06537271E-02  6.70132751E-04
3.59284209E-01  8.50205123E-02  6.94317336E-04
3.59530886E-01  8.46851543E-02  6.93706854E-04
3.59777562E-01  8.28527957E-02  6.74051757E-04
3.60024238E-01  8.32291842E-02  6.82530110E-04
3.60270915E-01  8.20901543E-02  6.85503823E-04
3.60517591E-01  8.51342157E-02  6.75695192E-04
3.60764268E-01  8.08661357E-02  6.53918425E-04
3.61010944E-01  8.07291940E-02  6.61988743E-04
3.61257621E-01  8.04588795E-02  6.78132637E-04
3.61504297E-01  8.24531168E-02  6.63541607E-04
3.61750973E-01  8.55186507E-02  7.01068144E-04
3.61997650E-01  7.99611062E-02  6.63452316E-04
3.62244326E-01  8.27904791E-02  6.82812824E-04
3.62491003E-01  8.43253732E-02  6.91740075E-04
3.62737679E-01  7.93853030E-02  6.55446667E-04
3.62984356E-01  8.52179304E-02  6.75097923E-04
3.63231032E-01  8.40021744E-02  6.77285192E-04
3.63477708E-01  8.51304084E-02  6.88435684E-04
3.63724385E-01  7.71134496E-02  6.79021992E-04
3.63971061E-01  8.06311592E-02  6.67578599E-04
3.64217738E-01  8.30568001E-02  7.08765874E-04
3.64464414E-01  8.17861110E-02  6.74299139E-04
3.64711090E-01  8.09282362E-02  6.74522540E-04
3.64957767E-01  7.95011818E-02  6.71781891E-04
3.65204443E-01  8.13599452E-02  6.67370681E-04
3.65451120E-01  8.03903714E-02  6.77862554E-04
3.65697796E-01  8.08105022E-02  6.75337738E-04
3.65944473E-01  8.02371353E-02  7.01024837E-04
3.66191149E-01  7.96274617E-02  6.58174220E-04
3.66437825E-01  7.89269507E-02  6.50433416E-04
3.66684502E-01  8.03947300E-02  6.84688159E-04
3.66931178E-01  8.06106925E-02  6.66119857E-04
3.67177855E-01  8.00999627E-02  6.69543166E-04
3.67424531E-01  7.94904679E-02  6.72104710E-04
3.67671208E-01  7.72649497E-02  6.52581570E-04
3.67917884E-01  8.39497894E-02  6.70655631E-04
3.68164560E-01  8.04288462E-02  6.59311074E-04
3.68411237E-01  8.08065385E-02  6.62457431E-04
3.68657913E-01  8.00778940E-02  6.51623879E-04
3.68904590E-01  7.99909979E-02  6.69507892E-04
3.69151266E-01  8.10065195E-02  6.85699866E-04
3.69397943E-01  8.15949589E-02  6.66910200E-04
3.69644619E-01  7.98670128E-02  6.73040049E-04
3.69891295E-01  7.69527778E-02  6.45031163E-04
3.70137972E-01  8.17260966E-02  6.76189549E-04
3.70384648E-01  7.92855099E-02  6.73360890E-04
3.70631325E-01  8.50699544E-02  6.85595965E-04
3.70878001E-01  8.46391320E-02  6.71458023E-04
3.71124677E-01  7.67251104E-02  6.55730953E-04
3.71371354E-01  8.26626346E-02  6.83150662E-04
3.71618030E-01  7.91719481E-02  6.50021946E-04
3.71864707E-01  8.20259452E-02  6.71904883E-04
3.72111383E-01  8.23331848E-02  6.80901168E-04
3.72358060E-01  8.46785530E-02  6.87693304E-04
3.72604736E-01  7.88488761E-02  6.51252805E-04
3.72851412E-01  7.75922835E-02  6.54181116E-04
3.73098089E-01  7.90245831E-02  6.61991595E-04
3.73344765E-01  8.20662081E-02  6.77898119E-04
3.73591442E-01  8.01146850E-02  6.82364393E-04
3.73838118E-01  7.66052529E-02  6.42059429E-04
3.74084795E-01  8.30580294E-02  6.73757400E-04
3.74331471E-01  8.08802173E-02  6.58584177E-04
3.74578147E-01  7.98140168E-02  6.68847351E-04
3.74824824E-01  8.00869688E-02  6.66613516E-04
3.75071500E-01  8.20714906E-02  6.93048583E-04
3.75318177E-01  8.20310488E-02  6.79242192E-04
3.75564853E-01  8.09885338E-02  6.80744241E-04
3.75811529E-01  8.27214867E-02  6.87890453E-04
3.76058206E-01  8.02005753E-02  6.64357096E-04
3.76304882E-01  7.94828385E-02  6.55872165E-04
3.76551559E-01  7.59231299E-02  6.56205113E-04
3.76798235E-01  8.05517957E-02  6.74256415E-04
3.77044912E-01  7.86076263E-02  6.48109009E-04
3.77291588E-01  8.14406872E-02  6.61575876E-04
3.77538264E-01  8.06523934E-02  6.60824473E-04
3.77784941E-01  8.25806931E-02  6.92706613E-04
3.78031617E-01  7.67255798E-02  6.68331981E-04
3.78278294E-01  7.74865150E-02  6.73969800E-04
3.78524970E-01  8.09167475E-02  6.67255081E-04
3.78771647E-01  8.16861391E-02  6.64928462E-04
3.79018323E-01  8.11851472E-02  6.71064714E-04
3.79264999E-01  8.18221569E-02  6.62453414E-04
3.79511676E-01  7.79832453E-02  6.63700514E-04
3.79758352E-01  7.85759166E-02  6.67980989E-04
3.80005029E-01  7.91066810E-02  6.72275550E-04
3.80251705E-01  7.89495483E-02  6.64368737E-04
3.80498382E-01  8.11813772E-02  6.73032424E-04
3.80745058E-01  8.32879990E-02  6.85373438E-04
3.80991734E-01  7.63954967E-02  6.90516084E-04
3.81238411E-01  7.99941793E-02  6.93474023E-04
3.81485087E-01  8.10335651E-02  7.05640297E-04
3.81731764E-01  8.09464231E-02  7.00440723E-04
3.81978440E-01  7.87543878E-02  6.93702605E-04
3.82225116E-01  7.90031552E-02  6.97660842E-04
3.82471793E-01  7.94780478E-02  7.05748214E-04
3.82718469E-01  8.38619992E-02  7.27750885E-04
3.82965146E-01  8.22454691E-02  7.12846406E-04
3.83211822E-01  8.00765902E-02  7.18699011E-04
3.83458499E-01  8.20625871E-02  7.50785402E-04
3.83705175E-01  7.83009678E-02  7.19644479E-04
3.83951851E-01  8.24815780E-02  7.46455451E-04
3.84198528E-01  7.96865523E-02  7.25018384E-04
3.84445204E-01  7.81162605E-02  7.27930863E-04
3.84691881E-01  7.84194320E-02  7.34541332E-04
3.84938557E-01  7.95144737E-02  7.39674841E-04
3.85185234E-01  7.92072266E-02  7.55589223E-04
3.85431910E-01  7.77904913E-02  7.45003053E-04
3.85678586E-01  7.92940333E-02  7.46660866E-04
3.85925263E-01  8.17901492E-02  7.50315026E-04
3.86171939E-01  7.57255331E-02  7.48132996E-04
3.86418616E-01  7.74297267E-02  7.58909213E-04
3.86665292E-01  8.07177648E-02  7.90900202E-04
3.86911968E-01  7.70144388E-02  7.58116425E-04
3.87158645E-01  7.82308429E-02  7.77677109E-04
3.87405321E-01  7.83951879E-02  7.71644060E-04
3.87651998E-01  8.06676075E-02  7.74663058E-04
3.87898674E-01  8.07246268E-02  8.04515323E-04
3.88145351E-01  7.91842192E-02  7.68081576E-04
3.88392027E-01  7.92399794E-02  8.04820913E-04
3.88638703E-01  7.87804425E-02  7.77541194E-04
3.88885380E-01  7.60874450E-02  7.71912397E-04
3.89132056E-01  7.92648718E-02  7.86137185E-04
3.89378733E-01  7.91800320E-02  7.73802225E-04
3.89625409E-01  7.78558031E-02  7.93247484E-04
3.89872086E-01  7.60923326E-02  7.72575790E-04
3.90118762E-01  8.21939856E-02  8.12424056E-04
3.90365438E-01  8.06750059E-02  7.72673811E-04
3.90612115E-01  8.02753642E-02  7.80201866E-04
3.90858791E-01  7.87635967E-02  7.58104376E-04
3.91105468E-01  7.94902742E-02  7.48388818E-04
3.91352144E-01  8.10877010E-02  7.61613133E-04
3.91598821E-01  8.02089944E-02  7.73259089E-04
3.91845497E-01  8.03510174E-02  7.35217007E-04
3.92092173E-01  7.90246949E-02  7.32385495E-04
3.92338850E-01  7.93139786E-02  7.08691601E-04
3.92585526E-01  7.92186633E-02  7.42486853E-04
3.92832203E-01  8.40182751E-02  7.73887790E-04
3.93078879E-01  7.67239481E-02  6.90096407E-04
3.93325555E-01  7.63244703E-02  7.29860505E-04
3.93572232E-01  8.49586278E-02  7.82614923E-04
3.93818908E-01  8.54573026E-02  7.45604513E-04
3.94065585E-01  7.79384077E-02  7.10072287E-04
3.94312261E-01  8.39188918E-02  7.46744510E-04
3.94558938E-01  7.59138837E-02  7.19218340E-04
3.94805614E-01  7.85110965E-02  7.13021436E-04
3.95052290E-01  7.94988051E-02  7.37562194E-04
3.95298967E-01  8.11301842E-02  7.41956232E-04
3.95545643E-01  8.19414929E-02  7.53053289E-04
3.95792320E-01  8.17832947E-02  7.44739547E-04
3.96038996E-01  7.88909718E-02  7.40124786E-04
3.96285673E-01  8.09922889E-02  7.28659506E-04
3.96532349E-01  8.04856569E-02  7.29148916E-04
3.96779025E-01  7.95213059E-02  7.16558832E-04
3.97025702E-01  7.89535046E-02  7.13706890E-04
3.97272378E-01  8.17641839E-02  7.19949487E-04
3.97519055E-01  7.65585005E-02  7.09431246E-04
3.97765731E-01  7.82774836E-02  7.26820785E-04
3.98012407E-01  8.07495639E-02  7.10046384E-04
3.98259084E-01  8.30917060E-02  7.43966142E-04
3.98505760E-01  7.87296295E-02  7.31138163E-04
3.98752437E-01  7.94602558E-02  7.37641822E-04
3.98999113E-01  7.97868520E-02  7.17419141E-04
3.99245790E-01  8.26489404E-02  7.34130561E-04
3.99492466E-01  8.26025680E-02  7.36534421E-04
3.99739142E-01  7.99128562E-02  7.26675440E-04
3.99985819E-01  8.33931938E-02  7.35279813E-04
4.00232495E-01  7.60488212E-02  7.00290257E-04
4.00479172E-01  7.83136413E-02  7.11351691E-04
4.00725848E-01  7.95802698E-02  7.42008328E-04
4.00972525E-01  7.73381218E-02  7.11495290E-04
4.01219201E-01  7.76708424E-02  7.12633133E-04
4.01465877E-01  7.62127042E-02  7.03947444E-04
4.01712554E-01  8.02314654E-02  7.21259159E-04
4.01959230E-01  8.12526867E-02  7.25165417E-04
4.02205907E-01  7.75742009E-02  7.09268439E-04
4.02452583E-01  7.83133879E-02  7.05004379E-04
4.02699260E-01  7.93710500E-02  7.00921228E-04
4.02945936E-01  7.99200162E-02  7.15607370E-04
4.03192612E-01  8.05585533E-02  6.95845811E-04
4.03439289E-01  7.80532137E-02  6.89669745E-04
4.03685965E-01  8.08473229E-02  7.19008385E-04
4.03932642E-01  7.87239447E-02  7.12557521E-04
4.04179318E-01  7.99000710E-02  7.21591059E-04
4.04425994E-01  7.92852044E-02  7.05643324E-04
4.04672671E-01  7.69446418E-02  6.98878546E-04
4.04919347E-01  7.93033466E-02  6.98275398E-04
4.05166024E-01  7.72634521E-02  6.78375480E-04
4.05412700E-01  7.96718374E-02  6.82960614E-04
4.05659377E-01  8.34085569E-02  7.21789431E-04
4.05906053E-01  7.81697407E-02  7.04067585E-04
4.06152729E-01  7.90378600E-02  7.11634406E-04
4.06399406E-01  8.47454295E-02  7.19724339E-04
4.06646082E-01  8.06987956E-02  7.08459527E-04
4.06892759E-01  8.33336189E-02  7.34985631E-04
4.07139435E-01  8.43390599E-02  7.41203257E-04
4.07386112E-01  8.44398588E-02  7.23299047E-04
4.07632788E-01  8.22456479E-02  7.29658699E-04
4.07879464E-01  8.21329504E-02  7.21487275E-04
4.08126141E-01  7.92362392E-02  7.23676116E-04
4.08372817E-01  8.36544335E-02  7.17365998E-04
4.08619494E-01  8.08244497E-02  7.37125170E-04
4.08866170E-01  8.10504928E-02  7.08467094E-04
4.09112847E-01  7.95738623E-02  6.93224545E-04
4.09359523E-01  8.06817263E-02  6.94995862E-04
4.09606199E-01  8.21994916E-02  7.18708325E-04
4.09852876E-01  7.88344368E-02  7.09018263E-04
4.10099552E-01  7.69577250E-02  6.96641684E-04
4.10346229E-01  8.27041268E-02  7.36688555E-04
4.10592905E-01  7.94036314E-02  6.89139182E-04
4.10839581E-01  7.82611668E-02  7.02854362E-04
4.11086258E-01  7.92379752E-02  7.23764009E-04
4.11332934E-01  7.87995681E-02  7.07839150E-04
4.11579611E-01  8.30844268E-02  7.16875249E-04
4.11826287E-01  7.77961984E-02  6.97636278E-04
4.12072964E-01  8.31890255E-02  7.23851437E-04
4.12319640E-01  8.07551518E-02  7.07586354E-04
4.12566316E-01  7.81159624E-02  6.97792100E-04
4.12812993E-01  8.16737413E-02  7.15568545E-04
4.13059669E-01  7.85603225E-02  7.02974095E-04
4.13306346E-01  7.80915692E-02  7.02291378E-04
4.13553022E-01  8.24241117E-02  7.32136134E-04
4.13799699E-01  8.24676231E-02  7.11773115E-04
4.14046375E-01  7.93291703E-02  6.99200435E-04
4.14293051E-01  8.28246400E-02  7.16984272E-04
4.14539728E-01  8.03065374E-02  6.89329405E-04
4.14786404E-01  7.82892555E-02  6.88802509E-04
4.15033081E-01  8.30426589E-02  7.16881012E-04
4.15279757E-01  8.10845643E-02  7.05279992E-04
4.15526433E-01  8.05650502E-02  7.09757034E-04
4.15773110E-01  8.29858556E-02  7.16786657E-04
4.16019786E-01  7.83886611E-02  6.80314959E-04
4.16266463E-01  8.14676583E-02  6.94185554E-04
4.16513139E-01  8.27906579E-02  7.05888378E-04
4.16759816E-01  7.67616704E-02  6.79115241E-04
4.17006492E-01  8.47234800E-02  7.29573658E-04
4.17253168E-01  8.07292983E-02  7.02303776E-04
4.17499845E-01  7.91041330E-02  7.03067402E-04
4.17746521E-01  8.00002962E-02  7.14995491E-04
4.17993198E-01  8.24469700E-02  7.13842688E-04
4.18239874E-01  8.15829784E-02  7.04363803E-04
4.18486551E-01  8.03990662E-02  6.89416658E-04
4.18733227E-01  7.96501338E-02  7.18903088E-04
4.18979903E-01  7.75852129E-02  7.03527243E-04
4.19226580E-01  8.05127174E-02  7.23911973E-04
4.19473256E-01  7.89586231E-02  7.02335907E-04
4.19719933E-01  7.86439255E-02  6.85421808E-04
4.19966609E-01  8.07606503E-02  6.96312229E-04
4.20213286E-01  7.86815286E-02  7.16043520E-04
4.20459962E-01  8.36181939E-02  7.34374626E-04
4.20706638E-01  7.97861665E-02  7.03282945E-04
4.20953315E-01  7.96394348E-02  7.04316772E-04
4.21199991E-01  7.93510452E-02  7.05442566E-04
4.21446668E-01  8.06867704E-02  7.07653409E-04
4.21693344E-01  8.17074776E-02  7.20019685E-04
4.21940020E-01  8.09947401E-02  6.99704047E-04
4.22186697E-01  8.37151706E-02  7.25254533E-04
4.22433373E-01  8.08637291E-02  7.08405569E-04
4.22680050E-01  7.96850771E-02  7.18668452E-04
4.22926726E-01  7.86210373E-02  7.08607957E-04
4.23173403E-01  7.81946853E-02  6.94183225E-04
4.23420079E-01  8.04997757E-02  7.23843928E-04
4.23666755E-01  8.06776136E-02  6.85934443E-04
4.23913432E-01  8.03242773E-02  7.00874778E-04
4.24160108E-01  8.30456764E-02  7.07823376E-04
4.24406785E-01  8.06641877E-02  7.22345256E-04
4.24653461E-01  8.22760463E-02  7.11945060E-04
4.24900138E-01  8.21605027E-02  7.30161497E-04
4.25146814E-01  7.62820095E-02  7.00627395E-04
4.25393490E-01  7.97391832E-02  6.98303920E-04
4.25640167E-01  8.08895752E-02  7.20329117E-04
4.25886843E-01  7.96431899E-02  7.05154787E-04
4.26133520E-01  8.02339911E-02  6.98531105E-04
4.26380196E-01  8.15163776E-02  7.16941315E-04
4.26626872E-01  8.18516463E-02  7.13950663E-04
4.26873549E-01  7.91656971E-02  6.97916374E-04
4.27120225E-01  8.15249979E-02  7.20549840E-04
4.27366902E-01  8.18764791E-02  7.12042442E-04
4.27613578E-01  8.41919184E-02  7.31989217E-04
4.27860255E-01  8.23744759E-02  7.11028639E-04
4.28106931E-01  7.73470849E-02  6.94187067E-04
4.28353607E-01  7.84403160E-02  7.10713677E-04
4.28600284E-01  8.13640431E-02  7.03509082E-04
4.28846960E-01  8.16724151E-02  7.29109510E-04
4.29093637E-01  8.25489908E-02  7.36809219E-04
4.29340313E-01  8.05383474E-02  7.01122219E-04
4.29586990E-01  8.00510198E-02  6.98546181E-04
4.29833666E-01  8.03526491E-02  6.93518436E-04
4.30080342E-01  8.20369422E-02  7.24198297E-04
4.30327019E-01  7.94525668E-02  7.08824722E-04
4.30573695E-01  8.24937224E-02  7.31075706E-04
4.30820372E-01  8.22502077E-02  7.13295536E-04
4.31067048E-01  8.32998753E-02  7.13832269E-04
4.31313725E-01  7.92283416E-02  6.78416342E-04
4.31560401E-01  8.35470930E-02  7.11595814E-04
4.31807077E-01  8.24058279E-02  7.17647257E-04
4.32053754E-01  8.54269341E-02  7.20187323E-04
4.32300430E-01  8.24256241E-02  7.19521253E-04
4.32547107E-01  7.62389302E-02  6.74844952E-04
4.32793783E-01  8.04252848E-02  6.88459957E-04
4.33040459E-01  7.50987828E-02  6.90993853E-04
4.33287136E-01  7.69921467E-02  6.93378388E-04
4.33533812E-01  8.29345658E-02  7.12947221E-04
4.33780489E-01  8.16266015E-02  7.16104638E-04
4.34027165E-01  8.02269131E-02  6.85421168E-04
4.34273842E-01  8.15423876E-02  6.90522487E-04
4.34520518E-01  7.95762762E-02  7.08317733E-04
4.34767194E-01  7.95095637E-02  6.93470007E-04
4.35013871E-01  8.41895938E-02  7.17983698E-04
4.35260547E-01  8.43937472E-02  7.45062076E-04
4.35507224E-01  8.31842944E-02  7.20311480E-04
4.35753900E-01  7.74007365E-02  6.98617019E-04
4.36000577E-01  8.12870860E-02  7.12919864E-04
4.36247253E-01  8.29695612E-02  6.93331473E-04
4.36493929E-01  7.95191973E-02  6.87223685E-04
4.36740606E-01  8.41684118E-02  7.10775901E-04
4.36987282E-01  8.28426331E-02  7.14765803E-04
4.37233959E-01  8.49000663E-02  7.27232429E-04
4.37480635E-01  8.35214406E-02  7.07756029E-04
4.37727311E-01  7.90230334E-02  6.89885870E-04
4.37973988E-01  8.29345882E-02  7.32707849E-04
4.38220664E-01  8.44363421E-02  7.30457017E-04
4.38467341E-01  8.02938268E-02  6.94614195E-04
4.38714017E-01  8.13770965E-02  7.06051011E-04
4.38960694E-01  8.44654962E-02  7.24771002E-04
4.39207370E-01  8.10562819E-02  6.95268158E-04
4.39454046E-01  8.32023099E-02  7.11339409E-04
4.39700723E-01  8.31861869E-02  7.27298146E-04
4.39947399E-01  8.65519643E-02  7.39398354E-04
4.40194076E-01  7.95390606E-02  6.93069247E-04
4.40440752E-01  8.43765587E-02  7.12538778E-04
4.40687429E-01  8.13457295E-02  7.18344585E-04
4.40934105E-01  8.10895041E-02  7.04940001E-04
4.41180781E-01  8.24124292E-02  7.12586509E-04
4.41427458E-01  8.37595537E-02  7.21837278E-04
4.41674134E-01  7.99239725E-02  7.17768038E-04
4.41920811E-01  8.51858109E-02  7.45099096E-04
4.42167487E-01  8.12711269E-02  7.02010351E-04
4.42414164E-01  7.92801306E-02  6.98818360E-04
4.42660840E-01  8.46133977E-02  7.22661673E-04
4.42907516E-01  8.22444931E-02  7.19192205E-04
4.43154193E-01  8.05355683E-02  7.04139762E-04
4.43400869E-01  7.95536488E-02  7.24442070E-04
4.43647546E-01  8.57795924E-02  7.23529141E-04
4.43894222E-01  8.09102580E-02  7.16890092E-04
4.44140898E-01  8.16783234E-02  6.93568261E-04
4.44387575E-01  8.39113742E-02  7.28457933E-04
4.44634251E-01  8.04759935E-02  6.88141154E-04
4.44880928E-01  8.88239443E-02  7.43831857E-04
4.45127604E-01  8.31900239E-02  7.10176537E-04
4.45374281E-01  8.16583857E-02  7.13272835E-04
4.45620957E-01  8.18277672E-02  7.21275457E-04
4.45867633E-01  8.04968700E-02  7.04739650E-04
4.46114310E-01  8.45040381E-02  7.42055825E-04
4.46360986E-01  7.83937201E-02  7.00470468E-04
4.46607663E-01  8.54596719E-02  7.14077498E-04
4.46854339E-01  8.11588839E-02  7.23579549E-04
4.47101016E-01  8.28258544E-02  6.98551943E-04
4.47347692E-01  7.80509859E-02  6.91622961E-04
4.47594368E-01  8.14152583E-02  7.03352503E-04
4.47841045E-01  8.62627998E-02  7.66511541E-04
4.48087721E-01  8.22271407E-02  7.10198074E-04
4.48334398E-01  8.04201514E-02  6.85259525E-04
4.48581074E-01  7.90534392E-02  6.91744848E-04
4.48827751E-01  8.30710158E-02  7.29680527E-04
4.49074427E-01  8.11749101E-02  6.91237452E-04
4.49321103E-01  8.23258385E-02  7.02875899E-04
4.49567780E-01  8.22471157E-02  6.99850323E-04
4.49814456E-01  8.43516514E-02  7.07541709E-04
4.50061133E-01  8.12361017E-02  7.04805891E-04
4.50307809E-01  8.14198777E-02  6.91634719E-04
4.50554485E-01  7.96034932E-02  6.90372195E-04
4.50801162E-01  8.43938887E-02  7.24004174E-04
4.51047838E-01  8.10048655E-02  7.05311075E-04
4.51294515E-01  8.53990316E-02  7.11568631E-04
4.51541191E-01  8.25655311E-02  7.20277429E-04
4.51787868E-01  7.81785250E-02  7.06533028E-04
4.52034544E-01  8.31278116E-02  7.06787163E-04
4.52281220E-01  8.00671354E-02  6.90774235E-04
4.52527897E-01  8.26590732E-02  7.18376425E-04
4.52774573E-01  8.38000774E-02  7.12526729E-04
4.53021250E-01  8.21687058E-02  6.98499091E-04
4.53267926E-01  8.27151537E-02  6.90874469E-04
4.53514603E-01  8.57500434E-02  7.14655383E-04
4.53761279E-01  8.07757080E-02  7.11452740E-04
4.54007955E-01  8.28717351E-02  7.07692117E-04
4.54254632E-01  8.42389166E-02  7.17266230E-04
4.54501308E-01  8.59633908E-02  7.09910935E-04
4.54747985E-01  8.34571570E-02  6.96460891E-04
4.54994661E-01  8.06561261E-02  7.01999466E-04
4.55241337E-01  8.17064345E-02  7.03752157E-04
4.55488014E-01  7.86269829E-02  6.75875403E-04
4.55734690E-01  8.50287676E-02  7.16548355E-04
4.55981367E-01  8.39180276E-02  7.31187640E-04
4.56228043E-01  8.14375803E-02  6.85301027E-04
4.56474720E-01  8.43740404E-02  7.13339774E-04
4.56721396E-01  7.99701959E-02  7.05325569E-04
4.56968072E-01  7.99293146E-02  6.84474770E-04
4.57214749E-01  8.69645849E-02  7.21322664E-04
4.57461425E-01  8.08793828E-02  6.89941808E-04
4.57708102E-01  8.30959231E-02  7.03431491E-04
4.57954778E-01  8.18500519E-02  6.91627094E-04
4.58201455E-01  8.30162838E-02  6.97799434E-04


### HEADER:
#
#{
#    "analysis": {},
#    "calibration_params": {
#        "Beam_Center_X": 1092.0,
#        "Beam_Center_Y": 2091.0,
#        "Detector Tilt": 0.0,
#        "Detector Tilt Plane Rotation": 0.0,
#        "Detector_X_Pixel_Size": 75.0,
#        "Detector_Y_Pixel_Size": 75.0,
#        "Integration Method": "nosplit_csr",
#        "Radial_Average_Method": "pyFAI",
#        "Sample-to-detector distance (mm)": 1731.0,
#        "Wavelength (A)": 1.0993212460550197
#    },
#    "config_file": "/mnt/home/chess_id7a/.RAW/backup.cfg",
#    "counters": {
#        "Epoch": "58.635",
#        "I1": "0",
#        "I2": "0",
#        "I3": "0",
#        "Seconds": "0.5",
#        "Time": "3.88622e-05",
#        "date": "Sat May 18 00:09:12 2024",
#        "diode": "14887"
#    },
#    "filename": "D1M0008_80C_100MPa_up_3_data_000001_00001.h5",
#    "history": {},
#    "imageHeader": {},
#    "load_path": "/nfs/chess/daq/current/id7a/Budin_05_16_24/D1M0008/D1M0008_80C_100MPa_up_3_data_000001.h5",
#    "normalizations": {
#        "Absolute_scale": {
#            "Absolute_scale_factor": 0.01111656324368444,
#            "Method": "Water"
#        },
#        "Counter_norms": [
#            [
#                "/",
#                "diode/150000"
#            ]
#        ],
#        "Polarization": {
#            "Used": false
#        },
#        "Solid_Angle_Correction": "On"
#    },
#    "raw_version": "2.1.4"
#}

