### DATA:
#
# 1802
#      Q             I(Q)           Error     
1.16130467E-02  1.28230381E+01  1.81959555E-01
1.19070479E-02  1.13904724E+01  2.06056565E-01
1.22010491E-02  1.05401525E+01  1.88455805E-01
1.24950503E-02  1.03203640E+01  1.58686608E-01
1.27890515E-02  8.83715916E+00  1.45152420E-01
1.30830527E-02  8.54720974E+00  1.33134499E-01
1.33770538E-02  7.65248394E+00  1.20541573E-01
1.36710550E-02  7.37685394E+00  1.16824381E-01
1.39650562E-02  6.77341223E+00  9.76883024E-02
1.42590574E-02  6.37649632E+00  8.05132911E-02
1.45530586E-02  6.18798494E+00  9.10456702E-02
1.48470598E-02  5.55439377E+00  6.94693401E-02
1.51410609E-02  5.17722845E+00  6.43369704E-02
1.54350621E-02  5.04547787E+00  7.37142861E-02
1.57290633E-02  4.88210392E+00  6.57843947E-02
1.60230645E-02  4.46325922E+00  6.84860945E-02
1.63170657E-02  4.29050255E+00  5.28381355E-02
1.66110669E-02  4.13961077E+00  5.16128317E-02
1.69050680E-02  3.92114234E+00  4.63550501E-02
1.71990692E-02  3.74702382E+00  4.47715595E-02
1.74930704E-02  3.55674100E+00  4.15107608E-02
1.77870716E-02  3.34526515E+00  4.24056202E-02
1.80810728E-02  3.24431729E+00  3.97998206E-02
1.83750740E-02  3.11782742E+00  3.56480889E-02
1.86690751E-02  2.86813378E+00  3.46063897E-02
1.89630763E-02  2.71540499E+00  2.99084689E-02
1.92570775E-02  2.50062990E+00  2.86300536E-02
1.95510787E-02  2.40792060E+00  2.83029601E-02
1.98450799E-02  2.32953858E+00  2.71138065E-02
2.01390811E-02  2.22865033E+00  2.26169117E-02
2.04330822E-02  2.09963942E+00  2.26811264E-02
2.07270834E-02  2.06180215E+00  2.13752184E-02
2.10210846E-02  1.96493268E+00  2.24811342E-02
2.13150858E-02  1.92142630E+00  2.11161170E-02
2.16090870E-02  1.90070152E+00  2.01581884E-02
2.19030882E-02  1.82484519E+00  2.00153571E-02
2.21970893E-02  1.85295236E+00  1.96271352E-02
2.24910905E-02  1.71039450E+00  1.87187623E-02
2.27850917E-02  1.71780455E+00  1.78979840E-02
2.30790929E-02  1.62091422E+00  1.67810116E-02
2.33730941E-02  1.61406732E+00  1.71361510E-02
2.36670953E-02  1.55223095E+00  1.67239793E-02
2.39610964E-02  1.53357649E+00  1.52552426E-02
2.42550976E-02  1.50563407E+00  1.59667078E-02
2.45490988E-02  1.50787699E+00  1.53887663E-02
2.48431000E-02  1.46224928E+00  1.40731661E-02
2.51371012E-02  1.40325928E+00  1.37043605E-02
2.54311024E-02  1.36752212E+00  1.27647808E-02
2.57251035E-02  1.30461109E+00  1.37996934E-02
2.60191047E-02  1.34493029E+00  1.41089177E-02
2.63131059E-02  1.30525470E+00  1.33061511E-02
2.66071071E-02  1.28232598E+00  1.28920376E-02
2.69011083E-02  1.27353561E+00  1.20190503E-02
2.71951094E-02  1.28436685E+00  1.30283916E-02
2.74891106E-02  1.21802032E+00  1.18857482E-02
2.77831118E-02  1.16577709E+00  1.17902048E-02
2.80771130E-02  1.20561099E+00  1.24858376E-02
2.83711142E-02  1.19471014E+00  1.14750965E-02
2.86651154E-02  1.17872286E+00  1.23520046E-02
2.89591165E-02  1.16558480E+00  1.22426506E-02
2.92531177E-02  1.16691244E+00  1.06142554E-02
2.95471189E-02  1.10925841E+00  1.15602957E-02
2.98411201E-02  1.12583697E+00  1.16540976E-02
3.01351213E-02  1.08169353E+00  1.11001572E-02
3.04291225E-02  1.11854708E+00  1.18116420E-02
3.07231236E-02  1.08200884E+00  1.08941235E-02
3.10171248E-02  1.10364962E+00  1.26553737E-02
3.13111260E-02  1.06990945E+00  1.03400471E-02
3.16051272E-02  1.04606426E+00  1.01016862E-02
3.18991284E-02  1.04522288E+00  9.89786163E-03
3.21931296E-02  1.04250944E+00  9.80415195E-03
3.24871307E-02  9.94470775E-01  1.03172893E-02
3.27811319E-02  1.01168227E+00  9.26537067E-03
3.30751331E-02  1.01348627E+00  9.95447766E-03
3.33691343E-02  1.04119301E+00  9.57352109E-03
3.36631355E-02  9.71294582E-01  9.04986728E-03
3.39571367E-02  9.79867578E-01  9.26312245E-03
3.42511378E-02  9.51489925E-01  8.62853322E-03
3.45451390E-02  1.00157392E+00  9.21814423E-03
3.48391402E-02  9.82211351E-01  8.85352120E-03
3.51331414E-02  9.79022205E-01  8.75421986E-03
3.54271426E-02  9.50722575E-01  9.07739531E-03
3.57211438E-02  9.60593104E-01  8.55471846E-03
3.60151449E-02  9.88746047E-01  8.17147642E-03
3.63091461E-02  9.83858645E-01  8.55093542E-03
3.66031473E-02  9.56581056E-01  8.03966168E-03
3.68971485E-02  9.62414086E-01  8.10925476E-03
3.71911497E-02  9.62918699E-01  7.45711150E-03
3.74851509E-02  9.43385720E-01  7.79839745E-03
3.77791520E-02  9.48800385E-01  7.58890342E-03
3.80731532E-02  9.54334795E-01  7.21914973E-03
3.83671544E-02  9.83789086E-01  7.52731925E-03
3.86611556E-02  9.39477503E-01  7.50854192E-03
3.89551568E-02  9.66551900E-01  7.61781633E-03
3.92491580E-02  9.74085867E-01  7.45314453E-03
3.95431591E-02  9.65391695E-01  7.60062551E-03
3.98371603E-02  9.64536607E-01  7.57435430E-03
4.01311615E-02  9.46048737E-01  6.95242081E-03
4.04251627E-02  9.80514169E-01  7.61441234E-03
4.07191639E-02  1.00154734E+00  7.42387399E-03
4.10131651E-02  9.85647142E-01  7.52323680E-03
4.13071662E-02  9.84439313E-01  7.50316167E-03
4.16011674E-02  9.65868652E-01  7.11921975E-03
4.18951686E-02  1.00135612E+00  7.36113451E-03
4.21891698E-02  9.81142759E-01  6.92322897E-03
4.24831710E-02  9.86156523E-01  7.46696303E-03
4.27771722E-02  1.00432479E+00  7.10633025E-03
4.30711733E-02  1.00951290E+00  7.41940131E-03
4.33651745E-02  9.73868906E-01  7.14296289E-03
4.36591757E-02  9.70341027E-01  6.82957377E-03
4.39531769E-02  1.00500655E+00  6.85443124E-03
4.42471781E-02  1.01170933E+00  7.09590549E-03
4.45411793E-02  9.98374641E-01  7.14772521E-03
4.48351804E-02  1.01857460E+00  7.04204850E-03
4.51291816E-02  1.02435148E+00  6.93562301E-03
4.54231828E-02  1.03460073E+00  7.15994416E-03
4.57171840E-02  1.01027012E+00  6.91320607E-03
4.60111852E-02  1.04193044E+00  7.25841150E-03
4.63051864E-02  1.06385148E+00  7.12876813E-03
4.65991875E-02  1.03730869E+00  7.13052880E-03
4.68931887E-02  1.06177163E+00  7.42577249E-03
4.71871899E-02  1.08553052E+00  6.87487423E-03
4.74811911E-02  1.10369277E+00  7.26999389E-03
4.77751923E-02  1.07109845E+00  6.93419436E-03
4.80691935E-02  1.13360298E+00  7.31691159E-03
4.83631946E-02  1.10003757E+00  7.23822601E-03
4.86571958E-02  1.13465083E+00  7.09710689E-03
4.89511970E-02  1.14254892E+00  7.37933209E-03
4.92451982E-02  1.14250433E+00  7.46541563E-03
4.95391994E-02  1.17038131E+00  7.47563597E-03
4.98332006E-02  1.14728093E+00  6.95939502E-03
5.01272017E-02  1.18196213E+00  7.23573891E-03
5.04212029E-02  1.20606816E+00  7.76272407E-03
5.07152041E-02  1.20921183E+00  7.11814035E-03
5.10092053E-02  1.22775257E+00  7.42112426E-03
5.13032065E-02  1.24367905E+00  7.47906417E-03
5.15972077E-02  1.26817739E+00  8.30094144E-03
5.18912088E-02  1.25826705E+00  7.98532926E-03
5.21852100E-02  1.29533446E+00  7.49466103E-03
5.24792112E-02  1.28018332E+00  7.63813779E-03
5.27732124E-02  1.30677414E+00  7.86742195E-03
5.30672136E-02  1.36377299E+00  8.27729050E-03
5.33612148E-02  1.37491763E+00  8.26710369E-03
5.36552159E-02  1.40339291E+00  8.10744893E-03
5.39492171E-02  1.40728521E+00  8.21766723E-03
5.42432183E-02  1.39178371E+00  8.10163748E-03
5.45372195E-02  1.45690620E+00  8.65755603E-03
5.48312207E-02  1.46283031E+00  8.18983652E-03
5.51252219E-02  1.50561154E+00  8.51048622E-03
5.54192230E-02  1.52096295E+00  8.82331375E-03
5.57132242E-02  1.51646113E+00  8.69564805E-03
5.60072254E-02  1.53271174E+00  8.71950574E-03
5.63012266E-02  1.61127841E+00  9.35705379E-03
5.65952278E-02  1.62399864E+00  9.10548400E-03
5.68892290E-02  1.63389122E+00  8.80951993E-03
5.71832301E-02  1.67823768E+00  8.94148182E-03
5.74772313E-02  1.74812794E+00  9.28852800E-03
5.77712325E-02  1.80289483E+00  9.46924090E-03
5.80652337E-02  1.84481263E+00  1.00221457E-02
5.83592349E-02  1.85686278E+00  1.01525513E-02
5.86532361E-02  1.88487637E+00  9.66492482E-03
5.89472372E-02  1.93746781E+00  9.90890525E-03
5.92412384E-02  1.98348415E+00  9.79808718E-03
5.95352396E-02  1.99110556E+00  1.00196144E-02
5.98292408E-02  2.03773785E+00  1.06340321E-02
6.01232420E-02  2.09619164E+00  1.03014391E-02
6.04172432E-02  2.13525891E+00  1.09759262E-02
6.07112443E-02  2.21119094E+00  1.12182209E-02
6.10052455E-02  2.26909804E+00  1.16295256E-02
6.12992467E-02  2.36932445E+00  1.22369519E-02
6.15932479E-02  2.41766453E+00  1.16089853E-02
6.18872491E-02  2.47496557E+00  1.24278050E-02
6.21812503E-02  2.54043102E+00  1.29406955E-02
6.24752514E-02  2.57929349E+00  1.28985178E-02
6.27692526E-02  2.73197460E+00  1.40864560E-02
6.30632538E-02  2.74027157E+00  1.42496275E-02
6.33572550E-02  2.86226726E+00  1.46326497E-02
6.36512562E-02  2.98384547E+00  1.55033516E-02
6.39452574E-02  3.06339931E+00  1.54271210E-02
6.42392585E-02  3.15401387E+00  1.65053736E-02
6.45332597E-02  3.22897220E+00  1.66048910E-02
6.48272609E-02  3.40668392E+00  1.81540716E-02
6.51212621E-02  3.54572010E+00  1.82738937E-02
6.54152633E-02  3.63505936E+00  1.90140195E-02
6.57092645E-02  3.75922441E+00  1.98736507E-02
6.60032656E-02  3.89803052E+00  2.12986935E-02
6.62972668E-02  4.10719585E+00  2.25368738E-02
6.65912680E-02  4.24891710E+00  2.26336177E-02
6.68852692E-02  4.38797760E+00  2.41541527E-02
6.71792704E-02  4.63048553E+00  2.63816454E-02
6.74732716E-02  4.86735153E+00  2.83910427E-02
6.77672727E-02  5.09604359E+00  2.96593737E-02
6.80612739E-02  5.31975412E+00  3.17992568E-02
6.83552751E-02  5.62592602E+00  3.33743021E-02
6.86492763E-02  5.89683008E+00  3.52232605E-02
6.89432775E-02  6.24102163E+00  3.84729244E-02
6.92372787E-02  6.50387239E+00  3.97767238E-02
6.95312798E-02  6.91060734E+00  4.40871306E-02
6.98252810E-02  7.39835453E+00  4.80163023E-02
7.01192822E-02  7.72334719E+00  5.18637449E-02
7.04132834E-02  8.21705151E+00  5.57809509E-02
7.07072846E-02  8.70573711E+00  6.02345653E-02
7.10012858E-02  9.15940475E+00  6.37276918E-02
7.12952869E-02  9.86132336E+00  7.02944994E-02
7.15892881E-02  1.04310322E+01  7.42449388E-02
7.18832893E-02  1.12169628E+01  8.19502249E-02
7.21772905E-02  1.19410172E+01  8.75242278E-02
7.24712917E-02  1.26863928E+01  9.46246013E-02
7.27652929E-02  1.36107521E+01  1.00325599E-01
7.30592940E-02  1.45487652E+01  1.06241919E-01
7.33532952E-02  1.53846550E+01  1.14623599E-01
7.36472964E-02  1.62753162E+01  1.17649272E-01
7.39412976E-02  1.74092579E+01  1.24398746E-01
7.42352988E-02  1.84450245E+01  1.29501060E-01
7.45293000E-02  1.94909153E+01  1.32452175E-01
7.48233011E-02  2.05633640E+01  1.36136845E-01
7.51173023E-02  2.14557362E+01  1.32721558E-01
7.54113035E-02  2.25820599E+01  1.33172929E-01
7.57053047E-02  2.36645870E+01  1.31609410E-01
7.59993059E-02  2.43590469E+01  1.25355586E-01
7.62933071E-02  2.53814716E+01  1.19087249E-01
7.65873082E-02  2.61583080E+01  1.09593369E-01
7.68813094E-02  2.70317841E+01  9.62515771E-02
7.71753106E-02  2.74645233E+01  8.48646834E-02
7.74693118E-02  2.80704899E+01  7.32849836E-02
7.77633130E-02  2.86054802E+01  6.05362505E-02
7.80573141E-02  2.88054676E+01  5.65007590E-02
7.83513153E-02  2.91540413E+01  5.89569472E-02
7.86453165E-02  2.95304031E+01  6.59892932E-02
7.89393177E-02  2.94442978E+01  7.61648118E-02
7.92333189E-02  2.95427074E+01  9.01195407E-02
7.95273201E-02  2.95034332E+01  1.02236517E-01
7.98213212E-02  2.91027012E+01  1.16942383E-01
8.01153224E-02  2.87896748E+01  1.26864493E-01
8.04093236E-02  2.82953949E+01  1.39990374E-01
8.07033248E-02  2.74738770E+01  1.46945119E-01
8.09973260E-02  2.64615307E+01  1.48231417E-01
8.12913272E-02  2.54617958E+01  1.53760716E-01
8.15853283E-02  2.43533134E+01  1.50514096E-01
8.18793295E-02  2.30540123E+01  1.50137633E-01
8.21733307E-02  2.17080288E+01  1.46901295E-01
8.24673319E-02  2.03274956E+01  1.36667639E-01
8.27613331E-02  1.88712044E+01  1.30532444E-01
8.30553343E-02  1.73827076E+01  1.18960992E-01
8.33493354E-02  1.58197718E+01  1.10657968E-01
8.36433366E-02  1.45548439E+01  9.99455526E-02
8.39373378E-02  1.32753620E+01  9.02280509E-02
8.42313390E-02  1.20721970E+01  8.07287991E-02
8.45253402E-02  1.09852514E+01  7.08676800E-02
8.48193414E-02  1.01401997E+01  6.31703511E-02
8.51133425E-02  9.25542355E+00  5.64881563E-02
8.54073437E-02  8.50947952E+00  4.93970141E-02
8.57013449E-02  7.81206799E+00  4.39218804E-02
8.59953461E-02  7.31360197E+00  3.90071310E-02
8.62893473E-02  6.66189289E+00  3.49273346E-02
8.65833485E-02  6.26336288E+00  3.11164185E-02
8.68773496E-02  5.87745428E+00  2.85200067E-02
8.71713508E-02  5.51005745E+00  2.54573859E-02
8.74653520E-02  5.23275042E+00  2.34493166E-02
8.77593532E-02  4.97585869E+00  2.17306707E-02
8.80533544E-02  4.72011900E+00  1.98828839E-02
8.83473556E-02  4.51185942E+00  1.89696513E-02
8.86413567E-02  4.31431437E+00  1.68317351E-02
8.89353579E-02  4.17350674E+00  1.61604509E-02
8.92293591E-02  3.96988058E+00  1.52840158E-02
8.95233603E-02  3.85050201E+00  1.39708444E-02
8.98173615E-02  3.69988370E+00  1.42621985E-02
9.01113627E-02  3.58343458E+00  1.33662410E-02
9.04053638E-02  3.41470098E+00  1.27698686E-02
9.06993650E-02  3.36186814E+00  1.20378872E-02
9.09933662E-02  3.29090452E+00  1.18947513E-02
9.12873674E-02  3.17684174E+00  1.17303915E-02
9.15813686E-02  3.10821080E+00  1.10500036E-02
9.18753698E-02  3.01964068E+00  1.03899427E-02
9.21693709E-02  2.97718787E+00  1.04048261E-02
9.24633721E-02  2.91386485E+00  9.99224372E-03
9.27573733E-02  2.84874058E+00  1.04958219E-02
9.30513745E-02  2.81808782E+00  9.91484709E-03
9.33453757E-02  2.71795654E+00  9.36334953E-03
9.36393769E-02  2.66091108E+00  9.20533016E-03
9.39333780E-02  2.66763330E+00  8.94347392E-03
9.42273792E-02  2.57269144E+00  9.09613259E-03
9.45213804E-02  2.56685138E+00  8.79206136E-03
9.48153816E-02  2.52332878E+00  8.57907347E-03
9.51093828E-02  2.51180363E+00  8.65342841E-03
9.54033840E-02  2.49361944E+00  8.40171147E-03
9.56973851E-02  2.47122240E+00  8.55827425E-03
9.59913863E-02  2.43130660E+00  8.37880094E-03
9.62853875E-02  2.43479276E+00  8.58996250E-03
9.65793887E-02  2.35851717E+00  8.53123330E-03
9.68733899E-02  2.28530622E+00  8.07851274E-03
9.71673911E-02  2.27640438E+00  7.86809437E-03
9.74613922E-02  2.30699754E+00  7.90776126E-03
9.77553934E-02  2.26081634E+00  8.22005980E-03
9.80493946E-02  2.26915741E+00  7.87393283E-03
9.83433958E-02  2.25208044E+00  7.82699417E-03
9.86373970E-02  2.23065877E+00  7.96590280E-03
9.89313982E-02  2.25322390E+00  7.70274084E-03
9.92253993E-02  2.19111156E+00  7.72337476E-03
9.95194005E-02  2.19803452E+00  7.82785844E-03
9.98134017E-02  2.19902611E+00  7.50203012E-03
1.00107403E-01  2.16714835E+00  7.53640058E-03
1.00401404E-01  2.15163159E+00  7.49665778E-03
1.00695405E-01  2.13034821E+00  7.55629502E-03
1.00989406E-01  2.13648534E+00  7.53348321E-03
1.01283408E-01  2.13584638E+00  7.59707997E-03
1.01577409E-01  2.09580755E+00  7.55195878E-03
1.01871410E-01  2.11123586E+00  7.74427410E-03
1.02165411E-01  2.10229492E+00  7.68941967E-03
1.02459412E-01  2.11309505E+00  7.61917792E-03
1.02753414E-01  2.12729669E+00  7.52839213E-03
1.03047415E-01  2.06793523E+00  7.49229407E-03
1.03341416E-01  2.07672882E+00  7.35531235E-03
1.03635417E-01  2.07031751E+00  7.18508521E-03
1.03929418E-01  2.05819511E+00  7.32500572E-03
1.04223419E-01  2.08833408E+00  7.14590168E-03
1.04517421E-01  2.05790591E+00  6.97643124E-03
1.04811422E-01  2.07147765E+00  7.40963500E-03
1.05105423E-01  2.07827401E+00  7.05705769E-03
1.05399424E-01  2.06837749E+00  7.23913871E-03
1.05693425E-01  2.07918215E+00  7.12563563E-03
1.05987427E-01  2.06981301E+00  7.20787188E-03
1.06281428E-01  2.07557225E+00  7.24414270E-03
1.06575429E-01  2.07421422E+00  7.53414631E-03
1.06869430E-01  2.10546780E+00  7.20627885E-03
1.07163431E-01  2.05657935E+00  7.20544765E-03
1.07457432E-01  2.08875179E+00  7.19540194E-03
1.07751434E-01  2.08079648E+00  7.48034520E-03
1.08045435E-01  2.11450577E+00  7.48932222E-03
1.08339436E-01  2.09168506E+00  6.91766338E-03
1.08633437E-01  2.13860416E+00  7.32134935E-03
1.08927438E-01  2.12815690E+00  7.32097635E-03
1.09221440E-01  2.09912658E+00  7.44397845E-03
1.09515441E-01  2.13947535E+00  7.59670930E-03
1.09809442E-01  2.11836600E+00  7.17092305E-03
1.10103443E-01  2.13540077E+00  7.36272847E-03
1.10397444E-01  2.13006759E+00  7.25800777E-03
1.10691445E-01  2.18015337E+00  7.70793995E-03
1.10985447E-01  2.18723965E+00  7.32425693E-03
1.11279448E-01  2.14889812E+00  7.29947956E-03
1.11573449E-01  2.21509171E+00  7.42647005E-03
1.11867450E-01  2.17177677E+00  7.47745205E-03
1.12161451E-01  2.18380022E+00  7.58767175E-03
1.12455453E-01  2.24246478E+00  7.42538832E-03
1.12749454E-01  2.22659135E+00  7.70490943E-03
1.13043455E-01  2.22984695E+00  7.61359464E-03
1.13337456E-01  2.25210047E+00  7.57770333E-03
1.13631457E-01  2.26720452E+00  7.68159935E-03
1.13925459E-01  2.28405428E+00  7.54841417E-03
1.14219460E-01  2.27905107E+00  7.74635701E-03
1.14513461E-01  2.32684350E+00  7.97944330E-03
1.14807462E-01  2.31956506E+00  7.45931594E-03
1.15101463E-01  2.35032153E+00  7.80304428E-03
1.15395464E-01  2.39753914E+00  7.64350267E-03
1.15689466E-01  2.37069368E+00  7.89016671E-03
1.15983467E-01  2.40993142E+00  7.80806458E-03
1.16277468E-01  2.42212009E+00  7.71440985E-03
1.16571469E-01  2.49381781E+00  8.01828317E-03
1.16865470E-01  2.47155499E+00  7.94617552E-03
1.17159472E-01  2.56448960E+00  8.24491214E-03
1.17453473E-01  2.53638887E+00  8.13129265E-03
1.17747474E-01  2.59318352E+00  8.32250249E-03
1.18041475E-01  2.61719918E+00  8.40703212E-03
1.18335476E-01  2.62482548E+00  8.30785185E-03
1.18629477E-01  2.66680574E+00  8.41007568E-03
1.18923479E-01  2.68684673E+00  8.32751114E-03
1.19217480E-01  2.71613812E+00  8.49783327E-03
1.19511481E-01  2.75695920E+00  8.64551868E-03
1.19805482E-01  2.79124761E+00  8.56725872E-03
1.20099483E-01  2.84778976E+00  9.12724435E-03
1.20393485E-01  2.88600302E+00  8.71983357E-03
1.20687486E-01  2.97498870E+00  9.23875347E-03
1.20981487E-01  2.96449280E+00  9.17906035E-03
1.21275488E-01  3.02766132E+00  9.36170761E-03
1.21569489E-01  3.09415412E+00  9.32872295E-03
1.21863490E-01  3.15763092E+00  9.72308032E-03
1.22157492E-01  3.17540002E+00  9.79112927E-03
1.22451493E-01  3.23249030E+00  9.76396538E-03
1.22745494E-01  3.29867959E+00  9.99196060E-03
1.23039495E-01  3.41643500E+00  1.03088161E-02
1.23333496E-01  3.42732573E+00  1.06138512E-02
1.23627498E-01  3.54741311E+00  1.10967522E-02
1.23921499E-01  3.59057236E+00  1.15045691E-02
1.24215500E-01  3.70684528E+00  1.17552318E-02
1.24509501E-01  3.79316950E+00  1.21657411E-02
1.24803502E-01  3.88485527E+00  1.25483377E-02
1.25097503E-01  3.98753238E+00  1.31034385E-02
1.25391505E-01  4.08195734E+00  1.35532338E-02
1.25685506E-01  4.17848730E+00  1.36503903E-02
1.25979507E-01  4.33062029E+00  1.47014726E-02
1.26273508E-01  4.43029261E+00  1.49904629E-02
1.26567509E-01  4.50260067E+00  1.56543180E-02
1.26861511E-01  4.66670990E+00  1.53268734E-02
1.27155512E-01  4.74891520E+00  1.59931537E-02
1.27449513E-01  4.95524788E+00  1.65419653E-02
1.27743514E-01  5.05315876E+00  1.68073792E-02
1.28037515E-01  5.21638441E+00  1.80369150E-02
1.28331516E-01  5.30175018E+00  1.81479696E-02
1.28625518E-01  5.55137873E+00  1.86862014E-02
1.28919519E-01  5.67492056E+00  1.95196923E-02
1.29213520E-01  5.90317774E+00  1.93287041E-02
1.29507521E-01  6.05337191E+00  2.08003130E-02
1.29801522E-01  6.22886181E+00  2.06006616E-02
1.30095524E-01  6.34300280E+00  2.06265133E-02
1.30389525E-01  6.56381559E+00  2.19291598E-02
1.30683526E-01  6.80771399E+00  2.24343278E-02
1.30977527E-01  6.91900921E+00  2.17733420E-02
1.31271528E-01  7.14577532E+00  2.21070107E-02
1.31565529E-01  7.33903217E+00  2.19639111E-02
1.31859531E-01  7.44619370E+00  2.18755044E-02
1.32153532E-01  7.68009520E+00  2.17583608E-02
1.32447533E-01  7.85094452E+00  2.13841461E-02
1.32741534E-01  7.96369362E+00  2.11815983E-02
1.33035535E-01  8.09235191E+00  2.06457097E-02
1.33329537E-01  8.27350712E+00  2.00792234E-02
1.33623538E-01  8.35304070E+00  1.93632636E-02
1.33917539E-01  8.46900845E+00  1.83250401E-02
1.34211540E-01  8.56990719E+00  1.69777442E-02
1.34505541E-01  8.62023926E+00  1.67069528E-02
1.34799543E-01  8.66253948E+00  1.59248374E-02
1.35093544E-01  8.70017052E+00  1.56065673E-02
1.35387545E-01  8.75201225E+00  1.52126802E-02
1.35681546E-01  8.73679543E+00  1.53118940E-02
1.35975547E-01  8.71330738E+00  1.53407026E-02
1.36269548E-01  8.75074005E+00  1.61136333E-02
1.36563550E-01  8.60693073E+00  1.71256438E-02
1.36857551E-01  8.57657433E+00  1.75491441E-02
1.37151552E-01  8.44729519E+00  1.93316340E-02
1.37445553E-01  8.35434055E+00  1.99458133E-02
1.37739554E-01  8.28914165E+00  2.15306208E-02
1.38033556E-01  8.17714691E+00  2.29582302E-02
1.38327557E-01  7.97721004E+00  2.25379933E-02
1.38621558E-01  7.83006191E+00  2.42473278E-02
1.38915559E-01  7.59853601E+00  2.37615164E-02
1.39209560E-01  7.45935631E+00  2.43139956E-02
1.39503561E-01  7.24799585E+00  2.52121035E-02
1.39797563E-01  7.00205469E+00  2.49058548E-02
1.40091564E-01  6.77900887E+00  2.42506079E-02
1.40385565E-01  6.56932116E+00  2.36209929E-02
1.40679566E-01  6.32382488E+00  2.27982104E-02
1.40973567E-01  6.10644770E+00  2.18645837E-02
1.41267569E-01  5.87895250E+00  2.13040039E-02
1.41561570E-01  5.60082483E+00  2.01615021E-02
1.41855571E-01  5.40502167E+00  1.96171086E-02
1.42149572E-01  5.21430254E+00  1.87087338E-02
1.42443573E-01  5.03719950E+00  1.75929833E-02
1.42737574E-01  4.80542135E+00  1.63180195E-02
1.43031576E-01  4.63811159E+00  1.54578798E-02
1.43325577E-01  4.43131685E+00  1.42172975E-02
1.43619578E-01  4.32436037E+00  1.34763261E-02
1.43913579E-01  4.20153475E+00  1.32046817E-02
1.44207580E-01  4.05082512E+00  1.22266477E-02
1.44501582E-01  3.92834377E+00  1.15221292E-02
1.44795583E-01  3.82986045E+00  1.06776152E-02
1.45089584E-01  3.77215266E+00  1.02124782E-02
1.45383585E-01  3.66013098E+00  9.99132078E-03
1.45677586E-01  3.60874677E+00  9.76616703E-03
1.45971587E-01  3.51762414E+00  9.13963001E-03
1.46265589E-01  3.51294613E+00  9.34713800E-03
1.46559590E-01  3.46278477E+00  8.91877525E-03
1.46853591E-01  3.46473861E+00  8.87804758E-03
1.47147592E-01  3.41391492E+00  8.74159206E-03
1.47441593E-01  3.36771941E+00  8.44941381E-03
1.47735595E-01  3.40242577E+00  8.61032307E-03
1.48029596E-01  3.36133718E+00  8.65627918E-03
1.48323597E-01  3.36957598E+00  8.73389561E-03
1.48617598E-01  3.37639284E+00  8.79003387E-03
1.48911599E-01  3.40133166E+00  8.53865594E-03
1.49205600E-01  3.43355274E+00  8.66469834E-03
1.49499602E-01  3.44301701E+00  8.87197442E-03
1.49793603E-01  3.45142484E+00  8.89770687E-03
1.50087604E-01  3.51139116E+00  8.92366748E-03
1.50381605E-01  3.51719713E+00  8.89128633E-03
1.50675606E-01  3.57265115E+00  9.35113709E-03
1.50969608E-01  3.62590694E+00  9.33048688E-03
1.51263609E-01  3.66957521E+00  9.28735081E-03
1.51557610E-01  3.68601060E+00  9.69842635E-03
1.51851611E-01  3.72103596E+00  9.62819997E-03
1.52145612E-01  3.81090808E+00  9.75926034E-03
1.52439614E-01  3.81933331E+00  9.87472013E-03
1.52733615E-01  3.92627168E+00  9.57245752E-03
1.53027616E-01  3.92612290E+00  9.62737575E-03
1.53321617E-01  3.96115470E+00  9.73379891E-03
1.53615618E-01  4.05901194E+00  9.90849268E-03
1.53909619E-01  4.07715273E+00  9.44661908E-03
1.54203621E-01  4.10904837E+00  9.36560985E-03
1.54497622E-01  4.14682722E+00  9.59631149E-03
1.54791623E-01  4.16747522E+00  9.40776989E-03
1.55085624E-01  4.19792414E+00  9.47259553E-03
1.55379625E-01  4.24242640E+00  9.34187230E-03
1.55673627E-01  4.26047564E+00  9.42319911E-03
1.55967628E-01  4.25794935E+00  9.06153675E-03
1.56261629E-01  4.27252913E+00  9.07417946E-03
1.56555630E-01  4.31015444E+00  9.21187364E-03
1.56849631E-01  4.31255674E+00  8.90972838E-03
1.57143632E-01  4.28285265E+00  8.84182472E-03
1.57437634E-01  4.32356882E+00  9.49256308E-03
1.57731635E-01  4.25523281E+00  9.19575151E-03
1.58025636E-01  4.23114443E+00  9.76015814E-03
1.58319637E-01  4.23836565E+00  9.69523937E-03
1.58613638E-01  4.18736506E+00  1.01645160E-02
1.58907640E-01  4.08790064E+00  1.00106774E-02
1.59201641E-01  4.10064316E+00  9.98858735E-03
1.59495642E-01  4.03064871E+00  1.06439218E-02
1.59789643E-01  3.95936632E+00  1.06631387E-02
1.60083644E-01  3.92836881E+00  1.07855340E-02
1.60377645E-01  3.81347752E+00  1.09883258E-02
1.60671647E-01  3.71787333E+00  1.06866723E-02
1.60965648E-01  3.64789319E+00  1.05350995E-02
1.61259649E-01  3.56094384E+00  1.07134059E-02
1.61553650E-01  3.48724151E+00  1.09318523E-02
1.61847651E-01  3.39069653E+00  1.07201664E-02
1.62141653E-01  3.31049109E+00  1.03507321E-02
1.62435654E-01  3.21651101E+00  1.05247423E-02
1.62729655E-01  3.10288954E+00  1.00757033E-02
1.63023656E-01  3.03312516E+00  1.01626674E-02
1.63317657E-01  2.93069053E+00  9.51861963E-03
1.63611658E-01  2.85321808E+00  9.44343396E-03
1.63905660E-01  2.76087594E+00  9.00366809E-03
1.64199661E-01  2.69466400E+00  8.85626674E-03
1.64493662E-01  2.59241915E+00  8.66990443E-03
1.64787663E-01  2.50743580E+00  8.47180281E-03
1.65081664E-01  2.44391584E+00  8.25376622E-03
1.65375666E-01  2.37979746E+00  7.57973595E-03
1.65669667E-01  2.32058597E+00  7.67169101E-03
1.65963668E-01  2.26074934E+00  7.38952821E-03
1.66257669E-01  2.17258263E+00  7.23413192E-03
1.66551670E-01  2.13857031E+00  6.90347608E-03
1.66845671E-01  2.08401346E+00  7.04805460E-03
1.67139673E-01  2.02203059E+00  6.59228209E-03
1.67433674E-01  1.98986316E+00  6.62866607E-03
1.67727675E-01  1.93376684E+00  6.64305734E-03
1.68021676E-01  1.86354911E+00  6.10582298E-03
1.68315677E-01  1.86114025E+00  6.18823525E-03
1.68609679E-01  1.82652581E+00  6.24670321E-03
1.68903680E-01  1.81433451E+00  6.08132221E-03
1.69197681E-01  1.74714959E+00  5.94209973E-03
1.69491682E-01  1.71535969E+00  5.77992480E-03
1.69785683E-01  1.71752334E+00  5.74810896E-03
1.70079685E-01  1.68677425E+00  5.78535441E-03
1.70373686E-01  1.68113542E+00  5.70792239E-03
1.70667687E-01  1.65377522E+00  5.69148036E-03
1.70961688E-01  1.62038660E+00  5.38605126E-03
1.71255689E-01  1.58850765E+00  5.23284636E-03
1.71549690E-01  1.56711507E+00  5.45344502E-03
1.71843692E-01  1.54586709E+00  5.25432825E-03
1.72137693E-01  1.54019701E+00  5.15203038E-03
1.72431694E-01  1.49376571E+00  5.16802678E-03
1.72725695E-01  1.48745000E+00  5.11545083E-03
1.73019696E-01  1.48128784E+00  5.23641892E-03
1.73313698E-01  1.48749006E+00  5.11204498E-03
1.73607699E-01  1.46574402E+00  5.20513812E-03
1.73901700E-01  1.44437909E+00  5.11548948E-03
1.74195701E-01  1.43472445E+00  5.03419247E-03
1.74489702E-01  1.42253923E+00  5.10044768E-03
1.74783703E-01  1.39426398E+00  4.97368397E-03
1.75077705E-01  1.38745165E+00  5.01251267E-03
1.75371706E-01  1.34931898E+00  4.80939029E-03
1.75665707E-01  1.36236191E+00  4.90918430E-03
1.75959708E-01  1.36685836E+00  4.93327854E-03
1.76253709E-01  1.34853637E+00  4.83997678E-03
1.76547711E-01  1.33638465E+00  4.86596674E-03
1.76841712E-01  1.31961572E+00  4.78161871E-03
1.77135713E-01  1.29820848E+00  4.71736351E-03
1.77429714E-01  1.31756556E+00  4.75697313E-03
1.77723715E-01  1.30336416E+00  4.77989437E-03
1.78017716E-01  1.28831959E+00  4.75142570E-03
1.78311718E-01  1.28007460E+00  4.66852402E-03
1.78605719E-01  1.28045368E+00  4.74560633E-03
1.78899720E-01  1.26571655E+00  4.60352749E-03
1.79193721E-01  1.28213358E+00  4.69281198E-03
1.79487722E-01  1.24938905E+00  4.57466953E-03
1.79781724E-01  1.24628222E+00  4.60368395E-03
1.80075725E-01  1.26111603E+00  4.56109690E-03
1.80369726E-01  1.22118473E+00  4.54041176E-03
1.80663727E-01  1.23082352E+00  4.58011264E-03
1.80957728E-01  1.21562719E+00  4.57050418E-03
1.81251729E-01  1.21896744E+00  4.63761808E-03
1.81545731E-01  1.22075796E+00  4.57734847E-03
1.81839732E-01  1.20677674E+00  4.48913267E-03
1.82133733E-01  1.20709646E+00  4.39988635E-03
1.82427734E-01  1.22450471E+00  4.54189768E-03
1.82721735E-01  1.19155014E+00  4.56865458E-03
1.83015737E-01  1.19197154E+00  4.51294146E-03
1.83309738E-01  1.18547523E+00  4.50926414E-03
1.83603739E-01  1.18351078E+00  4.52697743E-03
1.83897740E-01  1.17684305E+00  4.40847455E-03
1.84191741E-01  1.17641580E+00  4.47848719E-03
1.84485742E-01  1.16769719E+00  4.36283508E-03
1.84779744E-01  1.16313744E+00  4.35209228E-03
1.85073745E-01  1.15097296E+00  4.33256896E-03
1.85367746E-01  1.18564546E+00  4.46675951E-03
1.85661747E-01  1.16644561E+00  4.33610845E-03
1.85955748E-01  1.15799522E+00  4.40260954E-03
1.86249750E-01  1.14990783E+00  4.32419544E-03
1.86543751E-01  1.12148654E+00  4.36797505E-03
1.86837752E-01  1.14499509E+00  4.27086605E-03
1.87131753E-01  1.14315903E+00  4.40977886E-03
1.87425754E-01  1.15649748E+00  4.24937950E-03
1.87719755E-01  1.13899970E+00  4.30231076E-03
1.88013757E-01  1.15092015E+00  4.32525948E-03
1.88307758E-01  1.14928782E+00  4.32562036E-03
1.88601759E-01  1.15229309E+00  4.16685175E-03
1.88895760E-01  1.13499987E+00  4.48628608E-03
1.89189761E-01  1.13963544E+00  4.24351217E-03
1.89483763E-01  1.12865365E+00  4.28550644E-03
1.89777764E-01  1.14619875E+00  4.31625359E-03
1.90071765E-01  1.14073646E+00  4.21819650E-03
1.90365766E-01  1.13133419E+00  4.22602193E-03
1.90659767E-01  1.14938152E+00  4.21435246E-03
1.90953769E-01  1.15722382E+00  4.23814030E-03
1.91247770E-01  1.14137030E+00  4.15024301E-03
1.91541771E-01  1.15757906E+00  4.24470194E-03
1.91835772E-01  1.15316200E+00  4.28103143E-03
1.92129773E-01  1.14174807E+00  4.25253902E-03
1.92423774E-01  1.16914713E+00  4.22786595E-03
1.92717776E-01  1.12974942E+00  4.19712346E-03
1.93011777E-01  1.14115632E+00  4.20206552E-03
1.93305778E-01  1.14619374E+00  4.27604280E-03
1.93599779E-01  1.16960144E+00  4.26972657E-03
1.93893780E-01  1.15169454E+00  4.29549627E-03
1.94187782E-01  1.15297079E+00  4.30687796E-03
1.94481783E-01  1.15405035E+00  4.31731669E-03
1.94775784E-01  1.16524720E+00  4.26917337E-03
1.95069785E-01  1.17069829E+00  4.10673721E-03
1.95363786E-01  1.14725626E+00  4.20626067E-03
1.95657787E-01  1.16244316E+00  4.11739526E-03
1.95951789E-01  1.16999006E+00  4.35155910E-03
1.96245790E-01  1.18814337E+00  4.28349851E-03
1.96539791E-01  1.17373312E+00  4.25525522E-03
1.96833792E-01  1.18007600E+00  4.21066256E-03
1.97127793E-01  1.19796300E+00  4.25851438E-03
1.97421795E-01  1.19323885E+00  4.24883841E-03
1.97715796E-01  1.19725502E+00  4.32596356E-03
1.98009797E-01  1.20318234E+00  4.30282252E-03
1.98303798E-01  1.18997812E+00  4.34791157E-03
1.98597799E-01  1.23224258E+00  4.37799655E-03
1.98891800E-01  1.20249820E+00  4.38122964E-03
1.99185802E-01  1.22232342E+00  4.36558668E-03
1.99479803E-01  1.21571100E+00  4.28959634E-03
1.99773804E-01  1.21407557E+00  4.30616364E-03
2.00067805E-01  1.21812379E+00  4.36409703E-03
2.00361806E-01  1.23783243E+00  4.25121561E-03
2.00655808E-01  1.22916007E+00  4.39372472E-03
2.00949809E-01  1.24956906E+00  4.32110298E-03
2.01243810E-01  1.24795997E+00  4.39197617E-03
2.01537811E-01  1.23597491E+00  4.33110073E-03
2.01831812E-01  1.24534059E+00  4.38046129E-03
2.02125813E-01  1.24744725E+00  4.30549355E-03
2.02419815E-01  1.23834121E+00  4.24147584E-03
2.02713816E-01  1.27844262E+00  4.38043894E-03
2.03007817E-01  1.25769925E+00  4.36572172E-03
2.03301818E-01  1.27306700E+00  4.32301266E-03
2.03595819E-01  1.25937057E+00  4.36133984E-03
2.03889821E-01  1.28084791E+00  4.40405821E-03
2.04183822E-01  1.25224793E+00  4.16212622E-03
2.04477823E-01  1.28121161E+00  4.37917700E-03
2.04771824E-01  1.26829183E+00  4.31858981E-03
2.05065825E-01  1.23336172E+00  4.30820324E-03
2.05359826E-01  1.24227762E+00  4.19502286E-03
2.05653828E-01  1.24870384E+00  4.28009359E-03
2.05947829E-01  1.23717773E+00  4.19396907E-03
2.06241830E-01  1.26529109E+00  4.36977902E-03
2.06535831E-01  1.25674844E+00  4.24614036E-03
2.06829832E-01  1.23159015E+00  4.41284850E-03
2.07123834E-01  1.23724437E+00  4.33505652E-03
2.07417835E-01  1.22079480E+00  4.29463433E-03
2.07711836E-01  1.19714725E+00  4.23479173E-03
2.08005837E-01  1.19443619E+00  4.11858410E-03
2.08299838E-01  1.19044554E+00  4.25844034E-03
2.08593840E-01  1.18653178E+00  4.30512056E-03
2.08887841E-01  1.17388260E+00  4.26335586E-03
2.09181842E-01  1.13670075E+00  4.13244683E-03
2.09475843E-01  1.14171135E+00  4.11383016E-03
2.09769844E-01  1.15386999E+00  4.17227391E-03
2.10063845E-01  1.11441064E+00  4.11671773E-03
2.10357847E-01  1.09517241E+00  4.11488023E-03
2.10651848E-01  1.07731521E+00  4.00428474E-03
2.10945849E-01  1.05782247E+00  4.02632589E-03
2.11239850E-01  1.05472434E+00  3.98309017E-03
2.11533851E-01  1.02746201E+00  3.91939050E-03
2.11827853E-01  1.02313292E+00  3.95863364E-03
2.12121854E-01  1.00750971E+00  3.77473515E-03
2.12415855E-01  9.87046123E-01  3.80502082E-03
2.12709856E-01  9.69531119E-01  3.83540569E-03
2.13003857E-01  9.65558350E-01  3.78124206E-03
2.13297858E-01  9.30712700E-01  3.66737926E-03
2.13591860E-01  9.29818869E-01  3.80714051E-03
2.13885861E-01  9.05239105E-01  3.67038324E-03
2.14179862E-01  8.94512534E-01  3.75156477E-03
2.14473863E-01  8.83512497E-01  3.61659098E-03
2.14767864E-01  8.68967354E-01  3.59696336E-03
2.15061866E-01  8.54452550E-01  3.52025917E-03
2.15355867E-01  8.36074114E-01  3.51265259E-03
2.15649868E-01  8.26389432E-01  3.46134580E-03
2.15943869E-01  8.06880116E-01  3.47500201E-03
2.16237870E-01  8.09668481E-01  3.37626948E-03
2.16531871E-01  7.98721790E-01  3.38752824E-03
2.16825873E-01  7.94964194E-01  3.39774159E-03
2.17119874E-01  7.74637938E-01  3.27529386E-03
2.17413875E-01  7.68583238E-01  3.29099945E-03
2.17707876E-01  7.63835192E-01  3.25525808E-03
2.18001877E-01  7.39323854E-01  3.24610644E-03
2.18295879E-01  7.36883581E-01  3.25965369E-03
2.18589880E-01  7.44950533E-01  3.22048389E-03
2.18883881E-01  7.29185283E-01  3.17403022E-03
2.19177882E-01  7.26837754E-01  3.17802024E-03
2.19471883E-01  7.17582941E-01  3.17937438E-03
2.19765884E-01  7.23926544E-01  3.11260927E-03
2.20059886E-01  7.02942550E-01  3.11107840E-03
2.20353887E-01  6.96612537E-01  3.03221890E-03
2.20647888E-01  7.04215825E-01  3.09697189E-03
2.20941889E-01  6.96770787E-01  3.09489435E-03
2.21235890E-01  6.85678959E-01  3.09010665E-03
2.21529892E-01  6.97503388E-01  3.07842833E-03
2.21823893E-01  6.83321655E-01  2.98603508E-03
2.22117894E-01  6.94666326E-01  3.04908003E-03
2.22411895E-01  6.86279058E-01  3.09067755E-03
2.22705896E-01  6.86507523E-01  2.99446844E-03
2.22999897E-01  6.77785277E-01  3.03234346E-03
2.23293899E-01  6.79890931E-01  2.97786552E-03
2.23587900E-01  6.74375653E-01  2.97071924E-03
2.23881901E-01  6.72783494E-01  2.98433751E-03
2.24175902E-01  6.68326020E-01  2.98669864E-03
2.24469903E-01  6.73924267E-01  3.05308471E-03
2.24763905E-01  6.75590515E-01  3.01962555E-03
2.25057906E-01  6.65694833E-01  2.95180385E-03
2.25351907E-01  6.81104302E-01  3.05816461E-03
2.25645908E-01  6.73891842E-01  3.07831005E-03
2.25939909E-01  6.84268773E-01  3.03420774E-03
2.26233911E-01  6.82954013E-01  3.10146855E-03
2.26527912E-01  6.91383123E-01  2.99266982E-03
2.26821913E-01  6.67209148E-01  3.00800009E-03
2.27115914E-01  6.75167859E-01  2.94635189E-03
2.27409915E-01  6.86268389E-01  3.01232305E-03
2.27703916E-01  6.73021615E-01  2.98326509E-03
2.27997918E-01  6.81331456E-01  2.97250692E-03
2.28291919E-01  6.91035330E-01  3.02983355E-03
2.28585920E-01  6.75572634E-01  3.05194664E-03
2.28879921E-01  6.82190895E-01  3.07463296E-03
2.29173922E-01  6.85269654E-01  3.09416838E-03
2.29467924E-01  6.97471440E-01  3.06189083E-03
2.29761925E-01  6.90534294E-01  3.03181214E-03
2.30055926E-01  6.98844433E-01  3.06809880E-03
2.30349927E-01  6.85861707E-01  2.97979545E-03
2.30643928E-01  6.95562959E-01  3.03129829E-03
2.30937929E-01  6.81967378E-01  2.96888431E-03
2.31231931E-01  6.94392800E-01  3.06090293E-03
2.31525932E-01  7.02017963E-01  3.02310521E-03
2.31819933E-01  6.88962758E-01  2.95708072E-03
2.32113934E-01  6.93052053E-01  3.00226524E-03
2.32407935E-01  7.00345457E-01  2.98940693E-03
2.32701937E-01  6.87719822E-01  2.96385307E-03
2.32995938E-01  6.93111598E-01  3.01381387E-03
2.33289939E-01  6.93399608E-01  2.95023853E-03
2.33583940E-01  6.89543784E-01  2.98869098E-03
2.33877941E-01  6.89112604E-01  2.83985119E-03
2.34171942E-01  7.00997770E-01  3.01623112E-03
2.34465944E-01  6.86303139E-01  2.94372323E-03
2.34759945E-01  6.90032840E-01  3.00425966E-03
2.35053946E-01  6.73961818E-01  2.91207945E-03
2.35347947E-01  6.82572186E-01  2.93786963E-03
2.35641948E-01  6.78462088E-01  3.00638448E-03
2.35935950E-01  6.74054503E-01  2.99890176E-03
2.36229951E-01  6.74883366E-01  2.99680885E-03
2.36523952E-01  6.66083932E-01  2.84182094E-03
2.36817953E-01  6.65350139E-01  3.00122658E-03
2.37111954E-01  6.49930060E-01  2.83427699E-03
2.37405955E-01  6.69004500E-01  2.93462141E-03
2.37699957E-01  6.54560804E-01  2.90428195E-03
2.37993958E-01  6.63712323E-01  2.91034649E-03
2.38287959E-01  6.39130354E-01  2.86768749E-03
2.38581960E-01  6.52976453E-01  2.92504695E-03
2.38875961E-01  6.26561463E-01  2.84142303E-03
2.39169963E-01  6.08869672E-01  2.79125595E-03
2.39463964E-01  6.09964192E-01  2.78511969E-03
2.39757965E-01  6.16892278E-01  2.90354597E-03
2.40051966E-01  6.16707563E-01  2.77257408E-03
2.40345967E-01  5.79474092E-01  2.67960550E-03
2.40639968E-01  6.08524442E-01  2.82040308E-03
2.40933970E-01  5.83766639E-01  2.75435927E-03
2.41227971E-01  5.86060166E-01  2.71320995E-03
2.41521972E-01  5.75403690E-01  2.70341546E-03
2.41815973E-01  5.67314506E-01  2.76653003E-03
2.42109974E-01  5.51281333E-01  2.62136874E-03
2.42403976E-01  5.47795594E-01  2.65665050E-03
2.42697977E-01  5.42287350E-01  2.65488587E-03
2.42991978E-01  5.44209123E-01  2.55586486E-03
2.43285979E-01  5.35488427E-01  2.56014895E-03
2.43579980E-01  5.21652699E-01  2.59327050E-03
2.43873981E-01  5.22378206E-01  2.55020126E-03
2.44167983E-01  5.03857672E-01  2.49743066E-03
2.44461984E-01  4.99244004E-01  2.47764192E-03
2.44755985E-01  5.09213924E-01  2.54116533E-03
2.45049986E-01  4.96469527E-01  2.49860412E-03
2.45343987E-01  4.93036121E-01  2.52721785E-03
2.45637989E-01  4.84314352E-01  2.47435714E-03
2.45931990E-01  4.89682615E-01  2.54101935E-03
2.46225991E-01  4.61230934E-01  2.46848282E-03
2.46519992E-01  4.66605276E-01  2.41789035E-03
2.46813993E-01  4.70805019E-01  2.37500551E-03
2.47107995E-01  4.70086038E-01  2.35153129E-03
2.47401996E-01  4.56687033E-01  2.34906189E-03
2.47695997E-01  4.51102227E-01  2.38893204E-03
2.47989998E-01  4.48152304E-01  2.30848719E-03
2.48283999E-01  4.37011868E-01  2.34976690E-03
2.48578000E-01  4.35535431E-01  2.37721973E-03
2.48872002E-01  4.39361811E-01  2.31496315E-03
2.49166003E-01  4.31775659E-01  2.35437066E-03
2.49460004E-01  4.33243960E-01  2.28931638E-03
2.49754005E-01  4.29928333E-01  2.24073417E-03
2.50048006E-01  4.14473206E-01  2.28066789E-03
2.50342008E-01  4.16019887E-01  2.23524356E-03
2.50636009E-01  4.12777096E-01  2.25950731E-03
2.50930010E-01  4.25231874E-01  2.26725847E-03
2.51224011E-01  4.12231714E-01  2.23344960E-03
2.51518012E-01  3.98740888E-01  2.11118301E-03
2.51812013E-01  4.06850398E-01  2.21467554E-03
2.52106015E-01  4.01522696E-01  2.16990756E-03
2.52400016E-01  3.99286121E-01  2.21780874E-03
2.52694017E-01  3.92043054E-01  2.25399039E-03
2.52988018E-01  3.88805419E-01  2.16559321E-03
2.53282019E-01  3.97875339E-01  2.22118641E-03
2.53576021E-01  3.95776600E-01  2.19673757E-03
2.53870022E-01  3.95626098E-01  2.16884213E-03
2.54164023E-01  3.87055963E-01  2.20665196E-03
2.54458024E-01  3.81670445E-01  2.09341245E-03
2.54752025E-01  3.96305442E-01  2.19622650E-03
2.55046026E-01  3.93744320E-01  2.23291316E-03
2.55340028E-01  3.78134042E-01  2.19051610E-03
2.55634029E-01  3.82016629E-01  2.19720392E-03
2.55928030E-01  3.85553420E-01  2.16610823E-03
2.56222031E-01  3.71525109E-01  2.15424504E-03
2.56516032E-01  3.76814872E-01  2.13893689E-03
2.56810034E-01  3.65745723E-01  2.11158604E-03
2.57104035E-01  3.61860424E-01  2.15494749E-03
2.57398036E-01  3.80363524E-01  2.13856157E-03
2.57692037E-01  3.70253742E-01  2.15023989E-03
2.57986038E-01  3.60816240E-01  2.07685702E-03
2.58280039E-01  3.72576475E-01  2.07729172E-03
2.58574041E-01  3.74200612E-01  2.17862800E-03
2.58868042E-01  3.64441067E-01  2.12177332E-03
2.59162043E-01  3.65379065E-01  2.07250682E-03
2.59456044E-01  3.62415045E-01  2.10272451E-03
2.59750045E-01  3.63931000E-01  2.09794519E-03
2.60044047E-01  3.61142218E-01  2.09911098E-03
2.60338048E-01  3.66562754E-01  2.12097215E-03
2.60632049E-01  3.52415621E-01  2.05269293E-03
2.60926050E-01  3.65118474E-01  2.12929421E-03
2.61220051E-01  3.71761352E-01  2.16099038E-03
2.61514052E-01  3.50380749E-01  2.01636902E-03
2.61808054E-01  3.56034458E-01  2.10657413E-03
2.62102055E-01  3.58202338E-01  2.10285652E-03
2.62396056E-01  3.58410716E-01  2.07630196E-03
2.62690057E-01  3.67041528E-01  2.17016204E-03
2.62984058E-01  3.62392753E-01  2.10124766E-03
2.63278060E-01  3.59927386E-01  2.07732269E-03
2.63572061E-01  3.60062778E-01  2.05669762E-03
2.63866062E-01  3.47889632E-01  2.05773418E-03
2.64160063E-01  3.58126670E-01  2.06395634E-03
2.64454064E-01  3.64221215E-01  2.06935103E-03
2.64748066E-01  3.57992738E-01  2.10152892E-03
2.65042067E-01  3.56050581E-01  2.04010191E-03
2.65336068E-01  3.57169330E-01  2.08405731E-03
2.65630069E-01  3.53298008E-01  2.07551825E-03
2.65924070E-01  3.67682487E-01  2.04854575E-03
2.66218071E-01  3.58054221E-01  2.08434556E-03
2.66512073E-01  3.51522893E-01  2.01510475E-03
2.66806074E-01  3.51406872E-01  2.04081018E-03
2.67100075E-01  3.58444840E-01  2.06081499E-03
2.67394076E-01  3.59590977E-01  2.03587534E-03
2.67688077E-01  3.65982383E-01  2.12385156E-03
2.67982079E-01  3.56229752E-01  2.06752215E-03
2.68276080E-01  3.57202351E-01  2.05521565E-03
2.68570081E-01  3.58059973E-01  2.06715357E-03
2.68864082E-01  3.54082674E-01  2.03890353E-03
2.69158083E-01  3.56611103E-01  2.03878270E-03
2.69452084E-01  3.55446219E-01  2.08011735E-03
2.69746086E-01  3.55677873E-01  2.00345111E-03
2.70040087E-01  3.60781103E-01  2.05435231E-03
2.70334088E-01  3.58841449E-01  2.06918898E-03
2.70628089E-01  3.55661929E-01  2.00016843E-03
2.70922090E-01  3.55234623E-01  2.00749468E-03
2.71216092E-01  3.60874981E-01  2.04600254E-03
2.71510093E-01  3.56736720E-01  2.07617832E-03
2.71804094E-01  3.57122093E-01  2.07197154E-03
2.72098095E-01  3.50383520E-01  2.01662467E-03
2.72392096E-01  3.58468324E-01  2.01943307E-03
2.72686097E-01  3.63975853E-01  2.10417295E-03
2.72980099E-01  3.55485529E-01  1.97496545E-03
2.73274100E-01  3.57560813E-01  2.02188059E-03
2.73568101E-01  3.59885514E-01  2.06550467E-03
2.73862102E-01  3.50063652E-01  1.98833854E-03
2.74156103E-01  3.56168091E-01  2.06934521E-03
2.74450105E-01  3.62728775E-01  2.03180918E-03
2.74744106E-01  3.50417793E-01  1.99426292E-03
2.75038107E-01  3.55230510E-01  2.03268579E-03
2.75332108E-01  3.59926313E-01  1.99039769E-03
2.75626109E-01  3.54348570E-01  2.00597732E-03
2.75920110E-01  3.53121698E-01  2.02413159E-03
2.76214112E-01  3.53531957E-01  2.04130472E-03
2.76508113E-01  3.58589321E-01  2.01214431E-03
2.76802114E-01  3.57958853E-01  2.05379189E-03
2.77096115E-01  3.54267061E-01  2.00987677E-03
2.77390116E-01  3.50962937E-01  1.97332678E-03
2.77684118E-01  3.58535051E-01  2.04773620E-03
2.77978119E-01  3.49352628E-01  1.98309682E-03
2.78272120E-01  3.53200644E-01  2.02620053E-03
2.78566121E-01  3.50810885E-01  1.95854111E-03
2.78860122E-01  3.58186036E-01  1.97251304E-03
2.79154123E-01  3.56499851E-01  2.03325273E-03
2.79448125E-01  3.59735638E-01  2.00918620E-03
2.79742126E-01  3.49485636E-01  2.02023843E-03
2.80036127E-01  3.56760710E-01  2.02734931E-03
2.80330128E-01  3.47239047E-01  1.91921170E-03
2.80624129E-01  3.37743074E-01  1.90914969E-03
2.80918131E-01  3.49714875E-01  1.96830556E-03
2.81212132E-01  3.47474843E-01  1.98799768E-03
2.81506133E-01  3.50613117E-01  1.99723197E-03
2.81800134E-01  3.53839576E-01  2.01594969E-03
2.82094135E-01  3.52380961E-01  2.00886326E-03
2.82388137E-01  3.56583476E-01  1.97930611E-03
2.82682138E-01  3.43516380E-01  1.92983309E-03
2.82976139E-01  3.36169332E-01  1.95257016E-03
2.83270140E-01  3.44182372E-01  1.91291410E-03
2.83564141E-01  3.58174711E-01  1.99064054E-03
2.83858142E-01  3.46746266E-01  1.94817642E-03
2.84152144E-01  3.54058474E-01  1.97827676E-03
2.84446145E-01  3.47138554E-01  1.96028571E-03
2.84740146E-01  3.48227441E-01  1.96529389E-03
2.85034147E-01  3.51292342E-01  1.98665331E-03
2.85328148E-01  3.48597914E-01  1.96801079E-03
2.85622150E-01  3.42181712E-01  1.92737393E-03
2.85916151E-01  3.53457898E-01  1.95970573E-03
2.86210152E-01  3.47004920E-01  1.96413649E-03
2.86504153E-01  3.56465876E-01  1.97540433E-03
2.86798154E-01  3.52515489E-01  2.01904867E-03
2.87092155E-01  3.42812955E-01  1.97327300E-03
2.87386157E-01  3.50697786E-01  1.96784106E-03
2.87680158E-01  3.48644286E-01  2.06357636E-03
2.87974159E-01  3.54111344E-01  2.01550336E-03
2.88268160E-01  3.52172554E-01  2.08638166E-03
2.88562161E-01  3.50533903E-01  2.03094259E-03
2.88856163E-01  3.45566601E-01  2.04292592E-03
2.89150164E-01  3.43035191E-01  2.07717763E-03
2.89444165E-01  3.51058096E-01  2.08867574E-03
2.89738166E-01  3.53997469E-01  2.12609046E-03
2.90032167E-01  3.46838742E-01  2.09314609E-03
2.90326168E-01  3.43675345E-01  2.06722203E-03
2.90620170E-01  3.50552261E-01  2.09024828E-03
2.90914171E-01  3.42685431E-01  2.05309712E-03
2.91208172E-01  3.52810264E-01  2.17480562E-03
2.91502173E-01  3.52081239E-01  2.05974281E-03
2.91796174E-01  3.47173363E-01  2.12666066E-03
2.92090176E-01  3.49751413E-01  2.12213630E-03
2.92384177E-01  3.51786882E-01  2.15353514E-03
2.92678178E-01  3.45096797E-01  2.22704513E-03
2.92972179E-01  3.50402474E-01  2.23457417E-03
2.93266180E-01  3.39615345E-01  2.12460314E-03
2.93560181E-01  3.50391448E-01  2.13406724E-03
2.93854183E-01  3.47103357E-01  2.14800448E-03
2.94148184E-01  3.44429731E-01  2.18973844E-03
2.94442185E-01  3.45795900E-01  2.15039123E-03
2.94736186E-01  3.52691650E-01  2.19479622E-03
2.95030187E-01  3.54037941E-01  2.21187808E-03
2.95324189E-01  3.49334806E-01  2.26311269E-03
2.95618190E-01  3.41929138E-01  2.20886874E-03
2.95912191E-01  3.50207537E-01  2.23035389E-03
2.96206192E-01  3.49180609E-01  2.20103399E-03
2.96500193E-01  3.52577299E-01  2.28210562E-03
2.96794194E-01  3.48387867E-01  2.18041148E-03
2.97088196E-01  3.51733029E-01  2.16928078E-03
2.97382197E-01  3.49753827E-01  2.22058571E-03
2.97676198E-01  3.45198095E-01  2.16901815E-03
2.97970199E-01  3.47715884E-01  2.12752982E-03
2.98264200E-01  3.43606621E-01  2.23624776E-03
2.98558202E-01  3.44443172E-01  2.14270689E-03
2.98852203E-01  3.49883318E-01  2.09751585E-03
2.99146204E-01  3.48668993E-01  2.20323121E-03
2.99440205E-01  3.44395071E-01  2.09878897E-03
2.99734206E-01  3.55952591E-01  2.16087908E-03
3.00028207E-01  3.54155242E-01  2.14596349E-03
3.00322209E-01  3.49106431E-01  2.13508820E-03
3.00616210E-01  3.40016633E-01  2.13275338E-03
3.00910211E-01  3.49855661E-01  2.11595348E-03
3.01204212E-01  3.46868455E-01  2.16075266E-03
3.01498213E-01  3.42055231E-01  2.09083268E-03
3.01792215E-01  3.44708979E-01  2.11391854E-03
3.02086216E-01  3.42895657E-01  2.12955801E-03
3.02380217E-01  3.37484807E-01  2.06008530E-03
3.02674218E-01  3.51951152E-01  2.14145775E-03
3.02968219E-01  3.48029375E-01  2.14527478E-03
3.03262221E-01  3.44445914E-01  2.12763413E-03
3.03556222E-01  3.37891012E-01  2.07430986E-03
3.03850223E-01  3.54588479E-01  2.09432840E-03
3.04144224E-01  3.43989283E-01  2.14097183E-03
3.04438225E-01  3.51010531E-01  2.13399413E-03
3.04732226E-01  3.47310066E-01  2.10790872E-03
3.05026228E-01  3.49032551E-01  2.11470923E-03
3.05320229E-01  3.50982428E-01  2.13260623E-03
3.05614230E-01  3.48192990E-01  2.13668030E-03
3.05908231E-01  3.47153485E-01  2.08518049E-03
3.06202232E-01  3.38884711E-01  2.07089190E-03
3.06496234E-01  3.40504110E-01  2.04773480E-03
3.06790235E-01  3.54587972E-01  2.12243316E-03
3.07084236E-01  3.54707778E-01  2.12013000E-03
3.07378237E-01  3.53871882E-01  2.06626393E-03
3.07672238E-01  3.50691855E-01  2.10787682E-03
3.07966239E-01  3.49999905E-01  2.11085565E-03
3.08260241E-01  3.50171477E-01  2.13903794E-03
3.08554242E-01  3.41663718E-01  2.03501480E-03
3.08848243E-01  3.49027336E-01  2.13073986E-03
3.09142244E-01  3.42922211E-01  2.10864656E-03
3.09436245E-01  3.44736010E-01  2.05007382E-03
3.09730247E-01  3.41250569E-01  2.09531444E-03
3.10024248E-01  3.49497139E-01  2.06920481E-03
3.10318249E-01  3.47800702E-01  2.13057059E-03
3.10612250E-01  3.44461679E-01  2.08157813E-03
3.10906251E-01  3.54258090E-01  2.09443877E-03
3.11200252E-01  3.48177880E-01  2.06237659E-03
3.11494254E-01  3.53861302E-01  2.08065077E-03
3.11788255E-01  3.41593534E-01  2.01311917E-03
3.12082256E-01  3.39600116E-01  2.03793310E-03
3.12376257E-01  3.48500639E-01  2.04042718E-03
3.12670258E-01  3.41325104E-01  2.09124316E-03
3.12964260E-01  3.52323085E-01  2.11205427E-03
3.13258261E-01  3.40055019E-01  2.07349472E-03
3.13552262E-01  3.44849527E-01  2.05261772E-03
3.13846263E-01  3.44189107E-01  2.09063152E-03
3.14140264E-01  3.50139201E-01  2.07463070E-03
3.14434265E-01  3.43523592E-01  2.06733076E-03
3.14728267E-01  3.38875800E-01  2.02064333E-03
3.15022268E-01  3.42671782E-01  2.04577623E-03
3.15316269E-01  3.43760937E-01  2.05628038E-03
3.15610270E-01  3.42578709E-01  2.04778905E-03
3.15904271E-01  3.50222081E-01  2.03611283E-03
3.16198273E-01  3.47166181E-01  2.05825036E-03
3.16492274E-01  3.49565297E-01  2.06231023E-03
3.16786275E-01  3.46640795E-01  2.05223798E-03
3.17080276E-01  3.45286071E-01  2.05453415E-03
3.17374277E-01  3.42339903E-01  2.05492787E-03
3.17668278E-01  3.43963444E-01  2.09427229E-03
3.17962280E-01  3.45242977E-01  2.04537855E-03
3.18256281E-01  3.39626193E-01  2.04058737E-03
3.18550282E-01  3.33117306E-01  2.05222424E-03
3.18844283E-01  3.51708889E-01  2.08749739E-03
3.19138284E-01  3.43860805E-01  2.07729521E-03
3.19432286E-01  3.45888466E-01  2.13412801E-03
3.19726287E-01  3.48760843E-01  2.07260903E-03
3.20020288E-01  3.38274419E-01  1.97137124E-03
3.20314289E-01  3.39661419E-01  2.06133863E-03
3.20608290E-01  3.50146085E-01  2.08274182E-03
3.20902292E-01  3.45459074E-01  2.06863391E-03
3.21196293E-01  3.46035212E-01  2.05361005E-03
3.21490294E-01  3.37795675E-01  2.00902345E-03
3.21784295E-01  3.51006091E-01  2.05743476E-03
3.22078296E-01  3.45914483E-01  2.08314182E-03
3.22372297E-01  3.40007156E-01  2.06237729E-03
3.22666299E-01  3.38386327E-01  2.04468565E-03
3.22960300E-01  3.43313217E-01  2.09766533E-03
3.23254301E-01  3.51616830E-01  2.13629473E-03
3.23548302E-01  3.43806326E-01  2.11284799E-03
3.23842303E-01  3.37973893E-01  2.15758197E-03
3.24136305E-01  3.46790522E-01  2.20023165E-03
3.24430306E-01  3.48158151E-01  2.10854760E-03
3.24724307E-01  3.51582497E-01  2.11619516E-03
3.25018308E-01  3.53818446E-01  2.21300684E-03
3.25312309E-01  3.45185757E-01  2.13306141E-03
3.25606310E-01  3.47988993E-01  2.11844919E-03
3.25900312E-01  3.42981428E-01  2.18024268E-03
3.26194313E-01  3.44727904E-01  2.15741340E-03
3.26488314E-01  3.43671739E-01  2.15003686E-03
3.26782315E-01  3.49490672E-01  2.15815357E-03
3.27076316E-01  3.50001276E-01  2.14692904E-03
3.27370318E-01  3.34828109E-01  2.16529286E-03
3.27664319E-01  3.43084246E-01  2.15801504E-03
3.27958320E-01  3.42310548E-01  2.22365069E-03
3.28252321E-01  3.40223610E-01  2.21278844E-03
3.28546322E-01  3.42903227E-01  2.12804298E-03
3.28840323E-01  3.43601257E-01  2.14108406E-03
3.29134325E-01  3.47882867E-01  2.15206505E-03
3.29428326E-01  3.47855628E-01  2.18227319E-03
3.29722327E-01  3.37984800E-01  2.15155678E-03
3.30016328E-01  3.44999909E-01  2.12188065E-03
3.30310329E-01  3.40686053E-01  2.26510852E-03
3.30604331E-01  3.45891804E-01  2.16941559E-03
3.30898332E-01  3.49898309E-01  2.20033969E-03
3.31192333E-01  3.46758991E-01  2.22872430E-03
3.31486334E-01  3.46859515E-01  2.16628495E-03
3.31780335E-01  3.52406383E-01  2.23608571E-03
3.32074336E-01  3.54386747E-01  2.18850165E-03
3.32368338E-01  3.47477257E-01  2.20322842E-03
3.32662339E-01  3.46376896E-01  2.19471846E-03
3.32956340E-01  3.55304778E-01  2.22504814E-03
3.33250341E-01  3.50152493E-01  2.22551194E-03
3.33544342E-01  3.50688130E-01  2.25238106E-03
3.33838344E-01  3.47649872E-01  2.16551567E-03
3.34132345E-01  3.44179302E-01  2.14513275E-03
3.34426346E-01  3.49977463E-01  2.16709566E-03
3.34720347E-01  3.53391498E-01  2.22791079E-03
3.35014348E-01  3.52104068E-01  2.22434266E-03
3.35308349E-01  3.43402237E-01  2.18067993E-03
3.35602351E-01  3.49109143E-01  2.19366956E-03
3.35896352E-01  3.52464378E-01  2.16571684E-03
3.36190353E-01  3.52680326E-01  2.20589736E-03
3.36484354E-01  3.63355607E-01  2.25918135E-03
3.36778355E-01  3.58550638E-01  2.25986773E-03
3.37072357E-01  3.53217810E-01  2.21810816E-03
3.37366358E-01  3.49541426E-01  2.27501011E-03
3.37660359E-01  3.52956295E-01  2.24570837E-03
3.37954360E-01  3.57552916E-01  2.24481174E-03
3.38248361E-01  3.51783335E-01  2.26408895E-03
3.38542362E-01  3.50477189E-01  2.15649069E-03
3.38836364E-01  3.49789649E-01  2.17959285E-03
3.39130365E-01  3.44920129E-01  2.20636767E-03
3.39424366E-01  3.52489829E-01  2.27726228E-03
3.39718367E-01  3.49264860E-01  2.27500382E-03
3.40012368E-01  3.54632229E-01  2.24061520E-03
3.40306370E-01  3.50918323E-01  2.21285340E-03
3.40600371E-01  3.47322255E-01  2.23913533E-03
3.40894372E-01  3.46547246E-01  2.25688517E-03
3.41188373E-01  3.57995898E-01  2.26032967E-03
3.41482374E-01  3.50945204E-01  2.19027628E-03
3.41776376E-01  3.47315282E-01  2.23268964E-03
3.42070377E-01  3.58576238E-01  2.27939431E-03
3.42364378E-01  3.57909024E-01  2.23040325E-03
3.42658379E-01  3.48365366E-01  2.23547709E-03
3.42952380E-01  3.48421663E-01  2.21640407E-03
3.43246381E-01  3.44664127E-01  2.27912678E-03
3.43540383E-01  3.50682586E-01  2.21404550E-03
3.43834384E-01  3.47219259E-01  2.21869722E-03
3.44128385E-01  3.47745210E-01  2.26874929E-03
3.44422386E-01  3.45018417E-01  2.24515516E-03
3.44716387E-01  3.44321758E-01  2.24092836E-03
3.45010389E-01  3.49388331E-01  2.24663736E-03
3.45304390E-01  3.42581123E-01  2.16389820E-03
3.45598391E-01  3.54417682E-01  2.20335973E-03
3.45892392E-01  3.38281989E-01  2.20773229E-03
3.46186393E-01  3.51206928E-01  2.28688819E-03
3.46480394E-01  3.41129392E-01  2.19674502E-03
3.46774396E-01  3.52057964E-01  2.27593957E-03
3.47068397E-01  3.38140428E-01  2.21258705E-03
3.47362398E-01  3.46714735E-01  2.21594586E-03
3.47656399E-01  3.45298499E-01  2.20591039E-03
3.47950400E-01  3.38585019E-01  2.20468128E-03
3.48244402E-01  3.41760278E-01  2.23139022E-03
3.48538403E-01  3.42007369E-01  2.15143268E-03
3.48832404E-01  3.39713395E-01  2.18911748E-03
3.49126405E-01  3.35012168E-01  2.18246388E-03
3.49420406E-01  3.35109413E-01  2.19573476E-03
3.49714407E-01  3.38200390E-01  2.22868077E-03
3.50008409E-01  3.39206368E-01  2.21684505E-03
3.50302410E-01  3.35609525E-01  2.21693539E-03
3.50596411E-01  3.39559674E-01  2.22268584E-03
3.50890412E-01  3.37076217E-01  2.22218176E-03
3.51184413E-01  3.34089398E-01  2.26608012E-03
3.51478415E-01  3.27888966E-01  2.18748255E-03
3.51772416E-01  3.39158535E-01  2.27750256E-03
3.52066417E-01  3.50401282E-01  2.20335647E-03
3.52360418E-01  3.33599597E-01  2.19790847E-03
3.52654419E-01  3.40993762E-01  2.22248258E-03
3.52948420E-01  3.39575142E-01  2.19770335E-03
3.53242422E-01  3.40153664E-01  2.23357580E-03
3.53536423E-01  3.27984750E-01  2.12378777E-03
3.53830424E-01  3.29636365E-01  2.19899695E-03
3.54124425E-01  3.39273095E-01  2.18240195E-03
3.54418426E-01  3.33044052E-01  2.16984260E-03
3.54712428E-01  3.27084541E-01  2.15340615E-03
3.55006429E-01  3.33102316E-01  2.17834115E-03
3.55300430E-01  3.35556895E-01  2.19594780E-03
3.55594431E-01  3.42210740E-01  2.23980658E-03
3.55888432E-01  3.27262759E-01  2.17212411E-03
3.56182433E-01  3.26061457E-01  2.21173628E-03
3.56476435E-01  3.28475535E-01  2.17738049E-03
3.56770436E-01  3.26688021E-01  2.21277936E-03
3.57064437E-01  3.33277583E-01  2.22019386E-03
3.57358438E-01  3.26710701E-01  2.17655697E-03
3.57652439E-01  3.24704289E-01  2.08646152E-03
3.57946441E-01  3.32069397E-01  2.25930731E-03
3.58240442E-01  3.18016469E-01  2.13132706E-03
3.58534443E-01  3.21666837E-01  2.16211029E-03
3.58828444E-01  3.23225081E-01  2.15048064E-03
3.59122445E-01  3.30369264E-01  2.14670855E-03
3.59416447E-01  3.16725612E-01  2.16533733E-03
3.59710448E-01  3.29120040E-01  2.23688199E-03
3.60004449E-01  3.24745506E-01  2.16940185E-03
3.60298450E-01  3.24236751E-01  2.16204626E-03
3.60592451E-01  3.31768930E-01  2.21340870E-03
3.60886452E-01  3.22220147E-01  2.22692313E-03
3.61180454E-01  3.26719373E-01  2.14383542E-03
3.61474455E-01  3.22807342E-01  2.17629271E-03
3.61768456E-01  3.29611689E-01  2.23338511E-03
3.62062457E-01  3.16255063E-01  2.15584668E-03
3.62356458E-01  3.21201414E-01  2.17776140E-03
3.62650460E-01  3.15777570E-01  2.15850328E-03
3.62944461E-01  3.23635519E-01  2.26879492E-03
3.63238462E-01  3.13705623E-01  2.16212915E-03
3.63532463E-01  3.08448225E-01  2.10066210E-03
3.63826464E-01  3.14107567E-01  2.15102616E-03
3.64120465E-01  3.19790959E-01  2.20470340E-03
3.64414467E-01  3.15399021E-01  2.19862233E-03
3.64708468E-01  3.29300970E-01  2.17099697E-03
3.65002469E-01  3.21733177E-01  2.16743653E-03
3.65296470E-01  3.18061173E-01  2.14315346E-03
3.65590471E-01  3.16347331E-01  2.14754045E-03
3.65884473E-01  3.22361857E-01  2.19670171E-03
3.66178474E-01  3.14850420E-01  2.14895047E-03
3.66472475E-01  3.22497308E-01  2.15789722E-03
3.66766476E-01  3.18900526E-01  2.17649178E-03
3.67060477E-01  3.21564823E-01  2.11894582E-03
3.67354478E-01  3.16375494E-01  2.16172286E-03
3.67648480E-01  3.10511112E-01  2.11337558E-03
3.67942481E-01  3.15453798E-01  2.21529161E-03
3.68236482E-01  3.24424684E-01  2.24018632E-03
3.68530483E-01  3.19647282E-01  2.13990128E-03
3.68824484E-01  3.14430267E-01  2.15725927E-03
3.69118486E-01  3.11965495E-01  2.18570745E-03
3.69412487E-01  3.20428491E-01  2.17797374E-03
3.69706488E-01  3.11735153E-01  2.14827573E-03
3.70000489E-01  3.13334733E-01  2.15025456E-03
3.70294490E-01  3.17709118E-01  2.20551877E-03
3.70588491E-01  3.16438198E-01  2.14774115E-03
3.70882493E-01  3.05599183E-01  2.11563543E-03
3.71176494E-01  3.11796188E-01  2.13286700E-03
3.71470495E-01  3.18561673E-01  2.13592825E-03
3.71764496E-01  3.21423769E-01  2.17213272E-03
3.72058497E-01  3.20750445E-01  2.13051285E-03
3.72352499E-01  3.14378560E-01  2.14808737E-03
3.72646500E-01  3.14232051E-01  2.10439530E-03
3.72940501E-01  3.10600519E-01  2.13444023E-03
3.73234502E-01  3.07718843E-01  2.15334026E-03
3.73528503E-01  3.12370926E-01  2.11349619E-03
3.73822504E-01  3.07805479E-01  2.15144386E-03
3.74116506E-01  3.16369563E-01  2.13824911E-03
3.74410507E-01  3.04617584E-01  2.10053171E-03
3.74704508E-01  3.07838827E-01  2.18395400E-03
3.74998509E-01  3.15608799E-01  2.12323456E-03
3.75292510E-01  3.05584550E-01  2.18523550E-03
3.75586512E-01  3.09873998E-01  2.16180785E-03
3.75880513E-01  3.10215026E-01  2.13193032E-03
3.76174514E-01  3.08312863E-01  2.06791144E-03
3.76468515E-01  3.11484665E-01  2.16447539E-03
3.76762516E-01  3.19249630E-01  2.21902551E-03
3.77056518E-01  3.09038788E-01  2.14458187E-03
3.77350519E-01  3.07056963E-01  2.16709008E-03
3.77644520E-01  3.12116563E-01  2.20846361E-03
3.77938521E-01  3.08730036E-01  2.15449068E-03
3.78232522E-01  3.04992378E-01  2.15033279E-03
3.78526523E-01  3.03313345E-01  2.12737988E-03
3.78820525E-01  3.14275652E-01  2.18870980E-03
3.79114526E-01  3.10214698E-01  2.15779291E-03
3.79408527E-01  3.03506464E-01  2.16348027E-03
3.79702528E-01  3.07351887E-01  2.14217743E-03
3.79996529E-01  3.11333507E-01  2.13640998E-03
3.80290531E-01  3.10252637E-01  2.19957088E-03
3.80584532E-01  3.09258521E-01  2.13104812E-03
3.80878533E-01  3.01383972E-01  2.13503535E-03
3.81172534E-01  3.09498399E-01  2.13290052E-03
3.81466535E-01  3.01046878E-01  2.15768931E-03
3.81760536E-01  3.17603052E-01  2.20511318E-03
3.82054538E-01  3.10004115E-01  2.13949312E-03
3.82348539E-01  3.10393274E-01  2.07218924E-03
3.82642540E-01  3.12445581E-01  2.17358326E-03
3.82936541E-01  3.18417281E-01  2.14946875E-03
3.83230542E-01  3.08944046E-01  2.14676140E-03
3.83524544E-01  3.22444856E-01  2.17656465E-03
3.83818545E-01  3.06878239E-01  2.21172743E-03
3.84112546E-01  3.16359133E-01  2.20526732E-03
3.84406547E-01  3.16459179E-01  2.20723404E-03
3.84700548E-01  3.14712822E-01  2.15541967E-03
3.84994549E-01  3.11974764E-01  2.18629092E-03
3.85288551E-01  3.08133870E-01  2.11808784E-03
3.85582552E-01  3.09793025E-01  2.12611258E-03
3.85876553E-01  3.06833595E-01  2.17144261E-03
3.86170554E-01  3.12239945E-01  2.12844368E-03
3.86464555E-01  3.22892934E-01  2.20838143E-03
3.86758557E-01  3.15139055E-01  2.17973953E-03
3.87052558E-01  3.10410798E-01  2.15360546E-03
3.87346559E-01  3.11627984E-01  2.20632274E-03
3.87640560E-01  3.07877094E-01  2.14395998E-03
3.87934561E-01  3.05134088E-01  2.14580866E-03
3.88228562E-01  3.15920413E-01  2.21538427E-03
3.88522564E-01  3.03795636E-01  2.12048157E-03
3.88816565E-01  3.06117892E-01  2.17559189E-03
3.89110566E-01  3.08157444E-01  2.12588185E-03
3.89404567E-01  3.03547412E-01  2.09515495E-03
3.89698568E-01  3.06349874E-01  2.13271100E-03
3.89992570E-01  3.09691459E-01  2.10036058E-03
3.90286571E-01  3.22039485E-01  2.24623038E-03
3.90580572E-01  3.10407192E-01  2.17642100E-03
3.90874573E-01  3.15572917E-01  2.23283796E-03
3.91168574E-01  3.10378164E-01  2.15415191E-03
3.91462575E-01  3.09614778E-01  2.17664568E-03
3.91756577E-01  3.06910217E-01  2.17001792E-03
3.92050578E-01  3.06078166E-01  2.18405132E-03
3.92344579E-01  3.07767034E-01  2.17329781E-03
3.92638580E-01  3.10188562E-01  2.18164292E-03
3.92932581E-01  3.07024539E-01  2.17767083E-03
3.93226583E-01  3.14687192E-01  2.16484489E-03
3.93520584E-01  3.10317546E-01  2.17674510E-03
3.93814585E-01  3.18597674E-01  2.26451247E-03
3.94108586E-01  3.03622723E-01  2.17819680E-03
3.94402587E-01  3.14546376E-01  2.21201172E-03
3.94696588E-01  3.16668421E-01  2.13770592E-03
3.94990590E-01  3.17523003E-01  2.23569898E-03
3.95284591E-01  3.09510291E-01  2.11853045E-03
3.95578592E-01  3.22149038E-01  2.19101366E-03
3.95872593E-01  3.15290660E-01  2.22943723E-03
3.96166594E-01  3.06051672E-01  2.10655248E-03
3.96460596E-01  3.16214204E-01  2.17999169E-03
3.96754597E-01  3.20644617E-01  2.23290082E-03
3.97048598E-01  3.12714279E-01  2.16221716E-03
3.97342599E-01  3.14789653E-01  2.20101397E-03
3.97636600E-01  3.03578138E-01  2.05510529E-03
3.97930602E-01  3.16966861E-01  2.17957585E-03
3.98224603E-01  3.09468359E-01  2.15594657E-03
3.98518604E-01  3.15854341E-01  2.20908225E-03
3.98812605E-01  3.12222928E-01  2.13956973E-03
3.99106606E-01  3.12666297E-01  2.15235935E-03
3.99400607E-01  3.14704806E-01  2.20149709E-03
3.99694609E-01  3.11359495E-01  2.19052960E-03
3.99988610E-01  3.13793480E-01  2.20069522E-03
4.00282611E-01  3.16070259E-01  2.16963841E-03
4.00576612E-01  3.17417771E-01  2.14298652E-03
4.00870613E-01  3.09433252E-01  2.15463317E-03
4.01164615E-01  3.07415187E-01  2.16395222E-03
4.01458616E-01  3.13721418E-01  2.15504062E-03
4.01752617E-01  3.10479790E-01  2.21498893E-03
4.02046618E-01  3.08814555E-01  2.15235353E-03
4.02340619E-01  3.03701431E-01  2.17058416E-03
4.02634620E-01  3.14163774E-01  2.17878842E-03
4.02928622E-01  3.14391643E-01  2.19422602E-03
4.03222623E-01  3.16851288E-01  2.22687377E-03
4.03516624E-01  3.15284908E-01  2.19414034E-03
4.03810625E-01  3.06309909E-01  2.18565436E-03
4.04104626E-01  3.07446748E-01  2.12083361E-03
4.04398628E-01  3.08137357E-01  2.13452824E-03
4.04692629E-01  3.15510511E-01  2.14173668E-03
4.04986630E-01  3.04073781E-01  2.12141476E-03
4.05280631E-01  3.20069015E-01  2.25918973E-03
4.05574632E-01  3.10730398E-01  2.12462549E-03
4.05868633E-01  3.01778138E-01  2.17400142E-03
4.06162635E-01  3.11682552E-01  2.22419365E-03
4.06456636E-01  3.06398004E-01  2.10783677E-03
4.06750637E-01  3.06220710E-01  2.08157580E-03
4.07044638E-01  3.03336620E-01  2.09101895E-03
4.07338639E-01  3.06473851E-01  2.22071423E-03
4.07632641E-01  3.00832808E-01  2.12140777E-03
4.07926642E-01  3.08328152E-01  2.19876575E-03
4.08220643E-01  3.12040091E-01  2.19383650E-03
4.08514644E-01  3.01404208E-01  2.11527105E-03
4.08808645E-01  3.12491775E-01  2.12313840E-03
4.09102646E-01  3.02425921E-01  2.11055577E-03
4.09396648E-01  3.10624033E-01  2.22566933E-03
4.09690649E-01  3.06485087E-01  2.14857864E-03
4.09984650E-01  3.02433401E-01  2.15272675E-03
4.10278651E-01  3.02561522E-01  2.18471745E-03
4.10572652E-01  3.09558183E-01  2.16435920E-03
4.10866654E-01  3.13846767E-01  2.16864445E-03
4.11160655E-01  2.96873868E-01  2.15083594E-03
4.11454656E-01  3.00279856E-01  2.13285163E-03
4.11748657E-01  2.97320276E-01  2.15600990E-03
4.12042658E-01  3.00559789E-01  2.05818494E-03
4.12336659E-01  3.07568729E-01  2.15433910E-03
4.12630661E-01  3.03449392E-01  2.09278753E-03
4.12924662E-01  2.98659235E-01  2.14305520E-03
4.13218663E-01  2.97143877E-01  2.11743591E-03
4.13512664E-01  2.96698779E-01  2.03963346E-03
4.13806665E-01  2.97087669E-01  2.11442774E-03
4.14100667E-01  2.94753194E-01  2.06840853E-03
4.14394668E-01  2.96999216E-01  2.06864532E-03
4.14688669E-01  2.92909980E-01  2.08020629E-03
4.14982670E-01  3.01357120E-01  2.20312201E-03
4.15276671E-01  2.85598695E-01  2.03897734E-03
4.15570673E-01  2.99024433E-01  2.08472763E-03
4.15864674E-01  3.01391602E-01  2.18148879E-03
4.16158675E-01  2.91196287E-01  1.99784595E-03
4.16452676E-01  2.89337605E-01  2.11923616E-03
4.16746677E-01  2.97237307E-01  2.12432770E-03
4.17040678E-01  2.94721603E-01  2.09529605E-03
4.17334680E-01  2.97021896E-01  2.15863343E-03
4.17628681E-01  2.88456440E-01  2.09192117E-03
4.17922682E-01  2.94985592E-01  2.10254523E-03
4.18216683E-01  3.01366448E-01  2.10655411E-03
4.18510684E-01  2.94840902E-01  2.10203673E-03
4.18804686E-01  2.85571963E-01  2.08594464E-03
4.19098687E-01  2.91653007E-01  2.02685129E-03
4.19392688E-01  2.95505136E-01  2.12051673E-03
4.19686689E-01  2.91531980E-01  2.10797461E-03
4.19980690E-01  2.86068946E-01  2.04587495E-03
4.20274691E-01  2.89023340E-01  2.07731198E-03
4.20568693E-01  2.90512592E-01  2.08846107E-03
4.20862694E-01  2.93612987E-01  2.11656187E-03
4.21156695E-01  2.96976179E-01  2.13214196E-03
4.21450696E-01  2.89016783E-01  2.09301896E-03
4.21744697E-01  2.89131135E-01  2.09157425E-03
4.22038699E-01  2.92362899E-01  2.04395363E-03
4.22332700E-01  2.78664947E-01  2.03027204E-03
4.22626701E-01  2.83018112E-01  2.03567324E-03
4.22920702E-01  2.85380214E-01  2.10360438E-03
4.23214703E-01  2.85632998E-01  2.08718516E-03
4.23508704E-01  2.94994265E-01  2.09970260E-03
4.23802706E-01  2.96195447E-01  2.10285420E-03
4.24096707E-01  2.76831359E-01  2.00523087E-03
4.24390708E-01  2.75087923E-01  1.97479082E-03
4.24684709E-01  2.83712387E-01  2.07884097E-03
4.24978710E-01  2.84010530E-01  2.12844228E-03
4.25272712E-01  2.86832184E-01  2.02262052E-03
4.25566713E-01  2.87603855E-01  2.05585873E-03
4.25860714E-01  2.90517181E-01  2.04902980E-03
4.26154715E-01  2.80844450E-01  2.04219809E-03
4.26448716E-01  2.76686549E-01  2.03669327E-03
4.26742717E-01  2.80344039E-01  2.02646363E-03
4.27036719E-01  2.82417178E-01  2.04176758E-03
4.27330720E-01  2.73289531E-01  2.01670872E-03
4.27624721E-01  2.82740563E-01  1.98770384E-03
4.27918722E-01  2.76073962E-01  2.04118690E-03
4.28212723E-01  2.84372270E-01  2.06598686E-03
4.28506725E-01  2.75217533E-01  1.98905426E-03
4.28800726E-01  2.75421798E-01  2.06078752E-03
4.29094727E-01  2.91451633E-01  2.12206575E-03
4.29388728E-01  2.70053506E-01  2.04572198E-03
4.29682729E-01  2.87207633E-01  2.06987187E-03
4.29976730E-01  2.74872482E-01  2.07867683E-03
4.30270732E-01  2.74280071E-01  2.07067677E-03
4.30564733E-01  2.77704597E-01  2.11256230E-03
4.30858734E-01  2.73510575E-01  1.97824812E-03
4.31152735E-01  2.76247829E-01  1.99291366E-03
4.31446736E-01  2.72969216E-01  2.04596086E-03
4.31740738E-01  2.73562521E-01  2.05407129E-03
4.32034739E-01  2.78793991E-01  2.05561542E-03
4.32328740E-01  2.71064758E-01  1.99019676E-03
4.32622741E-01  2.75725633E-01  2.05200771E-03
4.32916742E-01  2.81305909E-01  2.09128601E-03
4.33210744E-01  2.71642238E-01  2.08175415E-03
4.33504745E-01  2.69691974E-01  2.04671244E-03
4.33798746E-01  2.79552490E-01  2.03535031E-03
4.34092747E-01  2.74581045E-01  1.99483312E-03
4.34386748E-01  2.71770507E-01  2.04086490E-03
4.34680749E-01  2.76460886E-01  2.02847482E-03
4.34974751E-01  2.83073187E-01  2.07481626E-03
4.35268752E-01  2.69112319E-01  1.98978558E-03
4.35562753E-01  2.73557633E-01  2.05988600E-03
4.35856754E-01  2.73153007E-01  2.04852014E-03
4.36150755E-01  2.69074261E-01  1.99531438E-03
4.36444757E-01  2.76936173E-01  2.00049439E-03
4.36738758E-01  2.69301921E-01  1.98950316E-03
4.37032759E-01  2.70835876E-01  2.03769794E-03
4.37326760E-01  2.65423775E-01  1.98795903E-03
4.37620761E-01  2.66762108E-01  2.05222866E-03
4.37914762E-01  2.78357446E-01  2.03417079E-03
4.38208764E-01  2.81200230E-01  2.00590538E-03
4.38502765E-01  2.70008355E-01  1.95335574E-03
4.38796766E-01  2.70660758E-01  1.96515722E-03
4.39090767E-01  2.73682237E-01  1.99886994E-03
4.39384768E-01  2.75255710E-01  2.01345049E-03
4.39678770E-01  2.81282544E-01  2.08871881E-03
4.39972771E-01  2.74244040E-01  2.04691035E-03
4.40266772E-01  2.69397914E-01  2.02827691E-03
4.40560773E-01  2.75766492E-01  2.03584507E-03
4.40854774E-01  2.68857300E-01  1.96093926E-03
4.41148775E-01  2.66391367E-01  2.01059808E-03
4.41442777E-01  2.77051032E-01  1.97516265E-03
4.41736778E-01  2.79275656E-01  2.05538282E-03
4.42030779E-01  2.72641957E-01  2.03787372E-03
4.42324780E-01  2.64350116E-01  1.97606836E-03
4.42618781E-01  2.77749002E-01  1.99982314E-03
4.42912783E-01  2.69926220E-01  2.02613161E-03
4.43206784E-01  2.70577818E-01  2.02486152E-03
4.43500785E-01  2.65591055E-01  1.97659270E-03
4.43794786E-01  2.68702924E-01  2.00811541E-03
4.44088787E-01  2.77474642E-01  2.09787115E-03
4.44382788E-01  2.62997597E-01  1.98387727E-03
4.44676790E-01  2.74176300E-01  2.00991938E-03
4.44970791E-01  2.66669005E-01  1.95759162E-03
4.45264792E-01  2.73120970E-01  2.02439562E-03
4.45558793E-01  2.70909458E-01  2.01742398E-03
4.45852794E-01  2.76189059E-01  2.06710887E-03
4.46146796E-01  2.69716024E-01  2.03065597E-03
4.46440797E-01  2.69148260E-01  2.02686712E-03
4.46734798E-01  2.68648714E-01  1.97957689E-03
4.47028799E-01  2.71818936E-01  2.07034452E-03
4.47322800E-01  2.73639411E-01  1.97961740E-03
4.47616801E-01  2.66111493E-01  1.96044100E-03
4.47910803E-01  2.72851467E-01  2.03416427E-03
4.48204804E-01  2.64646828E-01  2.03555520E-03
4.48498805E-01  2.73997366E-01  2.11934140E-03
4.48792806E-01  2.64904290E-01  2.09475914E-03
4.49086807E-01  2.73662686E-01  2.14617071E-03
4.49380809E-01  2.77178288E-01  2.11578654E-03
4.49674810E-01  2.69414961E-01  2.10241042E-03
4.49968811E-01  2.68422574E-01  2.14306288E-03
4.50262812E-01  2.61205971E-01  2.08366360E-03
4.50556813E-01  2.62431830E-01  2.11223378E-03
4.50850814E-01  2.76253998E-01  2.21774145E-03
4.51144816E-01  2.69582540E-01  2.20429641E-03
4.51438817E-01  2.58947939E-01  2.11798516E-03
4.51732818E-01  2.64481604E-01  2.24886765E-03
4.52026819E-01  2.69230932E-01  2.18449812E-03
4.52320820E-01  2.66699314E-01  2.26444262E-03
4.52614822E-01  2.76944131E-01  2.21616845E-03
4.52908823E-01  2.73856550E-01  2.24685646E-03
4.53202824E-01  2.68142134E-01  2.31117429E-03
4.53496825E-01  2.69337356E-01  2.28680833E-03
4.53790826E-01  2.69697815E-01  2.24068551E-03
4.54084828E-01  2.74951458E-01  2.31738342E-03
4.54378829E-01  2.74755895E-01  2.33780453E-03
4.54672830E-01  2.72501349E-01  2.27793818E-03
4.54966831E-01  2.59800136E-01  2.22979276E-03
4.55260832E-01  2.74242073E-01  2.36698589E-03
4.55554833E-01  2.73757756E-01  2.37245020E-03
4.55848835E-01  2.71497697E-01  2.36658822E-03
4.56142836E-01  2.68254220E-01  2.37125671E-03
4.56436837E-01  2.66683131E-01  2.36448250E-03
4.56730838E-01  2.69774735E-01  2.37076357E-03
4.57024839E-01  2.70855397E-01  2.38825334E-03
4.57318841E-01  2.57590979E-01  2.27553444E-03
4.57612842E-01  2.72181183E-01  2.38581048E-03
4.57906843E-01  2.71266609E-01  2.42617307E-03
4.58200844E-01  2.65250176E-01  2.31202203E-03
4.58494845E-01  2.66517758E-01  2.40385602E-03
4.58788846E-01  2.71263808E-01  2.37046694E-03
4.59082848E-01  2.61439383E-01  2.25827261E-03
4.59376849E-01  2.62201518E-01  2.34327861E-03
4.59670850E-01  2.62999475E-01  2.23430153E-03
4.59964851E-01  2.67206132E-01  2.30978895E-03
4.60258852E-01  2.73796946E-01  2.31479364E-03
4.60552854E-01  2.79387593E-01  2.34719203E-03
4.60846855E-01  2.69342840E-01  2.22882954E-03
4.61140856E-01  2.62174636E-01  2.22112797E-03
4.61434857E-01  2.64976263E-01  2.24654004E-03
4.61728858E-01  2.65657455E-01  2.19430169E-03
4.62022859E-01  2.65351623E-01  2.15522968E-03
4.62316861E-01  2.62410283E-01  2.20377301E-03
4.62610862E-01  2.59383976E-01  2.10014312E-03
4.62904863E-01  2.76357442E-01  2.23037880E-03
4.63198864E-01  2.70650417E-01  2.20624637E-03
4.63492865E-01  2.67014563E-01  2.15650676E-03
4.63786867E-01  2.65598685E-01  2.21253023E-03
4.64080868E-01  2.70174831E-01  2.23267544E-03
4.64374869E-01  2.73136884E-01  2.14317301E-03
4.64668870E-01  2.67255515E-01  2.22054007E-03
4.64962871E-01  2.70223707E-01  2.17662193E-03
4.65256872E-01  2.55939811E-01  2.11906643E-03
4.65550874E-01  2.65419751E-01  2.07294081E-03
4.65844875E-01  2.68090248E-01  2.17339792E-03
4.66138876E-01  2.74742514E-01  2.16531544E-03
4.66432877E-01  2.75760353E-01  2.20101071E-03
4.66726878E-01  2.66097635E-01  2.22837715E-03
4.67020880E-01  2.71109760E-01  2.18798616E-03
4.67314881E-01  2.65868396E-01  2.20097206E-03
4.67608882E-01  2.60795623E-01  2.13505211E-03
4.67902883E-01  2.73585647E-01  2.19739322E-03
4.68196884E-01  2.66204774E-01  2.14317627E-03
4.68490885E-01  2.70366281E-01  2.17660214E-03
4.68784887E-01  2.68116474E-01  2.10499088E-03
4.69078888E-01  2.73669243E-01  2.18776171E-03
4.69372889E-01  2.66025782E-01  2.08242796E-03
4.69666890E-01  2.66808718E-01  2.16267072E-03
4.69960891E-01  2.82888919E-01  2.21696170E-03
4.70254893E-01  2.71465898E-01  2.16411846E-03
4.70548894E-01  2.62321442E-01  2.12901109E-03
4.70842895E-01  2.68844903E-01  2.08071270E-03
4.71136896E-01  2.62971818E-01  2.06180825E-03
4.71430897E-01  2.69212782E-01  2.11895257E-03
4.71724899E-01  2.68866926E-01  2.22111447E-03
4.72018900E-01  2.64894068E-01  2.13701604E-03
4.72312901E-01  2.69399613E-01  2.12111440E-03
4.72606902E-01  2.78761357E-01  2.15925206E-03
4.72900903E-01  2.65922755E-01  2.14116927E-03
4.73194904E-01  2.64461011E-01  2.14835722E-03
4.73488906E-01  2.67297924E-01  2.20536184E-03
4.73782907E-01  2.67276913E-01  2.17003678E-03
4.74076908E-01  2.72473335E-01  2.19165417E-03
4.74370909E-01  2.69093931E-01  2.13819370E-03
4.74664910E-01  2.71397620E-01  2.18374538E-03
4.74958912E-01  2.65221655E-01  2.16059433E-03
4.75252913E-01  2.65451372E-01  2.13838252E-03
4.75546914E-01  2.74350226E-01  2.18392350E-03
4.75840915E-01  2.74803460E-01  2.21051415E-03
4.76134916E-01  2.68702745E-01  2.13226606E-03
4.76428917E-01  2.57814199E-01  2.12846231E-03
4.76722919E-01  2.61805385E-01  2.07084743E-03
4.77016920E-01  2.67656118E-01  2.06288905E-03
4.77310921E-01  2.70105153E-01  2.12387624E-03
4.77604922E-01  2.68975079E-01  2.19421065E-03
4.77898923E-01  2.65659690E-01  2.10878858E-03
4.78192925E-01  2.64869511E-01  2.07829918E-03
4.78486926E-01  2.72137076E-01  2.12855591E-03
4.78780927E-01  2.67267674E-01  2.16019945E-03
4.79074928E-01  2.67599881E-01  2.11311853E-03
4.79368929E-01  2.65415579E-01  2.14479724E-03
4.79662930E-01  2.65242785E-01  2.16871127E-03
4.79956932E-01  2.69374728E-01  2.17489828E-03
4.80250933E-01  2.72011995E-01  2.12775334E-03
4.80544934E-01  2.64204770E-01  2.08451506E-03
4.80838935E-01  2.63098359E-01  2.16789986E-03
4.81132936E-01  2.72283822E-01  2.12537637E-03
4.81426938E-01  2.66460866E-01  2.10451428E-03
4.81720939E-01  2.71008313E-01  2.12610490E-03
4.82014940E-01  2.70395219E-01  2.22449633E-03
4.82308941E-01  2.78498679E-01  2.12342315E-03
4.82602942E-01  2.73207694E-01  2.18215282E-03
4.82896943E-01  2.69348621E-01  2.10629846E-03
4.83190945E-01  2.58103579E-01  2.11421796E-03
4.83484946E-01  2.62688100E-01  2.12298147E-03
4.83778947E-01  2.66311973E-01  2.14272900E-03
4.84072948E-01  2.72951186E-01  2.14165682E-03
4.84366949E-01  2.71959484E-01  2.14827294E-03
4.84660951E-01  2.64444143E-01  2.07921676E-03
4.84954952E-01  2.65634149E-01  2.14688014E-03
4.85248953E-01  2.63741612E-01  2.13024113E-03
4.85542954E-01  2.71475911E-01  2.15373980E-03
4.85836955E-01  2.75633395E-01  2.18035816E-03
4.86130956E-01  2.74316370E-01  2.18541571E-03
4.86424958E-01  2.73984879E-01  2.18521291E-03
4.86718959E-01  2.69238085E-01  2.10900488E-03
4.87012960E-01  2.73556948E-01  2.17976095E-03
4.87306961E-01  2.73749352E-01  2.12505250E-03
4.87600962E-01  2.72713602E-01  2.13322137E-03
4.87894964E-01  2.65250146E-01  2.07763491E-03
4.88188965E-01  2.67468482E-01  2.14694999E-03
4.88482966E-01  2.72207588E-01  2.15722434E-03
4.88776967E-01  2.77399540E-01  2.18621059E-03
4.89070968E-01  2.63198107E-01  2.05377652E-03
4.89364970E-01  2.59532183E-01  2.08203169E-03
4.89658971E-01  2.58634508E-01  2.11517117E-03
4.89952972E-01  2.72907495E-01  2.17212713E-03
4.90246973E-01  2.62434632E-01  2.14465824E-03
4.90540974E-01  2.68285543E-01  2.12546624E-03
4.90834975E-01  2.66361862E-01  2.17182236E-03
4.91128977E-01  2.65096992E-01  2.12462456E-03
4.91422978E-01  2.62248784E-01  2.06338242E-03
4.91716979E-01  2.64026284E-01  2.11389107E-03
4.92010980E-01  2.65834510E-01  2.06161826E-03
4.92304981E-01  2.65235156E-01  2.11762497E-03
4.92598983E-01  2.74534941E-01  2.14955327E-03
4.92892984E-01  2.67607212E-01  2.08891556E-03
4.93186985E-01  2.63095081E-01  2.11011409E-03
4.93480986E-01  2.68759519E-01  2.11608643E-03
4.93774987E-01  2.68665999E-01  2.16075336E-03
4.94068988E-01  2.68052459E-01  2.12949840E-03
4.94362990E-01  2.65286893E-01  2.12133676E-03
4.94656991E-01  2.74767905E-01  2.21565389E-03
4.94950992E-01  2.75084943E-01  2.13944982E-03
4.95244993E-01  2.66311973E-01  2.03594822E-03
4.95538994E-01  2.71731913E-01  2.12424481E-03
4.95832996E-01  2.75326818E-01  2.15764600E-03
4.96126997E-01  2.64980435E-01  2.13080551E-03
4.96420998E-01  2.59710997E-01  2.05716211E-03
4.96714999E-01  2.60399878E-01  2.10695714E-03
4.97009000E-01  2.69519418E-01  2.13201297E-03
4.97303001E-01  2.69919306E-01  2.11582007E-03
4.97597003E-01  2.65572846E-01  2.10753828E-03
4.97891004E-01  2.71257073E-01  2.08901800E-03
4.98185005E-01  2.70017564E-01  2.09623179E-03
4.98479006E-01  2.64121234E-01  2.15645484E-03
4.98773007E-01  2.62207836E-01  2.12178193E-03
4.99067009E-01  2.68432468E-01  2.04881886E-03
4.99361010E-01  2.66759634E-01  2.08723219E-03
4.99655011E-01  2.66319305E-01  2.15037097E-03
4.99949012E-01  2.75955766E-01  2.15306575E-03
5.00243013E-01  2.73793250E-01  2.11442821E-03
5.00537014E-01  2.73440897E-01  2.10135547E-03
5.00831016E-01  2.64978081E-01  2.12356565E-03
5.01125017E-01  2.74989426E-01  2.12782621E-03
5.01419018E-01  2.67137259E-01  2.06597801E-03
5.01713019E-01  2.62828141E-01  2.06280593E-03
5.02007020E-01  2.72309005E-01  2.21747346E-03
5.02301022E-01  2.65543729E-01  2.09587323E-03
5.02595023E-01  2.72577196E-01  2.16283486E-03
5.02889024E-01  2.76010066E-01  2.14773836E-03
5.03183025E-01  2.71215826E-01  2.11710646E-03
5.03477026E-01  2.66862661E-01  2.07404420E-03
5.03771027E-01  2.70778596E-01  2.10675085E-03
5.04065029E-01  2.69046217E-01  2.12502968E-03
5.04359030E-01  2.66193330E-01  2.12797057E-03
5.04653031E-01  2.60773629E-01  2.08093878E-03
5.04947032E-01  2.70906955E-01  2.14078254E-03
5.05241033E-01  2.71277338E-01  2.04520370E-03
5.05535035E-01  2.67152429E-01  2.19174544E-03
5.05829036E-01  2.67752558E-01  2.05900567E-03
5.06123037E-01  2.55086392E-01  2.01696018E-03
5.06417038E-01  2.63927996E-01  2.11957889E-03
5.06711039E-01  2.51511812E-01  2.10702512E-03
5.07005040E-01  2.74145722E-01  2.17276160E-03
5.07299042E-01  2.68939048E-01  2.14245194E-03
5.07593043E-01  2.64707744E-01  2.06044572E-03
5.07887044E-01  2.60239929E-01  2.06518685E-03
5.08181045E-01  2.68349349E-01  2.06437684E-03
5.08475046E-01  2.67259389E-01  2.14557140E-03
5.08769048E-01  2.69338161E-01  2.07269960E-03
5.09063049E-01  2.65917569E-01  2.15098169E-03
5.09357050E-01  2.65859127E-01  2.12837220E-03
5.09651051E-01  2.67663240E-01  2.11001653E-03
5.09945052E-01  2.55933523E-01  2.03323341E-03
5.10239054E-01  2.69328415E-01  2.13180413E-03
5.10533055E-01  2.69533038E-01  2.12242547E-03
5.10827056E-01  2.69641578E-01  2.16959254E-03
5.11121057E-01  2.64879227E-01  2.14508316E-03
5.11415058E-01  2.70533204E-01  2.16648006E-03
5.11709059E-01  2.74904609E-01  2.14827480E-03
5.12003061E-01  2.67171115E-01  2.08413904E-03
5.12297062E-01  2.76162744E-01  2.21780338E-03
5.12591063E-01  2.68509537E-01  2.11107638E-03
5.12885064E-01  2.62184262E-01  2.10279878E-03
5.13179065E-01  2.61476934E-01  2.08807644E-03
5.13473067E-01  2.64809012E-01  2.10086186E-03
5.13767068E-01  2.65655041E-01  2.09219311E-03
5.14061069E-01  2.60883152E-01  2.04724609E-03
5.14355070E-01  2.57426679E-01  2.03575776E-03
5.14649071E-01  2.70897865E-01  2.13037897E-03
5.14943072E-01  2.59533614E-01  2.05359212E-03
5.15237074E-01  2.67546684E-01  2.08192808E-03
5.15531075E-01  2.70068496E-01  2.12375610E-03
5.15825076E-01  2.73602277E-01  2.07972666E-03
5.16119077E-01  2.60812402E-01  2.06454005E-03
5.16413078E-01  2.65581310E-01  2.07937602E-03
5.16707080E-01  2.68778026E-01  2.13908544E-03
5.17001081E-01  2.64208287E-01  2.10180087E-03
5.17295082E-01  2.60807335E-01  2.09233700E-03
5.17589083E-01  2.69781619E-01  2.16009305E-03
5.17883084E-01  2.67432302E-01  2.13359063E-03
5.18177085E-01  2.68435389E-01  2.12438847E-03
5.18471087E-01  2.72732437E-01  2.10089330E-03
5.18765088E-01  2.66465157E-01  2.09869514E-03
5.19059089E-01  2.68711120E-01  2.09812750E-03
5.19353090E-01  2.62376487E-01  2.03500874E-03
5.19647091E-01  2.63016999E-01  2.08749366E-03
5.19941093E-01  2.62439162E-01  2.01430870E-03
5.20235094E-01  2.67822385E-01  2.08831974E-03
5.20529095E-01  2.66541779E-01  2.09142221E-03
5.20823096E-01  2.64895648E-01  2.08309526E-03
5.21117097E-01  2.67527401E-01  2.15488439E-03
5.21411098E-01  2.66978770E-01  2.05271249E-03
5.21705100E-01  2.62854397E-01  2.11110455E-03
5.21999101E-01  2.66455173E-01  2.12667487E-03
5.22293102E-01  2.64198065E-01  2.05164589E-03
5.22587103E-01  2.62961894E-01  2.13037385E-03
5.22881104E-01  2.63966948E-01  2.06845603E-03
5.23175106E-01  2.64464617E-01  2.06565042E-03
5.23469107E-01  2.58303165E-01  2.09820317E-03
5.23763108E-01  2.70769715E-01  2.10155966E-03
5.24057109E-01  2.68399566E-01  2.13922793E-03
5.24351110E-01  2.70651340E-01  2.07031099E-03
5.24645111E-01  2.75263757E-01  2.15442549E-03
5.24939113E-01  2.66975790E-01  2.11548340E-03
5.25233114E-01  2.61217177E-01  2.14719120E-03
5.25527115E-01  2.67679304E-01  2.07939208E-03
5.25821116E-01  2.69809932E-01  2.14787642E-03
5.26115117E-01  2.65885860E-01  2.09955126E-03
5.26409119E-01  2.66477585E-01  2.09790142E-03
5.26703120E-01  2.71630406E-01  2.15382339E-03
5.26997121E-01  2.61368364E-01  2.08497699E-03
5.27291122E-01  2.69221455E-01  2.10129539E-03
5.27585123E-01  2.65537232E-01  2.10316712E-03
5.27879125E-01  2.57642418E-01  2.09509907E-03
5.28173126E-01  2.67169833E-01  2.18895986E-03
5.28467127E-01  2.74618119E-01  2.14451808E-03
5.28761128E-01  2.62321323E-01  2.11549783E-03
5.29055129E-01  2.63991058E-01  2.05568527E-03
5.29349130E-01  2.60082632E-01  2.13223160E-03
5.29643132E-01  2.65885681E-01  2.11000745E-03
5.29937133E-01  2.55831897E-01  2.09608627E-03
5.30231134E-01  2.62118995E-01  2.09760247E-03
5.30525135E-01  2.69769251E-01  2.09959340E-03
5.30819136E-01  2.61001766E-01  2.07410287E-03
5.31113138E-01  2.68315941E-01  2.11590016E-03
5.31407139E-01  2.70556122E-01  2.08264659E-03
5.31701140E-01  2.55849928E-01  2.12437916E-03
5.31995141E-01  2.64577657E-01  2.07183370E-03
5.32289142E-01  2.60613739E-01  2.08801241E-03
5.32583143E-01  2.58346498E-01  2.04555597E-03
5.32877145E-01  2.72473305E-01  2.11964478E-03
5.33171146E-01  2.68471539E-01  2.16547702E-03
5.33465147E-01  2.68355608E-01  2.10314267E-03
5.33759148E-01  2.64940023E-01  2.02493533E-03
5.34053149E-01  2.58177727E-01  1.97007600E-03
5.34347151E-01  2.60832191E-01  2.02741986E-03
5.34641152E-01  2.64615119E-01  2.09907442E-03
5.34935153E-01  2.76823789E-01  2.11131293E-03
5.35229154E-01  2.60984242E-01  2.04560393E-03
5.35523155E-01  2.64185697E-01  2.05704593E-03
5.35817156E-01  2.63431638E-01  2.08816980E-03
5.36111158E-01  2.64044255E-01  2.05192040E-03
5.36405159E-01  2.60877699E-01  2.08660867E-03
5.36699160E-01  2.63421625E-01  2.03942717E-03
5.36993161E-01  2.70123333E-01  2.05903291E-03
5.37287162E-01  2.68058509E-01  2.09337776E-03
5.37581164E-01  2.74411350E-01  2.05683219E-03
5.37875165E-01  2.68436641E-01  2.13113683E-03
5.38169166E-01  2.64954507E-01  2.09736777E-03
5.38463167E-01  2.62478530E-01  2.00445997E-03
5.38757168E-01  2.57453203E-01  2.03343085E-03
5.39051169E-01  2.66735137E-01  2.09748303E-03
5.39345171E-01  2.64527708E-01  2.07045372E-03
5.39639172E-01  2.67765373E-01  2.07788404E-03
5.39933173E-01  2.60496795E-01  2.03366973E-03
5.40227174E-01  2.69975185E-01  2.04045512E-03
5.40521175E-01  2.65664637E-01  2.08045682E-03
5.40815177E-01  2.65328616E-01  1.99954445E-03
5.41109178E-01  2.57071197E-01  2.06997199E-03


### HEADER:
#
#{
#    "analysis": {},
#    "calibration_params": {
#        "Beam_Center_X": 1093.5,
#        "Beam_Center_Y": 2070.0,
#        "Detector Tilt": 0.0,
#        "Detector Tilt Plane Rotation": 0.0,
#        "Detector_X_Pixel_Size": 75.0,
#        "Detector_Y_Pixel_Size": 75.0,
#        "Integration Method": "nosplit_csr",
#        "Radial_Average_Method": "pyFAI",
#        "Sample-to-detector distance (mm)": 1790.0,
#        "Wavelength (A)": 0.8922346081119231
#    },
#    "config_file": "/nfs/chess/daq/2024-3/id7a/Winnikoff_10_17_24/HP-SAXS_10_20_24.cfg",
#    "counters": {
#        "Epoch": "14.300",
#        "I1": "0",
#        "I2": "0",
#        "I3": "0",
#        "Seconds": "1",
#        "Time": "1.97887e-05",
#        "date": "Fri Oct 18 07:34:44 2024",
#        "diode": "40615"
#    },
#    "filename": "D2M0010_035C_000MPa_up_2_data_000001_00001.h5",
#    "history": {},
#    "imageHeader": {},
#    "load_path": "/nfs/chess/daq/2024-3/id7a/Milshteyn_10_18_2024/D2M0010/D2M0010_035C_000MPa_up_2_data_000001.h5",
#    "normalizations": {
#        "Absolute_scale": {
#            "Absolute_scale_factor": 0.049803809341568875,
#            "Method": "Water"
#        },
#        "Counter_norms": [
#            [
#                "/",
#                "diode/150000"
#            ]
#        ],
#        "Polarization": {
#            "Used": false
#        },
#        "Solid_Angle_Correction": "On"
#    },
#    "raw_version": "2.1.4"
#}

