### DATA:
#
# 1802
#      Q             I(Q)           Error     
1.16130467E-02  8.85183334E+00  1.42002583E-01
1.19070479E-02  8.27767372E+00  1.39039412E-01
1.22010491E-02  8.09037018E+00  1.69376910E-01
1.24950503E-02  7.68690443E+00  1.30597696E-01
1.27890515E-02  6.65986776E+00  9.72068235E-02
1.30830527E-02  6.00555182E+00  9.82722417E-02
1.33770538E-02  6.20158911E+00  9.42182913E-02
1.36710550E-02  5.67704296E+00  8.71444866E-02
1.39650562E-02  5.15470123E+00  8.93377960E-02
1.42590574E-02  4.78909206E+00  6.46663904E-02
1.45530586E-02  4.46135807E+00  6.12617359E-02
1.48470598E-02  4.39209938E+00  6.75360262E-02
1.51410609E-02  3.83400202E+00  5.64659722E-02
1.54350621E-02  3.82335782E+00  5.70182502E-02
1.57290633E-02  3.72878027E+00  4.76003885E-02
1.60230645E-02  3.31106329E+00  5.06251603E-02
1.63170657E-02  3.24190879E+00  4.79579233E-02
1.66110669E-02  3.06303287E+00  4.41633873E-02
1.69050680E-02  3.03521204E+00  4.15880121E-02
1.71990692E-02  2.82712317E+00  3.64116766E-02
1.74930704E-02  2.69770408E+00  3.61500718E-02
1.77870716E-02  2.48418975E+00  3.26827988E-02
1.80810728E-02  2.39159465E+00  3.32458727E-02
1.83750740E-02  2.45415950E+00  3.24090794E-02
1.86690751E-02  2.34188747E+00  2.94624362E-02
1.89630763E-02  2.13071942E+00  2.89792717E-02
1.92570775E-02  1.91044688E+00  2.53787544E-02
1.95510787E-02  1.86340165E+00  2.46056132E-02
1.98450799E-02  1.80632365E+00  2.22606491E-02
2.01390811E-02  1.76405787E+00  2.45115850E-02
2.04330822E-02  1.68477607E+00  2.05558222E-02
2.07270834E-02  1.65998340E+00  2.18346175E-02
2.10210846E-02  1.61678827E+00  2.10290849E-02
2.13150858E-02  1.48519480E+00  1.67212300E-02
2.16090870E-02  1.47678351E+00  1.79429278E-02
2.19030882E-02  1.50053442E+00  1.81595329E-02
2.21970893E-02  1.35942817E+00  1.71659812E-02
2.24910905E-02  1.34063661E+00  1.61786843E-02
2.27850917E-02  1.32966387E+00  1.55739300E-02
2.30790929E-02  1.31984210E+00  1.43273445E-02
2.33730941E-02  1.34423149E+00  1.52762327E-02
2.36670953E-02  1.27446508E+00  1.51319541E-02
2.39610964E-02  1.25889301E+00  1.52566433E-02
2.42550976E-02  1.22030687E+00  1.47148622E-02
2.45490988E-02  1.20413709E+00  1.43131707E-02
2.48431000E-02  1.20337844E+00  1.35066854E-02
2.51371012E-02  1.09877133E+00  1.29969502E-02
2.54311024E-02  1.08789480E+00  1.39974682E-02
2.57251035E-02  1.12305343E+00  1.29825016E-02
2.60191047E-02  1.11123657E+00  1.33650079E-02
2.63131059E-02  1.09442747E+00  1.25856493E-02
2.66071071E-02  1.03467512E+00  1.23953931E-02
2.69011083E-02  1.02713287E+00  1.23580396E-02
2.71951094E-02  1.02666759E+00  1.22170281E-02
2.74891106E-02  1.06274867E+00  1.25833750E-02
2.77831118E-02  1.08488524E+00  1.18073756E-02
2.80771130E-02  9.94314909E-01  1.21954503E-02
2.83711142E-02  9.59501982E-01  1.18699064E-02
2.86651154E-02  9.63421404E-01  1.06240436E-02
2.89591165E-02  9.18115735E-01  1.10381870E-02
2.92531177E-02  9.13910687E-01  1.06069557E-02
2.95471189E-02  9.46212888E-01  1.06753195E-02
2.98411201E-02  8.97951484E-01  9.53605212E-03
3.01351213E-02  9.59194183E-01  1.11679146E-02
3.04291225E-02  9.24494445E-01  1.07448027E-02
3.07231236E-02  9.36963975E-01  1.07858963E-02
3.10171248E-02  8.94759834E-01  1.08288089E-02
3.13111260E-02  9.08713043E-01  1.03427246E-02
3.16051272E-02  8.70460629E-01  9.63607896E-03
3.18991284E-02  8.94150674E-01  1.03688380E-02
3.21931296E-02  8.61231387E-01  9.68568213E-03
3.24871307E-02  8.58566463E-01  9.68216825E-03
3.27811319E-02  8.54330420E-01  9.44384653E-03
3.30751331E-02  8.91080022E-01  9.80564579E-03
3.33691343E-02  8.82002175E-01  1.02139926E-02
3.36631355E-02  8.83551776E-01  9.60680097E-03
3.39571367E-02  8.46537948E-01  9.11937375E-03
3.42511378E-02  8.25955570E-01  9.09178425E-03
3.45451390E-02  8.16356599E-01  9.16644372E-03
3.48391402E-02  8.08083355E-01  8.65258742E-03
3.51331414E-02  7.89953589E-01  9.03195143E-03
3.54271426E-02  8.20128739E-01  7.93070067E-03
3.57211438E-02  8.14267278E-01  8.59505218E-03
3.60151449E-02  8.42178822E-01  8.00246000E-03
3.63091461E-02  8.25544655E-01  8.11215211E-03
3.66031473E-02  8.34573984E-01  8.22684448E-03
3.68971485E-02  8.46437812E-01  7.72968726E-03
3.71911497E-02  8.12851429E-01  7.31962314E-03
3.74851509E-02  8.63348603E-01  7.79941119E-03
3.77791520E-02  8.19552243E-01  7.51174241E-03
3.80731532E-02  8.14787805E-01  7.43968785E-03
3.83671544E-02  8.25746596E-01  7.35050859E-03
3.86611556E-02  8.11479926E-01  7.42360251E-03
3.89551568E-02  8.25162828E-01  7.68001657E-03
3.92491580E-02  8.15521121E-01  6.93846354E-03
3.95431591E-02  8.05992365E-01  7.26302294E-03
3.98371603E-02  8.38275790E-01  7.41456682E-03
4.01311615E-02  8.36941540E-01  7.49098137E-03
4.04251627E-02  8.41876566E-01  7.60518154E-03
4.07191639E-02  8.50965023E-01  6.86482619E-03
4.10131651E-02  8.35363090E-01  7.40928436E-03
4.13071662E-02  8.48952591E-01  7.09751714E-03
4.16011674E-02  8.65875900E-01  7.39226863E-03
4.18951686E-02  8.66497874E-01  7.19152624E-03
4.21891698E-02  8.60364974E-01  6.80937944E-03
4.24831710E-02  8.75415325E-01  7.55804870E-03
4.27771722E-02  8.66080344E-01  7.19508529E-03
4.30711733E-02  8.86013865E-01  7.27914553E-03
4.33651745E-02  8.67463708E-01  7.17771845E-03
4.36591757E-02  9.09505308E-01  7.44707417E-03
4.39531769E-02  8.91066909E-01  7.29541946E-03
4.42471781E-02  8.78577173E-01  7.06556858E-03
4.45411793E-02  9.13564205E-01  7.03325775E-03
4.48351804E-02  9.09862399E-01  6.77288696E-03
4.51291816E-02  9.11860168E-01  7.22448947E-03
4.54231828E-02  9.14550781E-01  7.45856762E-03
4.57171840E-02  9.59888339E-01  7.21492153E-03
4.60111852E-02  8.99569988E-01  7.18481233E-03
4.63051864E-02  9.20797825E-01  6.97813509E-03
4.65991875E-02  9.85697567E-01  7.48586142E-03
4.68931887E-02  9.27763343E-01  7.38696335E-03
4.71871899E-02  9.92162824E-01  7.11256824E-03
4.74811911E-02  9.79168713E-01  7.40515115E-03
4.77751923E-02  9.85105813E-01  7.20730564E-03
4.80691935E-02  1.02145278E+00  7.75760738E-03
4.83631946E-02  1.02564704E+00  7.67605007E-03
4.86571958E-02  1.03214562E+00  7.45726191E-03
4.89511970E-02  1.05235493E+00  7.75005901E-03
4.92451982E-02  1.08411384E+00  7.86714908E-03
4.95391994E-02  1.04856658E+00  7.80436723E-03
4.98332006E-02  1.07659769E+00  7.94814620E-03
5.01272017E-02  1.10782373E+00  7.50989560E-03
5.04212029E-02  1.12125945E+00  8.05686507E-03
5.07152041E-02  1.14226282E+00  8.03322159E-03
5.10092053E-02  1.15781486E+00  8.00834596E-03
5.13032065E-02  1.16304827E+00  8.09693336E-03
5.15972077E-02  1.17719769E+00  7.97369331E-03
5.18912088E-02  1.22015178E+00  8.33583064E-03
5.21852100E-02  1.22158957E+00  7.85636343E-03
5.24792112E-02  1.25340188E+00  8.30802601E-03
5.27732124E-02  1.27254772E+00  8.13884661E-03
5.30672136E-02  1.29443288E+00  8.53314437E-03
5.33612148E-02  1.32466948E+00  8.55563022E-03
5.36552159E-02  1.30803001E+00  8.39479268E-03
5.39492171E-02  1.33427238E+00  8.70407745E-03
5.42432183E-02  1.40606821E+00  9.11261421E-03
5.45372195E-02  1.43839252E+00  9.43641271E-03
5.48312207E-02  1.44795489E+00  9.33629274E-03
5.51252219E-02  1.44896865E+00  9.29106865E-03
5.54192230E-02  1.49886477E+00  9.12709255E-03
5.57132242E-02  1.56593657E+00  9.49890725E-03
5.60072254E-02  1.54632330E+00  9.24703199E-03
5.63012266E-02  1.59162641E+00  9.77854431E-03
5.65952278E-02  1.62678170E+00  9.61366203E-03
5.68892290E-02  1.64628541E+00  1.01037603E-02
5.71832301E-02  1.70105422E+00  1.03003234E-02
5.74772313E-02  1.75617075E+00  1.02694957E-02
5.77712325E-02  1.79820526E+00  1.08332643E-02
5.80652337E-02  1.87345231E+00  1.06625874E-02
5.83592349E-02  1.89408720E+00  1.15994709E-02
5.86532361E-02  1.98642337E+00  1.15091493E-02
5.89472372E-02  2.01731277E+00  1.13462200E-02
5.92412384E-02  2.09333372E+00  1.21569838E-02
5.95352396E-02  2.11322832E+00  1.24181584E-02
5.98292408E-02  2.24021578E+00  1.28769791E-02
6.01232420E-02  2.26854634E+00  1.31921107E-02
6.04172432E-02  2.38392305E+00  1.41896671E-02
6.07112443E-02  2.42840815E+00  1.35438535E-02
6.10052455E-02  2.51270676E+00  1.44732585E-02
6.12992467E-02  2.59170723E+00  1.49106998E-02
6.15932479E-02  2.70696092E+00  1.57705713E-02
6.18872491E-02  2.78730631E+00  1.63902994E-02
6.21812503E-02  2.87481546E+00  1.68459751E-02
6.24752514E-02  2.98352289E+00  1.81713607E-02
6.27692526E-02  3.18280983E+00  1.90531593E-02
6.30632538E-02  3.23933935E+00  1.89846344E-02
6.33572550E-02  3.43533397E+00  2.09040530E-02
6.36512562E-02  3.57385445E+00  2.20729262E-02
6.39452574E-02  3.74266005E+00  2.33528614E-02
6.42392585E-02  3.94830012E+00  2.55126990E-02
6.45332597E-02  4.08009958E+00  2.59369928E-02
6.48272609E-02  4.34387302E+00  2.89593767E-02
6.51212621E-02  4.55349970E+00  2.92734280E-02
6.54152633E-02  4.83481932E+00  3.30332816E-02
6.57092645E-02  5.01002359E+00  3.44653092E-02
6.60032656E-02  5.37437010E+00  3.82038169E-02
6.62972668E-02  5.62283421E+00  3.93768623E-02
6.65912680E-02  5.98135328E+00  4.33225147E-02
6.68852692E-02  6.40266180E+00  4.78979610E-02
6.71792704E-02  6.78249931E+00  5.03244437E-02
6.74732716E-02  7.15073299E+00  5.51693328E-02
6.77672727E-02  7.67175674E+00  6.06783293E-02
6.80612739E-02  8.20714855E+00  6.66666254E-02
6.83552751E-02  8.82694054E+00  7.23471865E-02
6.86492763E-02  9.48784733E+00  7.80067071E-02
6.89432775E-02  1.01973362E+01  8.70818347E-02
6.92372787E-02  1.09924049E+01  9.35644135E-02
6.95312798E-02  1.17066479E+01  1.00283302E-01
6.98252810E-02  1.27375193E+01  1.10095903E-01
7.01192822E-02  1.34622374E+01  1.14690088E-01
7.04132834E-02  1.45175152E+01  1.24916583E-01
7.07072846E-02  1.54309225E+01  1.29653677E-01
7.10012858E-02  1.64682045E+01  1.34644404E-01
7.12952869E-02  1.75485611E+01  1.41836673E-01
7.15892881E-02  1.87571621E+01  1.43514276E-01
7.18832893E-02  1.97474537E+01  1.48562938E-01
7.21772905E-02  2.06802731E+01  1.45960361E-01
7.24712917E-02  2.17706051E+01  1.45817280E-01
7.27652929E-02  2.26206684E+01  1.38083607E-01
7.30592940E-02  2.35888062E+01  1.28860518E-01
7.33532952E-02  2.42407112E+01  1.18925601E-01
7.36472964E-02  2.49699612E+01  1.07990116E-01
7.39412976E-02  2.55441208E+01  9.38636139E-02
7.42352988E-02  2.62847137E+01  8.39276463E-02
7.45293000E-02  2.65985756E+01  7.06472471E-02
7.48233011E-02  2.70661659E+01  6.51733354E-02
7.51173023E-02  2.73498764E+01  6.57519475E-02
7.54113035E-02  2.75644283E+01  7.48986527E-02
7.57053047E-02  2.77911549E+01  8.78927931E-02
7.59993059E-02  2.79151516E+01  1.00029670E-01
7.62933071E-02  2.77410564E+01  1.16127215E-01
7.65873082E-02  2.75777969E+01  1.29714251E-01
7.68813094E-02  2.73161907E+01  1.40714243E-01
7.71753106E-02  2.68522472E+01  1.54579639E-01
7.74693118E-02  2.61328621E+01  1.59398198E-01
7.77633130E-02  2.53525562E+01  1.67022526E-01
7.80573141E-02  2.42837582E+01  1.66818962E-01
7.83513153E-02  2.31003132E+01  1.68708682E-01
7.86453165E-02  2.17784595E+01  1.60132706E-01
7.89393177E-02  2.01029530E+01  1.53098121E-01
7.92333189E-02  1.86480064E+01  1.46021083E-01
7.95273201E-02  1.72953434E+01  1.33959860E-01
7.98213212E-02  1.55906286E+01  1.23038016E-01
8.01153224E-02  1.42310858E+01  1.09634161E-01
8.04093236E-02  1.29262505E+01  9.90503430E-02
8.07033248E-02  1.17352982E+01  8.72676447E-02
8.09973260E-02  1.05849972E+01  7.75512904E-02
8.12913272E-02  9.53136444E+00  6.76963404E-02
8.15853283E-02  8.69217491E+00  5.90447597E-02
8.18793295E-02  7.83242178E+00  5.28581701E-02
8.21733307E-02  7.26944160E+00  4.63310592E-02
8.24673319E-02  6.61999750E+00  4.01918553E-02
8.27613331E-02  6.05946636E+00  3.45751122E-02
8.30553343E-02  5.69251680E+00  3.11437976E-02
8.33493354E-02  5.28134966E+00  2.87902448E-02
8.36433366E-02  5.00032759E+00  2.58810502E-02
8.39373378E-02  4.64328575E+00  2.30364185E-02
8.42313390E-02  4.39511585E+00  2.16484759E-02
8.45253402E-02  4.21711159E+00  1.97078642E-02
8.48193414E-02  3.97292566E+00  1.84404589E-02
8.51133425E-02  3.79342461E+00  1.74295567E-02
8.54073437E-02  3.61921620E+00  1.61140561E-02
8.57013449E-02  3.48710823E+00  1.48648880E-02
8.59953461E-02  3.36225104E+00  1.42927337E-02
8.62893473E-02  3.21535563E+00  1.36669092E-02
8.65833485E-02  3.11332703E+00  1.28840273E-02
8.68773496E-02  3.05155087E+00  1.29311122E-02
8.71713508E-02  2.94131327E+00  1.25507619E-02
8.74653520E-02  2.83503509E+00  1.20964097E-02
8.77593532E-02  2.76332521E+00  1.08913640E-02
8.80533544E-02  2.68418598E+00  1.05687948E-02
8.83473556E-02  2.65346217E+00  1.12568662E-02
8.86413567E-02  2.59935093E+00  1.01816477E-02
8.89353579E-02  2.52067542E+00  1.00263832E-02
8.92293591E-02  2.47273493E+00  9.89099964E-03
8.95233603E-02  2.43018413E+00  9.55062639E-03
8.98173615E-02  2.40278196E+00  9.45253391E-03
9.01113627E-02  2.36350322E+00  9.40883998E-03
9.04053638E-02  2.31192589E+00  9.39113088E-03
9.06993650E-02  2.31278896E+00  9.21947509E-03
9.09933662E-02  2.25484443E+00  9.17716417E-03
9.12873674E-02  2.22931147E+00  8.86153430E-03
9.15813686E-02  2.21548438E+00  8.74130987E-03
9.18753698E-02  2.17832351E+00  8.75350833E-03
9.21693709E-02  2.14321756E+00  8.88472144E-03
9.24633721E-02  2.18816185E+00  8.64161830E-03
9.27573733E-02  2.13038445E+00  8.66685901E-03
9.30513745E-02  2.08532500E+00  8.30490328E-03
9.33453757E-02  2.06414533E+00  8.46419670E-03
9.36393769E-02  2.06441116E+00  8.58595502E-03
9.39333780E-02  2.05496144E+00  8.07039160E-03
9.42273792E-02  2.04204178E+00  8.20086524E-03
9.45213804E-02  2.00072598E+00  8.12433101E-03
9.48153816E-02  2.02423429E+00  8.10849760E-03
9.51093828E-02  2.02088928E+00  7.89409876E-03
9.54033840E-02  1.98083091E+00  7.65072368E-03
9.56973851E-02  1.98549747E+00  7.73077691E-03
9.59913863E-02  1.94941247E+00  7.95031618E-03
9.62853875E-02  1.93840110E+00  7.67271174E-03
9.65793887E-02  1.92479861E+00  7.84785859E-03
9.68733899E-02  1.93883598E+00  7.79574644E-03
9.71673911E-02  1.91456819E+00  7.80257909E-03
9.74613922E-02  1.90964222E+00  7.45701743E-03
9.77553934E-02  1.91068637E+00  7.71609321E-03
9.80493946E-02  1.91478527E+00  7.71908509E-03
9.83433958E-02  1.88180375E+00  7.65173277E-03
9.86373970E-02  1.90063477E+00  7.54542556E-03
9.89313982E-02  1.88035369E+00  7.56788440E-03
9.92253993E-02  1.87431455E+00  7.45633291E-03
9.95194005E-02  1.89415431E+00  7.51646748E-03
9.98134017E-02  1.90045834E+00  7.46991020E-03
1.00107403E-01  1.90794718E+00  7.67111033E-03
1.00401404E-01  1.92226529E+00  7.55906664E-03
1.00695405E-01  1.88386965E+00  7.64433620E-03
1.00989406E-01  1.89811945E+00  7.38002732E-03
1.01283408E-01  1.89089811E+00  7.40701426E-03
1.01577409E-01  1.91948450E+00  7.63404695E-03
1.01871410E-01  1.90907705E+00  7.43296277E-03
1.02165411E-01  1.89217448E+00  7.47914566E-03
1.02459412E-01  1.89458859E+00  7.58039905E-03
1.02753414E-01  1.89723921E+00  7.67717604E-03
1.03047415E-01  1.89403975E+00  7.46489689E-03
1.03341416E-01  1.93483841E+00  7.59777147E-03
1.03635417E-01  1.92053175E+00  7.81186856E-03
1.03929418E-01  1.94936287E+00  7.41485087E-03
1.04223419E-01  1.94137132E+00  7.73329334E-03
1.04517421E-01  1.96300662E+00  7.34417979E-03
1.04811422E-01  1.96401119E+00  7.73211708E-03
1.05105423E-01  1.96227586E+00  7.57769495E-03
1.05399424E-01  1.97004116E+00  7.74954446E-03
1.05693425E-01  2.00239372E+00  7.47275259E-03
1.05987427E-01  2.00588346E+00  7.40748132E-03
1.06281428E-01  2.01843834E+00  7.60840205E-03
1.06575429E-01  2.02925706E+00  7.83998240E-03
1.06869430E-01  2.02584887E+00  7.66023714E-03
1.07163431E-01  2.03881645E+00  7.78934220E-03
1.07457432E-01  2.05640101E+00  7.72592658E-03
1.07751434E-01  2.05817723E+00  7.84821529E-03
1.08045435E-01  2.07817364E+00  7.77491648E-03
1.08339436E-01  2.12717557E+00  7.98499025E-03
1.08633437E-01  2.11474776E+00  7.77418446E-03
1.08927438E-01  2.15049100E+00  7.83623476E-03
1.09221440E-01  2.14849520E+00  7.99072348E-03
1.09515441E-01  2.19828892E+00  7.70716555E-03
1.09809442E-01  2.17322540E+00  8.14737007E-03
1.10103443E-01  2.21517444E+00  8.33371934E-03
1.10397444E-01  2.22839475E+00  7.90367089E-03
1.10691445E-01  2.26516581E+00  8.70715547E-03
1.10985447E-01  2.28961706E+00  8.28705449E-03
1.11279448E-01  2.31441689E+00  8.43445119E-03
1.11573449E-01  2.32724500E+00  8.46313965E-03
1.11867450E-01  2.37856030E+00  8.35439842E-03
1.12161451E-01  2.39612794E+00  8.37107655E-03
1.12455453E-01  2.40430546E+00  8.56761821E-03
1.12749454E-01  2.42502260E+00  8.56880099E-03
1.13043455E-01  2.51821351E+00  9.00048018E-03
1.13337456E-01  2.52177024E+00  8.78865458E-03
1.13631457E-01  2.57275081E+00  9.08621587E-03
1.13925459E-01  2.57603621E+00  8.95990245E-03
1.14219460E-01  2.64426851E+00  8.59882403E-03
1.14513461E-01  2.66686511E+00  9.44189727E-03
1.14807462E-01  2.72253227E+00  9.10208188E-03
1.15101463E-01  2.72963023E+00  9.54265334E-03
1.15395464E-01  2.79436588E+00  9.36117861E-03
1.15689466E-01  2.79865813E+00  9.85370483E-03
1.15983467E-01  2.87449336E+00  9.89452563E-03
1.16277468E-01  2.94466043E+00  1.01817269E-02
1.16571469E-01  2.98717856E+00  1.03080906E-02
1.16865470E-01  3.07325864E+00  1.06538311E-02
1.17159472E-01  3.15027690E+00  1.12846391E-02
1.17453473E-01  3.21105957E+00  1.09548988E-02
1.17747474E-01  3.23918605E+00  1.10574644E-02
1.18041475E-01  3.34373927E+00  1.16604138E-02
1.18335476E-01  3.35599375E+00  1.12979664E-02
1.18629477E-01  3.49640512E+00  1.20357126E-02
1.18923479E-01  3.59140944E+00  1.24319978E-02
1.19217480E-01  3.71770883E+00  1.26849338E-02
1.19511481E-01  3.81119537E+00  1.31447222E-02
1.19805482E-01  3.90072870E+00  1.33747738E-02
1.20099483E-01  4.02430773E+00  1.42709240E-02
1.20393485E-01  4.07877016E+00  1.42463651E-02
1.20687486E-01  4.22937298E+00  1.43979918E-02
1.20981487E-01  4.39596176E+00  1.59782879E-02
1.21275488E-01  4.44999743E+00  1.59475319E-02
1.21569489E-01  4.62947607E+00  1.69789698E-02
1.21863490E-01  4.74426174E+00  1.62224788E-02
1.22157492E-01  4.93604231E+00  1.77774820E-02
1.22451493E-01  5.11406898E+00  1.74987819E-02
1.22745494E-01  5.26730919E+00  1.90527979E-02
1.23039495E-01  5.42774630E+00  1.96553953E-02
1.23333496E-01  5.64696217E+00  2.09488459E-02
1.23627498E-01  5.84004354E+00  2.15763506E-02
1.23921499E-01  6.00623369E+00  2.13165600E-02
1.24215500E-01  6.28753710E+00  2.32444238E-02
1.24509501E-01  6.46913004E+00  2.41567902E-02
1.24803502E-01  6.64916658E+00  2.33020894E-02
1.25097503E-01  6.91772079E+00  2.47723404E-02
1.25391505E-01  7.14808750E+00  2.53012553E-02
1.25685506E-01  7.42655516E+00  2.58661229E-02
1.25979507E-01  7.64230585E+00  2.55670305E-02
1.26273508E-01  7.84179592E+00  2.50758771E-02
1.26567509E-01  8.04068661E+00  2.62048300E-02
1.26861511E-01  8.31528473E+00  2.56745089E-02
1.27155512E-01  8.53484726E+00  2.55965926E-02
1.27449513E-01  8.62595177E+00  2.35615373E-02
1.27743514E-01  8.85683727E+00  2.29442269E-02
1.28037515E-01  8.92516327E+00  2.25855280E-02
1.28331516E-01  9.18293858E+00  2.08323561E-02
1.28625518E-01  9.33907032E+00  2.00953074E-02
1.28919519E-01  9.42280674E+00  1.94111839E-02
1.29213520E-01  9.44524574E+00  1.77556332E-02
1.29507521E-01  9.56446552E+00  1.79363899E-02
1.29801522E-01  9.57411480E+00  1.75689496E-02
1.30095524E-01  9.50569057E+00  1.75552275E-02
1.30389525E-01  9.60749912E+00  1.84703022E-02
1.30683526E-01  9.52988815E+00  2.09157374E-02
1.30977527E-01  9.44604015E+00  2.19422970E-02
1.31271528E-01  9.38578606E+00  2.34617181E-02
1.31565529E-01  9.30827427E+00  2.63785943E-02
1.31859531E-01  9.12876797E+00  2.73156948E-02
1.32153532E-01  8.99559116E+00  2.97944341E-02
1.32447533E-01  8.85882950E+00  3.20131890E-02
1.32741534E-01  8.64870739E+00  3.31316032E-02
1.33035535E-01  8.35052013E+00  3.44268754E-02
1.33329537E-01  8.18673897E+00  3.38051729E-02
1.33623538E-01  7.99926424E+00  3.57250199E-02
1.33917539E-01  7.73159170E+00  3.56143154E-02
1.34211540E-01  7.54333258E+00  3.58954892E-02
1.34505541E-01  7.18753672E+00  3.35185267E-02
1.34799543E-01  6.97774601E+00  3.17460150E-02
1.35093544E-01  6.64498711E+00  3.02965865E-02
1.35387545E-01  6.44125843E+00  2.86691245E-02
1.35681546E-01  6.12479925E+00  2.77271029E-02
1.35975547E-01  5.85410547E+00  2.62013506E-02
1.36269548E-01  5.54129457E+00  2.36205962E-02
1.36563550E-01  5.31532574E+00  2.26295106E-02
1.36857551E-01  5.09029198E+00  2.10829303E-02
1.37151552E-01  4.87585783E+00  1.96626857E-02
1.37445553E-01  4.65371609E+00  1.76677480E-02
1.37739554E-01  4.47436762E+00  1.64996982E-02
1.38033556E-01  4.32138729E+00  1.49926804E-02
1.38327557E-01  4.17534733E+00  1.39082754E-02
1.38621558E-01  4.01932907E+00  1.35248154E-02
1.38915559E-01  3.93136644E+00  1.24960560E-02
1.39209560E-01  3.82724285E+00  1.16120744E-02
1.39503561E-01  3.72955680E+00  1.14861457E-02
1.39797563E-01  3.63619900E+00  1.08498503E-02
1.40091564E-01  3.58139062E+00  1.05142016E-02
1.40385565E-01  3.52260041E+00  1.02591775E-02
1.40679566E-01  3.49820209E+00  9.99130215E-03
1.40973567E-01  3.44256234E+00  9.75376554E-03
1.41267569E-01  3.42617702E+00  9.75914299E-03
1.41561570E-01  3.39089394E+00  9.44407843E-03
1.41855571E-01  3.38598633E+00  9.12825670E-03
1.42149572E-01  3.38686419E+00  9.36912745E-03
1.42443573E-01  3.38610554E+00  9.21189785E-03
1.42737574E-01  3.40087605E+00  9.27126035E-03
1.43031576E-01  3.42636299E+00  9.76100285E-03
1.43325577E-01  3.44042325E+00  9.60766897E-03
1.43619578E-01  3.48659801E+00  9.87427682E-03
1.43913579E-01  3.49162817E+00  9.75130498E-03
1.44207580E-01  3.51804113E+00  9.98922810E-03
1.44501582E-01  3.51118588E+00  9.96556412E-03
1.44795583E-01  3.58787298E+00  9.91262309E-03
1.45089584E-01  3.63921762E+00  1.01310639E-02
1.45383585E-01  3.65800834E+00  1.03327911E-02
1.45677586E-01  3.77533650E+00  1.02707064E-02
1.45971587E-01  3.78869295E+00  1.09331217E-02
1.46265589E-01  3.84158611E+00  1.04435990E-02
1.46559590E-01  3.92959642E+00  1.07773747E-02
1.46853591E-01  4.00335360E+00  1.08288582E-02
1.47147592E-01  3.96582651E+00  1.06323399E-02
1.47441593E-01  4.04932976E+00  1.02570662E-02
1.47735595E-01  4.11846876E+00  1.08910128E-02
1.48029596E-01  4.16273451E+00  1.06616793E-02
1.48323597E-01  4.23155737E+00  1.05027808E-02
1.48617598E-01  4.21988153E+00  1.01783872E-02
1.48911599E-01  4.32047510E+00  1.01685449E-02
1.49205600E-01  4.33280230E+00  1.01090660E-02
1.49499602E-01  4.29345226E+00  9.98598617E-03
1.49793603E-01  4.33628798E+00  1.00179845E-02
1.50087604E-01  4.32714319E+00  1.00857569E-02
1.50381605E-01  4.37000942E+00  1.01544587E-02
1.50675606E-01  4.38571072E+00  1.03320191E-02
1.50969608E-01  4.35873318E+00  1.03358189E-02
1.51263609E-01  4.33696651E+00  1.02047296E-02
1.51557610E-01  4.30211020E+00  1.09474622E-02
1.51851611E-01  4.29126835E+00  1.11669106E-02
1.52145612E-01  4.24575472E+00  1.13397110E-02
1.52439614E-01  4.17796898E+00  1.19962264E-02
1.52733615E-01  4.16550922E+00  1.17706796E-02
1.53027616E-01  4.09083176E+00  1.19468505E-02
1.53321617E-01  4.00450993E+00  1.22978352E-02
1.53615618E-01  3.95761681E+00  1.24661606E-02
1.53909619E-01  3.86669779E+00  1.23301838E-02
1.54203621E-01  3.73352432E+00  1.22765480E-02
1.54497622E-01  3.67617464E+00  1.25873052E-02
1.54791623E-01  3.58780384E+00  1.20626297E-02
1.55085624E-01  3.49484658E+00  1.24351792E-02
1.55379625E-01  3.41011071E+00  1.19791860E-02
1.55673627E-01  3.31639099E+00  1.16478931E-02
1.55967628E-01  3.17510653E+00  1.13312090E-02
1.56261629E-01  3.11876106E+00  1.08581567E-02
1.56555630E-01  2.96912837E+00  1.09511409E-02
1.56849631E-01  2.88129020E+00  1.04835676E-02
1.57143632E-01  2.77968669E+00  1.00888796E-02
1.57437634E-01  2.71039677E+00  9.71963536E-03
1.57731635E-01  2.62767339E+00  9.52074490E-03
1.58025636E-01  2.52273822E+00  8.94608535E-03
1.58319637E-01  2.48266125E+00  8.86523444E-03
1.58613638E-01  2.38604331E+00  8.42288043E-03
1.58907640E-01  2.32683682E+00  8.58440995E-03
1.59201641E-01  2.26546812E+00  8.23278446E-03
1.59495642E-01  2.20875835E+00  7.76825333E-03
1.59789643E-01  2.13058305E+00  7.73279043E-03
1.60083644E-01  2.09463501E+00  7.43716722E-03
1.60377645E-01  2.04428077E+00  7.38608837E-03
1.60671647E-01  2.00492835E+00  7.15021836E-03
1.60965648E-01  1.95651960E+00  7.00111967E-03
1.61259649E-01  1.89434540E+00  6.91616768E-03
1.61553650E-01  1.88326192E+00  6.76430715E-03
1.61847651E-01  1.85403299E+00  6.49207365E-03
1.62141653E-01  1.84042525E+00  6.57903822E-03
1.62435654E-01  1.77931583E+00  6.49019983E-03
1.62729655E-01  1.76890993E+00  6.52122311E-03
1.63023656E-01  1.74293983E+00  6.53393520E-03
1.63317657E-01  1.73385036E+00  6.43636845E-03
1.63611658E-01  1.68946135E+00  6.20068237E-03
1.63905660E-01  1.68738270E+00  6.13570726E-03
1.64199661E-01  1.65150785E+00  5.99770155E-03
1.64493662E-01  1.61940515E+00  6.21207338E-03
1.64787663E-01  1.64198303E+00  5.96599607E-03
1.65081664E-01  1.61008763E+00  6.05197903E-03
1.65375666E-01  1.55702782E+00  5.97434770E-03
1.65669667E-01  1.56436658E+00  5.72967296E-03
1.65963668E-01  1.54532576E+00  5.87065145E-03
1.66257669E-01  1.54804707E+00  5.86521579E-03
1.66551670E-01  1.50705898E+00  5.69090620E-03
1.66845671E-01  1.50936627E+00  5.80022717E-03
1.67139673E-01  1.49221158E+00  5.64787071E-03
1.67433674E-01  1.48157954E+00  5.74628077E-03
1.67727675E-01  1.47771001E+00  5.39864413E-03
1.68021676E-01  1.47382212E+00  5.40768495E-03
1.68315677E-01  1.45052433E+00  5.62608847E-03
1.68609679E-01  1.45982778E+00  5.44803031E-03
1.68903680E-01  1.41323197E+00  5.42002963E-03
1.69197681E-01  1.42664921E+00  5.33377472E-03
1.69491682E-01  1.42939961E+00  5.49940439E-03
1.69785683E-01  1.40660059E+00  5.36506716E-03
1.70079685E-01  1.41597891E+00  5.51363360E-03
1.70373686E-01  1.40452790E+00  5.50456578E-03
1.70667687E-01  1.39771140E+00  5.29740052E-03
1.70961688E-01  1.37204015E+00  5.17503917E-03
1.71255689E-01  1.36662340E+00  5.26188361E-03
1.71549690E-01  1.36932337E+00  5.34478761E-03
1.71843692E-01  1.34136903E+00  4.99945320E-03
1.72137693E-01  1.35355270E+00  5.18614566E-03
1.72431694E-01  1.33890879E+00  5.05567202E-03
1.72725695E-01  1.34018636E+00  5.17895166E-03
1.73019696E-01  1.33223140E+00  5.28141344E-03
1.73313698E-01  1.30941546E+00  5.14216861E-03
1.73607699E-01  1.31220949E+00  5.03458502E-03
1.73901700E-01  1.32188857E+00  5.14675537E-03
1.74195701E-01  1.31171727E+00  5.06589189E-03
1.74489702E-01  1.32067692E+00  5.10607986E-03
1.74783703E-01  1.32068110E+00  5.16060600E-03
1.75077705E-01  1.29734945E+00  5.05484641E-03
1.75371706E-01  1.32863343E+00  5.20221563E-03
1.75665707E-01  1.30566621E+00  5.03257010E-03
1.75959708E-01  1.29913342E+00  4.90812026E-03
1.76253709E-01  1.29686928E+00  4.94668167E-03
1.76547711E-01  1.29809189E+00  5.00995759E-03
1.76841712E-01  1.28896189E+00  5.07675065E-03
1.77135713E-01  1.29389858E+00  4.89360048E-03
1.77429714E-01  1.28028882E+00  5.04866056E-03
1.77723715E-01  1.30009842E+00  4.96294023E-03
1.78017716E-01  1.28661656E+00  5.03950240E-03
1.78311718E-01  1.29629171E+00  5.18047530E-03
1.78605719E-01  1.26854300E+00  5.00333263E-03
1.78899720E-01  1.27383983E+00  4.93748812E-03
1.79193721E-01  1.27547717E+00  4.98458184E-03
1.79487722E-01  1.28259408E+00  4.91627026E-03
1.79781724E-01  1.29166818E+00  4.95981285E-03
1.80075725E-01  1.28021419E+00  5.01884939E-03
1.80369726E-01  1.28748584E+00  4.97422321E-03
1.80663727E-01  1.28087318E+00  5.00078360E-03
1.80957728E-01  1.28606009E+00  4.98608639E-03
1.81251729E-01  1.31454003E+00  5.13691781E-03
1.81545731E-01  1.29815125E+00  4.98353690E-03
1.81839732E-01  1.27350152E+00  4.93100844E-03
1.82133733E-01  1.30176067E+00  5.10859117E-03
1.82427734E-01  1.29019761E+00  5.07167773E-03
1.82721735E-01  1.30959749E+00  4.98352759E-03
1.83015737E-01  1.29961002E+00  4.91957227E-03
1.83309738E-01  1.29399049E+00  5.00922557E-03
1.83603739E-01  1.32744956E+00  5.08107990E-03
1.83897740E-01  1.31106710E+00  5.03771799E-03
1.84191741E-01  1.32028222E+00  5.04895952E-03
1.84485742E-01  1.33942568E+00  5.03896875E-03
1.84779744E-01  1.33098435E+00  4.96579194E-03
1.85073745E-01  1.36167061E+00  5.01756324E-03
1.85367746E-01  1.36304080E+00  5.02983341E-03
1.85661747E-01  1.34827888E+00  5.07862633E-03
1.85955748E-01  1.37133718E+00  5.02725458E-03
1.86249750E-01  1.34236383E+00  4.96273767E-03
1.86543751E-01  1.36668801E+00  5.17113088E-03
1.86837752E-01  1.40826023E+00  5.12696616E-03
1.87131753E-01  1.38678432E+00  5.00376662E-03
1.87425754E-01  1.38312018E+00  4.97784000E-03
1.87719755E-01  1.40807450E+00  5.13185142E-03
1.88013757E-01  1.41861451E+00  5.11404360E-03
1.88307758E-01  1.41396022E+00  5.15742833E-03
1.88601759E-01  1.42515922E+00  5.15339896E-03
1.88895760E-01  1.44132948E+00  5.16623864E-03
1.89189761E-01  1.44267344E+00  5.10819117E-03
1.89483763E-01  1.46029758E+00  5.26773278E-03
1.89777764E-01  1.47423780E+00  5.23984944E-03
1.90071765E-01  1.47865510E+00  5.12303831E-03
1.90365766E-01  1.49247026E+00  5.33944834E-03
1.90659767E-01  1.50613952E+00  5.17723709E-03
1.90953769E-01  1.50981987E+00  5.22303255E-03
1.91247770E-01  1.52231395E+00  5.30171860E-03
1.91541771E-01  1.53956831E+00  5.34376409E-03
1.91835772E-01  1.54084527E+00  5.54938382E-03
1.92129773E-01  1.54884911E+00  5.29734837E-03
1.92423774E-01  1.56142724E+00  5.28604072E-03
1.92717776E-01  1.59171164E+00  5.38328057E-03
1.93011777E-01  1.58365965E+00  5.49359713E-03
1.93305778E-01  1.58921945E+00  5.43754501E-03
1.93599779E-01  1.60825360E+00  5.46635175E-03
1.93893780E-01  1.61624980E+00  5.30481758E-03
1.94187782E-01  1.62291479E+00  5.33692725E-03
1.94481783E-01  1.63488686E+00  5.57144266E-03
1.94775784E-01  1.64622831E+00  5.38699701E-03
1.95069785E-01  1.66358864E+00  5.38145471E-03
1.95363786E-01  1.64780271E+00  5.37718832E-03
1.95657787E-01  1.65753686E+00  5.41214831E-03
1.95951789E-01  1.64908683E+00  5.39933471E-03
1.96245790E-01  1.67885518E+00  5.40627865E-03
1.96539791E-01  1.66600847E+00  5.36279753E-03
1.96833792E-01  1.68091905E+00  5.35347965E-03
1.97127793E-01  1.66885042E+00  5.40083507E-03
1.97421795E-01  1.65680742E+00  5.53460466E-03
1.97715796E-01  1.63394284E+00  5.42680454E-03
1.98009797E-01  1.66680050E+00  5.35675930E-03
1.98303798E-01  1.66288126E+00  5.37806517E-03
1.98597799E-01  1.64595675E+00  5.47976233E-03
1.98891800E-01  1.62717330E+00  5.50287636E-03
1.99185802E-01  1.62394500E+00  5.34747401E-03
1.99479803E-01  1.62394118E+00  5.45395073E-03
1.99773804E-01  1.59373879E+00  5.46377338E-03
2.00067805E-01  1.58801734E+00  5.46018966E-03
2.00361806E-01  1.55739331E+00  5.35663869E-03
2.00655808E-01  1.56333160E+00  5.33769140E-03
2.00949809E-01  1.54444313E+00  5.44504449E-03
2.01243810E-01  1.52421713E+00  5.39442757E-03
2.01537811E-01  1.48543775E+00  5.32679725E-03
2.01831812E-01  1.47212958E+00  5.41545218E-03
2.02125813E-01  1.45519459E+00  5.24241338E-03
2.02419815E-01  1.41066647E+00  5.27900783E-03
2.02713816E-01  1.39061403E+00  5.17714024E-03
2.03007817E-01  1.37381542E+00  5.38282469E-03
2.03301818E-01  1.33981574E+00  5.12055820E-03
2.03595819E-01  1.33653426E+00  4.98860842E-03
2.03889821E-01  1.29684138E+00  5.01013361E-03
2.04183822E-01  1.25919998E+00  5.00984024E-03
2.04477823E-01  1.23392689E+00  4.68883291E-03
2.04771824E-01  1.20263028E+00  4.84427530E-03
2.05065825E-01  1.18782866E+00  4.68525058E-03
2.05359826E-01  1.14157200E+00  4.58526472E-03
2.05653828E-01  1.11755478E+00  4.70234873E-03
2.05947829E-01  1.11981106E+00  4.57826536E-03
2.06241830E-01  1.08271527E+00  4.46534995E-03
2.06535831E-01  1.05023313E+00  4.40778071E-03
2.06829832E-01  1.02348614E+00  4.37786104E-03
2.07123834E-01  1.01293647E+00  4.34484333E-03
2.07417835E-01  1.00195551E+00  4.28658770E-03
2.07711836E-01  9.70698118E-01  4.06485796E-03
2.08005837E-01  9.61788356E-01  3.98685224E-03
2.08299838E-01  9.58201945E-01  4.16153995E-03
2.08593840E-01  9.19691443E-01  4.11996618E-03
2.08887841E-01  9.03572917E-01  4.06497624E-03
2.09181842E-01  9.03799891E-01  3.90116777E-03
2.09475843E-01  8.77071857E-01  3.83416703E-03
2.09769844E-01  8.79451156E-01  3.81762860E-03
2.10063845E-01  8.56857955E-01  3.71817430E-03
2.10357847E-01  8.54645848E-01  3.70748830E-03
2.10651848E-01  8.38040233E-01  3.76349105E-03
2.10945849E-01  8.20737064E-01  3.74679943E-03
2.11239850E-01  8.28984380E-01  3.64491576E-03
2.11533851E-01  8.19998801E-01  3.59494425E-03
2.11827853E-01  8.21641505E-01  3.62634519E-03
2.12121854E-01  8.02288234E-01  3.60299810E-03
2.12415855E-01  8.13261867E-01  3.59604741E-03
2.12709856E-01  8.00581574E-01  3.65700363E-03
2.13003857E-01  7.99056768E-01  3.64553160E-03
2.13297858E-01  7.80647814E-01  3.57627776E-03
2.13591860E-01  7.95608938E-01  3.60928685E-03
2.13885861E-01  7.82670498E-01  3.53052095E-03
2.14179862E-01  7.85258889E-01  3.50039429E-03
2.14473863E-01  7.78093398E-01  3.61622055E-03
2.14767864E-01  7.73311853E-01  3.54894134E-03
2.15061866E-01  7.87811935E-01  3.51133780E-03
2.15355867E-01  7.75860727E-01  3.49649996E-03
2.15649868E-01  7.72868395E-01  3.49650113E-03
2.15943869E-01  7.72284627E-01  3.47229419E-03
2.16237870E-01  7.70643771E-01  3.47927748E-03
2.16531871E-01  7.76023149E-01  3.47478734E-03
2.16825873E-01  7.83461094E-01  3.53545020E-03
2.17119874E-01  7.71842420E-01  3.46962526E-03
2.17413875E-01  7.66220868E-01  3.49992537E-03
2.17707876E-01  7.69426346E-01  3.46804969E-03
2.18001877E-01  7.71055877E-01  3.51173896E-03
2.18295879E-01  7.65442789E-01  3.50808445E-03
2.18589880E-01  7.74596393E-01  3.47253261E-03
2.18883881E-01  7.75457859E-01  3.40065570E-03
2.19177882E-01  7.86500931E-01  3.55199492E-03
2.19471883E-01  7.84732997E-01  3.39671294E-03
2.19765884E-01  7.79179454E-01  3.54603375E-03
2.20059886E-01  7.82338738E-01  3.54024954E-03
2.20353887E-01  7.95144618E-01  3.52348434E-03
2.20647888E-01  7.97849894E-01  3.56310117E-03
2.20941889E-01  7.77342916E-01  3.45283351E-03
2.21235890E-01  7.87358284E-01  3.51987220E-03
2.21529892E-01  7.91827798E-01  3.49868834E-03
2.21823893E-01  7.90974081E-01  3.48563609E-03
2.22117894E-01  7.80871272E-01  3.46436491E-03
2.22411895E-01  8.14173222E-01  3.51121975E-03
2.22705896E-01  7.95504868E-01  3.57045582E-03
2.22999897E-01  7.86436975E-01  3.50110256E-03
2.23293899E-01  7.95431018E-01  3.50481621E-03
2.23587900E-01  7.89627671E-01  3.37398122E-03
2.23881901E-01  7.98107266E-01  3.53079382E-03
2.24175902E-01  7.78805792E-01  3.49157397E-03
2.24469903E-01  7.90330768E-01  3.39639909E-03
2.24763905E-01  7.85030305E-01  3.52278352E-03
2.25057906E-01  7.82459319E-01  3.53565323E-03
2.25351907E-01  7.89948285E-01  3.54891829E-03
2.25645908E-01  7.98527777E-01  3.53672425E-03
2.25939909E-01  7.83316433E-01  3.48866615E-03
2.26233911E-01  7.77934551E-01  3.48632713E-03
2.26527912E-01  7.70345867E-01  3.47925397E-03
2.26821913E-01  7.65355408E-01  3.40464432E-03
2.27115914E-01  7.77534306E-01  3.46098957E-03
2.27409915E-01  7.63622522E-01  3.46333580E-03
2.27703916E-01  7.56882727E-01  3.42458370E-03
2.27997918E-01  7.36814082E-01  3.35418899E-03
2.28291919E-01  7.55057156E-01  3.48778954E-03
2.28585920E-01  7.31349468E-01  3.28760664E-03
2.28879921E-01  7.29353905E-01  3.40754958E-03
2.29173922E-01  7.06187069E-01  3.36217298E-03
2.29467924E-01  7.06933081E-01  3.31920921E-03
2.29761925E-01  7.01704741E-01  3.33756884E-03
2.30055926E-01  7.07938612E-01  3.38974688E-03
2.30349927E-01  6.92884326E-01  3.33230430E-03
2.30643928E-01  6.76298857E-01  3.23877553E-03
2.30937929E-01  6.76652730E-01  3.11832130E-03
2.31231931E-01  6.61056995E-01  3.19788279E-03
2.31525932E-01  6.53015494E-01  3.20745143E-03
2.31819933E-01  6.45240188E-01  3.14260880E-03
2.32113934E-01  6.37794137E-01  3.03083099E-03
2.32407935E-01  6.36762381E-01  3.12189758E-03
2.32701937E-01  6.07513249E-01  3.04934080E-03
2.32995938E-01  6.06284857E-01  3.11235758E-03
2.33289939E-01  5.95271230E-01  2.92538060E-03
2.33583940E-01  5.95675707E-01  3.00410879E-03
2.33877941E-01  5.83876193E-01  2.90640374E-03
2.34171942E-01  5.79627156E-01  2.92246789E-03
2.34465944E-01  5.59180140E-01  2.91124731E-03
2.34759945E-01  5.65301001E-01  2.90625961E-03
2.35053946E-01  5.52395403E-01  2.87474832E-03
2.35347947E-01  5.52387297E-01  2.85642245E-03
2.35641948E-01  5.43814421E-01  2.89313402E-03
2.35935950E-01  5.24027288E-01  2.82052788E-03
2.36229951E-01  5.30841172E-01  2.75368942E-03
2.36523952E-01  5.25008559E-01  2.75250454E-03
2.36817953E-01  5.16981542E-01  2.82766763E-03
2.37111954E-01  5.06834447E-01  2.69304099E-03
2.37405955E-01  4.93933111E-01  2.72534858E-03
2.37699957E-01  4.93336797E-01  2.68089655E-03
2.37993958E-01  4.72194552E-01  2.59325071E-03
2.38287959E-01  4.81793523E-01  2.62316479E-03
2.38581960E-01  4.71005440E-01  2.59294198E-03
2.38875961E-01  4.76884931E-01  2.66823010E-03
2.39169963E-01  4.69305128E-01  2.68144673E-03
2.39463964E-01  4.69573706E-01  2.66009732E-03
2.39757965E-01  4.59070086E-01  2.60190712E-03
2.40051966E-01  4.53886241E-01  2.58743553E-03
2.40345967E-01  4.52342987E-01  2.49838503E-03
2.40639968E-01  4.47021455E-01  2.59770919E-03
2.40933970E-01  4.48306203E-01  2.51710904E-03
2.41227971E-01  4.50789869E-01  2.52857083E-03
2.41521972E-01  4.40331429E-01  2.49808468E-03
2.41815973E-01  4.41839516E-01  2.48217513E-03
2.42109974E-01  4.32716697E-01  2.42472277E-03
2.42403976E-01  4.24294502E-01  2.46325391E-03
2.42697977E-01  4.28887516E-01  2.51395185E-03
2.42991978E-01  4.30626988E-01  2.42736610E-03
2.43285979E-01  4.11184102E-01  2.43763602E-03
2.43579980E-01  4.14694309E-01  2.44319323E-03
2.43873981E-01  4.29771453E-01  2.43345159E-03
2.44167983E-01  4.25566763E-01  2.53448146E-03
2.44461984E-01  4.06107336E-01  2.38779350E-03
2.44755985E-01  4.02920723E-01  2.36435910E-03
2.45049986E-01  4.05366093E-01  2.39322055E-03
2.45343987E-01  4.11012113E-01  2.37073377E-03
2.45637989E-01  3.98015022E-01  2.35790806E-03
2.45931990E-01  4.06869918E-01  2.34582159E-03
2.46225991E-01  4.02722210E-01  2.43411097E-03
2.46519992E-01  3.95269156E-01  2.32243445E-03
2.46813993E-01  4.03760016E-01  2.39395350E-03
2.47107995E-01  3.94123107E-01  2.34669214E-03
2.47401996E-01  3.87636632E-01  2.30254000E-03
2.47695997E-01  3.85939091E-01  2.33268412E-03
2.47989998E-01  3.89153689E-01  2.32965779E-03
2.48283999E-01  3.89094174E-01  2.32155039E-03
2.48578000E-01  3.83483469E-01  2.32001184E-03
2.48872002E-01  3.80368829E-01  2.33814539E-03
2.49166003E-01  3.76690894E-01  2.35117576E-03
2.49460004E-01  3.68898511E-01  2.21902411E-03
2.49754005E-01  3.69570971E-01  2.27596657E-03
2.50048006E-01  3.82463813E-01  2.31162249E-03
2.50342008E-01  3.74247819E-01  2.30939919E-03
2.50636009E-01  3.77234817E-01  2.24236399E-03
2.50930010E-01  3.72884005E-01  2.26821145E-03
2.51224011E-01  3.70338231E-01  2.28951359E-03
2.51518012E-01  3.65526080E-01  2.23563379E-03
2.51812013E-01  3.74259412E-01  2.22399947E-03
2.52106015E-01  3.72714579E-01  2.28612754E-03
2.52400016E-01  3.69768173E-01  2.22843164E-03
2.52694017E-01  3.67750973E-01  2.34873313E-03
2.52988018E-01  3.72359425E-01  2.30657542E-03
2.53282019E-01  3.70742381E-01  2.26881541E-03
2.53576021E-01  3.67670476E-01  2.28288467E-03
2.53870022E-01  3.65120977E-01  2.21162103E-03
2.54164023E-01  3.70464832E-01  2.31557922E-03
2.54458024E-01  3.48135918E-01  2.21671560E-03
2.54752025E-01  3.55492979E-01  2.23422167E-03
2.55046026E-01  3.60189170E-01  2.24852189E-03
2.55340028E-01  3.61341000E-01  2.24776822E-03
2.55634029E-01  3.61286700E-01  2.29538418E-03
2.55928030E-01  3.55062544E-01  2.23882124E-03
2.56222031E-01  3.52166474E-01  2.25151516E-03
2.56516032E-01  3.56134117E-01  2.24873191E-03
2.56810034E-01  3.60757232E-01  2.28138641E-03
2.57104035E-01  3.44388217E-01  2.21540825E-03
2.57398036E-01  3.67722869E-01  2.23989994E-03
2.57692037E-01  3.56565893E-01  2.26576161E-03
2.57986038E-01  3.55457753E-01  2.18762900E-03
2.58280039E-01  3.50295782E-01  2.25335197E-03
2.58574041E-01  3.51424903E-01  2.18319939E-03
2.58868042E-01  3.54084522E-01  2.17245240E-03
2.59162043E-01  3.46018225E-01  2.25707237E-03
2.59456044E-01  3.49444568E-01  2.25841603E-03
2.59750045E-01  3.48144948E-01  2.18269508E-03
2.60044047E-01  3.55318755E-01  2.15888675E-03
2.60338048E-01  3.46947432E-01  2.18899711E-03
2.60632049E-01  3.56815279E-01  2.22974364E-03
2.60926050E-01  3.50638658E-01  2.18820735E-03
2.61220051E-01  3.47906739E-01  2.17685895E-03
2.61514052E-01  3.45758885E-01  2.16655200E-03
2.61808054E-01  3.51460963E-01  2.23694136E-03
2.62102055E-01  3.42950314E-01  2.18754890E-03
2.62396056E-01  3.42885554E-01  2.12867302E-03
2.62690057E-01  3.42667967E-01  2.18362059E-03
2.62984058E-01  3.34680796E-01  2.10252847E-03
2.63278060E-01  3.42362463E-01  2.12323782E-03
2.63572061E-01  3.45408410E-01  2.24633655E-03
2.63866062E-01  3.42122495E-01  2.15329812E-03
2.64160063E-01  3.46769929E-01  2.16982141E-03
2.64454064E-01  3.42557698E-01  2.13452894E-03
2.64748066E-01  3.40867877E-01  2.18526321E-03
2.65042067E-01  3.41318190E-01  2.19123811E-03
2.65336068E-01  3.46592486E-01  2.16931617E-03
2.65630069E-01  3.43173146E-01  2.18850165E-03
2.65924070E-01  3.51696044E-01  2.17585079E-03
2.66218071E-01  3.38413566E-01  2.21513119E-03
2.66512073E-01  3.38320076E-01  2.10910430E-03
2.66806074E-01  3.41676474E-01  2.16420623E-03
2.67100075E-01  3.36089700E-01  2.10759183E-03
2.67394076E-01  3.36654395E-01  2.11722986E-03
2.67688077E-01  3.33735496E-01  2.15569255E-03
2.67982079E-01  3.43292236E-01  2.14258512E-03
2.68276080E-01  3.38743329E-01  2.16622557E-03
2.68570081E-01  3.33342463E-01  2.07766262E-03
2.68864082E-01  3.34070116E-01  2.11055996E-03
2.69158083E-01  3.41965884E-01  2.15914240E-03
2.69452084E-01  3.44098568E-01  2.08420143E-03
2.69746086E-01  3.36599022E-01  2.12371605E-03
2.70040087E-01  3.33632290E-01  2.11085239E-03
2.70334088E-01  3.41578603E-01  2.12962669E-03
2.70628089E-01  3.36389959E-01  2.07271427E-03
2.70922090E-01  3.31623673E-01  2.07007816E-03
2.71216092E-01  3.28691125E-01  2.07926473E-03
2.71510093E-01  3.39107960E-01  2.09457451E-03
2.71804094E-01  3.30189258E-01  2.09711236E-03
2.72098095E-01  3.24508518E-01  2.07767636E-03
2.72392096E-01  3.32407057E-01  2.07627076E-03
2.72686097E-01  3.25180501E-01  2.06144410E-03
2.72980099E-01  3.31109315E-01  1.99933164E-03
2.73274100E-01  3.24691951E-01  2.09062709E-03
2.73568101E-01  3.27900976E-01  2.04234570E-03
2.73862102E-01  3.28217238E-01  2.07334966E-03
2.74156103E-01  3.37927163E-01  2.13355571E-03
2.74450105E-01  3.32052469E-01  2.03301664E-03
2.74744106E-01  3.23510706E-01  2.03217543E-03
2.75038107E-01  3.18390459E-01  2.05795537E-03
2.75332108E-01  3.20926160E-01  2.06147577E-03
2.75626109E-01  3.34798485E-01  2.10968405E-03
2.75920110E-01  3.31100494E-01  2.06543878E-03
2.76214112E-01  3.20599169E-01  2.02894863E-03
2.76508113E-01  3.29690725E-01  2.09610723E-03
2.76802114E-01  3.28931361E-01  2.05965433E-03
2.77096115E-01  3.22999656E-01  2.03934615E-03
2.77390116E-01  3.21716100E-01  2.01041042E-03
2.77684118E-01  3.22998494E-01  2.13473057E-03
2.77978119E-01  3.35684001E-01  2.11579003E-03
2.78272120E-01  3.18559617E-01  2.00358476E-03
2.78566121E-01  3.32687467E-01  2.06487742E-03
2.78860122E-01  3.31065804E-01  2.07407866E-03
2.79154123E-01  3.34519923E-01  2.15002615E-03
2.79448125E-01  3.31802428E-01  2.10007210E-03
2.79742126E-01  3.29351962E-01  2.08944525E-03
2.80036127E-01  3.31275672E-01  2.07884191E-03
2.80330128E-01  3.27722430E-01  2.04293872E-03
2.80624129E-01  3.28293800E-01  2.07777484E-03
2.80918131E-01  3.22459966E-01  2.06015911E-03
2.81212132E-01  3.31384748E-01  2.08490621E-03
2.81506133E-01  3.33096981E-01  2.02558842E-03
2.81800134E-01  3.35059851E-01  2.08432251E-03
2.82094135E-01  3.32304180E-01  2.09322502E-03
2.82388137E-01  3.29749316E-01  2.05173739E-03
2.82682138E-01  3.29926103E-01  2.06538080E-03
2.82976139E-01  3.31357390E-01  2.04173638E-03
2.83270140E-01  3.26409519E-01  2.03247042E-03
2.83564141E-01  3.35387617E-01  2.06413493E-03
2.83858142E-01  3.28680903E-01  2.02285498E-03
2.84152144E-01  3.24857175E-01  2.00505788E-03
2.84446145E-01  3.33312452E-01  2.06751074E-03
2.84740146E-01  3.43871862E-01  2.08376930E-03
2.85034147E-01  3.26253146E-01  2.06045969E-03
2.85328148E-01  3.30068231E-01  2.04539998E-03
2.85622150E-01  3.30031425E-01  1.99821545E-03
2.85916151E-01  3.43184829E-01  2.10093847E-03
2.86210152E-01  3.37178767E-01  2.06234585E-03
2.86504153E-01  3.29602748E-01  2.01337691E-03
2.86798154E-01  3.31541985E-01  2.05742195E-03
2.87092155E-01  3.33565176E-01  2.06687720E-03
2.87386157E-01  3.31391245E-01  2.09069648E-03
2.87680158E-01  3.37470651E-01  2.02249247E-03
2.87974159E-01  3.30591828E-01  2.05659308E-03
2.88268160E-01  3.33326250E-01  2.15350697E-03
2.88562161E-01  3.31829786E-01  2.14113202E-03
2.88856163E-01  3.42177600E-01  2.17221933E-03
2.89150164E-01  3.37125361E-01  2.14573718E-03
2.89444165E-01  3.35391343E-01  2.14565778E-03
2.89738166E-01  3.36771011E-01  2.19448586E-03
2.90032167E-01  3.41846496E-01  2.20196601E-03
2.90326168E-01  3.38168621E-01  2.18891888E-03
2.90620170E-01  3.33729506E-01  2.20668316E-03
2.90914171E-01  3.38243306E-01  2.23421655E-03
2.91208172E-01  3.42615306E-01  2.22045113E-03
2.91502173E-01  3.28348547E-01  2.17708666E-03
2.91796174E-01  3.34549397E-01  2.22491473E-03
2.92090176E-01  3.33922058E-01  2.22884933E-03
2.92384177E-01  3.35754782E-01  2.27732072E-03
2.92678178E-01  3.39298427E-01  2.22787517E-03
2.92972179E-01  3.39533567E-01  2.25180481E-03
2.93266180E-01  3.35367739E-01  2.26369197E-03
2.93560181E-01  3.38593513E-01  2.25366862E-03
2.93854183E-01  3.39102209E-01  2.25766515E-03
2.94148184E-01  3.38941991E-01  2.27260310E-03
2.94442185E-01  3.30752850E-01  2.26947130E-03
2.94736186E-01  3.46628487E-01  2.31903535E-03
2.95030187E-01  3.41168731E-01  2.30544969E-03
2.95324189E-01  3.34468871E-01  2.28150305E-03
2.95618190E-01  3.42751473E-01  2.36653141E-03
2.95912191E-01  3.39830637E-01  2.31636059E-03
2.96206192E-01  3.41350883E-01  2.34172354E-03
2.96500193E-01  3.60188544E-01  2.44766241E-03
2.96794194E-01  3.40216547E-01  2.28264206E-03
2.97088196E-01  3.42360407E-01  2.36104941E-03
2.97382197E-01  3.46494675E-01  2.27607228E-03
2.97676198E-01  3.42091262E-01  2.29672715E-03
2.97970199E-01  3.39799851E-01  2.24264455E-03
2.98264200E-01  3.37596625E-01  2.24247342E-03
2.98558202E-01  3.47163945E-01  2.22095894E-03
2.98852203E-01  3.42848510E-01  2.28144624E-03
2.99146204E-01  3.40938717E-01  2.28035473E-03
2.99440205E-01  3.34132761E-01  2.22930848E-03
2.99734206E-01  3.33398581E-01  2.30943621E-03
3.00028207E-01  3.39630306E-01  2.27635796E-03
3.00322209E-01  3.45166683E-01  2.20459746E-03
3.00616210E-01  3.37956369E-01  2.24803411E-03
3.00910211E-01  3.54726315E-01  2.23317626E-03
3.01204212E-01  3.42887968E-01  2.23676767E-03
3.01498213E-01  3.40625763E-01  2.22136499E-03
3.01792215E-01  3.45212817E-01  2.26138951E-03
3.02086216E-01  3.38911921E-01  2.20806105E-03
3.02380217E-01  3.46553653E-01  2.26105982E-03
3.02674218E-01  3.42505336E-01  2.26229010E-03
3.02968219E-01  3.42382789E-01  2.27639079E-03
3.03262221E-01  3.30006361E-01  2.20234739E-03
3.03556222E-01  3.41127038E-01  2.21488159E-03
3.03850223E-01  3.33908379E-01  2.22825469E-03
3.04144224E-01  3.46949935E-01  2.24857708E-03
3.04438225E-01  3.40652525E-01  2.25086906E-03
3.04732226E-01  3.44029367E-01  2.24056002E-03
3.05026228E-01  3.42900962E-01  2.20665755E-03
3.05320229E-01  3.37661952E-01  2.20346008E-03
3.05614230E-01  3.40755314E-01  2.25630007E-03
3.05908231E-01  3.33188236E-01  2.19477620E-03
3.06202232E-01  3.28902453E-01  2.19410006E-03
3.06496234E-01  3.42436194E-01  2.24215584E-03
3.06790235E-01  3.41447741E-01  2.18298682E-03
3.07084236E-01  3.35124940E-01  2.18048412E-03
3.07378237E-01  3.37469101E-01  2.22664652E-03
3.07672238E-01  3.42387170E-01  2.27393163E-03
3.07966239E-01  3.45891893E-01  2.23940169E-03
3.08260241E-01  3.40672016E-01  2.14042398E-03
3.08554242E-01  3.42591912E-01  2.18888349E-03
3.08848243E-01  3.43442947E-01  2.27373117E-03
3.09142244E-01  3.35559338E-01  2.19158782E-03
3.09436245E-01  3.38355839E-01  2.14626966E-03
3.09730247E-01  3.40788931E-01  2.20573926E-03
3.10024248E-01  3.48268718E-01  2.21032579E-03
3.10318249E-01  3.40916395E-01  2.19273637E-03
3.10612250E-01  3.40235382E-01  2.17596488E-03
3.10906251E-01  3.36460352E-01  2.21690373E-03
3.11200252E-01  3.30960363E-01  2.15056376E-03
3.11494254E-01  3.41912359E-01  2.18205526E-03
3.11788255E-01  3.42078239E-01  2.16914550E-03
3.12082256E-01  3.41943383E-01  2.25103856E-03
3.12376257E-01  3.45475346E-01  2.22127419E-03
3.12670258E-01  3.45839977E-01  2.24764273E-03
3.12964260E-01  3.42935145E-01  2.23030685E-03
3.13258261E-01  3.37940603E-01  2.21139402E-03
3.13552262E-01  3.38377804E-01  2.18118378E-03
3.13846263E-01  3.38457525E-01  2.16191774E-03
3.14140264E-01  3.32684755E-01  2.19249283E-03
3.14434265E-01  3.43069941E-01  2.21041939E-03
3.14728267E-01  3.36145341E-01  2.18463922E-03
3.15022268E-01  3.46795022E-01  2.22397805E-03
3.15316269E-01  3.44256461E-01  2.18008179E-03
3.15610270E-01  3.46458852E-01  2.21258262E-03
3.15904271E-01  3.43386471E-01  2.23315624E-03
3.16198273E-01  3.45380783E-01  2.14434764E-03
3.16492274E-01  3.36366683E-01  2.14517722E-03
3.16786275E-01  3.41108561E-01  2.21503759E-03
3.17080276E-01  3.41732323E-01  2.19952688E-03
3.17374277E-01  3.38550121E-01  2.16077222E-03
3.17668278E-01  3.42701942E-01  2.26025959E-03
3.17962280E-01  3.45350385E-01  2.21980712E-03
3.18256281E-01  3.45198870E-01  2.21548509E-03
3.18550282E-01  3.38765949E-01  2.19851593E-03
3.18844283E-01  3.40302289E-01  2.21040403E-03
3.19138284E-01  3.35867584E-01  2.19986378E-03
3.19432286E-01  3.47788990E-01  2.26401258E-03
3.19726287E-01  3.47375751E-01  2.26511504E-03
3.20020288E-01  3.45297039E-01  2.15095910E-03
3.20314289E-01  3.47496301E-01  2.23346334E-03
3.20608290E-01  3.51354629E-01  2.17413181E-03
3.20902292E-01  3.51494402E-01  2.21647858E-03
3.21196293E-01  3.60123366E-01  2.28167162E-03
3.21490294E-01  3.46181780E-01  2.20493507E-03
3.21784295E-01  3.51165473E-01  2.14996771E-03
3.22078296E-01  3.50911736E-01  2.15412257E-03
3.22372297E-01  3.52327585E-01  2.17786664E-03
3.22666299E-01  3.50225896E-01  2.23989575E-03
3.22960300E-01  3.49344075E-01  2.24713795E-03
3.23254301E-01  3.51424575E-01  2.30919733E-03
3.23548302E-01  3.51011097E-01  2.25906121E-03
3.23842303E-01  3.48010927E-01  2.29936396E-03
3.24136305E-01  3.48558664E-01  2.23762752E-03
3.24430306E-01  3.43975484E-01  2.23268545E-03
3.24724307E-01  3.55185062E-01  2.31739925E-03
3.25018308E-01  3.51530254E-01  2.30194349E-03
3.25312309E-01  3.53632092E-01  2.32425029E-03
3.25606310E-01  3.53306115E-01  2.28093844E-03
3.25900312E-01  3.52862656E-01  2.33620103E-03
3.26194313E-01  3.38740766E-01  2.23310944E-03
3.26488314E-01  3.53516132E-01  2.29094177E-03
3.26782315E-01  3.45415056E-01  2.29155133E-03
3.27076316E-01  3.53754222E-01  2.30411370E-03
3.27370318E-01  3.54091942E-01  2.39136443E-03
3.27664319E-01  3.50438356E-01  2.28727376E-03
3.27958320E-01  3.47230703E-01  2.28665792E-03
3.28252321E-01  3.60053211E-01  2.36808113E-03
3.28546322E-01  3.54722440E-01  2.36748415E-03
3.28840323E-01  3.46586168E-01  2.32190825E-03
3.29134325E-01  3.47253323E-01  2.28899973E-03
3.29428326E-01  3.45763892E-01  2.31411401E-03
3.29722327E-01  3.47101420E-01  2.32980354E-03
3.30016328E-01  3.50827932E-01  2.37111934E-03
3.30310329E-01  3.42099667E-01  2.28409027E-03
3.30604331E-01  3.43561590E-01  2.29190150E-03
3.30898332E-01  3.46941352E-01  2.27231346E-03
3.31192333E-01  3.53850305E-01  2.33871024E-03
3.31486334E-01  3.50543350E-01  2.28734291E-03
3.31780335E-01  3.55876297E-01  2.32490688E-03
3.32074336E-01  3.42901617E-01  2.30205152E-03
3.32368338E-01  3.46519530E-01  2.33925926E-03
3.32662339E-01  3.51102203E-01  2.38182535E-03
3.32956340E-01  3.47852379E-01  2.32462981E-03
3.33250341E-01  3.53436887E-01  2.36022705E-03
3.33544342E-01  3.47483307E-01  2.35968898E-03
3.33838344E-01  3.50451678E-01  2.37103063E-03
3.34132345E-01  3.42402726E-01  2.34643696E-03
3.34426346E-01  3.38100344E-01  2.28728866E-03
3.34720347E-01  3.32381248E-01  2.34316429E-03
3.35014348E-01  3.50445420E-01  2.31833779E-03
3.35308349E-01  3.46470654E-01  2.37942743E-03
3.35602351E-01  3.50208312E-01  2.36061611E-03
3.35896352E-01  3.52174997E-01  2.39107967E-03
3.36190353E-01  3.37296456E-01  2.42947135E-03
3.36484354E-01  3.38435024E-01  2.30659125E-03
3.36778355E-01  3.46679211E-01  2.39924528E-03
3.37072357E-01  3.41908664E-01  2.33540335E-03
3.37366358E-01  3.47716421E-01  2.38421303E-03
3.37660359E-01  3.34794372E-01  2.27464549E-03
3.37954360E-01  3.32362354E-01  2.38399557E-03
3.38248361E-01  3.39560688E-01  2.40754546E-03
3.38542362E-01  3.27706426E-01  2.26493762E-03
3.38836364E-01  3.33003402E-01  2.33663782E-03
3.39130365E-01  3.33095521E-01  2.34803930E-03
3.39424366E-01  3.37737650E-01  2.26117950E-03
3.39718367E-01  3.36628616E-01  2.37821043E-03
3.40012368E-01  3.30253810E-01  2.24109320E-03
3.40306370E-01  3.30567986E-01  2.29955395E-03
3.40600371E-01  3.30075443E-01  2.29719141E-03
3.40894372E-01  3.38681847E-01  2.32090848E-03
3.41188373E-01  3.29584032E-01  2.33913027E-03
3.41482374E-01  3.25323373E-01  2.31618527E-03
3.41776376E-01  3.31204444E-01  2.40461505E-03
3.42070377E-01  3.35617512E-01  2.30027083E-03
3.42364378E-01  3.22558671E-01  2.27368367E-03
3.42658379E-01  3.29332083E-01  2.30201310E-03
3.42952380E-01  3.18810254E-01  2.25264439E-03
3.43246381E-01  3.20811301E-01  2.38077505E-03
3.43540383E-01  3.35197777E-01  2.29045399E-03
3.43834384E-01  3.30176592E-01  2.31207884E-03
3.44128385E-01  3.34464520E-01  2.31443415E-03
3.44422386E-01  3.26742142E-01  2.32940237E-03
3.44716387E-01  3.22694838E-01  2.32316460E-03
3.45010389E-01  3.19946140E-01  2.29190476E-03
3.45304390E-01  3.31732988E-01  2.32484238E-03
3.45598391E-01  3.26164991E-01  2.29033804E-03
3.45892392E-01  3.23446184E-01  2.31594499E-03
3.46186393E-01  3.19232911E-01  2.35058181E-03
3.46480394E-01  3.27405691E-01  2.27335561E-03
3.46774396E-01  3.26795101E-01  2.32908269E-03
3.47068397E-01  3.21838975E-01  2.26434320E-03
3.47362398E-01  3.07924598E-01  2.24635331E-03
3.47656399E-01  3.18524688E-01  2.22211867E-03
3.47950400E-01  3.17591906E-01  2.25468585E-03
3.48244402E-01  3.22745919E-01  2.35504401E-03
3.48538403E-01  3.22515398E-01  2.30843178E-03
3.48832404E-01  3.20830226E-01  2.32945196E-03
3.49126405E-01  3.14994961E-01  2.22999952E-03
3.49420406E-01  3.22759509E-01  2.29457300E-03
3.49714407E-01  3.18842471E-01  2.27338937E-03
3.50008409E-01  3.23129892E-01  2.31978088E-03
3.50302410E-01  3.13446224E-01  2.29477137E-03
3.50596411E-01  3.18117917E-01  2.25827051E-03
3.50890412E-01  3.28043401E-01  2.26742914E-03
3.51184413E-01  3.10301900E-01  2.28144298E-03
3.51478415E-01  3.20959449E-01  2.25412357E-03
3.51772416E-01  3.10730815E-01  2.27892422E-03
3.52066417E-01  3.06167543E-01  2.22514849E-03
3.52360418E-01  3.01251233E-01  2.16375268E-03
3.52654419E-01  3.18938494E-01  2.32322630E-03
3.52948420E-01  3.10226113E-01  2.25497875E-03
3.53242422E-01  3.04784179E-01  2.21733702E-03
3.53536423E-01  3.19246650E-01  2.30265362E-03
3.53830424E-01  3.12559813E-01  2.24140706E-03
3.54124425E-01  3.11577290E-01  2.31634639E-03
3.54418426E-01  3.19376200E-01  2.29924428E-03
3.54712428E-01  3.05087030E-01  2.26556137E-03
3.55006429E-01  3.04528624E-01  2.23937165E-03
3.55300430E-01  3.14774364E-01  2.26794346E-03
3.55594431E-01  3.17296535E-01  2.31107417E-03
3.55888432E-01  3.09063077E-01  2.25003250E-03
3.56182433E-01  3.09305400E-01  2.24959129E-03
3.56476435E-01  3.07170242E-01  2.23316369E-03
3.56770436E-01  3.07234615E-01  2.31003831E-03
3.57064437E-01  3.08854014E-01  2.25254288E-03
3.57358438E-01  3.06163579E-01  2.26111221E-03
3.57652439E-01  3.17137897E-01  2.28243088E-03
3.57946441E-01  3.08301508E-01  2.25649751E-03
3.58240442E-01  3.01508695E-01  2.20560818E-03
3.58534443E-01  3.07330310E-01  2.25114729E-03
3.58828444E-01  3.02944690E-01  2.22210842E-03
3.59122445E-01  2.97939718E-01  2.20892555E-03
3.59416447E-01  3.00236076E-01  2.22204463E-03
3.59710448E-01  3.03789705E-01  2.25434173E-03
3.60004449E-01  3.12090844E-01  2.28767865E-03
3.60298450E-01  3.03330123E-01  2.23670038E-03
3.60592451E-01  3.07286710E-01  2.22947798E-03
3.60886452E-01  3.06091070E-01  2.24706111E-03
3.61180454E-01  2.96528459E-01  2.23772810E-03
3.61474455E-01  3.11354280E-01  2.27676658E-03
3.61768456E-01  3.08624744E-01  2.29052501E-03
3.62062457E-01  3.03615570E-01  2.25043739E-03
3.62356458E-01  3.01661313E-01  2.24448391E-03
3.62650460E-01  3.10227096E-01  2.34243460E-03
3.62944461E-01  3.00754100E-01  2.23514205E-03
3.63238462E-01  2.98433751E-01  2.24900409E-03
3.63532463E-01  3.02784562E-01  2.20021862E-03
3.63826464E-01  2.98330545E-01  2.26892973E-03
3.64120465E-01  2.99332172E-01  2.25932687E-03
3.64414467E-01  3.05035383E-01  2.28090561E-03
3.64708468E-01  2.94525653E-01  2.24927021E-03
3.65002469E-01  3.00398052E-01  2.19778041E-03
3.65296470E-01  3.06877851E-01  2.22508144E-03
3.65590471E-01  3.07129711E-01  2.28343974E-03
3.65884473E-01  3.08908820E-01  2.29294156E-03
3.66178474E-01  3.02568913E-01  2.23621377E-03
3.66472475E-01  2.96850741E-01  2.20737141E-03
3.66766476E-01  2.97750235E-01  2.26247916E-03
3.67060477E-01  2.97996879E-01  2.26396183E-03
3.67354478E-01  3.00042838E-01  2.19926005E-03
3.67648480E-01  2.94978589E-01  2.22284999E-03
3.67942481E-01  2.98049927E-01  2.27316376E-03
3.68236482E-01  3.11261714E-01  2.27297936E-03
3.68530483E-01  3.00926238E-01  2.26981705E-03
3.68824484E-01  2.98805922E-01  2.24275235E-03
3.69118486E-01  3.00233364E-01  2.25346116E-03
3.69412487E-01  3.00117671E-01  2.28745583E-03
3.69706488E-01  3.01746547E-01  2.25780020E-03
3.70000489E-01  2.84482330E-01  2.21422664E-03
3.70294490E-01  2.97790676E-01  2.29079183E-03
3.70588491E-01  3.04298818E-01  2.25526677E-03
3.70882493E-01  2.93533057E-01  2.22477689E-03
3.71176494E-01  2.94048905E-01  2.24515446E-03
3.71470495E-01  3.03284645E-01  2.28778855E-03
3.71764496E-01  2.98472643E-01  2.25321576E-03
3.72058497E-01  2.98898399E-01  2.21754331E-03
3.72352499E-01  3.10673565E-01  2.27488112E-03
3.72646500E-01  2.96667546E-01  2.14836490E-03
3.72940501E-01  2.94621378E-01  2.17502913E-03
3.73234502E-01  2.95057744E-01  2.23073177E-03
3.73528503E-01  2.90854394E-01  2.19518645E-03
3.73822504E-01  2.99016714E-01  2.30373582E-03
3.74116506E-01  2.91924238E-01  2.18982389E-03
3.74410507E-01  3.01471561E-01  2.27438495E-03
3.74704508E-01  3.04420322E-01  2.21134024E-03
3.74998509E-01  2.94161648E-01  2.22917018E-03
3.75292510E-01  2.98766524E-01  2.28396431E-03
3.75586512E-01  2.91534841E-01  2.22136849E-03
3.75880513E-01  3.00442100E-01  2.24539405E-03
3.76174514E-01  2.88932711E-01  2.19976995E-03
3.76468515E-01  2.94477582E-01  2.23727594E-03
3.76762516E-01  2.96937257E-01  2.22846959E-03
3.77056518E-01  2.97488719E-01  2.16146628E-03
3.77350519E-01  2.83715606E-01  2.16972246E-03
3.77644520E-01  3.08470875E-01  2.27083731E-03
3.77938521E-01  2.94005573E-01  2.18052790E-03
3.78232522E-01  2.99371809E-01  2.23721610E-03
3.78526523E-01  3.04629296E-01  2.19099456E-03
3.78820525E-01  2.98565984E-01  2.30596028E-03
3.79114526E-01  2.94709861E-01  2.21530139E-03
3.79408527E-01  2.91459352E-01  2.20687594E-03
3.79702528E-01  2.88695574E-01  2.22569774E-03
3.79996529E-01  2.91189432E-01  2.27854401E-03
3.80290531E-01  3.10808927E-01  2.31016637E-03
3.80584532E-01  2.99984723E-01  2.23280303E-03
3.80878533E-01  3.03168058E-01  2.32397555E-03
3.81172534E-01  2.97340035E-01  2.26994837E-03
3.81466535E-01  2.95419186E-01  2.20899540E-03
3.81760536E-01  3.02763969E-01  2.31002062E-03
3.82054538E-01  3.00007790E-01  2.31472100E-03
3.82348539E-01  2.99113929E-01  2.26377253E-03
3.82642540E-01  2.94511944E-01  2.24331883E-03
3.82936541E-01  2.87664086E-01  2.13886937E-03
3.83230542E-01  2.91039199E-01  2.24750442E-03
3.83524544E-01  2.95519650E-01  2.28047650E-03
3.83818545E-01  3.01499069E-01  2.23079929E-03
3.84112546E-01  2.85566360E-01  2.21731234E-03
3.84406547E-01  2.99657553E-01  2.28808820E-03
3.84700548E-01  2.97633260E-01  2.26111501E-03
3.84994549E-01  2.97963440E-01  2.24434421E-03
3.85288551E-01  2.93819547E-01  2.22004973E-03
3.85582552E-01  3.07047993E-01  2.30780221E-03
3.85876553E-01  2.98162460E-01  2.23617419E-03
3.86170554E-01  2.90762424E-01  2.20349990E-03
3.86464555E-01  2.96642244E-01  2.24489975E-03
3.86758557E-01  2.96739310E-01  2.27245037E-03
3.87052558E-01  3.00134808E-01  2.26315903E-03
3.87346559E-01  2.93642819E-01  2.27887230E-03
3.87640560E-01  2.92785525E-01  2.19177268E-03
3.87934561E-01  2.97503471E-01  2.28393613E-03
3.88228562E-01  2.99441338E-01  2.23113690E-03
3.88522564E-01  2.98204780E-01  2.22813687E-03
3.88816565E-01  2.98788011E-01  2.28684465E-03
3.89110566E-01  3.00249070E-01  2.24462082E-03
3.89404567E-01  2.98545420E-01  2.27886136E-03
3.89698568E-01  3.00926685E-01  2.24024244E-03
3.89992570E-01  2.93801278E-01  2.23870948E-03
3.90286571E-01  2.94907272E-01  2.28649820E-03
3.90580572E-01  2.93694645E-01  2.21220427E-03
3.90874573E-01  3.06992531E-01  2.36523151E-03
3.91168574E-01  3.08897346E-01  2.29925988E-03
3.91462575E-01  3.00166011E-01  2.22186767E-03
3.91756577E-01  2.99642891E-01  2.33418983E-03
3.92050578E-01  3.06739002E-01  2.26891018E-03
3.92344579E-01  2.95548290E-01  2.22757785E-03
3.92638580E-01  2.99690723E-01  2.23634206E-03
3.92932581E-01  3.06727111E-01  2.26138695E-03
3.93226583E-01  3.00119072E-01  2.28264905E-03
3.93520584E-01  3.02553326E-01  2.28019338E-03
3.93814585E-01  2.96096683E-01  2.26356392E-03
3.94108586E-01  3.02332669E-01  2.26597558E-03
3.94402587E-01  3.13807309E-01  2.29565124E-03
3.94696588E-01  2.99552172E-01  2.34115543E-03
3.94990590E-01  2.95383841E-01  2.23638746E-03
3.95284591E-01  2.99148947E-01  2.22134613E-03
3.95578592E-01  2.99682230E-01  2.20734766E-03
3.95872593E-01  3.01225275E-01  2.27942225E-03
3.96166594E-01  2.93337375E-01  2.27461569E-03
3.96460596E-01  3.05854857E-01  2.25414918E-03
3.96754597E-01  2.99817294E-01  2.26120371E-03
3.97048598E-01  3.09929371E-01  2.31248373E-03
3.97342599E-01  2.97428668E-01  2.29157787E-03
3.97636600E-01  3.03386658E-01  2.24378100E-03
3.97930602E-01  2.98862845E-01  2.25709635E-03
3.98224603E-01  3.01743835E-01  2.24960665E-03
3.98518604E-01  3.02168846E-01  2.27312325E-03
3.98812605E-01  3.05765748E-01  2.31936132E-03
3.99106606E-01  2.97669083E-01  2.29036435E-03
3.99400607E-01  2.93300003E-01  2.28163833E-03
3.99694609E-01  3.07470024E-01  2.25666305E-03
3.99988610E-01  3.07921320E-01  2.26775208E-03
4.00282611E-01  3.04962635E-01  2.28927727E-03
4.00576612E-01  3.00873250E-01  2.23332457E-03
4.00870613E-01  3.03648800E-01  2.31024274E-03
4.01164615E-01  3.01586241E-01  2.29300605E-03
4.01458616E-01  3.08552951E-01  2.28116591E-03
4.01752617E-01  2.97608167E-01  2.21918244E-03
4.02046618E-01  3.02138388E-01  2.28860276E-03
4.02340619E-01  3.02768469E-01  2.35744589E-03
4.02634620E-01  3.01077068E-01  2.21227249E-03
4.02928622E-01  2.99061298E-01  2.27796985E-03
4.03222623E-01  2.98460901E-01  2.24400568E-03
4.03516624E-01  2.92964756E-01  2.24112114E-03
4.03810625E-01  2.90990919E-01  2.17067101E-03
4.04104626E-01  2.96459228E-01  2.26632971E-03
4.04398628E-01  2.93325454E-01  2.23016716E-03
4.04692629E-01  2.95231998E-01  2.28697411E-03
4.04986630E-01  2.98790783E-01  2.29999074E-03
4.05280631E-01  2.99744755E-01  2.25213869E-03
4.05574632E-01  3.07712704E-01  2.25220341E-03
4.05868633E-01  2.99062282E-01  2.34843348E-03
4.06162635E-01  3.02824795E-01  2.29846640E-03
4.06456636E-01  2.94413656E-01  2.24816613E-03
4.06750637E-01  2.96880543E-01  2.27828720E-03
4.07044638E-01  2.84094363E-01  2.17921962E-03
4.07338639E-01  3.02446455E-01  2.30018562E-03
4.07632641E-01  2.98257023E-01  2.25131377E-03
4.07926642E-01  2.93985337E-01  2.22781091E-03
4.08220643E-01  2.84473181E-01  2.17255857E-03
4.08514644E-01  2.93187499E-01  2.31852243E-03
4.08808645E-01  2.88489431E-01  2.24149786E-03
4.09102646E-01  2.89626300E-01  2.27011181E-03
4.09396648E-01  2.87658513E-01  2.19778367E-03
4.09690649E-01  2.94027686E-01  2.21695844E-03
4.09984650E-01  3.01288992E-01  2.26042559E-03
4.10278651E-01  2.77843177E-01  2.12756661E-03
4.10572652E-01  2.88206518E-01  2.24427413E-03
4.10866654E-01  2.79527873E-01  2.18779244E-03
4.11160655E-01  2.83668011E-01  2.17838539E-03
4.11454656E-01  2.92167157E-01  2.25686538E-03
4.11748657E-01  2.99953550E-01  2.24424549E-03
4.12042658E-01  2.90346920E-01  2.21412792E-03
4.12336659E-01  2.92016059E-01  2.25250027E-03
4.12630661E-01  2.87748754E-01  2.17056042E-03
4.12924662E-01  2.92514145E-01  2.20990018E-03
4.13218663E-01  2.89869756E-01  2.20254739E-03
4.13512664E-01  2.80161709E-01  2.21123896E-03
4.13806665E-01  2.89279044E-01  2.15647696E-03
4.14100667E-01  2.78105080E-01  2.19011027E-03
4.14394668E-01  2.78212935E-01  2.16235803E-03
4.14688669E-01  2.75449932E-01  2.19009421E-03
4.14982670E-01  2.84741640E-01  2.18766485E-03
4.15276671E-01  2.83123165E-01  2.17915839E-03
4.15570673E-01  2.79578000E-01  2.20108638E-03
4.15864674E-01  2.88345039E-01  2.24782922E-03
4.16158675E-01  2.83628881E-01  2.21553957E-03
4.16452676E-01  2.84781665E-01  2.15539662E-03
4.16746677E-01  2.80281782E-01  2.18191720E-03
4.17040678E-01  2.89873391E-01  2.21718242E-03
4.17334680E-01  2.78463781E-01  2.19794060E-03
4.17628681E-01  2.81060100E-01  2.17327964E-03
4.17922682E-01  2.76085675E-01  2.19185487E-03
4.18216683E-01  2.76566535E-01  2.13548704E-03
4.18510684E-01  2.75897086E-01  2.16220878E-03
4.18804686E-01  2.75498360E-01  2.13315082E-03
4.19098687E-01  2.74287105E-01  2.09028600E-03
4.19392688E-01  2.71673083E-01  2.13181134E-03
4.19686689E-01  2.79707909E-01  2.20847968E-03
4.19980690E-01  2.64942706E-01  2.13466492E-03
4.20274691E-01  2.81250536E-01  2.15828000E-03
4.20568693E-01  2.72503197E-01  2.11687689E-03
4.20862694E-01  2.81092107E-01  2.17788178E-03
4.21156695E-01  2.79841810E-01  2.14744010E-03
4.21450696E-01  2.74359792E-01  2.10478692E-03
4.21744697E-01  2.69228876E-01  2.15117959E-03
4.22038699E-01  2.69423246E-01  2.15525180E-03
4.22332700E-01  2.82570899E-01  2.19560834E-03
4.22626701E-01  2.79994786E-01  2.23314902E-03
4.22920702E-01  2.75118798E-01  2.13832199E-03
4.23214703E-01  2.76066571E-01  2.19346373E-03
4.23508704E-01  2.73879379E-01  2.16494058E-03
4.23802706E-01  2.73679793E-01  2.11874838E-03
4.24096707E-01  2.75408417E-01  2.14911555E-03
4.24390708E-01  2.66883880E-01  2.13035219E-03
4.24684709E-01  2.69659102E-01  2.11382727E-03
4.24978710E-01  2.74011791E-01  2.13500927E-03
4.25272712E-01  2.61743516E-01  2.11758562E-03
4.25566713E-01  2.62369901E-01  2.18286016E-03
4.25860714E-01  2.71032304E-01  2.18112138E-03
4.26154715E-01  2.66440868E-01  2.18890375E-03
4.26448716E-01  2.70358145E-01  2.16865400E-03
4.26742717E-01  2.63837814E-01  2.03577522E-03
4.27036719E-01  2.59695977E-01  2.14983220E-03
4.27330720E-01  2.60656357E-01  2.12732353E-03
4.27624721E-01  2.69830585E-01  2.16136570E-03
4.27918722E-01  2.69519120E-01  2.15827278E-03
4.28212723E-01  2.62710780E-01  2.09143176E-03
4.28506725E-01  2.70285338E-01  2.13570590E-03
4.28800726E-01  2.67970085E-01  2.08508316E-03
4.29094727E-01  2.63600677E-01  2.12353328E-03
4.29388728E-01  2.64313221E-01  2.13839812E-03
4.29682729E-01  2.65515238E-01  2.17551389E-03
4.29976730E-01  2.54953086E-01  2.09357240E-03
4.30270732E-01  2.63129264E-01  2.13296851E-03
4.30564733E-01  2.66502351E-01  2.12621409E-03
4.30858734E-01  2.71436065E-01  2.22101621E-03
4.31152735E-01  2.65832275E-01  2.11824337E-03
4.31446736E-01  2.59162456E-01  2.12653913E-03
4.31740738E-01  2.65944302E-01  2.13235733E-03
4.32034739E-01  2.62032300E-01  2.13028165E-03
4.32328740E-01  2.65896142E-01  2.14439025E-03
4.32622741E-01  2.47687340E-01  2.00154399E-03
4.32916742E-01  2.68856943E-01  2.13320972E-03
4.33210744E-01  2.57038891E-01  2.12102034E-03
4.33504745E-01  2.65965402E-01  2.15820968E-03
4.33798746E-01  2.56346583E-01  2.10299017E-03
4.34092747E-01  2.61677682E-01  2.11451668E-03
4.34386748E-01  2.63854444E-01  2.06935592E-03
4.34680749E-01  2.60657221E-01  2.10174941E-03
4.34974751E-01  2.55431414E-01  2.05517677E-03
4.35268752E-01  2.56434798E-01  2.12953030E-03
4.35562753E-01  2.67302692E-01  2.12922506E-03
4.35856754E-01  2.58296609E-01  2.08623428E-03
4.36150755E-01  2.61614710E-01  2.14786548E-03
4.36444757E-01  2.60935873E-01  2.16696062E-03
4.36738758E-01  2.54910439E-01  2.10819277E-03
4.37032759E-01  2.63759315E-01  2.09797733E-03
4.37326760E-01  2.54960626E-01  2.03193305E-03
4.37620761E-01  2.54022688E-01  2.04058411E-03
4.37914762E-01  2.62690812E-01  2.13996856E-03
4.38208764E-01  2.58708239E-01  2.13526073E-03
4.38502765E-01  2.63726413E-01  2.08611065E-03
4.38796766E-01  2.55352378E-01  2.08001956E-03
4.39090767E-01  2.56409794E-01  2.06076540E-03
4.39384768E-01  2.57012665E-01  2.14787014E-03
4.39678770E-01  2.56763905E-01  2.07503070E-03
4.39972771E-01  2.67797053E-01  2.11752392E-03
4.40266772E-01  2.50531048E-01  2.07435456E-03
4.40560773E-01  2.59855032E-01  2.13129725E-03
4.40854774E-01  2.59890854E-01  2.10889475E-03
4.41148775E-01  2.57276207E-01  2.15442386E-03
4.41442777E-01  2.63635695E-01  2.10755272E-03
4.41736778E-01  2.62746245E-01  2.10880977E-03
4.42030779E-01  2.64736503E-01  2.12444621E-03
4.42324780E-01  2.59542704E-01  2.05616420E-03
4.42618781E-01  2.57185489E-01  2.08737282E-03
4.42912783E-01  2.65431404E-01  2.05092924E-03
4.43206784E-01  2.53927886E-01  2.03762250E-03
4.43500785E-01  2.51291901E-01  2.09613936E-03
4.43794786E-01  2.62301654E-01  2.13892362E-03
4.44088787E-01  2.53400803E-01  2.05671764E-03
4.44382788E-01  2.52081662E-01  2.04548379E-03
4.44676790E-01  2.59620011E-01  2.06559175E-03
4.44970791E-01  2.58007407E-01  2.06693728E-03
4.45264792E-01  2.64276803E-01  2.08824268E-03
4.45558793E-01  2.46388286E-01  2.01314082E-03
4.45852794E-01  2.55710870E-01  2.03424762E-03
4.46146796E-01  2.53761202E-01  2.05381005E-03
4.46440797E-01  2.54890263E-01  2.06298986E-03
4.46734798E-01  2.47886643E-01  2.02460797E-03
4.47028799E-01  2.54315555E-01  2.03382270E-03
4.47322800E-01  2.54362047E-01  2.03356729E-03
4.47616801E-01  2.62075543E-01  2.13340996E-03
4.47910803E-01  2.70399719E-01  2.18305923E-03
4.48204804E-01  2.54077762E-01  2.19175941E-03
4.48498805E-01  2.50075132E-01  2.14255508E-03
4.48792806E-01  2.62027681E-01  2.19770940E-03
4.49086807E-01  2.53746748E-01  2.13461113E-03
4.49380809E-01  2.59439319E-01  2.22450634E-03
4.49674810E-01  2.52144098E-01  2.24467786E-03
4.49968811E-01  2.62210846E-01  2.22941115E-03
4.50262812E-01  2.59476393E-01  2.25009490E-03
4.50556813E-01  2.56898105E-01  2.22388771E-03
4.50850814E-01  2.55780309E-01  2.27019307E-03
4.51144816E-01  2.55197406E-01  2.24031066E-03
4.51438817E-01  2.46858016E-01  2.19055451E-03
4.51732818E-01  2.48929277E-01  2.25581601E-03
4.52026819E-01  2.57923007E-01  2.34802812E-03
4.52320820E-01  2.57970065E-01  2.26224330E-03
4.52614822E-01  2.53884852E-01  2.41658278E-03
4.52908823E-01  2.48811662E-01  2.25440599E-03
4.53202824E-01  2.57139325E-01  2.34031444E-03
4.53496825E-01  2.47424722E-01  2.36477726E-03
4.53790826E-01  2.44031861E-01  2.32216739E-03
4.54084828E-01  2.52604067E-01  2.30175140E-03
4.54378829E-01  2.55238444E-01  2.40430632E-03
4.54672830E-01  2.57492959E-01  2.41513038E-03
4.54966831E-01  2.51797587E-01  2.35089287E-03
4.55260832E-01  2.63086647E-01  2.45470600E-03
4.55554833E-01  2.46535987E-01  2.45573069E-03
4.55848835E-01  2.47522131E-01  2.35077552E-03
4.56142836E-01  2.52757639E-01  2.39100982E-03
4.56436837E-01  2.58254319E-01  2.42464943E-03
4.56730838E-01  2.48178765E-01  2.45325058E-03
4.57024839E-01  2.58159310E-01  2.38947268E-03
4.57318841E-01  2.47542799E-01  2.38518952E-03
4.57612842E-01  2.55707830E-01  2.39386712E-03
4.57906843E-01  2.55569190E-01  2.44999910E-03
4.58200844E-01  2.65745938E-01  2.44037388E-03
4.58494845E-01  2.51418948E-01  2.51385826E-03
4.58788846E-01  2.55194515E-01  2.42868415E-03
4.59082848E-01  2.63150364E-01  2.49159010E-03
4.59376849E-01  2.56908983E-01  2.36489344E-03
4.59670850E-01  2.59084940E-01  2.39571487E-03
4.59964851E-01  2.52164185E-01  2.32969481E-03
4.60258852E-01  2.57709831E-01  2.41536205E-03
4.60552854E-01  2.54157066E-01  2.34801159E-03
4.60846855E-01  2.56433427E-01  2.33447482E-03
4.61140856E-01  2.61480540E-01  2.33761198E-03
4.61434857E-01  2.62605578E-01  2.36435910E-03
4.61728858E-01  2.55651861E-01  2.37402972E-03
4.62022859E-01  2.59577811E-01  2.24053022E-03
4.62316861E-01  2.46570095E-01  2.21536634E-03
4.62610862E-01  2.54812300E-01  2.25851173E-03
4.62904863E-01  2.59868503E-01  2.30139098E-03
4.63198864E-01  2.57655442E-01  2.32316158E-03
4.63492865E-01  2.48674467E-01  2.25114217E-03
4.63786867E-01  2.67262578E-01  2.34405021E-03
4.64080868E-01  2.57182151E-01  2.35236296E-03
4.64374869E-01  2.49301553E-01  2.14312458E-03
4.64668870E-01  2.46271640E-01  2.20529223E-03
4.64962871E-01  2.41950601E-01  2.19066697E-03
4.65256872E-01  2.52870411E-01  2.29083374E-03
4.65550874E-01  2.55937278E-01  2.28635734E-03
4.65844875E-01  2.60874361E-01  2.21586926E-03
4.66138876E-01  2.54764020E-01  2.23569293E-03
4.66432877E-01  2.58705437E-01  2.28300854E-03
4.66726878E-01  2.59732634E-01  2.26603728E-03
4.67020880E-01  2.57657468E-01  2.27780943E-03
4.67314881E-01  2.61845469E-01  2.32335646E-03
4.67608882E-01  2.58305162E-01  2.26886012E-03
4.67902883E-01  2.57483602E-01  2.27115862E-03
4.68196884E-01  2.55087882E-01  2.27676192E-03
4.68490885E-01  2.48684615E-01  2.24518776E-03
4.68784887E-01  2.57498443E-01  2.20070616E-03
4.69078888E-01  2.52898157E-01  2.22332031E-03
4.69372889E-01  2.55625963E-01  2.21331534E-03
4.69666890E-01  2.51815289E-01  2.20650062E-03
4.69960891E-01  2.58333564E-01  2.26848316E-03
4.70254893E-01  2.51404166E-01  2.26488546E-03
4.70548894E-01  2.49200538E-01  2.20862147E-03
4.70842895E-01  2.57061988E-01  2.25917296E-03
4.71136896E-01  2.54274398E-01  2.24616891E-03
4.71430897E-01  2.53773183E-01  2.23365496E-03
4.71724899E-01  2.55983174E-01  2.23418348E-03
4.72018900E-01  2.51559615E-01  2.24008923E-03
4.72312901E-01  2.61578351E-01  2.18190369E-03
4.72606902E-01  2.56918073E-01  2.15455610E-03
4.72900903E-01  2.53124326E-01  2.20255856E-03
4.73194904E-01  2.51084626E-01  2.15421827E-03
4.73488906E-01  2.57232815E-01  2.27358029E-03
4.73782907E-01  2.62548000E-01  2.27311137E-03
4.74076908E-01  2.52725333E-01  2.20833695E-03
4.74370909E-01  2.59918094E-01  2.26009125E-03
4.74664910E-01  2.60194153E-01  2.22927309E-03
4.74958912E-01  2.56953686E-01  2.21073255E-03
4.75252913E-01  2.59376585E-01  2.19459040E-03
4.75546914E-01  2.59437561E-01  2.23590224E-03
4.75840915E-01  2.52320468E-01  2.21531349E-03
4.76134916E-01  2.47176468E-01  2.18181312E-03
4.76428917E-01  2.58769363E-01  2.18661386E-03
4.76722919E-01  2.53187597E-01  2.19582161E-03
4.77016920E-01  2.58092552E-01  2.21705041E-03
4.77310921E-01  2.55790353E-01  2.16912362E-03
4.77604922E-01  2.51549244E-01  2.23020371E-03
4.77898923E-01  2.56417811E-01  2.25068768E-03
4.78192925E-01  2.49651641E-01  2.20717140E-03
4.78486926E-01  2.57702351E-01  2.25036941E-03
4.78780927E-01  2.56384820E-01  2.22698040E-03
4.79074928E-01  2.50779808E-01  2.12700572E-03
4.79368929E-01  2.52677739E-01  2.19253940E-03
4.79662930E-01  2.51872301E-01  2.17783567E-03
4.79956932E-01  2.54738748E-01  2.20934837E-03
4.80250933E-01  2.56018490E-01  2.24360847E-03
4.80544934E-01  2.53094673E-01  2.16796994E-03
4.80838935E-01  2.57607520E-01  2.20820936E-03
4.81132936E-01  2.49041125E-01  2.22040596E-03
4.81426938E-01  2.52339900E-01  2.15247669E-03
4.81720939E-01  2.54079551E-01  2.19066953E-03
4.82014940E-01  2.54320979E-01  2.23974395E-03
4.82308941E-01  2.60437071E-01  2.21493142E-03
4.82602942E-01  2.54205048E-01  2.20836373E-03
4.82896943E-01  2.50483721E-01  2.17534811E-03
4.83190945E-01  2.56712377E-01  2.21872889E-03
4.83484946E-01  2.53393710E-01  2.18300475E-03
4.83778947E-01  2.51764297E-01  2.18167831E-03
4.84072948E-01  2.56337762E-01  2.22533406E-03
4.84366949E-01  2.57403225E-01  2.21502921E-03
4.84660951E-01  2.58807808E-01  2.25536572E-03
4.84954952E-01  2.56018013E-01  2.18477170E-03
4.85248953E-01  2.64440209E-01  2.26336881E-03
4.85542954E-01  2.51559824E-01  2.16185441E-03
4.85836955E-01  2.62913138E-01  2.24052649E-03
4.86130956E-01  2.45143369E-01  2.16898113E-03
4.86424958E-01  2.55973071E-01  2.18934566E-03
4.86718959E-01  2.55096793E-01  2.22838670E-03
4.87012960E-01  2.45629355E-01  2.10629404E-03
4.87306961E-01  2.54353315E-01  2.15865020E-03
4.87600962E-01  2.58562207E-01  2.14764220E-03
4.87894964E-01  2.63156086E-01  2.26748083E-03
4.88188965E-01  2.49313518E-01  2.16850382E-03
4.88482966E-01  2.58366555E-01  2.24656542E-03
4.88776967E-01  2.58605421E-01  2.25915783E-03
4.89070968E-01  2.57862240E-01  2.18365015E-03
4.89364970E-01  2.46726930E-01  2.22452404E-03
4.89658971E-01  2.47462258E-01  2.17867293E-03
4.89952972E-01  2.46099830E-01  2.17783032E-03
4.90246973E-01  2.50251859E-01  2.14168499E-03
4.90540974E-01  2.49396920E-01  2.18437822E-03
4.90834975E-01  2.53630608E-01  2.14318954E-03
4.91128977E-01  2.54397392E-01  2.17756396E-03
4.91422978E-01  2.53745973E-01  2.22733943E-03
4.91716979E-01  2.59297371E-01  2.27509579E-03
4.92010980E-01  2.52070099E-01  2.23165518E-03
4.92304981E-01  2.59377062E-01  2.18384387E-03
4.92598983E-01  2.64900982E-01  2.24126526E-03
4.92892984E-01  2.59187698E-01  2.22315989E-03
4.93186985E-01  2.52138406E-01  2.21846229E-03
4.93480986E-01  2.49896169E-01  2.16053915E-03
4.93774987E-01  2.55771965E-01  2.17853207E-03
4.94068988E-01  2.52323180E-01  2.17103073E-03
4.94362990E-01  2.53892362E-01  2.18449882E-03
4.94656991E-01  2.53022671E-01  2.19248515E-03
4.94950992E-01  2.52815664E-01  2.25123973E-03
4.95244993E-01  2.54173487E-01  2.14148988E-03
4.95538994E-01  2.61948347E-01  2.25499156E-03
4.95832996E-01  2.55690813E-01  2.20394251E-03
4.96126997E-01  2.61338383E-01  2.28964537E-03
4.96420998E-01  2.53660321E-01  2.22049397E-03
4.96714999E-01  2.58253664E-01  2.18775868E-03
4.97009000E-01  2.47586027E-01  2.17404589E-03
4.97303001E-01  2.54858017E-01  2.14898936E-03
4.97597003E-01  2.61614799E-01  2.23222538E-03
4.97891004E-01  2.59142369E-01  2.26361444E-03
4.98185005E-01  2.59228945E-01  2.18580500E-03
4.98479006E-01  2.56231725E-01  2.16294243E-03
4.98773007E-01  2.64108330E-01  2.23928131E-03
4.99067009E-01  2.58161187E-01  2.21537030E-03
4.99361010E-01  2.46969402E-01  2.20880006E-03
4.99655011E-01  2.54892647E-01  2.12239171E-03
4.99949012E-01  2.52248913E-01  2.24738801E-03
5.00243013E-01  2.51361728E-01  2.17860029E-03
5.00537014E-01  2.49385491E-01  2.07331497E-03
5.00831016E-01  2.49576524E-01  2.14064447E-03
5.01125017E-01  2.58745819E-01  2.20660679E-03
5.01419018E-01  2.62751490E-01  2.19851430E-03
5.01713019E-01  2.65460700E-01  2.26637349E-03
5.02007020E-01  2.56037235E-01  2.18318100E-03
5.02301022E-01  2.55631179E-01  2.17546988E-03
5.02595023E-01  2.54695565E-01  2.16491777E-03
5.02889024E-01  2.55387008E-01  2.17994722E-03
5.03183025E-01  2.55130500E-01  2.25779018E-03
5.03477026E-01  2.59634018E-01  2.27100123E-03
5.03771027E-01  2.52916545E-01  2.11899914E-03
5.04065029E-01  2.48609170E-01  2.15736823E-03
5.04359030E-01  2.59498775E-01  2.20641680E-03
5.04653031E-01  2.50096977E-01  2.21855030E-03
5.04947032E-01  2.58480966E-01  2.17363145E-03
5.05241033E-01  2.55925119E-01  2.17989832E-03
5.05535035E-01  2.59444892E-01  2.18195166E-03
5.05829036E-01  2.58199334E-01  2.20826059E-03
5.06123037E-01  2.42258608E-01  2.10704585E-03
5.06417038E-01  2.61034369E-01  2.20904592E-03
5.06711039E-01  2.48446777E-01  2.16738787E-03
5.07005040E-01  2.59849995E-01  2.25923117E-03
5.07299042E-01  2.54651457E-01  2.18559266E-03
5.07593043E-01  2.57893592E-01  2.20981962E-03
5.07887044E-01  2.54855543E-01  2.17099674E-03
5.08181045E-01  2.56287187E-01  2.16379296E-03
5.08475046E-01  2.48126522E-01  2.14792090E-03
5.08769048E-01  2.47397467E-01  2.11276114E-03
5.09063049E-01  2.49606073E-01  2.15159915E-03
5.09357050E-01  2.57868201E-01  2.15904461E-03
5.09651051E-01  2.49434203E-01  2.14585476E-03
5.09945052E-01  2.59303302E-01  2.24515074E-03
5.10239054E-01  2.48070225E-01  2.11209129E-03
5.10533055E-01  2.52495408E-01  2.15499522E-03
5.10827056E-01  2.50073671E-01  2.16384232E-03
5.11121057E-01  2.51427472E-01  2.10882979E-03
5.11415058E-01  2.53928602E-01  2.20914511E-03
5.11709059E-01  2.49121696E-01  2.13204045E-03
5.12003061E-01  2.43142352E-01  2.14324566E-03
5.12297062E-01  2.69736171E-01  2.26101559E-03
5.12591063E-01  2.56473690E-01  2.25247978E-03
5.12885064E-01  2.50115484E-01  2.14443635E-03
5.13179065E-01  2.53252417E-01  2.13764631E-03
5.13473067E-01  2.50804543E-01  2.14056857E-03
5.13767068E-01  2.57614762E-01  2.19844561E-03
5.14061069E-01  2.54017711E-01  2.16944166E-03
5.14355070E-01  2.46647894E-01  2.13063811E-03
5.14649071E-01  2.54901916E-01  2.21740990E-03
5.14943072E-01  2.53438056E-01  2.20205588E-03
5.15237074E-01  2.53528565E-01  2.21326831E-03
5.15531075E-01  2.55463451E-01  2.17599655E-03
5.15825076E-01  2.58852690E-01  2.24299752E-03
5.16119077E-01  2.53979206E-01  2.17611622E-03
5.16413078E-01  2.62229562E-01  2.21716543E-03
5.16707080E-01  2.59724706E-01  2.19805189E-03
5.17001081E-01  2.52822518E-01  2.16073706E-03
5.17295082E-01  2.57505178E-01  2.23615137E-03
5.17589083E-01  2.59725690E-01  2.23680818E-03
5.17883084E-01  2.59749889E-01  2.14492669E-03
5.18177085E-01  2.49242827E-01  2.18236027E-03
5.18471087E-01  2.48052672E-01  2.18386785E-03
5.18765088E-01  2.62794524E-01  2.19402346E-03
5.19059089E-01  2.58276105E-01  2.28475221E-03
5.19353090E-01  2.54688650E-01  2.14099372E-03
5.19647091E-01  2.49451116E-01  2.12686136E-03
5.19941093E-01  2.55816936E-01  2.20405567E-03
5.20235094E-01  2.57767022E-01  2.21396191E-03
5.20529095E-01  2.50349671E-01  2.15706741E-03
5.20823096E-01  2.58830369E-01  2.23491294E-03
5.21117097E-01  2.59206533E-01  2.24053441E-03
5.21411098E-01  2.54667372E-01  2.13693175E-03
5.21705100E-01  2.51028538E-01  2.16916972E-03
5.21999101E-01  2.52793461E-01  2.15885439E-03
5.22293102E-01  2.51830310E-01  2.21121288E-03
5.22587103E-01  2.48658836E-01  2.15079193E-03
5.22881104E-01  2.47317299E-01  2.10689288E-03
5.23175106E-01  2.52664655E-01  2.15122849E-03
5.23469107E-01  2.51044363E-01  2.18470627E-03
5.23763108E-01  2.48273358E-01  2.16859300E-03
5.24057109E-01  2.54485101E-01  2.12997920E-03
5.24351110E-01  2.54588306E-01  2.17569363E-03
5.24645111E-01  2.52044976E-01  2.13816506E-03
5.24939113E-01  2.46657714E-01  2.20215088E-03
5.25233114E-01  2.53485382E-01  2.19767401E-03
5.25527115E-01  2.55276531E-01  2.23898259E-03
5.25821116E-01  2.50147253E-01  2.16242881E-03
5.26115117E-01  2.46231869E-01  2.10308773E-03
5.26409119E-01  2.44873255E-01  2.17698095E-03
5.26703120E-01  2.57411242E-01  2.24408437E-03
5.26997121E-01  2.57944882E-01  2.18180660E-03
5.27291122E-01  2.48099729E-01  2.14438885E-03
5.27585123E-01  2.52520174E-01  2.17267824E-03
5.27879125E-01  2.46970132E-01  2.19385838E-03
5.28173126E-01  2.52582252E-01  2.17740610E-03
5.28467127E-01  2.59780616E-01  2.21916055E-03
5.28761128E-01  2.50202477E-01  2.13406817E-03
5.29055129E-01  2.55202919E-01  2.16532219E-03
5.29349130E-01  2.53456652E-01  2.11856281E-03
5.29643132E-01  2.45830163E-01  2.15327018E-03
5.29937133E-01  2.54007697E-01  2.19131797E-03
5.30231134E-01  2.44460627E-01  2.17259140E-03
5.30525135E-01  2.55468339E-01  2.16779672E-03
5.30819136E-01  2.66008019E-01  2.21884111E-03
5.31113138E-01  2.50330091E-01  2.16076057E-03
5.31407139E-01  2.43375465E-01  2.09313375E-03
5.31701140E-01  2.40074188E-01  2.11854861E-03
5.31995141E-01  2.56410718E-01  2.17589061E-03
5.32289142E-01  2.48157233E-01  2.17325846E-03
5.32583143E-01  2.54125118E-01  2.21527182E-03
5.32877145E-01  2.60441244E-01  2.21880572E-03
5.33171146E-01  2.53338337E-01  2.20760843E-03
5.33465147E-01  2.49097526E-01  2.17714324E-03
5.33759148E-01  2.48391256E-01  2.11170060E-03
5.34053149E-01  2.41837338E-01  2.04546633E-03
5.34347151E-01  2.52109617E-01  2.12542689E-03
5.34641152E-01  2.48433784E-01  2.14856490E-03
5.34935153E-01  2.49824941E-01  2.11956725E-03
5.35229154E-01  2.53454655E-01  2.16742419E-03
5.35523155E-01  2.54174501E-01  2.11291760E-03
5.35817156E-01  2.53201634E-01  2.14650901E-03
5.36111158E-01  2.51927584E-01  2.13262555E-03
5.36405159E-01  2.51669019E-01  2.15189694E-03
5.36699160E-01  2.49353871E-01  2.16233404E-03
5.36993161E-01  2.53005445E-01  2.12233560E-03
5.37287162E-01  2.54916310E-01  2.17091874E-03
5.37581164E-01  2.52181172E-01  2.13354896E-03
5.37875165E-01  2.52741903E-01  2.13710824E-03
5.38169166E-01  2.56307006E-01  2.19179248E-03
5.38463167E-01  2.52401978E-01  2.08218186E-03
5.38757168E-01  2.53193170E-01  2.10081623E-03
5.39051169E-01  2.48902738E-01  2.05774466E-03
5.39345171E-01  2.48532206E-01  2.05271947E-03
5.39639172E-01  2.59038359E-01  2.17780494E-03
5.39933173E-01  2.42650568E-01  2.16947054E-03
5.40227174E-01  2.51248986E-01  2.09920364E-03
5.40521175E-01  2.60073692E-01  2.14853021E-03
5.40815177E-01  2.52479166E-01  2.11091037E-03
5.41109178E-01  2.47634664E-01  2.09719758E-03


### HEADER:
#
#{
#    "analysis": {},
#    "calibration_params": {
#        "Beam_Center_X": 1093.5,
#        "Beam_Center_Y": 2070.0,
#        "Detector Tilt": 0.0,
#        "Detector Tilt Plane Rotation": 0.0,
#        "Detector_X_Pixel_Size": 75.0,
#        "Detector_Y_Pixel_Size": 75.0,
#        "Integration Method": "nosplit_csr",
#        "Radial_Average_Method": "pyFAI",
#        "Sample-to-detector distance (mm)": 1790.0,
#        "Wavelength (A)": 0.8922346081119231
#    },
#    "config_file": "/nfs/chess/daq/2024-3/id7a/Winnikoff_10_17_24/HP-SAXS_10_20_24.cfg",
#    "counters": {
#        "Epoch": "87.145",
#        "I1": "0",
#        "I2": "0",
#        "I3": "0",
#        "Seconds": "1",
#        "Time": "1.88351e-05",
#        "date": "Fri Oct 18 07:40:54 2024",
#        "diode": "38139"
#    },
#    "filename": "D2M0010_035C_050MPa_up_2_data_000001_00001.h5",
#    "history": {},
#    "imageHeader": {},
#    "load_path": "/nfs/chess/daq/2024-3/id7a/Milshteyn_10_18_2024/D2M0010/D2M0010_035C_050MPa_up_2_data_000001.h5",
#    "normalizations": {
#        "Absolute_scale": {
#            "Absolute_scale_factor": 0.049803809341568875,
#            "Method": "Water"
#        },
#        "Counter_norms": [
#            [
#                "/",
#                "diode/150000"
#            ]
#        ],
#        "Polarization": {
#            "Used": false
#        },
#        "Solid_Angle_Correction": "On"
#    },
#    "raw_version": "2.1.4"
#}

