### DATA:
#
# 1823
#      Q             I(Q)           Error     
8.75701299E-03  4.63449210E-03  1.54564180E-03
9.00368942E-03  0.00000000E+00  0.00000000E+00
9.25036584E-03  3.13141500E-03  1.05138600E-03
9.49704226E-03  2.89655942E-03  9.73544840E-04
9.74371868E-03  7.89970905E-03  1.96279981E-03
9.99039511E-03  9.26899444E-03  1.51310081E-03
1.02370715E-02  1.47461304E-02  2.04191427E-03
1.04837480E-02  9.49692447E-03  1.38515548E-03
1.07304244E-02  2.08932403E-02  2.50534411E-03
1.09771008E-02  1.08621130E-02  1.68053713E-03
1.12237772E-02  5.06898724E-02  3.98164894E-03
1.14704536E-02  3.41646113E-02  3.43736471E-03
1.17171301E-02  6.43681288E-02  5.01356926E-03
1.19638065E-02  7.07213581E-02  6.15283474E-03
1.22104829E-02  8.92275870E-02  7.60431355E-03
1.24571593E-02  8.91719055E+00  9.23921585E-01
1.27038358E-02  1.84836559E+01  1.78697228E+00
1.29505122E-02  2.33892899E+01  1.97788739E+00
1.31971886E-02  1.82245407E+01  1.48803210E+00
1.34438650E-02  1.64560375E+01  1.31119275E+00
1.36905414E-02  1.44620066E+01  1.09183764E+00
1.39372179E-02  1.11580143E+01  8.20931613E-01
1.41838943E-02  1.04844847E+01  7.64676213E-01
1.44305707E-02  8.21102810E+00  5.70292294E-01
1.46772471E-02  7.22645807E+00  4.85697806E-01
1.49239236E-02  6.66312599E+00  4.43606824E-01
1.51706000E-02  5.40991640E+00  3.56709421E-01
1.54172764E-02  5.40236521E+00  3.55695605E-01
1.56639528E-02  4.46202087E+00  2.85510212E-01
1.59106292E-02  4.34579134E+00  2.78251350E-01
1.61573057E-02  4.11979437E+00  2.54856467E-01
1.64039821E-02  3.42888284E+00  2.13382587E-01
1.66506585E-02  3.31832695E+00  1.91305831E-01
1.68973349E-02  2.51943016E+00  1.43395171E-01
1.71440114E-02  2.65474463E+00  1.45980507E-01
1.73906878E-02  2.42409468E+00  1.31525263E-01
1.76373642E-02  2.28894877E+00  1.19819947E-01
1.78840406E-02  2.04803491E+00  1.06368385E-01
1.81307170E-02  1.81168616E+00  9.21967030E-02
1.83773935E-02  1.81016040E+00  9.74605531E-02
1.86240699E-02  1.61370754E+00  8.31979737E-02
1.88707463E-02  1.56039941E+00  7.94985220E-02
1.91174227E-02  1.40172529E+00  7.06246868E-02
1.93640992E-02  1.17608833E+00  6.01093732E-02
1.96107756E-02  1.16823328E+00  5.75871244E-02
1.98574520E-02  1.09758592E+00  5.20075671E-02
2.01041284E-02  9.01307046E-01  4.23964970E-02
2.03508048E-02  7.79289007E-01  3.55072618E-02
2.05974813E-02  7.00573921E-01  3.18712443E-02
2.08441577E-02  6.60058975E-01  2.87777949E-02
2.10908341E-02  6.00387573E-01  2.48389654E-02
2.13375105E-02  5.85043311E-01  2.48543713E-02
2.15841870E-02  5.30512869E-01  2.28021201E-02
2.18308634E-02  5.00890851E-01  2.02370863E-02
2.20775398E-02  4.46356177E-01  1.74650196E-02
2.23242162E-02  4.03128713E-01  1.48394452E-02
2.25708926E-02  3.98660064E-01  1.55100105E-02
2.28175691E-02  3.92378569E-01  1.43777747E-02
2.30642455E-02  3.54932278E-01  1.30869364E-02
2.33109219E-02  3.35235447E-01  1.20234247E-02
2.35575983E-02  3.01175505E-01  9.29872505E-03
2.38042748E-02  3.10910255E-01  1.00570014E-02
2.40509512E-02  2.68887818E-01  8.54961481E-03
2.42976276E-02  2.46334910E-01  7.32246274E-03
2.45443040E-02  2.49843881E-01  7.92023446E-03
2.47909804E-02  2.38670170E-01  6.58734376E-03
2.50376569E-02  2.32337087E-01  6.21698191E-03
2.52843333E-02  2.27818266E-01  6.41094148E-03
2.55310097E-02  2.00131088E-01  5.25584631E-03
2.57776861E-02  2.01224521E-01  4.56531812E-03
2.60243626E-02  2.06862301E-01  5.10925427E-03
2.62710390E-02  1.94364488E-01  4.74648224E-03
2.65177154E-02  1.75796136E-01  4.10167640E-03
2.67643918E-02  1.81798816E-01  4.15411219E-03
2.70110682E-02  1.70806825E-01  3.60498694E-03
2.72577447E-02  1.76212639E-01  3.90101387E-03
2.75044211E-02  1.73117310E-01  3.97873670E-03
2.77510975E-02  1.67361990E-01  3.40391672E-03
2.79977739E-02  1.57465562E-01  3.12554580E-03
2.82444504E-02  1.44515753E-01  3.04762926E-03
2.84911268E-02  1.46069542E-01  2.98425648E-03
2.87378032E-02  1.46580845E-01  2.65601370E-03
2.89844796E-02  1.38663605E-01  2.42640311E-03
2.92311561E-02  1.29303902E-01  2.44228775E-03
2.94778325E-02  1.25661418E-01  2.25584442E-03
2.97245089E-02  1.38416201E-01  2.44929199E-03
2.99711853E-02  1.31486535E-01  2.17611110E-03
3.02178617E-02  1.27125069E-01  2.06553913E-03
3.04645382E-02  1.31581560E-01  2.35477625E-03
3.07112146E-02  1.24306038E-01  2.15479941E-03
3.09578910E-02  1.10712372E-01  1.93289702E-03
3.12045674E-02  1.15867078E-01  1.95198180E-03
3.14512439E-02  1.11790352E-01  1.81910873E-03
3.16979203E-02  1.24607712E-01  2.01556226E-03
3.19445967E-02  1.01278186E-01  1.73973583E-03
3.21912731E-02  1.10106044E-01  1.88521831E-03
3.24379495E-02  1.14160419E-01  1.97304087E-03
3.26846260E-02  1.12736017E-01  1.78736239E-03
3.29313024E-02  1.10261165E-01  1.75099517E-03
3.31779788E-02  1.10718071E-01  1.74100592E-03
3.34246552E-02  1.10281356E-01  1.85231410E-03
3.36713317E-02  1.07330285E-01  1.78958476E-03
3.39180081E-02  1.06893726E-01  1.64262368E-03
3.41646845E-02  1.00754872E-01  1.66217762E-03
3.44113609E-02  1.06114976E-01  1.61799358E-03
3.46580373E-02  1.05879642E-01  1.68732915E-03
3.49047138E-02  1.06731102E-01  1.64683245E-03
3.51513902E-02  9.02076513E-02  1.55443198E-03
3.53980666E-02  9.54211652E-02  1.53819867E-03
3.56447430E-02  9.23869684E-02  1.44920312E-03
3.58914195E-02  9.79227424E-02  1.49029039E-03
3.61380959E-02  9.44046155E-02  1.55725353E-03
3.63847723E-02  9.49354023E-02  1.39404205E-03
3.66314487E-02  9.37345847E-02  1.42795930E-03
3.68781251E-02  9.31827798E-02  1.44594780E-03
3.71248016E-02  9.05106440E-02  1.42650912E-03
3.73714780E-02  9.11061838E-02  1.47707865E-03
3.76181544E-02  9.37014818E-02  1.45462807E-03
3.78648308E-02  9.46851075E-02  1.43535144E-03
3.81115073E-02  9.13411379E-02  1.47664861E-03
3.83581837E-02  9.13480222E-02  1.47968729E-03
3.86048601E-02  9.16344598E-02  1.39974791E-03
3.88515365E-02  8.94855335E-02  1.39370933E-03
3.90982129E-02  8.99151415E-02  1.52848952E-03
3.93448894E-02  8.14173520E-02  1.35161541E-03
3.95915658E-02  8.66815448E-02  1.35912991E-03
3.98382422E-02  8.74231309E-02  1.31198706E-03
4.00849186E-02  9.14958119E-02  1.42252224E-03
4.03315951E-02  9.06121805E-02  1.33069174E-03
4.05782715E-02  8.83318931E-02  1.34598673E-03
4.08249479E-02  8.71221945E-02  1.32531568E-03
4.10716243E-02  8.42853263E-02  1.31161162E-03
4.13183007E-02  7.96613023E-02  1.22475589E-03
4.15649772E-02  8.34620297E-02  1.34465971E-03
4.18116536E-02  8.84191543E-02  1.32277689E-03
4.20583300E-02  8.03933665E-02  1.30723615E-03
4.23050064E-02  8.67751986E-02  1.32510997E-03
4.25516829E-02  8.53063092E-02  1.28557463E-03
4.27983593E-02  8.57019126E-02  1.34317181E-03
4.30450357E-02  9.33595300E-02  1.28931389E-03
4.32917121E-02  8.78438652E-02  1.34977617E-03
4.35383885E-02  8.37869123E-02  1.28241815E-03
4.37850650E-02  7.84777701E-02  1.22296019E-03
4.40317414E-02  8.67027119E-02  1.31823157E-03
4.42784178E-02  8.47078115E-02  1.24325021E-03
4.45250942E-02  8.04623589E-02  1.19229581E-03
4.47717707E-02  8.66216049E-02  1.24877808E-03
4.50184471E-02  8.99642482E-02  1.26259658E-03
4.52651235E-02  8.26976001E-02  1.22199918E-03
4.55117999E-02  8.13575760E-02  1.24280772E-03
4.57584764E-02  8.81537572E-02  1.29453966E-03
4.60051528E-02  8.55216607E-02  1.22909108E-03
4.62518292E-02  8.38026479E-02  1.23635901E-03
4.64985056E-02  8.10184330E-02  1.19705009E-03
4.67451820E-02  8.68650749E-02  1.27207488E-03
4.69918585E-02  8.09376612E-02  1.21804734E-03
4.72385349E-02  8.52510855E-02  1.30262866E-03
4.74852113E-02  8.48788172E-02  1.30400411E-03
4.77318877E-02  9.14953277E-02  1.21429551E-03
4.79785642E-02  8.21681246E-02  1.19859097E-03
4.82252406E-02  8.99368525E-02  1.25294493E-03
4.84719170E-02  8.49443823E-02  1.18046219E-03
4.87185934E-02  8.88318941E-02  1.31734705E-03
4.89652698E-02  8.76311585E-02  1.25362596E-03
4.92119463E-02  9.18953493E-02  1.23832386E-03
4.94586227E-02  8.52528811E-02  1.20542443E-03
4.97052991E-02  8.97097066E-02  1.23361929E-03
4.99519755E-02  8.69444460E-02  1.24889344E-03
5.01986520E-02  8.57566297E-02  1.22700969E-03
5.04453284E-02  8.58772248E-02  1.17519696E-03
5.06920048E-02  8.31699520E-02  1.15164975E-03
5.09386812E-02  8.73179436E-02  1.19571586E-03
5.11853576E-02  8.65009427E-02  1.18542172E-03
5.14320341E-02  8.52618217E-02  1.18030666E-03
5.16787105E-02  8.95339027E-02  1.24373671E-03
5.19253869E-02  8.63473937E-02  1.20067922E-03
5.21720633E-02  8.61303359E-02  1.18294591E-03
5.24187398E-02  9.39695090E-02  1.21891231E-03
5.26654162E-02  9.27858055E-02  1.24366872E-03
5.29120926E-02  9.78835002E-02  1.21969439E-03
5.31587690E-02  9.08974782E-02  1.16597197E-03
5.34054454E-02  9.27594528E-02  1.27316639E-03
5.36521219E-02  9.38787609E-02  1.22832158E-03
5.38987983E-02  9.40003842E-02  1.21711940E-03
5.41454747E-02  9.04130563E-02  1.21148559E-03
5.43921511E-02  9.59821716E-02  1.22326473E-03
5.46388276E-02  9.63989422E-02  1.23771816E-03
5.48855040E-02  9.88570750E-02  1.25975965E-03
5.51321804E-02  9.49228778E-02  1.19294762E-03
5.53788568E-02  9.53374505E-02  1.24007417E-03
5.56255332E-02  9.42623243E-02  1.20414677E-03
5.58722097E-02  9.57487524E-02  1.21769158E-03
5.61188861E-02  9.32748318E-02  1.23303512E-03
5.63655625E-02  9.72944647E-02  1.20242976E-03
5.66122389E-02  9.60717350E-02  1.18003739E-03
5.68589154E-02  1.00684009E-01  1.22514262E-03
5.71055918E-02  9.87373516E-02  1.25305878E-03
5.73522682E-02  1.01607248E-01  1.20557868E-03
5.75989446E-02  1.07981764E-01  1.32901222E-03
5.78456210E-02  1.08844623E-01  1.29688974E-03
5.80922975E-02  1.03348807E-01  1.18859182E-03
5.83389739E-02  1.01479121E-01  1.24099397E-03
5.85856503E-02  1.11068077E-01  1.29641406E-03
5.88323267E-02  1.06925316E-01  1.26892398E-03
5.90790032E-02  1.08163677E-01  1.27944211E-03
5.93256796E-02  1.09266140E-01  1.33394601E-03
5.95723560E-02  1.11443907E-01  1.26171054E-03
5.98190324E-02  1.10920064E-01  1.25448673E-03
6.00657088E-02  1.11308560E-01  1.31298148E-03
6.03123853E-02  1.15754604E-01  1.29694841E-03
6.05590617E-02  1.11209817E-01  1.30186602E-03
6.08057381E-02  1.14595421E-01  1.31920748E-03
6.10524145E-02  1.18368462E-01  1.29877240E-03
6.12990910E-02  1.13128759E-01  1.26908591E-03
6.15457674E-02  1.15257017E-01  1.32737891E-03
6.17924438E-02  1.25061005E-01  1.31221488E-03
6.20391202E-02  1.32128760E-01  1.43044593E-03
6.22857966E-02  1.22000940E-01  1.33387523E-03
6.25324731E-02  1.25208035E-01  1.34579837E-03
6.27791495E-02  1.28650650E-01  1.34732493E-03
6.30258259E-02  1.36064202E-01  1.40760280E-03
6.32725023E-02  1.32808566E-01  1.36470911E-03
6.35191788E-02  1.36931330E-01  1.43011601E-03
6.37658552E-02  1.37472108E-01  1.40309974E-03
6.40125316E-02  1.32524654E-01  1.35413255E-03
6.42592080E-02  1.46900207E-01  1.43759616E-03
6.45058845E-02  1.49438873E-01  1.47254509E-03
6.47525609E-02  1.40242800E-01  1.42174063E-03
6.49992373E-02  1.55570805E-01  1.54852669E-03
6.52459137E-02  1.52038619E-01  1.49391952E-03
6.54925901E-02  1.59520328E-01  1.50232064E-03
6.57392666E-02  1.64697021E-01  1.56341540E-03
6.59859430E-02  1.61569372E-01  1.49440032E-03
6.62326194E-02  1.65601447E-01  1.56984408E-03
6.64792958E-02  1.74124047E-01  1.60918478E-03
6.67259723E-02  1.75716534E-01  1.61054521E-03
6.69726487E-02  1.77660540E-01  1.61072763E-03
6.72193251E-02  1.79150805E-01  1.56950217E-03
6.74660015E-02  1.93919972E-01  1.73768122E-03
6.77126779E-02  2.03283399E-01  1.80128193E-03
6.79593544E-02  1.97041735E-01  1.78356760E-03
6.82060308E-02  2.02858344E-01  1.77454692E-03
6.84527072E-02  2.12123811E-01  1.83066062E-03
6.86993836E-02  2.20566601E-01  1.87711883E-03
6.89460601E-02  2.31774390E-01  1.86934054E-03
6.91927365E-02  2.32007220E-01  2.01997464E-03
6.94394129E-02  2.42594257E-01  2.08314206E-03
6.96860893E-02  2.58023053E-01  2.13819765E-03
6.99327657E-02  2.74995863E-01  2.37796642E-03
7.01794422E-02  2.86870539E-01  2.38936371E-03
7.04261186E-02  2.92038500E-01  2.41096620E-03
7.06727950E-02  3.09734285E-01  2.40452844E-03
7.09194714E-02  3.21748018E-01  2.89672590E-03
7.11661479E-02  3.46900523E-01  3.04270932E-03
7.14128243E-02  3.65061551E-01  3.33475554E-03
7.16595007E-02  3.95015389E-01  3.83854914E-03
7.19061771E-02  4.23792750E-01  4.06691339E-03
7.21528535E-02  4.39825982E-01  4.20401571E-03
7.23995300E-02  4.89241093E-01  4.65553766E-03
7.26462064E-02  5.41991651E-01  5.88482618E-03
7.28928828E-02  5.93348920E-01  6.37597730E-03
7.31395592E-02  6.39925718E-01  7.45654432E-03
7.33862357E-02  7.17953444E-01  8.70207045E-03
7.36329121E-02  7.70700455E-01  1.01071037E-02
7.38795885E-02  8.85113001E-01  1.20482519E-02
7.41262649E-02  1.01363778E+00  1.41221555E-02
7.43729413E-02  1.13774598E+00  1.65013298E-02
7.46196178E-02  1.31532085E+00  1.95132382E-02
7.48662942E-02  1.46803153E+00  2.17992626E-02
7.51129706E-02  1.66511500E+00  2.51517836E-02
7.53596470E-02  1.82058072E+00  2.65676193E-02
7.56063235E-02  2.04157567E+00  2.87151635E-02
7.58529999E-02  2.27705526E+00  3.16043869E-02
7.60996763E-02  2.43622375E+00  3.22368890E-02
7.63463527E-02  2.70975804E+00  3.42353210E-02
7.65930291E-02  2.88760185E+00  3.49232703E-02
7.68397056E-02  3.10644698E+00  3.65298204E-02
7.70863820E-02  3.33866119E+00  3.71854976E-02
7.73330584E-02  3.43338966E+00  3.61416452E-02
7.75797348E-02  3.65142179E+00  3.68233733E-02
7.78264113E-02  3.73628831E+00  3.68769728E-02
7.80730877E-02  3.90198255E+00  3.65358815E-02
7.83197641E-02  4.04282808E+00  3.61820273E-02
7.85664405E-02  4.10117865E+00  3.55833843E-02
7.88131169E-02  4.28994799E+00  3.56236175E-02
7.90597934E-02  4.36376190E+00  3.53539586E-02
7.93064698E-02  4.48176098E+00  3.48601416E-02
7.95531462E-02  4.58688927E+00  3.45539376E-02
7.97998226E-02  4.80957747E+00  3.41666453E-02
8.00464991E-02  4.87246513E+00  3.46502922E-02
8.02931755E-02  5.01908112E+00  3.44961621E-02
8.05398519E-02  5.14617968E+00  3.46290320E-02
8.07865283E-02  5.37229967E+00  3.46247628E-02
8.10332047E-02  5.55617905E+00  3.51835229E-02
8.12798812E-02  5.70800686E+00  3.72877866E-02
8.15265576E-02  6.05028439E+00  3.75089198E-02
8.17732340E-02  6.21716595E+00  4.04309146E-02
8.20199104E-02  6.45875931E+00  4.12066020E-02
8.22665869E-02  6.56180716E+00  4.44922112E-02
8.25132633E-02  6.68211603E+00  4.88128886E-02
8.27599397E-02  6.89135408E+00  5.08449301E-02
8.30066161E-02  6.75439215E+00  5.47763556E-02
8.32532926E-02  6.60613441E+00  5.54510988E-02
8.34999690E-02  6.30036831E+00  5.63940443E-02
8.37466454E-02  5.88783550E+00  5.49514554E-02
8.39933218E-02  5.37823534E+00  5.02065606E-02
8.42399982E-02  4.87234449E+00  4.83349077E-02
8.44866747E-02  4.31518888E+00  4.32552397E-02
8.47333511E-02  3.82929254E+00  3.91612723E-02
8.49800275E-02  3.27885747E+00  3.33902016E-02
8.52267039E-02  2.82643294E+00  2.81467661E-02
8.54733804E-02  2.41301775E+00  2.41281912E-02
8.57200568E-02  2.02486420E+00  1.94033552E-02
8.59667332E-02  1.74396801E+00  1.70205012E-02
8.62134096E-02  1.50018275E+00  1.38398195E-02
8.64600860E-02  1.28728628E+00  1.15208216E-02
8.67067625E-02  1.11592364E+00  9.74123832E-03
8.69534389E-02  9.77389157E-01  8.17361195E-03
8.72001153E-02  8.48405302E-01  6.89286506E-03
8.74467917E-02  7.52208769E-01  5.91910770E-03
8.76934682E-02  6.75443172E-01  5.04069868E-03
8.79401446E-02  6.05165124E-01  4.30678483E-03
8.81868210E-02  5.52087486E-01  3.93037219E-03
8.84334974E-02  5.10359645E-01  3.44568072E-03
8.86801738E-02  4.75033164E-01  3.04970774E-03
8.89268503E-02  4.43629324E-01  2.92014028E-03
8.91735267E-02  4.14103478E-01  2.72531179E-03
8.94202031E-02  3.96753311E-01  2.59128772E-03
8.96668795E-02  3.81142825E-01  2.52318592E-03
8.99135560E-02  3.53824466E-01  2.25952337E-03
9.01602324E-02  3.42843950E-01  2.18795752E-03
9.04069088E-02  3.46919268E-01  2.21744087E-03
9.06535852E-02  3.16535503E-01  1.98886683E-03
9.09002616E-02  3.14936161E-01  2.07385095E-03
9.11469381E-02  3.04512858E-01  1.94373040E-03
9.13936145E-02  2.80916333E-01  1.83952157E-03
9.16402909E-02  2.85139024E-01  1.86837872E-03
9.18869673E-02  2.74604589E-01  1.72943529E-03
9.21336438E-02  2.65744776E-01  1.75430113E-03
9.23803202E-02  2.63171613E-01  1.76775095E-03
9.26269966E-02  2.57094234E-01  1.75967324E-03
9.28736730E-02  2.61881888E-01  1.73601310E-03
9.31203494E-02  2.46556848E-01  1.67248026E-03
9.33670259E-02  2.46137276E-01  1.62111165E-03
9.36137023E-02  2.41110399E-01  1.63672632E-03
9.38603787E-02  2.35898241E-01  1.54200243E-03
9.41070551E-02  2.39691123E-01  1.59103004E-03
9.43537316E-02  2.27737844E-01  1.49248622E-03
9.46004080E-02  2.25601658E-01  1.59788271E-03
9.48470844E-02  2.21641675E-01  1.50621298E-03
9.50937608E-02  2.23939210E-01  1.57888560E-03
9.53404372E-02  2.16942996E-01  1.54696184E-03
9.55871137E-02  2.11473659E-01  1.45541038E-03
9.58337901E-02  2.13087618E-01  1.43317087E-03
9.60804665E-02  2.13904664E-01  1.41760858E-03
9.63271429E-02  2.12778121E-01  1.50099990E-03
9.65738194E-02  2.00326279E-01  1.40360394E-03
9.68204958E-02  1.99746251E-01  1.42401550E-03
9.70671722E-02  1.98718026E-01  1.39187986E-03
9.73138486E-02  1.92929000E-01  1.44489936E-03
9.75605250E-02  2.03188881E-01  1.45695836E-03
9.78072015E-02  2.01384708E-01  1.42036797E-03
9.80538779E-02  1.95062950E-01  1.40607893E-03
9.83005543E-02  1.90327823E-01  1.35163020E-03
9.85472307E-02  1.85212448E-01  1.39952009E-03
9.87939072E-02  1.91424385E-01  1.41582347E-03
9.90405836E-02  1.82431579E-01  1.31823437E-03
9.92872600E-02  1.85944214E-01  1.33882428E-03
9.95339364E-02  1.89483732E-01  1.33171736E-03
9.97806128E-02  1.86765656E-01  1.33449084E-03
1.00027289E-01  1.83367178E-01  1.34851632E-03
1.00273966E-01  1.90472826E-01  1.36385264E-03
1.00520642E-01  1.82959229E-01  1.36323425E-03
1.00767319E-01  1.77498817E-01  1.24659110E-03
1.01013995E-01  1.89277753E-01  1.35871978E-03
1.01260671E-01  1.78483605E-01  1.32469111E-03
1.01507348E-01  1.78506926E-01  1.35124382E-03
1.01754024E-01  1.82060301E-01  1.31416996E-03
1.02000701E-01  1.83002293E-01  1.28841633E-03
1.02247377E-01  1.75155103E-01  1.29611406E-03
1.02494053E-01  1.77452460E-01  1.25024316E-03
1.02740730E-01  1.75530776E-01  1.22361712E-03
1.02987406E-01  1.72346815E-01  1.27483986E-03
1.03234083E-01  1.82418853E-01  1.32376747E-03
1.03480759E-01  1.78974956E-01  1.31299836E-03
1.03727436E-01  1.77274019E-01  1.26222963E-03
1.03974112E-01  1.78428873E-01  1.27103832E-03
1.04220788E-01  1.73838586E-01  1.27015752E-03
1.04467465E-01  1.81382492E-01  1.27016462E-03
1.04714141E-01  1.73761681E-01  1.25098112E-03
1.04960818E-01  1.73062250E-01  1.23288517E-03
1.05207494E-01  1.71893314E-01  1.21320121E-03
1.05454171E-01  1.76757365E-01  1.24353694E-03
1.05700847E-01  1.78181097E-01  1.28512259E-03
1.05947523E-01  1.77263826E-01  1.25809456E-03
1.06194200E-01  1.74075425E-01  1.24346535E-03
1.06440876E-01  1.76447928E-01  1.27628807E-03
1.06687553E-01  1.71543777E-01  1.21823198E-03
1.06934229E-01  1.78794801E-01  1.26495457E-03
1.07180906E-01  1.71169445E-01  1.25491677E-03
1.07427582E-01  1.71468303E-01  1.25138764E-03
1.07674258E-01  1.72121853E-01  1.24296860E-03
1.07920935E-01  1.75062522E-01  1.23949791E-03
1.08167611E-01  1.65769264E-01  1.22012908E-03
1.08414288E-01  1.71786875E-01  1.20629615E-03
1.08660964E-01  1.72364846E-01  1.24524359E-03
1.08907640E-01  1.64567128E-01  1.22209988E-03
1.09154317E-01  1.71997443E-01  1.27590972E-03
1.09400993E-01  1.71732411E-01  1.28361210E-03
1.09647670E-01  1.65572017E-01  1.24632439E-03
1.09894346E-01  1.67046383E-01  1.25338614E-03
1.10141023E-01  1.66659951E-01  1.28006935E-03
1.10387699E-01  1.73051283E-01  1.32781570E-03
1.10634375E-01  1.75289825E-01  1.29822793E-03
1.10881052E-01  1.63241044E-01  1.28005387E-03
1.11127728E-01  1.72322601E-01  1.27249770E-03
1.11374405E-01  1.70050874E-01  1.30187604E-03
1.11621081E-01  1.67136773E-01  1.26190949E-03
1.11867758E-01  1.68061510E-01  1.30037172E-03
1.12114434E-01  1.69501945E-01  1.26729882E-03
1.12361110E-01  1.71820387E-01  1.32294453E-03
1.12607787E-01  1.72140226E-01  1.26894109E-03
1.12854463E-01  1.73284367E-01  1.28012046E-03
1.13101140E-01  1.71597570E-01  1.29804434E-03
1.13347816E-01  1.74936697E-01  1.35776529E-03
1.13594493E-01  1.75567091E-01  1.36168161E-03
1.13841169E-01  1.68643191E-01  1.34822167E-03
1.14087845E-01  1.68787315E-01  1.28188066E-03
1.14334522E-01  1.74604103E-01  1.33059907E-03
1.14581198E-01  1.76845074E-01  1.30931509E-03
1.14827875E-01  1.80555776E-01  1.33680494E-03
1.15074551E-01  1.78213194E-01  1.36369176E-03
1.15321227E-01  1.76438317E-01  1.34075840E-03
1.15567904E-01  1.80539593E-01  1.33342412E-03
1.15814580E-01  1.76167786E-01  1.34387193E-03
1.16061257E-01  1.75967410E-01  1.37056434E-03
1.16307933E-01  1.75782874E-01  1.42417289E-03
1.16554610E-01  1.82257697E-01  1.37597416E-03
1.16801286E-01  1.76561654E-01  1.34591328E-03
1.17047962E-01  1.79296657E-01  1.35851384E-03
1.17294639E-01  1.80047974E-01  1.37854181E-03
1.17541315E-01  1.79064021E-01  1.36995362E-03
1.17787992E-01  1.80841491E-01  1.38133985E-03
1.18034668E-01  1.76736102E-01  1.31029740E-03
1.18281345E-01  1.83075622E-01  1.28499116E-03
1.18528021E-01  1.84064403E-01  1.32034870E-03
1.18774697E-01  1.91444665E-01  1.34967838E-03
1.19021374E-01  1.87147513E-01  1.34963682E-03
1.19268050E-01  1.90475017E-01  1.38937030E-03
1.19514727E-01  1.94583431E-01  1.36768306E-03
1.19761403E-01  1.95448011E-01  1.28448126E-03
1.20008079E-01  1.91984266E-01  1.34496251E-03
1.20254756E-01  1.94227889E-01  1.36130967E-03
1.20501432E-01  2.00756535E-01  1.34764786E-03
1.20748109E-01  1.95594370E-01  1.31234992E-03
1.20994785E-01  1.96959957E-01  1.33825105E-03
1.21241462E-01  2.04984069E-01  1.39785360E-03
1.21488138E-01  1.99697301E-01  1.35953852E-03
1.21734814E-01  1.97457895E-01  1.33136066E-03
1.21981491E-01  2.05851451E-01  1.36344158E-03
1.22228167E-01  2.10896879E-01  1.41425757E-03
1.22474844E-01  2.14652047E-01  1.38873397E-03
1.22721520E-01  2.13692531E-01  1.40634936E-03
1.22968197E-01  2.11771518E-01  1.34832948E-03
1.23214873E-01  2.17249647E-01  1.39288197E-03
1.23461549E-01  2.17267483E-01  1.37082965E-03
1.23708226E-01  2.24177510E-01  1.39823975E-03
1.23954902E-01  2.25894243E-01  1.43869931E-03
1.24201579E-01  2.29202345E-01  1.41868403E-03
1.24448255E-01  2.25468278E-01  1.38368458E-03
1.24694932E-01  2.25158021E-01  1.39967399E-03
1.24941608E-01  2.33910963E-01  1.43649115E-03
1.25188284E-01  2.43149623E-01  1.42820575E-03
1.25434961E-01  2.42659301E-01  1.44616689E-03
1.25681637E-01  2.48101860E-01  1.47633627E-03
1.25928314E-01  2.47241750E-01  1.47510890E-03
1.26174990E-01  2.53985226E-01  1.47083774E-03
1.26421666E-01  2.56829560E-01  1.48685020E-03
1.26668343E-01  2.64553696E-01  1.49921305E-03
1.26915019E-01  2.67059714E-01  1.59846386E-03
1.27161696E-01  2.74820745E-01  1.54793332E-03
1.27408372E-01  2.68878251E-01  1.53829192E-03
1.27655049E-01  2.96576619E-01  1.69648579E-03
1.27901725E-01  2.96225309E-01  1.62728096E-03
1.28148401E-01  3.14323932E-01  1.73729879E-03
1.28395078E-01  3.13644856E-01  1.74309534E-03
1.28641754E-01  3.25108975E-01  1.76778471E-03
1.28888431E-01  3.41073215E-01  1.87778962E-03
1.29135107E-01  3.48283291E-01  1.92956894E-03
1.29381784E-01  3.58922631E-01  1.94765092E-03
1.29628460E-01  3.84466499E-01  2.09373492E-03
1.29875136E-01  3.87294412E-01  2.05412996E-03
1.30121813E-01  4.01637167E-01  2.23848387E-03
1.30368489E-01  4.20441717E-01  2.34246510E-03
1.30615166E-01  4.46982414E-01  2.59633781E-03
1.30861842E-01  4.68291074E-01  2.66916119E-03
1.31108518E-01  5.01628995E-01  3.01665696E-03
1.31355195E-01  5.34345746E-01  3.19177611E-03
1.31601871E-01  5.71277618E-01  3.36237624E-03
1.31848548E-01  5.98054826E-01  3.62072955E-03
1.32095224E-01  6.24070466E-01  3.76481027E-03
1.32341901E-01  6.76485956E-01  4.00044862E-03
1.32588577E-01  7.05459058E-01  4.29713260E-03
1.32835253E-01  7.48585999E-01  4.47071996E-03
1.33081930E-01  7.91617215E-01  4.51960741E-03
1.33328606E-01  8.39728355E-01  4.82849078E-03
1.33575283E-01  9.01687264E-01  4.98928083E-03
1.33821959E-01  9.28267002E-01  4.92800353E-03
1.34068636E-01  9.88665879E-01  5.09193167E-03
1.34315312E-01  1.02744925E+00  5.13772434E-03
1.34561988E-01  1.07659972E+00  5.13519999E-03
1.34808665E-01  1.11758614E+00  5.24785602E-03
1.35055341E-01  1.17281747E+00  5.22688497E-03
1.35302018E-01  1.19963109E+00  5.08080330E-03
1.35548694E-01  1.23992431E+00  4.96100914E-03
1.35795371E-01  1.28097439E+00  5.03727514E-03
1.36042047E-01  1.30440521E+00  4.90119774E-03
1.36288723E-01  1.33754873E+00  4.69648791E-03
1.36535400E-01  1.36366808E+00  4.76505188E-03
1.36782076E-01  1.40626109E+00  4.76277154E-03
1.37028753E-01  1.45293379E+00  4.67369519E-03
1.37275429E-01  1.46894574E+00  4.83113201E-03
1.37522105E-01  1.48395133E+00  4.94917948E-03
1.37768782E-01  1.51180315E+00  5.16673829E-03
1.38015458E-01  1.53282154E+00  5.28473314E-03
1.38262135E-01  1.56351006E+00  5.65915415E-03
1.38508811E-01  1.58381033E+00  6.20129099E-03
1.38755488E-01  1.59307802E+00  6.37631444E-03
1.39002164E-01  1.59444976E+00  6.75790664E-03
1.39248840E-01  1.60482013E+00  7.08753290E-03
1.39495517E-01  1.58510041E+00  7.50466995E-03
1.39742193E-01  1.53600180E+00  7.76309101E-03
1.39988870E-01  1.51701427E+00  7.79491989E-03
1.40235546E-01  1.45435739E+00  7.92069174E-03
1.40482223E-01  1.41596627E+00  7.86164869E-03
1.40728899E-01  1.35380507E+00  7.54879788E-03
1.40975575E-01  1.28328371E+00  7.57213449E-03
1.41222252E-01  1.20886958E+00  7.09768105E-03
1.41468928E-01  1.14717484E+00  6.84533920E-03
1.41715605E-01  1.06112421E+00  6.40874496E-03
1.41962281E-01  9.80935991E-01  5.99833997E-03
1.42208957E-01  9.12475109E-01  5.46316197E-03
1.42455634E-01  8.65778744E-01  5.21636847E-03
1.42702310E-01  7.97414601E-01  4.82467609E-03
1.42948987E-01  7.31342077E-01  4.27430030E-03
1.43195663E-01  6.71861112E-01  4.05364437E-03
1.43442340E-01  6.23259842E-01  3.65539826E-03
1.43689016E-01  5.89985073E-01  3.41026299E-03
1.43935692E-01  5.59785187E-01  3.09639866E-03
1.44182369E-01  5.12196481E-01  2.76273536E-03
1.44429045E-01  4.84541088E-01  2.63900054E-03
1.44675722E-01  4.43759501E-01  2.40859110E-03
1.44922398E-01  4.18383002E-01  2.23712577E-03
1.45169075E-01  3.98398370E-01  2.09848490E-03
1.45415751E-01  3.89475763E-01  2.05030455E-03
1.45662427E-01  3.74195784E-01  1.94533716E-03
1.45909104E-01  3.53562146E-01  1.82264915E-03
1.46155780E-01  3.45341235E-01  1.76424405E-03
1.46402457E-01  3.34659308E-01  1.75787089E-03
1.46649133E-01  3.15580755E-01  1.61003298E-03
1.46895810E-01  3.12429756E-01  1.59853010E-03
1.47142486E-01  3.09904188E-01  1.55556586E-03
1.47389162E-01  2.99112916E-01  1.49320473E-03
1.47635839E-01  2.99062222E-01  1.45712309E-03
1.47882515E-01  2.90344894E-01  1.49382011E-03
1.48129192E-01  2.79950738E-01  1.40292884E-03
1.48375868E-01  2.92291701E-01  1.47623685E-03
1.48622544E-01  2.96564609E-01  1.48371863E-03
1.48869221E-01  2.82059729E-01  1.42775802E-03
1.49115897E-01  2.95194983E-01  1.46818021E-03
1.49362574E-01  2.95577377E-01  1.45432958E-03
1.49609250E-01  2.95399606E-01  1.45452167E-03
1.49855927E-01  3.02763075E-01  1.47665013E-03
1.50102603E-01  3.05759490E-01  1.44887040E-03
1.50349279E-01  3.06842983E-01  1.51718385E-03
1.50595956E-01  3.22013170E-01  1.54911692E-03
1.50842632E-01  3.17799509E-01  1.54793949E-03
1.51089309E-01  3.26949686E-01  1.59658364E-03
1.51335985E-01  3.40713620E-01  1.67373626E-03
1.51582662E-01  3.46082926E-01  1.70681032E-03
1.51829338E-01  3.53966534E-01  1.81875564E-03
1.52076014E-01  3.72222871E-01  1.84820069E-03
1.52322691E-01  3.84449393E-01  1.87048200E-03
1.52569367E-01  4.09765333E-01  2.02759029E-03
1.52816044E-01  4.20382589E-01  2.11987761E-03
1.53062720E-01  4.37220961E-01  2.16575037E-03
1.53309397E-01  4.54640895E-01  2.26487312E-03
1.53556073E-01  4.75318760E-01  2.34732800E-03
1.53802749E-01  5.00662327E-01  2.43244926E-03
1.54049426E-01  5.22687197E-01  2.48568715E-03
1.54296102E-01  5.32916188E-01  2.50227610E-03
1.54542779E-01  5.55776000E-01  2.55314889E-03
1.54789455E-01  5.74949801E-01  2.52366392E-03
1.55036131E-01  5.94220519E-01  2.61837407E-03
1.55282808E-01  6.11553371E-01  2.63634347E-03
1.55529484E-01  6.44258261E-01  2.67215073E-03
1.55776161E-01  6.63250685E-01  2.71166000E-03
1.56022837E-01  6.98742568E-01  2.70884228E-03
1.56269514E-01  7.10543096E-01  2.68478598E-03
1.56516190E-01  7.34925568E-01  2.67739571E-03
1.56762866E-01  7.44716227E-01  2.66278046E-03
1.57009543E-01  7.83198655E-01  2.57760123E-03
1.57256219E-01  7.97032475E-01  2.65414314E-03
1.57502896E-01  8.01485002E-01  2.62481836E-03
1.57749572E-01  8.34402025E-01  2.66672508E-03
1.57996249E-01  8.52162123E-01  2.78337183E-03
1.58242925E-01  8.54878426E-01  2.83486559E-03
1.58489601E-01  8.73871267E-01  2.88455933E-03
1.58736278E-01  8.79783750E-01  2.92939367E-03
1.58982954E-01  8.91892791E-01  3.11373523E-03
1.59229631E-01  9.16215599E-01  3.26288398E-03
1.59476307E-01  9.15052116E-01  3.40066059E-03
1.59722983E-01  9.28374112E-01  3.53020034E-03
1.59969660E-01  9.07045066E-01  3.57443863E-03
1.60216336E-01  9.03726697E-01  3.72961233E-03
1.60463013E-01  8.97718906E-01  3.84865887E-03
1.60709689E-01  8.67220640E-01  3.79751320E-03
1.60956366E-01  8.48489463E-01  3.88749945E-03
1.61203042E-01  8.21895957E-01  3.89216002E-03
1.61449718E-01  8.02193224E-01  3.92160658E-03
1.61696395E-01  7.63331711E-01  3.74927674E-03
1.61943071E-01  7.37851262E-01  3.65692703E-03
1.62189748E-01  7.04269767E-01  3.56319780E-03
1.62436424E-01  6.78599954E-01  3.49149969E-03
1.62683101E-01  6.41228557E-01  3.32333590E-03
1.62929777E-01  5.91858923E-01  3.06556816E-03
1.63176453E-01  5.55495024E-01  2.93700653E-03
1.63423130E-01  5.34245312E-01  2.83738645E-03
1.63669806E-01  4.98970002E-01  2.66485987E-03
1.63916483E-01  4.69290346E-01  2.48000817E-03
1.64163159E-01  4.35061693E-01  2.29735347E-03
1.64409836E-01  4.12403733E-01  2.27358378E-03
1.64656512E-01  3.90237778E-01  2.13818671E-03
1.64903188E-01  3.63696635E-01  1.96603220E-03
1.65149865E-01  3.44654977E-01  1.87848019E-03
1.65396541E-01  3.26410770E-01  1.79413217E-03
1.65643218E-01  3.06170553E-01  1.71525648E-03
1.65889894E-01  2.92609304E-01  1.63880654E-03
1.66136570E-01  2.86304951E-01  1.55774353E-03
1.66383247E-01  2.70056218E-01  1.53188664E-03
1.66629923E-01  2.49358624E-01  1.39484403E-03
1.66876600E-01  2.50584155E-01  1.43847533E-03
1.67123276E-01  2.40296185E-01  1.38840824E-03
1.67369953E-01  2.22413331E-01  1.27144868E-03
1.67616629E-01  2.19474047E-01  1.26105873E-03
1.67863305E-01  2.09169745E-01  1.24070037E-03
1.68109982E-01  2.03378424E-01  1.19549967E-03
1.68356658E-01  1.95283830E-01  1.13065867E-03
1.68603335E-01  1.87381133E-01  1.10887224E-03
1.68850011E-01  1.96621671E-01  1.14320335E-03
1.69096688E-01  1.88881651E-01  1.12291949E-03
1.69343364E-01  1.83558777E-01  1.09450147E-03
1.69590040E-01  1.76647097E-01  1.08888955E-03
1.69836717E-01  1.71062827E-01  1.04469142E-03
1.70083393E-01  1.69157013E-01  1.02345296E-03
1.70330070E-01  1.66895226E-01  1.05552305E-03
1.70576746E-01  1.61861762E-01  9.77700343E-04
1.70823422E-01  1.62086844E-01  1.00910128E-03
1.71070099E-01  1.59961388E-01  9.96664632E-04
1.71316775E-01  1.50455400E-01  9.78621887E-04
1.71563452E-01  1.53936654E-01  9.94989648E-04
1.71810128E-01  1.51980326E-01  9.75523377E-04
1.72056805E-01  1.49552718E-01  9.57808748E-04
1.72303481E-01  1.46884784E-01  9.41274629E-04
1.72550157E-01  1.49644360E-01  9.64075793E-04
1.72796834E-01  1.46019906E-01  9.40103142E-04
1.73043510E-01  1.44164890E-01  9.16063436E-04
1.73290187E-01  1.43105924E-01  9.32466239E-04
1.73536863E-01  1.37792438E-01  9.11518990E-04
1.73783540E-01  1.40152946E-01  9.11105541E-04
1.74030216E-01  1.41823813E-01  9.34750889E-04
1.74276892E-01  1.36423379E-01  9.18832782E-04
1.74523569E-01  1.30624160E-01  8.79024621E-04
1.74770245E-01  1.35910124E-01  8.96843150E-04
1.75016922E-01  1.31858274E-01  8.96964397E-04
1.75263598E-01  1.28432348E-01  8.97642632E-04
1.75510275E-01  1.30306810E-01  8.71151977E-04
1.75756951E-01  1.28096417E-01  8.97650898E-04
1.76003627E-01  1.29911274E-01  8.79309780E-04
1.76250304E-01  1.26487538E-01  8.74351361E-04
1.76496980E-01  1.26382768E-01  8.55329912E-04
1.76743657E-01  1.29130602E-01  8.75762140E-04
1.76990333E-01  1.21077865E-01  8.63876659E-04
1.77237009E-01  1.28960893E-01  8.63585330E-04
1.77483686E-01  1.24087960E-01  8.54461163E-04
1.77730362E-01  1.21290267E-01  8.45508534E-04
1.77977039E-01  1.21053755E-01  8.54586426E-04
1.78223715E-01  1.25989690E-01  8.87759670E-04
1.78470392E-01  1.22558594E-01  8.64435919E-04
1.78717068E-01  1.16797023E-01  8.19852226E-04
1.78963744E-01  1.16672963E-01  8.25789291E-04
1.79210421E-01  1.19572051E-01  8.44743277E-04
1.79457097E-01  1.20494261E-01  8.55501101E-04
1.79703774E-01  1.16329238E-01  8.20499379E-04
1.79950450E-01  1.16533846E-01  8.29023775E-04
1.80197127E-01  1.14149682E-01  8.05728137E-04
1.80443803E-01  1.14833370E-01  8.25523632E-04
1.80690479E-01  1.12277925E-01  7.85423967E-04
1.80937156E-01  1.12877443E-01  7.86838180E-04
1.81183832E-01  1.16380744E-01  8.06900207E-04
1.81430509E-01  1.12068415E-01  7.82354211E-04
1.81677185E-01  1.14162110E-01  8.03758565E-04
1.81923861E-01  1.13834575E-01  7.97840068E-04
1.82170538E-01  1.14808358E-01  8.18958913E-04
1.82417214E-01  1.10025182E-01  8.10142606E-04
1.82663891E-01  1.06942318E-01  7.80495291E-04
1.82910567E-01  1.10514350E-01  7.90075690E-04
1.83157244E-01  1.11920767E-01  7.85945449E-04
1.83403920E-01  1.10104047E-01  7.82327319E-04
1.83650596E-01  1.04274891E-01  7.75607536E-04
1.83897273E-01  1.05617881E-01  7.78994930E-04
1.84143949E-01  1.09960996E-01  7.93318148E-04
1.84390626E-01  1.07785225E-01  7.73835345E-04
1.84637302E-01  1.06960945E-01  7.61544390E-04
1.84883979E-01  1.06734805E-01  7.97621906E-04
1.85130655E-01  1.05706707E-01  7.69464415E-04
1.85377331E-01  1.07958823E-01  7.64892960E-04
1.85624008E-01  1.03990622E-01  7.62412034E-04
1.85870684E-01  1.05536066E-01  7.67919002E-04
1.86117361E-01  1.00576773E-01  7.44328776E-04
1.86364037E-01  1.03861466E-01  7.65910023E-04
1.86610714E-01  1.01167016E-01  7.61444215E-04
1.86857390E-01  1.01800583E-01  7.34322879E-04
1.87104066E-01  1.03526182E-01  7.63106218E-04
1.87350743E-01  1.03455886E-01  7.45919649E-04
1.87597419E-01  9.91575420E-02  7.28326791E-04
1.87844096E-01  9.98444483E-02  7.32949004E-04
1.88090772E-01  9.97583643E-02  7.40705291E-04
1.88337448E-01  1.04200043E-01  7.67095073E-04
1.88584125E-01  1.01527154E-01  7.43221375E-04
1.88830801E-01  9.90289599E-02  7.29904743E-04
1.89077478E-01  9.62864682E-02  7.24632118E-04
1.89324154E-01  9.91215110E-02  7.25953141E-04
1.89570831E-01  9.85295773E-02  7.35441514E-04
1.89817507E-01  9.84599069E-02  7.10451510E-04
1.90064183E-01  9.98474434E-02  7.43704324E-04
1.90310860E-01  9.71207991E-02  7.04474340E-04
1.90557536E-01  9.93945897E-02  7.33678287E-04
1.90804213E-01  1.00873940E-01  7.26198836E-04
1.91050889E-01  9.64398310E-02  7.29025109E-04
1.91297566E-01  9.83805284E-02  7.41965196E-04
1.91544242E-01  9.41285565E-02  7.06364168E-04
1.91790918E-01  9.44097191E-02  7.03095458E-04
1.92037595E-01  9.58392620E-02  7.28703919E-04
1.92284271E-01  9.55342427E-02  7.13706657E-04
1.92530948E-01  9.65194479E-02  7.24505167E-04
1.92777624E-01  9.10942778E-02  6.73744595E-04
1.93024301E-01  9.66000035E-02  7.53968197E-04
1.93270977E-01  9.54716802E-02  7.41912401E-04
1.93517653E-01  9.27933529E-02  7.13324000E-04
1.93764330E-01  9.21432301E-02  7.13271089E-04
1.94011006E-01  9.25870463E-02  7.08397478E-04
1.94257683E-01  9.02043208E-02  6.93494803E-04
1.94504359E-01  9.47114527E-02  7.06355087E-04
1.94751035E-01  9.30262133E-02  7.04227539E-04
1.94997712E-01  9.11038294E-02  6.92339148E-04
1.95244388E-01  9.34471563E-02  7.06191175E-04
1.95491065E-01  9.15335417E-02  7.01079669E-04
1.95737741E-01  9.03148428E-02  7.27942970E-04
1.95984418E-01  9.08365995E-02  6.96545816E-04
1.96231094E-01  9.23751593E-02  7.07513711E-04
1.96477770E-01  9.28540081E-02  6.99562486E-04
1.96724447E-01  9.19122100E-02  7.06192048E-04
1.96971123E-01  9.17825848E-02  6.95549825E-04
1.97217800E-01  9.29185525E-02  6.97790005E-04
1.97464476E-01  9.32287648E-02  7.11238536E-04
1.97711153E-01  8.94998461E-02  6.79394172E-04
1.97957829E-01  8.88413340E-02  6.77673495E-04
1.98204505E-01  9.16280374E-02  6.78923738E-04
1.98451182E-01  9.29853395E-02  6.85750158E-04
1.98697858E-01  9.20666605E-02  7.03850819E-04
1.98944535E-01  9.12700891E-02  6.72707916E-04
1.99191211E-01  9.40161347E-02  7.10833061E-04
1.99437887E-01  9.02995542E-02  6.81507809E-04
1.99684564E-01  8.81565362E-02  6.80335390E-04
1.99931240E-01  8.74760076E-02  6.84492989E-04
2.00177917E-01  9.60638896E-02  6.87579915E-04
2.00424593E-01  9.07300413E-02  6.70948066E-04
2.00671270E-01  9.09405276E-02  6.96653326E-04
2.00917946E-01  8.76111984E-02  6.89736102E-04
2.01164622E-01  8.92833993E-02  6.87437423E-04
2.01411299E-01  9.04887617E-02  6.67533081E-04
2.01657975E-01  9.33558121E-02  7.04350183E-04
2.01904652E-01  9.12557170E-02  6.80905418E-04
2.02151328E-01  9.30711851E-02  6.84456143E-04
2.02398005E-01  9.44230407E-02  7.03195867E-04
2.02644681E-01  9.54694226E-02  6.91916328E-04
2.02891357E-01  8.98378938E-02  6.65645872E-04
2.03138034E-01  9.40301865E-02  6.91787689E-04
2.03384710E-01  9.77111235E-02  7.03178812E-04
2.03631387E-01  9.66260955E-02  6.92867674E-04
2.03878063E-01  9.18755382E-02  6.82574813E-04
2.04124740E-01  9.69515964E-02  7.04406004E-04
2.04371416E-01  9.71264392E-02  6.94204995E-04
2.04618092E-01  9.69072133E-02  6.98968419E-04
2.04864769E-01  1.00057289E-01  7.06204562E-04
2.05111445E-01  9.87017825E-02  7.09110172E-04
2.05358122E-01  1.01624735E-01  7.10009888E-04
2.05604798E-01  9.83448997E-02  7.04961945E-04
2.05851474E-01  9.72448066E-02  7.03103084E-04
2.06098151E-01  9.76601020E-02  7.04091217E-04
2.06344827E-01  9.70267430E-02  6.96125790E-04
2.06591504E-01  9.46140587E-02  6.89346401E-04
2.06838180E-01  9.49709266E-02  6.85681938E-04
2.07084857E-01  9.61455032E-02  6.83130522E-04
2.07331533E-01  1.01633318E-01  7.07393861E-04
2.07578209E-01  9.78377908E-02  7.14000198E-04
2.07824886E-01  1.02274582E-01  7.26361701E-04
2.08071562E-01  9.75298434E-02  7.02485559E-04
2.08318239E-01  9.71408710E-02  7.00335542E-04
2.08564915E-01  9.84133109E-02  6.96130912E-04
2.08811592E-01  9.96151716E-02  6.93278562E-04
2.09058268E-01  9.75942537E-02  6.84042694E-04
2.09304944E-01  1.01766795E-01  7.21755612E-04
2.09551621E-01  9.75777432E-02  7.01369019E-04
2.09798297E-01  9.39848423E-02  6.97438489E-04
2.10044974E-01  9.53728855E-02  6.99560740E-04
2.10291650E-01  9.28101242E-02  6.78351440E-04
2.10538326E-01  9.47466791E-02  6.93384209E-04
2.10785003E-01  9.15185809E-02  6.78860175E-04
2.11031679E-01  8.99567753E-02  6.63766928E-04
2.11278356E-01  9.03616324E-02  6.82523241E-04
2.11525032E-01  8.67497772E-02  6.55059004E-04
2.11771709E-01  8.71296674E-02  6.60027377E-04
2.12018385E-01  8.69192481E-02  6.60625985E-04
2.12265061E-01  8.58772248E-02  6.51806884E-04
2.12511738E-01  8.54008794E-02  6.47888577E-04
2.12758414E-01  8.49524364E-02  6.45370514E-04
2.13005091E-01  8.24141800E-02  6.48408080E-04
2.13251767E-01  8.33011940E-02  6.35312404E-04
2.13498444E-01  8.42377767E-02  6.40769314E-04
2.13745120E-01  7.91160017E-02  6.41652732E-04
2.13991796E-01  7.75700063E-02  6.16765639E-04
2.14238473E-01  7.95094818E-02  6.36268174E-04
2.14485149E-01  7.76562467E-02  6.21036859E-04
2.14731826E-01  7.87530243E-02  6.17868092E-04
2.14978502E-01  7.48147964E-02  6.16836012E-04
2.15225179E-01  7.40270764E-02  6.04851055E-04
2.15471855E-01  7.57778808E-02  5.92489319E-04
2.15718531E-01  7.59894028E-02  6.11153664E-04
2.15965208E-01  7.23427907E-02  5.98516024E-04
2.16211884E-01  7.39308447E-02  6.15458412E-04
2.16458561E-01  7.08136931E-02  5.70067263E-04
2.16705237E-01  7.63731971E-02  6.21826679E-04
2.16951913E-01  7.67985955E-02  6.10847783E-04
2.17198590E-01  7.44404346E-02  6.30495488E-04
2.17445266E-01  7.23570585E-02  5.92777913E-04
2.17691943E-01  7.24437982E-02  5.86668029E-04
2.17938619E-01  7.26905540E-02  5.84255729E-04
2.18185296E-01  7.43983909E-02  6.08912902E-04
2.18431972E-01  7.18425438E-02  5.86760172E-04
2.18678648E-01  7.19584376E-02  5.93609409E-04
2.18925325E-01  6.83849230E-02  5.68881049E-04
2.19172001E-01  6.97736889E-02  5.95218386E-04
2.19418678E-01  7.45029896E-02  6.10124087E-04
2.19665354E-01  6.94775805E-02  5.84674417E-04
2.19912031E-01  6.88459277E-02  5.74519159E-04
2.20158707E-01  7.33256862E-02  6.07790484E-04
2.20405383E-01  7.27246553E-02  5.87835559E-04
2.20652060E-01  7.20463768E-02  5.85398579E-04
2.20898736E-01  6.83947280E-02  5.86571172E-04
2.21145413E-01  7.16706514E-02  5.82721550E-04
2.21392089E-01  7.25769103E-02  5.93349338E-04
2.21638766E-01  7.34076276E-02  6.03144814E-04
2.21885442E-01  6.97081685E-02  5.96382248E-04
2.22132118E-01  7.19652623E-02  6.00270519E-04
2.22378795E-01  7.02202246E-02  5.88358031E-04
2.22625471E-01  6.60659224E-02  5.62680070E-04
2.22872148E-01  7.08189830E-02  5.88897499E-04
2.23118824E-01  7.01826364E-02  5.79882821E-04
2.23365500E-01  7.04717562E-02  5.83830930E-04
2.23612177E-01  6.83601201E-02  5.83074579E-04
2.23858853E-01  7.20066056E-02  5.83296060E-04
2.24105530E-01  7.00326115E-02  5.79099520E-04
2.24352206E-01  7.41988346E-02  5.92602184E-04
2.24598883E-01  7.03070387E-02  5.98739192E-04
2.24845559E-01  7.11920708E-02  5.80250926E-04
2.25092235E-01  7.28284642E-02  5.81617642E-04
2.25338912E-01  7.17095360E-02  5.83068759E-04
2.25585588E-01  7.14503601E-02  5.86597598E-04
2.25832265E-01  7.07650930E-02  5.86635142E-04
2.26078941E-01  7.00004101E-02  5.74177364E-04
2.26325618E-01  7.34067634E-02  5.85052127E-04
2.26572294E-01  7.36208409E-02  5.95755817E-04
2.26818970E-01  7.40511790E-02  5.91088319E-04
2.27065647E-01  7.30510801E-02  5.78157604E-04
2.27312323E-01  7.40447268E-02  5.88429102E-04
2.27559000E-01  7.56370127E-02  6.07374241E-04
2.27805676E-01  7.28815421E-02  5.95039397E-04
2.28052352E-01  7.25051016E-02  5.81685745E-04
2.28299029E-01  7.26277083E-02  5.81897737E-04
2.28545705E-01  7.44910762E-02  6.09274313E-04
2.28792382E-01  7.23453835E-02  5.64299058E-04
2.29039058E-01  7.71022961E-02  5.90795476E-04
2.29285735E-01  7.89409280E-02  6.07653463E-04
2.29532411E-01  7.55816847E-02  5.89676609E-04
2.29779087E-01  7.63519183E-02  5.83637855E-04
2.30025764E-01  7.86937177E-02  6.10240502E-04
2.30272440E-01  8.03453997E-02  6.13112177E-04
2.30519117E-01  8.00580010E-02  6.23094733E-04
2.30765793E-01  7.92191401E-02  6.08178205E-04
2.31012470E-01  7.91129544E-02  5.95547317E-04
2.31259146E-01  7.95777142E-02  6.03750465E-04
2.31505822E-01  8.01779479E-02  5.94480603E-04
2.31752499E-01  8.38623270E-02  6.23286702E-04
2.31999175E-01  8.17551687E-02  6.17967627E-04
2.32245852E-01  8.15075859E-02  6.09399576E-04
2.32492528E-01  8.19264948E-02  5.96994360E-04
2.32739205E-01  8.16116855E-02  6.23128435E-04
2.32985881E-01  8.33659172E-02  6.20738138E-04
2.33232557E-01  8.43531117E-02  6.23264874E-04
2.33479234E-01  8.56465250E-02  6.34861004E-04
2.33725910E-01  8.38445127E-02  6.09456503E-04
2.33972587E-01  8.77160206E-02  6.47528737E-04
2.34219263E-01  8.94435048E-02  6.31752890E-04
2.34465939E-01  9.03691202E-02  6.49212336E-04
2.34712616E-01  8.86428580E-02  6.40996906E-04
2.34959292E-01  8.84208605E-02  6.43294188E-04
2.35205969E-01  8.95917192E-02  6.52824936E-04
2.35452645E-01  9.15344805E-02  6.58585283E-04
2.35699322E-01  9.18302387E-02  6.48352841E-04
2.35945998E-01  9.18435529E-02  6.44018466E-04
2.36192674E-01  8.97915289E-02  6.32266805E-04
2.36439351E-01  9.26171392E-02  6.66122593E-04
2.36686027E-01  8.83778930E-02  6.23089378E-04
2.36932704E-01  8.87254551E-02  6.46834786E-04
2.37179380E-01  8.71408284E-02  6.17900048E-04
2.37426057E-01  8.90942365E-02  6.36149372E-04
2.37672733E-01  9.07473788E-02  6.46575645E-04
2.37919409E-01  8.81839767E-02  6.33330084E-04
2.38166086E-01  8.24302435E-02  6.04769681E-04
2.38412762E-01  8.56549144E-02  6.31552888E-04
2.38659439E-01  8.59269053E-02  6.21734536E-04
2.38906115E-01  8.78742784E-02  6.27405418E-04
2.39152791E-01  8.45862925E-02  6.23234315E-04
2.39399468E-01  8.36938247E-02  6.31880714E-04
2.39646144E-01  8.13641399E-02  6.10944058E-04
2.39892821E-01  8.38611349E-02  6.13729993E-04
2.40139497E-01  8.16081092E-02  6.18617923E-04
2.40386174E-01  7.99288452E-02  6.01978216E-04
2.40632850E-01  7.72647113E-02  5.89193078E-04
2.40879526E-01  7.86631405E-02  5.86289912E-04
2.41126203E-01  7.48466030E-02  5.85759059E-04
2.41372879E-01  7.98101351E-02  6.20363862E-04
2.41619556E-01  7.88890645E-02  5.89566014E-04
2.41866232E-01  7.61625469E-02  5.76714578E-04
2.42112909E-01  7.43889138E-02  5.74018748E-04
2.42359585E-01  7.33819976E-02  5.77450322E-04
2.42606261E-01  7.41941482E-02  5.83118643E-04
2.42852938E-01  7.30100200E-02  5.84583846E-04
2.43099614E-01  7.14088529E-02  5.90622716E-04
2.43346291E-01  7.54268840E-02  5.84258989E-04
2.43592967E-01  7.00313002E-02  5.74554375E-04
2.43839644E-01  6.78972304E-02  5.65099122E-04
2.44086320E-01  6.96344897E-02  5.76687569E-04
2.44332996E-01  7.02223778E-02  5.87990682E-04
2.44579673E-01  7.25876093E-02  5.75845945E-04
2.44826349E-01  6.67633787E-02  5.42951515E-04
2.45073026E-01  6.99965879E-02  5.66650240E-04
2.45319702E-01  6.43403679E-02  5.54955041E-04
2.45566378E-01  6.85151070E-02  5.79047541E-04
2.45813055E-01  6.77564293E-02  5.80338296E-04
2.46059731E-01  6.61892369E-02  5.64584392E-04
2.46306408E-01  6.69454485E-02  5.83788380E-04
2.46553084E-01  6.71733171E-02  5.66579460E-04
2.46799761E-01  6.44602701E-02  5.67487208E-04
2.47046437E-01  6.59262016E-02  5.96040452E-04
2.47293113E-01  6.21900111E-02  5.57347201E-04
2.47539790E-01  6.85878322E-02  5.94055105E-04
2.47786466E-01  6.66871294E-02  5.96018392E-04
2.48033143E-01  6.82631806E-02  5.90748561E-04
2.48279819E-01  6.46664724E-02  5.77630242E-04
2.48526496E-01  6.17039800E-02  5.61451947E-04
2.48773172E-01  6.57214001E-02  5.82313049E-04
2.49019848E-01  6.58056661E-02  5.91905380E-04
2.49266525E-01  6.65016100E-02  5.99816442E-04
2.49513201E-01  6.16481379E-02  5.74782374E-04
2.49759878E-01  6.27954006E-02  5.78648003E-04
2.50006554E-01  5.92966303E-02  5.58835338E-04
2.50253230E-01  6.44328073E-02  5.93699282E-04
2.50499907E-01  6.18472099E-02  5.67779352E-04
2.50746583E-01  6.29995391E-02  5.81240340E-04
2.50993260E-01  6.31653368E-02  5.73581317E-04
2.51239936E-01  6.09431975E-02  5.72896097E-04
2.51486613E-01  6.20729551E-02  5.85091533E-04
2.51733289E-01  6.25726655E-02  5.81057044E-04
2.51979965E-01  6.33149222E-02  5.99450083E-04
2.52226642E-01  6.36861771E-02  5.99907420E-04
2.52473318E-01  6.26727939E-02  6.02822867E-04
2.52719995E-01  6.30490780E-02  5.99026680E-04
2.52966671E-01  6.48320541E-02  5.97641978E-04
2.53213348E-01  6.79260641E-02  6.19786675E-04
2.53460024E-01  5.98762892E-02  5.81203029E-04
2.53706700E-01  6.28885850E-02  5.99606836E-04
2.53953377E-01  6.23872690E-02  6.04086439E-04
2.54200053E-01  6.46391883E-02  5.97209437E-04
2.54446730E-01  6.38724864E-02  5.91158983E-04
2.54693406E-01  6.42372966E-02  5.75820275E-04
2.54940083E-01  6.56106994E-02  5.83336107E-04
2.55186759E-01  6.22531734E-02  5.75419806E-04
2.55433435E-01  6.19004183E-02  5.71803248E-04
2.55680112E-01  6.27808645E-02  5.82504785E-04
2.55926788E-01  6.64778203E-02  5.87232877E-04
2.56173465E-01  6.19795918E-02  5.94397308E-04
2.56420141E-01  6.53610080E-02  5.71743411E-04
2.56666817E-01  6.44906014E-02  5.87167451E-04
2.56913494E-01  6.25448003E-02  5.80298773E-04
2.57160170E-01  6.39001206E-02  5.81538479E-04
2.57406847E-01  6.69439808E-02  6.20821782E-04
2.57653523E-01  6.23315051E-02  5.69933443E-04
2.57900200E-01  6.24167770E-02  5.71451499E-04
2.58146876E-01  6.27896711E-02  5.68220799E-04
2.58393552E-01  6.35180548E-02  5.65930735E-04
2.58640229E-01  6.36794940E-02  5.70822391E-04
2.58886905E-01  6.15174659E-02  5.57779567E-04
2.59133582E-01  6.36710301E-02  5.76698221E-04
2.59380258E-01  6.30657747E-02  5.58549771E-04
2.59626935E-01  6.27929568E-02  5.76261256E-04
2.59873611E-01  6.33607209E-02  5.73962636E-04
2.60120287E-01  6.02988750E-02  5.53309161E-04
2.60366964E-01  6.32510856E-02  5.65430790E-04
2.60613640E-01  6.36643767E-02  5.70912438E-04
2.60860317E-01  6.75964132E-02  5.93471748E-04
2.61106993E-01  6.27786592E-02  5.78153704E-04
2.61353670E-01  6.53203428E-02  5.67139825E-04
2.61600346E-01  6.39870092E-02  5.71716169E-04
2.61847022E-01  6.75196648E-02  5.81274624E-04
2.62093699E-01  6.60387054E-02  5.80870488E-04
2.62340375E-01  6.60250410E-02  5.73979225E-04
2.62587052E-01  6.32937327E-02  5.72203600E-04
2.62833728E-01  6.49794340E-02  5.77615458E-04
2.63080404E-01  6.49794787E-02  5.65666938E-04
2.63327081E-01  6.36391044E-02  5.66260831E-04
2.63573757E-01  6.48439825E-02  5.79295564E-04
2.63820434E-01  6.46319836E-02  5.56815998E-04
2.64067110E-01  6.39878884E-02  5.63403009E-04
2.64313787E-01  6.32242560E-02  5.62401081E-04
2.64560463E-01  6.52748644E-02  5.70573262E-04
2.64807139E-01  6.70524240E-02  5.78421052E-04
2.65053816E-01  6.76870123E-02  5.85572270E-04
2.65300492E-01  6.76487163E-02  5.74451638E-04
2.65547169E-01  6.58193678E-02  5.74752688E-04
2.65793845E-01  6.48516715E-02  5.73021825E-04
2.66040522E-01  6.88212961E-02  5.82295819E-04
2.66287198E-01  6.74402788E-02  5.89354604E-04
2.66533874E-01  7.06098825E-02  5.83754445E-04
2.66780551E-01  6.65785447E-02  5.76502527E-04
2.67027227E-01  6.55126572E-02  5.75882732E-04
2.67273904E-01  7.10086152E-02  6.00531872E-04
2.67520580E-01  7.07438141E-02  6.11247204E-04
2.67767256E-01  6.95041567E-02  5.87210758E-04
2.68013933E-01  7.08640069E-02  6.09427225E-04
2.68260609E-01  7.11796880E-02  6.00720872E-04
2.68507286E-01  6.91205710E-02  5.94210753E-04
2.68753962E-01  7.37186819E-02  5.89629402E-04
2.69000639E-01  7.25639090E-02  6.08033850E-04
2.69247315E-01  6.99320585E-02  6.10980613E-04
2.69493991E-01  7.07584769E-02  5.90294076E-04
2.69740668E-01  7.48265162E-02  6.18303369E-04
2.69987344E-01  7.72698969E-02  6.07801951E-04
2.70234021E-01  7.51348510E-02  6.12004602E-04
2.70480697E-01  7.47366622E-02  6.16356963E-04
2.70727374E-01  7.42029026E-02  6.08326576E-04
2.70974050E-01  7.51686096E-02  6.29890303E-04
2.71220726E-01  7.70000815E-02  6.21084822E-04
2.71467403E-01  7.90297166E-02  6.36687153E-04
2.71714079E-01  7.59530216E-02  6.32818439E-04
2.71960756E-01  7.69661814E-02  6.57023687E-04
2.72207432E-01  7.60303065E-02  6.49715308E-04
2.72454109E-01  7.87749439E-02  6.44629297E-04
2.72700785E-01  8.08416530E-02  6.45267311E-04
2.72947461E-01  7.86652490E-02  6.56217220E-04
2.73194138E-01  8.13819170E-02  6.62752311E-04
2.73440814E-01  7.64174163E-02  6.39000849E-04
2.73687491E-01  8.05568174E-02  6.55004173E-04
2.73934167E-01  8.02338943E-02  6.54252188E-04
2.74180843E-01  7.97054246E-02  6.74506475E-04
2.74427520E-01  8.18651766E-02  6.59047510E-04
2.74674196E-01  8.56357217E-02  6.67327666E-04
2.74920873E-01  7.66323656E-02  6.41550752E-04
2.75167549E-01  8.22017789E-02  6.48829853E-04
2.75414226E-01  7.81913996E-02  6.54635020E-04
2.75660902E-01  8.30142498E-02  6.73449191E-04
2.75907578E-01  7.90544152E-02  6.81457110E-04
2.76154255E-01  7.94132724E-02  6.62619015E-04
2.76400931E-01  7.65699223E-02  6.40172861E-04
2.76647608E-01  7.77703375E-02  6.49448892E-04
2.76894284E-01  7.88437277E-02  6.63095620E-04
2.77140961E-01  7.87269995E-02  6.60797057E-04
2.77387637E-01  8.14330354E-02  6.68540364E-04
2.77634313E-01  8.07679147E-02  6.79263205E-04
2.77880990E-01  8.10479149E-02  6.73518924E-04
2.78127666E-01  7.41891265E-02  6.47454639E-04
2.78374343E-01  7.50004128E-02  6.41118619E-04
2.78621019E-01  7.78172240E-02  6.56315766E-04
2.78867695E-01  7.64075518E-02  6.45748107E-04
2.79114372E-01  7.70827383E-02  6.68403576E-04
2.79361048E-01  7.57605657E-02  6.40928221E-04
2.79607725E-01  7.28160962E-02  6.23047061E-04
2.79854401E-01  7.80897066E-02  6.45853754E-04
2.80101078E-01  7.58349821E-02  6.46383036E-04
2.80347754E-01  7.89466575E-02  6.60462072E-04
2.80594430E-01  8.09905976E-02  6.65202911E-04
2.80841107E-01  7.51042962E-02  6.45754859E-04
2.81087783E-01  7.97547325E-02  6.60245598E-04
2.81334460E-01  7.93847814E-02  6.65070664E-04
2.81581136E-01  8.18318129E-02  6.60533377E-04
2.81827813E-01  7.94013441E-02  6.81404490E-04
2.82074489E-01  8.06813240E-02  6.86097250E-04
2.82321165E-01  8.26780275E-02  6.76987867E-04
2.82567842E-01  7.91409463E-02  6.75349729E-04
2.82814518E-01  8.24447870E-02  6.80521771E-04
2.83061195E-01  7.65343010E-02  6.70007255E-04
2.83307871E-01  7.84072503E-02  6.59738609E-04
2.83554548E-01  7.79654160E-02  6.65021420E-04
2.83801224E-01  8.00279975E-02  6.91520458E-04
2.84047900E-01  7.76257813E-02  6.64425606E-04
2.84294577E-01  8.11689422E-02  6.74450945E-04
2.84541253E-01  7.89453462E-02  6.68646593E-04
2.84787930E-01  8.51176456E-02  7.08614185E-04
2.85034606E-01  8.32107887E-02  6.93897542E-04
2.85281282E-01  8.25898349E-02  6.85044040E-04
2.85527959E-01  7.90602863E-02  6.69591886E-04
2.85774635E-01  7.76637271E-02  6.81714679E-04
2.86021312E-01  8.07997882E-02  6.93715818E-04
2.86267988E-01  7.67036006E-02  6.78332348E-04
2.86514665E-01  8.01725760E-02  6.88298547E-04
2.86761341E-01  7.57806376E-02  6.53806957E-04
2.87008017E-01  7.95848966E-02  6.85605453E-04
2.87254694E-01  7.65487701E-02  6.62110338E-04
2.87501370E-01  7.75351748E-02  6.61409635E-04
2.87748047E-01  7.91579038E-02  6.62680482E-04
2.87994723E-01  7.38784969E-02  6.54166273E-04
2.88241400E-01  7.32840374E-02  6.48812158E-04
2.88488076E-01  7.96937943E-02  6.94394985E-04
2.88734752E-01  7.58285224E-02  6.66080916E-04
2.88981429E-01  7.83766508E-02  6.75029296E-04
2.89228105E-01  7.52374232E-02  6.65441563E-04
2.89474782E-01  7.65058175E-02  6.77340548E-04
2.89721458E-01  7.37011358E-02  6.49150345E-04
2.89968134E-01  7.87523314E-02  6.81325386E-04
2.90214811E-01  7.21328706E-02  6.43981504E-04
2.90461487E-01  7.23317787E-02  6.41482708E-04
2.90708164E-01  7.28819817E-02  6.62574254E-04
2.90954840E-01  7.43982345E-02  6.71006797E-04
2.91201517E-01  7.18087777E-02  6.56423566E-04
2.91448193E-01  7.07182810E-02  6.55965356E-04
2.91694869E-01  7.27898702E-02  6.38663536E-04
2.91941546E-01  7.14400783E-02  6.50173926E-04
2.92188222E-01  6.66112006E-02  6.30029012E-04
2.92434899E-01  6.97710291E-02  6.29607763E-04
2.92681575E-01  7.10215941E-02  6.25165005E-04
2.92928252E-01  7.19886944E-02  6.33227231E-04
2.93174928E-01  6.77819997E-02  6.55047479E-04
2.93421604E-01  7.01024756E-02  6.39781822E-04
2.93668281E-01  7.05056340E-02  6.37965510E-04
2.93914957E-01  6.85786828E-02  6.22724474E-04
2.94161634E-01  6.74046874E-02  6.13945420E-04
2.94408310E-01  6.83664531E-02  6.29086106E-04
2.94654987E-01  6.85202181E-02  6.15060213E-04
2.94901663E-01  6.69399053E-02  6.14387856E-04
2.95148339E-01  6.68334439E-02  6.26089692E-04
2.95395016E-01  6.93546683E-02  6.26507506E-04
2.95641692E-01  6.35994896E-02  6.16343517E-04
2.95888369E-01  6.69892430E-02  6.10467745E-04
2.96135045E-01  6.89856485E-02  6.24032808E-04
2.96381721E-01  6.78509995E-02  6.32098352E-04
2.96628398E-01  6.56088665E-02  6.15057419E-04
2.96875074E-01  6.96264356E-02  6.26441673E-04
2.97121751E-01  6.63769841E-02  6.30380819E-04
2.97368427E-01  6.73719943E-02  6.10931718E-04
2.97615104E-01  6.52361363E-02  6.08760864E-04
2.97861780E-01  6.64700791E-02  6.03483466E-04
2.98108456E-01  6.75208792E-02  6.28761190E-04
2.98355133E-01  6.77347332E-02  6.34538999E-04
2.98601809E-01  6.95224404E-02  6.33128395E-04
2.98848486E-01  6.28897026E-02  6.01539388E-04
2.99095162E-01  6.76564425E-02  6.18523569E-04
2.99341839E-01  6.56984299E-02  6.22388383E-04
2.99588515E-01  6.82238713E-02  6.15623430E-04
2.99835191E-01  6.76969737E-02  6.36116427E-04
3.00081868E-01  6.56997636E-02  6.25226297E-04
3.00328544E-01  6.68024868E-02  6.28054491E-04
3.00575221E-01  6.38870746E-02  6.32004580E-04
3.00821897E-01  6.68906644E-02  6.14183606E-04
3.01068574E-01  6.74752966E-02  6.24682987E-04
3.01315250E-01  6.83837160E-02  6.31088857E-04
3.01561926E-01  6.58740923E-02  6.20824809E-04
3.01808603E-01  6.81603253E-02  6.37519872E-04
3.02055279E-01  6.39183745E-02  6.03729393E-04
3.02301956E-01  6.67828545E-02  6.49138470E-04
3.02548632E-01  6.35136589E-02  6.07943337E-04
3.02795308E-01  6.42200634E-02  5.96693193E-04
3.03041985E-01  6.52459115E-02  6.09871524E-04
3.03288661E-01  6.47246316E-02  6.12246571E-04
3.03535338E-01  6.63709864E-02  6.28981215E-04
3.03782014E-01  6.62239566E-02  6.09204231E-04
3.04028691E-01  6.23276047E-02  5.99780295E-04
3.04275367E-01  6.37802407E-02  6.09095907E-04
3.04522043E-01  6.26960546E-02  6.11165888E-04
3.04768720E-01  6.44394308E-02  6.20912411E-04
3.05015396E-01  6.57987371E-02  6.31401665E-04
3.05262073E-01  6.53009340E-02  6.34160184E-04
3.05508749E-01  6.53651059E-02  6.06591813E-04
3.05755426E-01  6.60078675E-02  6.19648257E-04
3.06002102E-01  6.44834489E-02  6.21098210E-04
3.06248778E-01  6.43244982E-02  6.17417449E-04
3.06495455E-01  6.46964759E-02  6.18517224E-04
3.06742131E-01  6.17503151E-02  5.91236516E-04
3.06988808E-01  6.24988638E-02  5.95831487E-04
3.07235484E-01  6.58786371E-02  6.27945818E-04
3.07482160E-01  6.51959777E-02  6.07110676E-04
3.07728837E-01  6.43243194E-02  6.24580658E-04
3.07975513E-01  6.50395006E-02  6.09403767E-04
3.08222190E-01  6.67485520E-02  6.29086280E-04
3.08468866E-01  6.32055625E-02  6.15869532E-04
3.08715543E-01  6.49213642E-02  6.36878249E-04
3.08962219E-01  6.41908944E-02  6.09705399E-04
3.09208895E-01  6.29922524E-02  6.15468714E-04
3.09455572E-01  6.36905506E-02  6.06428774E-04
3.09702248E-01  6.61859661E-02  6.16000209E-04
3.09948925E-01  6.18142337E-02  6.12130796E-04
3.10195601E-01  6.60206079E-02  6.11409487E-04
3.10442278E-01  6.54615760E-02  6.16586534E-04
3.10688954E-01  6.61008582E-02  6.20351406E-04
3.10935630E-01  6.27188608E-02  6.00751024E-04
3.11182307E-01  6.45282790E-02  6.14463177E-04
3.11428983E-01  6.30261227E-02  6.04517758E-04
3.11675660E-01  6.55415356E-02  6.35568635E-04
3.11922336E-01  6.45015836E-02  6.06317655E-04
3.12169013E-01  6.51214346E-02  6.19753555E-04
3.12415689E-01  6.67135343E-02  6.30754686E-04
3.12662365E-01  6.44882545E-02  6.07118360E-04
3.12909042E-01  6.62045181E-02  6.27314672E-04
3.13155718E-01  6.36941567E-02  6.29574934E-04
3.13402395E-01  6.39052019E-02  6.36211829E-04
3.13649071E-01  6.70721456E-02  6.37023419E-04
3.13895747E-01  6.61041662E-02  6.33156509E-04
3.14142424E-01  6.15655743E-02  6.09148177E-04
3.14389100E-01  6.78121299E-02  6.48995338E-04
3.14635777E-01  6.61705285E-02  6.02209533E-04
3.14882453E-01  6.52266890E-02  6.24537468E-04
3.15129130E-01  6.70103952E-02  6.25315472E-04
3.15375806E-01  6.64655119E-02  6.32858486E-04
3.15622482E-01  6.36792332E-02  6.18506398E-04
3.15869159E-01  6.24718182E-02  6.08654984E-04
3.16115835E-01  6.34035021E-02  6.31099450E-04
3.16362512E-01  6.54185265E-02  6.26123918E-04
3.16609188E-01  6.42297417E-02  6.15417841E-04
3.16855865E-01  6.43628761E-02  6.04075554E-04
3.17102541E-01  6.63662106E-02  6.31302071E-04
3.17349217E-01  6.55452609E-02  6.18491205E-04
3.17595894E-01  6.53968751E-02  6.12088887E-04
3.17842570E-01  6.51761442E-02  6.32701616E-04
3.18089247E-01  6.51567057E-02  6.22061605E-04
3.18335923E-01  6.55446276E-02  6.23440777E-04
3.18582599E-01  6.43173605E-02  6.14394317E-04
3.18829276E-01  6.35406449E-02  6.08863018E-04
3.19075952E-01  6.56976178E-02  6.30867609E-04
3.19322629E-01  6.65617064E-02  6.11556752E-04
3.19569305E-01  6.45661950E-02  6.27432950E-04
3.19815982E-01  6.38232082E-02  6.18693535E-04
3.20062658E-01  6.33484200E-02  6.16962148E-04
3.20309334E-01  6.39039874E-02  6.10315823E-04
3.20556011E-01  6.57767579E-02  6.13457232E-04
3.20802687E-01  6.76273257E-02  6.35296339E-04
3.21049364E-01  6.29727468E-02  5.99086343E-04
3.21296040E-01  6.45936653E-02  6.16925710E-04
3.21542717E-01  6.58974499E-02  6.24477398E-04
3.21789393E-01  6.63881749E-02  6.13650365E-04
3.22036069E-01  6.64014593E-02  6.38788042E-04
3.22282746E-01  6.58226982E-02  6.23777742E-04
3.22529422E-01  6.42697513E-02  6.37585472E-04
3.22776099E-01  6.81420639E-02  6.15628844E-04
3.23022775E-01  6.33200780E-02  6.24428154E-04
3.23269452E-01  6.57685250E-02  6.07547350E-04
3.23516128E-01  6.81371763E-02  6.39814301E-04
3.23762804E-01  6.60072193E-02  6.57136436E-04
3.24009481E-01  6.37880638E-02  6.14351768E-04
3.24256157E-01  6.50723651E-02  6.19582774E-04
3.24502834E-01  6.63729981E-02  6.35064382E-04
3.24749510E-01  6.51374757E-02  6.33907155E-04
3.24996186E-01  6.72986656E-02  6.33572403E-04
3.25242863E-01  6.45722374E-02  6.09114300E-04
3.25489539E-01  6.48211539E-02  6.28124340E-04
3.25736216E-01  6.62578642E-02  6.22965745E-04
3.25982892E-01  6.85684830E-02  6.55278098E-04
3.26229569E-01  6.75993487E-02  6.53469877E-04
3.26476245E-01  6.84344620E-02  6.39514590E-04
3.26722921E-01  6.92667887E-02  6.40094513E-04
3.26969598E-01  6.67812377E-02  6.16125471E-04
3.27216274E-01  6.75962046E-02  6.31162722E-04
3.27462951E-01  6.34574518E-02  6.19348022E-04
3.27709627E-01  6.76779151E-02  6.40794227E-04
3.27956304E-01  7.08671734E-02  6.62084785E-04
3.28202980E-01  6.59930184E-02  6.51462004E-04
3.28449656E-01  6.68694302E-02  6.50021189E-04
3.28696333E-01  6.59956858E-02  6.31790143E-04
3.28943009E-01  6.84264079E-02  6.47999696E-04
3.29189686E-01  6.58002198E-02  6.16605335E-04
3.29436362E-01  6.75691292E-02  6.52622373E-04
3.29683039E-01  6.72729760E-02  6.37461897E-04
3.29929715E-01  6.62412420E-02  6.22318708E-04
3.30176391E-01  6.92753643E-02  6.60990481E-04
3.30423068E-01  6.63518980E-02  6.41005579E-04
3.30669744E-01  6.68754056E-02  6.20803679E-04
3.30916421E-01  6.80017620E-02  6.47751964E-04
3.31163097E-01  6.57136515E-02  6.40343875E-04
3.31409773E-01  7.05294535E-02  6.49874448E-04
3.31656450E-01  6.91966191E-02  6.54307078E-04
3.31903126E-01  6.56144544E-02  6.33950229E-04
3.32149803E-01  6.76803589E-02  6.45161548E-04
3.32396479E-01  6.50881752E-02  6.29287621E-04
3.32643156E-01  6.61480427E-02  6.45579188E-04
3.32889832E-01  6.29883781E-02  6.02264074E-04
3.33136508E-01  6.56311661E-02  6.35926437E-04
3.33383185E-01  6.69167116E-02  6.28740061E-04
3.33629861E-01  6.53328598E-02  6.34899072E-04
3.33876538E-01  6.80125654E-02  6.70202950E-04
3.34123214E-01  6.65991753E-02  6.49408496E-04
3.34369891E-01  6.79209158E-02  6.49425259E-04
3.34616567E-01  6.71659410E-02  6.25122047E-04
3.34863243E-01  6.75118342E-02  6.33392017E-04
3.35109920E-01  6.97482675E-02  6.65267522E-04
3.35356596E-01  6.42747283E-02  6.21193147E-04
3.35603273E-01  6.39818534E-02  6.44120097E-04
3.35849949E-01  6.75701350E-02  6.36194192E-04
3.36096625E-01  6.81180134E-02  6.34185679E-04
3.36343302E-01  6.87427148E-02  6.47322857E-04
3.36589978E-01  6.85617328E-02  6.33045973E-04
3.36836655E-01  6.73867241E-02  6.33316406E-04
3.37083331E-01  6.61108419E-02  6.19842554E-04
3.37330008E-01  6.87653795E-02  6.47624489E-04
3.37576684E-01  6.52126223E-02  6.39460166E-04
3.37823360E-01  6.91090152E-02  6.37186575E-04
3.38070037E-01  6.65100068E-02  6.35833712E-04
3.38316713E-01  7.32958242E-02  6.68051594E-04
3.38563390E-01  6.95666596E-02  6.54760981E-04
3.38810066E-01  6.80058822E-02  6.47727866E-04
3.39056743E-01  7.04859346E-02  6.63591083E-04
3.39303419E-01  6.50570542E-02  6.31323492E-04
3.39550095E-01  6.90139309E-02  6.56430959E-04
3.39796772E-01  6.79191053E-02  6.43403269E-04
3.40043448E-01  6.64316267E-02  6.14953577E-04
3.40290125E-01  6.83364272E-02  6.22333901E-04
3.40536801E-01  6.60183877E-02  6.40119018E-04
3.40783478E-01  6.83916062E-02  6.41215767E-04
3.41030154E-01  6.70404807E-02  6.34846860E-04
3.41276830E-01  6.95212930E-02  6.55493583E-04
3.41523507E-01  6.94652721E-02  6.52305142E-04
3.41770183E-01  6.74889162E-02  6.35940756E-04
3.42016860E-01  7.05105662E-02  6.54266158E-04
3.42263536E-01  6.94726333E-02  6.63438928E-04
3.42510212E-01  6.99245930E-02  6.41410588E-04
3.42756889E-01  7.02314526E-02  6.70037349E-04
3.43003565E-01  7.20177740E-02  6.64333231E-04
3.43250242E-01  6.73789680E-02  6.47257606E-04
3.43496918E-01  7.07348064E-02  6.62195846E-04
3.43743595E-01  6.68298006E-02  6.41232531E-04
3.43990271E-01  6.76177964E-02  6.32591837E-04
3.44236947E-01  6.88094869E-02  6.39606151E-04
3.44483624E-01  6.92933798E-02  6.43865205E-04
3.44730300E-01  6.88934922E-02  6.28762471E-04
3.44976977E-01  6.99511170E-02  6.42244646E-04
3.45223653E-01  6.87666908E-02  6.38800906E-04
3.45470330E-01  6.96287006E-02  6.42354251E-04
3.45717006E-01  7.03744888E-02  6.45877211E-04
3.45963682E-01  6.54441640E-02  6.28339360E-04
3.46210359E-01  6.72247559E-02  6.43298496E-04
3.46457035E-01  7.03276098E-02  6.30962779E-04
3.46703712E-01  6.80994615E-02  6.58026955E-04
3.46950388E-01  6.87132254E-02  6.53414289E-04
3.47197064E-01  6.80870041E-02  6.30573311E-04
3.47443741E-01  6.68641478E-02  6.29298738E-04
3.47690417E-01  6.86191395E-02  6.39351842E-04
3.47937094E-01  6.76668733E-02  6.32694922E-04
3.48183770E-01  6.81608021E-02  6.33754360E-04
3.48430447E-01  6.50336742E-02  6.21862768E-04
3.48677123E-01  6.93062469E-02  6.42500294E-04
3.48923799E-01  6.70279562E-02  6.25619723E-04
3.49170476E-01  6.57692477E-02  6.30181108E-04
3.49417152E-01  6.32193759E-02  6.11077819E-04
3.49663829E-01  6.68155625E-02  6.08800852E-04
3.49910505E-01  6.94026202E-02  6.67231565E-04
3.50157182E-01  6.52141571E-02  6.16399047E-04
3.50403858E-01  6.46171123E-02  6.32483105E-04
3.50650534E-01  6.63472414E-02  6.32095151E-04
3.50897211E-01  6.45036697E-02  6.31679432E-04
3.51143887E-01  6.58095255E-02  6.28370733E-04
3.51390564E-01  6.57575056E-02  6.37960911E-04
3.51637240E-01  6.31950200E-02  6.05510082E-04
3.51883917E-01  6.56512231E-02  6.13897981E-04
3.52130593E-01  6.63633347E-02  6.21706422E-04
3.52377269E-01  6.54312670E-02  6.23737345E-04
3.52623946E-01  6.39509037E-02  6.38183672E-04
3.52870622E-01  6.91623688E-02  6.43958163E-04
3.53117299E-01  6.80091158E-02  6.29669346E-04
3.53363975E-01  6.51419014E-02  6.39701087E-04
3.53610651E-01  6.64409995E-02  6.26952504E-04
3.53857328E-01  6.51078522E-02  6.41020539E-04
3.54104004E-01  6.24662675E-02  5.99827152E-04
3.54350681E-01  6.53897002E-02  6.21711079E-04
3.54597357E-01  6.22877516E-02  6.05748617E-04
3.54844034E-01  6.33102804E-02  6.00609521E-04
3.55090710E-01  6.32796437E-02  5.84797002E-04
3.55337386E-01  6.31804094E-02  6.19921891E-04
3.55584063E-01  6.42249286E-02  6.25283923E-04
3.55830739E-01  6.49092570E-02  6.06850896E-04
3.56077416E-01  6.54534474E-02  6.38029072E-04
3.56324092E-01  6.51038140E-02  6.20704668E-04
3.56570769E-01  6.50279745E-02  6.34616008E-04
3.56817445E-01  6.30219877E-02  6.08286005E-04
3.57064121E-01  6.41686991E-02  6.09572395E-04
3.57310798E-01  6.41326383E-02  6.00526982E-04
3.57557474E-01  6.86388686E-02  6.56936551E-04
3.57804151E-01  6.51935339E-02  6.14127202E-04
3.58050827E-01  6.46163300E-02  6.07903814E-04
3.58297503E-01  6.24812730E-02  6.23819360E-04
3.58544180E-01  6.31132796E-02  6.13372948E-04
3.58790856E-01  6.79135695E-02  6.29534363E-04
3.59037533E-01  6.34506196E-02  6.10158080E-04
3.59284209E-01  6.50386661E-02  6.23183732E-04
3.59530886E-01  6.38887063E-02  6.36248442E-04
3.59777562E-01  6.12380989E-02  6.04082539E-04
3.60024238E-01  6.63252696E-02  6.31123432E-04
3.60270915E-01  6.61879778E-02  6.51970448E-04
3.60517591E-01  6.25108331E-02  6.08316623E-04
3.60764268E-01  6.23987168E-02  6.11761876E-04
3.61010944E-01  6.40451387E-02  6.31406496E-04
3.61257621E-01  6.34910464E-02  6.41282066E-04
3.61504297E-01  6.35174662E-02  6.23489381E-04
3.61750973E-01  5.98854609E-02  6.00008352E-04
3.61997650E-01  5.96784241E-02  5.95253892E-04
3.62244326E-01  6.16427995E-02  6.01236068E-04
3.62491003E-01  6.47225976E-02  6.24279724E-04
3.62737679E-01  6.08322136E-02  6.07430527E-04
3.62984356E-01  6.41318336E-02  6.24134729E-04
3.63231032E-01  6.32552356E-02  6.25837536E-04
3.63477708E-01  6.09436333E-02  6.11111347E-04
3.63724385E-01  5.97198643E-02  6.11701922E-04
3.63971061E-01  6.03802316E-02  5.97102277E-04
3.64217738E-01  6.18935116E-02  6.16516161E-04
3.64464414E-01  6.09196723E-02  6.17807964E-04
3.64711090E-01  5.76622784E-02  5.89433417E-04
3.64957767E-01  6.15090951E-02  6.13733951E-04
3.65204443E-01  6.07093759E-02  5.93200035E-04
3.65451120E-01  6.34190887E-02  6.17131242E-04
3.65697796E-01  5.92291206E-02  6.03533001E-04
3.65944473E-01  6.18994310E-02  6.05722715E-04
3.66191149E-01  5.81862256E-02  5.87467686E-04
3.66437825E-01  6.06377013E-02  6.05237437E-04
3.66684502E-01  5.85507788E-02  5.98149898E-04
3.66931178E-01  5.97148202E-02  6.03421475E-04
3.67177855E-01  5.85220680E-02  5.88098424E-04
3.67424531E-01  5.84969819E-02  5.80936146E-04
3.67671208E-01  5.87110221E-02  6.07610447E-04
3.67917884E-01  6.10317774E-02  5.97477134E-04
3.68164560E-01  5.95496520E-02  5.98534243E-04
3.68411237E-01  6.08459301E-02  6.00217492E-04
3.68657913E-01  5.74002936E-02  5.95067220E-04
3.68904590E-01  5.82684316E-02  5.89629053E-04
3.69151266E-01  5.84470332E-02  5.80549357E-04
3.69397943E-01  5.80130853E-02  5.96979633E-04
3.69644619E-01  5.65089881E-02  5.78580424E-04
3.69891295E-01  5.79647608E-02  5.80273627E-04
3.70137972E-01  5.89949265E-02  5.90233016E-04
3.70384648E-01  5.75864576E-02  5.94613666E-04
3.70631325E-01  5.89362867E-02  5.95654768E-04
3.70878001E-01  5.82470670E-02  5.82772365E-04
3.71124677E-01  5.99310398E-02  6.09089970E-04
3.71371354E-01  5.55889606E-02  5.80418739E-04
3.71618030E-01  5.71277477E-02  5.57333347E-04
3.71864707E-01  5.65305687E-02  5.65907743E-04
3.72111383E-01  5.66900335E-02  5.95015066E-04
3.72358060E-01  5.62543422E-02  5.75539540E-04
3.72604736E-01  5.49570657E-02  5.72796736E-04
3.72851412E-01  5.63199446E-02  5.59440756E-04
3.73098089E-01  5.84317483E-02  5.91273361E-04
3.73344765E-01  5.58397882E-02  5.87827701E-04
3.73591442E-01  5.81767820E-02  5.80068794E-04
3.73838118E-01  5.79678789E-02  5.90224401E-04
3.74084795E-01  5.83047904E-02  5.84160443E-04
3.74331471E-01  5.70399836E-02  5.79884218E-04
3.74578147E-01  5.79714365E-02  5.83305198E-04
3.74824824E-01  5.98669164E-02  5.98019804E-04
3.75071500E-01  6.11692518E-02  5.95161342E-04
3.75318177E-01  5.59545271E-02  5.65713970E-04
3.75564853E-01  5.52497618E-02  5.75630402E-04
3.75811529E-01  5.69248572E-02  5.79967338E-04
3.76058206E-01  5.79215921E-02  5.85414004E-04
3.76304882E-01  5.60567565E-02  5.90437383E-04
3.76551559E-01  5.41209169E-02  5.67204668E-04
3.76798235E-01  5.38091213E-02  5.55287697E-04
3.77044912E-01  5.57665750E-02  5.75267826E-04
3.77291588E-01  5.87516390E-02  5.84324764E-04
3.77538264E-01  5.82862608E-02  5.99666208E-04
3.77784941E-01  5.58761023E-02  5.88019844E-04
3.78031617E-01  5.71403876E-02  5.92816272E-04
3.78278294E-01  5.72511367E-02  5.81628410E-04
3.78524970E-01  5.51181361E-02  5.82939712E-04
3.78771647E-01  5.70115820E-02  5.86064474E-04
3.79018323E-01  5.62283695E-02  5.78388863E-04
3.79264999E-01  6.02574050E-02  5.99541585E-04
3.79511676E-01  5.67396656E-02  5.82603912E-04
3.79758352E-01  5.60841933E-02  5.93078381E-04
3.80005029E-01  5.64768091E-02  5.81000000E-04
3.80251705E-01  5.80059774E-02  5.96162514E-04
3.80498382E-01  5.52350171E-02  5.67278184E-04
3.80745058E-01  5.64032011E-02  5.82062930E-04
3.80991734E-01  5.44706173E-02  5.74614853E-04
3.81238411E-01  5.43724597E-02  5.84065041E-04
3.81485087E-01  5.46607375E-02  5.81223459E-04
3.81731764E-01  5.55218272E-02  6.16384787E-04
3.81978440E-01  5.84371053E-02  6.25310000E-04
3.82225116E-01  5.96147329E-02  6.49941736E-04
3.82471793E-01  5.43352664E-02  6.01566397E-04
3.82718469E-01  5.79095334E-02  6.31294213E-04
3.82965146E-01  5.43462820E-02  6.05471723E-04
3.83211822E-01  5.52408434E-02  6.29024755E-04
3.83458499E-01  5.52768521E-02  6.13820332E-04
3.83705175E-01  5.50241433E-02  6.25424145E-04
3.83951851E-01  5.76071218E-02  6.46273664E-04
3.84198528E-01  5.83253764E-02  6.28056529E-04
3.84445204E-01  5.30408956E-02  6.28140639E-04
3.84691881E-01  5.86124621E-02  6.63111685E-04
3.84938557E-01  5.71693704E-02  6.30990311E-04
3.85185234E-01  5.59214912E-02  6.56480726E-04
3.85431910E-01  5.31579480E-02  6.33287942E-04
3.85678586E-01  5.45494072E-02  6.33275777E-04
3.85925263E-01  5.75407185E-02  6.82676095E-04
3.86171939E-01  5.60551472E-02  6.36993675E-04
3.86418616E-01  5.63515276E-02  6.68480410E-04
3.86665292E-01  5.69061302E-02  6.69724890E-04
3.86911968E-01  5.50202243E-02  6.42721308E-04
3.87158645E-01  5.57289682E-02  6.75232266E-04
3.87405321E-01  5.59490025E-02  6.86031883E-04
3.87651998E-01  5.08486219E-02  6.55184151E-04
3.87898674E-01  5.56673817E-02  6.74882322E-04
3.88145351E-01  5.71300797E-02  6.85561216E-04
3.88392027E-01  5.83703741E-02  6.75369287E-04
3.88638703E-01  5.50878271E-02  6.77863078E-04
3.88885380E-01  5.73041961E-02  6.73924165E-04
3.89132056E-01  5.54881990E-02  6.89558976E-04
3.89378733E-01  5.52811287E-02  6.83995429E-04
3.89625409E-01  5.80763854E-02  6.79773395E-04
3.89872086E-01  5.61060905E-02  7.10317923E-04
3.90118762E-01  5.31472452E-02  6.53000665E-04
3.90365438E-01  5.39846048E-02  6.79021410E-04
3.90612115E-01  5.73755801E-02  6.82646700E-04
3.90858791E-01  5.41576967E-02  6.32711512E-04
3.91105468E-01  5.55298142E-02  6.58783771E-04
3.91352144E-01  5.50065413E-02  6.55380543E-04
3.91598821E-01  5.76164648E-02  6.67591521E-04
3.91845497E-01  5.48943058E-02  6.32211391E-04
3.92092173E-01  5.60979135E-02  6.37107529E-04
3.92338850E-01  5.66587746E-02  6.44922373E-04
3.92585526E-01  5.54851294E-02  6.33192831E-04
3.92832203E-01  5.74487448E-02  6.53552997E-04
3.93078879E-01  6.13286532E-02  6.70936599E-04
3.93325555E-01  5.74293509E-02  6.47505221E-04
3.93572232E-01  5.54071702E-02  6.29419810E-04
3.93818908E-01  5.96629493E-02  6.41773222E-04
3.94065585E-01  5.52620366E-02  6.28805719E-04
3.94312261E-01  5.80979697E-02  6.44343556E-04
3.94558938E-01  5.82221001E-02  6.43395178E-04
3.94805614E-01  5.49226142E-02  6.18613733E-04
3.95052290E-01  5.46994172E-02  6.32582698E-04
3.95298967E-01  5.68953082E-02  6.33591146E-04
3.95545643E-01  5.68750501E-02  6.41473103E-04
3.95792320E-01  5.79468198E-02  6.58270263E-04
3.96038996E-01  5.83501793E-02  6.25130604E-04
3.96285673E-01  6.02097735E-02  6.33434509E-04
3.96532349E-01  5.40323257E-02  6.28408277E-04
3.96779025E-01  5.33256605E-02  6.07765163E-04
3.97025702E-01  5.61172590E-02  6.14345947E-04
3.97272378E-01  5.44667020E-02  6.25331129E-04
3.97519055E-01  6.10372871E-02  6.38649275E-04
3.97765731E-01  5.75072765E-02  6.30801718E-04
3.98012407E-01  5.57648763E-02  6.24539622E-04
3.98259084E-01  5.82354628E-02  6.37635181E-04
3.98505760E-01  5.26378863E-02  6.06726448E-04
3.98752437E-01  5.56403399E-02  6.22078602E-04
3.98999113E-01  5.78139313E-02  6.21957937E-04
3.99245790E-01  5.43875694E-02  6.14661665E-04
3.99492466E-01  5.67431636E-02  6.24830544E-04
3.99739142E-01  5.57919070E-02  6.34574681E-04
3.99985819E-01  5.73073812E-02  6.28400827E-04
4.00232495E-01  5.60105145E-02  6.08038739E-04
4.00479172E-01  5.73180765E-02  6.35955948E-04
4.00725848E-01  5.67829087E-02  6.30675291E-04
4.00972525E-01  5.38529605E-02  6.04487315E-04
4.01219201E-01  5.58928214E-02  6.00243278E-04
4.01465877E-01  5.36916927E-02  6.12558855E-04
4.01712554E-01  5.67204356E-02  6.33457734E-04
4.01959230E-01  5.20831347E-02  5.94493817E-04
4.02205907E-01  5.42241596E-02  6.18418795E-04
4.02452583E-01  5.36109842E-02  6.12179108E-04
4.02699260E-01  5.64110987E-02  6.22170395E-04
4.02945936E-01  5.34563586E-02  6.01881708E-04
4.03192612E-01  5.50662354E-02  6.32847310E-04
4.03439289E-01  5.64283691E-02  5.88481314E-04
4.03685965E-01  5.39824031E-02  6.10882009E-04
4.03932642E-01  5.74845746E-02  6.23473432E-04
4.04179318E-01  5.64181507E-02  6.13370910E-04
4.04425994E-01  5.53145744E-02  6.19697268E-04
4.04672671E-01  5.65143786E-02  6.34539931E-04
4.04919347E-01  5.37791140E-02  6.13035925E-04
4.05166024E-01  5.71366586E-02  6.06169167E-04
4.05412700E-01  5.46693988E-02  6.10782707E-04
4.05659377E-01  5.81383519E-02  6.42451167E-04
4.05906053E-01  5.51843271E-02  6.10008603E-04
4.06152729E-01  5.52935377E-02  6.20704086E-04
4.06399406E-01  5.39981984E-02  6.09171402E-04
4.06646082E-01  5.54529279E-02  6.25021872E-04
4.06892759E-01  5.55938967E-02  6.12918346E-04
4.07139435E-01  5.66211566E-02  6.29799673E-04
4.07386112E-01  5.74158095E-02  6.26065768E-04
4.07632788E-01  5.34569435E-02  5.86339855E-04
4.07879464E-01  5.45616783E-02  6.17472280E-04
4.08126141E-01  5.66748753E-02  6.10386312E-04
4.08372817E-01  5.45626879E-02  6.19409722E-04
4.08619494E-01  5.48817292E-02  6.15264929E-04
4.08866170E-01  5.79118282E-02  6.06765097E-04
4.09112847E-01  5.65777346E-02  6.15630939E-04
4.09359523E-01  5.80012463E-02  6.35548495E-04
4.09606199E-01  5.56189455E-02  6.04680215E-04
4.09852876E-01  5.64593151E-02  6.26092718E-04
4.10099552E-01  5.36184683E-02  6.20240520E-04
4.10346229E-01  5.78609519E-02  6.30494906E-04
4.10592905E-01  5.53364791E-02  6.00495492E-04
4.10839581E-01  5.68466596E-02  6.11405412E-04
4.11086258E-01  5.60801476E-02  6.24224718E-04
4.11332934E-01  5.55616431E-02  6.10365300E-04
4.11579611E-01  5.29763810E-02  5.85065514E-04
4.11826287E-01  5.83552755E-02  6.30663941E-04
4.12072964E-01  5.74831851E-02  6.19088358E-04
4.12319640E-01  5.80944866E-02  6.34507218E-04
4.12566316E-01  5.60986809E-02  6.17243990E-04
4.12812993E-01  5.58630563E-02  6.14191929E-04
4.13059669E-01  5.69245853E-02  6.27350004E-04
4.13306346E-01  5.83295785E-02  6.50670263E-04
4.13553022E-01  5.55886477E-02  5.91971213E-04
4.13799699E-01  5.29593378E-02  6.15610508E-04
4.14046375E-01  5.23131788E-02  6.04051515E-04
4.14293051E-01  5.50881177E-02  6.07682101E-04
4.14539728E-01  5.36280312E-02  6.04300119E-04
4.14786404E-01  5.25490493E-02  5.90781623E-04
4.15033081E-01  5.23013063E-02  5.85962553E-04
4.15279757E-01  5.57801574E-02  6.19686500E-04
4.15526433E-01  5.27603179E-02  6.10216812E-04
4.15773110E-01  5.72074391E-02  6.17728743E-04
4.16019786E-01  5.61623611E-02  6.23533619E-04
4.16266463E-01  5.21003343E-02  5.95213380E-04
4.16513139E-01  5.31646349E-02  6.07923837E-04
4.16759816E-01  5.63404672E-02  6.08463364E-04
4.17006492E-01  5.53530268E-02  6.00936590E-04
4.17253168E-01  5.40772751E-02  6.09244802E-04
4.17499845E-01  5.39182685E-02  5.92463242E-04
4.17746521E-01  5.42367846E-02  6.07545313E-04
4.17993198E-01  5.60116731E-02  6.12381555E-04
4.18239874E-01  5.38224168E-02  6.03844353E-04
4.18486551E-01  5.68443052E-02  6.08783739E-04
4.18733227E-01  5.59951738E-02  5.95162157E-04
4.18979903E-01  5.58311604E-02  6.18585094E-04
4.19226580E-01  5.48877120E-02  6.00648928E-04
4.19473256E-01  5.20490892E-02  5.99904219E-04
4.19719933E-01  5.59911281E-02  5.94382174E-04
4.19966609E-01  5.56351654E-02  5.90427022E-04
4.20213286E-01  5.50700277E-02  6.00958883E-04
4.20459962E-01  5.54879121E-02  6.12856937E-04
4.20706638E-01  5.31570651E-02  5.88638068E-04
4.20953315E-01  5.22585362E-02  5.93917095E-04
4.21199991E-01  5.82064949E-02  6.48344401E-04
4.21446668E-01  5.34641780E-02  6.09396084E-04
4.21693344E-01  5.81202544E-02  6.25035609E-04
4.21940020E-01  5.84925562E-02  6.27987669E-04
4.22186697E-01  5.53855971E-02  6.25352317E-04
4.22433373E-01  5.52858785E-02  5.93375531E-04
4.22680050E-01  5.57147786E-02  6.12801814E-04
4.22926726E-01  5.28957993E-02  5.82306297E-04
4.23173403E-01  5.48794977E-02  6.23825123E-04
4.23420079E-01  5.61347529E-02  6.19151979E-04
4.23666755E-01  5.56916185E-02  6.20373758E-04
4.23913432E-01  5.53343184E-02  6.09464711E-04
4.24160108E-01  5.14027141E-02  5.96452912E-04
4.24406785E-01  5.44189513E-02  5.89850417E-04
4.24653461E-01  5.46493344E-02  6.02242479E-04
4.24900138E-01  5.65626211E-02  6.13900251E-04
4.25146814E-01  5.59901148E-02  6.01385080E-04
4.25393490E-01  5.64046428E-02  6.15196128E-04
4.25640167E-01  5.41202947E-02  5.87663148E-04
4.25886843E-01  5.71306832E-02  6.05358975E-04
4.26133520E-01  5.63232079E-02  6.06983900E-04
4.26380196E-01  5.35801575E-02  5.79364656E-04
4.26626872E-01  5.96595220E-02  6.40141778E-04
4.26873549E-01  5.67623414E-02  6.40008773E-04
4.27120225E-01  5.55908456E-02  6.11997326E-04
4.27366902E-01  5.23741469E-02  6.03164313E-04
4.27613578E-01  5.48794754E-02  5.98355255E-04
4.27860255E-01  5.38642481E-02  5.88625087E-04
4.28106931E-01  5.53374849E-02  6.06339891E-04
4.28353607E-01  5.39014004E-02  6.25725021E-04
4.28600284E-01  5.59369139E-02  6.27521251E-04
4.28846960E-01  5.64937368E-02  6.23336877E-04
4.29093637E-01  5.32955974E-02  6.06754504E-04
4.29340313E-01  5.60893826E-02  6.13744953E-04
4.29586990E-01  5.46450652E-02  6.08003174E-04
4.29833666E-01  5.32375239E-02  6.00857427E-04
4.30080342E-01  5.29795513E-02  5.94434910E-04
4.30327019E-01  5.55136018E-02  6.06865622E-04
4.30573695E-01  5.55979498E-02  6.13656535E-04
4.30820372E-01  5.38758151E-02  5.94010169E-04
4.31067048E-01  5.58752418E-02  6.15865516E-04
4.31313725E-01  5.36896437E-02  5.92724246E-04
4.31560401E-01  5.61534874E-02  6.15856843E-04
4.31807077E-01  5.41965775E-02  5.97374921E-04
4.32053754E-01  5.58974147E-02  6.26201509E-04
4.32300430E-01  5.74880317E-02  6.23018946E-04
4.32547107E-01  5.07454015E-02  5.76345134E-04
4.32793783E-01  5.81208169E-02  6.18553720E-04
4.33040459E-01  5.51768765E-02  5.99913357E-04
4.33287136E-01  5.77491373E-02  6.11467403E-04
4.33533812E-01  5.68855144E-02  6.17170415E-04
4.33780489E-01  5.21725230E-02  6.01819076E-04
4.34027165E-01  5.51901609E-02  6.04235509E-04
4.34273842E-01  5.44338748E-02  6.07563357E-04
4.34520518E-01  5.69509268E-02  6.24036824E-04
4.34767194E-01  5.47345579E-02  6.04221132E-04
4.35013871E-01  5.46707995E-02  6.05702982E-04
4.35260547E-01  5.28160445E-02  5.94658370E-04
4.35507224E-01  5.50441258E-02  6.03204768E-04
4.35753900E-01  5.66298291E-02  6.10354706E-04
4.36000577E-01  5.68845831E-02  6.17514248E-04
4.36247253E-01  5.62012903E-02  6.04361063E-04
4.36493929E-01  5.44718280E-02  6.07282622E-04
4.36740606E-01  5.29677868E-02  6.09595096E-04
4.36987282E-01  5.49570881E-02  6.05047215E-04
4.37233959E-01  5.55701181E-02  5.96992497E-04
4.37480635E-01  5.28756902E-02  5.87970542E-04
4.37727311E-01  5.55815585E-02  6.08653703E-04
4.37973988E-01  5.45135066E-02  5.94070938E-04
4.38220664E-01  5.67684509E-02  6.25881192E-04
4.38467341E-01  5.54649234E-02  6.11756288E-04
4.38714017E-01  5.88771962E-02  6.32188225E-04
4.38960694E-01  6.04698062E-02  6.15619589E-04
4.39207370E-01  5.66330589E-02  6.00846484E-04
4.39454046E-01  5.49454466E-02  6.04133646E-04
4.39700723E-01  5.58822751E-02  6.13900367E-04
4.39947399E-01  5.43899275E-02  6.00534782E-04
4.40194076E-01  5.37407957E-02  5.81900356E-04
4.40440752E-01  5.63544594E-02  6.29083312E-04
4.40687429E-01  5.32889850E-02  5.95094811E-04
4.40934105E-01  5.37785590E-02  6.02444925E-04
4.41180781E-01  5.30249439E-02  5.94650279E-04
4.41427458E-01  5.33040315E-02  5.96908503E-04
4.41674134E-01  5.52864224E-02  5.94513374E-04
4.41920811E-01  5.58994859E-02  6.12552452E-04
4.42167487E-01  5.64926006E-02  6.15864992E-04
4.42414164E-01  5.26092686E-02  5.98046521E-04
4.42660840E-01  5.37893362E-02  6.10543764E-04
4.42907516E-01  5.69803268E-02  6.10163959E-04
4.43154193E-01  5.72868027E-02  6.15113589E-04
4.43400869E-01  5.23351878E-02  5.90495125E-04
4.43647546E-01  5.18543944E-02  5.89292147E-04
4.43894222E-01  5.71604781E-02  6.16936770E-04
4.44140898E-01  5.36366366E-02  5.80709078E-04
4.44387575E-01  5.59965111E-02  6.30714814E-04
4.44634251E-01  5.70831634E-02  6.21955667E-04
4.44880928E-01  5.69455139E-02  6.00317959E-04
4.45127604E-01  5.35252579E-02  6.07262831E-04
4.45374281E-01  5.26355281E-02  5.80870663E-04
4.45620957E-01  5.17321005E-02  5.76486695E-04
4.45867633E-01  5.61199076E-02  6.12585573E-04
4.46114310E-01  5.24804741E-02  5.96638070E-04
4.46360986E-01  5.39843887E-02  6.01569074E-04
4.46607663E-01  5.56289069E-02  5.97121660E-04
4.46854339E-01  5.25265783E-02  6.10176474E-04
4.47101016E-01  5.50401099E-02  6.10014191E-04
4.47347692E-01  5.77006191E-02  6.13875571E-04
4.47594368E-01  5.60488068E-02  6.11267460E-04
4.47841045E-01  5.26124053E-02  5.73734287E-04
4.48087721E-01  5.58067895E-02  5.95512625E-04
4.48334398E-01  5.50028495E-02  5.87015355E-04
4.48581074E-01  5.52699938E-02  5.86958311E-04
4.48827751E-01  5.37695922E-02  5.88963740E-04
4.49074427E-01  5.37641905E-02  5.84149675E-04
4.49321103E-01  5.72814941E-02  6.02753018E-04
4.49567780E-01  5.34356497E-02  6.07323309E-04
4.49814456E-01  5.64208478E-02  6.17033918E-04
4.50061133E-01  5.28254658E-02  5.89055067E-04
4.50307809E-01  5.24539463E-02  5.96335973E-04
4.50554485E-01  5.69968298E-02  6.20703155E-04
4.50801162E-01  5.58078401E-02  6.28494832E-04
4.51047838E-01  5.37342504E-02  5.95929800E-04
4.51294515E-01  5.60443178E-02  6.23736181E-04
4.51541191E-01  5.64486198E-02  6.15420635E-04
4.51787868E-01  5.19289970E-02  6.08148868E-04
4.52034544E-01  5.60389683E-02  5.92369353E-04
4.52281220E-01  5.37232384E-02  6.03927008E-04
4.52527897E-01  5.65307513E-02  5.90625918E-04
4.52774573E-01  5.53398654E-02  5.97205420E-04
4.53021250E-01  5.50268665E-02  5.97397098E-04
4.53267926E-01  5.41582964E-02  5.84019115E-04
4.53514603E-01  5.64707778E-02  6.16120815E-04
4.53761279E-01  5.52533939E-02  6.04592729E-04
4.54007955E-01  5.63960709E-02  6.00038911E-04
4.54254632E-01  5.58479354E-02  6.03521999E-04
4.54501308E-01  5.25966659E-02  5.83358109E-04
4.54747985E-01  5.54034300E-02  5.83847461E-04
4.54994661E-01  5.49855530E-02  5.96548489E-04
4.55241337E-01  5.65306358E-02  6.08636998E-04
4.55488014E-01  5.54052033E-02  5.95391495E-04
4.55734690E-01  5.39194085E-02  5.90206764E-04
4.55981367E-01  5.64649403E-02  6.14269520E-04
4.56228043E-01  5.59548885E-02  6.12402335E-04
4.56474720E-01  6.00680560E-02  6.18607039E-04
4.56721396E-01  5.53142466E-02  5.79586776E-04
4.56968072E-01  5.51374145E-02  5.92723372E-04
4.57214749E-01  5.48834912E-02  5.92658878E-04
4.57461425E-01  5.32589406E-02  6.02436485E-04
4.57708102E-01  5.59751466E-02  5.92764933E-04
4.57954778E-01  5.67401536E-02  6.13368000E-04
4.58201455E-01  5.34745604E-02  5.82441804E-04


### HEADER:
#
#{
#    "analysis": {},
#    "calibration_params": {
#        "Beam_Center_X": 1092.0,
#        "Beam_Center_Y": 2091.0,
#        "Detector Tilt": 0.0,
#        "Detector Tilt Plane Rotation": 0.0,
#        "Detector_X_Pixel_Size": 75.0,
#        "Detector_Y_Pixel_Size": 75.0,
#        "Integration Method": "nosplit_csr",
#        "Radial_Average_Method": "pyFAI",
#        "Sample-to-detector distance (mm)": 1731.0,
#        "Wavelength (A)": 1.0993212460550197
#    },
#    "config_file": "/mnt/home/chess_id7a/.RAW/backup.cfg",
#    "counters": {
#        "Epoch": "55.576",
#        "I1": "0",
#        "I2": "0",
#        "I3": "0",
#        "Seconds": "0.3",
#        "Time": "2.00272e-05",
#        "date": "Thu May 16 22:50:58 2024",
#        "diode": "14392"
#    },
#    "filename": "DM0014_35C_040MPa_up_2_data_000001_00001.h5",
#    "history": {},
#    "imageHeader": {},
#    "load_path": "/nfs/chess/daq/current/id7a/Budin_05_16_24/DM0014_DOPI/DM0014_35C_040MPa_up_2_data_000001.h5",
#    "normalizations": {
#        "Absolute_scale": {
#            "Absolute_scale_factor": 0.01111656324368444,
#            "Method": "Water"
#        },
#        "Counter_norms": [
#            [
#                "/",
#                "diode/150000"
#            ]
#        ],
#        "Polarization": {
#            "Used": false
#        },
#        "Solid_Angle_Correction": "On"
#    },
#    "raw_version": "2.1.4"
#}

