### DATA:
#
# 1786
#      Q             I(Q)           Error     
1.06204562E-02  7.01839161E+00  1.23495750E-01
1.09114276E-02  6.21164131E+00  9.85040069E-02
1.12023990E-02  5.56387424E+00  7.80819580E-02
1.14933704E-02  4.92495966E+00  7.71636516E-02
1.17843418E-02  4.63047504E+00  8.17329213E-02
1.20753132E-02  4.16771078E+00  7.25532994E-02
1.23662846E-02  3.79972386E+00  5.43351844E-02
1.26572560E-02  3.48132110E+00  4.92738113E-02
1.29482274E-02  3.18440294E+00  5.21662273E-02
1.32391988E-02  2.98919892E+00  4.50780094E-02
1.35301702E-02  2.71821499E+00  4.35489528E-02
1.38211416E-02  2.60583949E+00  4.18404527E-02
1.41121131E-02  2.46537161E+00  3.53851616E-02
1.44030845E-02  2.28325295E+00  3.40642184E-02
1.46940559E-02  2.18241858E+00  3.47451381E-02
1.49850273E-02  1.97842801E+00  3.02639101E-02
1.52759987E-02  1.91890478E+00  3.03207412E-02
1.55669701E-02  1.81733072E+00  2.54874863E-02
1.58579415E-02  1.70204246E+00  2.37248968E-02
1.61489129E-02  1.64156997E+00  2.60767471E-02
1.64398843E-02  1.50236630E+00  2.28579398E-02
1.67308557E-02  1.46116912E+00  2.11106222E-02
1.70218271E-02  1.38993466E+00  1.91646814E-02
1.73127985E-02  1.31685746E+00  2.09524948E-02
1.76037699E-02  1.25418901E+00  1.75219905E-02
1.78947413E-02  1.20712781E+00  1.72138512E-02
1.81857127E-02  1.15251315E+00  1.75008178E-02
1.84766841E-02  1.11995268E+00  1.70527585E-02
1.87676555E-02  1.03187096E+00  1.54958777E-02
1.90586269E-02  1.02496636E+00  1.61969215E-02
1.93495983E-02  9.60738063E-01  1.31153408E-02
1.96405697E-02  9.40643847E-01  1.40580805E-02
1.99315411E-02  9.27371383E-01  1.39477570E-02
2.02225125E-02  8.84703755E-01  1.26546808E-02
2.05134839E-02  8.63666952E-01  1.29684629E-02
2.08044553E-02  8.26868773E-01  1.19347489E-02
2.10954267E-02  7.88987696E-01  1.30049782E-02
2.13863981E-02  7.66699374E-01  1.07634012E-02
2.16773695E-02  7.51943409E-01  1.17340442E-02
2.19683409E-02  7.20854104E-01  1.04922950E-02
2.22593123E-02  6.98253274E-01  1.03841256E-02
2.25502837E-02  6.86180890E-01  9.42902826E-03
2.28412551E-02  6.60747647E-01  8.69440194E-03
2.31322265E-02  6.45105183E-01  9.24014673E-03
2.34231979E-02  6.23454928E-01  8.18130933E-03
2.37141694E-02  6.07812464E-01  8.05132464E-03
2.40051408E-02  5.88550687E-01  8.56295321E-03
2.42961122E-02  5.78467011E-01  8.55257828E-03
2.45870836E-02  5.73202252E-01  7.59862876E-03
2.48780550E-02  5.47813356E-01  6.94603380E-03
2.51690264E-02  5.33508062E-01  7.62675330E-03
2.54599978E-02  5.28558850E-01  7.62235466E-03
2.57509692E-02  5.28468311E-01  6.68552471E-03
2.60419406E-02  5.13347864E-01  7.52900494E-03
2.63329120E-02  4.99734670E-01  6.80947211E-03
2.66238834E-02  4.81038332E-01  6.50310470E-03
2.69148548E-02  4.77365047E-01  6.40093349E-03
2.72058262E-02  4.66534317E-01  6.66856207E-03
2.74967976E-02  4.45105404E-01  6.15177909E-03
2.77877690E-02  4.46551591E-01  6.08336274E-03
2.80787404E-02  4.44896162E-01  6.30383333E-03
2.83697118E-02  4.41314518E-01  6.64350018E-03
2.86606832E-02  4.26653713E-01  6.00225199E-03
2.89516546E-02  4.22698915E-01  6.35449449E-03
2.92426260E-02  4.20569062E-01  5.77636901E-03
2.95335974E-02  4.14900541E-01  6.23356597E-03
2.98245688E-02  4.04965609E-01  5.65975020E-03
3.01155402E-02  4.01568443E-01  5.64683462E-03
3.04065116E-02  3.98604214E-01  5.88566344E-03
3.06974830E-02  3.89968663E-01  5.60737960E-03
3.09884544E-02  3.78928304E-01  5.45122707E-03
3.12794258E-02  3.79499286E-01  5.04225027E-03
3.15703972E-02  3.72708231E-01  4.99350205E-03
3.18613686E-02  3.73366535E-01  4.95478325E-03
3.21523400E-02  3.61456633E-01  5.00013540E-03
3.24433114E-02  3.56851727E-01  4.79960348E-03
3.27342828E-02  3.51840377E-01  4.84493282E-03
3.30252543E-02  3.48460823E-01  4.81642084E-03
3.33162257E-02  3.49276304E-01  4.52196924E-03
3.36071971E-02  3.42636198E-01  4.43864474E-03
3.38981685E-02  3.45447987E-01  4.39778343E-03
3.41891399E-02  3.38329881E-01  4.57910215E-03
3.44801113E-02  3.37336987E-01  4.44712443E-03
3.47710827E-02  3.30900043E-01  4.44500893E-03
3.50620541E-02  3.29098940E-01  4.33134194E-03
3.53530255E-02  3.30380976E-01  4.32769489E-03
3.56439969E-02  3.29090625E-01  4.16276325E-03
3.59349683E-02  3.20192903E-01  4.41447878E-03
3.62259397E-02  3.22573304E-01  3.99697758E-03
3.65169111E-02  3.08407813E-01  3.70314252E-03
3.68078825E-02  3.15129369E-01  4.05140733E-03
3.70988539E-02  3.12564611E-01  3.72432102E-03
3.73898253E-02  3.09405774E-01  4.25625918E-03
3.76807967E-02  3.09450865E-01  3.42252385E-03
3.79717681E-02  3.08192253E-01  3.98898078E-03
3.82627395E-02  3.02242726E-01  4.13091900E-03
3.85537109E-02  3.06744754E-01  3.73114343E-03
3.88446823E-02  2.95732856E-01  3.59715172E-03
3.91356537E-02  2.98998207E-01  3.71524505E-03
3.94266251E-02  3.05052727E-01  3.69141251E-03
3.97175965E-02  3.03371638E-01  3.62579897E-03
4.00085679E-02  3.02112967E-01  3.48731270E-03
4.02995393E-02  2.93735415E-01  3.61502054E-03
4.05905107E-02  2.99459010E-01  3.47348722E-03
4.08814821E-02  2.92403847E-01  3.53664672E-03
4.11724535E-02  2.90794075E-01  3.55811487E-03
4.14634249E-02  2.97790557E-01  3.50994244E-03
4.17543963E-02  3.00296485E-01  3.59532866E-03
4.20453677E-02  2.92539597E-01  3.53134354E-03
4.23363392E-02  2.92147130E-01  3.59318475E-03
4.26273106E-02  2.93768317E-01  3.29848193E-03
4.29182820E-02  2.94100076E-01  3.47547815E-03
4.32092534E-02  2.85322845E-01  3.48378276E-03
4.35002248E-02  2.94278711E-01  3.47701088E-03
4.37911962E-02  3.02236050E-01  3.59346019E-03
4.40821676E-02  2.96201825E-01  3.28323059E-03
4.43731390E-02  2.90775985E-01  3.29886889E-03
4.46641104E-02  2.90844053E-01  3.50060943E-03
4.49550818E-02  2.91694373E-01  3.41098150E-03
4.52460532E-02  2.95057535E-01  3.30531062E-03
4.55370246E-02  2.94382125E-01  3.30736185E-03
4.58279960E-02  2.94059068E-01  3.29085207E-03
4.61189674E-02  2.99060911E-01  3.39728501E-03
4.64099388E-02  3.05226952E-01  3.40713188E-03
4.67009102E-02  3.08032304E-01  3.49902990E-03
4.69918816E-02  3.05444807E-01  3.45526170E-03
4.72828530E-02  3.05921525E-01  3.39817442E-03
4.75738244E-02  3.03611040E-01  3.33014876E-03
4.78647958E-02  3.00348818E-01  3.37609951E-03
4.81557672E-02  3.02474856E-01  3.51391523E-03
4.84467386E-02  3.07625085E-01  3.32376733E-03
4.87377100E-02  3.10986251E-01  3.45412036E-03
4.90286814E-02  3.17135811E-01  3.50569398E-03
4.93196528E-02  3.16681504E-01  3.28938290E-03
4.96106242E-02  3.22299451E-01  3.63956252E-03
4.99015956E-02  3.17997932E-01  3.45687987E-03
5.01925670E-02  3.27828050E-01  3.48154316E-03
5.04835384E-02  3.29959571E-01  3.38156312E-03
5.07745098E-02  3.24754775E-01  3.39486147E-03
5.10654812E-02  3.27172786E-01  3.57380533E-03
5.13564526E-02  3.31012905E-01  3.57448356E-03
5.16474241E-02  3.30358326E-01  3.46744340E-03
5.19383955E-02  3.33005786E-01  3.30543355E-03
5.22293669E-02  3.34252268E-01  3.41683999E-03
5.25203383E-02  3.43922079E-01  3.48146027E-03
5.28113097E-02  3.40536207E-01  3.80727532E-03
5.31022811E-02  3.47727954E-01  3.60482233E-03
5.33932525E-02  3.52930069E-01  3.57125653E-03
5.36842239E-02  3.54705513E-01  3.69313848E-03
5.39751953E-02  3.60007733E-01  3.53781390E-03
5.42661667E-02  3.63176793E-01  3.53112305E-03
5.45571381E-02  3.71469110E-01  3.72796319E-03
5.48481095E-02  3.66194814E-01  3.54157225E-03
5.51390809E-02  3.66956741E-01  3.63372173E-03
5.54300523E-02  3.74411374E-01  3.65437497E-03
5.57210237E-02  3.79127383E-01  3.68616567E-03
5.60119951E-02  3.87320310E-01  3.81761813E-03
5.63029665E-02  3.87628615E-01  3.69258015E-03
5.65939379E-02  3.92151058E-01  3.76278302E-03
5.68849093E-02  3.92342448E-01  3.56407301E-03
5.71758807E-02  4.06074613E-01  3.73224542E-03
5.74668521E-02  4.10278708E-01  3.79383983E-03
5.77578235E-02  4.11159694E-01  3.66015965E-03
5.80487949E-02  4.22158211E-01  3.79178300E-03
5.83397663E-02  4.34743077E-01  3.91664077E-03
5.86307377E-02  4.33289170E-01  3.85628385E-03
5.89217091E-02  4.39688325E-01  4.08478640E-03
5.92126805E-02  4.48935419E-01  3.85198626E-03
5.95036519E-02  4.54288334E-01  3.96460341E-03
5.97946233E-02  4.54810321E-01  4.06048913E-03
6.00855947E-02  4.69743222E-01  3.96918366E-03
6.03765661E-02  4.81953949E-01  4.06001043E-03
6.06675375E-02  4.83065903E-01  3.98058677E-03
6.09585090E-02  4.96226907E-01  4.16092901E-03
6.12494804E-02  4.96512145E-01  4.02218429E-03
6.15404518E-02  5.02452552E-01  4.19319188E-03
6.18314232E-02  5.18361509E-01  4.22301702E-03
6.21223946E-02  5.25409460E-01  4.23513772E-03
6.24133660E-02  5.33373117E-01  4.20915661E-03
6.27043374E-02  5.48889339E-01  4.39395988E-03
6.29953088E-02  5.55685639E-01  4.28683963E-03
6.32862802E-02  5.76045096E-01  4.34948644E-03
6.35772516E-02  5.76534688E-01  4.48904000E-03
6.38682230E-02  5.96285582E-01  4.64138435E-03
6.41591944E-02  6.07271314E-01  4.33601160E-03
6.44501658E-02  6.17586434E-01  4.56064427E-03
6.47411372E-02  6.30130947E-01  4.62863082E-03
6.50321086E-02  6.46442592E-01  4.75670910E-03
6.53230800E-02  6.66745186E-01  4.87685762E-03
6.56140514E-02  6.74486041E-01  4.69937176E-03
6.59050228E-02  6.91365242E-01  4.88551147E-03
6.61959942E-02  7.11571872E-01  4.88519249E-03
6.64869656E-02  7.31865942E-01  5.07813925E-03
6.67779370E-02  7.45539248E-01  5.07774111E-03
6.70689084E-02  7.74799943E-01  5.24228392E-03
6.73598798E-02  7.86897361E-01  5.20348409E-03
6.76508512E-02  7.96597719E-01  4.89370059E-03
6.79418226E-02  8.32462847E-01  5.56672364E-03
6.82327940E-02  8.49838138E-01  5.17196674E-03
6.85237654E-02  8.74554634E-01  5.65390568E-03
6.88147368E-02  9.00035501E-01  5.55953057E-03
6.91057082E-02  9.13022816E-01  6.01755036E-03
6.93966796E-02  9.46399271E-01  5.84657444E-03
6.96876510E-02  9.81071532E-01  5.75882196E-03
6.99786224E-02  1.00532508E+00  6.07456919E-03
7.02695938E-02  1.04611719E+00  6.43327786E-03
7.05605653E-02  1.07049322E+00  6.44901814E-03
7.08515367E-02  1.10267818E+00  6.92728534E-03
7.11425081E-02  1.13781095E+00  6.54829619E-03
7.14334795E-02  1.18246639E+00  6.79969229E-03
7.17244509E-02  1.22445953E+00  7.23240525E-03
7.20154223E-02  1.25973201E+00  7.23463763E-03
7.23063937E-02  1.30983424E+00  7.50659453E-03
7.25973651E-02  1.34687829E+00  7.53326388E-03
7.28883365E-02  1.39030945E+00  7.77332019E-03
7.31793079E-02  1.45302367E+00  8.16486403E-03
7.34702793E-02  1.50894809E+00  8.47468711E-03
7.37612507E-02  1.56125307E+00  8.71234760E-03
7.40522221E-02  1.63184595E+00  9.04507004E-03
7.43431935E-02  1.68567979E+00  9.45825968E-03
7.46341649E-02  1.75299776E+00  9.50220693E-03
7.49251363E-02  1.84510934E+00  1.01719508E-02
7.52161077E-02  1.90510094E+00  1.06079765E-02
7.55070791E-02  2.00145292E+00  1.11677609E-02
7.57980505E-02  2.08537483E+00  1.18570235E-02
7.60890219E-02  2.18230057E+00  1.26308696E-02
7.63799933E-02  2.28030276E+00  1.27442535E-02
7.66709647E-02  2.37736940E+00  1.39076356E-02
7.69619361E-02  2.53518486E+00  1.48919895E-02
7.72529075E-02  2.64489055E+00  1.61092281E-02
7.75438789E-02  2.76788139E+00  1.65968537E-02
7.78348503E-02  2.93902397E+00  1.81954131E-02
7.81258217E-02  3.10000825E+00  1.91101003E-02
7.84167931E-02  3.26974654E+00  2.08838489E-02
7.87077645E-02  3.48537731E+00  2.21062656E-02
7.89987359E-02  3.70162916E+00  2.40612663E-02
7.92897073E-02  3.93430042E+00  2.66328417E-02
7.95806787E-02  4.17343283E+00  2.84541212E-02
7.98716502E-02  4.46270847E+00  3.08931563E-02
8.01626216E-02  4.78861189E+00  3.44562009E-02
8.04535930E-02  5.11426640E+00  3.70587930E-02
8.07445644E-02  5.44789839E+00  3.89327593E-02
8.10355358E-02  5.86714411E+00  4.24116366E-02
8.13265072E-02  6.28649855E+00  4.57233675E-02
8.16174786E-02  6.71774387E+00  4.68962006E-02
8.19084500E-02  7.16506577E+00  4.90644090E-02
8.21994214E-02  7.63865995E+00  5.03465943E-02
8.24903928E-02  8.08899021E+00  4.98064496E-02
8.27813642E-02  8.56704044E+00  5.07631525E-02
8.30723356E-02  8.97194099E+00  4.93028462E-02
8.33633070E-02  9.35719204E+00  4.66022342E-02
8.36542784E-02  9.68808746E+00  4.39639799E-02
8.39452498E-02  9.87374020E+00  4.03222404E-02
8.42362212E-02  1.00270691E+01  3.84874456E-02
8.45271926E-02  9.99733829E+00  3.68213877E-02
8.48181640E-02  9.86226845E+00  3.69127840E-02
8.51091354E-02  9.60558510E+00  3.73702832E-02
8.54001068E-02  9.30705547E+00  3.88673060E-02
8.56910782E-02  8.87309647E+00  4.13807556E-02
8.59820496E-02  8.39467049E+00  4.13837805E-02
8.62730210E-02  7.85176134E+00  4.29940633E-02
8.65639924E-02  7.26716900E+00  4.13561761E-02
8.68549638E-02  6.70401525E+00  3.95711884E-02
8.71459352E-02  6.19085836E+00  3.71245444E-02
8.74369066E-02  5.66355276E+00  3.43146101E-02
8.77278780E-02  5.16787338E+00  3.16145867E-02
8.80188494E-02  4.72252321E+00  2.84531135E-02
8.83098208E-02  4.32704353E+00  2.58886255E-02
8.86007922E-02  3.96799660E+00  2.29873694E-02
8.88917636E-02  3.66064262E+00  2.01645233E-02
8.91827351E-02  3.38602042E+00  1.87562313E-02
8.94737065E-02  3.13405228E+00  1.69071890E-02
8.97646779E-02  2.93837214E+00  1.55740706E-02
9.00556493E-02  2.72264242E+00  1.38893621E-02
9.03466207E-02  2.56141710E+00  1.29348217E-02
9.06375921E-02  2.43188787E+00  1.19726248E-02
9.09285635E-02  2.29172397E+00  1.08893765E-02
9.12195349E-02  2.15982103E+00  1.05015915E-02
9.15105063E-02  2.04385328E+00  9.51269083E-03
9.18014777E-02  1.94658482E+00  9.05770343E-03
9.20924491E-02  1.85924602E+00  8.72408040E-03
9.23834205E-02  1.78266811E+00  7.95085728E-03
9.26743919E-02  1.70465052E+00  7.87633285E-03
9.29653633E-02  1.64973950E+00  7.46940775E-03
9.32563347E-02  1.56326175E+00  6.91816118E-03
9.35473061E-02  1.51366389E+00  6.92043779E-03
9.38382775E-02  1.47109616E+00  6.65757293E-03
9.41292489E-02  1.41228187E+00  6.45063585E-03
9.44202203E-02  1.37347329E+00  6.21557748E-03
9.47111917E-02  1.31966233E+00  6.31690631E-03
9.50021631E-02  1.28089523E+00  5.90256369E-03
9.52931345E-02  1.26055670E+00  5.78606501E-03
9.55841059E-02  1.22035193E+00  5.89327468E-03
9.58750773E-02  1.19238627E+00  5.49155008E-03
9.61660487E-02  1.15328622E+00  5.41901868E-03
9.64570201E-02  1.14283037E+00  5.20349387E-03
9.67479915E-02  1.10519719E+00  5.26158139E-03
9.70389629E-02  1.07899797E+00  5.24110766E-03
9.73299343E-02  1.05947459E+00  5.13648381E-03
9.76209057E-02  1.03079224E+00  5.25253871E-03
9.79118771E-02  1.00334036E+00  5.09170676E-03
9.82028485E-02  9.86329675E-01  4.86098509E-03
9.84938200E-02  9.77005601E-01  4.86790249E-03
9.87847914E-02  9.59412038E-01  4.77220863E-03
9.90757628E-02  9.35938954E-01  4.85120108E-03
9.93667342E-02  9.28094864E-01  4.69587883E-03
9.96577056E-02  9.00199413E-01  4.70498577E-03
9.99486770E-02  8.91883612E-01  4.49128170E-03
1.00239648E-01  8.77135992E-01  4.49949037E-03
1.00530620E-01  8.70025277E-01  4.52971179E-03
1.00821591E-01  8.57457101E-01  4.41994658E-03
1.01112563E-01  8.44951570E-01  4.54907492E-03
1.01403534E-01  8.18882763E-01  4.32600128E-03
1.01694505E-01  8.21589530E-01  4.16139513E-03
1.01985477E-01  8.16049755E-01  4.23545251E-03
1.02276448E-01  8.04835320E-01  4.24299436E-03
1.02567420E-01  7.87525296E-01  4.17897990E-03
1.02858391E-01  7.81585157E-01  4.19229316E-03
1.03149362E-01  7.78233230E-01  4.21905704E-03
1.03440334E-01  7.72589147E-01  4.14397474E-03
1.03731305E-01  7.62690544E-01  4.17179288E-03
1.04022277E-01  7.53419459E-01  4.08084225E-03
1.04313248E-01  7.42367387E-01  3.90850473E-03
1.04604219E-01  7.36169159E-01  4.02256008E-03
1.04895191E-01  7.36545146E-01  4.03558463E-03
1.05186162E-01  7.31791735E-01  3.88318137E-03
1.05477134E-01  7.22153485E-01  3.92297655E-03
1.05768105E-01  7.25900650E-01  3.94300092E-03
1.06059076E-01  7.18648374E-01  3.78379319E-03
1.06350048E-01  7.07746804E-01  3.92339891E-03
1.06641019E-01  7.00120449E-01  3.86215141E-03
1.06931991E-01  6.99443161E-01  3.74610489E-03
1.07222962E-01  6.97642744E-01  3.85140232E-03
1.07513933E-01  7.04454482E-01  3.83228110E-03
1.07804905E-01  6.98041677E-01  3.84276919E-03
1.08095876E-01  6.82055473E-01  3.82224610E-03
1.08386848E-01  6.81020617E-01  3.70232994E-03
1.08677819E-01  6.78041101E-01  3.57617415E-03
1.08968790E-01  6.78004324E-01  3.74584598E-03
1.09259762E-01  6.69057965E-01  3.69461300E-03
1.09550733E-01  6.74515307E-01  3.74639034E-03
1.09841705E-01  6.73301339E-01  3.85316554E-03
1.10132676E-01  6.70549214E-01  3.71006434E-03
1.10423647E-01  6.72182143E-01  3.71758314E-03
1.10714619E-01  6.70064449E-01  3.72041482E-03
1.11005590E-01  6.65234923E-01  3.65163689E-03
1.11296562E-01  6.70267284E-01  3.74439964E-03
1.11587533E-01  6.58129156E-01  3.57234641E-03
1.11878504E-01  6.59885049E-01  3.58228083E-03
1.12169476E-01  6.61282182E-01  3.75962537E-03
1.12460447E-01  6.52919471E-01  3.64284124E-03
1.12751419E-01  6.55463278E-01  3.59463831E-03
1.13042390E-01  6.56994104E-01  3.60304280E-03
1.13333362E-01  6.49144650E-01  3.45635414E-03
1.13624333E-01  6.55891001E-01  3.60566657E-03
1.13915304E-01  6.57141030E-01  3.61162075E-03
1.14206276E-01  6.55048072E-01  3.59121477E-03
1.14497247E-01  6.58930004E-01  3.65451048E-03
1.14788219E-01  6.55292749E-01  3.54533084E-03
1.15079190E-01  6.55162513E-01  3.53862369E-03
1.15370161E-01  6.54309034E-01  3.59540293E-03
1.15661133E-01  6.58034980E-01  3.60933156E-03
1.15952104E-01  6.56112552E-01  3.52082704E-03
1.16243076E-01  6.56857193E-01  3.69741954E-03
1.16534047E-01  6.54888153E-01  3.46281077E-03
1.16825018E-01  6.61233842E-01  3.58401029E-03
1.17115990E-01  6.59731805E-01  3.52819241E-03
1.17406961E-01  6.57472491E-01  3.57345259E-03
1.17697933E-01  6.53678954E-01  3.49025661E-03
1.17988904E-01  6.62630141E-01  3.58061120E-03
1.18279875E-01  6.61125958E-01  3.58672789E-03
1.18570847E-01  6.69361115E-01  3.62630957E-03
1.18861818E-01  6.68044508E-01  3.54389823E-03
1.19152790E-01  6.63290024E-01  3.59077961E-03
1.19443761E-01  6.69822633E-01  3.47353797E-03
1.19734732E-01  6.69755995E-01  3.68169625E-03
1.20025704E-01  6.75793648E-01  3.64692765E-03
1.20316675E-01  6.75060332E-01  3.63078713E-03
1.20607647E-01  6.81630433E-01  3.66089446E-03
1.20898618E-01  6.81719661E-01  3.67383310E-03
1.21189589E-01  6.78608358E-01  3.79512506E-03
1.21480561E-01  6.89143360E-01  3.75073380E-03
1.21771532E-01  6.92463756E-01  3.85792344E-03
1.22062504E-01  6.90115035E-01  3.82477255E-03
1.22353475E-01  6.95251226E-01  3.69405211E-03
1.22644446E-01  7.07130671E-01  3.89046944E-03
1.22935418E-01  7.05741346E-01  3.92124336E-03
1.23226389E-01  7.03127146E-01  4.00624890E-03
1.23517361E-01  7.11476982E-01  3.96200735E-03
1.23808332E-01  7.16021955E-01  3.85706802E-03
1.24099303E-01  7.17070162E-01  3.89304734E-03
1.24390275E-01  7.30066538E-01  4.02588211E-03
1.24681246E-01  7.29383230E-01  3.90504184E-03
1.24972218E-01  7.35213399E-01  4.11930820E-03
1.25263189E-01  7.29008973E-01  4.03189845E-03
1.25554160E-01  7.43916094E-01  4.05340688E-03
1.25845132E-01  7.47159779E-01  4.12925845E-03
1.26136103E-01  7.46654451E-01  4.28833766E-03
1.26427075E-01  7.53718436E-01  4.08689026E-03
1.26718046E-01  7.62760043E-01  4.19487478E-03
1.27009017E-01  7.70945251E-01  4.33451682E-03
1.27299989E-01  7.77158439E-01  4.33048885E-03
1.27590960E-01  7.72686958E-01  4.24324954E-03
1.27881932E-01  7.91009068E-01  4.25651250E-03
1.28172903E-01  7.91708589E-01  4.23437729E-03
1.28463874E-01  8.03315997E-01  4.25460748E-03
1.28754846E-01  8.15763414E-01  4.23113210E-03
1.29045817E-01  8.23026597E-01  4.65911441E-03
1.29336789E-01  8.29208434E-01  4.36246116E-03
1.29627760E-01  8.31383109E-01  4.52790270E-03
1.29918731E-01  8.38682652E-01  4.54365788E-03
1.30209703E-01  8.50822568E-01  4.48995875E-03
1.30500674E-01  8.61273408E-01  4.71729087E-03
1.30791646E-01  8.72468710E-01  4.60557966E-03
1.31082617E-01  8.83221447E-01  4.64416947E-03
1.31373589E-01  8.80181670E-01  4.51099500E-03
1.31664560E-01  8.93149972E-01  4.84900596E-03
1.31955531E-01  9.06228065E-01  4.69187368E-03
1.32246503E-01  9.23383892E-01  4.63497732E-03
1.32537474E-01  9.36840236E-01  4.66226181E-03
1.32828446E-01  9.44254339E-01  4.67406865E-03
1.33119417E-01  9.56121504E-01  4.76302812E-03
1.33410388E-01  9.69940305E-01  4.73874435E-03
1.33701360E-01  9.91633236E-01  4.61734785E-03
1.33992331E-01  1.00396013E+00  4.98097157E-03
1.34283303E-01  1.00909042E+00  4.91118990E-03
1.34574274E-01  1.03508413E+00  5.02354652E-03
1.34865245E-01  1.06115508E+00  4.96362289E-03
1.35156217E-01  1.07476175E+00  4.98156808E-03
1.35447188E-01  1.09387207E+00  5.03475312E-03
1.35738160E-01  1.11479771E+00  5.19334292E-03
1.36029131E-01  1.13188028E+00  5.16538741E-03
1.36320102E-01  1.15529597E+00  5.33972448E-03
1.36611074E-01  1.17885053E+00  5.29823732E-03
1.36902045E-01  1.19405043E+00  5.40485419E-03
1.37193017E-01  1.23203528E+00  5.53314062E-03
1.37483988E-01  1.26254404E+00  5.81867807E-03
1.37774959E-01  1.29866362E+00  6.02647616E-03
1.38065931E-01  1.32525682E+00  6.08311873E-03
1.38356902E-01  1.35582709E+00  6.16169162E-03
1.38647874E-01  1.40008020E+00  6.16902020E-03
1.38938845E-01  1.43537986E+00  6.51858235E-03
1.39229816E-01  1.48795366E+00  6.59646746E-03
1.39520788E-01  1.52058733E+00  6.73802895E-03
1.39811759E-01  1.55925381E+00  7.19439238E-03
1.40102731E-01  1.60417306E+00  7.19556306E-03
1.40393702E-01  1.65331686E+00  7.52703939E-03
1.40684673E-01  1.71759045E+00  7.71075953E-03
1.40975645E-01  1.76379812E+00  8.23753048E-03
1.41266616E-01  1.81242156E+00  8.10356718E-03
1.41557588E-01  1.88196826E+00  8.33695475E-03
1.41848559E-01  1.93646157E+00  8.45851563E-03
1.42139530E-01  1.99607897E+00  8.75891373E-03
1.42430502E-01  2.06050277E+00  8.86599068E-03
1.42721473E-01  2.12845802E+00  8.96891207E-03
1.43012445E-01  2.17395997E+00  9.22839064E-03
1.43303416E-01  2.23049998E+00  9.32491478E-03
1.43594387E-01  2.28824997E+00  9.26024280E-03
1.43885359E-01  2.35200000E+00  9.40768886E-03
1.44176330E-01  2.41105270E+00  9.44029447E-03
1.44467302E-01  2.46920848E+00  9.46111791E-03
1.44758273E-01  2.49543333E+00  9.27173346E-03
1.45049244E-01  2.53049421E+00  8.85914639E-03
1.45340216E-01  2.54177547E+00  8.81406665E-03
1.45631187E-01  2.56067443E+00  8.68150685E-03
1.45922159E-01  2.55811262E+00  8.61342810E-03
1.46213130E-01  2.54086852E+00  8.21888633E-03
1.46504101E-01  2.51239228E+00  8.16972274E-03
1.46795073E-01  2.48284483E+00  7.76660442E-03
1.47086044E-01  2.42218089E+00  7.53039867E-03
1.47377016E-01  2.37349868E+00  7.54359132E-03
1.47667987E-01  2.27952337E+00  7.38375587E-03
1.47958958E-01  2.21078420E+00  7.33616995E-03
1.48249930E-01  2.11689639E+00  7.14749796E-03
1.48540901E-01  2.05284309E+00  7.12104049E-03
1.48831873E-01  1.95807624E+00  6.80691889E-03
1.49122844E-01  1.86634469E+00  6.80836476E-03
1.49413815E-01  1.79096568E+00  6.51566964E-03
1.49704787E-01  1.70722878E+00  6.50391774E-03
1.49995758E-01  1.62950730E+00  6.13168534E-03
1.50286730E-01  1.55127966E+00  5.82101848E-03
1.50577701E-01  1.48954928E+00  5.72583778E-03
1.50868673E-01  1.42234147E+00  5.70464879E-03
1.51159644E-01  1.36523902E+00  5.40291145E-03
1.51450615E-01  1.31315577E+00  5.07528428E-03
1.51741587E-01  1.27093351E+00  4.93445713E-03
1.52032558E-01  1.23649752E+00  4.73714340E-03
1.52323530E-01  1.18534589E+00  4.80900053E-03
1.52614501E-01  1.15296030E+00  4.63391049E-03
1.52905472E-01  1.11028671E+00  4.31509735E-03
1.53196444E-01  1.08808649E+00  4.36442299E-03
1.53487415E-01  1.06197226E+00  4.33755061E-03
1.53778387E-01  1.03910172E+00  4.18303721E-03
1.54069358E-01  1.01591873E+00  4.11789212E-03
1.54360329E-01  9.97451961E-01  4.11027670E-03
1.54651301E-01  9.81864154E-01  4.06085839E-03
1.54942272E-01  9.64580894E-01  3.94501630E-03
1.55233244E-01  9.53370333E-01  3.93196009E-03
1.55524215E-01  9.37367320E-01  3.96890473E-03
1.55815186E-01  9.39543903E-01  3.92025150E-03
1.56106158E-01  9.24734652E-01  3.91806802E-03
1.56397129E-01  9.22138572E-01  3.96062154E-03
1.56688101E-01  9.22769547E-01  3.97273852E-03
1.56979072E-01  9.07808065E-01  3.82464635E-03
1.57270043E-01  9.04688835E-01  3.84785840E-03
1.57561015E-01  9.02223825E-01  3.81289818E-03
1.57851986E-01  8.96577716E-01  3.90800880E-03
1.58142958E-01  9.05050397E-01  3.95733630E-03
1.58433929E-01  9.09300029E-01  3.88936140E-03
1.58724900E-01  8.96148622E-01  3.93358059E-03
1.59015872E-01  9.07968402E-01  3.95576563E-03
1.59306843E-01  9.05391395E-01  3.93308979E-03
1.59597815E-01  9.21563029E-01  4.07986389E-03
1.59888786E-01  9.27373707E-01  4.04572906E-03
1.60179757E-01  9.25633729E-01  4.04291833E-03
1.60470729E-01  9.28206742E-01  3.87277291E-03
1.60761700E-01  9.37620461E-01  4.07047570E-03
1.61052672E-01  9.44433391E-01  4.02577501E-03
1.61343643E-01  9.61107314E-01  4.24201880E-03
1.61634614E-01  9.76004541E-01  4.34663845E-03
1.61925586E-01  9.84490097E-01  4.26437985E-03
1.62216557E-01  9.99721706E-01  4.18159645E-03
1.62507529E-01  1.01611686E+00  4.37918492E-03
1.62798500E-01  1.03565574E+00  4.51718783E-03
1.63089471E-01  1.04625070E+00  4.56105871E-03
1.63380443E-01  1.06832886E+00  4.59020212E-03
1.63671414E-01  1.08711994E+00  4.70643770E-03
1.63962386E-01  1.10946357E+00  4.83015180E-03
1.64253357E-01  1.13328683E+00  4.82839905E-03
1.64544328E-01  1.16015828E+00  5.15218731E-03
1.64835300E-01  1.17315578E+00  4.95027239E-03
1.65126271E-01  1.20374656E+00  5.26924618E-03
1.65417243E-01  1.22214437E+00  5.32235997E-03
1.65708214E-01  1.24136996E+00  5.23877377E-03
1.65999185E-01  1.26742268E+00  5.16806310E-03
1.66290157E-01  1.29863346E+00  5.22176735E-03
1.66581128E-01  1.30718076E+00  5.39245550E-03
1.66872100E-01  1.33250415E+00  5.49578434E-03
1.67163071E-01  1.34301651E+00  5.56460069E-03
1.67454042E-01  1.34226322E+00  5.31808101E-03
1.67745014E-01  1.34608293E+00  5.13484422E-03
1.68035985E-01  1.36279726E+00  5.13392733E-03
1.68326957E-01  1.37755477E+00  5.09545440E-03
1.68617928E-01  1.37429190E+00  5.07952133E-03
1.68908900E-01  1.34906411E+00  4.79679275E-03
1.69199871E-01  1.35436296E+00  4.95123025E-03
1.69490842E-01  1.32680523E+00  4.84490581E-03
1.69781814E-01  1.29884326E+00  4.70585562E-03
1.70072785E-01  1.28184557E+00  4.70530987E-03
1.70363757E-01  1.25297797E+00  4.65783011E-03
1.70654728E-01  1.22654474E+00  4.53353394E-03
1.70945699E-01  1.19030702E+00  4.49906429E-03
1.71236671E-01  1.15772426E+00  4.26782714E-03
1.71527642E-01  1.12536228E+00  4.40063840E-03
1.71818614E-01  1.07821345E+00  4.14393237E-03
1.72109585E-01  1.04352772E+00  4.20756685E-03
1.72400556E-01  1.00544679E+00  4.04266501E-03
1.72691528E-01  9.72591639E-01  4.01383964E-03
1.72982499E-01  9.35534656E-01  3.84917716E-03
1.73273471E-01  9.05931413E-01  3.74855706E-03
1.73564442E-01  8.77398670E-01  3.67352064E-03
1.73855413E-01  8.42567146E-01  3.63606890E-03
1.74146385E-01  8.15817714E-01  3.52037186E-03
1.74437356E-01  7.91695893E-01  3.47811845E-03
1.74728328E-01  7.69938290E-01  3.34066851E-03
1.75019299E-01  7.38792598E-01  3.35612055E-03
1.75310270E-01  7.27032602E-01  3.22798709E-03
1.75601242E-01  7.04186738E-01  3.26237921E-03
1.75892213E-01  6.87890649E-01  3.12419375E-03
1.76183185E-01  6.64463103E-01  3.07115377E-03
1.76474156E-01  6.43810332E-01  3.04685114E-03
1.76765127E-01  6.35814369E-01  3.01251793E-03
1.77056099E-01  6.15379989E-01  3.01498314E-03
1.77347070E-01  6.08963966E-01  2.90379324E-03
1.77638042E-01  5.91028512E-01  2.86774291E-03
1.77929013E-01  5.74545383E-01  2.90046842E-03
1.78219984E-01  5.68141401E-01  2.80808983E-03
1.78510956E-01  5.53270280E-01  2.82047340E-03
1.78801927E-01  5.49062431E-01  2.76928046E-03
1.79092899E-01  5.38984716E-01  2.72892299E-03
1.79383870E-01  5.24899721E-01  2.75674043E-03
1.79674841E-01  5.18056095E-01  2.72188080E-03
1.79965813E-01  5.13850987E-01  2.65388424E-03
1.80256784E-01  4.98452157E-01  2.70606927E-03
1.80547756E-01  4.95938838E-01  2.61368975E-03
1.80838727E-01  4.89622921E-01  2.68823886E-03
1.81129698E-01  4.75251943E-01  2.53381743E-03
1.81420670E-01  4.74573463E-01  2.57802685E-03
1.81711641E-01  4.70068365E-01  2.52586952E-03
1.82002613E-01  4.59001154E-01  2.47039204E-03
1.82293584E-01  4.50969338E-01  2.49659829E-03
1.82584555E-01  4.51618373E-01  2.45851814E-03
1.82875527E-01  4.44410354E-01  2.56836019E-03
1.83166498E-01  4.37452793E-01  2.46568467E-03
1.83457470E-01  4.34280485E-01  2.38302839E-03
1.83748441E-01  4.25615400E-01  2.36920966E-03
1.84039412E-01  4.23506528E-01  2.46751378E-03
1.84330384E-01  4.20744687E-01  2.38457182E-03
1.84621355E-01  4.12530720E-01  2.37517245E-03
1.84912327E-01  4.04705584E-01  2.44210241E-03
1.85203298E-01  4.02187198E-01  2.23401701E-03
1.85494269E-01  3.97690803E-01  2.36359821E-03
1.85785241E-01  3.89441580E-01  2.27146922E-03
1.86076212E-01  3.90390396E-01  2.24597612E-03
1.86367184E-01  3.92339587E-01  2.28675385E-03
1.86658155E-01  3.84449989E-01  2.26561609E-03
1.86949126E-01  3.76508296E-01  2.28619436E-03
1.87240098E-01  3.79779011E-01  2.20452831E-03
1.87531069E-01  3.72658700E-01  2.22065323E-03
1.87822041E-01  3.74335349E-01  2.22863327E-03
1.88113012E-01  3.69679600E-01  2.23203679E-03
1.88403984E-01  3.63164961E-01  2.22817715E-03
1.88694955E-01  3.58809054E-01  2.12438451E-03
1.88985926E-01  3.52780968E-01  2.13737320E-03
1.89276898E-01  3.53335470E-01  2.17343983E-03
1.89567869E-01  3.51653934E-01  2.11190199E-03
1.89858841E-01  3.48509461E-01  2.09870189E-03
1.90149812E-01  3.48888844E-01  2.12123757E-03
1.90440783E-01  3.46350342E-01  2.15672469E-03
1.90731755E-01  3.38398963E-01  2.12794240E-03
1.91022726E-01  3.38064253E-01  2.08494975E-03
1.91313698E-01  3.33298683E-01  1.96869741E-03
1.91604669E-01  3.35461825E-01  2.08321237E-03
1.91895640E-01  3.29400808E-01  2.03911820E-03
1.92186612E-01  3.29608113E-01  2.09151627E-03
1.92477583E-01  3.29086721E-01  2.08674651E-03
1.92768555E-01  3.28164190E-01  2.06100638E-03
1.93059526E-01  3.23740274E-01  2.07399135E-03
1.93350497E-01  3.23602140E-01  2.08402635E-03
1.93641469E-01  3.20674598E-01  2.03245459E-03
1.93932440E-01  3.17427874E-01  2.00049067E-03
1.94223412E-01  3.15264106E-01  2.03167694E-03
1.94514383E-01  3.14534813E-01  2.00532074E-03
1.94805354E-01  3.16670001E-01  2.04803166E-03
1.95096326E-01  3.09689879E-01  1.95226271E-03
1.95387297E-01  3.06726426E-01  1.94338907E-03
1.95678269E-01  3.05859894E-01  1.96911488E-03
1.95969240E-01  3.03928494E-01  1.97716150E-03
1.96260211E-01  3.00237030E-01  1.93937554E-03
1.96551183E-01  3.01554084E-01  1.96660496E-03
1.96842154E-01  2.98072010E-01  1.98188308E-03
1.97133126E-01  2.99243748E-01  1.98301347E-03
1.97424097E-01  2.96432525E-01  1.97230326E-03
1.97715068E-01  2.96346337E-01  1.92510150E-03
1.98006040E-01  2.96366036E-01  1.90801686E-03
1.98297011E-01  2.91704834E-01  1.97115145E-03
1.98587983E-01  2.92200625E-01  1.93007838E-03
1.98878954E-01  2.90731072E-01  1.87019713E-03
1.99169925E-01  2.87776023E-01  1.93747785E-03
1.99460897E-01  2.85589516E-01  1.91647618E-03
1.99751868E-01  2.85292119E-01  1.92541594E-03
2.00042840E-01  2.88070679E-01  1.87300029E-03
2.00333811E-01  2.83410281E-01  1.88883673E-03
2.00624782E-01  2.82858580E-01  1.91414484E-03
2.00915754E-01  2.79998660E-01  1.87620171E-03
2.01206725E-01  2.76869088E-01  1.88751402E-03
2.01497697E-01  2.76936918E-01  1.92507578E-03
2.01788668E-01  2.76197135E-01  1.85687584E-03
2.02079639E-01  2.77783960E-01  1.85487233E-03
2.02370611E-01  2.76931465E-01  1.86017808E-03
2.02661582E-01  2.71874756E-01  1.75121450E-03
2.02952554E-01  2.73962229E-01  1.86231907E-03
2.03243525E-01  2.75499821E-01  1.83912704E-03
2.03534496E-01  2.71564096E-01  1.85167603E-03
2.03825468E-01  2.71715075E-01  1.85271981E-03
2.04116439E-01  2.66935825E-01  1.85099395E-03
2.04407411E-01  2.71932870E-01  1.86482642E-03
2.04698382E-01  2.69212812E-01  1.82369351E-03
2.04989353E-01  2.68823296E-01  1.84396328E-03
2.05280325E-01  2.67601520E-01  1.78625633E-03
2.05571296E-01  2.61779726E-01  1.82512437E-03
2.05862268E-01  2.61076629E-01  1.78234349E-03
2.06153239E-01  2.62729406E-01  1.78370718E-03
2.06444211E-01  2.64799923E-01  1.81287341E-03
2.06735182E-01  2.63201028E-01  1.75888091E-03
2.07026153E-01  2.63037801E-01  1.78558647E-03
2.07317125E-01  2.63679504E-01  1.78861583E-03
2.07608096E-01  2.59382904E-01  1.80531677E-03
2.07899068E-01  2.60339230E-01  1.74230873E-03
2.08190039E-01  2.58853018E-01  1.74593425E-03
2.08481010E-01  2.55911291E-01  1.79121783E-03
2.08771982E-01  2.57670283E-01  1.70650531E-03
2.09062953E-01  2.56238490E-01  1.75868021E-03
2.09353925E-01  2.55412310E-01  1.75733725E-03
2.09644896E-01  2.58689821E-01  1.77696464E-03
2.09935867E-01  2.56971329E-01  1.76676712E-03
2.10226839E-01  2.59725422E-01  1.77923148E-03
2.10517810E-01  2.56683588E-01  1.77146227E-03
2.10808782E-01  2.56795824E-01  1.67815038E-03
2.11099753E-01  2.58501649E-01  1.77260919E-03
2.11390724E-01  2.58151054E-01  1.80029403E-03
2.11681696E-01  2.57716238E-01  1.74952601E-03
2.11972667E-01  2.58266956E-01  1.68179977E-03
2.12263639E-01  2.56549925E-01  1.72426866E-03
2.12554610E-01  2.55640000E-01  1.69688242E-03
2.12845581E-01  2.58746564E-01  1.74875837E-03
2.13136553E-01  2.57331789E-01  1.72174349E-03
2.13427524E-01  2.56027728E-01  1.78264524E-03
2.13718496E-01  2.60123193E-01  1.78799988E-03
2.14009467E-01  2.58999407E-01  1.72786659E-03
2.14300438E-01  2.54144877E-01  1.71618874E-03
2.14591410E-01  2.56971836E-01  1.71903626E-03
2.14882381E-01  2.57701188E-01  1.73629983E-03
2.15173353E-01  2.56332934E-01  1.74249196E-03
2.15464324E-01  2.56456226E-01  1.75578997E-03
2.15755295E-01  2.59617448E-01  1.70967716E-03
2.16046267E-01  2.55090296E-01  1.74554333E-03
2.16337238E-01  2.58435458E-01  1.72755343E-03
2.16628210E-01  2.57932335E-01  1.76592765E-03
2.16919181E-01  2.59587049E-01  1.72370474E-03
2.17210152E-01  2.60776520E-01  1.76947145E-03
2.17501124E-01  2.61114836E-01  1.77566870E-03
2.17792095E-01  2.58345425E-01  1.70930417E-03
2.18083067E-01  2.59974957E-01  1.72544701E-03
2.18374038E-01  2.56817281E-01  1.71500666E-03
2.18665009E-01  2.59602666E-01  1.69430848E-03
2.18955981E-01  2.56994873E-01  1.70736457E-03
2.19246952E-01  2.60318577E-01  1.76061201E-03
2.19537924E-01  2.59713650E-01  1.72447669E-03
2.19828895E-01  2.59478271E-01  1.73813372E-03
2.20119866E-01  2.57482201E-01  1.69638870E-03
2.20410838E-01  2.60805249E-01  1.66018947E-03
2.20701809E-01  2.57852286E-01  1.71570934E-03
2.20992781E-01  2.56590128E-01  1.73156685E-03
2.21283752E-01  2.54575193E-01  1.70889788E-03
2.21574723E-01  2.58341014E-01  1.66050484E-03
2.21865695E-01  2.57539243E-01  1.70174276E-03
2.22156666E-01  2.52081037E-01  1.67410413E-03
2.22447638E-01  2.55305499E-01  1.75717962E-03
2.22738609E-01  2.49174446E-01  1.68943242E-03
2.23029580E-01  2.46216699E-01  1.63718744E-03
2.23320552E-01  2.44354963E-01  1.62518013E-03
2.23611523E-01  2.44535297E-01  1.65345951E-03
2.23902495E-01  2.40934163E-01  1.59876142E-03
2.24193466E-01  2.39818618E-01  1.66031264E-03
2.24484437E-01  2.37832084E-01  1.62331073E-03
2.24775409E-01  2.33355880E-01  1.61268748E-03
2.25066380E-01  2.32301936E-01  1.65562925E-03
2.25357352E-01  2.27436841E-01  1.55870139E-03
2.25648323E-01  2.25746199E-01  1.56664813E-03
2.25939295E-01  2.21779436E-01  1.55080052E-03
2.26230266E-01  2.18575001E-01  1.55485899E-03
2.26521237E-01  2.17244089E-01  1.51746254E-03
2.26812209E-01  2.11244538E-01  1.54156610E-03
2.27103180E-01  2.09613726E-01  1.50205928E-03
2.27394152E-01  2.04332471E-01  1.48199394E-03
2.27685123E-01  1.97991252E-01  1.48427207E-03
2.27976094E-01  1.98497981E-01  1.46903796E-03
2.28267066E-01  1.96521327E-01  1.46764785E-03
2.28558037E-01  1.96200207E-01  1.42866443E-03
2.28849009E-01  1.94770634E-01  1.50775432E-03
2.29139980E-01  1.91602930E-01  1.44268689E-03
2.29430951E-01  1.90993324E-01  1.42766733E-03
2.29721923E-01  1.87030643E-01  1.40535494E-03
2.30012894E-01  1.86095729E-01  1.42180570E-03
2.30303866E-01  1.85636580E-01  1.36153086E-03
2.30594837E-01  1.83797106E-01  1.41985901E-03
2.30885808E-01  1.83384523E-01  1.38966891E-03
2.31176780E-01  1.80795252E-01  1.34721037E-03
2.31467751E-01  1.79482490E-01  1.37152616E-03
2.31758723E-01  1.77714720E-01  1.38254219E-03
2.32049694E-01  1.74818531E-01  1.33796502E-03
2.32340665E-01  1.76382080E-01  1.37428509E-03
2.32631637E-01  1.75157875E-01  1.35679508E-03
2.32922608E-01  1.73963010E-01  1.36521447E-03
2.33213580E-01  1.75199926E-01  1.31844834E-03
2.33504551E-01  1.72290802E-01  1.35376432E-03
2.33795522E-01  1.71733469E-01  1.35812047E-03
2.34086494E-01  1.69679314E-01  1.32464501E-03
2.34377465E-01  1.70347244E-01  1.33679260E-03
2.34668437E-01  1.69011414E-01  1.30616385E-03
2.34959408E-01  1.68439403E-01  1.32777973E-03
2.35250379E-01  1.67364925E-01  1.34159101E-03
2.35541351E-01  1.68088093E-01  1.31751888E-03
2.35832322E-01  1.66472659E-01  1.29643513E-03
2.36123294E-01  1.67816132E-01  1.29428227E-03
2.36414265E-01  1.67840943E-01  1.29004207E-03
2.36705236E-01  1.65470362E-01  1.27750810E-03
2.36996208E-01  1.67219803E-01  1.35800918E-03
2.37287179E-01  1.66394219E-01  1.32962561E-03
2.37578151E-01  1.68138906E-01  1.32802024E-03
2.37869122E-01  1.68801382E-01  1.30788889E-03
2.38160093E-01  1.65879190E-01  1.32014777E-03
2.38451065E-01  1.65800780E-01  1.29079120E-03
2.38742036E-01  1.64716020E-01  1.33725151E-03
2.39033008E-01  1.68174788E-01  1.31922413E-03
2.39323979E-01  1.65578783E-01  1.30424672E-03
2.39614950E-01  1.65758103E-01  1.34986825E-03
2.39905922E-01  1.64982095E-01  1.26630324E-03
2.40196893E-01  1.66351125E-01  1.34297705E-03
2.40487865E-01  1.67459592E-01  1.29699486E-03
2.40778836E-01  1.67285442E-01  1.30376359E-03
2.41069807E-01  1.66639820E-01  1.30656315E-03
2.41360779E-01  1.67633578E-01  1.27104076E-03
2.41651750E-01  1.66438788E-01  1.28618209E-03
2.41942722E-01  1.65777534E-01  1.31736742E-03
2.42233693E-01  1.67727724E-01  1.28626486E-03
2.42524664E-01  1.67986557E-01  1.31661200E-03
2.42815636E-01  1.67405263E-01  1.33427815E-03
2.43106607E-01  1.67112485E-01  1.29769463E-03
2.43397579E-01  1.67861223E-01  1.28230720E-03
2.43688550E-01  1.70270309E-01  1.31341210E-03
2.43979522E-01  1.70771286E-01  1.31626031E-03
2.44270493E-01  1.69279262E-01  1.29681907E-03
2.44561464E-01  1.70660779E-01  1.30774651E-03
2.44852436E-01  1.69433534E-01  1.33845978E-03
2.45143407E-01  1.73449636E-01  1.33395009E-03
2.45434379E-01  1.73628256E-01  1.31371839E-03
2.45725350E-01  1.75494388E-01  1.32679765E-03
2.46016321E-01  1.74570769E-01  1.32724748E-03
2.46307293E-01  1.73318535E-01  1.32431067E-03
2.46598264E-01  1.74780816E-01  1.32393837E-03
2.46889236E-01  1.73053652E-01  1.33412669E-03
2.47180207E-01  1.76626816E-01  1.34779944E-03
2.47471178E-01  1.78111374E-01  1.33613567E-03
2.47762150E-01  1.74673483E-01  1.30183494E-03
2.48053121E-01  1.75766230E-01  1.35203567E-03
2.48344093E-01  1.77569970E-01  1.32632034E-03
2.48635064E-01  1.77546978E-01  1.37689791E-03
2.48926035E-01  1.77658767E-01  1.34437892E-03
2.49217007E-01  1.77030638E-01  1.30847993E-03
2.49507978E-01  1.75488278E-01  1.34330441E-03
2.49798950E-01  1.80076182E-01  1.36940903E-03
2.50089921E-01  1.79427072E-01  1.34539080E-03
2.50380892E-01  1.80680186E-01  1.37713144E-03
2.50671864E-01  1.79884717E-01  1.33789587E-03
2.50962835E-01  1.82340965E-01  1.39724405E-03
2.51253807E-01  1.78309754E-01  1.33395079E-03
2.51544778E-01  1.79983214E-01  1.37004384E-03
2.51835749E-01  1.81110427E-01  1.34376553E-03
2.52126721E-01  1.79475814E-01  1.36146194E-03
2.52417692E-01  1.79524824E-01  1.32420880E-03
2.52708664E-01  1.79290116E-01  1.35888113E-03
2.52999635E-01  1.77143767E-01  1.33005844E-03
2.53290606E-01  1.77401483E-01  1.30677782E-03
2.53581578E-01  1.76888242E-01  1.33261096E-03
2.53872549E-01  1.72747329E-01  1.35652907E-03
2.54163521E-01  1.73840776E-01  1.30836607E-03
2.54454492E-01  1.71316490E-01  1.32677669E-03
2.54745463E-01  1.69475451E-01  1.27601449E-03
2.55036435E-01  1.70024231E-01  1.29654631E-03
2.55327406E-01  1.65515170E-01  1.28630619E-03
2.55618378E-01  1.66703030E-01  1.25601445E-03
2.55909349E-01  1.61573142E-01  1.26393407E-03
2.56200320E-01  1.61748081E-01  1.28024560E-03
2.56491292E-01  1.59661323E-01  1.27236068E-03
2.56782263E-01  1.57981142E-01  1.25715567E-03
2.57073235E-01  1.55776605E-01  1.18526700E-03
2.57364206E-01  1.52209982E-01  1.25314295E-03
2.57655177E-01  1.54822990E-01  1.21825491E-03
2.57946149E-01  1.51442662E-01  1.17809162E-03
2.58237120E-01  1.47840276E-01  1.22163747E-03
2.58528092E-01  1.49044544E-01  1.21252623E-03
2.58819063E-01  1.46784455E-01  1.18788739E-03
2.59110034E-01  1.47561610E-01  1.20180345E-03
2.59401006E-01  1.45084038E-01  1.18819287E-03
2.59691977E-01  1.42215863E-01  1.18526875E-03
2.59982949E-01  1.41458333E-01  1.17144210E-03
2.60273920E-01  1.40334919E-01  1.18916680E-03
2.60564891E-01  1.38459966E-01  1.15039048E-03
2.60855863E-01  1.39161378E-01  1.18213787E-03
2.61146834E-01  1.36276722E-01  1.15552556E-03
2.61437806E-01  1.36715263E-01  1.12427038E-03
2.61728777E-01  1.35199204E-01  1.13466370E-03
2.62019748E-01  1.34947225E-01  1.10713660E-03
2.62310720E-01  1.31322294E-01  1.10921124E-03
2.62601691E-01  1.32044271E-01  1.11446111E-03
2.62892663E-01  1.32888436E-01  1.15958345E-03
2.63183634E-01  1.29905000E-01  1.11296668E-03
2.63474606E-01  1.29014596E-01  1.10830273E-03
2.63765577E-01  1.28408968E-01  1.13767094E-03
2.64056548E-01  1.28637552E-01  1.11006282E-03
2.64347520E-01  1.27829701E-01  1.13100966E-03
2.64638491E-01  1.27190694E-01  1.09182473E-03
2.64929463E-01  1.28823206E-01  1.11326086E-03
2.65220434E-01  1.25296995E-01  1.08609523E-03
2.65511405E-01  1.28807127E-01  1.12834084E-03
2.65802377E-01  1.25462309E-01  1.06517354E-03
2.66093348E-01  1.23388007E-01  1.06463011E-03
2.66384320E-01  1.24519058E-01  1.11362396E-03
2.66675291E-01  1.23933136E-01  1.08960038E-03
2.66966262E-01  1.23986751E-01  1.08370499E-03
2.67257234E-01  1.23265021E-01  1.10200804E-03
2.67548205E-01  1.22992605E-01  1.06658554E-03
2.67839177E-01  1.20848842E-01  1.08735729E-03
2.68130148E-01  1.23139024E-01  1.06704503E-03
2.68421119E-01  1.21654838E-01  1.06555771E-03
2.68712091E-01  1.22581489E-01  1.08634506E-03
2.69003062E-01  1.22796461E-01  1.07936037E-03
2.69294034E-01  1.24551170E-01  1.08225865E-03
2.69585005E-01  1.22964688E-01  1.06162822E-03
2.69875976E-01  1.20056584E-01  1.06526306E-03
2.70166948E-01  1.21810757E-01  1.06142508E-03
2.70457919E-01  1.21579774E-01  1.04659237E-03
2.70748891E-01  1.21397853E-01  1.07736944E-03
2.71039862E-01  1.20637767E-01  1.08322047E-03
2.71330833E-01  1.21275648E-01  1.07206951E-03
2.71621805E-01  1.21792786E-01  1.04610238E-03
2.71912776E-01  1.20353863E-01  1.07461808E-03
2.72203748E-01  1.19594626E-01  1.05638802E-03
2.72494719E-01  1.20354027E-01  1.07064680E-03
2.72785690E-01  1.18360654E-01  1.07149628E-03
2.73076662E-01  1.16553880E-01  1.05231511E-03
2.73367633E-01  1.18886992E-01  1.03702978E-03
2.73658605E-01  1.17184289E-01  1.06768624E-03
2.73949576E-01  1.18805297E-01  1.03367318E-03
2.74240547E-01  1.17183648E-01  1.04832510E-03
2.74531519E-01  1.20293178E-01  1.04527792E-03
2.74822490E-01  1.18731849E-01  1.03385199E-03
2.75113462E-01  1.19675249E-01  1.05205062E-03
2.75404433E-01  1.18691847E-01  1.05597312E-03
2.75695404E-01  1.18955567E-01  1.05460372E-03
2.75986376E-01  1.19604237E-01  1.03428646E-03
2.76277347E-01  1.19117454E-01  1.03625050E-03
2.76568319E-01  1.19129144E-01  1.05679187E-03
2.76859290E-01  1.17949300E-01  1.03384652E-03
2.77150261E-01  1.17904715E-01  1.05344830E-03
2.77441233E-01  1.20391421E-01  1.07878633E-03
2.77732204E-01  1.16767459E-01  1.02717197E-03
2.78023176E-01  1.20291464E-01  1.05384411E-03
2.78314147E-01  1.18649811E-01  1.03360228E-03
2.78605118E-01  1.17866971E-01  1.04310084E-03
2.78896090E-01  1.17676221E-01  1.05177425E-03
2.79187061E-01  1.18306361E-01  1.06881920E-03
2.79478033E-01  1.19680405E-01  1.01994595E-03
2.79769004E-01  1.17296763E-01  1.03589694E-03
2.80059975E-01  1.18597917E-01  1.02618174E-03
2.80350947E-01  1.18000776E-01  1.03127293E-03
2.80641918E-01  1.21359043E-01  1.04447547E-03
2.80932890E-01  1.19480774E-01  1.01915211E-03
2.81223861E-01  1.20578781E-01  1.03784155E-03
2.81514833E-01  1.18608244E-01  1.02214946E-03
2.81805804E-01  1.18726008E-01  1.01886899E-03
2.82096775E-01  1.19667962E-01  1.05942506E-03
2.82387747E-01  1.19714290E-01  1.04639796E-03
2.82678718E-01  1.19943485E-01  1.05647650E-03
2.82969690E-01  1.21810973E-01  1.06452883E-03
2.83260661E-01  1.21523306E-01  1.07801356E-03
2.83551632E-01  1.20487541E-01  1.09648146E-03
2.83842604E-01  1.21696822E-01  1.07167114E-03
2.84133575E-01  1.21846087E-01  1.10639189E-03
2.84424547E-01  1.21299505E-01  1.08828291E-03
2.84715518E-01  1.23591758E-01  1.07358047E-03
2.85006489E-01  1.23590305E-01  1.09065580E-03
2.85297461E-01  1.21920794E-01  1.07296882E-03
2.85588432E-01  1.22524157E-01  1.10526581E-03
2.85879404E-01  1.22624144E-01  1.08527753E-03
2.86170375E-01  1.22913815E-01  1.10987376E-03
2.86461346E-01  1.23240568E-01  1.11046678E-03
2.86752318E-01  1.22748531E-01  1.08627754E-03
2.87043289E-01  1.23641282E-01  1.08550210E-03
2.87334261E-01  1.23376131E-01  1.09780824E-03
2.87625232E-01  1.23420350E-01  1.11478323E-03
2.87916203E-01  1.26664490E-01  1.12697575E-03
2.88207175E-01  1.24362245E-01  1.08657544E-03
2.88498146E-01  1.26456931E-01  1.11322000E-03
2.88789118E-01  1.26082435E-01  1.11553690E-03
2.89080089E-01  1.23999141E-01  1.12968311E-03
2.89371060E-01  1.26566052E-01  1.09913014E-03
2.89662032E-01  1.26682192E-01  1.10916654E-03
2.89953003E-01  1.25619963E-01  1.12326816E-03
2.90243975E-01  1.26679301E-01  1.10734976E-03
2.90534946E-01  1.27668783E-01  1.09232054E-03
2.90825917E-01  1.26053974E-01  1.12586818E-03
2.91116889E-01  1.26746520E-01  1.15679577E-03
2.91407860E-01  1.26720220E-01  1.13924744E-03
2.91698832E-01  1.25904500E-01  1.10267883E-03
2.91989803E-01  1.26148984E-01  1.11140136E-03
2.92280774E-01  1.27261177E-01  1.09811057E-03
2.92571746E-01  1.24456652E-01  1.07470201E-03
2.92862717E-01  1.27040386E-01  1.07943045E-03
2.93153689E-01  1.27026781E-01  1.07408338E-03
2.93444660E-01  1.25982612E-01  1.10103760E-03
2.93735631E-01  1.26358420E-01  1.11066399E-03
2.94026603E-01  1.25030547E-01  1.13450096E-03
2.94317574E-01  1.26749188E-01  1.11575925E-03
2.94608546E-01  1.25524774E-01  1.09613431E-03
2.94899517E-01  1.26297966E-01  1.10170490E-03
2.95190488E-01  1.26864046E-01  1.12677983E-03
2.95481460E-01  1.26938224E-01  1.12470204E-03
2.95772431E-01  1.28805071E-01  1.14554469E-03
2.96063403E-01  1.27850249E-01  1.12840219E-03
2.96354374E-01  1.26257554E-01  1.11434935E-03
2.96645345E-01  1.26931116E-01  1.13616267E-03
2.96936317E-01  1.26947790E-01  1.11874647E-03
2.97227288E-01  1.27322927E-01  1.09943876E-03
2.97518260E-01  1.26489088E-01  1.12167955E-03
2.97809231E-01  1.25895470E-01  1.11364899E-03
2.98100202E-01  1.26704901E-01  1.12245767E-03
2.98391174E-01  1.27223119E-01  1.14826893E-03
2.98682145E-01  1.27439618E-01  1.12752290E-03
2.98973117E-01  1.26012772E-01  1.12504105E-03
2.99264088E-01  1.25653118E-01  1.09247095E-03
2.99555059E-01  1.28147870E-01  1.17251696E-03
2.99846031E-01  1.28253654E-01  1.11750118E-03
3.00137002E-01  1.25240311E-01  1.13183353E-03
3.00427974E-01  1.27391934E-01  1.11438450E-03
3.00718945E-01  1.26345247E-01  1.12782198E-03
3.01009917E-01  1.27364859E-01  1.12101820E-03
3.01300888E-01  1.26264632E-01  1.12239271E-03
3.01591859E-01  1.26220226E-01  1.12433918E-03
3.01882831E-01  1.28227159E-01  1.14346063E-03
3.02173802E-01  1.28760844E-01  1.10962067E-03
3.02464774E-01  1.25269905E-01  1.12737285E-03
3.02755745E-01  1.25075281E-01  1.12143054E-03
3.03046716E-01  1.26813918E-01  1.09528878E-03
3.03337688E-01  1.25398472E-01  1.13731227E-03
3.03628659E-01  1.24995798E-01  1.13304670E-03
3.03919631E-01  1.24093264E-01  1.09545339E-03
3.04210602E-01  1.27192080E-01  1.14911434E-03
3.04501573E-01  1.27011046E-01  1.12691103E-03
3.04792545E-01  1.26535222E-01  1.11481140E-03
3.05083516E-01  1.26867130E-01  1.11386005E-03
3.05374488E-01  1.27428919E-01  1.11323793E-03
3.05665459E-01  1.25754967E-01  1.08127471E-03
3.05956430E-01  1.26534551E-01  1.12210528E-03
3.06247402E-01  1.25141487E-01  1.11641432E-03
3.06538373E-01  1.25229046E-01  1.08488009E-03
3.06829345E-01  1.24505013E-01  1.10744499E-03
3.07120316E-01  1.25901729E-01  1.15176174E-03
3.07411287E-01  1.26200750E-01  1.13120326E-03
3.07702259E-01  1.26896784E-01  1.13631203E-03
3.07993230E-01  1.25438064E-01  1.11631048E-03
3.08284202E-01  1.25774145E-01  1.09724817E-03
3.08575173E-01  1.24970593E-01  1.09133683E-03
3.08866144E-01  1.24567814E-01  1.11713517E-03
3.09157116E-01  1.23881184E-01  1.09063531E-03
3.09448087E-01  1.24384709E-01  1.11815718E-03
3.09739059E-01  1.21710442E-01  1.09643536E-03
3.10030030E-01  1.21791795E-01  1.10154063E-03
3.10321001E-01  1.19705148E-01  1.07076240E-03
3.10611973E-01  1.23876676E-01  1.09546003E-03
3.10902944E-01  1.22643754E-01  1.08410150E-03
3.11193916E-01  1.21837124E-01  1.11294724E-03
3.11484887E-01  1.21943943E-01  1.09217595E-03
3.11775858E-01  1.22970223E-01  1.13204657E-03
3.12066830E-01  1.25796989E-01  1.12981803E-03
3.12357801E-01  1.24184310E-01  1.14656193E-03
3.12648773E-01  1.22312389E-01  1.14286761E-03
3.12939744E-01  1.23022042E-01  1.14735262E-03
3.13230715E-01  1.21180892E-01  1.12253905E-03
3.13521687E-01  1.21727884E-01  1.11291278E-03
3.13812658E-01  1.22157499E-01  1.16334343E-03
3.14103630E-01  1.22165062E-01  1.13557873E-03
3.14394601E-01  1.22588366E-01  1.13970984E-03
3.14685572E-01  1.20070510E-01  1.14320964E-03
3.14976544E-01  1.20688774E-01  1.15537120E-03
3.15267515E-01  1.21351980E-01  1.14686962E-03
3.15558487E-01  1.19700655E-01  1.13545998E-03
3.15849458E-01  1.19291700E-01  1.13700121E-03
3.16140429E-01  1.19991943E-01  1.12260820E-03
3.16431401E-01  1.22705378E-01  1.17793016E-03
3.16722372E-01  1.20310023E-01  1.14740606E-03
3.17013344E-01  1.20736644E-01  1.13367231E-03
3.17304315E-01  1.22122288E-01  1.14533782E-03
3.17595286E-01  1.20112114E-01  1.15733291E-03
3.17886258E-01  1.20363526E-01  1.16772868E-03
3.18177229E-01  1.21174723E-01  1.16124074E-03
3.18468201E-01  1.18399449E-01  1.14997255E-03
3.18759172E-01  1.20571069E-01  1.13987527E-03
3.19050144E-01  1.19987659E-01  1.13702239E-03
3.19341115E-01  1.18913390E-01  1.14779756E-03
3.19632086E-01  1.18646145E-01  1.16166729E-03
3.19923058E-01  1.20028257E-01  1.13313436E-03
3.20214029E-01  1.19235627E-01  1.18395803E-03
3.20505001E-01  1.18271552E-01  1.12021610E-03
3.20795972E-01  1.18696049E-01  1.18393963E-03
3.21086943E-01  1.20906770E-01  1.19039929E-03
3.21377915E-01  1.19907312E-01  1.14841259E-03
3.21668886E-01  1.17714845E-01  1.14187156E-03
3.21959858E-01  1.17987677E-01  1.15433475E-03
3.22250829E-01  1.17524587E-01  1.15994771E-03
3.22541800E-01  1.17632493E-01  1.13505509E-03
3.22832772E-01  1.17888421E-01  1.13598956E-03
3.23123743E-01  1.18074633E-01  1.14919059E-03
3.23414715E-01  1.19389452E-01  1.14548055E-03
3.23705686E-01  1.19819850E-01  1.20869617E-03
3.23996657E-01  1.17808737E-01  1.14190893E-03
3.24287629E-01  1.19205564E-01  1.14800921E-03
3.24578600E-01  1.18744716E-01  1.17256935E-03
3.24869572E-01  1.19084828E-01  1.16832298E-03
3.25160543E-01  1.18605860E-01  1.19903090E-03
3.25451514E-01  1.15949266E-01  1.15089701E-03
3.25742486E-01  1.17761545E-01  1.17698708E-03
3.26033457E-01  1.17755502E-01  1.15071656E-03
3.26324429E-01  1.18322000E-01  1.16411375E-03
3.26615400E-01  1.18302949E-01  1.14871538E-03
3.26906371E-01  1.17455125E-01  1.13228906E-03
3.27197343E-01  1.19342752E-01  1.13635743E-03
3.27488314E-01  1.17423356E-01  1.16578245E-03
3.27779286E-01  1.17060982E-01  1.11738243E-03
3.28070257E-01  1.16650626E-01  1.14242791E-03
3.28361228E-01  1.18010476E-01  1.14974217E-03
3.28652200E-01  1.18649431E-01  1.15619623E-03
3.28943171E-01  1.20616540E-01  1.17504830E-03
3.29234143E-01  1.18422925E-01  1.16628001E-03
3.29525114E-01  1.16105057E-01  1.16113934E-03
3.29816085E-01  1.17099054E-01  1.20115257E-03
3.30107057E-01  1.17397517E-01  1.18421204E-03
3.30398028E-01  1.17805414E-01  1.14985951E-03
3.30689000E-01  1.14647783E-01  1.14434352E-03
3.30979971E-01  1.17034085E-01  1.13512191E-03
3.31270942E-01  1.16857253E-01  1.16948539E-03
3.31561914E-01  1.16533943E-01  1.19266985E-03
3.31852885E-01  1.16086386E-01  1.17719057E-03
3.32143857E-01  1.17451914E-01  1.14297797E-03
3.32434828E-01  1.15770571E-01  1.17356377E-03
3.32725799E-01  1.16501458E-01  1.18841825E-03
3.33016771E-01  1.16226777E-01  1.12652942E-03
3.33307742E-01  1.16645582E-01  1.18021539E-03
3.33598714E-01  1.14150777E-01  1.18550344E-03
3.33889685E-01  1.15533523E-01  1.17103546E-03
3.34180656E-01  1.16139889E-01  1.17981620E-03
3.34471628E-01  1.14646353E-01  1.15948520E-03
3.34762599E-01  1.15364082E-01  1.16356474E-03
3.35053571E-01  1.15855061E-01  1.16809586E-03
3.35344542E-01  1.16299726E-01  1.16323552E-03
3.35635513E-01  1.16355486E-01  1.13758747E-03
3.35926485E-01  1.15319282E-01  1.13850611E-03
3.36217456E-01  1.13447845E-01  1.17529894E-03
3.36508428E-01  1.16112716E-01  1.13340828E-03
3.36799399E-01  1.14535369E-01  1.11828162E-03
3.37090370E-01  1.15812875E-01  1.14536996E-03
3.37381342E-01  1.15707904E-01  1.12602406E-03
3.37672313E-01  1.14133336E-01  1.15326419E-03
3.37963285E-01  1.13941014E-01  1.15522405E-03
3.38254256E-01  1.15098849E-01  1.16562215E-03
3.38545228E-01  1.15267470E-01  1.17363967E-03
3.38836199E-01  1.12875007E-01  1.13180082E-03
3.39127170E-01  1.15971461E-01  1.17246772E-03
3.39418142E-01  1.14904061E-01  1.15579809E-03
3.39709113E-01  1.15745582E-01  1.13440421E-03
3.40000085E-01  1.15313113E-01  1.17723900E-03
3.40291056E-01  1.15646876E-01  1.11278996E-03
3.40582027E-01  1.13476373E-01  1.14722969E-03
3.40872999E-01  1.16585247E-01  1.13891950E-03
3.41163970E-01  1.14021614E-01  1.15238153E-03
3.41454942E-01  1.14173517E-01  1.18709297E-03
3.41745913E-01  1.16004087E-01  1.16982765E-03
3.42036884E-01  1.14472479E-01  1.15803967E-03
3.42327856E-01  1.14746355E-01  1.13385578E-03
3.42618827E-01  1.13850661E-01  1.13791192E-03
3.42909799E-01  1.17572963E-01  1.14696892E-03
3.43200770E-01  1.15507282E-01  1.16294366E-03
3.43491741E-01  1.15650937E-01  1.21622242E-03
3.43782713E-01  1.14607058E-01  1.14159903E-03
3.44073684E-01  1.16070166E-01  1.16547022E-03
3.44364656E-01  1.13900140E-01  1.16190698E-03
3.44655627E-01  1.14308350E-01  1.16431643E-03
3.44946598E-01  1.15197860E-01  1.16565684E-03
3.45237570E-01  1.15124978E-01  1.17006688E-03
3.45528541E-01  1.15932152E-01  1.17174268E-03
3.45819513E-01  1.13843299E-01  1.16145879E-03
3.46110484E-01  1.15865409E-01  1.16579956E-03
3.46401455E-01  1.14674419E-01  1.16912636E-03
3.46692427E-01  1.17966793E-01  1.17091252E-03
3.46983398E-01  1.13963082E-01  1.14280591E-03
3.47274370E-01  1.15225382E-01  1.19608932E-03
3.47565341E-01  1.16949081E-01  1.16705976E-03
3.47856312E-01  1.15919814E-01  1.18192541E-03
3.48147284E-01  1.12639919E-01  1.15792558E-03
3.48438255E-01  1.14441343E-01  1.15162414E-03
3.48729227E-01  1.13333173E-01  1.16216112E-03
3.49020198E-01  1.12177931E-01  1.16554205E-03
3.49311169E-01  1.12093844E-01  1.12189027E-03
3.49602141E-01  1.14670768E-01  1.17729825E-03
3.49893112E-01  1.13834538E-01  1.12604769E-03
3.50184084E-01  1.13532417E-01  1.12792838E-03
3.50475055E-01  1.15799703E-01  1.16638688E-03
3.50766026E-01  1.15240574E-01  1.11741724E-03
3.51056998E-01  1.13607235E-01  1.14460988E-03
3.51347969E-01  1.15218788E-01  1.17503793E-03
3.51638941E-01  1.15405992E-01  1.15564838E-03
3.51929912E-01  1.12645999E-01  1.14848767E-03
3.52220883E-01  1.13704607E-01  1.14694808E-03
3.52511855E-01  1.15128443E-01  1.17658824E-03
3.52802826E-01  1.14432134E-01  1.15518633E-03
3.53093798E-01  1.13521047E-01  1.19038532E-03
3.53384769E-01  1.13062613E-01  1.17692200E-03
3.53675740E-01  1.13545455E-01  1.17268122E-03
3.53966712E-01  1.12699367E-01  1.17040437E-03
3.54257683E-01  1.14234373E-01  1.16548163E-03
3.54548655E-01  1.15066923E-01  1.19478803E-03
3.54839626E-01  1.14942752E-01  1.15672336E-03
3.55130597E-01  1.12701192E-01  1.14978384E-03
3.55421569E-01  1.14349879E-01  1.14887115E-03
3.55712540E-01  1.14377297E-01  1.14890526E-03
3.56003512E-01  1.11619800E-01  1.16748060E-03
3.56294483E-01  1.15285136E-01  1.19819865E-03
3.56585455E-01  1.15818627E-01  1.21730135E-03
3.56876426E-01  1.13971226E-01  1.18961604E-03
3.57167397E-01  1.14329211E-01  1.15721044E-03
3.57458369E-01  1.11868516E-01  1.16850319E-03
3.57749340E-01  1.14482805E-01  1.17755786E-03
3.58040312E-01  1.13656022E-01  1.17605145E-03
3.58331283E-01  1.13810301E-01  1.18268142E-03
3.58622254E-01  1.14553384E-01  1.20716705E-03
3.58913226E-01  1.14398308E-01  1.19033200E-03
3.59204197E-01  1.15420967E-01  1.16199360E-03
3.59495169E-01  1.14414886E-01  1.19112618E-03
3.59786140E-01  1.16073079E-01  1.18297921E-03
3.60077111E-01  1.14111774E-01  1.16715510E-03
3.60368083E-01  1.13695391E-01  1.18220341E-03
3.60659054E-01  1.14693396E-01  1.14832842E-03
3.60950026E-01  1.15219794E-01  1.19610340E-03
3.61240997E-01  1.12184420E-01  1.17312616E-03
3.61531968E-01  1.12119846E-01  1.16877991E-03
3.61822940E-01  1.15495756E-01  1.17846124E-03
3.62113911E-01  1.16442591E-01  1.17914518E-03
3.62404883E-01  1.15128309E-01  1.19313574E-03
3.62695854E-01  1.13616690E-01  1.14486052E-03
3.62986825E-01  1.13550648E-01  1.13233703E-03
3.63277797E-01  1.11212172E-01  1.16330967E-03
3.63568768E-01  1.13835931E-01  1.17913494E-03
3.63859740E-01  1.13350891E-01  1.14428240E-03
3.64150711E-01  1.13929480E-01  1.18106208E-03
3.64441682E-01  1.12976000E-01  1.17246236E-03
3.64732654E-01  1.15642123E-01  1.16376858E-03
3.65023625E-01  1.13441534E-01  1.14711409E-03
3.65314597E-01  1.14669330E-01  1.18557818E-03
3.65605568E-01  1.14514068E-01  1.16203655E-03
3.65896539E-01  1.14333563E-01  1.17440056E-03
3.66187511E-01  1.15843929E-01  1.17178319E-03
3.66478482E-01  1.14445455E-01  1.14645215E-03
3.66769454E-01  1.12764373E-01  1.15318189E-03
3.67060425E-01  1.13671824E-01  1.16241665E-03
3.67351396E-01  1.13848023E-01  1.18962803E-03
3.67642368E-01  1.14855528E-01  1.16430002E-03
3.67933339E-01  1.13225967E-01  1.18783186E-03
3.68224311E-01  1.11713484E-01  1.17054104E-03
3.68515282E-01  1.13719702E-01  1.17164350E-03
3.68806253E-01  1.14789486E-01  1.15299958E-03
3.69097225E-01  1.12876005E-01  1.15485350E-03
3.69388196E-01  1.13190979E-01  1.14656903E-03
3.69679168E-01  1.11130804E-01  1.15815690E-03
3.69970139E-01  1.13034964E-01  1.17839407E-03
3.70261110E-01  1.14541568E-01  1.16717815E-03
3.70552082E-01  1.14581697E-01  1.17085490E-03
3.70843053E-01  1.14344291E-01  1.17312337E-03
3.71134025E-01  1.13920309E-01  1.13225891E-03
3.71424996E-01  1.14192531E-01  1.18579459E-03
3.71715967E-01  1.15169957E-01  1.16732391E-03
3.72006939E-01  1.13051511E-01  1.16161758E-03
3.72297910E-01  1.12904906E-01  1.15572230E-03
3.72588882E-01  1.15060933E-01  1.15273602E-03
3.72879853E-01  1.11942731E-01  1.17178273E-03
3.73170824E-01  1.11621536E-01  1.13745953E-03
3.73461796E-01  1.15819953E-01  1.17436924E-03
3.73752767E-01  1.12709366E-01  1.18633034E-03
3.74043739E-01  1.13946967E-01  1.16161502E-03
3.74334710E-01  1.13553382E-01  1.17931946E-03
3.74625681E-01  1.14394724E-01  1.16649899E-03
3.74916653E-01  1.11340277E-01  1.18062319E-03
3.75207624E-01  1.12921216E-01  1.17355562E-03
3.75498596E-01  1.14225134E-01  1.16583554E-03
3.75789567E-01  1.11678839E-01  1.20067317E-03
3.76080539E-01  1.11845374E-01  1.18094450E-03
3.76371510E-01  1.11518860E-01  1.17883249E-03
3.76662481E-01  1.12028480E-01  1.18828518E-03
3.76953453E-01  1.14139006E-01  1.18335756E-03
3.77244424E-01  1.11348294E-01  1.16611866E-03
3.77535396E-01  1.14118136E-01  1.19001302E-03
3.77826367E-01  1.13080621E-01  1.16155157E-03
3.78117338E-01  1.12877220E-01  1.18274812E-03
3.78408310E-01  1.13486089E-01  1.16705697E-03
3.78699281E-01  1.14964873E-01  1.16251688E-03
3.78990253E-01  1.12253509E-01  1.15599087E-03
3.79281224E-01  1.13496050E-01  1.19560200E-03
3.79572195E-01  1.13169707E-01  1.16315868E-03
3.79863167E-01  1.13409221E-01  1.20045128E-03
3.80154138E-01  1.13731593E-01  1.16874138E-03
3.80445110E-01  1.14304855E-01  1.20162719E-03
3.80736081E-01  1.13396794E-01  1.20972143E-03
3.81027052E-01  1.12676747E-01  1.11621374E-03
3.81318024E-01  1.14697888E-01  1.16211525E-03
3.81608995E-01  1.14425905E-01  1.18744082E-03
3.81899967E-01  1.15177482E-01  1.18593348E-03
3.82190938E-01  1.11736596E-01  1.15882081E-03
3.82481909E-01  1.14616834E-01  1.15388585E-03
3.82772881E-01  1.11216843E-01  1.17610372E-03
3.83063852E-01  1.14567503E-01  1.19070185E-03
3.83354824E-01  1.13950327E-01  1.17376714E-03
3.83645795E-01  1.12273775E-01  1.16998563E-03
3.83936766E-01  1.12739071E-01  1.16313866E-03
3.84227738E-01  1.12851419E-01  1.15468365E-03
3.84518709E-01  1.12569794E-01  1.16693624E-03
3.84809681E-01  1.14543751E-01  1.22413749E-03
3.85100652E-01  1.13223344E-01  1.16417999E-03
3.85391623E-01  1.14671327E-01  1.20329892E-03
3.85682595E-01  1.16202995E-01  1.20571465E-03
3.85973566E-01  1.13657378E-01  1.20804843E-03
3.86264538E-01  1.14253730E-01  1.19621807E-03
3.86555509E-01  1.13014303E-01  1.17436051E-03
3.86846480E-01  1.14770196E-01  1.21111225E-03
3.87137452E-01  1.13426156E-01  1.15274871E-03
3.87428423E-01  1.14896074E-01  1.17351394E-03
3.87719395E-01  1.15173332E-01  1.21007604E-03
3.88010366E-01  1.13389224E-01  1.17795006E-03
3.88301337E-01  1.14599526E-01  1.17794832E-03
3.88592309E-01  1.13061428E-01  1.17579917E-03
3.88883280E-01  1.13767281E-01  1.18426979E-03
3.89174252E-01  1.12670079E-01  1.22172514E-03
3.89465223E-01  1.14929348E-01  1.18206302E-03
3.89756194E-01  1.15018681E-01  1.15726993E-03
3.90047166E-01  1.12908952E-01  1.18357886E-03
3.90338137E-01  1.15081824E-01  1.20523816E-03
3.90629109E-01  1.12696014E-01  1.19664706E-03
3.90920080E-01  1.11796968E-01  1.18337444E-03
3.91211051E-01  1.10525005E-01  1.17657124E-03
3.91502023E-01  1.13200173E-01  1.18682638E-03
3.91792994E-01  1.12041764E-01  1.15068606E-03
3.92083966E-01  1.12773031E-01  1.19023025E-03
3.92374937E-01  1.12792261E-01  1.16303167E-03
3.92665908E-01  1.12101816E-01  1.19218556E-03
3.92956880E-01  1.13529354E-01  1.17746159E-03
3.93247851E-01  1.13546468E-01  1.17024838E-03
3.93538823E-01  1.11605391E-01  1.19095831E-03
3.93829794E-01  1.13094740E-01  1.18655444E-03
3.94120766E-01  1.12503380E-01  1.15609867E-03
3.94411737E-01  1.13627270E-01  1.17106852E-03
3.94702708E-01  1.14415132E-01  1.15398690E-03
3.94993680E-01  1.15222685E-01  1.19555986E-03
3.95284651E-01  1.14550084E-01  1.20784924E-03
3.95575623E-01  1.13787435E-01  1.17111963E-03
3.95866594E-01  1.14759289E-01  1.17819710E-03
3.96157565E-01  1.12903006E-01  1.16807653E-03
3.96448537E-01  1.11317754E-01  1.18253788E-03
3.96739508E-01  1.13039941E-01  1.16864918E-03
3.97030480E-01  1.13370344E-01  1.22306484E-03
3.97321451E-01  1.15241438E-01  1.19191443E-03
3.97612422E-01  1.13230988E-01  1.17289636E-03
3.97903394E-01  1.12741843E-01  1.22812891E-03
3.98194365E-01  1.13933980E-01  1.20901375E-03
3.98485337E-01  1.12028465E-01  1.16334623E-03
3.98776308E-01  1.11798629E-01  1.17468624E-03
3.99067279E-01  1.14648469E-01  1.16473832E-03
3.99358251E-01  1.14344567E-01  1.18164113E-03
3.99649222E-01  1.13417804E-01  1.17702875E-03
3.99940194E-01  1.12932995E-01  1.16939645E-03
4.00231165E-01  1.12966187E-01  1.21851033E-03
4.00522136E-01  1.14168078E-01  1.18982710E-03
4.00813108E-01  1.14401795E-01  1.23105687E-03
4.01104079E-01  1.12413183E-01  1.17191556E-03
4.01395051E-01  1.12281933E-01  1.19749608E-03
4.01686022E-01  1.14836954E-01  1.18930417E-03
4.01976993E-01  1.11042038E-01  1.17307424E-03
4.02267965E-01  1.11824192E-01  1.19046273E-03
4.02558936E-01  1.11595638E-01  1.17641513E-03
4.02849908E-01  1.13198563E-01  1.15257979E-03
4.03140879E-01  1.14706755E-01  1.19208754E-03
4.03431850E-01  1.13503851E-01  1.18979951E-03
4.03722822E-01  1.13779850E-01  1.20719604E-03
4.04013793E-01  1.12436175E-01  1.15689577E-03
4.04304765E-01  1.12607554E-01  1.15831266E-03
4.04595736E-01  1.13939255E-01  1.19184575E-03
4.04886707E-01  1.12958923E-01  1.17259286E-03
4.05177679E-01  1.12533510E-01  1.17234141E-03
4.05468650E-01  1.12037763E-01  1.17342535E-03
4.05759622E-01  1.10751078E-01  1.16663135E-03
4.06050593E-01  1.10802621E-01  1.13722915E-03
4.06341564E-01  1.10851482E-01  1.18274835E-03
4.06632536E-01  1.13547318E-01  1.18260738E-03
4.06923507E-01  1.12310149E-01  1.18935376E-03
4.07214479E-01  1.11781999E-01  1.18180551E-03
4.07505450E-01  1.10454969E-01  1.18193415E-03
4.07796421E-01  1.11814655E-01  1.19234109E-03
4.08087393E-01  1.11342110E-01  1.21131307E-03
4.08378364E-01  1.11140266E-01  1.15007500E-03
4.08669336E-01  1.09153986E-01  1.15820812E-03
4.08960307E-01  1.11697428E-01  1.17955019E-03
4.09251278E-01  1.11707792E-01  1.18253264E-03
4.09542250E-01  1.10736452E-01  1.18867517E-03
4.09833221E-01  1.10834405E-01  1.12094753E-03
4.10124193E-01  1.13097936E-01  1.17929536E-03
4.10415164E-01  1.13397554E-01  1.20941643E-03
4.10706135E-01  1.09426387E-01  1.15649740E-03
4.10997107E-01  1.09650634E-01  1.15791545E-03
4.11288078E-01  1.09614283E-01  1.15928228E-03
4.11579050E-01  1.11797370E-01  1.18292845E-03
4.11870021E-01  1.10310137E-01  1.15850952E-03
4.12160992E-01  1.11522794E-01  1.19079789E-03
4.12451964E-01  1.10177025E-01  1.12915609E-03
4.12742935E-01  1.10707387E-01  1.15146022E-03
4.13033907E-01  1.08991347E-01  1.17935636E-03
4.13324878E-01  1.08497076E-01  1.15363626E-03
4.13615850E-01  1.08188741E-01  1.13015808E-03
4.13906821E-01  1.09543756E-01  1.16855686E-03
4.14197792E-01  1.09708354E-01  1.19684590E-03
4.14488764E-01  1.10076562E-01  1.15649728E-03
4.14779735E-01  1.08909920E-01  1.13814312E-03
4.15070707E-01  1.09825291E-01  1.17844064E-03
4.15361678E-01  1.08896494E-01  1.15863886E-03
4.15652649E-01  1.08339921E-01  1.15940499E-03
4.15943621E-01  1.08300194E-01  1.14036794E-03
4.16234592E-01  1.07639492E-01  1.11834519E-03
4.16525564E-01  1.08652622E-01  1.15095801E-03
4.16816535E-01  1.08880818E-01  1.10073655E-03
4.17107506E-01  1.08333386E-01  1.14243233E-03
4.17398478E-01  1.08762667E-01  1.12362066E-03
4.17689449E-01  1.09148018E-01  1.17520068E-03
4.17980421E-01  1.08385876E-01  1.19143387E-03
4.18271392E-01  1.07168227E-01  1.14296575E-03
4.18562363E-01  1.08775310E-01  1.13972742E-03
4.18853335E-01  1.06949233E-01  1.09449832E-03
4.19144306E-01  1.08668618E-01  1.14822155E-03
4.19435278E-01  1.07592262E-01  1.16324541E-03
4.19726249E-01  1.09210104E-01  1.16145052E-03
4.20017220E-01  1.08097121E-01  1.16475206E-03
4.20308192E-01  1.09181851E-01  1.17368577E-03
4.20599163E-01  1.09470174E-01  1.15665596E-03
4.20890135E-01  1.07968390E-01  1.17432943E-03
4.21181106E-01  1.07422903E-01  1.15425349E-03
4.21472077E-01  1.06636845E-01  1.14094513E-03
4.21763049E-01  1.05160289E-01  1.12827844E-03
4.22054020E-01  1.07183598E-01  1.14767905E-03
4.22344992E-01  1.07254297E-01  1.14604621E-03
4.22635963E-01  1.04391567E-01  1.14049180E-03
4.22926934E-01  1.06108278E-01  1.16961380E-03
4.23217906E-01  1.05622448E-01  1.09782803E-03
4.23508877E-01  1.07712850E-01  1.14124501E-03
4.23799849E-01  1.07408196E-01  1.16557942E-03
4.24090820E-01  1.05609797E-01  1.14642933E-03
4.24381791E-01  1.05341367E-01  1.12907344E-03
4.24672763E-01  1.07644498E-01  1.14391907E-03
4.24963734E-01  1.07119143E-01  1.12774572E-03
4.25254706E-01  1.05357118E-01  1.11766323E-03
4.25545677E-01  1.04905024E-01  1.09033880E-03
4.25836648E-01  1.04601480E-01  1.11631374E-03
4.26127620E-01  1.03994220E-01  1.11330289E-03
4.26418591E-01  1.03940971E-01  1.10500155E-03
4.26709563E-01  1.03058472E-01  1.09686353E-03
4.27000534E-01  1.02343179E-01  1.11902994E-03
4.27291505E-01  1.01399057E-01  1.11766590E-03
4.27582477E-01  1.02194734E-01  1.12415524E-03
4.27873448E-01  1.03304431E-01  1.13430957E-03
4.28164420E-01  1.01661354E-01  1.10097649E-03
4.28455391E-01  1.02718249E-01  1.11375586E-03
4.28746362E-01  1.02658503E-01  1.13759306E-03
4.29037334E-01  1.01619817E-01  1.11734145E-03
4.29328305E-01  1.00615025E-01  1.07130699E-03
4.29619277E-01  1.02357343E-01  1.10510143E-03
4.29910248E-01  1.02159306E-01  1.14480359E-03
4.30201219E-01  1.01861864E-01  1.10860332E-03
4.30492191E-01  1.01023838E-01  1.10609131E-03
4.30783162E-01  1.01031333E-01  1.09087490E-03
4.31074134E-01  1.02949508E-01  1.13216229E-03
4.31365105E-01  9.99925956E-02  1.07273553E-03
4.31656077E-01  9.93300453E-02  1.06858590E-03
4.31947048E-01  1.00587666E-01  1.11865345E-03
4.32238019E-01  1.00518882E-01  1.07027171E-03
4.32528991E-01  1.01819858E-01  1.10266055E-03
4.32819962E-01  9.87329930E-02  1.06615806E-03
4.33110934E-01  9.95710045E-02  1.09501788E-03
4.33401905E-01  9.97494087E-02  1.07216684E-03
4.33692876E-01  1.00380518E-01  1.08990108E-03
4.33983848E-01  1.00432381E-01  1.10297883E-03
4.34274819E-01  9.92677584E-02  1.05735275E-03
4.34565791E-01  9.96550173E-02  1.11235981E-03
4.34856762E-01  9.93123502E-02  1.11102511E-03
4.35147733E-01  9.80774313E-02  1.09211740E-03
4.35438705E-01  9.70832333E-02  1.11538812E-03
4.35729676E-01  9.81590450E-02  1.09819218E-03
4.36020648E-01  9.91663858E-02  1.10390130E-03
4.36311619E-01  9.76281464E-02  1.08830316E-03
4.36602590E-01  9.93781686E-02  1.08435086E-03
4.36893562E-01  9.81520861E-02  1.08031812E-03
4.37184533E-01  9.70901847E-02  1.06023578E-03
4.37475505E-01  9.76304710E-02  1.09454989E-03
4.37766476E-01  9.90036950E-02  1.08451338E-03
4.38057447E-01  9.89261419E-02  1.09011296E-03
4.38348419E-01  9.76078585E-02  1.09485607E-03
4.38639390E-01  9.76905078E-02  1.07446488E-03
4.38930362E-01  9.96031165E-02  1.10262819E-03
4.39221333E-01  9.90999788E-02  1.12995459E-03
4.39512304E-01  9.73600447E-02  1.09857623E-03
4.39803276E-01  9.64596421E-02  1.08209462E-03
4.40094247E-01  9.74249914E-02  1.09822338E-03
4.40385219E-01  9.70796794E-02  1.09739916E-03
4.40676190E-01  9.67705324E-02  1.07172190E-03
4.40967161E-01  9.68802124E-02  1.07208162E-03
4.41258133E-01  9.79887173E-02  1.08638580E-03
4.41549104E-01  9.57074538E-02  1.08874904E-03
4.41840076E-01  9.66501981E-02  1.10628246E-03
4.42131047E-01  9.70003009E-02  1.11911958E-03
4.42422018E-01  9.68121514E-02  1.13287836E-03
4.42712990E-01  9.67925787E-02  1.13657804E-03
4.43003961E-01  9.83570963E-02  1.15939893E-03
4.43294933E-01  9.95729640E-02  1.20020821E-03
4.43585904E-01  9.68042761E-02  1.16370269E-03
4.43876875E-01  9.62219685E-02  1.14581804E-03
4.44167847E-01  9.56783518E-02  1.18774758E-03
4.44458818E-01  9.69550982E-02  1.20117899E-03
4.44749790E-01  9.78638083E-02  1.21370400E-03
4.45040761E-01  9.76254120E-02  1.21292635E-03
4.45331732E-01  9.69881937E-02  1.16132770E-03
4.45622704E-01  9.62446108E-02  1.22238218E-03
4.45913675E-01  9.53878835E-02  1.20844028E-03
4.46204647E-01  9.59513113E-02  1.18778320E-03
4.46495618E-01  9.57544446E-02  1.21117884E-03
4.46786589E-01  9.69476998E-02  1.22676475E-03
4.47077561E-01  9.64228511E-02  1.22780073E-03
4.47368532E-01  9.64201018E-02  1.22841657E-03
4.47659504E-01  9.61215869E-02  1.19884440E-03
4.47950475E-01  9.88332555E-02  1.26333255E-03
4.48241446E-01  9.70084965E-02  1.25411514E-03
4.48532418E-01  9.55215022E-02  1.23648369E-03
4.48823389E-01  9.74912569E-02  1.24932406E-03
4.49114361E-01  9.72411036E-02  1.23771792E-03
4.49405332E-01  9.49865058E-02  1.26462535E-03
4.49696303E-01  9.53803882E-02  1.28712121E-03
4.49987275E-01  9.53628719E-02  1.24322914E-03
4.50278246E-01  9.65367705E-02  1.23673922E-03
4.50569218E-01  9.56000313E-02  1.24058931E-03
4.50860189E-01  9.27700326E-02  1.26344035E-03
4.51151161E-01  9.80939269E-02  1.30162213E-03
4.51442132E-01  9.89670679E-02  1.27217965E-03
4.51733103E-01  9.42697823E-02  1.30495429E-03
4.52024075E-01  9.65656191E-02  1.30511145E-03
4.52315046E-01  9.53468159E-02  1.30207557E-03
4.52606018E-01  9.81529206E-02  1.22189079E-03
4.52896989E-01  9.33419243E-02  1.17148994E-03
4.53187960E-01  9.71644968E-02  1.23551989E-03
4.53478932E-01  9.61634442E-02  1.19467708E-03
4.53769903E-01  9.79621485E-02  1.22075086E-03
4.54060875E-01  9.74052325E-02  1.21799472E-03
4.54351846E-01  9.41198170E-02  1.19677896E-03
4.54642817E-01  9.57976952E-02  1.18890917E-03
4.54933789E-01  9.55503359E-02  1.20248692E-03
4.55224760E-01  9.45053846E-02  1.19082606E-03
4.55515732E-01  9.62234586E-02  1.19861844E-03
4.55806703E-01  9.68660414E-02  1.20960281E-03
4.56097674E-01  9.85793397E-02  1.23428961E-03
4.56388646E-01  9.84682888E-02  1.19355775E-03
4.56679617E-01  9.65916216E-02  1.18613744E-03
4.56970589E-01  9.50031877E-02  1.18348165E-03
4.57261560E-01  9.46178362E-02  1.17430603E-03
4.57552531E-01  9.82931852E-02  1.16323738E-03
4.57843503E-01  9.65407938E-02  1.16053515E-03
4.58134474E-01  9.64871719E-02  1.16911414E-03
4.58425446E-01  9.46454629E-02  1.13804103E-03
4.58716417E-01  9.67683941E-02  1.18059595E-03
4.59007388E-01  9.55730677E-02  1.16198417E-03
4.59298360E-01  9.42814425E-02  1.14941841E-03
4.59589331E-01  9.62350145E-02  1.15894014E-03
4.59880303E-01  9.78889167E-02  1.19273551E-03
4.60171274E-01  9.51220840E-02  1.17441360E-03
4.60462245E-01  9.63769183E-02  1.16675941E-03
4.60753217E-01  9.76511613E-02  1.20511034E-03
4.61044188E-01  9.59905535E-02  1.14941446E-03
4.61335160E-01  9.76150706E-02  1.15668727E-03
4.61626131E-01  9.66482013E-02  1.17325049E-03
4.61917102E-01  9.69789922E-02  1.17122603E-03
4.62208074E-01  9.57976282E-02  1.14961225E-03
4.62499045E-01  9.48199928E-02  1.13209232E-03
4.62790017E-01  9.58307907E-02  1.15278794E-03
4.63080988E-01  9.62353051E-02  1.14986149E-03
4.63371959E-01  9.83561128E-02  1.15926773E-03
4.63662931E-01  9.80813801E-02  1.13728934E-03
4.63953902E-01  9.57817435E-02  1.18001061E-03
4.64244874E-01  9.51525345E-02  1.16444519E-03
4.64535845E-01  9.41659063E-02  1.16633857E-03
4.64826816E-01  9.68953818E-02  1.14890945E-03
4.65117788E-01  9.60075259E-02  1.15601334E-03
4.65408759E-01  9.62961316E-02  1.14640710E-03
4.65699731E-01  9.58056822E-02  1.17203547E-03
4.65990702E-01  9.73526612E-02  1.13199209E-03
4.66281673E-01  9.64103192E-02  1.14168215E-03
4.66572645E-01  9.45692286E-02  1.12964725E-03
4.66863616E-01  9.73335579E-02  1.14896090E-03
4.67154588E-01  9.46755260E-02  1.14372198E-03
4.67445559E-01  9.55796540E-02  1.18280912E-03
4.67736530E-01  9.48873013E-02  1.13813742E-03
4.68027502E-01  9.78594720E-02  1.17426645E-03
4.68318473E-01  9.50096548E-02  1.11954717E-03
4.68609445E-01  9.68842581E-02  1.12856179E-03
4.68900416E-01  9.66502801E-02  1.15152774E-03
4.69191388E-01  9.90170240E-02  1.15708180E-03
4.69482359E-01  9.90791321E-02  1.15852454E-03
4.69773330E-01  9.59132761E-02  1.15044904E-03
4.70064302E-01  9.57277492E-02  1.13382167E-03
4.70355273E-01  9.80400518E-02  1.16748444E-03
4.70646245E-01  9.54665467E-02  1.15734583E-03
4.70937216E-01  9.68381315E-02  1.12349121E-03
4.71228187E-01  9.64047611E-02  1.14035176E-03
4.71519159E-01  9.68657508E-02  1.18320622E-03
4.71810130E-01  9.75813195E-02  1.16474158E-03
4.72101102E-01  9.71581191E-02  1.15463347E-03
4.72392073E-01  9.94061083E-02  1.18299993E-03
4.72683044E-01  9.54136625E-02  1.18709088E-03
4.72974016E-01  9.53158662E-02  1.16127194E-03
4.73264987E-01  9.32753012E-02  1.10618852E-03
4.73555959E-01  9.47326794E-02  1.13844860E-03
4.73846930E-01  9.60385650E-02  1.17112091E-03
4.74137901E-01  9.65551808E-02  1.13987864E-03
4.74428873E-01  9.45374444E-02  1.14445121E-03
4.74719844E-01  9.80051383E-02  1.13635394E-03
4.75010816E-01  9.51709896E-02  1.13684265E-03
4.75301787E-01  9.43756998E-02  1.14679860E-03
4.75592758E-01  9.69137773E-02  1.15957146E-03
4.75883730E-01  9.57009792E-02  1.18075474E-03
4.76174701E-01  9.54335853E-02  1.15559925E-03
4.76465673E-01  9.64574814E-02  1.11446774E-03
4.76756644E-01  9.60872546E-02  1.17573049E-03
4.77047615E-01  9.74423662E-02  1.15895330E-03
4.77338587E-01  9.62000787E-02  1.11544901E-03
4.77629558E-01  9.31206867E-02  1.10034971E-03
4.77920530E-01  9.44072902E-02  1.13878364E-03
4.78211501E-01  9.61732119E-02  1.16232596E-03
4.78502472E-01  9.45815668E-02  1.15030922E-03
4.78793444E-01  9.55479592E-02  1.13043829E-03
4.79084415E-01  9.71490815E-02  1.13362528E-03
4.79375387E-01  9.74310115E-02  1.15275010E-03
4.79666358E-01  9.76470411E-02  1.14846218E-03
4.79957329E-01  9.90934223E-02  1.13955559E-03
4.80248301E-01  9.61203277E-02  1.12427690E-03
4.80539272E-01  9.70294252E-02  1.15194835E-03
4.80830244E-01  9.59708542E-02  1.19274878E-03
4.81121215E-01  9.74646434E-02  1.16866431E-03
4.81412186E-01  9.63899344E-02  1.14734727E-03
4.81703158E-01  9.43998247E-02  1.16532203E-03
4.81994129E-01  9.82271731E-02  1.15731184E-03
4.82285101E-01  9.69178528E-02  1.15912990E-03
4.82576072E-01  9.65620875E-02  1.17533316E-03
4.82867043E-01  9.76535603E-02  1.14873087E-03
4.83158015E-01  9.76689905E-02  1.16911205E-03
4.83448986E-01  9.73825604E-02  1.14093220E-03
4.83739958E-01  9.45216417E-02  1.13648910E-03
4.84030929E-01  9.29785222E-02  1.12191541E-03
4.84321900E-01  9.50997025E-02  1.11117319E-03
4.84612872E-01  9.61025581E-02  1.13771204E-03
4.84903843E-01  9.79368612E-02  1.15731673E-03
4.85194815E-01  9.52286348E-02  1.13341666E-03
4.85485786E-01  9.47372690E-02  1.12050585E-03
4.85776757E-01  9.58353430E-02  1.18637935E-03
4.86067729E-01  9.59118232E-02  1.13117148E-03
4.86358700E-01  9.59787592E-02  1.11420464E-03
4.86649672E-01  9.50204134E-02  1.12219283E-03
4.86940643E-01  9.74872336E-02  1.15415768E-03
4.87231614E-01  9.64183137E-02  1.13248010E-03
4.87522586E-01  9.77639481E-02  1.10242760E-03
4.87813557E-01  9.87597406E-02  1.12249574E-03
4.88104529E-01  9.61424708E-02  1.14661478E-03
4.88395500E-01  9.72834900E-02  1.14265713E-03
4.88686472E-01  9.56590399E-02  1.14546879E-03
4.88977443E-01  9.40416381E-02  1.13480620E-03
4.89268414E-01  9.38946456E-02  1.16549002E-03
4.89559386E-01  9.58834216E-02  1.13569759E-03
4.89850357E-01  9.66725200E-02  1.16237951E-03
4.90141329E-01  9.67925340E-02  1.14599580E-03
4.90432300E-01  9.61396620E-02  1.11985940E-03
4.90723271E-01  9.64033157E-02  1.16032292E-03
4.91014243E-01  9.87135768E-02  1.17646076E-03
4.91305214E-01  9.68233347E-02  1.15229900E-03
4.91596186E-01  9.68899131E-02  1.12663372E-03
4.91887157E-01  9.79359969E-02  1.14729174E-03
4.92178128E-01  9.69536230E-02  1.16056215E-03
4.92469100E-01  9.52506140E-02  1.16889121E-03
4.92760071E-01  9.65774655E-02  1.14267890E-03
4.93051043E-01  9.47739407E-02  1.12476130E-03
4.93342014E-01  9.75107774E-02  1.13821973E-03
4.93632985E-01  9.50613692E-02  1.11106096E-03
4.93923957E-01  9.39993933E-02  1.12931919E-03
4.94214928E-01  9.35759917E-02  1.12832291E-03
4.94505900E-01  9.58922207E-02  1.10684521E-03
4.94796871E-01  9.67917144E-02  1.13511656E-03
4.95087842E-01  9.63495821E-02  1.14575122E-03
4.95378814E-01  9.42181796E-02  1.10522832E-03
4.95669785E-01  9.70178396E-02  1.16432214E-03
4.95960757E-01  9.89817902E-02  1.15124625E-03
4.96251728E-01  9.55096111E-02  1.13140477E-03
4.96542699E-01  9.70950052E-02  1.14116480E-03
4.96833671E-01  9.59904119E-02  1.13463309E-03
4.97124642E-01  9.69471261E-02  1.17344188E-03
4.97415614E-01  9.54436734E-02  1.14014349E-03
4.97706585E-01  9.77939069E-02  1.13332237E-03
4.97997556E-01  9.64019820E-02  1.12608226E-03
4.98288528E-01  9.74340066E-02  1.12721324E-03
4.98579499E-01  9.59347934E-02  1.12915551E-03
4.98870471E-01  9.49882194E-02  1.12254778E-03
4.99161442E-01  9.53987241E-02  1.14629278E-03
4.99452413E-01  9.38127413E-02  1.14149379E-03
4.99743385E-01  9.38683972E-02  1.13306218E-03
5.00034356E-01  9.80024412E-02  1.13776326E-03
5.00325328E-01  9.51946974E-02  1.16973801E-03
5.00616299E-01  9.49885026E-02  1.13244669E-03
5.00907270E-01  9.68639329E-02  1.10737432E-03
5.01198242E-01  9.54034850E-02  1.10760075E-03
5.01489213E-01  9.72923413E-02  1.15738367E-03
5.01780185E-01  9.54230055E-02  1.12969859E-03
5.02071156E-01  9.65062007E-02  1.15298165E-03
5.02362127E-01  9.69696864E-02  1.14492443E-03
5.02653099E-01  9.66972560E-02  1.15330738E-03
5.02944070E-01  9.71000046E-02  1.16889458E-03
5.03235042E-01  9.72834826E-02  1.17180415E-03
5.03526013E-01  9.35026631E-02  1.13479618E-03
5.03816984E-01  9.54992771E-02  1.15259958E-03
5.04107956E-01  9.44591016E-02  1.13080477E-03
5.04398927E-01  9.40472409E-02  1.14042882E-03
5.04689899E-01  9.74673927E-02  1.14060275E-03
5.04980870E-01  9.51669887E-02  1.12622313E-03
5.05271841E-01  9.43573490E-02  1.12461194E-03
5.05562813E-01  9.41838846E-02  1.11703598E-03
5.05853784E-01  9.81461555E-02  1.17420172E-03
5.06144756E-01  9.58530232E-02  1.16204703E-03
5.06435727E-01  9.84601304E-02  1.14729861E-03
5.06726699E-01  9.59631130E-02  1.12925924E-03
5.07017670E-01  9.54128429E-02  1.12144137E-03
5.07308641E-01  9.51579362E-02  1.11296156E-03
5.07599613E-01  9.72514823E-02  1.15393370E-03
5.07890584E-01  9.80911553E-02  1.14601816E-03
5.08181556E-01  9.84259695E-02  1.14492408E-03
5.08472527E-01  9.53965932E-02  1.18412753E-03
5.08763498E-01  9.56396535E-02  1.12599612E-03
5.09054470E-01  9.40016508E-02  1.12531486E-03
5.09345441E-01  9.48477760E-02  1.09541439E-03
5.09636413E-01  9.46531817E-02  1.12149550E-03
5.09927384E-01  9.23915729E-02  1.12029829E-03
5.10218355E-01  9.36581120E-02  1.11350324E-03
5.10509327E-01  9.70474854E-02  1.15723023E-03
5.10800298E-01  9.40520018E-02  1.12348632E-03
5.11091270E-01  9.49945152E-02  1.12227176E-03
5.11382241E-01  9.41422433E-02  1.12069433E-03
5.11673212E-01  9.57642347E-02  1.15504407E-03
5.11964184E-01  9.46306959E-02  1.14780397E-03
5.12255155E-01  9.68609750E-02  1.14395923E-03
5.12546127E-01  9.56513509E-02  1.10834325E-03
5.12837098E-01  9.67877135E-02  1.12468365E-03
5.13128069E-01  9.66549590E-02  1.13074412E-03
5.13419041E-01  9.53577533E-02  1.12434779E-03
5.13710012E-01  9.64079499E-02  1.13239302E-03
5.14000984E-01  9.60433334E-02  1.15098420E-03
5.14291955E-01  9.67091247E-02  1.12570589E-03
5.14582926E-01  9.58190784E-02  1.14977662E-03
5.14873898E-01  9.58466232E-02  1.10625778E-03
5.15164869E-01  9.48325172E-02  1.15782733E-03
5.15455841E-01  9.66341794E-02  1.11084012E-03
5.15746812E-01  9.80962366E-02  1.16083946E-03
5.16037783E-01  9.61566418E-02  1.12935551E-03
5.16328755E-01  9.65025499E-02  1.11874833E-03
5.16619726E-01  9.66371670E-02  1.13971683E-03
5.16910698E-01  9.78166312E-02  1.11805578E-03
5.17201669E-01  9.51307714E-02  1.13763905E-03
5.17492640E-01  9.60871279E-02  1.16482645E-03
5.17783612E-01  9.57063660E-02  1.11667905E-03
5.18074583E-01  9.60905626E-02  1.14491151E-03
5.18365555E-01  9.56844389E-02  1.13153784E-03
5.18656526E-01  9.71600413E-02  1.13868306E-03
5.18947497E-01  9.56038311E-02  1.14209473E-03
5.19238469E-01  9.48419720E-02  1.11023383E-03
5.19529440E-01  9.69582573E-02  1.16056262E-03
5.19820412E-01  9.59653705E-02  1.12575677E-03
5.20111383E-01  9.56087708E-02  1.09754992E-03
5.20402354E-01  9.35418978E-02  1.13146321E-03
5.20693326E-01  9.57553461E-02  1.10672577E-03
5.20984297E-01  9.41842198E-02  1.11387810E-03
5.21275269E-01  9.69039053E-02  1.12150621E-03
5.21566240E-01  9.74544287E-02  1.15473964E-03
5.21857211E-01  9.58759710E-02  1.14217750E-03
5.22148183E-01  9.61993113E-02  1.12675934E-03
5.22439154E-01  9.42956209E-02  1.11109286E-03
5.22730126E-01  9.79344919E-02  1.13123481E-03
5.23021097E-01  9.63668078E-02  1.13797758E-03
5.23312068E-01  9.55161676E-02  1.11527904E-03
5.23603040E-01  9.38979387E-02  1.12309121E-03
5.23894011E-01  9.71486568E-02  1.08236121E-03
5.24184983E-01  9.43358764E-02  1.13407022E-03
5.24475954E-01  9.64213908E-02  1.11005781E-03
5.24766925E-01  9.73203182E-02  1.15354010E-03
5.25057897E-01  9.51962918E-02  1.11310510E-03
5.25348868E-01  9.50461552E-02  1.12503511E-03
5.25639840E-01  9.43041667E-02  1.11855671E-03
5.25930811E-01  9.68985856E-02  1.14516530E-03
5.26221783E-01  9.49896052E-02  1.08631758E-03
5.26512754E-01  9.63592827E-02  1.13295822E-03
5.26803725E-01  9.62583572E-02  1.07909180E-03
5.27094697E-01  9.53827798E-02  1.10230595E-03
5.27385668E-01  9.65458676E-02  1.11859350E-03
5.27676640E-01  9.69510153E-02  1.14449754E-03
5.27967611E-01  9.38569307E-02  1.10141328E-03
5.28258582E-01  9.43696871E-02  1.10454380E-03
5.28549554E-01  9.53953043E-02  1.09923154E-03
5.28840525E-01  9.40565839E-02  1.14842982E-03
5.29131497E-01  9.61279795E-02  1.14038412E-03
5.29422468E-01  9.54338536E-02  1.14740350E-03
5.29713439E-01  9.38066393E-02  1.11512374E-03
5.30004411E-01  9.62079391E-02  1.11287751E-03


### HEADER:
#
#{
#    "analysis": {},
#    "calibration_params": {
#        "Beam_Center_X": 1065.0,
#        "Beam_Center_Y": 2064.0,
#        "Detector Tilt": 0.0,
#        "Detector Tilt Plane Rotation": 0.0,
#        "Detector_X_Pixel_Size": 75.0,
#        "Detector_Y_Pixel_Size": 75.0,
#        "Integration Method": "nosplit_csr",
#        "Radial_Average_Method": "pyFAI",
#        "Sample-to-detector distance (mm)": 1824.0,
#        "Wavelength (A)": 0.8848865554555589
#    },
#    "config_file": "/home/chess_id7a/.RAW/backup.cfg",
#    "counters": {
#        "Epoch": "112.529",
#        "I1": "0",
#        "I2": "0",
#        "I3": "0",
#        "Seconds": "1",
#        "Time": "2.5034e-05",
#        "date": "Fri Mar 15 19:53:54 2024",
#        "diode": "93127"
#    },
#    "filename": "DM0006_35C_080MPa_up_2_data_000001_00001.h5",
#    "history": {},
#    "imageHeader": {},
#    "load_path": "/nfs/chess/daq/current/id7a/Milshteyn_03_15_2024/DM0006/DM0006_35C_080MPa_up_2_data_000001.h5",
#    "normalizations": {
#        "Absolute_scale": {
#            "Absolute_scale_factor": 0.017092358101131556,
#            "Method": "Water"
#        },
#        "Counter_norms": [
#            [
#                "/",
#                "diode/150000"
#            ]
#        ],
#        "Polarization": {
#            "Used": false
#        },
#        "Solid_Angle_Correction": "On"
#    },
#    "raw_version": "2.2.1",
#    "unit": ""
#}

