### DATA:
#
# 1823
#      Q             I(Q)           Error     
8.75701299E-03  4.63674730E-03  1.54677022E-03
9.00368942E-03  3.86395701E-03  1.29344349E-03
9.25036584E-03  3.13293887E-03  1.05215353E-03
9.49704226E-03  2.89796898E-03  9.74255614E-04
9.74371868E-03  1.31725892E-02  1.88829144E-03
9.99039511E-03  4.63675242E-03  1.09373347E-03
1.02370715E-02  8.43046140E-03  1.38198095E-03
1.04837480E-02  1.14018554E-02  1.50485057E-03
1.07304244E-02  1.90030970E-02  2.45182030E-03
1.09771008E-02  1.63010992E-02  1.92400231E-03
1.12237772E-02  3.62246707E-02  3.12925037E-03
1.14704536E-02  3.26950960E-02  2.94145779E-03
1.17171301E-02  4.50796150E-02  3.84139875E-03
1.19638065E-02  6.02176823E-02  6.09103031E-03
1.22104829E-02  1.07924655E-01  9.13597085E-03
1.24571593E-02  1.01457491E+01  1.05956244E+00
1.27038358E-02  2.04372540E+01  1.97549832E+00
1.29505122E-02  2.43689384E+01  2.03131199E+00
1.31971886E-02  1.84447918E+01  1.47641528E+00
1.34438650E-02  1.67918968E+01  1.30637324E+00
1.36905414E-02  1.47820263E+01  1.10493362E+00
1.39372179E-02  1.15215521E+01  8.32534015E-01
1.41838943E-02  1.07916460E+01  7.52308428E-01
1.44305707E-02  8.57803440E+00  5.80756128E-01
1.46772471E-02  7.65867662E+00  4.98939008E-01
1.49239236E-02  7.07108736E+00  4.44556445E-01
1.51706000E-02  5.76833296E+00  3.69420618E-01
1.54172764E-02  5.74391174E+00  3.68278354E-01
1.56639528E-02  4.75356150E+00  2.88270712E-01
1.59106292E-02  4.71590471E+00  2.81562805E-01
1.61573057E-02  4.58262730E+00  2.63161093E-01
1.64039821E-02  3.65483093E+00  2.07014278E-01
1.66506585E-02  3.62967944E+00  1.97235852E-01
1.68973349E-02  2.90518999E+00  1.53665900E-01
1.71440114E-02  3.11419582E+00  1.61387980E-01
1.73906878E-02  2.64807057E+00  1.27834022E-01
1.76373642E-02  2.55796647E+00  1.28684059E-01
1.78840406E-02  2.36259937E+00  1.14974260E-01
1.81307170E-02  2.04365516E+00  9.89856347E-02
1.83773935E-02  2.13108134E+00  1.05403394E-01
1.86240699E-02  1.79218614E+00  8.92233923E-02
1.88707463E-02  1.74256623E+00  8.00070837E-02
1.91174227E-02  1.53651118E+00  7.07597658E-02
1.93640992E-02  1.31981516E+00  6.02940917E-02
1.96107756E-02  1.21014917E+00  5.42937852E-02
1.98574520E-02  1.18072188E+00  4.87161502E-02
2.01041284E-02  1.03816032E+00  4.38603871E-02
2.03508048E-02  9.47958887E-01  4.21753004E-02
2.05974813E-02  8.06052089E-01  3.20883282E-02
2.08441577E-02  7.35912204E-01  2.75163334E-02
2.10908341E-02  6.71573341E-01  2.55388226E-02
2.13375105E-02  6.44480944E-01  2.49521863E-02
2.15841870E-02  6.18396163E-01  2.18151174E-02
2.18308634E-02  5.51515579E-01  2.06768550E-02
2.20775398E-02  5.22713304E-01  1.80247948E-02
2.23242162E-02  5.03656447E-01  1.65732745E-02
2.25708926E-02  4.46939826E-01  1.50593407E-02
2.28175691E-02  4.39020157E-01  1.34934969E-02
2.30642455E-02  4.40113813E-01  1.30134970E-02
2.33109219E-02  4.15384203E-01  1.24634448E-02
2.35575983E-02  4.00056243E-01  1.03214895E-02
2.38042748E-02  3.72474402E-01  1.06901489E-02
2.40509512E-02  3.45398337E-01  8.61456431E-03
2.42976276E-02  3.21787477E-01  7.85644632E-03
2.45443040E-02  2.87147820E-01  7.35086529E-03
2.47909804E-02  2.81955034E-01  7.14182900E-03
2.50376569E-02  2.99514741E-01  6.65335730E-03
2.52843333E-02  2.67673701E-01  6.30629621E-03
2.55310097E-02  2.75201231E-01  5.77199459E-03
2.57776861E-02  2.51212835E-01  4.99295304E-03
2.60243626E-02  2.45697841E-01  5.08575467E-03
2.62710390E-02  2.46044338E-01  5.45730302E-03
2.65177154E-02  2.23582938E-01  4.45491495E-03
2.67643918E-02  2.12523833E-01  4.35562897E-03
2.70110682E-02  2.17966318E-01  4.22837725E-03
2.72577447E-02  2.07693994E-01  4.01915610E-03
2.75044211E-02  2.13024274E-01  4.02425928E-03
2.77510975E-02  2.06841886E-01  3.56165785E-03
2.79977739E-02  1.95587218E-01  3.11221322E-03
2.82444504E-02  1.92274123E-01  3.48761911E-03
2.84911268E-02  1.79745153E-01  3.02354340E-03
2.87378032E-02  1.80129841E-01  2.93019461E-03
2.89844796E-02  1.77293614E-01  2.63685151E-03
2.92311561E-02  1.62089035E-01  2.86116684E-03
2.94778325E-02  1.57511741E-01  2.61880388E-03
2.97245089E-02  1.62244171E-01  2.45403941E-03
2.99711853E-02  1.56741038E-01  2.44948873E-03
3.02178617E-02  1.45725235E-01  2.29673204E-03
3.04645382E-02  1.58162445E-01  2.50168843E-03
3.07112146E-02  1.52434573E-01  2.24860082E-03
3.09578910E-02  1.53368652E-01  2.20609293E-03
3.12045674E-02  1.46954596E-01  2.18009134E-03
3.14512439E-02  1.30735993E-01  2.10088328E-03
3.16979203E-02  1.48211837E-01  2.18063826E-03
3.19445967E-02  1.45116180E-01  2.00279872E-03
3.21912731E-02  1.43036723E-01  2.10077409E-03
3.24379495E-02  1.31935462E-01  1.83690991E-03
3.26846260E-02  1.30962744E-01  1.82237150E-03
3.29313024E-02  1.27973497E-01  1.97037519E-03
3.31779788E-02  1.27219304E-01  1.90526596E-03
3.34246552E-02  1.24825545E-01  1.88027427E-03
3.36713317E-02  1.08806148E-01  1.70016813E-03
3.39180081E-02  1.21112064E-01  1.82391470E-03
3.41646845E-02  1.21972717E-01  1.75601454E-03
3.44113609E-02  1.19827762E-01  1.85972312E-03
3.46580373E-02  1.19322464E-01  1.75685703E-03
3.49047138E-02  1.19231343E-01  1.77020580E-03
3.51513902E-02  1.15134902E-01  1.75594224E-03
3.53980666E-02  1.17093936E-01  1.69894879E-03
3.56447430E-02  1.18235834E-01  1.61900849E-03
3.58914195E-02  1.03434883E-01  1.59073132E-03
3.61380959E-02  1.13644727E-01  1.60823076E-03
3.63847723E-02  1.10046387E-01  1.55799487E-03
3.66314487E-02  1.05334230E-01  1.61930092E-03
3.68781251E-02  9.84804183E-02  1.56051887E-03
3.71248016E-02  1.01093382E-01  1.52436679E-03
3.73714780E-02  9.79914293E-02  1.41042890E-03
3.76181544E-02  1.12384669E-01  1.58822676E-03
3.78648308E-02  9.78643224E-02  1.52773864E-03
3.81115073E-02  1.04937762E-01  1.54043664E-03
3.83581837E-02  1.03940211E-01  1.43914123E-03
3.86048601E-02  1.06899895E-01  1.51135505E-03
3.88515365E-02  1.03927568E-01  1.56026985E-03
3.90982129E-02  1.07765198E-01  1.53515232E-03
3.93448894E-02  1.00505933E-01  1.60563970E-03
3.95915658E-02  9.50421318E-02  1.40904437E-03
3.98382422E-02  9.89195108E-02  1.48735382E-03
4.00849186E-02  1.01003751E-01  1.47082831E-03
4.03315951E-02  1.05323859E-01  1.52515294E-03
4.05782715E-02  9.73856449E-02  1.41093135E-03
4.08249479E-02  1.00493580E-01  1.49199553E-03
4.10716243E-02  9.58331972E-02  1.45922077E-03
4.13183007E-02  8.95963013E-02  1.37359719E-03
4.15649772E-02  9.86690968E-02  1.45421363E-03
4.18116536E-02  9.35171619E-02  1.36885745E-03
4.20583300E-02  9.56447199E-02  1.43834727E-03
4.23050064E-02  9.43518728E-02  1.33022084E-03
4.25516829E-02  9.32951942E-02  1.36369839E-03
4.27983593E-02  9.28751007E-02  1.34028809E-03
4.30450357E-02  1.01851150E-01  1.42726745E-03
4.32917121E-02  9.43840668E-02  1.28946919E-03
4.35383885E-02  9.38071683E-02  1.35868939E-03
4.37850650E-02  8.82465690E-02  1.31951796E-03
4.40317414E-02  9.31943357E-02  1.34847010E-03
4.42784178E-02  9.32073444E-02  1.33647560E-03
4.45250942E-02  9.06473622E-02  1.27495569E-03
4.47717707E-02  9.31311995E-02  1.32039923E-03
4.50184471E-02  9.49377939E-02  1.26993447E-03
4.52651235E-02  9.07550752E-02  1.24603754E-03
4.55117999E-02  8.94546658E-02  1.28680677E-03
4.57584764E-02  8.96477848E-02  1.28050102E-03
4.60051528E-02  8.66703838E-02  1.21169898E-03
4.62518292E-02  9.20665339E-02  1.27281866E-03
4.64985056E-02  9.03570428E-02  1.21555827E-03
4.67451820E-02  9.18780640E-02  1.31355750E-03
4.69918585E-02  8.74615386E-02  1.19906408E-03
4.72385349E-02  9.34523270E-02  1.32582162E-03
4.74852113E-02  9.74832103E-02  1.31246331E-03
4.77318877E-02  8.98837000E-02  1.32902246E-03
4.79785642E-02  8.60931799E-02  1.17911038E-03
4.82252406E-02  8.85986611E-02  1.19224784E-03
4.84719170E-02  8.74009430E-02  1.22760970E-03
4.87185934E-02  9.64255780E-02  1.36037101E-03
4.89652698E-02  8.92012194E-02  1.20252185E-03
4.92119463E-02  9.65835080E-02  1.30389747E-03
4.94586227E-02  9.33491439E-02  1.22964673E-03
4.97052991E-02  9.30443257E-02  1.26699067E-03
4.99519755E-02  9.04906020E-02  1.23004802E-03
5.01986520E-02  9.55954045E-02  1.29743142E-03
5.04453284E-02  8.95970538E-02  1.17514876E-03
5.06920048E-02  8.94289911E-02  1.23905309E-03
5.09386812E-02  8.81083906E-02  1.19814032E-03
5.11853576E-02  9.71763059E-02  1.24646781E-03
5.14320341E-02  9.48927850E-02  1.20393094E-03
5.16787105E-02  9.63883176E-02  1.25705102E-03
5.19253869E-02  9.07298848E-02  1.18021795E-03
5.21720633E-02  9.92017314E-02  1.24990323E-03
5.24187398E-02  9.30058733E-02  1.22009090E-03
5.26654162E-02  1.01846404E-01  1.25243503E-03
5.29120926E-02  1.02827691E-01  1.33456814E-03
5.31587690E-02  9.94110852E-02  1.23098807E-03
5.34054454E-02  9.74303633E-02  1.26598077E-03
5.36521219E-02  9.93916839E-02  1.28536473E-03
5.38987983E-02  9.78588089E-02  1.24086067E-03
5.41454747E-02  1.02336697E-01  1.27255789E-03
5.43921511E-02  1.07460894E-01  1.28092093E-03
5.46388276E-02  1.00713365E-01  1.20889035E-03
5.48855040E-02  1.07351631E-01  1.23802933E-03
5.51321804E-02  1.01355873E-01  1.33697130E-03
5.53788568E-02  1.00486107E-01  1.27172971E-03
5.56255332E-02  1.05668977E-01  1.30191981E-03
5.58722097E-02  1.06792599E-01  1.26445270E-03
5.61188861E-02  1.04900099E-01  1.27144158E-03
5.63655625E-02  1.12790726E-01  1.30373484E-03
5.66122389E-02  1.12699933E-01  1.24470529E-03
5.68589154E-02  1.02980323E-01  1.23191334E-03
5.71055918E-02  1.15524031E-01  1.30387058E-03
5.73522682E-02  1.16066791E-01  1.31186994E-03
5.75989446E-02  1.10077836E-01  1.30117964E-03
5.78456210E-02  1.14608072E-01  1.33519119E-03
5.80922975E-02  1.16323993E-01  1.30029244E-03
5.83389739E-02  1.16071053E-01  1.41389295E-03
5.85856503E-02  1.22572646E-01  1.34389661E-03
5.88323267E-02  1.25698388E-01  1.37113710E-03
5.90790032E-02  1.22370645E-01  1.37103593E-03
5.93256796E-02  1.33499369E-01  1.41419424E-03
5.95723560E-02  1.20637327E-01  1.35463267E-03
5.98190324E-02  1.28536448E-01  1.43079669E-03
6.00657088E-02  1.32014498E-01  1.40311441E-03
6.03123853E-02  1.28735140E-01  1.39257463E-03
6.05590617E-02  1.24246895E-01  1.35636411E-03
6.08057381E-02  1.40000552E-01  1.44797983E-03
6.10524145E-02  1.38080806E-01  1.45377405E-03
6.12990910E-02  1.45110652E-01  1.49293372E-03
6.15457674E-02  1.47080481E-01  1.48263294E-03
6.17924438E-02  1.51141092E-01  1.50328921E-03
6.20391202E-02  1.48955286E-01  1.43794285E-03
6.22857966E-02  1.52299926E-01  1.53723452E-03
6.25324731E-02  1.56244099E-01  1.48030650E-03
6.27791495E-02  1.61074072E-01  1.53468864E-03
6.30258259E-02  1.62924737E-01  1.60279486E-03
6.32725023E-02  1.67852834E-01  1.61249738E-03
6.35191788E-02  1.74089104E-01  1.59889553E-03
6.37658552E-02  1.71551362E-01  1.62666012E-03
6.40125316E-02  1.83139503E-01  1.71758293E-03
6.42592080E-02  1.91686273E-01  1.76732673E-03
6.45058845E-02  1.89677104E-01  1.74541329E-03
6.47525609E-02  1.98944911E-01  1.80071138E-03
6.49992373E-02  2.00972155E-01  1.78128981E-03
6.52459137E-02  2.18107909E-01  1.88633823E-03
6.54925901E-02  2.24606082E-01  1.95172243E-03
6.57392666E-02  2.23801821E-01  2.02243053E-03
6.59859430E-02  2.28891656E-01  2.09584157E-03
6.62326194E-02  2.47747704E-01  2.19730078E-03
6.64792958E-02  2.51661241E-01  2.25263275E-03
6.67259723E-02  2.81590253E-01  2.51657632E-03
6.69726487E-02  2.82768756E-01  2.63104262E-03
6.72193251E-02  3.09059888E-01  2.93783215E-03
6.74660015E-02  3.15899640E-01  2.96188239E-03
6.77126779E-02  3.36926490E-01  3.08196596E-03
6.79593544E-02  3.59874606E-01  3.67935188E-03
6.82060308E-02  4.01035875E-01  4.29806067E-03
6.84527072E-02  4.13203180E-01  4.46122466E-03
6.86993836E-02  4.70825016E-01  5.16866334E-03
6.89460601E-02  5.03159761E-01  5.83295710E-03
6.91927365E-02  5.57274342E-01  7.18374224E-03
6.94394129E-02  5.95342636E-01  7.61766266E-03
6.96860893E-02  6.89451396E-01  9.65061225E-03
6.99327657E-02  7.73186147E-01  1.10476948E-02
7.01794422E-02  8.71540368E-01  1.26395756E-02
7.04261186E-02  9.76763248E-01  1.46747427E-02
7.06727950E-02  1.09656703E+00  1.67313535E-02
7.09194714E-02  1.21062636E+00  1.89498309E-02
7.11661479E-02  1.36123431E+00  2.02110484E-02
7.14128243E-02  1.53101170E+00  2.24210043E-02
7.16595007E-02  1.70399451E+00  2.49084942E-02
7.19061771E-02  1.82567930E+00  2.53814571E-02
7.21528535E-02  2.01856971E+00  2.67191194E-02
7.23995300E-02  2.14580727E+00  2.73072161E-02
7.26462064E-02  2.36475658E+00  2.89566405E-02
7.28928828E-02  2.54940104E+00  2.97169704E-02
7.31395592E-02  2.58700156E+00  2.90018581E-02
7.33862357E-02  2.77147079E+00  2.98607964E-02
7.36329121E-02  2.84723043E+00  2.93185487E-02
7.38795885E-02  3.00252819E+00  2.99844351E-02
7.41262649E-02  3.13255048E+00  2.98671108E-02
7.43729413E-02  3.20566344E+00  2.86712740E-02
7.46196178E-02  3.35502291E+00  2.88066547E-02
7.48662942E-02  3.42386746E+00  2.79219318E-02
7.51129706E-02  3.58076334E+00  2.88023967E-02
7.53596470E-02  3.62602615E+00  2.74236165E-02
7.56063235E-02  3.80353379E+00  2.76153665E-02
7.58529999E-02  3.88358474E+00  2.76033487E-02
7.60996763E-02  4.06554937E+00  2.68549826E-02
7.63463527E-02  4.15675592E+00  2.72792466E-02
7.65930291E-02  4.33970737E+00  2.69671660E-02
7.68397056E-02  4.44080019E+00  2.75521968E-02
7.70863820E-02  4.59737730E+00  2.72640642E-02
7.73330584E-02  4.82217884E+00  2.76408643E-02
7.75797348E-02  4.96102476E+00  2.80444920E-02
7.78264113E-02  5.22092962E+00  2.89849024E-02
7.80730877E-02  5.35750294E+00  3.09453234E-02
7.83197641E-02  5.46610928E+00  3.34226936E-02
7.85664405E-02  5.75257158E+00  3.56009789E-02
7.88131169E-02  5.74953508E+00  3.85375284E-02
7.90597934E-02  5.83156204E+00  4.14171852E-02
7.93064698E-02  5.69930363E+00  4.26675603E-02
7.95531462E-02  5.49993706E+00  4.44708355E-02
7.97998226E-02  5.21892023E+00  4.24165204E-02
8.00464991E-02  4.85086393E+00  4.17964906E-02
8.02931755E-02  4.41143751E+00  3.76993828E-02
8.05398519E-02  3.96642375E+00  3.35087366E-02
8.07865283E-02  3.57469440E+00  2.99812350E-02
8.10332047E-02  3.17059946E+00  2.63468977E-02
8.12798812E-02  2.83814764E+00  2.34627649E-02
8.15265576E-02  2.52880168E+00  1.98224671E-02
8.17732340E-02  2.30753279E+00  1.83617156E-02
8.20199104E-02  2.10342073E+00  1.63828395E-02
8.22665869E-02  1.90336430E+00  1.47487717E-02
8.25132633E-02  1.72521400E+00  1.37511315E-02
8.27599397E-02  1.59174240E+00  1.25064673E-02
8.30066161E-02  1.46739292E+00  1.16812084E-02
8.32532926E-02  1.31747079E+00  1.03340000E-02
8.34999690E-02  1.18392932E+00  9.65575594E-03
8.37466454E-02  1.10969424E+00  8.85078590E-03
8.39933218E-02  9.94212270E-01  7.67788151E-03
8.42399982E-02  8.78161013E-01  6.94303215E-03
8.44866747E-02  7.96852350E-01  6.18458726E-03
8.47333511E-02  7.40285099E-01  5.84266847E-03
8.49800275E-02  6.43756449E-01  4.86701541E-03
8.52267039E-02  5.90461314E-01  4.40090336E-03
8.54733804E-02  5.22718430E-01  3.86444270E-03
8.57200568E-02  4.94894624E-01  3.49953678E-03
8.59667332E-02  4.54775870E-01  3.22256098E-03
8.62134096E-02  4.15200949E-01  2.76008900E-03
8.64600860E-02  3.96526009E-01  2.67706998E-03
8.67067625E-02  3.62500280E-01  2.42840918E-03
8.69534389E-02  3.42257291E-01  2.21021054E-03
8.72001153E-02  3.27335030E-01  2.09314073E-03
8.74467917E-02  3.19512904E-01  2.12285272E-03
8.76934682E-02  2.93702245E-01  1.92345190E-03
8.79401446E-02  2.90329516E-01  1.93203066E-03
8.81868210E-02  2.77009666E-01  1.84656121E-03
8.84334974E-02  2.69810438E-01  1.81588088E-03
8.86801738E-02  2.67642200E-01  1.79351715E-03
8.89268503E-02  2.51734465E-01  1.70980289E-03
8.91735267E-02  2.49553218E-01  1.70316931E-03
8.94202031E-02  2.36719444E-01  1.61618122E-03
8.96668795E-02  2.38684282E-01  1.60540675E-03
8.99135560E-02  2.33360916E-01  1.58049783E-03
9.01602324E-02  2.24382386E-01  1.57409185E-03
9.04069088E-02  2.32898057E-01  1.54557382E-03
9.06535852E-02  2.24704295E-01  1.54648314E-03
9.09002616E-02  2.21112207E-01  1.54661690E-03
9.11469381E-02  2.12432489E-01  1.46598672E-03
9.13936145E-02  2.09132507E-01  1.49959698E-03
9.16402909E-02  2.06264213E-01  1.50946109E-03
9.18869673E-02  2.05478713E-01  1.50149572E-03
9.21336438E-02  2.06851318E-01  1.46780454E-03
9.23803202E-02  2.06847101E-01  1.44349947E-03
9.26269966E-02  2.00358450E-01  1.46857521E-03
9.28736730E-02  1.98011056E-01  1.40815589E-03
9.31203494E-02  1.83646947E-01  1.37154874E-03
9.33670259E-02  1.98438421E-01  1.48014887E-03
9.36137023E-02  2.01023102E-01  1.44022354E-03
9.38603787E-02  1.95012614E-01  1.38547528E-03
9.41070551E-02  1.97097465E-01  1.35746424E-03
9.43537316E-02  1.94665983E-01  1.44588551E-03
9.46004080E-02  1.86434105E-01  1.35775143E-03
9.48470844E-02  1.86151788E-01  1.31616706E-03
9.50937608E-02  1.84713513E-01  1.40600186E-03
9.53404372E-02  1.78617269E-01  1.28471025E-03
9.55871137E-02  1.84259519E-01  1.36430759E-03
9.58337901E-02  1.89142033E-01  1.31038832E-03
9.60804665E-02  1.82234526E-01  1.36754219E-03
9.63271429E-02  1.85167208E-01  1.33544405E-03
9.65738194E-02  1.77552074E-01  1.33663369E-03
9.68204958E-02  1.83710262E-01  1.36730704E-03
9.70671722E-02  1.77632898E-01  1.31254678E-03
9.73138486E-02  1.82088941E-01  1.36390550E-03
9.75605250E-02  1.86439767E-01  1.32034800E-03
9.78072015E-02  1.75268754E-01  1.35122263E-03
9.80538779E-02  1.74584001E-01  1.27352087E-03
9.83005543E-02  1.74746618E-01  1.32916484E-03
9.85472307E-02  1.81062803E-01  1.29161589E-03
9.87939072E-02  1.73228934E-01  1.30061992E-03
9.90405836E-02  1.76783293E-01  1.32945413E-03
9.92872600E-02  1.79808632E-01  1.32287212E-03
9.95339364E-02  1.66744411E-01  1.25789770E-03
9.97806128E-02  1.80010140E-01  1.32311950E-03
1.00027289E-01  1.76517934E-01  1.32187572E-03
1.00273966E-01  1.78766295E-01  1.30671530E-03
1.00520642E-01  1.73086450E-01  1.34133722E-03
1.00767319E-01  1.73347265E-01  1.29100017E-03
1.01013995E-01  1.77534252E-01  1.31744659E-03
1.01260671E-01  1.72775909E-01  1.22262270E-03
1.01507348E-01  1.74161181E-01  1.27666933E-03
1.01754024E-01  1.76080048E-01  1.30241783E-03
1.02000701E-01  1.69335783E-01  1.24844769E-03
1.02247377E-01  1.75157785E-01  1.30132423E-03
1.02494053E-01  1.70776933E-01  1.22401188E-03
1.02740730E-01  1.74405605E-01  1.26225979E-03
1.02987406E-01  1.70526758E-01  1.28786510E-03
1.03234083E-01  1.65258437E-01  1.21922058E-03
1.03480759E-01  1.74002469E-01  1.23807671E-03
1.03727436E-01  1.79598272E-01  1.27186638E-03
1.03974112E-01  1.72736704E-01  1.24426303E-03
1.04220788E-01  1.71956092E-01  1.30004610E-03
1.04467465E-01  1.76881477E-01  1.28790154E-03
1.04714141E-01  1.76933676E-01  1.27006311E-03
1.04960818E-01  1.79385975E-01  1.28609105E-03
1.05207494E-01  1.82896137E-01  1.28676253E-03
1.05454171E-01  1.77815944E-01  1.25581096E-03
1.05700847E-01  1.77192524E-01  1.23140961E-03
1.05947523E-01  1.74404860E-01  1.24114787E-03
1.06194200E-01  1.71000600E-01  1.22400967E-03
1.06440876E-01  1.78823367E-01  1.27215649E-03
1.06687553E-01  1.77767769E-01  1.25909923E-03
1.06934229E-01  1.76947534E-01  1.27017638E-03
1.07180906E-01  1.80464953E-01  1.31298508E-03
1.07427582E-01  1.79841489E-01  1.26446015E-03
1.07674258E-01  1.79106385E-01  1.29153929E-03
1.07920935E-01  1.81755617E-01  1.28107471E-03
1.08167611E-01  1.75457790E-01  1.21581915E-03
1.08414288E-01  1.83286220E-01  1.24318327E-03
1.08660964E-01  1.88069075E-01  1.25360081E-03
1.08907640E-01  1.74812585E-01  1.25693751E-03
1.09154317E-01  1.74254283E-01  1.26690930E-03
1.09400993E-01  1.81605592E-01  1.33107032E-03
1.09647670E-01  1.73633814E-01  1.32430065E-03
1.09894346E-01  1.72282457E-01  1.28707872E-03
1.10141023E-01  1.83298096E-01  1.32287422E-03
1.10387699E-01  1.85640201E-01  1.31335435E-03
1.10634375E-01  1.88950360E-01  1.36725290E-03
1.10881052E-01  1.86988845E-01  1.33525906E-03
1.11127728E-01  1.86780557E-01  1.34039379E-03
1.11374405E-01  1.95723549E-01  1.38918415E-03
1.11621081E-01  1.79150343E-01  1.30619574E-03
1.11867758E-01  1.79724380E-01  1.32213777E-03
1.12114434E-01  1.86191410E-01  1.37176749E-03
1.12361110E-01  1.82534561E-01  1.31772016E-03
1.12607787E-01  1.90999299E-01  1.43920491E-03
1.12854463E-01  1.88717216E-01  1.42653834E-03
1.13101140E-01  1.86179370E-01  1.38870475E-03
1.13347816E-01  2.02195361E-01  1.45357905E-03
1.13594493E-01  1.92812964E-01  1.42314134E-03
1.13841169E-01  2.00440526E-01  1.40590244E-03
1.14087845E-01  2.01215535E-01  1.46634842E-03
1.14334522E-01  1.98116496E-01  1.43550057E-03
1.14581198E-01  2.03024015E-01  1.43104256E-03
1.14827875E-01  2.01514453E-01  1.42735220E-03
1.15074551E-01  2.01009691E-01  1.39599084E-03
1.15321227E-01  2.17435732E-01  1.49690919E-03
1.15567904E-01  2.11150974E-01  1.48920133E-03
1.15814580E-01  2.11014122E-01  1.45482016E-03
1.16061257E-01  2.14626461E-01  1.46672828E-03
1.16307933E-01  2.17670128E-01  1.50437537E-03
1.16554610E-01  2.18868479E-01  1.50583335E-03
1.16801286E-01  2.25099474E-01  1.58453535E-03
1.17047962E-01  2.22286031E-01  1.54304854E-03
1.17294639E-01  2.28495985E-01  1.57598977E-03
1.17541315E-01  2.28018939E-01  1.52859231E-03
1.17787992E-01  2.31436312E-01  1.58302113E-03
1.18034668E-01  2.37828821E-01  1.53608352E-03
1.18281345E-01  2.47393548E-01  1.53820438E-03
1.18528021E-01  2.40356818E-01  1.49664725E-03
1.18774697E-01  2.50426769E-01  1.60421804E-03
1.19021374E-01  2.44772807E-01  1.55312137E-03
1.19268050E-01  2.66249329E-01  1.65864814E-03
1.19514727E-01  2.63992816E-01  1.58725434E-03
1.19761403E-01  2.68354326E-01  1.58752443E-03
1.20008079E-01  2.71735877E-01  1.68927538E-03
1.20254756E-01  2.77095348E-01  1.65525160E-03
1.20501432E-01  2.92106301E-01  1.75667380E-03
1.20748109E-01  2.85822034E-01  1.66419649E-03
1.20994785E-01  2.96434820E-01  1.79072830E-03
1.21241462E-01  3.19726944E-01  1.78927637E-03
1.21488138E-01  3.24695855E-01  1.82572973E-03
1.21734814E-01  3.18972349E-01  1.87625620E-03
1.21981491E-01  3.35859567E-01  1.92851049E-03
1.22228167E-01  3.54619682E-01  1.98547705E-03
1.22474844E-01  3.67652535E-01  2.08207127E-03
1.22721520E-01  3.86739701E-01  2.21413281E-03
1.22968197E-01  3.89718682E-01  2.30109505E-03
1.23214873E-01  4.15263146E-01  2.35649850E-03
1.23461549E-01  4.35675055E-01  2.55921483E-03
1.23708226E-01  4.53307867E-01  2.68249866E-03
1.23954902E-01  4.78682995E-01  2.99100601E-03
1.24201579E-01  5.06839693E-01  3.06847389E-03
1.24448255E-01  5.30127227E-01  3.32038524E-03
1.24694932E-01  5.63206792E-01  3.44883674E-03
1.24941608E-01  5.95433950E-01  3.58998240E-03
1.25188284E-01  6.43641770E-01  3.97345889E-03
1.25434961E-01  6.66879117E-01  4.18060459E-03
1.25681637E-01  7.15385616E-01  4.26200544E-03
1.25928314E-01  7.48484790E-01  4.58225189E-03
1.26174990E-01  8.07398617E-01  4.70120134E-03
1.26421666E-01  8.47557664E-01  4.97042853E-03
1.26668343E-01  8.82896483E-01  5.09979250E-03
1.26915019E-01  9.32201564E-01  5.33282850E-03
1.27161696E-01  9.64199960E-01  5.17229317E-03
1.27408372E-01  1.02082705E+00  5.15867816E-03
1.27655049E-01  1.06739485E+00  5.38689457E-03
1.27901725E-01  1.10964215E+00  5.39350137E-03
1.28148401E-01  1.15947402E+00  5.30276867E-03
1.28395078E-01  1.20576012E+00  5.24082547E-03
1.28641754E-01  1.24049330E+00  5.03954664E-03
1.28888431E-01  1.25463736E+00  5.11250226E-03
1.29135107E-01  1.29894853E+00  4.90438985E-03
1.29381784E-01  1.32437718E+00  4.84913820E-03
1.29628460E-01  1.35709882E+00  4.80974093E-03
1.29875136E-01  1.38463604E+00  4.77384496E-03
1.30121813E-01  1.41957903E+00  4.76202974E-03
1.30368489E-01  1.45542789E+00  4.90879593E-03
1.30615166E-01  1.48552787E+00  4.92444774E-03
1.30861842E-01  1.51509368E+00  5.13562933E-03
1.31108518E-01  1.53383791E+00  5.20785199E-03
1.31355195E-01  1.54849601E+00  5.57243172E-03
1.31601871E-01  1.57885301E+00  5.76340221E-03
1.31848548E-01  1.58243322E+00  6.14974508E-03
1.32095224E-01  1.59244108E+00  6.43210765E-03
1.32341901E-01  1.60852206E+00  6.89015025E-03
1.32588577E-01  1.58082604E+00  7.09914230E-03
1.32835253E-01  1.58561552E+00  7.29855429E-03
1.33081930E-01  1.55089808E+00  7.60845700E-03
1.33328606E-01  1.52668035E+00  7.75025738E-03
1.33575283E-01  1.46422744E+00  7.64302537E-03
1.33821959E-01  1.43442452E+00  7.39144813E-03
1.34068636E-01  1.33664465E+00  7.22120050E-03
1.34315312E-01  1.28448892E+00  7.05750240E-03
1.34561988E-01  1.23137820E+00  6.70641428E-03
1.34808665E-01  1.17983723E+00  6.40668208E-03
1.35055341E-01  1.08599031E+00  5.88856498E-03
1.35302018E-01  1.04925132E+00  5.65954857E-03
1.35548694E-01  9.62679744E-01  5.05573209E-03
1.35795371E-01  9.09475625E-01  4.56785783E-03
1.36042047E-01  8.61450016E-01  4.21870314E-03
1.36288723E-01  8.28060210E-01  4.12684493E-03
1.36535400E-01  7.70069122E-01  3.67674674E-03
1.36782076E-01  7.39622712E-01  3.60808638E-03
1.37028753E-01  7.02606201E-01  3.32575967E-03
1.37275429E-01  6.73918784E-01  3.14619904E-03
1.37522105E-01  6.44344568E-01  3.02629475E-03
1.37768782E-01  6.29063427E-01  2.98315450E-03
1.38015458E-01  6.11836791E-01  2.87946407E-03
1.38262135E-01  5.69672406E-01  2.63763312E-03
1.38508811E-01  5.61528265E-01  2.53912201E-03
1.38755488E-01  5.43341100E-01  2.49057892E-03
1.39002164E-01  5.27017057E-01  2.47645914E-03
1.39248840E-01  5.26205957E-01  2.39992025E-03
1.39495517E-01  4.98288423E-01  2.34224554E-03
1.39742193E-01  4.85400707E-01  2.29205145E-03
1.39988870E-01  4.68301356E-01  2.24123662E-03
1.40235546E-01  4.50377315E-01  2.12383363E-03
1.40482223E-01  4.38418925E-01  2.09146179E-03
1.40728899E-01  4.28961545E-01  1.98720582E-03
1.40975575E-01  4.35238749E-01  2.03803973E-03
1.41222252E-01  4.13221300E-01  1.92770711E-03
1.41468928E-01  4.02606934E-01  1.90397061E-03
1.41715605E-01  3.91322106E-01  1.82754500E-03
1.41962281E-01  4.02069628E-01  1.81044941E-03
1.42208957E-01  3.90316337E-01  1.75574434E-03
1.42455634E-01  3.78990084E-01  1.71099778E-03
1.42702310E-01  3.92627895E-01  1.70958019E-03
1.42948987E-01  3.77673000E-01  1.61701243E-03
1.43195663E-01  3.79065990E-01  1.66168448E-03
1.43442340E-01  3.83125156E-01  1.71878480E-03
1.43689016E-01  3.83829862E-01  1.73876656E-03
1.43935692E-01  3.94888908E-01  1.80392840E-03
1.44182369E-01  3.93846691E-01  1.84349122E-03
1.44429045E-01  4.05197829E-01  1.89810025E-03
1.44675722E-01  4.15171951E-01  1.92034710E-03
1.44922398E-01  4.25799280E-01  2.02285452E-03
1.45169075E-01  4.41323549E-01  2.09393608E-03
1.45415751E-01  4.50969309E-01  2.18446204E-03
1.45662427E-01  4.64432925E-01  2.20978237E-03
1.45909104E-01  4.84660596E-01  2.19636271E-03
1.46155780E-01  5.00281811E-01  2.35599116E-03
1.46402457E-01  5.26059628E-01  2.42406013E-03
1.46649133E-01  5.34069717E-01  2.38074898E-03
1.46895810E-01  5.49080253E-01  2.47831107E-03
1.47142486E-01  5.72705626E-01  2.45332462E-03
1.47389162E-01  5.84035695E-01  2.54736980E-03
1.47635839E-01  6.12666428E-01  2.52158800E-03
1.47882515E-01  6.31772161E-01  2.63599842E-03
1.48129192E-01  6.39753163E-01  2.50136922E-03
1.48375868E-01  6.49616361E-01  2.60144752E-03
1.48622544E-01  6.66756034E-01  2.54808320E-03
1.48869221E-01  7.02340901E-01  2.52970774E-03
1.49115897E-01  7.21028984E-01  2.61094305E-03
1.49362574E-01  7.18918979E-01  2.60176603E-03
1.49609250E-01  7.41628408E-01  2.52435287E-03
1.49855927E-01  7.51974046E-01  2.57492089E-03
1.50102603E-01  7.81539738E-01  2.55167112E-03
1.50349279E-01  7.88623095E-01  2.60913675E-03
1.50595956E-01  7.95196593E-01  2.62622419E-03
1.50842632E-01  8.13415706E-01  2.78862542E-03
1.51089309E-01  8.23324800E-01  2.84873764E-03
1.51335985E-01  8.34837019E-01  2.99547147E-03
1.51582662E-01  8.29241216E-01  3.13811866E-03
1.51829338E-01  8.43147516E-01  3.26824468E-03
1.52076014E-01  8.35871220E-01  3.23342672E-03
1.52322691E-01  8.32175851E-01  3.31475353E-03
1.52569367E-01  8.24249268E-01  3.47169070E-03
1.52816044E-01  8.28147233E-01  3.62975406E-03
1.53062720E-01  8.04678679E-01  3.46374442E-03
1.53309397E-01  7.88553417E-01  3.60640814E-03
1.53556073E-01  7.77476311E-01  3.56523599E-03
1.53802749E-01  7.37036467E-01  3.51011730E-03
1.54049426E-01  7.18007982E-01  3.53361783E-03
1.54296102E-01  6.88112974E-01  3.30192666E-03
1.54542779E-01  6.66935682E-01  3.25285131E-03
1.54789455E-01  6.40229225E-01  3.12702660E-03
1.55036131E-01  6.13899708E-01  2.96311313E-03
1.55282808E-01  5.74352682E-01  2.77950359E-03
1.55529484E-01  5.61038613E-01  2.67846906E-03
1.55776161E-01  5.31493008E-01  2.49151769E-03
1.56022837E-01  5.07105649E-01  2.39417399E-03
1.56269514E-01  4.74173039E-01  2.26632576E-03
1.56516190E-01  4.57619756E-01  2.19516386E-03
1.56762866E-01  4.45135236E-01  2.12069578E-03
1.57009543E-01  4.21249092E-01  1.98978907E-03
1.57256219E-01  4.14185405E-01  1.91898108E-03
1.57502896E-01  3.98388833E-01  1.89054455E-03
1.57749572E-01  3.85075182E-01  1.85747608E-03
1.57996249E-01  3.71283472E-01  1.80813367E-03
1.58242925E-01  3.69418591E-01  1.85657584E-03
1.58489601E-01  3.58496964E-01  1.71919016E-03
1.58736278E-01  3.37912560E-01  1.66795240E-03
1.58982954E-01  3.32858831E-01  1.62367499E-03
1.59229631E-01  3.33996028E-01  1.65342097E-03
1.59476307E-01  3.15943033E-01  1.58761512E-03
1.59722983E-01  3.14916104E-01  1.60629896E-03
1.59969660E-01  2.98899114E-01  1.57949480E-03
1.60216336E-01  2.90221453E-01  1.54190254E-03
1.60463013E-01  2.80376643E-01  1.48934044E-03
1.60709689E-01  2.80051440E-01  1.46083045E-03
1.60956366E-01  2.65494823E-01  1.46049680E-03
1.61203042E-01  2.62663633E-01  1.43702212E-03
1.61449718E-01  2.53710210E-01  1.37764926E-03
1.61696395E-01  2.47385845E-01  1.34151860E-03
1.61943071E-01  2.36797959E-01  1.34213141E-03
1.62189748E-01  2.33624086E-01  1.26474130E-03
1.62436424E-01  2.23518640E-01  1.27404451E-03
1.62683101E-01  2.22419217E-01  1.26358157E-03
1.62929777E-01  2.08036721E-01  1.18743873E-03
1.63176453E-01  2.14201227E-01  1.23639673E-03
1.63423130E-01  2.05181420E-01  1.22022477E-03
1.63669806E-01  1.95758790E-01  1.18438550E-03
1.63916483E-01  1.94667876E-01  1.18274742E-03
1.64163159E-01  1.88275650E-01  1.14326400E-03
1.64409836E-01  1.86562225E-01  1.11580011E-03
1.64656512E-01  1.80822730E-01  1.10312877E-03
1.64903188E-01  1.82542160E-01  1.13580166E-03
1.65149865E-01  1.76046684E-01  1.07258605E-03
1.65396541E-01  1.72271460E-01  1.03746378E-03
1.65643218E-01  1.70478284E-01  1.09467970E-03
1.65889894E-01  1.62349090E-01  1.01869937E-03
1.66136570E-01  1.67275324E-01  1.03427994E-03
1.66383247E-01  1.59000874E-01  1.00260822E-03
1.66629923E-01  1.55423537E-01  9.89393564E-04
1.66876600E-01  1.57024920E-01  1.00657332E-03
1.67123276E-01  1.51440918E-01  9.80752986E-04
1.67369953E-01  1.55064449E-01  1.01396267E-03
1.67616629E-01  1.50660545E-01  9.72641807E-04
1.67863305E-01  1.43234491E-01  9.65929008E-04
1.68109982E-01  1.45680934E-01  9.48347093E-04
1.68356658E-01  1.47145033E-01  9.65540647E-04
1.68603335E-01  1.43183261E-01  9.62979335E-04
1.68850011E-01  1.42064765E-01  9.60412261E-04
1.69096688E-01  1.43531084E-01  9.50460497E-04
1.69343364E-01  1.40973374E-01  9.22762731E-04
1.69590040E-01  1.41740128E-01  9.49202164E-04
1.69836717E-01  1.34376615E-01  9.01943538E-04
1.70083393E-01  1.37339175E-01  9.39110818E-04
1.70330070E-01  1.35444641E-01  8.93591903E-04
1.70576746E-01  1.30602330E-01  8.98517319E-04
1.70823422E-01  1.32474884E-01  9.17042431E-04
1.71070099E-01  1.31249383E-01  9.18730395E-04
1.71316775E-01  1.34028062E-01  9.03926149E-04
1.71563452E-01  1.24979623E-01  8.53775593E-04
1.71810128E-01  1.28621444E-01  9.01635794E-04
1.72056805E-01  1.32243156E-01  9.16324032E-04
1.72303481E-01  1.25155643E-01  8.68200092E-04
1.72550157E-01  1.26727089E-01  8.61873617E-04
1.72796834E-01  1.33311316E-01  9.48235742E-04
1.73043510E-01  1.28843784E-01  8.57874344E-04
1.73290187E-01  1.28274694E-01  8.58472835E-04
1.73536863E-01  1.19409896E-01  8.57376144E-04
1.73783540E-01  1.22322783E-01  8.26829521E-04
1.74030216E-01  1.20071359E-01  8.67832627E-04
1.74276892E-01  1.24090880E-01  8.52387981E-04
1.74523569E-01  1.21363990E-01  8.51024583E-04
1.74770245E-01  1.26408309E-01  8.74362770E-04
1.75016922E-01  1.22098982E-01  8.52162368E-04
1.75263598E-01  1.18974768E-01  8.52226920E-04
1.75510275E-01  1.21370405E-01  8.49620090E-04
1.75756951E-01  1.24253348E-01  8.59819469E-04
1.76003627E-01  1.21496782E-01  8.59342283E-04
1.76250304E-01  1.24008961E-01  8.65681679E-04
1.76496980E-01  1.20539047E-01  8.47644056E-04
1.76743657E-01  1.19324505E-01  8.42148496E-04
1.76990333E-01  1.22055262E-01  8.40089517E-04
1.77237009E-01  1.17308125E-01  8.45908711E-04
1.77483686E-01  1.15830965E-01  8.24851217E-04
1.77730362E-01  1.16137661E-01  8.23374779E-04
1.77977039E-01  1.23650357E-01  8.38832289E-04
1.78223715E-01  1.15525462E-01  8.05513526E-04
1.78470392E-01  1.15836807E-01  8.06592405E-04
1.78717068E-01  1.14557602E-01  8.10946163E-04
1.78963744E-01  1.18602939E-01  8.04067706E-04
1.79210421E-01  1.13307290E-01  7.99457019E-04
1.79457097E-01  1.14264064E-01  8.42912414E-04
1.79703774E-01  1.12347066E-01  8.01233284E-04
1.79950450E-01  1.09244294E-01  8.00271926E-04
1.80197127E-01  1.13510370E-01  7.97303452E-04
1.80443803E-01  1.12584449E-01  7.97428947E-04
1.80690479E-01  1.15279324E-01  8.37367319E-04
1.80937156E-01  1.15401380E-01  8.13173887E-04
1.81183832E-01  1.15699813E-01  8.25876021E-04
1.81430509E-01  1.14803180E-01  7.99274596E-04
1.81677185E-01  1.09575875E-01  7.73705659E-04
1.81923861E-01  1.11735426E-01  7.96699256E-04
1.82170538E-01  1.12156324E-01  7.68987986E-04
1.82417214E-01  1.12643279E-01  7.89602462E-04
1.82663891E-01  1.14216357E-01  7.91507948E-04
1.82910567E-01  1.08464397E-01  7.77204696E-04
1.83157244E-01  1.10405028E-01  7.90294260E-04
1.83403920E-01  1.11483052E-01  8.11578881E-04
1.83650596E-01  1.10581234E-01  7.76520814E-04
1.83897273E-01  1.10883869E-01  7.81054841E-04
1.84143949E-01  1.14664406E-01  7.99973088E-04
1.84390626E-01  1.09287106E-01  7.87224330E-04
1.84637302E-01  1.09188057E-01  7.72212399E-04
1.84883979E-01  1.07082419E-01  7.69968261E-04
1.85130655E-01  1.10662453E-01  8.03213217E-04
1.85377331E-01  1.09456010E-01  7.67875812E-04
1.85624008E-01  1.10047333E-01  7.81547162E-04
1.85870684E-01  1.10698849E-01  8.05433607E-04
1.86117361E-01  1.09169871E-01  7.86929682E-04
1.86364037E-01  1.11198232E-01  7.78658723E-04
1.86610714E-01  1.08998388E-01  7.74621847E-04
1.86857390E-01  1.07677005E-01  7.72483821E-04
1.87104066E-01  1.06247313E-01  7.66812358E-04
1.87350743E-01  1.11065671E-01  7.93847139E-04
1.87597419E-01  1.08309388E-01  7.55868910E-04
1.87844096E-01  1.10976130E-01  7.97623419E-04
1.88090772E-01  1.13286577E-01  7.96526379E-04
1.88337448E-01  1.10275410E-01  7.96629116E-04
1.88584125E-01  1.12368472E-01  7.85585609E-04
1.88830801E-01  1.11515611E-01  7.71558087E-04
1.89077478E-01  1.08332984E-01  7.69078790E-04
1.89324154E-01  1.10415310E-01  7.73063919E-04
1.89570831E-01  1.12187460E-01  7.56002264E-04
1.89817507E-01  1.14368849E-01  7.76196190E-04
1.90064183E-01  1.14641011E-01  7.83267373E-04
1.90310860E-01  1.15918949E-01  7.98577385E-04
1.90557536E-01  1.13452353E-01  7.77873269E-04
1.90804213E-01  1.11957155E-01  7.75944267E-04
1.91050889E-01  1.14469454E-01  7.65370671E-04
1.91297566E-01  1.13553002E-01  7.87314784E-04
1.91544242E-01  1.21586837E-01  8.01698538E-04
1.91790918E-01  1.17872894E-01  7.98743626E-04
1.92037595E-01  1.21941850E-01  8.18510947E-04
1.92284271E-01  1.20518871E-01  7.95020082E-04
1.92530948E-01  1.21451750E-01  8.17599066E-04
1.92777624E-01  1.19394347E-01  7.75061839E-04
1.93024301E-01  1.24260440E-01  8.41764617E-04
1.93270977E-01  1.19973794E-01  8.14219879E-04
1.93517653E-01  1.27827197E-01  8.38227279E-04
1.93764330E-01  1.30156174E-01  8.17239983E-04
1.94011006E-01  1.30945429E-01  8.14238796E-04
1.94257683E-01  1.27504528E-01  8.26111995E-04
1.94504359E-01  1.29244447E-01  8.26540927E-04
1.94751035E-01  1.30318522E-01  8.10525031E-04
1.94997712E-01  1.32536873E-01  8.44973023E-04
1.95244388E-01  1.29497141E-01  8.42390466E-04
1.95491065E-01  1.34852767E-01  8.41714849E-04
1.95737741E-01  1.31096989E-01  8.50526500E-04
1.95984418E-01  1.34624824E-01  8.51313234E-04
1.96231094E-01  1.37387469E-01  8.61547713E-04
1.96477770E-01  1.39713824E-01  8.60391301E-04
1.96724447E-01  1.38859600E-01  8.48238182E-04
1.96971123E-01  1.37351200E-01  8.51735997E-04
1.97217800E-01  1.39468268E-01  8.31063662E-04
1.97464476E-01  1.33151218E-01  8.40714551E-04
1.97711153E-01  1.39234558E-01  8.53851379E-04
1.97957829E-01  1.38936967E-01  8.57941224E-04
1.98204505E-01  1.38787776E-01  8.42880050E-04
1.98451182E-01  1.41604081E-01  8.71274795E-04
1.98697858E-01  1.38735786E-01  8.57224804E-04
1.98944535E-01  1.41033158E-01  8.68432457E-04
1.99191211E-01  1.37148887E-01  8.66712886E-04
1.99437887E-01  1.42815500E-01  8.98114638E-04
1.99684564E-01  1.35069579E-01  8.65473587E-04
1.99931240E-01  1.33889347E-01  8.49305128E-04
2.00177917E-01  1.30811021E-01  8.51977209E-04
2.00424593E-01  1.30476803E-01  8.40879453E-04
2.00671270E-01  1.31319150E-01  8.43335292E-04
2.00917946E-01  1.26982778E-01  8.50171607E-04
2.01164622E-01  1.25627175E-01  8.39397311E-04
2.01411299E-01  1.22667313E-01  7.93081475E-04
2.01657975E-01  1.18287310E-01  7.87679804E-04
2.01904652E-01  1.20000795E-01  7.83530355E-04
2.02151328E-01  1.21191345E-01  8.18157510E-04
2.02398005E-01  1.19016744E-01  7.92643579E-04
2.02644681E-01  1.08195752E-01  7.58976152E-04
2.02891357E-01  1.09540448E-01  7.63829274E-04
2.03138034E-01  1.04084022E-01  7.36844609E-04
2.03384710E-01  1.06568582E-01  7.44183664E-04
2.03631387E-01  1.04520954E-01  7.27454259E-04
2.03878063E-01  1.01178087E-01  7.09434506E-04
2.04124740E-01  9.87348706E-02  7.20624230E-04
2.04371416E-01  9.63797271E-02  7.10471068E-04
2.04618092E-01  9.93915275E-02  7.17188988E-04
2.04864769E-01  9.47462469E-02  7.05188839E-04
2.05111445E-01  9.03183371E-02  6.85938867E-04
2.05358122E-01  9.52242166E-02  6.80542435E-04
2.05604798E-01  9.07603428E-02  6.67834247E-04
2.05851474E-01  8.84593725E-02  6.65692147E-04
2.06098151E-01  9.07937363E-02  6.68303343E-04
2.06344827E-01  9.05553848E-02  6.78793120E-04
2.06591504E-01  8.64709020E-02  6.67636923E-04
2.06838180E-01  8.83582607E-02  6.50773640E-04
2.07084857E-01  8.86820406E-02  6.68194727E-04
2.07331533E-01  8.62710774E-02  6.77032396E-04
2.07578209E-01  8.55339319E-02  6.56523800E-04
2.07824886E-01  8.46673697E-02  6.56848948E-04
2.08071562E-01  8.22523832E-02  6.34667405E-04
2.08318239E-01  8.62355381E-02  6.58001576E-04
2.08564915E-01  8.31165984E-02  6.32629439E-04
2.08811592E-01  8.01670849E-02  6.48867572E-04
2.09058268E-01  8.24011415E-02  6.41194696E-04
2.09304944E-01  7.98381567E-02  6.20876264E-04
2.09551621E-01  8.11374113E-02  6.40780665E-04
2.09798297E-01  8.14758465E-02  6.34934346E-04
2.10044974E-01  7.84088522E-02  6.15934958E-04
2.10291650E-01  8.13120306E-02  6.34543307E-04
2.10538326E-01  8.03649873E-02  6.45666732E-04
2.10785003E-01  8.26910511E-02  6.51351758E-04
2.11031679E-01  7.89300650E-02  6.23847125E-04
2.11278356E-01  7.82372653E-02  6.30136870E-04
2.11525032E-01  8.14567655E-02  6.24624488E-04
2.11771709E-01  7.83034414E-02  6.27259142E-04
2.12018385E-01  7.79265836E-02  6.13035925E-04
2.12265061E-01  7.95908272E-02  6.24601205E-04
2.12511738E-01  7.92478621E-02  6.26845809E-04
2.12758414E-01  7.78725594E-02  6.09529612E-04
2.13005091E-01  7.76699483E-02  6.22748863E-04
2.13251767E-01  7.99178705E-02  6.04632776E-04
2.13498444E-01  7.90349469E-02  6.18640915E-04
2.13745120E-01  8.10391307E-02  6.39347476E-04
2.13991796E-01  8.11807066E-02  6.13050535E-04
2.14238473E-01  7.67026842E-02  6.02841959E-04
2.14485149E-01  7.76101351E-02  6.31714414E-04
2.14731826E-01  7.82491118E-02  6.18086138E-04
2.14978502E-01  7.82690644E-02  6.21488260E-04
2.15225179E-01  7.96323791E-02  6.15272962E-04
2.15471855E-01  7.93235376E-02  6.21596584E-04
2.15718531E-01  7.83389658E-02  6.21812767E-04
2.15965208E-01  7.74305612E-02  6.12761767E-04
2.16211884E-01  8.07828754E-02  6.13598851E-04
2.16458561E-01  8.13790858E-02  6.19371713E-04
2.16705237E-01  8.08831677E-02  6.29565096E-04
2.16951913E-01  8.18590373E-02  6.39698701E-04
2.17198590E-01  8.61974284E-02  6.64533756E-04
2.17445266E-01  8.31011832E-02  6.50354836E-04
2.17691943E-01  8.42749923E-02  6.51270966E-04
2.17938619E-01  8.15791413E-02  6.28044829E-04
2.18185296E-01  8.67277086E-02  6.51341572E-04
2.18431972E-01  8.45946297E-02  6.58998324E-04
2.18678648E-01  8.67059007E-02  6.51227310E-04
2.18925325E-01  9.01954249E-02  6.72203489E-04
2.19172001E-01  9.22182128E-02  6.66239590E-04
2.19418678E-01  8.87974575E-02  6.53229188E-04
2.19665354E-01  8.64571631E-02  6.50637550E-04
2.19912031E-01  9.10523683E-02  6.71018963E-04
2.20158707E-01  8.76190290E-02  6.58789999E-04
2.20405383E-01  9.09713805E-02  6.67559158E-04
2.20652060E-01  9.18429941E-02  6.76010211E-04
2.20898736E-01  9.30279866E-02  6.87896332E-04
2.21145413E-01  9.23614427E-02  6.71053189E-04
2.21392089E-01  9.77230817E-02  6.93428447E-04
2.21638766E-01  9.62419212E-02  6.91873545E-04
2.21885442E-01  9.20780674E-02  6.66989188E-04
2.22132118E-01  9.42387730E-02  6.68663473E-04
2.22378795E-01  9.61331800E-02  6.72315073E-04
2.22625471E-01  9.57483798E-02  6.89337321E-04
2.22872148E-01  9.60043445E-02  6.81208505E-04
2.23118824E-01  1.02480799E-01  7.04433245E-04
2.23365500E-01  1.00232467E-01  6.83925929E-04
2.23612177E-01  9.88557190E-02  6.89683948E-04
2.23858853E-01  9.91460085E-02  6.88641972E-04
2.24105530E-01  1.00950539E-01  6.97265612E-04
2.24352206E-01  1.01663284E-01  7.04407168E-04
2.24598883E-01  1.01043142E-01  6.94723683E-04
2.24845559E-01  9.89143699E-02  6.88096217E-04
2.25092235E-01  9.85057577E-02  6.91271503E-04
2.25338912E-01  1.02045663E-01  6.90005952E-04
2.25585588E-01  9.83497724E-02  7.00625824E-04
2.25832265E-01  9.91275609E-02  6.90006709E-04
2.26078941E-01  9.64153558E-02  6.84262952E-04
2.26325618E-01  9.74295810E-02  6.90550369E-04
2.26572294E-01  9.63613093E-02  6.92804693E-04
2.26818970E-01  9.40448940E-02  6.73107163E-04
2.27065647E-01  9.19659883E-02  6.52044313E-04
2.27312323E-01  9.63174105E-02  6.77512551E-04
2.27559000E-01  9.32094976E-02  6.73273928E-04
2.27805676E-01  9.10750106E-02  6.40137237E-04
2.28052352E-01  8.91514421E-02  6.54321455E-04
2.28299029E-01  8.78349021E-02  6.44789950E-04
2.28545705E-01  8.56446624E-02  6.49430149E-04
2.28792382E-01  8.72693881E-02  6.49955939E-04
2.29039058E-01  8.90606865E-02  6.49799244E-04
2.29285735E-01  8.59123319E-02  6.48284913E-04
2.29532411E-01  8.42363015E-02  6.35424396E-04
2.29779087E-01  8.03578645E-02  6.06313348E-04
2.30025764E-01  7.97413960E-02  6.18836901E-04
2.30272440E-01  7.91690052E-02  6.20237668E-04
2.30519117E-01  8.08288157E-02  6.24945445E-04
2.30765793E-01  7.96553716E-02  6.06553978E-04
2.31012470E-01  7.70749524E-02  6.09021634E-04
2.31259146E-01  7.49635324E-02  5.94167621E-04
2.31505822E-01  7.64373168E-02  6.14598277E-04
2.31752499E-01  7.32840225E-02  5.78476989E-04
2.31999175E-01  7.53883496E-02  5.96059777E-04
2.32245852E-01  7.55337998E-02  5.98101062E-04
2.32492528E-01  7.47763366E-02  5.88032824E-04
2.32739205E-01  7.39499629E-02  5.86864015E-04
2.32985881E-01  7.40232617E-02  5.89237257E-04
2.33232557E-01  7.10878670E-02  5.71477925E-04
2.33479234E-01  7.22733736E-02  5.76636987E-04
2.33725910E-01  6.92211464E-02  5.64080547E-04
2.33972587E-01  7.12488443E-02  5.96373633E-04
2.34219263E-01  6.99869916E-02  5.80538821E-04
2.34465939E-01  6.84250146E-02  5.58667060E-04
2.34712616E-01  7.13667050E-02  5.68014744E-04
2.34959292E-01  6.92532361E-02  5.65626193E-04
2.35205969E-01  6.94713816E-02  5.63956739E-04
2.35452645E-01  6.89775348E-02  5.64452901E-04
2.35699322E-01  6.95866719E-02  5.71145094E-04
2.35945998E-01  6.91831931E-02  5.65364666E-04
2.36192674E-01  6.94306344E-02  5.70039614E-04
2.36439351E-01  6.58798367E-02  5.49204357E-04
2.36686027E-01  6.76319227E-02  5.52462705E-04
2.36932704E-01  6.58226982E-02  5.35441155E-04
2.37179380E-01  6.54656887E-02  5.40655688E-04
2.37426057E-01  6.72537461E-02  5.54605620E-04
2.37672733E-01  6.62309080E-02  5.29908575E-04
2.37919409E-01  6.60639852E-02  5.41510701E-04
2.38166086E-01  6.32966831E-02  5.22491056E-04
2.38412762E-01  6.52422681E-02  5.53424528E-04
2.38659439E-01  6.54521435E-02  5.44056413E-04
2.38906115E-01  6.64411187E-02  5.51780220E-04
2.39152791E-01  6.35379404E-02  5.38464810E-04
2.39399468E-01  6.47432134E-02  5.28831966E-04
2.39646144E-01  6.17224313E-02  5.28306467E-04
2.39892821E-01  6.62221909E-02  5.46767027E-04
2.40139497E-01  6.58273324E-02  5.30817546E-04
2.40386174E-01  6.46084324E-02  5.29583369E-04
2.40632850E-01  6.31940514E-02  5.38544438E-04
2.40879526E-01  6.32223189E-02  5.19952446E-04
2.41126203E-01  6.12294711E-02  5.17444278E-04
2.41372879E-01  6.34896681E-02  5.21387963E-04
2.41619556E-01  5.88034429E-02  5.16388100E-04
2.41866232E-01  6.49971589E-02  5.16044209E-04
2.42112909E-01  6.11905232E-02  5.24217670E-04
2.42359585E-01  6.23971261E-02  5.25360170E-04
2.42606261E-01  6.07411824E-02  5.35754720E-04
2.42852938E-01  6.25120848E-02  5.44337905E-04
2.43099614E-01  6.44337386E-02  5.56232349E-04
2.43346291E-01  6.28259480E-02  5.36941981E-04
2.43592967E-01  6.47100657E-02  5.58954664E-04
2.43839644E-01  6.19075038E-02  5.29002747E-04
2.44086320E-01  6.11275956E-02  5.36412874E-04
2.44332996E-01  6.23718798E-02  5.29849611E-04
2.44579673E-01  6.10194877E-02  5.27164724E-04
2.44826349E-01  6.14751205E-02  5.44682553E-04
2.45073026E-01  6.23909421E-02  5.35383238E-04
2.45319702E-01  6.07109219E-02  5.35304367E-04
2.45566378E-01  5.93916960E-02  5.39470173E-04
2.45813055E-01  6.10905103E-02  5.42040390E-04
2.46059731E-01  6.35640174E-02  5.47962554E-04
2.46306408E-01  6.05560690E-02  5.68948395E-04
2.46553084E-01  6.36575967E-02  5.42176131E-04
2.46799761E-01  6.38765916E-02  5.67399664E-04
2.47046437E-01  6.17199987E-02  5.61943220E-04
2.47293113E-01  6.17796220E-02  5.54642815E-04
2.47539790E-01  6.16518669E-02  5.63395733E-04
2.47786466E-01  6.23430610E-02  5.71604818E-04
2.48033143E-01  5.88577874E-02  5.27729862E-04
2.48279819E-01  6.07851297E-02  5.59184293E-04
2.48526496E-01  6.10119738E-02  5.57822292E-04
2.48773172E-01  6.23167977E-02  5.78033912E-04
2.49019848E-01  6.27156794E-02  5.88851748E-04
2.49266525E-01  6.27452284E-02  5.79039915E-04
2.49513201E-01  5.98668046E-02  5.61921333E-04
2.49759878E-01  6.13584891E-02  5.75297337E-04
2.50006554E-01  6.18659891E-02  5.79956512E-04
2.50253230E-01  6.29091114E-02  5.78537642E-04
2.50499907E-01  6.21102788E-02  5.92049910E-04
2.50746583E-01  6.13639951E-02  5.78587991E-04
2.50993260E-01  6.25328496E-02  5.80135558E-04
2.51239936E-01  6.50855303E-02  5.90841868E-04
2.51486613E-01  6.33151680E-02  5.96620201E-04
2.51733289E-01  6.48054704E-02  5.94825309E-04
2.51979965E-01  6.19183667E-02  5.84248628E-04
2.52226642E-01  6.26185983E-02  5.85583271E-04
2.52473318E-01  6.66098818E-02  6.06348622E-04
2.52719995E-01  6.50892928E-02  6.08664588E-04
2.52966671E-01  6.19606823E-02  5.81005355E-04
2.53213348E-01  6.57252595E-02  6.17170008E-04
2.53460024E-01  6.73997700E-02  6.22369058E-04
2.53706700E-01  6.26214668E-02  6.01588050E-04
2.53953377E-01  6.86844587E-02  6.40678511E-04
2.54200053E-01  6.24588579E-02  5.85445086E-04
2.54446730E-01  6.41958117E-02  6.06187561E-04
2.54693406E-01  6.80628344E-02  5.95146092E-04
2.54940083E-01  6.63080812E-02  5.78816282E-04
2.55186759E-01  6.84273914E-02  5.94571058E-04
2.55433435E-01  6.91502988E-02  6.19476894E-04
2.55680112E-01  6.60084039E-02  6.14826451E-04
2.55926788E-01  6.76027462E-02  5.98290877E-04
2.56173465E-01  6.90138713E-02  6.05593727E-04
2.56420141E-01  7.02316985E-02  6.20832085E-04
2.56666817E-01  7.29298219E-02  6.27452391E-04
2.56913494E-01  6.47837743E-02  5.69038093E-04
2.57160170E-01  7.12873191E-02  6.21355081E-04
2.57406847E-01  6.72079921E-02  5.95317921E-04
2.57653523E-01  6.81888014E-02  6.03644527E-04
2.57900200E-01  6.59595206E-02  5.87717921E-04
2.58146876E-01  6.95750937E-02  5.99165272E-04
2.58393552E-01  7.05101565E-02  6.03296328E-04
2.58640229E-01  7.32510015E-02  6.31250965E-04
2.58886905E-01  7.30737895E-02  6.20190986E-04
2.59133582E-01  7.25319907E-02  6.01616572E-04
2.59380258E-01  7.12336376E-02  6.28937676E-04
2.59626935E-01  7.07443431E-02  6.02139044E-04
2.59873611E-01  7.29866922E-02  6.18628284E-04
2.60120287E-01  7.04696029E-02  6.03317050E-04
2.60366964E-01  6.92807883E-02  6.04134402E-04
2.60613640E-01  7.25038201E-02  6.14353106E-04
2.60860317E-01  7.09861591E-02  6.21052925E-04
2.61106993E-01  7.24137500E-02  6.05422421E-04
2.61353670E-01  7.09821954E-02  5.94502199E-04
2.61600346E-01  7.24767298E-02  5.97931561E-04
2.61847022E-01  6.88779429E-02  5.96114376E-04
2.62093699E-01  7.32505396E-02  6.09284791E-04
2.62340375E-01  7.29989186E-02  6.11818337E-04
2.62587052E-01  6.96305260E-02  6.08890550E-04
2.62833728E-01  7.51690343E-02  6.15060213E-04
2.63080404E-01  6.77580461E-02  5.74043952E-04
2.63327081E-01  6.92621171E-02  6.04748551E-04
2.63573757E-01  6.89939111E-02  5.87133458E-04
2.63820434E-01  6.94161728E-02  5.89484000E-04
2.64067110E-01  6.93429485E-02  5.89624629E-04
2.64313787E-01  7.02833608E-02  6.04276604E-04
2.64560463E-01  7.00658187E-02  5.95437770E-04
2.64807139E-01  6.94282576E-02  5.75544836E-04
2.65053816E-01  6.95728734E-02  5.89161471E-04
2.65300492E-01  7.24381134E-02  5.88889234E-04
2.65547169E-01  6.90794066E-02  5.72164543E-04
2.65793845E-01  6.77541718E-02  5.87291433E-04
2.66040522E-01  7.09874630E-02  5.91739488E-04
2.66287198E-01  7.08159655E-02  5.83191635E-04
2.66533874E-01  6.85009137E-02  5.84879424E-04
2.66780551E-01  6.99523389E-02  5.91650372E-04
2.67027227E-01  7.02545866E-02  6.00443687E-04
2.67273904E-01  6.87223375E-02  5.72202785E-04
2.67520580E-01  6.66046888E-02  5.89391100E-04
2.67767256E-01  6.98410720E-02  6.06017536E-04
2.68013933E-01  7.34742358E-02  6.12005359E-04
2.68260609E-01  7.05589801E-02  6.05076726E-04
2.68507286E-01  7.01718032E-02  5.79913903E-04
2.68753962E-01  7.00603053E-02  5.88961644E-04
2.69000639E-01  7.19143227E-02  5.91406017E-04
2.69247315E-01  7.26252422E-02  6.11103664E-04
2.69493991E-01  6.89810216E-02  5.88241790E-04
2.69740668E-01  7.08935708E-02  5.94578160E-04
2.69987344E-01  7.12110996E-02  5.89557982E-04
2.70234021E-01  7.30063394E-02  6.11328811E-04
2.70480697E-01  7.33673498E-02  6.13401935E-04
2.70727374E-01  6.88178167E-02  5.87661692E-04
2.70974050E-01  7.16569051E-02  6.10085728E-04
2.71220726E-01  6.91737756E-02  6.02513668E-04
2.71467403E-01  7.23090470E-02  6.10078219E-04
2.71714079E-01  7.04140067E-02  6.00714877E-04
2.71960756E-01  6.97138980E-02  6.00279949E-04
2.72207432E-01  7.31792673E-02  6.54745148E-04
2.72454109E-01  7.08613768E-02  6.25742599E-04
2.72700785E-01  7.22396672E-02  6.07678783E-04
2.72947461E-01  7.11810887E-02  6.25860062E-04
2.73194138E-01  6.89989179E-02  6.20128470E-04
2.73440814E-01  6.81123734E-02  6.20119856E-04
2.73687491E-01  7.20040873E-02  6.40490267E-04
2.73934167E-01  6.98472708E-02  6.14838849E-04
2.74180843E-01  6.79794475E-02  6.17682585E-04
2.74427520E-01  7.11182058E-02  6.10580202E-04
2.74674196E-01  6.96397349E-02  6.26590278E-04
2.74920873E-01  6.49105087E-02  5.98082901E-04
2.75167549E-01  6.78745285E-02  5.99970052E-04
2.75414226E-01  6.91573024E-02  6.24977460E-04
2.75660902E-01  6.80009872E-02  5.98893734E-04
2.75907578E-01  7.13282824E-02  6.19416242E-04
2.76154255E-01  6.81353211E-02  6.03155524E-04
2.76400931E-01  7.32013583E-02  6.49032823E-04
2.76647608E-01  6.89860657E-02  6.34330674E-04
2.76894284E-01  7.29421824E-02  6.34882308E-04
2.77140961E-01  6.86223954E-02  6.13525219E-04
2.77387637E-01  6.86731935E-02  6.15025405E-04
2.77634313E-01  6.79998547E-02  6.19087950E-04
2.77880990E-01  7.19662160E-02  6.15219702E-04
2.78127666E-01  7.01922923E-02  6.16167381E-04
2.78374343E-01  6.87102675E-02  6.24436128E-04
2.78621019E-01  6.62455335E-02  5.95134508E-04
2.78867695E-01  6.75261840E-02  6.01727166E-04
2.79114372E-01  6.76799193E-02  6.14885415E-04
2.79361048E-01  6.48595765E-02  5.92729019E-04
2.79607725E-01  6.85574412E-02  6.17736834E-04
2.79854401E-01  6.61519244E-02  6.01809938E-04
2.80101078E-01  6.88003302E-02  6.22784835E-04
2.80347754E-01  6.71664998E-02  6.13498094E-04
2.80594430E-01  6.49983734E-02  6.03428227E-04
2.80841107E-01  6.61955103E-02  6.31081930E-04
2.81087783E-01  6.73896670E-02  5.90412412E-04
2.81334460E-01  6.77060112E-02  6.08316623E-04
2.81581136E-01  6.75295144E-02  6.03570137E-04
2.81827813E-01  6.67962357E-02  6.31325238E-04
2.82074489E-01  6.48939908E-02  6.13993616E-04
2.82321165E-01  6.51850626E-02  6.07937458E-04
2.82567842E-01  6.36404902E-02  5.98827086E-04
2.82814518E-01  6.79663792E-02  6.17309124E-04
2.83061195E-01  6.46148697E-02  6.07693568E-04
2.83307871E-01  6.68257102E-02  6.19036844E-04
2.83554548E-01  6.47023469E-02  6.05500129E-04
2.83801224E-01  6.41628876E-02  6.32732583E-04
2.84047900E-01  6.39381111E-02  6.07533846E-04
2.84294577E-01  6.63940534E-02  6.07903290E-04
2.84541253E-01  6.80604801E-02  6.19803497E-04
2.84787930E-01  6.43148944E-02  5.93490142E-04
2.85034606E-01  6.21009581E-02  5.87139162E-04
2.85281282E-01  6.70999214E-02  6.22033316E-04
2.85527959E-01  6.39137551E-02  5.89773408E-04
2.85774635E-01  6.52633309E-02  5.96738362E-04
2.86021312E-01  6.79107904E-02  6.08929084E-04
2.86267988E-01  6.72354028E-02  6.33443240E-04
2.86514665E-01  6.47634342E-02  5.98559389E-04
2.86761341E-01  6.11350723E-02  6.02161570E-04
2.87008017E-01  6.83965459E-02  6.25001034E-04
2.87254694E-01  6.60034120E-02  6.05722424E-04
2.87501370E-01  6.54797927E-02  6.06104266E-04
2.87748047E-01  6.43905699E-02  6.23823085E-04
2.87994723E-01  6.38972968E-02  6.20664854E-04
2.88241400E-01  6.41671047E-02  6.01368665E-04
2.88488076E-01  6.12169579E-02  5.99368359E-04
2.88734752E-01  6.65425584E-02  6.11702970E-04
2.88981429E-01  6.16547614E-02  5.99173771E-04
2.89228105E-01  6.03503138E-02  5.90845011E-04
2.89474782E-01  6.58370256E-02  6.04677189E-04
2.89721458E-01  6.29168972E-02  6.08703413E-04
2.89968134E-01  6.30923286E-02  6.06699206E-04
2.90214811E-01  6.19795546E-02  5.87719784E-04
2.90461487E-01  5.79837933E-02  5.80376945E-04
2.90708164E-01  6.19673878E-02  6.03658904E-04
2.90954840E-01  6.39379248E-02  6.26123685E-04
2.91201517E-01  6.63904026E-02  6.15343393E-04
2.91448193E-01  6.40094802E-02  6.21477258E-04
2.91694869E-01  6.14694841E-02  5.92947530E-04
2.91941546E-01  6.39750138E-02  6.16784091E-04
2.92188222E-01  6.48765489E-02  6.03703316E-04
2.92434899E-01  6.37608320E-02  6.04152563E-04
2.92681575E-01  6.31723255E-02  6.08984847E-04
2.92928252E-01  6.30452931E-02  5.83372777E-04
2.93174928E-01  6.50862157E-02  6.20035687E-04
2.93421604E-01  6.39877692E-02  6.02514541E-04
2.93668281E-01  6.47977442E-02  6.26003603E-04
2.93914957E-01  6.42421842E-02  6.22782274E-04
2.94161634E-01  6.06002808E-02  6.00937696E-04
2.94408310E-01  6.30290732E-02  6.02310814E-04
2.94654987E-01  6.10306077E-02  5.95260295E-04
2.94901663E-01  6.04171008E-02  5.76172897E-04
2.95148339E-01  6.16057068E-02  5.95057616E-04
2.95395016E-01  5.94196655E-02  5.88082708E-04
2.95641692E-01  6.47485480E-02  6.29274349E-04
2.95888369E-01  6.72196895E-02  6.19564962E-04
2.96135045E-01  6.17357828E-02  6.06417248E-04
2.96381721E-01  6.15420863E-02  5.83279529E-04
2.96628398E-01  6.59366921E-02  6.17622340E-04
2.96875074E-01  6.00502454E-02  5.80968219E-04
2.97121751E-01  6.24999441E-02  5.91793854E-04
2.97368427E-01  6.36213496E-02  6.00802188E-04
2.97615104E-01  6.05192892E-02  6.03717112E-04
2.97861780E-01  6.12324253E-02  5.95178339E-04
2.98108456E-01  6.32503107E-02  5.89189469E-04
2.98355133E-01  5.98622933E-02  5.65331546E-04
2.98601809E-01  6.14997558E-02  5.85358473E-04
2.98848486E-01  6.30218759E-02  5.99939667E-04
2.99095162E-01  6.13450520E-02  5.89110423E-04
2.99341839E-01  6.28681853E-02  5.94385492E-04
2.99588515E-01  5.88492081E-02  5.85830305E-04
2.99835191E-01  6.20012619E-02  5.89475851E-04
3.00081868E-01  6.16140887E-02  5.90871496E-04
3.00328544E-01  6.39898852E-02  6.02376240E-04
3.00575221E-01  6.28460571E-02  6.29549904E-04
3.00821897E-01  6.31634891E-02  6.04752800E-04
3.01068574E-01  6.19289503E-02  5.98293613E-04
3.01315250E-01  6.31237030E-02  5.84197580E-04
3.01561926E-01  6.16344512E-02  6.03093184E-04
3.01808603E-01  6.22746237E-02  5.90992626E-04
3.02055279E-01  6.21773228E-02  5.98942104E-04
3.02301956E-01  5.88889681E-02  5.84461086E-04
3.02548632E-01  6.45429119E-02  6.12187781E-04
3.02795308E-01  6.14954978E-02  5.98734303E-04
3.03041985E-01  6.42671734E-02  6.13777782E-04
3.03288661E-01  6.08100519E-02  5.99453982E-04
3.03535338E-01  6.11931793E-02  5.95674501E-04
3.03782014E-01  6.11057021E-02  5.97030332E-04
3.04028691E-01  6.41919896E-02  6.25090266E-04
3.04275367E-01  5.74707314E-02  5.69195661E-04
3.04522043E-01  6.18225820E-02  6.05643902E-04
3.04768720E-01  6.11097552E-02  5.99907828E-04
3.05015396E-01  6.38420656E-02  6.00531755E-04
3.05262073E-01  6.27605543E-02  6.15653291E-04
3.05508749E-01  6.15030527E-02  5.99102641E-04
3.05755426E-01  6.09046854E-02  6.13891461E-04
3.06002102E-01  6.19523227E-02  6.02438464E-04
3.06248778E-01  6.09985553E-02  6.05937734E-04
3.06495455E-01  6.25133142E-02  5.96669677E-04
3.06742131E-01  6.50213063E-02  6.21756655E-04
3.06988808E-01  6.15983233E-02  6.18616934E-04
3.07235484E-01  6.10953011E-02  5.92592696E-04
3.07482160E-01  6.08586296E-02  5.88276307E-04
3.07728837E-01  5.68807460E-02  5.67735115E-04
3.07975513E-01  5.97951114E-02  5.92146069E-04
3.08222190E-01  6.12765327E-02  6.08391711E-04
3.08468866E-01  6.21653795E-02  6.07815047E-04
3.08715543E-01  6.45460486E-02  6.29472546E-04
3.08962219E-01  5.93751781E-02  5.97347680E-04
3.09208895E-01  5.88793531E-02  5.84915571E-04
3.09455572E-01  6.10468090E-02  5.97740349E-04
3.09702248E-01  6.23787194E-02  5.94954181E-04
3.09948925E-01  6.27774224E-02  6.03503955E-04
3.10195601E-01  6.24396838E-02  6.26790803E-04
3.10442278E-01  6.41610101E-02  6.32926123E-04
3.10688954E-01  6.30184412E-02  6.07148686E-04
3.10935630E-01  6.07462041E-02  5.82045119E-04
3.11182307E-01  6.23852611E-02  6.11805648E-04
3.11428983E-01  6.38717413E-02  6.03598950E-04
3.11675660E-01  6.17405474E-02  5.85638103E-04
3.11922336E-01  6.51514977E-02  6.16028497E-04
3.12169013E-01  6.32872805E-02  6.01252366E-04
3.12415689E-01  6.44444153E-02  6.21441926E-04
3.12662365E-01  6.31479621E-02  5.90148848E-04
3.12909042E-01  6.21772297E-02  5.94601326E-04
3.13155718E-01  6.16578311E-02  6.01514010E-04
3.13402395E-01  6.74061105E-02  6.32207957E-04
3.13649071E-01  5.98628856E-02  5.96655125E-04
3.13895747E-01  6.15491346E-02  6.03184046E-04
3.14142424E-01  6.12841845E-02  5.96682075E-04
3.14389100E-01  5.94354272E-02  5.95482707E-04
3.14635777E-01  6.41950294E-02  6.11966650E-04
3.14882453E-01  6.45835251E-02  6.19823462E-04
3.15129130E-01  6.17568232E-02  6.02011103E-04
3.15375806E-01  6.03579916E-02  6.00759056E-04
3.15622482E-01  6.09805174E-02  5.98081970E-04
3.15869159E-01  6.35842830E-02  6.14220335E-04
3.16115835E-01  6.21905439E-02  6.15480647E-04
3.16362512E-01  6.40208721E-02  6.38369936E-04
3.16609188E-01  6.23279437E-02  6.14115095E-04
3.16855865E-01  6.55248165E-02  6.26369962E-04
3.17102541E-01  6.28414452E-02  6.17787766E-04
3.17349217E-01  6.81981891E-02  6.36681914E-04
3.17595894E-01  6.41764775E-02  6.16330770E-04
3.17842570E-01  6.27849475E-02  6.01380481E-04
3.18089247E-01  6.50365800E-02  6.15856028E-04
3.18335923E-01  6.37073591E-02  6.14251301E-04
3.18582599E-01  6.47116229E-02  6.10047835E-04
3.18829276E-01  6.51348010E-02  6.06406131E-04
3.19075952E-01  6.42298535E-02  6.07021619E-04
3.19322629E-01  6.47471100E-02  6.06114103E-04
3.19569305E-01  6.14146963E-02  6.02375192E-04
3.19815982E-01  6.53500408E-02  6.20351988E-04
3.20062658E-01  6.78204969E-02  6.31981064E-04
3.20309334E-01  6.48639202E-02  6.19356928E-04
3.20556011E-01  6.65897205E-02  6.32134324E-04
3.20802687E-01  6.49894401E-02  6.17172162E-04
3.21049364E-01  6.44985661E-02  6.17145735E-04
3.21296040E-01  6.30790442E-02  6.19600120E-04
3.21542717E-01  6.40766993E-02  6.19524682E-04
3.21789393E-01  6.66819811E-02  6.27767877E-04
3.22036069E-01  6.45706430E-02  6.21549960E-04
3.22282746E-01  6.54968172E-02  6.19555824E-04
3.22529422E-01  6.25236034E-02  6.07648573E-04
3.22776099E-01  6.55491427E-02  6.11942203E-04
3.23022775E-01  6.55010492E-02  6.25817338E-04
3.23269452E-01  6.69439882E-02  6.12355361E-04
3.23516128E-01  6.32304549E-02  6.23376633E-04
3.23762804E-01  6.81475401E-02  6.34559430E-04
3.24009481E-01  6.51561692E-02  6.29458867E-04
3.24256157E-01  6.38896003E-02  6.19634578E-04
3.24502834E-01  6.48549795E-02  6.28590409E-04
3.24749510E-01  6.56901151E-02  6.26035035E-04
3.24996186E-01  6.80713207E-02  6.53673313E-04
3.25242863E-01  6.68795332E-02  6.29264803E-04
3.25489539E-01  6.85630441E-02  6.33543124E-04
3.25736216E-01  6.69091642E-02  6.40655344E-04
3.25982892E-01  7.01345578E-02  6.40814600E-04
3.26229569E-01  6.78974688E-02  6.52738556E-04
3.26476245E-01  6.88777566E-02  6.51017122E-04
3.26722921E-01  6.63909391E-02  6.40324259E-04
3.26969598E-01  6.93716928E-02  6.34017575E-04
3.27216274E-01  6.31630272E-02  6.19068160E-04
3.27462951E-01  6.57837167E-02  6.35751348E-04
3.27709627E-01  6.69307709E-02  6.34430093E-04
3.27956304E-01  6.66126162E-02  6.48269779E-04
3.28202980E-01  6.38919324E-02  6.11689407E-04
3.28449656E-01  6.97160959E-02  6.53227733E-04
3.28696333E-01  6.98141605E-02  6.38632628E-04
3.28943009E-01  6.19471781E-02  5.94254641E-04
3.29189686E-01  6.59919009E-02  6.29654678E-04
3.29436362E-01  6.94206655E-02  6.42864674E-04
3.29683039E-01  6.77782148E-02  6.39074948E-04
3.29929715E-01  7.03374222E-02  6.59409037E-04
3.30176391E-01  7.01536611E-02  6.53287105E-04
3.30423068E-01  6.60683215E-02  6.30001188E-04
3.30669744E-01  6.61256984E-02  6.15139550E-04
3.30916421E-01  6.51341453E-02  6.43676613E-04
3.31163097E-01  7.09676817E-02  6.50810951E-04
3.31409773E-01  6.85918257E-02  6.49124966E-04
3.31656450E-01  6.80393428E-02  6.36422250E-04
3.31903126E-01  6.71145171E-02  6.29876507E-04
3.32149803E-01  6.46135509E-02  6.49198482E-04
3.32396479E-01  7.04251379E-02  6.46865286E-04
3.32643156E-01  6.87420517E-02  6.63889805E-04
3.32889832E-01  7.01649785E-02  6.52542920E-04
3.33136508E-01  6.83086738E-02  6.39077625E-04
3.33383185E-01  6.83274865E-02  6.44571963E-04
3.33629861E-01  6.36334866E-02  6.05262117E-04
3.33876538E-01  6.89451769E-02  6.39574719E-04
3.34123214E-01  6.84983060E-02  6.53787283E-04
3.34369891E-01  6.80073947E-02  6.54953939E-04
3.34616567E-01  6.38756156E-02  6.28130918E-04
3.34863243E-01  6.46395385E-02  6.24265755E-04
3.35109920E-01  6.77991509E-02  6.38732512E-04
3.35356596E-01  6.93404600E-02  6.23094558E-04
3.35603273E-01  6.64438605E-02  6.39989332E-04
3.35849949E-01  6.82328567E-02  6.65744417E-04
3.36096625E-01  6.82039112E-02  6.39693637E-04
3.36343302E-01  7.17267841E-02  6.68854627E-04
3.36589978E-01  6.76084906E-02  6.43157633E-04
3.36836655E-01  6.30133599E-02  6.30638213E-04
3.37083331E-01  6.65633008E-02  6.38408121E-04
3.37330008E-01  6.62175715E-02  6.32894342E-04
3.37576684E-01  6.55128509E-02  6.36607525E-04
3.37823360E-01  6.86196312E-02  6.31074770E-04
3.38070037E-01  6.82934895E-02  6.50782080E-04
3.38316713E-01  6.88536316E-02  6.70161156E-04
3.38563390E-01  6.63694367E-02  6.42688363E-04
3.38810066E-01  6.64902031E-02  6.45755266E-04
3.39056743E-01  6.87282458E-02  6.43434178E-04
3.39303419E-01  6.67876080E-02  6.23881177E-04
3.39550095E-01  6.97837472E-02  6.56743592E-04
3.39796772E-01  6.93356767E-02  6.53883384E-04
3.40043448E-01  6.66747838E-02  6.24133914E-04
3.40290125E-01  6.61899373E-02  6.46237051E-04
3.40536801E-01  6.56226575E-02  6.36158162E-04
3.40783478E-01  6.84776455E-02  6.40121463E-04
3.41030154E-01  6.85927346E-02  6.35622710E-04
3.41276830E-01  6.45982027E-02  6.29296701E-04
3.41523507E-01  6.74768984E-02  6.60486927E-04
3.41770183E-01  6.75217584E-02  6.41977240E-04
3.42016860E-01  6.92108274E-02  6.45807711E-04
3.42263536E-01  6.72490597E-02  6.36622950E-04
3.42510212E-01  6.75317049E-02  6.37890771E-04
3.42756889E-01  6.61976188E-02  6.39527512E-04
3.43003565E-01  6.66357130E-02  6.21088489E-04
3.43250242E-01  6.82994425E-02  6.49494992E-04
3.43496918E-01  6.93336427E-02  6.52522314E-04
3.43743595E-01  7.10641891E-02  6.40528626E-04
3.43990271E-01  6.67052716E-02  6.26095047E-04
3.44236947E-01  6.66155443E-02  6.25986839E-04
3.44483624E-01  6.46098927E-02  6.22962136E-04
3.44730300E-01  6.73045889E-02  6.37095887E-04
3.44976977E-01  6.45002648E-02  6.28431444E-04
3.45223653E-01  6.79167733E-02  6.34062046E-04
3.45470330E-01  6.85162991E-02  6.62239618E-04
3.45717006E-01  6.30250424E-02  6.15588680E-04
3.45963682E-01  6.41249195E-02  6.16899692E-04
3.46210359E-01  6.42647445E-02  6.20207633E-04
3.46457035E-01  6.59447312E-02  6.29026210E-04
3.46703712E-01  6.44314438E-02  6.19278871E-04
3.46950388E-01  6.66064918E-02  6.23205095E-04
3.47197064E-01  6.40703142E-02  6.13987038E-04
3.47443741E-01  6.59625232E-02  6.42226660E-04
3.47690417E-01  6.40376732E-02  6.28030626E-04
3.47937094E-01  6.38805702E-02  6.15630415E-04
3.48183770E-01  6.33041933E-02  6.29093265E-04
3.48430447E-01  6.70539960E-02  6.41218096E-04
3.48677123E-01  6.57150298E-02  6.16436184E-04
3.48923799E-01  6.26208410E-02  6.11434109E-04
3.49170476E-01  6.69976398E-02  6.41745923E-04
3.49417152E-01  6.48016557E-02  6.35291799E-04
3.49663829E-01  6.63838536E-02  6.37914462E-04
3.49910505E-01  6.51936308E-02  6.35805598E-04
3.50157182E-01  6.39523566E-02  6.07855618E-04
3.50403858E-01  6.28383905E-02  6.30792463E-04
3.50650534E-01  6.44271895E-02  6.13451528E-04
3.50897211E-01  6.36573806E-02  6.14618359E-04
3.51143887E-01  6.38621375E-02  6.18247082E-04
3.51390564E-01  6.10280856E-02  6.20505773E-04
3.51637240E-01  6.31234720E-02  6.20420848E-04
3.51883917E-01  6.39191717E-02  6.23421976E-04
3.52130593E-01  6.30810261E-02  6.08202012E-04
3.52377269E-01  6.68193102E-02  6.22793101E-04
3.52623946E-01  6.46485090E-02  6.24741777E-04
3.52870622E-01  6.12471402E-02  5.89104951E-04
3.53117299E-01  6.41007423E-02  6.17599289E-04
3.53363975E-01  6.29924908E-02  6.24297070E-04
3.53610651E-01  6.21897243E-02  6.23586879E-04
3.53857328E-01  6.14572801E-02  6.12503849E-04
3.54104004E-01  6.19294532E-02  5.98905084E-04
3.54350681E-01  6.24454394E-02  6.16394682E-04
3.54597357E-01  6.22155666E-02  6.00643223E-04
3.54844034E-01  6.24095984E-02  6.21834828E-04
3.55090710E-01  6.25389889E-02  6.06747402E-04
3.55337386E-01  5.91330156E-02  5.91402408E-04
3.55584063E-01  6.23388626E-02  6.02070300E-04
3.55830739E-01  6.24173731E-02  6.19025435E-04
3.56077416E-01  6.38880953E-02  6.22142514E-04
3.56324092E-01  5.70457503E-02  5.78650681E-04
3.56570769E-01  5.89228980E-02  5.93356846E-04
3.56817445E-01  6.09457642E-02  5.91439311E-04
3.57064121E-01  6.12888373E-02  6.21852116E-04
3.57310798E-01  6.30272925E-02  6.19326369E-04
3.57557474E-01  6.05007447E-02  5.89911360E-04
3.57804151E-01  5.90991303E-02  6.11521129E-04
3.58050827E-01  5.81468828E-02  5.86709415E-04
3.58297503E-01  5.84073775E-02  6.07204041E-04
3.58544180E-01  6.02597669E-02  6.06027257E-04
3.58790856E-01  6.09284155E-02  6.05560141E-04
3.59037533E-01  6.29119277E-02  6.11862459E-04
3.59284209E-01  5.98335788E-02  6.03505061E-04
3.59530886E-01  6.01412877E-02  5.98922663E-04
3.59777562E-01  5.87429851E-02  5.84585476E-04
3.60024238E-01  5.83841465E-02  5.96735452E-04
3.60270915E-01  5.96293025E-02  6.03446970E-04
3.60517591E-01  5.95458783E-02  5.92375756E-04
3.60764268E-01  5.71402386E-02  5.79746091E-04
3.61010944E-01  5.57834692E-02  5.79904532E-04
3.61257621E-01  5.88107370E-02  5.86509705E-04
3.61504297E-01  6.15961999E-02  6.07645838E-04
3.61750973E-01  5.71242049E-02  5.99959341E-04
3.61997650E-01  5.74807338E-02  5.96792612E-04
3.62244326E-01  5.86719401E-02  5.84796653E-04
3.62491003E-01  5.49173653E-02  5.77185070E-04
3.62737679E-01  5.70612065E-02  5.87999879E-04
3.62984356E-01  6.09522983E-02  6.10028103E-04
3.63231032E-01  5.78168593E-02  5.74113335E-04
3.63477708E-01  5.93197793E-02  6.03099295E-04
3.63724385E-01  5.98011538E-02  5.96347323E-04
3.63971061E-01  5.82354888E-02  5.90892392E-04
3.64217738E-01  5.54414131E-02  5.84832509E-04
3.64464414E-01  5.59397861E-02  6.05337438E-04
3.64711090E-01  5.73261976E-02  5.96753380E-04
3.64957767E-01  5.55553511E-02  5.62064350E-04
3.65204443E-01  5.77483773E-02  5.93874254E-04
3.65451120E-01  5.74472174E-02  5.94686135E-04
3.65697796E-01  5.44461794E-02  5.76871156E-04
3.65944473E-01  5.72848357E-02  5.82645240E-04
3.66191149E-01  5.35306111E-02  5.69795666E-04
3.66437825E-01  5.92731573E-02  5.91857184E-04
3.66684502E-01  5.65449074E-02  5.92590368E-04
3.66931178E-01  5.77748716E-02  5.91360615E-04
3.67177855E-01  5.64447790E-02  5.84704801E-04
3.67424531E-01  5.38495779E-02  5.74076723E-04
3.67671208E-01  5.44952489E-02  5.79366228E-04
3.67917884E-01  5.85001744E-02  5.80049760E-04
3.68164560E-01  5.72693832E-02  5.74384059E-04
3.68411237E-01  6.16493784E-02  6.14766090E-04
3.68657913E-01  5.44648506E-02  5.81436907E-04
3.68904590E-01  5.40769137E-02  5.96206635E-04
3.69151266E-01  5.71568608E-02  5.65208262E-04
3.69397943E-01  5.70654012E-02  5.73699188E-04
3.69644619E-01  5.66401295E-02  5.72490157E-04
3.69891295E-01  5.76866679E-02  5.70117438E-04
3.70137972E-01  5.50921746E-02  5.63163368E-04
3.70384648E-01  5.72588369E-02  5.77037048E-04
3.70631325E-01  5.36509678E-02  5.65249589E-04
3.70878001E-01  5.89428842E-02  5.87384508E-04
3.71124677E-01  5.60308993E-02  5.66544826E-04
3.71371354E-01  6.06301501E-02  6.05135690E-04
3.71618030E-01  5.71045615E-02  5.70103351E-04
3.71864707E-01  5.87649718E-02  5.97089005E-04
3.72111383E-01  5.72374910E-02  5.93389326E-04
3.72358060E-01  5.97203150E-02  6.07317023E-04
3.72604736E-01  5.60649522E-02  5.96221013E-04
3.72851412E-01  5.74661605E-02  5.81145578E-04
3.73098089E-01  5.59318960E-02  5.71151089E-04
3.73344765E-01  5.54561764E-02  5.75472426E-04
3.73591442E-01  5.76967523E-02  5.91281161E-04
3.73838118E-01  5.69604449E-02  5.76098391E-04
3.74084795E-01  5.38064279E-02  5.66506991E-04
3.74331471E-01  5.46371713E-02  5.61964582E-04
3.74578147E-01  5.52206039E-02  5.73155237E-04
3.74824824E-01  5.26778065E-02  5.45269751E-04
3.75071500E-01  5.56260906E-02  5.78165695E-04
3.75318177E-01  5.55212125E-02  5.69785130E-04
3.75564853E-01  5.59451133E-02  5.76213235E-04
3.75811529E-01  5.31078763E-02  5.65337890E-04
3.76058206E-01  5.41277789E-02  5.62833331E-04
3.76304882E-01  5.45474850E-02  5.82112873E-04
3.76551559E-01  5.46614714E-02  5.74285164E-04
3.76798235E-01  5.26582971E-02  5.68734598E-04
3.77044912E-01  5.37882224E-02  5.54845261E-04
3.77291588E-01  5.29747754E-02  5.81329863E-04
3.77538264E-01  5.23454137E-02  5.61935885E-04
3.77784941E-01  5.35178110E-02  5.62588393E-04
3.78031617E-01  5.73721863E-02  5.92243916E-04
3.78278294E-01  5.58794178E-02  5.70404984E-04
3.78524970E-01  5.58099709E-02  5.84577909E-04
3.78771647E-01  5.54548986E-02  5.94464364E-04
3.79018323E-01  5.19765392E-02  5.73865022E-04
3.79264999E-01  5.62471598E-02  5.78727399E-04
3.79511676E-01  5.54747619E-02  5.87040326E-04
3.79758352E-01  5.62141575E-02  5.71892306E-04
3.80005029E-01  5.53793199E-02  5.78555453E-04
3.80251705E-01  5.25837652E-02  5.74729405E-04
3.80498382E-01  5.49050383E-02  5.71315701E-04
3.80745058E-01  5.45933694E-02  5.75350248E-04
3.80991734E-01  5.46598025E-02  5.90982439E-04
3.81238411E-01  5.51168770E-02  5.90187672E-04
3.81485087E-01  5.60390316E-02  6.03274093E-04
3.81731764E-01  5.45409024E-02  5.91079355E-04
3.81978440E-01  5.45096658E-02  6.01906213E-04
3.82225116E-01  5.44675589E-02  6.12053613E-04
3.82471793E-01  4.99300472E-02  5.77134429E-04
3.82718469E-01  5.78197129E-02  6.21376268E-04
3.82965146E-01  5.43727279E-02  6.11487136E-04
3.83211822E-01  5.08707352E-02  5.98099839E-04
3.83458499E-01  5.64122908E-02  6.27376372E-04
3.83705175E-01  5.48040569E-02  6.48814661E-04
3.83951851E-01  5.55745251E-02  6.23462896E-04
3.84198528E-01  5.36702685E-02  6.24422100E-04
3.84445204E-01  5.56786358E-02  6.25879853E-04
3.84691881E-01  5.41888513E-02  6.32141775E-04
3.84938557E-01  5.21144271E-02  6.27995294E-04
3.85185234E-01  5.52330837E-02  6.42314903E-04
3.85431910E-01  4.92712930E-02  6.09304057E-04
3.85678586E-01  4.97101471E-02  6.19288650E-04
3.85925263E-01  5.39542437E-02  6.34814613E-04
3.86171939E-01  5.52793369E-02  6.57421886E-04
3.86418616E-01  5.79488240E-02  6.82037207E-04
3.86665292E-01  5.23872599E-02  6.44772314E-04
3.86911968E-01  5.59348539E-02  6.48517511E-04
3.87158645E-01  5.18677421E-02  6.43142557E-04
3.87405321E-01  5.72201461E-02  6.71154296E-04
3.87651998E-01  5.27627468E-02  6.44685584E-04
3.87898674E-01  5.34777753E-02  6.44798274E-04
3.88145351E-01  5.22707775E-02  6.43649488E-04
3.88392027E-01  5.69460727E-02  6.91073306E-04
3.88638703E-01  5.44007160E-02  6.64796273E-04
3.88885380E-01  5.67630306E-02  6.89065491E-04
3.89132056E-01  5.17898388E-02  6.41356746E-04
3.89378733E-01  5.28337210E-02  6.53775060E-04
3.89625409E-01  5.24504185E-02  6.79309713E-04
3.89872086E-01  5.39378226E-02  6.93152018E-04
3.90118762E-01  5.22222817E-02  6.45176624E-04
3.90365438E-01  5.93771189E-02  6.83761667E-04
3.90612115E-01  5.46503365E-02  6.72701804E-04
3.90858791E-01  5.17548807E-02  6.23304571E-04
3.91105468E-01  5.54898977E-02  6.52867602E-04
3.91352144E-01  5.58337942E-02  6.64749998E-04
3.91598821E-01  5.34282178E-02  6.57720258E-04
3.91845497E-01  5.45342527E-02  6.40152488E-04
3.92092173E-01  5.48423529E-02  6.25023094E-04
3.92338850E-01  5.29936366E-02  6.48631423E-04
3.92585526E-01  5.40343747E-02  6.25457440E-04
3.92832203E-01  5.42800017E-02  6.24111388E-04
3.93078879E-01  5.33114821E-02  6.28008449E-04
3.93325555E-01  5.01330681E-02  6.10591960E-04
3.93572232E-01  5.29057831E-02  6.19093596E-04
3.93818908E-01  5.37290648E-02  6.17148296E-04
3.94065585E-01  5.31072915E-02  6.23287749E-04
3.94312261E-01  5.57017252E-02  6.22390420E-04
3.94558938E-01  5.51879108E-02  6.17325946E-04
3.94805614E-01  5.65546006E-02  6.42756117E-04
3.95052290E-01  5.38671054E-02  6.10073330E-04
3.95298967E-01  5.56236655E-02  6.26695168E-04
3.95545643E-01  5.20481765E-02  6.23376691E-04
3.95792320E-01  5.36966473E-02  6.32679905E-04
3.96038996E-01  5.19943759E-02  6.09309354E-04
3.96285673E-01  5.19592017E-02  5.93703997E-04
3.96532349E-01  5.30779660E-02  6.23502012E-04
3.96779025E-01  5.35355844E-02  6.04680565E-04
3.97025702E-01  5.26997447E-02  5.79858781E-04
3.97272378E-01  5.50442636E-02  6.31551724E-04
3.97519055E-01  5.51533885E-02  6.28227252E-04
3.97765731E-01  5.22112846E-02  5.95988822E-04
3.98012407E-01  5.33217415E-02  5.91300661E-04
3.98259084E-01  4.98379618E-02  5.81173110E-04
3.98505760E-01  5.63559979E-02  6.14888559E-04
3.98752437E-01  5.32523431E-02  6.00718544E-04
3.98999113E-01  5.00614345E-02  5.82285866E-04
3.99245790E-01  5.90967238E-02  6.32929557E-04
3.99492466E-01  5.06091453E-02  5.92239667E-04
3.99739142E-01  5.47920838E-02  6.34065247E-04
3.99985819E-01  5.18060848E-02  6.11167517E-04
4.00232495E-01  5.41936383E-02  6.02429442E-04
4.00479172E-01  5.37730120E-02  6.18968334E-04
4.00725848E-01  5.39521500E-02  5.98650135E-04
4.00972525E-01  5.33379689E-02  6.03972643E-04
4.01219201E-01  5.53320087E-02  6.40224782E-04
4.01465877E-01  5.81257381E-02  6.22529711E-04
4.01712554E-01  5.27458079E-02  5.92402997E-04
4.01959230E-01  5.32995313E-02  6.11389929E-04
4.02205907E-01  5.06417304E-02  5.77102590E-04
4.02452583E-01  5.18058501E-02  5.98830695E-04
4.02699260E-01  5.37735634E-02  6.19811355E-04
4.02945936E-01  5.27037941E-02  6.18387945E-04
4.03192612E-01  5.35740331E-02  6.05043955E-04
4.03439289E-01  5.08748703E-02  6.01207023E-04
4.03685965E-01  5.34118935E-02  6.04897796E-04
4.03932642E-01  5.18025011E-02  6.14052638E-04
4.04179318E-01  5.27219698E-02  5.93503937E-04
4.04425994E-01  5.17335273E-02  5.89023868E-04
4.04672671E-01  5.25957271E-02  5.87135321E-04
4.04919347E-01  5.04868962E-02  5.83330344E-04
4.05166024E-01  5.15831448E-02  5.93664823E-04
4.05412700E-01  5.62704057E-02  6.25152315E-04
4.05659377E-01  5.20591475E-02  5.99039777E-04
4.05906053E-01  5.39711453E-02  5.97858685E-04
4.06152729E-01  5.30697182E-02  5.83490881E-04
4.06399406E-01  5.32129481E-02  6.14378718E-04
4.06646082E-01  4.96958382E-02  5.73290861E-04
4.06892759E-01  5.38059510E-02  6.04834117E-04
4.07139435E-01  5.45441136E-02  6.04482368E-04
4.07386112E-01  5.20947352E-02  5.94932004E-04
4.07632788E-01  5.44788055E-02  6.09317038E-04
4.07879464E-01  5.48212640E-02  6.09607552E-04
4.08126141E-01  5.47654182E-02  6.12966483E-04
4.08372817E-01  4.91128415E-02  5.61976456E-04
4.08619494E-01  5.23437113E-02  5.84090361E-04
4.08866170E-01  5.22276163E-02  5.94801211E-04
4.09112847E-01  5.28277084E-02  6.01135602E-04
4.09359523E-01  4.89005856E-02  5.68019343E-04
4.09606199E-01  5.41342087E-02  6.09814015E-04
4.09852876E-01  5.09545803E-02  5.95552963E-04
4.10099552E-01  4.82918695E-02  5.75556420E-04
4.10346229E-01  5.25107980E-02  6.02734799E-04
4.10592905E-01  5.44929132E-02  5.91399672E-04
4.10839581E-01  5.41494563E-02  6.09172275E-04
4.11086258E-01  5.20831011E-02  5.88957511E-04
4.11332934E-01  5.25036566E-02  5.85681817E-04
4.11579611E-01  5.37543781E-02  5.98417246E-04
4.11826287E-01  5.20198531E-02  5.92732045E-04
4.12072964E-01  5.22722863E-02  5.90950309E-04
4.12319640E-01  5.73656484E-02  6.17201673E-04
4.12566316E-01  5.17777912E-02  5.68764459E-04
4.12812993E-01  5.11275195E-02  5.68816962E-04
4.13059669E-01  5.13331518E-02  5.89323463E-04
4.13306346E-01  5.28305396E-02  6.03024964E-04
4.13553022E-01  5.08222394E-02  5.88646973E-04
4.13799699E-01  5.37403785E-02  5.90275275E-04
4.14046375E-01  5.25123291E-02  5.89505245E-04
4.14293051E-01  4.98990007E-02  5.87411225E-04
4.14539728E-01  5.49824871E-02  6.18005113E-04
4.14786404E-01  5.68358712E-02  6.16462261E-04
4.15033081E-01  5.52145503E-02  6.01476466E-04
4.15279757E-01  5.38909212E-02  5.98139770E-04
4.15526433E-01  5.26709892E-02  5.65261289E-04
4.15773110E-01  5.24897836E-02  6.03121647E-04
4.16019786E-01  5.37542254E-02  5.86842012E-04
4.16266463E-01  5.46328500E-02  5.96218684E-04
4.16513139E-01  5.23279570E-02  6.04719506E-04
4.16759816E-01  5.40834740E-02  5.94917859E-04
4.17006492E-01  5.28864153E-02  6.01650216E-04
4.17253168E-01  4.95517440E-02  5.79374726E-04
4.17499845E-01  4.95209433E-02  5.65318973E-04
4.17746521E-01  5.11191748E-02  5.90370910E-04
4.17993198E-01  5.36224656E-02  5.98592276E-04
4.18239874E-01  5.06810434E-02  5.82135515E-04
4.18486551E-01  5.33570834E-02  6.09400508E-04
4.18733227E-01  5.44185080E-02  5.86011563E-04
4.18979903E-01  5.02551645E-02  5.92346536E-04
4.19226580E-01  5.34738563E-02  5.98560611E-04
4.19473256E-01  5.33045232E-02  6.11611817E-04
4.19719933E-01  5.09670712E-02  5.71736658E-04
4.19966609E-01  5.10950796E-02  5.86679846E-04
4.20213286E-01  5.06890826E-02  5.99038671E-04
4.20459962E-01  5.14133945E-02  5.85976755E-04
4.20706638E-01  5.40959425E-02  6.11045805E-04
4.20953315E-01  5.50817698E-02  6.21105370E-04
4.21199991E-01  5.30027859E-02  5.95212739E-04
4.21446668E-01  5.22758253E-02  6.02752087E-04
4.21693344E-01  5.29925115E-02  5.92613302E-04
4.21940020E-01  5.54439686E-02  6.15837402E-04
4.22186697E-01  5.31448796E-02  5.93807548E-04
4.22433373E-01  5.03833555E-02  5.77341591E-04
4.22680050E-01  4.87454794E-02  5.61236520E-04
4.22926726E-01  5.43006025E-02  5.88655414E-04
4.23173403E-01  5.36426753E-02  6.07514929E-04
4.23420079E-01  5.21921925E-02  5.93008182E-04
4.23666755E-01  5.48684858E-02  5.81857515E-04
4.23913432E-01  5.45630418E-02  6.00229134E-04
4.24160108E-01  5.37364930E-02  6.12983538E-04
4.24406785E-01  5.23182079E-02  5.88575902E-04
4.24653461E-01  5.55958189E-02  6.11245225E-04
4.24900138E-01  5.03213480E-02  5.74965379E-04
4.25146814E-01  5.64793609E-02  6.16004341E-04
4.25393490E-01  5.36736995E-02  6.10360701E-04
4.25640167E-01  5.40893339E-02  6.01615757E-04
4.25886843E-01  5.48149869E-02  6.15889905E-04
4.26133520E-01  5.17599359E-02  5.92020981E-04
4.26380196E-01  5.71570694E-02  6.08582748E-04
4.26626872E-01  5.38525991E-02  5.87575778E-04
4.26873549E-01  5.18765450E-02  5.77160565E-04
4.27120225E-01  5.29313199E-02  5.86527516E-04
4.27366902E-01  5.21129817E-02  5.82045992E-04
4.27613578E-01  5.32492846E-02  5.90394950E-04
4.27860255E-01  5.32516725E-02  5.86735317E-04
4.28106931E-01  5.20244353E-02  5.86437644E-04
4.28353607E-01  4.93477881E-02  5.68683259E-04
4.28600284E-01  5.15052937E-02  5.73184399E-04
4.28846960E-01  5.42165898E-02  6.00943167E-04
4.29093637E-01  5.10157347E-02  5.72863035E-04
4.29340313E-01  5.32681122E-02  6.01326872E-04
4.29586990E-01  5.51912412E-02  5.98940591E-04
4.29833666E-01  5.07108718E-02  5.83201763E-04
4.30080342E-01  5.11224754E-02  5.92430471E-04
4.30327019E-01  4.99408431E-02  5.77811850E-04
4.30573695E-01  5.29679433E-02  5.89714095E-04
4.30820372E-01  5.09806685E-02  5.77671512E-04
4.31067048E-01  4.99333851E-02  5.78986597E-04
4.31313725E-01  5.47946319E-02  5.92319411E-04
4.31560401E-01  5.16271517E-02  5.88566938E-04
4.31807077E-01  5.13418168E-02  5.70955046E-04
4.32053754E-01  5.34480363E-02  5.96610538E-04
4.32300430E-01  5.12841530E-02  5.86985319E-04
4.32547107E-01  5.20279147E-02  5.82914625E-04
4.32793783E-01  5.36194742E-02  6.10000163E-04
4.33040459E-01  5.32607399E-02  5.91231685E-04
4.33287136E-01  5.63513450E-02  6.08611270E-04
4.33533812E-01  5.36429808E-02  5.95054647E-04
4.33780489E-01  5.32949902E-02  5.98315790E-04
4.34027165E-01  5.26314154E-02  5.93238743E-04
4.34273842E-01  5.62208109E-02  6.13457756E-04
4.34520518E-01  5.28066866E-02  5.81270957E-04
4.34767194E-01  5.14561459E-02  5.85095142E-04
4.35013871E-01  5.46974055E-02  6.03624503E-04
4.35260547E-01  5.51492460E-02  6.11558557E-04
4.35507224E-01  5.13353720E-02  5.73757279E-04
4.35753900E-01  4.94171940E-02  5.69008465E-04
4.36000577E-01  5.38007580E-02  6.19499304E-04
4.36247253E-01  5.19784689E-02  6.09400915E-04
4.36493929E-01  5.36351092E-02  5.99019346E-04
4.36740606E-01  5.20238206E-02  5.91117074E-04
4.36987282E-01  5.28119132E-02  5.85938920E-04
4.37233959E-01  5.24104275E-02  5.98606595E-04
4.37480635E-01  5.29585518E-02  6.00627915E-04
4.37727311E-01  5.44632189E-02  6.02394051E-04
4.37973988E-01  5.40233403E-02  6.05220848E-04
4.38220664E-01  5.31574897E-02  6.06772490E-04
4.38467341E-01  5.21408170E-02  5.86810405E-04
4.38714017E-01  5.17727174E-02  5.87401504E-04
4.38960694E-01  5.02354614E-02  5.73369383E-04
4.39207370E-01  5.32575771E-02  6.05149544E-04
4.39454046E-01  5.54891638E-02  6.06008980E-04
4.39700723E-01  5.44832088E-02  5.91814518E-04
4.39947399E-01  5.40683158E-02  6.09287876E-04
4.40194076E-01  5.45568094E-02  5.88377647E-04
4.40440752E-01  5.20186611E-02  5.97833714E-04
4.40687429E-01  5.30264191E-02  5.85488393E-04
4.40934105E-01  5.46651483E-02  5.90986863E-04
4.41180781E-01  5.28810769E-02  5.82284003E-04
4.41427458E-01  5.16225025E-02  5.91262244E-04
4.41674134E-01  5.25733456E-02  5.87299350E-04
4.41920811E-01  5.18033281E-02  5.74598380E-04
4.42167487E-01  5.22586554E-02  5.83419227E-04
4.42414164E-01  5.30891083E-02  5.89202158E-04
4.42660840E-01  5.48013560E-02  6.13307289E-04
4.42907516E-01  5.45664765E-02  6.00651838E-04
4.43154193E-01  5.11493571E-02  5.89027593E-04
4.43400869E-01  5.29304110E-02  5.91888849E-04
4.43647546E-01  4.95344624E-02  5.69433090E-04
4.43894222E-01  5.29756323E-02  5.93501143E-04
4.44140898E-01  5.30420318E-02  5.99752762E-04
4.44387575E-01  5.35879470E-02  5.94199926E-04
4.44634251E-01  5.41262478E-02  5.98240993E-04
4.44880928E-01  5.34839034E-02  6.07282913E-04
4.45127604E-01  4.96120304E-02  5.68096701E-04
4.45374281E-01  5.51065281E-02  5.93336474E-04
4.45620957E-01  5.01594767E-02  5.81640285E-04
4.45867633E-01  5.26022799E-02  5.91324409E-04
4.46114310E-01  5.14228269E-02  5.85460046E-04
4.46360986E-01  5.24221100E-02  5.95554535E-04
4.46607663E-01  5.20449318E-02  5.84223424E-04
4.46854339E-01  5.08215539E-02  5.93981065E-04
4.47101016E-01  5.43870553E-02  6.05279172E-04
4.47347692E-01  5.57419695E-02  6.23746251E-04
4.47594368E-01  5.26033491E-02  5.63870359E-04
4.47841045E-01  5.31523861E-02  5.96630096E-04
4.48087721E-01  5.65783978E-02  6.10734860E-04
4.48334398E-01  5.30399084E-02  5.70241886E-04
4.48581074E-01  5.30306213E-02  6.10903720E-04
4.48827751E-01  5.11002354E-02  5.80558437E-04
4.49074427E-01  5.17103858E-02  5.71899000E-04
4.49321103E-01  5.27178198E-02  6.01686887E-04
4.49567780E-01  4.91346195E-02  5.64626418E-04
4.49814456E-01  5.50228432E-02  5.90664858E-04
4.50061133E-01  5.55336848E-02  5.93821169E-04
4.50307809E-01  5.33277392E-02  6.12684642E-04
4.50554485E-01  5.25899567E-02  5.83180750E-04
4.50801162E-01  5.37117757E-02  5.98711718E-04
4.51047838E-01  5.23229577E-02  5.86444337E-04
4.51294515E-01  5.25069982E-02  5.83066896E-04
4.51541191E-01  5.53488210E-02  6.18614373E-04
4.51787868E-01  5.13248667E-02  5.77823783E-04
4.52034544E-01  5.28316461E-02  5.92816737E-04
4.52281220E-01  5.13139516E-02  5.72999124E-04
4.52527897E-01  5.36201671E-02  6.00139669E-04
4.52774573E-01  5.46375476E-02  6.02312153E-04
4.53021250E-01  5.33403568E-02  5.95206569E-04
4.53267926E-01  5.27895764E-02  5.86888753E-04
4.53514603E-01  5.11147715E-02  5.71124081E-04
4.53761279E-01  5.30331172E-02  5.85497357E-04
4.54007955E-01  5.27559891E-02  5.96631493E-04
4.54254632E-01  5.37433326E-02  5.90268581E-04
4.54501308E-01  4.98438925E-02  5.51241741E-04
4.54747985E-01  5.52041456E-02  5.87399234E-04
4.54994661E-01  5.16510680E-02  5.71424549E-04
4.55241337E-01  5.24224713E-02  5.97236794E-04
4.55488014E-01  5.25994599E-02  5.67929179E-04
4.55734690E-01  5.43357506E-02  6.04783127E-04
4.55981367E-01  5.76728582E-02  6.03950350E-04
4.56228043E-01  4.95762043E-02  5.72636607E-04
4.56474720E-01  5.39988540E-02  5.81682310E-04
4.56721396E-01  5.30004501E-02  5.90839016E-04
4.56968072E-01  5.23367301E-02  5.57465362E-04
4.57214749E-01  5.34111336E-02  5.95516583E-04
4.57461425E-01  5.31195477E-02  5.74419508E-04
4.57708102E-01  5.20733632E-02  5.77448693E-04
4.57954778E-01  5.32058664E-02  5.65277704E-04
4.58201455E-01  5.34447916E-02  5.82214678E-04


### HEADER:
#
#{
#    "analysis": {},
#    "calibration_params": {
#        "Beam_Center_X": 1092.0,
#        "Beam_Center_Y": 2091.0,
#        "Detector Tilt": 0.0,
#        "Detector Tilt Plane Rotation": 0.0,
#        "Detector_X_Pixel_Size": 75.0,
#        "Detector_Y_Pixel_Size": 75.0,
#        "Integration Method": "nosplit_csr",
#        "Radial_Average_Method": "pyFAI",
#        "Sample-to-detector distance (mm)": 1731.0,
#        "Wavelength (A)": 1.0993212460550197
#    },
#    "config_file": "/mnt/home/chess_id7a/.RAW/backup.cfg",
#    "counters": {
#        "Epoch": "147.143",
#        "I1": "0",
#        "I2": "0",
#        "I3": "0",
#        "Seconds": "0.3",
#        "Time": "2.00272e-05",
#        "date": "Thu May 16 22:59:26 2024",
#        "diode": "14385"
#    },
#    "filename": "DM0014_35C_080MPa_up_2_data_000001_00001.h5",
#    "history": {},
#    "imageHeader": {},
#    "load_path": "/nfs/chess/daq/current/id7a/Budin_05_16_24/DM0014_DOPI/DM0014_35C_080MPa_up_2_data_000001.h5",
#    "normalizations": {
#        "Absolute_scale": {
#            "Absolute_scale_factor": 0.01111656324368444,
#            "Method": "Water"
#        },
#        "Counter_norms": [
#            [
#                "/",
#                "diode/150000"
#            ]
#        ],
#        "Polarization": {
#            "Used": false
#        },
#        "Solid_Angle_Correction": "On"
#    },
#    "raw_version": "2.1.4"
#}

