### DATA:
#
# 1786
#      Q             I(Q)           Error     
1.06204562E-02  6.40112019E+00  1.22299433E-01
1.09114276E-02  5.81736279E+00  9.80160311E-02
1.12023990E-02  5.19262791E+00  8.36510137E-02
1.14933704E-02  4.80436039E+00  8.02691877E-02
1.17843418E-02  4.32031918E+00  7.91160464E-02
1.20753132E-02  3.99952722E+00  7.99096674E-02
1.23662846E-02  3.71193385E+00  6.38459101E-02
1.26572560E-02  3.38860655E+00  5.60863353E-02
1.29482274E-02  3.10244322E+00  5.18797711E-02
1.32391988E-02  2.85297561E+00  4.35701348E-02
1.35301702E-02  2.66573572E+00  4.75267284E-02
1.38211416E-02  2.49090075E+00  4.41332161E-02
1.41121131E-02  2.28724813E+00  3.32704857E-02
1.44030845E-02  2.11295652E+00  3.33149433E-02
1.46940559E-02  2.02756166E+00  3.41844335E-02
1.49850273E-02  1.83748043E+00  2.83015668E-02
1.52759987E-02  1.84058559E+00  2.84421053E-02
1.55669701E-02  1.69828093E+00  2.57886890E-02
1.58579415E-02  1.59966505E+00  2.46322174E-02
1.61489129E-02  1.50671649E+00  2.50857566E-02
1.64398843E-02  1.43417335E+00  2.06864867E-02
1.67308557E-02  1.37732673E+00  2.29182132E-02
1.70218271E-02  1.32304513E+00  2.11576000E-02
1.73127985E-02  1.28409755E+00  2.04803552E-02
1.76037699E-02  1.22236729E+00  2.01467890E-02
1.78947413E-02  1.10889506E+00  1.59269590E-02
1.81857127E-02  1.05557621E+00  1.86629910E-02
1.84766841E-02  1.06552768E+00  1.52139990E-02
1.87676555E-02  1.00594854E+00  1.64485946E-02
1.90586269E-02  9.64324296E-01  1.58137623E-02
1.93495983E-02  9.40028548E-01  1.51315518E-02
1.96405697E-02  9.10948753E-01  1.50435586E-02
1.99315411E-02  8.57420385E-01  1.43918907E-02
2.02225125E-02  8.45045269E-01  1.25399679E-02
2.05134839E-02  8.01097214E-01  1.39949787E-02
2.08044553E-02  7.69448757E-01  1.19355917E-02
2.10954267E-02  7.50934124E-01  1.07622370E-02
2.13863981E-02  7.33943939E-01  1.15078827E-02
2.16773695E-02  7.16155708E-01  1.19848913E-02
2.19683409E-02  6.61152542E-01  9.93551966E-03
2.22593123E-02  6.74349904E-01  9.47696343E-03
2.25502837E-02  6.47478759E-01  9.31746513E-03
2.28412551E-02  6.11997604E-01  8.48123990E-03
2.31322265E-02  6.01594090E-01  8.78609624E-03
2.34231979E-02  5.98627746E-01  8.44067615E-03
2.37141694E-02  5.77516139E-01  7.79096736E-03
2.40051408E-02  5.57723880E-01  8.18869565E-03
2.42961122E-02  5.57440698E-01  8.15621018E-03
2.45870836E-02  5.45264542E-01  8.37748032E-03
2.48780550E-02  5.19265115E-01  7.09128240E-03
2.51690264E-02  5.09359121E-01  7.54309678E-03
2.54599978E-02  4.94237095E-01  6.81828847E-03
2.57509692E-02  4.97791797E-01  7.08226394E-03
2.60419406E-02  4.75310147E-01  7.47473165E-03
2.63329120E-02  4.73566979E-01  6.96457084E-03
2.66238834E-02  4.62529391E-01  6.77672075E-03
2.69148548E-02  4.55822825E-01  6.90341601E-03
2.72058262E-02  4.53963757E-01  6.39024656E-03
2.74967976E-02  4.30819869E-01  6.39994862E-03
2.77877690E-02  4.32941914E-01  6.30933559E-03
2.80787404E-02  4.07983691E-01  6.22340478E-03
2.83697118E-02  4.04085696E-01  6.28182525E-03
2.86606832E-02  4.09469754E-01  5.75072411E-03
2.89516546E-02  4.19638783E-01  6.66465657E-03
2.92426260E-02  4.04386491E-01  5.69366384E-03
2.95335974E-02  3.86208028E-01  5.89024695E-03
2.98245688E-02  3.96454513E-01  5.65089425E-03
3.01155402E-02  3.76498073E-01  5.16227726E-03
3.04065116E-02  3.80272508E-01  6.03147410E-03
3.06974830E-02  3.71526957E-01  5.40904421E-03
3.09884544E-02  3.71355802E-01  5.50018810E-03
3.12794258E-02  3.52316439E-01  4.90918150E-03
3.15703972E-02  3.57822418E-01  4.97006113E-03
3.18613686E-02  3.56137186E-01  4.91228513E-03
3.21523400E-02  3.51565570E-01  4.71707527E-03
3.24433114E-02  3.38170052E-01  4.97296732E-03
3.27342828E-02  3.39053392E-01  4.87428997E-03
3.30252543E-02  3.35747182E-01  4.63528512E-03
3.33162257E-02  3.36559236E-01  4.65178210E-03
3.36071971E-02  3.26582313E-01  4.50165616E-03
3.38981685E-02  3.20796072E-01  4.54201503E-03
3.41891399E-02  3.21798533E-01  4.36309678E-03
3.44801113E-02  3.20917726E-01  4.75772377E-03
3.47710827E-02  3.17167342E-01  4.31581261E-03
3.50620541E-02  3.18597674E-01  4.07489808E-03
3.53530255E-02  3.05485219E-01  4.38093441E-03
3.56439969E-02  3.07723671E-01  4.10495931E-03
3.59349683E-02  3.07815015E-01  4.18775901E-03
3.62259397E-02  3.12412590E-01  3.78620019E-03
3.65169111E-02  3.08756500E-01  3.99556709E-03
3.68078825E-02  2.97399521E-01  4.06320812E-03
3.70988539E-02  3.00435185E-01  3.92566947E-03
3.73898253E-02  3.01855326E-01  3.99836339E-03
3.76807967E-02  3.08885813E-01  3.66285793E-03
3.79717681E-02  2.97372788E-01  3.98974586E-03
3.82627395E-02  3.02362621E-01  3.96175822E-03
3.85537109E-02  2.91263223E-01  3.73673090E-03
3.88446823E-02  2.86094427E-01  3.67623754E-03
3.91356537E-02  2.91989565E-01  3.72609030E-03
3.94266251E-02  2.93274730E-01  3.77578358E-03
3.97175965E-02  2.88591862E-01  3.77153745E-03
4.00085679E-02  2.93599069E-01  3.72944330E-03
4.02995393E-02  2.90243953E-01  3.59765254E-03
4.05905107E-02  2.86318392E-01  3.41465278E-03
4.08814821E-02  2.87938863E-01  3.76179232E-03
4.11724535E-02  2.89049447E-01  3.64635140E-03
4.14634249E-02  2.90358961E-01  3.41012655E-03
4.17543963E-02  2.83726186E-01  3.51018272E-03
4.20453677E-02  2.87527978E-01  3.47513217E-03
4.23363392E-02  2.91101784E-01  3.60275223E-03
4.26273106E-02  2.86033571E-01  3.29253660E-03
4.29182820E-02  2.86210358E-01  3.60246166E-03
4.32092534E-02  2.86382139E-01  3.45264305E-03
4.35002248E-02  2.85521328E-01  3.34593933E-03
4.37911962E-02  2.85315543E-01  3.30946175E-03
4.40821676E-02  2.86977619E-01  3.13272141E-03
4.43731390E-02  2.87315011E-01  3.48765985E-03
4.46641104E-02  2.86902666E-01  3.41806561E-03
4.49550818E-02  2.90986747E-01  3.38533311E-03
4.52460532E-02  2.91696012E-01  3.33318557E-03
4.55370246E-02  2.91267693E-01  3.25745717E-03
4.58279960E-02  2.92691588E-01  3.37617192E-03
4.61189674E-02  2.93141603E-01  3.35476128E-03
4.64099388E-02  2.98252642E-01  3.33052757E-03
4.67009102E-02  3.00125211E-01  3.33468779E-03
4.69918816E-02  3.06878835E-01  3.45276436E-03
4.72828530E-02  2.99734235E-01  3.27856676E-03
4.75738244E-02  2.95300007E-01  3.28951562E-03
4.78647958E-02  3.04538190E-01  3.36536462E-03
4.81557672E-02  3.02046925E-01  3.37897614E-03
4.84467386E-02  3.03204685E-01  3.34104709E-03
4.87377100E-02  3.08009714E-01  3.22811469E-03
4.90286814E-02  3.10407251E-01  3.34179075E-03
4.93196528E-02  3.14372420E-01  3.56389233E-03
4.96106242E-02  3.17107469E-01  3.29560204E-03
4.99015956E-02  3.15233350E-01  3.36308591E-03
5.01925670E-02  3.17905784E-01  3.51044605E-03
5.04835384E-02  3.28460127E-01  3.51789827E-03
5.07745098E-02  3.30664724E-01  3.48636787E-03
5.10654812E-02  3.29736382E-01  3.49438027E-03
5.13564526E-02  3.26554686E-01  3.33774253E-03
5.16474241E-02  3.34946454E-01  3.57874972E-03
5.19383955E-02  3.39345306E-01  3.51696648E-03
5.22293669E-02  3.39660466E-01  3.55985435E-03
5.25203383E-02  3.43964100E-01  3.54805123E-03
5.28113097E-02  3.45991462E-01  3.62462783E-03
5.31022811E-02  3.45192045E-01  3.79389012E-03
5.33932525E-02  3.53521019E-01  3.65386205E-03
5.36842239E-02  3.54672432E-01  3.63257481E-03
5.39751953E-02  3.67432803E-01  3.66263418E-03
5.42661667E-02  3.67499679E-01  3.57871107E-03
5.45571381E-02  3.71409923E-01  3.78048909E-03
5.48481095E-02  3.76447707E-01  3.49258585E-03
5.51390809E-02  3.78744245E-01  3.70680355E-03
5.54300523E-02  3.74505162E-01  3.49994493E-03
5.57210237E-02  3.92820865E-01  3.80680850E-03
5.60119951E-02  3.91108721E-01  3.60603421E-03
5.63029665E-02  3.96636128E-01  3.92304966E-03
5.65939379E-02  4.08646464E-01  3.84211005E-03
5.68849093E-02  4.10271257E-01  3.71361314E-03
5.71758807E-02  4.14025277E-01  3.88236879E-03
5.74668521E-02  4.14966345E-01  3.82853020E-03
5.77578235E-02  4.24075395E-01  3.98303149E-03
5.80487949E-02  4.33254838E-01  3.77994473E-03
5.83397663E-02  4.41421926E-01  3.90556455E-03
5.86307377E-02  4.55469251E-01  4.13749088E-03
5.89217091E-02  4.48798209E-01  4.16823430E-03
5.92126805E-02  4.58830357E-01  3.86541686E-03
5.95036519E-02  4.77645010E-01  4.07894095E-03
5.97946233E-02  4.84097928E-01  4.00224980E-03
6.00855947E-02  4.79204655E-01  4.04678052E-03
6.03765661E-02  4.97973651E-01  4.00610920E-03
6.06675375E-02  5.03104925E-01  4.12005885E-03
6.09585090E-02  5.16463399E-01  4.37287427E-03
6.12494804E-02  5.21414459E-01  4.19933442E-03
6.15404518E-02  5.34238815E-01  4.33969405E-03
6.18314232E-02  5.45715690E-01  4.22253180E-03
6.21223946E-02  5.61170578E-01  4.43183118E-03
6.24133660E-02  5.70959389E-01  4.39837622E-03
6.27043374E-02  5.88343918E-01  4.26418614E-03
6.29953088E-02  5.93953133E-01  4.57331259E-03
6.32862802E-02  6.06483877E-01  4.50692046E-03
6.35772516E-02  6.19844317E-01  4.77861520E-03
6.38682230E-02  6.42253578E-01  4.79886401E-03
6.41591944E-02  6.55074954E-01  5.04771899E-03
6.44501658E-02  6.70025766E-01  4.76479437E-03
6.47411372E-02  6.82278812E-01  5.18081477E-03
6.50321086E-02  7.00750053E-01  4.98971622E-03
6.53230800E-02  7.28440523E-01  5.42903878E-03
6.56140514E-02  7.40302622E-01  5.33251557E-03
6.59050228E-02  7.58563578E-01  5.19259367E-03
6.61959942E-02  7.85985351E-01  5.27660735E-03
6.64869656E-02  7.91525304E-01  5.20686759E-03
6.67779370E-02  8.19729686E-01  5.72479609E-03
6.70689084E-02  8.50275099E-01  5.19801909E-03
6.73598798E-02  8.65679085E-01  5.59076853E-03
6.76508512E-02  8.91170144E-01  5.53073734E-03
6.79418226E-02  9.19413388E-01  5.68125024E-03
6.82327940E-02  9.33628380E-01  5.69602801E-03
6.85237654E-02  9.74123836E-01  5.81770064E-03
6.88147368E-02  1.00645983E+00  6.14509825E-03
6.91057082E-02  1.03378832E+00  6.56953920E-03
6.93966796E-02  1.05841851E+00  6.49693236E-03
6.96876510E-02  1.10516512E+00  6.65117148E-03
6.99786224E-02  1.13584435E+00  6.83832262E-03
7.02695938E-02  1.17270887E+00  7.18395598E-03
7.05605653E-02  1.21568060E+00  7.20828306E-03
7.08515367E-02  1.26249790E+00  7.30192009E-03
7.11425081E-02  1.30793941E+00  7.50366738E-03
7.14334795E-02  1.34878969E+00  7.75277242E-03
7.17244509E-02  1.40601051E+00  8.10314808E-03
7.20154223E-02  1.45953333E+00  8.48915055E-03
7.23063937E-02  1.51846111E+00  8.66038166E-03
7.25973651E-02  1.56709850E+00  9.15838312E-03
7.28883365E-02  1.63299084E+00  9.31125414E-03
7.31793079E-02  1.70294690E+00  1.00057973E-02
7.34702793E-02  1.78026521E+00  1.04277320E-02
7.37612507E-02  1.85601521E+00  1.09185912E-02
7.40522221E-02  1.94434142E+00  1.19083403E-02
7.43431935E-02  2.03110027E+00  1.17729595E-02
7.46341649E-02  2.13180518E+00  1.22453738E-02
7.49251363E-02  2.23855042E+00  1.35784764E-02
7.52161077E-02  2.33581495E+00  1.43299783E-02
7.55070791E-02  2.46341562E+00  1.52233923E-02
7.57980505E-02  2.59324074E+00  1.59851089E-02
7.60890219E-02  2.72056127E+00  1.77470818E-02
7.63799933E-02  2.87927294E+00  1.84562039E-02
7.66709647E-02  3.06531286E+00  1.95335504E-02
7.69619361E-02  3.24660087E+00  2.11347081E-02
7.72529075E-02  3.45764947E+00  2.34117489E-02
7.75438789E-02  3.65891218E+00  2.48827431E-02
7.78348503E-02  3.90402341E+00  2.68303324E-02
7.81258217E-02  4.14838600E+00  2.89574862E-02
7.84167931E-02  4.42514420E+00  3.12502757E-02
7.87077645E-02  4.74263334E+00  3.32969949E-02
7.89987359E-02  5.09847593E+00  3.71007808E-02
7.92897073E-02  5.46732807E+00  3.95587496E-02
7.95806787E-02  5.79875565E+00  4.14652564E-02
7.98716502E-02  6.20903397E+00  4.42392491E-02
8.01626216E-02  6.66326284E+00  4.68463413E-02
8.04535930E-02  7.06056929E+00  4.75025550E-02
8.07445644E-02  7.51846075E+00  4.83187027E-02
8.10355358E-02  8.00173664E+00  4.90336418E-02
8.13265072E-02  8.39380932E+00  4.78326380E-02
8.16174786E-02  8.81676579E+00  4.62288223E-02
8.19084500E-02  9.09717178E+00  4.42702658E-02
8.21994214E-02  9.36025524E+00  4.07812856E-02
8.24903928E-02  9.52227974E+00  3.81160006E-02
8.27813642E-02  9.59986782E+00  3.67674157E-02
8.30723356E-02  9.48226643E+00  3.63146402E-02
8.33633070E-02  9.28797626E+00  3.67000438E-02
8.36542784E-02  9.04613590E+00  3.77066024E-02
8.39452498E-02  8.69721031E+00  3.97312678E-02
8.42362212E-02  8.17958260E+00  4.08658721E-02
8.45271926E-02  7.68932295E+00  4.08134721E-02
8.48181640E-02  7.12801600E+00  3.97687703E-02
8.51091354E-02  6.58915854E+00  3.88359837E-02
8.54001068E-02  6.03490543E+00  3.59809697E-02
8.56910782E-02  5.52893686E+00  3.44556756E-02
8.59820496E-02  5.06410599E+00  3.02388538E-02
8.62730210E-02  4.63253975E+00  2.76828539E-02
8.65639924E-02  4.23102903E+00  2.45214235E-02
8.68549638E-02  3.88869905E+00  2.31846496E-02
8.71459352E-02  3.56804132E+00  2.04028711E-02
8.74369066E-02  3.27792788E+00  1.77861117E-02
8.77278780E-02  3.04263616E+00  1.68478806E-02
8.80188494E-02  2.83536601E+00  1.49456318E-02
8.83098208E-02  2.64181423E+00  1.35461958E-02
8.86007922E-02  2.47560120E+00  1.27565963E-02
8.88917636E-02  2.32523608E+00  1.13343596E-02
8.91827351E-02  2.16579342E+00  1.08221620E-02
8.94737065E-02  2.06955099E+00  1.00112529E-02
8.97646779E-02  1.95926392E+00  9.46609024E-03
9.00556493E-02  1.85848331E+00  9.02617723E-03
9.03466207E-02  1.77528203E+00  8.25118925E-03
9.06375921E-02  1.68491673E+00  8.10644776E-03
9.09285635E-02  1.62014759E+00  7.55345589E-03
9.12195349E-02  1.55027044E+00  7.24832108E-03
9.15105063E-02  1.50447536E+00  7.02122878E-03
9.18014777E-02  1.44637966E+00  6.76365895E-03
9.20924491E-02  1.40157020E+00  6.95221452E-03
9.23834205E-02  1.34446120E+00  6.52916869E-03
9.26743919E-02  1.29883969E+00  6.31925045E-03
9.29653633E-02  1.25800562E+00  6.03431463E-03
9.32563347E-02  1.23034906E+00  5.83544280E-03
9.35473061E-02  1.18516338E+00  5.84778935E-03
9.38382775E-02  1.16053915E+00  5.57007454E-03
9.41292489E-02  1.11702418E+00  5.56581607E-03
9.44202203E-02  1.09332609E+00  5.25738858E-03
9.47111917E-02  1.06463039E+00  5.31891687E-03
9.50021631E-02  1.04307306E+00  5.18803066E-03
9.52931345E-02  1.01375175E+00  4.95658582E-03
9.55841059E-02  1.00576603E+00  5.08208387E-03
9.58750773E-02  9.84361410E-01  5.18247625E-03
9.61660487E-02  9.66102302E-01  4.93833702E-03
9.64570201E-02  9.39474285E-01  4.77143656E-03
9.67479915E-02  9.20204937E-01  4.61426517E-03
9.70389629E-02  9.01364803E-01  4.64353291E-03
9.73299343E-02  8.92720401E-01  4.62198490E-03
9.76209057E-02  8.84195864E-01  4.53986041E-03
9.79118771E-02  8.64550710E-01  4.51714592E-03
9.82028485E-02  8.48893106E-01  4.48925467E-03
9.84938200E-02  8.41387987E-01  4.54709912E-03
9.87847914E-02  8.31975341E-01  4.34111152E-03
9.90757628E-02  8.22791994E-01  4.36655385E-03
9.93667342E-02  7.99782693E-01  4.21212846E-03
9.96577056E-02  7.91371107E-01  4.29204386E-03
9.99486770E-02  7.81060994E-01  4.16025659E-03
1.00239648E-01  7.78629899E-01  4.20856709E-03
1.00530620E-01  7.66008854E-01  4.18840349E-03
1.00821591E-01  7.56056964E-01  4.23505297E-03
1.01112563E-01  7.51619995E-01  4.06902656E-03
1.01403534E-01  7.40265667E-01  4.12238576E-03
1.01694505E-01  7.37057209E-01  4.04346222E-03
1.01985477E-01  7.33117163E-01  4.02544159E-03
1.02276448E-01  7.26147294E-01  3.99991684E-03
1.02567420E-01  7.13719070E-01  3.88224842E-03
1.02858391E-01  7.19679654E-01  4.07844689E-03
1.03149362E-01  7.10944593E-01  3.94650316E-03
1.03440334E-01  7.11900532E-01  4.14952310E-03
1.03731305E-01  7.02948034E-01  3.80497728E-03
1.04022277E-01  6.92964375E-01  3.94651247E-03
1.04313248E-01  6.90701067E-01  4.02220525E-03
1.04604219E-01  6.89209938E-01  3.79091408E-03
1.04895191E-01  6.87838674E-01  3.78019665E-03
1.05186162E-01  6.77669048E-01  3.79090197E-03
1.05477134E-01  6.74315333E-01  3.87072330E-03
1.05768105E-01  6.76867545E-01  3.88707104E-03
1.06059076E-01  6.70284271E-01  3.79211013E-03
1.06350048E-01  6.65298343E-01  3.77050415E-03
1.06641019E-01  6.63482070E-01  3.75945959E-03
1.06931991E-01  6.64564967E-01  3.79823218E-03
1.07222962E-01  6.60202265E-01  3.73932556E-03
1.07513933E-01  6.53136373E-01  3.71715706E-03
1.07804905E-01  6.58209562E-01  3.67838517E-03
1.08095876E-01  6.52023554E-01  3.75314336E-03
1.08386848E-01  6.45714343E-01  3.70590459E-03
1.08677819E-01  6.48307025E-01  3.70541424E-03
1.08968790E-01  6.55668139E-01  3.73318000E-03
1.09259762E-01  6.53028429E-01  3.61613045E-03
1.09550733E-01  6.55089736E-01  3.63033498E-03
1.09841705E-01  6.43405020E-01  3.61101539E-03
1.10132676E-01  6.41666651E-01  3.52341752E-03
1.10423647E-01  6.46896958E-01  3.73468711E-03
1.10714619E-01  6.51498556E-01  3.66548728E-03
1.11005590E-01  6.55799448E-01  3.52191972E-03
1.11296562E-01  6.45082057E-01  3.57729825E-03
1.11587533E-01  6.50709808E-01  3.59000918E-03
1.11878504E-01  6.47628665E-01  3.73562519E-03
1.12169476E-01  6.52392983E-01  3.70994513E-03
1.12460447E-01  6.43601954E-01  3.78575129E-03
1.12751419E-01  6.48273408E-01  3.69949453E-03
1.13042390E-01  6.52747393E-01  3.69133567E-03
1.13333362E-01  6.46399677E-01  3.61686735E-03
1.13624333E-01  6.51646852E-01  3.62474564E-03
1.13915304E-01  6.50554776E-01  3.75960395E-03
1.14206276E-01  6.56719744E-01  3.90861463E-03
1.14497247E-01  6.61103845E-01  3.64585523E-03
1.14788219E-01  6.50838494E-01  3.74626648E-03
1.15079190E-01  6.63801551E-01  3.52447364E-03
1.15370161E-01  6.56387091E-01  3.68499337E-03
1.15661133E-01  6.60436869E-01  3.50408908E-03
1.15952104E-01  6.56869233E-01  3.72360274E-03
1.16243076E-01  6.63515568E-01  3.75573267E-03
1.16534047E-01  6.70669019E-01  3.67766898E-03
1.16825018E-01  6.64636254E-01  3.53929098E-03
1.17115990E-01  6.71139121E-01  3.75876995E-03
1.17406961E-01  6.74012244E-01  3.73057020E-03
1.17697933E-01  6.72222018E-01  3.65430047E-03
1.17988904E-01  6.83205903E-01  3.60385119E-03
1.18279875E-01  6.79833889E-01  3.69522767E-03
1.18570847E-01  6.78853333E-01  3.68474633E-03
1.18861818E-01  6.87401533E-01  3.62950750E-03
1.19152790E-01  6.93316162E-01  3.63828754E-03
1.19443761E-01  6.81367040E-01  3.57210683E-03
1.19734732E-01  6.87727153E-01  3.75149725E-03
1.20025704E-01  6.94707036E-01  3.63460789E-03
1.20316675E-01  7.02470124E-01  3.79587524E-03
1.20607647E-01  7.07511485E-01  3.76024633E-03
1.20898618E-01  7.08832741E-01  3.88361467E-03
1.21189589E-01  7.20214903E-01  4.11729002E-03
1.21480561E-01  7.20258415E-01  3.88215738E-03
1.21771532E-01  7.17433214E-01  3.94297531E-03
1.22062504E-01  7.23813534E-01  4.04438376E-03
1.22353475E-01  7.32241750E-01  3.95815074E-03
1.22644446E-01  7.38918245E-01  3.95220052E-03
1.22935418E-01  7.46161699E-01  4.06830851E-03
1.23226389E-01  7.60552645E-01  4.10229154E-03
1.23517361E-01  7.61371434E-01  4.36235638E-03
1.23808332E-01  7.65425146E-01  4.11850307E-03
1.24099303E-01  7.74025202E-01  4.15268214E-03
1.24390275E-01  7.72052288E-01  4.26172279E-03
1.24681246E-01  7.80846536E-01  4.17868234E-03
1.24972218E-01  7.93893754E-01  4.36305162E-03
1.25263189E-01  8.00303876E-01  4.39478271E-03
1.25554160E-01  8.08351040E-01  4.47403360E-03
1.25845132E-01  8.08277547E-01  4.26545786E-03
1.26136103E-01  8.25229466E-01  4.55754390E-03
1.26427075E-01  8.35237324E-01  4.39925911E-03
1.26718046E-01  8.36223900E-01  4.33699321E-03
1.27009017E-01  8.55145037E-01  4.43729991E-03
1.27299989E-01  8.57668400E-01  4.51032119E-03
1.27590960E-01  8.66041303E-01  4.85522905E-03
1.27881932E-01  8.70098472E-01  4.57311235E-03
1.28172903E-01  8.86374772E-01  4.69351560E-03
1.28463874E-01  8.90455425E-01  4.55434853E-03
1.28754846E-01  9.12078023E-01  4.68530459E-03
1.29045817E-01  9.17667210E-01  4.78783576E-03
1.29336789E-01  9.31728542E-01  4.68425872E-03
1.29627760E-01  9.49183583E-01  4.93123243E-03
1.29918731E-01  9.55419481E-01  5.06734941E-03
1.30209703E-01  9.71494496E-01  5.04252920E-03
1.30500674E-01  9.96323109E-01  5.03052771E-03
1.30791646E-01  1.00462067E+00  5.15655056E-03
1.31082617E-01  1.03057885E+00  5.41937258E-03
1.31373589E-01  1.03843629E+00  5.40269259E-03
1.31664560E-01  1.04976058E+00  5.21580828E-03
1.31955531E-01  1.06602681E+00  5.35151083E-03
1.32246503E-01  1.09075654E+00  5.42652654E-03
1.32537474E-01  1.10726821E+00  5.48349461E-03
1.32828446E-01  1.13114417E+00  5.38299559E-03
1.33119417E-01  1.15881169E+00  5.44870086E-03
1.33410388E-01  1.18301272E+00  5.63447038E-03
1.33701360E-01  1.21303093E+00  5.72869834E-03
1.33992331E-01  1.23301876E+00  5.81561914E-03
1.34283303E-01  1.25914264E+00  5.71161043E-03
1.34574274E-01  1.29248941E+00  6.11477485E-03
1.34865245E-01  1.32384622E+00  6.16192259E-03
1.35156217E-01  1.34403682E+00  6.15820801E-03
1.35447188E-01  1.37953115E+00  6.57124352E-03
1.35738160E-01  1.42369485E+00  6.50715176E-03
1.36029131E-01  1.45566416E+00  6.81065815E-03
1.36320102E-01  1.50274611E+00  7.00776139E-03
1.36611074E-01  1.55131531E+00  7.12297950E-03
1.36902045E-01  1.58238399E+00  7.31318444E-03
1.37193017E-01  1.62780392E+00  7.66987773E-03
1.37483988E-01  1.69509137E+00  7.94983748E-03
1.37774959E-01  1.74230719E+00  7.82181136E-03
1.38065931E-01  1.79851758E+00  8.09069537E-03
1.38356902E-01  1.85247374E+00  8.42561759E-03
1.38647874E-01  1.90339732E+00  8.68232455E-03
1.38938845E-01  1.97080398E+00  8.75011180E-03
1.39229816E-01  2.03058147E+00  8.99437349E-03
1.39520788E-01  2.09576201E+00  9.76833608E-03
1.39811759E-01  2.15662432E+00  9.47274920E-03
1.40102731E-01  2.21852326E+00  9.50088259E-03
1.40393702E-01  2.28399587E+00  9.70917568E-03
1.40684673E-01  2.34311056E+00  9.72601585E-03
1.40975645E-01  2.40687346E+00  9.77796875E-03
1.41266616E-01  2.45356655E+00  9.58257169E-03
1.41557588E-01  2.51177311E+00  1.02037238E-02
1.41848559E-01  2.55264902E+00  9.88883618E-03
1.42139530E-01  2.58304214E+00  9.88706481E-03
1.42430502E-01  2.59456587E+00  9.42629389E-03
1.42721473E-01  2.59733629E+00  8.94011743E-03
1.43012445E-01  2.61742711E+00  9.02078766E-03
1.43303416E-01  2.59108567E+00  9.02727339E-03
1.43594387E-01  2.56288719E+00  8.70166719E-03
1.43885359E-01  2.51980090E+00  8.21065251E-03
1.44176330E-01  2.47307706E+00  8.37582350E-03
1.44467302E-01  2.43561387E+00  7.86089804E-03
1.44758273E-01  2.35271859E+00  7.87882879E-03
1.45049244E-01  2.27085400E+00  7.79540185E-03
1.45340216E-01  2.19183731E+00  7.56386854E-03
1.45631187E-01  2.10687876E+00  7.52773788E-03
1.45922159E-01  2.01931238E+00  7.24415435E-03
1.46213130E-01  1.93114257E+00  7.24905776E-03
1.46504101E-01  1.83758962E+00  6.73269574E-03
1.46795073E-01  1.75215852E+00  6.45105634E-03
1.47086044E-01  1.66379464E+00  6.17209729E-03
1.47377016E-01  1.59341311E+00  5.98607725E-03
1.47667987E-01  1.52756405E+00  5.74062439E-03
1.47958958E-01  1.45484030E+00  5.64805884E-03
1.48249930E-01  1.40454185E+00  5.53558860E-03
1.48540901E-01  1.34816253E+00  5.12312539E-03
1.48831873E-01  1.29236138E+00  5.05580707E-03
1.49122844E-01  1.24438119E+00  5.00355847E-03
1.49413815E-01  1.19784296E+00  4.71996376E-03
1.49704787E-01  1.17142510E+00  4.73643513E-03
1.49995758E-01  1.14494634E+00  4.38978942E-03
1.50286730E-01  1.10950887E+00  4.48070746E-03
1.50577701E-01  1.07725573E+00  4.42988798E-03
1.50868673E-01  1.05195868E+00  4.30487702E-03
1.51159644E-01  1.03168523E+00  4.24667541E-03
1.51450615E-01  1.00804889E+00  4.05665301E-03
1.51741587E-01  9.88557935E-01  4.08434216E-03
1.52032558E-01  9.79364395E-01  4.09662630E-03
1.52323530E-01  9.64627564E-01  4.07869788E-03
1.52614501E-01  9.55916643E-01  4.08459594E-03
1.52905472E-01  9.47114170E-01  4.11546603E-03
1.53196444E-01  9.33736742E-01  3.88551387E-03
1.53487415E-01  9.20059562E-01  4.00360906E-03
1.53778387E-01  9.16512072E-01  3.92169319E-03
1.54069358E-01  9.06686306E-01  4.00043093E-03
1.54360329E-01  9.11870182E-01  4.05883789E-03
1.54651301E-01  9.12610114E-01  3.89828975E-03
1.54942272E-01  9.04030859E-01  3.87488538E-03
1.55233244E-01  9.05797482E-01  4.03993670E-03
1.55524215E-01  9.08992112E-01  4.07843944E-03
1.55815186E-01  9.10912991E-01  4.13081795E-03
1.56106158E-01  9.19801533E-01  4.11886070E-03
1.56397129E-01  9.21907842E-01  3.99223994E-03
1.56688101E-01  9.34895694E-01  4.14446322E-03
1.56979072E-01  9.41080332E-01  4.05046716E-03
1.57270043E-01  9.49893713E-01  4.25774697E-03
1.57561015E-01  9.51155484E-01  4.16391855E-03
1.57851986E-01  9.64357316E-01  4.16881777E-03
1.58142958E-01  9.75229919E-01  4.34801914E-03
1.58433929E-01  9.79189575E-01  4.30422602E-03
1.58724900E-01  9.88526821E-01  4.45543416E-03
1.59015872E-01  1.00672793E+00  4.45840508E-03
1.59306843E-01  1.02472246E+00  4.74841241E-03
1.59597815E-01  1.04117966E+00  4.53737145E-03
1.59888786E-01  1.05321896E+00  4.71053552E-03
1.60179757E-01  1.07199442E+00  4.71089967E-03
1.60470729E-01  1.08133960E+00  4.71006101E-03
1.60761700E-01  1.11319959E+00  4.91954014E-03
1.61052672E-01  1.12732506E+00  4.96046105E-03
1.61343643E-01  1.15609860E+00  5.15300501E-03
1.61634614E-01  1.17415059E+00  5.19923074E-03
1.61925586E-01  1.19907451E+00  5.02147712E-03
1.62216557E-01  1.21081948E+00  5.07125538E-03
1.62507529E-01  1.23335648E+00  5.30795101E-03
1.62798500E-01  1.25862181E+00  5.21180220E-03
1.63089471E-01  1.27428401E+00  5.35031781E-03
1.63380443E-01  1.30194175E+00  5.37441531E-03
1.63671414E-01  1.31764352E+00  5.32053271E-03
1.63962386E-01  1.33711588E+00  5.44798514E-03
1.64253357E-01  1.34451473E+00  5.30783553E-03
1.64544328E-01  1.36474144E+00  5.37860766E-03
1.64835300E-01  1.35314620E+00  5.33059891E-03
1.65126271E-01  1.35170698E+00  5.22704795E-03
1.65417243E-01  1.34190822E+00  5.27609047E-03
1.65708214E-01  1.33334327E+00  4.96385712E-03
1.65999185E-01  1.32864332E+00  5.01468917E-03
1.66290157E-01  1.31027639E+00  4.80747689E-03
1.66581128E-01  1.29830444E+00  4.78012487E-03
1.66872100E-01  1.26764607E+00  4.65774303E-03
1.67163071E-01  1.23405349E+00  4.58759815E-03
1.67454042E-01  1.20518911E+00  4.59903758E-03
1.67745014E-01  1.15965402E+00  4.45113285E-03
1.68035985E-01  1.13291657E+00  4.42563090E-03
1.68326957E-01  1.09835196E+00  4.20385087E-03
1.68617928E-01  1.06152797E+00  4.28498024E-03
1.68908900E-01  1.02669358E+00  4.03554365E-03
1.69199871E-01  9.94332075E-01  4.08124831E-03
1.69490842E-01  9.55851376E-01  4.07692837E-03
1.69781814E-01  9.23800766E-01  3.69073288E-03
1.70072785E-01  8.90080750E-01  3.75426374E-03
1.70363757E-01  8.64949346E-01  3.74551094E-03
1.70654728E-01  8.39807093E-01  3.74294561E-03
1.70945699E-01  8.14069688E-01  3.50974011E-03
1.71236671E-01  7.84928799E-01  3.41076823E-03
1.71527642E-01  7.56047547E-01  3.42256203E-03
1.71818614E-01  7.38860190E-01  3.34507832E-03
1.72109585E-01  7.19901741E-01  3.20228492E-03
1.72400556E-01  7.02662230E-01  3.26272822E-03
1.72691528E-01  6.80726469E-01  3.18614463E-03
1.72982499E-01  6.70065701E-01  3.24923336E-03
1.73273471E-01  6.52207971E-01  3.08451569E-03
1.73564442E-01  6.30473614E-01  3.00890999E-03
1.73855413E-01  6.21019065E-01  3.02868127E-03
1.74146385E-01  6.02819324E-01  2.98826513E-03
1.74437356E-01  5.92395425E-01  2.93773669E-03
1.74728328E-01  5.79405189E-01  2.86093960E-03
1.75019299E-01  5.68654954E-01  2.85566575E-03
1.75310270E-01  5.58200717E-01  2.90057831E-03
1.75601242E-01  5.48231542E-01  2.88858102E-03
1.75892213E-01  5.44218600E-01  2.81849946E-03
1.76183185E-01  5.34198940E-01  2.65667052E-03
1.76474156E-01  5.23316264E-01  2.77319620E-03
1.76765127E-01  5.10785103E-01  2.63653323E-03
1.77056099E-01  5.08434653E-01  2.74970196E-03
1.77347070E-01  5.01979113E-01  2.83852848E-03
1.77638042E-01  4.89994228E-01  2.65428075E-03
1.77929013E-01  4.88544673E-01  2.62192660E-03
1.78219984E-01  4.83107835E-01  2.67221453E-03
1.78510956E-01  4.75284964E-01  2.61775707E-03
1.78801927E-01  4.70418483E-01  2.62803957E-03
1.79092899E-01  4.65167552E-01  2.56536761E-03
1.79383870E-01  4.55666512E-01  2.57786713E-03
1.79674841E-01  4.51340556E-01  2.53512920E-03
1.79965813E-01  4.46933389E-01  2.48635351E-03
1.80256784E-01  4.42612976E-01  2.44231801E-03
1.80547756E-01  4.30302650E-01  2.46504927E-03
1.80838727E-01  4.34901476E-01  2.55089207E-03
1.81129698E-01  4.26760912E-01  2.42568692E-03
1.81420670E-01  4.19489533E-01  2.36433465E-03
1.81711641E-01  4.11988735E-01  2.35429290E-03
1.82002613E-01  4.15430665E-01  2.41702911E-03
1.82293584E-01  4.06486660E-01  2.40385369E-03
1.82584555E-01  4.08847719E-01  2.43610679E-03
1.82875527E-01  4.05597866E-01  2.36209342E-03
1.83166498E-01  3.99376810E-01  2.34034983E-03
1.83457470E-01  3.96453023E-01  2.23148172E-03
1.83748441E-01  3.90782386E-01  2.33651837E-03
1.84039412E-01  3.84895265E-01  2.30105873E-03
1.84330384E-01  3.82326871E-01  2.31094938E-03
1.84621355E-01  3.81640583E-01  2.34013447E-03
1.84912327E-01  3.76607746E-01  2.25644326E-03
1.85203298E-01  3.73628050E-01  2.31707375E-03
1.85494269E-01  3.69619191E-01  2.28855968E-03
1.85785241E-01  3.72727901E-01  2.27911235E-03
1.86076212E-01  3.66819471E-01  2.24453304E-03
1.86367184E-01  3.67108583E-01  2.23957887E-03
1.86658155E-01  3.63920867E-01  2.20223400E-03
1.86949126E-01  3.60962868E-01  2.22698110E-03
1.87240098E-01  3.59035194E-01  2.22768984E-03
1.87531069E-01  3.54895830E-01  2.19107675E-03
1.87822041E-01  3.52904469E-01  2.19147117E-03
1.88113012E-01  3.49291682E-01  2.23152386E-03
1.88403984E-01  3.47647369E-01  2.20750319E-03
1.88694955E-01  3.48127544E-01  2.10547145E-03
1.88985926E-01  3.45963389E-01  2.13299203E-03
1.89276898E-01  3.44266534E-01  2.18195701E-03
1.89567869E-01  3.44968677E-01  2.13077152E-03
1.89858841E-01  3.34749073E-01  2.12261500E-03
1.90149812E-01  3.38620216E-01  2.11910880E-03
1.90440783E-01  3.32906753E-01  2.13249819E-03
1.90731755E-01  3.30942988E-01  2.14105332E-03
1.91022726E-01  3.29788923E-01  2.11087498E-03
1.91313698E-01  3.26146036E-01  2.09765532E-03
1.91604669E-01  3.27911526E-01  2.08533579E-03
1.91895640E-01  3.25610101E-01  2.12701340E-03
1.92186612E-01  3.24584365E-01  2.13477667E-03
1.92477583E-01  3.21851373E-01  2.08092364E-03
1.92768555E-01  3.18314910E-01  2.04291753E-03
1.93059526E-01  3.18771988E-01  2.06043595E-03
1.93350497E-01  3.15687537E-01  2.06570583E-03
1.93641469E-01  3.17024291E-01  2.02485500E-03
1.93932440E-01  3.14627469E-01  2.02193274E-03
1.94223412E-01  3.08837771E-01  2.07584491E-03
1.94514383E-01  3.10415775E-01  2.01168819E-03
1.94805354E-01  3.08423221E-01  2.04956229E-03
1.95096326E-01  3.08822632E-01  2.01599044E-03
1.95387297E-01  3.09925824E-01  2.04875250E-03
1.95678269E-01  3.04386944E-01  2.03162828E-03
1.95969240E-01  3.04236919E-01  1.98214268E-03
1.96260211E-01  3.02652538E-01  1.98700605E-03
1.96551183E-01  3.02423120E-01  1.91064260E-03
1.96842154E-01  3.05609018E-01  2.01198901E-03
1.97133126E-01  3.03354979E-01  1.98197039E-03
1.97424097E-01  2.96559662E-01  1.94741378E-03
1.97715068E-01  2.99656868E-01  1.95659860E-03
1.98006040E-01  2.98934817E-01  1.95419858E-03
1.98297011E-01  3.02269518E-01  1.98646053E-03
1.98587983E-01  2.98968941E-01  1.95710314E-03
1.98878954E-01  2.92688996E-01  1.99318863E-03
1.99169925E-01  2.91998237E-01  1.92495785E-03
1.99460897E-01  2.91047573E-01  1.94831286E-03
1.99751868E-01  2.92060196E-01  1.97632471E-03
2.00042840E-01  2.92340010E-01  1.96589599E-03
2.00333811E-01  2.90542722E-01  1.98278413E-03
2.00624782E-01  2.91487843E-01  1.92995486E-03
2.00915754E-01  2.87398696E-01  1.90799602E-03
2.01206725E-01  2.90258437E-01  1.95684331E-03
2.01497697E-01  2.88738191E-01  1.89954496E-03
2.01788668E-01  2.87190765E-01  1.90665037E-03
2.02079639E-01  2.87717104E-01  1.92623725E-03
2.02370611E-01  2.88645655E-01  1.91189838E-03
2.02661582E-01  2.85613924E-01  1.91980007E-03
2.02952554E-01  2.90058702E-01  1.97800226E-03
2.03243525E-01  2.85392791E-01  1.94258173E-03
2.03534496E-01  2.85521954E-01  1.90408516E-03
2.03825468E-01  2.84823656E-01  1.82458328E-03
2.04116439E-01  2.85361767E-01  1.89669768E-03
2.04407411E-01  2.85008222E-01  1.90590322E-03
2.04698382E-01  2.82554448E-01  1.89415284E-03
2.04989353E-01  2.81902999E-01  1.87322823E-03
2.05280325E-01  2.85739392E-01  1.84104487E-03
2.05571296E-01  2.84760803E-01  1.87263906E-03
2.05862268E-01  2.80243516E-01  1.84365467E-03
2.06153239E-01  2.79217094E-01  1.84219563E-03
2.06444211E-01  2.82533854E-01  1.89282431E-03
2.06735182E-01  2.83700138E-01  1.87519472E-03
2.07026153E-01  2.79758215E-01  1.83989131E-03
2.07317125E-01  2.82646179E-01  1.81869243E-03
2.07608096E-01  2.78135687E-01  1.79214170E-03
2.07899068E-01  2.82954842E-01  1.82736956E-03
2.08190039E-01  2.81778246E-01  1.82585313E-03
2.08481010E-01  2.81752527E-01  1.83263456E-03
2.08771982E-01  2.80858546E-01  1.85549026E-03
2.09062953E-01  2.82120258E-01  1.86985906E-03
2.09353925E-01  2.80424505E-01  1.82607269E-03
2.09644896E-01  2.85088480E-01  1.84017618E-03
2.09935867E-01  2.86078721E-01  1.85446406E-03
2.10226839E-01  2.86262125E-01  1.83403969E-03
2.10517810E-01  2.88368553E-01  1.83856650E-03
2.10808782E-01  2.86172211E-01  1.87594048E-03
2.11099753E-01  2.87037581E-01  1.87284616E-03
2.11390724E-01  2.86731809E-01  1.87526608E-03
2.11681696E-01  2.87709147E-01  1.85590424E-03
2.11972667E-01  2.88841397E-01  1.86821574E-03
2.12263639E-01  2.89089769E-01  1.83597335E-03
2.12554610E-01  2.90180922E-01  1.90552557E-03
2.12845581E-01  2.91227251E-01  1.86642271E-03
2.13136553E-01  2.90442467E-01  1.90449657E-03
2.13427524E-01  2.90678680E-01  1.89124583E-03
2.13718496E-01  2.94100583E-01  1.83630805E-03
2.14009467E-01  2.93128371E-01  1.88047043E-03
2.14300438E-01  2.97395438E-01  1.91089395E-03
2.14591410E-01  2.97446877E-01  1.90229306E-03
2.14882381E-01  2.95710355E-01  1.91461598E-03
2.15173353E-01  2.88127452E-01  1.86997291E-03
2.15464324E-01  2.89879888E-01  1.84918009E-03
2.15755295E-01  2.94428021E-01  1.85844174E-03
2.16046267E-01  2.92071134E-01  1.83367589E-03
2.16337238E-01  2.94358224E-01  1.85550714E-03
2.16628210E-01  2.92795241E-01  1.89476041E-03
2.16919181E-01  2.92837262E-01  1.83648884E-03
2.17210152E-01  2.87374943E-01  1.81587262E-03
2.17501124E-01  2.87844867E-01  1.83459488E-03
2.17792095E-01  2.86013812E-01  1.83545309E-03
2.18083067E-01  2.83861637E-01  1.80936221E-03
2.18374038E-01  2.79942393E-01  1.78966217E-03
2.18665009E-01  2.78517693E-01  1.76425593E-03
2.18955981E-01  2.78702766E-01  1.80801738E-03
2.19246952E-01  2.75721520E-01  1.76092179E-03
2.19537924E-01  2.69801855E-01  1.74526486E-03
2.19828895E-01  2.66874820E-01  1.77229464E-03
2.20119866E-01  2.65184999E-01  1.70240621E-03
2.20410838E-01  2.62079388E-01  1.74528873E-03
2.20701809E-01  2.58647233E-01  1.71103398E-03
2.20992781E-01  2.55455822E-01  1.71023468E-03
2.21283752E-01  2.48993337E-01  1.72146107E-03
2.21574723E-01  2.47991204E-01  1.65423134E-03
2.21865695E-01  2.45524555E-01  1.69078098E-03
2.22156666E-01  2.38751128E-01  1.63418113E-03
2.22447638E-01  2.35479370E-01  1.67077768E-03
2.22738609E-01  2.31720969E-01  1.55450730E-03
2.23029580E-01  2.27427915E-01  1.61628635E-03
2.23320552E-01  2.25801930E-01  1.55996683E-03
2.23611523E-01  2.19609484E-01  1.56028429E-03
2.23902495E-01  2.19330519E-01  1.60202885E-03
2.24193466E-01  2.12757677E-01  1.55922608E-03
2.24484437E-01  2.11192295E-01  1.53225567E-03
2.24775409E-01  2.09080622E-01  1.59866910E-03
2.25066380E-01  2.06116244E-01  1.49455876E-03
2.25357352E-01  2.06403896E-01  1.49683119E-03
2.25648323E-01  2.00482234E-01  1.47836644E-03
2.25939295E-01  1.98138848E-01  1.48766930E-03
2.26230266E-01  1.96819708E-01  1.47051818E-03
2.26521237E-01  1.96145460E-01  1.41493487E-03
2.26812209E-01  1.95521668E-01  1.50688179E-03
2.27103180E-01  1.92164183E-01  1.44745351E-03
2.27394152E-01  1.90458104E-01  1.44951919E-03
2.27685123E-01  1.90942615E-01  1.45473704E-03
2.27976094E-01  1.89801618E-01  1.43895065E-03
2.28267066E-01  1.85404584E-01  1.37820281E-03
2.28558037E-01  1.85905725E-01  1.46348751E-03
2.28849009E-01  1.83862925E-01  1.45345717E-03
2.29139980E-01  1.87163755E-01  1.43427006E-03
2.29430951E-01  1.84814245E-01  1.43293862E-03
2.29721923E-01  1.80373132E-01  1.35572779E-03
2.30012894E-01  1.81328252E-01  1.39952125E-03
2.30303866E-01  1.79816887E-01  1.41001388E-03
2.30594837E-01  1.78847164E-01  1.36773544E-03
2.30885808E-01  1.81951404E-01  1.40978221E-03
2.31176780E-01  1.77813932E-01  1.41808146E-03
2.31467751E-01  1.80352032E-01  1.38275279E-03
2.31758723E-01  1.78179562E-01  1.39080861E-03
2.32049694E-01  1.78713337E-01  1.36430445E-03
2.32340665E-01  1.76611841E-01  1.37807534E-03
2.32631637E-01  1.78281218E-01  1.38120027E-03
2.32922608E-01  1.78516567E-01  1.38228992E-03
2.33213580E-01  1.79733276E-01  1.41173205E-03
2.33504551E-01  1.75395936E-01  1.33155857E-03
2.33795522E-01  1.77607819E-01  1.36431982E-03
2.34086494E-01  1.76243350E-01  1.40746124E-03
2.34377465E-01  1.75978631E-01  1.37344236E-03
2.34668437E-01  1.77167639E-01  1.32620113E-03
2.34959408E-01  1.75240859E-01  1.40174467E-03
2.35250379E-01  1.75088704E-01  1.37935975E-03
2.35541351E-01  1.74514025E-01  1.36824290E-03
2.35832322E-01  1.74168915E-01  1.37753435E-03
2.36123294E-01  1.75380841E-01  1.31898862E-03
2.36414265E-01  1.76900551E-01  1.35761220E-03
2.36705236E-01  1.76588356E-01  1.34448241E-03
2.36996208E-01  1.73808664E-01  1.36082619E-03
2.37287179E-01  1.74497113E-01  1.36239210E-03
2.37578151E-01  1.76568493E-01  1.34675368E-03
2.37869122E-01  1.77101538E-01  1.38492533E-03
2.38160093E-01  1.74829006E-01  1.31794414E-03
2.38451065E-01  1.78963557E-01  1.36597187E-03
2.38742036E-01  1.77307010E-01  1.40367588E-03
2.39033008E-01  1.78515121E-01  1.37450919E-03
2.39323979E-01  1.77890256E-01  1.34619500E-03
2.39614950E-01  1.78215712E-01  1.36320386E-03
2.39905922E-01  1.80470943E-01  1.34087715E-03
2.40196893E-01  1.77801609E-01  1.36616349E-03
2.40487865E-01  1.80345118E-01  1.37496262E-03
2.40778836E-01  1.79141536E-01  1.35103508E-03
2.41069807E-01  1.79791987E-01  1.40540011E-03
2.41360779E-01  1.79575861E-01  1.36381760E-03
2.41651750E-01  1.81149513E-01  1.35975296E-03
2.41942722E-01  1.80841714E-01  1.36752485E-03
2.42233693E-01  1.80123761E-01  1.38930068E-03
2.42524664E-01  1.84339255E-01  1.39748841E-03
2.42815636E-01  1.83934450E-01  1.35864690E-03
2.43106607E-01  1.83636576E-01  1.35408423E-03
2.43397579E-01  1.83905989E-01  1.38351193E-03
2.43688550E-01  1.86618179E-01  1.40182942E-03
2.43979522E-01  1.85287774E-01  1.38205977E-03
2.44270493E-01  1.87907711E-01  1.37822435E-03
2.44561464E-01  1.86469525E-01  1.40892167E-03
2.44852436E-01  1.83941782E-01  1.36166275E-03
2.45143407E-01  1.86851531E-01  1.39010092E-03
2.45434379E-01  1.87811807E-01  1.39650097E-03
2.45725350E-01  1.89431727E-01  1.39084936E-03
2.46016321E-01  1.87778920E-01  1.38817786E-03
2.46307293E-01  1.88267350E-01  1.39855104E-03
2.46598264E-01  1.87663913E-01  1.41452544E-03
2.46889236E-01  1.86327115E-01  1.36420212E-03
2.47180207E-01  1.83247194E-01  1.38557178E-03
2.47471178E-01  1.83665276E-01  1.36799039E-03
2.47762150E-01  1.84794798E-01  1.34082173E-03
2.48053121E-01  1.84660763E-01  1.40391337E-03
2.48344093E-01  1.85382947E-01  1.37619639E-03
2.48635064E-01  1.81918561E-01  1.36579003E-03
2.48926035E-01  1.77964777E-01  1.38320553E-03
2.49217007E-01  1.78547546E-01  1.36187079E-03
2.49507978E-01  1.77314624E-01  1.37767894E-03
2.49798950E-01  1.77686587E-01  1.35387096E-03
2.50089921E-01  1.74393609E-01  1.35223579E-03
2.50380892E-01  1.75069213E-01  1.35078479E-03
2.50671864E-01  1.70141190E-01  1.33447314E-03
2.50962835E-01  1.69128686E-01  1.35216210E-03
2.51253807E-01  1.68067992E-01  1.30465277E-03
2.51544778E-01  1.66402787E-01  1.28815498E-03
2.51835749E-01  1.62102655E-01  1.30844116E-03
2.52126721E-01  1.60139650E-01  1.28630316E-03
2.52417692E-01  1.60792187E-01  1.28636940E-03
2.52708664E-01  1.58668712E-01  1.27187592E-03
2.52999635E-01  1.56956106E-01  1.22817629E-03
2.53290606E-01  1.53815985E-01  1.26807147E-03
2.53581578E-01  1.54307216E-01  1.26110506E-03
2.53872549E-01  1.50861382E-01  1.23510987E-03
2.54163521E-01  1.51979581E-01  1.23506878E-03
2.54454492E-01  1.48109257E-01  1.23103953E-03
2.54745463E-01  1.48323208E-01  1.23763375E-03
2.55036435E-01  1.45438030E-01  1.19166414E-03
2.55327406E-01  1.42327279E-01  1.18454697E-03
2.55618378E-01  1.41158536E-01  1.14806404E-03
2.55909349E-01  1.38300419E-01  1.21994759E-03
2.56200320E-01  1.38770536E-01  1.19701645E-03
2.56491292E-01  1.38437822E-01  1.19371887E-03
2.56782263E-01  1.38106361E-01  1.18814933E-03
2.57073235E-01  1.37517616E-01  1.15482602E-03
2.57364206E-01  1.37123585E-01  1.18375535E-03
2.57655177E-01  1.35791674E-01  1.16172270E-03
2.57946149E-01  1.32881716E-01  1.11911388E-03
2.58237120E-01  1.32452160E-01  1.14514376E-03
2.58528092E-01  1.32856771E-01  1.17240287E-03
2.58819063E-01  1.31454721E-01  1.16782740E-03
2.59110034E-01  1.31040171E-01  1.13905419E-03
2.59401006E-01  1.29669830E-01  1.15267688E-03
2.59691977E-01  1.28724262E-01  1.14311813E-03
2.59982949E-01  1.28712982E-01  1.15642103E-03
2.60273920E-01  1.28890499E-01  1.10751786E-03
2.60564891E-01  1.28848284E-01  1.09976064E-03
2.60855863E-01  1.27662405E-01  1.10925839E-03
2.61146834E-01  1.28638268E-01  1.13094307E-03
2.61437806E-01  1.27372965E-01  1.14514062E-03
2.61728777E-01  1.26455396E-01  1.12141669E-03
2.62019748E-01  1.23647690E-01  1.09113590E-03
2.62310720E-01  1.24167450E-01  1.12337398E-03
2.62601691E-01  1.23607405E-01  1.09109399E-03
2.62892663E-01  1.21655770E-01  1.09962490E-03
2.63183634E-01  1.23968706E-01  1.10222143E-03
2.63474606E-01  1.20342158E-01  1.10126426E-03
2.63765577E-01  1.22731417E-01  1.10693800E-03
2.64056548E-01  1.22941405E-01  1.07351947E-03
2.64347520E-01  1.21664360E-01  1.09495479E-03
2.64638491E-01  1.21015295E-01  1.06735225E-03
2.64929463E-01  1.21141553E-01  1.08121964E-03
2.65220434E-01  1.19725697E-01  1.05719559E-03
2.65511405E-01  1.18242651E-01  1.06518273E-03
2.65802377E-01  1.19847097E-01  1.04867248E-03
2.66093348E-01  1.19665667E-01  1.05674146E-03
2.66384320E-01  1.20040841E-01  1.08034466E-03
2.66675291E-01  1.18363500E-01  1.07068138E-03
2.66966262E-01  1.19802900E-01  1.06954388E-03
2.67257234E-01  1.16551630E-01  1.04304787E-03
2.67548205E-01  1.17705353E-01  1.08937151E-03
2.67839177E-01  1.19179949E-01  1.08853728E-03
2.68130148E-01  1.18727714E-01  1.05219369E-03
2.68421119E-01  1.14784986E-01  1.06958370E-03
2.68712091E-01  1.17781974E-01  1.08942739E-03
2.69003062E-01  1.19156800E-01  1.05441036E-03
2.69294034E-01  1.19308516E-01  1.07281411E-03
2.69585005E-01  1.18181035E-01  1.04755722E-03
2.69875976E-01  1.18984133E-01  1.07993453E-03
2.70166948E-01  1.16216399E-01  1.06132217E-03
2.70457919E-01  1.16491385E-01  1.05063687E-03
2.70748891E-01  1.14715420E-01  1.01860287E-03
2.71039862E-01  1.17190942E-01  1.07994128E-03
2.71330833E-01  1.20463707E-01  1.04883558E-03
2.71621805E-01  1.18375503E-01  1.07879913E-03
2.71912776E-01  1.17247328E-01  1.03235943E-03
2.72203748E-01  1.17257975E-01  1.05568173E-03
2.72494719E-01  1.17263652E-01  1.07734010E-03
2.72785690E-01  1.16272785E-01  1.07262156E-03
2.73076662E-01  1.17998473E-01  1.04835501E-03
2.73367633E-01  1.15960509E-01  1.04421156E-03
2.73658605E-01  1.15323961E-01  1.02384016E-03
2.73949576E-01  1.16259418E-01  1.04426045E-03
2.74240547E-01  1.18371263E-01  1.04902405E-03
2.74531519E-01  1.17722064E-01  1.04644487E-03
2.74822490E-01  1.17474712E-01  1.04675384E-03
2.75113462E-01  1.17358238E-01  1.05711783E-03
2.75404433E-01  1.16939828E-01  1.03603362E-03
2.75695404E-01  1.16124675E-01  1.05365086E-03
2.75986376E-01  1.16056137E-01  1.04560039E-03
2.76277347E-01  1.15980998E-01  1.04793953E-03
2.76568319E-01  1.17194161E-01  1.03364745E-03
2.76859290E-01  1.18496343E-01  1.04775955E-03
2.77150261E-01  1.17617868E-01  1.05336390E-03
2.77441233E-01  1.17060274E-01  1.03111751E-03
2.77732204E-01  1.17329985E-01  1.04000326E-03
2.78023176E-01  1.16061851E-01  1.03887543E-03
2.78314147E-01  1.18671529E-01  1.04732055E-03
2.78605118E-01  1.16889417E-01  1.05713622E-03
2.78896090E-01  1.17722392E-01  1.02800818E-03
2.79187061E-01  1.17455140E-01  1.02513947E-03
2.79478033E-01  1.18071228E-01  1.02354435E-03
2.79769004E-01  1.19386517E-01  1.05141324E-03
2.80059975E-01  1.17126472E-01  1.01719156E-03
2.80350947E-01  1.16752453E-01  1.04856794E-03
2.80641918E-01  1.19837888E-01  1.04099978E-03
2.80932890E-01  1.18721455E-01  1.02791807E-03
2.81223861E-01  1.17549963E-01  1.03688298E-03
2.81514833E-01  1.20280147E-01  1.04557071E-03
2.81805804E-01  1.18074380E-01  1.03322894E-03
2.82096775E-01  1.20805264E-01  1.07109908E-03
2.82387747E-01  1.21602640E-01  1.07493147E-03
2.82678718E-01  1.20452434E-01  1.07570726E-03
2.82969690E-01  1.20670445E-01  1.06985366E-03
2.83260661E-01  1.20315984E-01  1.07689050E-03
2.83551632E-01  1.20617583E-01  1.07009616E-03
2.83842604E-01  1.21495873E-01  1.08438008E-03
2.84133575E-01  1.21617712E-01  1.11282815E-03
2.84424547E-01  1.22039646E-01  1.09234825E-03
2.84715518E-01  1.22000732E-01  1.10368128E-03
2.85006489E-01  1.21423587E-01  1.09155790E-03
2.85297461E-01  1.20737538E-01  1.06988731E-03
2.85588432E-01  1.22397408E-01  1.07727363E-03
2.85879404E-01  1.22966073E-01  1.08780572E-03
2.86170375E-01  1.22331463E-01  1.07510691E-03
2.86461346E-01  1.22210190E-01  1.09747169E-03
2.86752318E-01  1.20600156E-01  1.08472223E-03
2.87043289E-01  1.23614676E-01  1.14081078E-03
2.87334261E-01  1.22585706E-01  1.10361446E-03
2.87625232E-01  1.23550594E-01  1.09799404E-03
2.87916203E-01  1.21750258E-01  1.11561432E-03
2.88207175E-01  1.22607455E-01  1.10077311E-03
2.88498146E-01  1.25584036E-01  1.13081257E-03
2.88789118E-01  1.23295650E-01  1.12334755E-03
2.89080089E-01  1.22104682E-01  1.09760452E-03
2.89371060E-01  1.22577839E-01  1.09437818E-03
2.89662032E-01  1.24509484E-01  1.14346331E-03
2.89953003E-01  1.22467302E-01  1.10363297E-03
2.90243975E-01  1.23776793E-01  1.12394767E-03
2.90534946E-01  1.22915000E-01  1.10149046E-03
2.90825917E-01  1.20983988E-01  1.10696885E-03
2.91116889E-01  1.21494912E-01  1.13061105E-03
2.91407860E-01  1.20433241E-01  1.11756218E-03
2.91698832E-01  1.18992999E-01  1.12115149E-03
2.91989803E-01  1.20279908E-01  1.07803510E-03
2.92280774E-01  1.23143844E-01  1.06291682E-03
2.92571746E-01  1.21804789E-01  1.08236482E-03
2.92862717E-01  1.20772600E-01  1.08015211E-03
2.93153689E-01  1.19883940E-01  1.06450345E-03
2.93444660E-01  1.18993945E-01  1.07815268E-03
2.93735631E-01  1.20790534E-01  1.07640913E-03
2.94026603E-01  1.22832835E-01  1.10866374E-03
2.94317574E-01  1.21210575E-01  1.10078743E-03
2.94608546E-01  1.21267378E-01  1.07750820E-03
2.94899517E-01  1.21060848E-01  1.10071234E-03
2.95190488E-01  1.20574400E-01  1.08566391E-03
2.95481460E-01  1.19581118E-01  1.12303090E-03
2.95772431E-01  1.19520582E-01  1.07895304E-03
2.96063403E-01  1.20902695E-01  1.09784817E-03
2.96354374E-01  1.20292634E-01  1.10695150E-03
2.96645345E-01  1.21455334E-01  1.10177649E-03
2.96936317E-01  1.21085770E-01  1.10110559E-03
2.97227288E-01  1.21714994E-01  1.09459332E-03
2.97518260E-01  1.20576419E-01  1.10255915E-03
2.97809231E-01  1.21062472E-01  1.11256889E-03
2.98100202E-01  1.21430568E-01  1.11180986E-03
2.98391174E-01  1.19336367E-01  1.09815923E-03
2.98682145E-01  1.21731438E-01  1.08665251E-03
2.98973117E-01  1.21312730E-01  1.10639643E-03
2.99264088E-01  1.21257022E-01  1.08836254E-03
2.99555059E-01  1.23244718E-01  1.12733792E-03
2.99846031E-01  1.20459922E-01  1.11419067E-03
3.00137002E-01  1.20697044E-01  1.09144766E-03
3.00427974E-01  1.21882722E-01  1.09084207E-03
3.00718945E-01  1.22353517E-01  1.11266330E-03
3.01009917E-01  1.23124540E-01  1.12633943E-03
3.01300888E-01  1.22225359E-01  1.11690967E-03
3.01591859E-01  1.20123036E-01  1.12553407E-03
3.01882831E-01  1.19607411E-01  1.07665488E-03
3.02173802E-01  1.20938234E-01  1.08131894E-03
3.02464774E-01  1.22201391E-01  1.09975017E-03
3.02755745E-01  1.19414799E-01  1.08561828E-03
3.03046716E-01  1.18372105E-01  1.04664743E-03
3.03337688E-01  1.21993899E-01  1.10458443E-03
3.03628659E-01  1.19876482E-01  1.08354993E-03
3.03919631E-01  1.21270299E-01  1.07109069E-03
3.04210602E-01  1.20666139E-01  1.08838186E-03
3.04501573E-01  1.18350372E-01  1.09524978E-03
3.04792545E-01  1.18548535E-01  1.09197968E-03
3.05083516E-01  1.20063834E-01  1.09013787E-03
3.05374488E-01  1.18472494E-01  1.07954035E-03
3.05665459E-01  1.18813939E-01  1.07691274E-03
3.05956430E-01  1.19534075E-01  1.09787134E-03
3.06247402E-01  1.18442670E-01  1.07038033E-03
3.06538373E-01  1.20106228E-01  1.09487481E-03
3.06829345E-01  1.18770272E-01  1.08028192E-03
3.07120316E-01  1.19098678E-01  1.13222271E-03
3.07411287E-01  1.17672764E-01  1.07243948E-03
3.07702259E-01  1.19500369E-01  1.10833708E-03
3.07993230E-01  1.19214036E-01  1.06002681E-03
3.08284202E-01  1.19785495E-01  1.10749202E-03
3.08575173E-01  1.18119024E-01  1.09145103E-03
3.08866144E-01  1.19040035E-01  1.07289606E-03
3.09157116E-01  1.18602261E-01  1.07835024E-03
3.09448087E-01  1.18154697E-01  1.07816549E-03
3.09739059E-01  1.20152570E-01  1.10288826E-03
3.10030030E-01  1.17386229E-01  1.06502150E-03
3.10321001E-01  1.16401896E-01  1.05789141E-03
3.10611973E-01  1.16215304E-01  1.01191644E-03
3.10902944E-01  1.16335779E-01  1.06740347E-03
3.11193916E-01  1.16522819E-01  1.13036647E-03
3.11484887E-01  1.18562385E-01  1.10354519E-03
3.11775858E-01  1.17104053E-01  1.09072705E-03
3.12066830E-01  1.18226551E-01  1.10557000E-03
3.12357801E-01  1.17489614E-01  1.11334957E-03
3.12648773E-01  1.18562095E-01  1.14606961E-03
3.12939744E-01  1.19557224E-01  1.12428365E-03
3.13230715E-01  1.19054288E-01  1.13024458E-03
3.13521687E-01  1.19260289E-01  1.15830661E-03
3.13812658E-01  1.17342278E-01  1.13407418E-03
3.14103630E-01  1.18304104E-01  1.12816121E-03
3.14394601E-01  1.16444029E-01  1.12375873E-03
3.14685572E-01  1.15891911E-01  1.11164816E-03
3.14976544E-01  1.17574751E-01  1.13780401E-03
3.15267515E-01  1.16584718E-01  1.14674435E-03
3.15558487E-01  1.17654994E-01  1.13365811E-03
3.15849458E-01  1.18352346E-01  1.13953662E-03
3.16140429E-01  1.16376914E-01  1.09570276E-03
3.16431401E-01  1.15419269E-01  1.13060686E-03
3.16722372E-01  1.16614901E-01  1.10801309E-03
3.17013344E-01  1.15709342E-01  1.10416382E-03
3.17304315E-01  1.15623184E-01  1.13594369E-03
3.17595286E-01  1.17176495E-01  1.14377262E-03
3.17886258E-01  1.17396951E-01  1.16222794E-03
3.18177229E-01  1.17205985E-01  1.13221724E-03
3.18468201E-01  1.19370699E-01  1.15948461E-03
3.18759172E-01  1.15876995E-01  1.14197854E-03
3.19050144E-01  1.16853416E-01  1.11156609E-03
3.19341115E-01  1.16162330E-01  1.13360619E-03
3.19632086E-01  1.17095388E-01  1.14858197E-03
3.19923058E-01  1.16691396E-01  1.15182798E-03
3.20214029E-01  1.14684239E-01  1.14060426E-03
3.20505001E-01  1.16796426E-01  1.11816346E-03
3.20795972E-01  1.14642158E-01  1.14493258E-03
3.21086943E-01  1.14273936E-01  1.12869847E-03
3.21377915E-01  1.15026139E-01  1.12868112E-03
3.21668886E-01  1.14774235E-01  1.14230986E-03
3.21959858E-01  1.16486073E-01  1.14359928E-03
3.22250829E-01  1.16271548E-01  1.18638366E-03
3.22541800E-01  1.15590155E-01  1.13436417E-03
3.22832772E-01  1.16686702E-01  1.18716888E-03
3.23123743E-01  1.14247292E-01  1.12057186E-03
3.23414715E-01  1.14870079E-01  1.10360549E-03
3.23705686E-01  1.15023509E-01  1.15707249E-03
3.23996657E-01  1.12836026E-01  1.10282353E-03
3.24287629E-01  1.15068823E-01  1.15313882E-03
3.24578600E-01  1.14587165E-01  1.14070193E-03
3.24869572E-01  1.15094610E-01  1.13468932E-03
3.25160543E-01  1.15639985E-01  1.20170543E-03
3.25451514E-01  1.13413356E-01  1.12849672E-03
3.25742486E-01  1.15193099E-01  1.14454411E-03
3.26033457E-01  1.17439315E-01  1.16675603E-03
3.26324429E-01  1.14502288E-01  1.15429633E-03
3.26615400E-01  1.17502257E-01  1.17578031E-03
3.26906371E-01  1.15094043E-01  1.12166186E-03
3.27197343E-01  1.16489388E-01  1.16119429E-03
3.27488314E-01  1.14162229E-01  1.15099095E-03
3.27779286E-01  1.14862598E-01  1.18698901E-03
3.28070257E-01  1.14174142E-01  1.14030589E-03
3.28361228E-01  1.12477675E-01  1.13504939E-03
3.28652200E-01  1.12974294E-01  1.16901391E-03
3.28943171E-01  1.15917206E-01  1.16882985E-03
3.29234143E-01  1.14006720E-01  1.14797149E-03
3.29525114E-01  1.12699762E-01  1.13355892E-03
3.29816085E-01  1.13147393E-01  1.14504562E-03
3.30107057E-01  1.15223035E-01  1.19997095E-03
3.30398028E-01  1.12475112E-01  1.14385970E-03
3.30689000E-01  1.14718445E-01  1.17082067E-03
3.30979971E-01  1.13562755E-01  1.14496774E-03
3.31270942E-01  1.14440642E-01  1.12352718E-03
3.31561914E-01  1.13558419E-01  1.15203497E-03
3.31852885E-01  1.12461016E-01  1.13776175E-03
3.32143857E-01  1.13535717E-01  1.15812232E-03
3.32434828E-01  1.14135399E-01  1.15126336E-03
3.32725799E-01  1.13917239E-01  1.15149142E-03
3.33016771E-01  1.13649748E-01  1.13833661E-03
3.33307742E-01  1.15061432E-01  1.17020227E-03
3.33598714E-01  1.14988983E-01  1.17576111E-03
3.33889685E-01  1.12307727E-01  1.12356059E-03
3.34180656E-01  1.15440130E-01  1.16657850E-03
3.34471628E-01  1.14363790E-01  1.17139774E-03
3.34762599E-01  1.13686651E-01  1.14375632E-03
3.35053571E-01  1.15178876E-01  1.15417363E-03
3.35344542E-01  1.14962734E-01  1.15551625E-03
3.35635513E-01  1.14421196E-01  1.17230357E-03
3.35926485E-01  1.15623832E-01  1.13479537E-03
3.36217456E-01  1.13178588E-01  1.14177016E-03
3.36508428E-01  1.12275891E-01  1.12612837E-03
3.36799399E-01  1.13841660E-01  1.15594594E-03
3.37090370E-01  1.14662394E-01  1.17888476E-03
3.37381342E-01  1.13928095E-01  1.14227703E-03
3.37672313E-01  1.16750777E-01  1.14459451E-03
3.37963285E-01  1.12292647E-01  1.14701327E-03
3.38254256E-01  1.14146255E-01  1.15250843E-03
3.38545228E-01  1.11821748E-01  1.14284363E-03
3.38836199E-01  1.12893566E-01  1.14655914E-03
3.39127170E-01  1.13310054E-01  1.17373466E-03
3.39418142E-01  1.11575738E-01  1.14774727E-03
3.39709113E-01  1.13622427E-01  1.15182204E-03
3.40000085E-01  1.10846795E-01  1.14026421E-03
3.40291056E-01  1.12057984E-01  1.11810816E-03
3.40582027E-01  1.11921474E-01  1.18269620E-03
3.40872999E-01  1.13738418E-01  1.12926250E-03
3.41163970E-01  1.11517891E-01  1.12878345E-03
3.41454942E-01  1.15023278E-01  1.17640686E-03
3.41745913E-01  1.12585016E-01  1.10847165E-03
3.42036884E-01  1.11059070E-01  1.14359148E-03
3.42327856E-01  1.12809621E-01  1.16283912E-03
3.42618827E-01  1.14971653E-01  1.18356978E-03
3.42909799E-01  1.14926130E-01  1.14456099E-03
3.43200770E-01  1.14489518E-01  1.18278340E-03
3.43491741E-01  1.14106640E-01  1.19312771E-03
3.43782713E-01  1.13115035E-01  1.14165258E-03
3.44073684E-01  1.12832166E-01  1.15870836E-03
3.44364656E-01  1.13145597E-01  1.12206012E-03
3.44655627E-01  1.13134712E-01  1.16991170E-03
3.44946598E-01  1.14669591E-01  1.16201362E-03
3.45237570E-01  1.12564161E-01  1.13636698E-03
3.45528541E-01  1.11347936E-01  1.11285783E-03
3.45819513E-01  1.11328006E-01  1.11470860E-03
3.46110484E-01  1.14290901E-01  1.12143403E-03
3.46401455E-01  1.12704769E-01  1.12076337E-03
3.46692427E-01  1.13337509E-01  1.15232018E-03
3.46983398E-01  1.15925953E-01  1.18447980E-03
3.47274370E-01  1.13924965E-01  1.13201165E-03
3.47565341E-01  1.13329530E-01  1.14865950E-03
3.47856312E-01  1.13773249E-01  1.13886397E-03
3.48147284E-01  1.12110645E-01  1.15814270E-03
3.48438255E-01  1.11176334E-01  1.13436684E-03
3.48729227E-01  1.13306835E-01  1.13848224E-03
3.49020198E-01  1.12428606E-01  1.15286571E-03
3.49311169E-01  1.12876788E-01  1.15081237E-03
3.49602141E-01  1.13610506E-01  1.14151882E-03
3.49893112E-01  1.12570435E-01  1.16959179E-03
3.50184084E-01  1.12629876E-01  1.16725953E-03
3.50475055E-01  1.13490589E-01  1.16622995E-03
3.50766026E-01  1.15493841E-01  1.18120178E-03
3.51056998E-01  1.11814827E-01  1.13746896E-03
3.51347969E-01  1.14601567E-01  1.16619642E-03
3.51638941E-01  1.13840081E-01  1.17545913E-03
3.51929912E-01  1.13434397E-01  1.13315519E-03
3.52220883E-01  1.15722515E-01  1.19398895E-03
3.52511855E-01  1.15613930E-01  1.19394285E-03
3.52802826E-01  1.14666916E-01  1.13670737E-03
3.53093798E-01  1.12124369E-01  1.15765480E-03
3.53384769E-01  1.14075527E-01  1.18708995E-03
3.53675740E-01  1.12039357E-01  1.16200489E-03
3.53966712E-01  1.14885032E-01  1.18078268E-03
3.54257683E-01  1.14548102E-01  1.18536863E-03
3.54548655E-01  1.15049511E-01  1.17888162E-03
3.54839626E-01  1.15285635E-01  1.18311553E-03
3.55130597E-01  1.13939673E-01  1.20120693E-03
3.55421569E-01  1.14817142E-01  1.19265472E-03
3.55712540E-01  1.12717852E-01  1.16616848E-03
3.56003512E-01  1.15326658E-01  1.17796101E-03
3.56294483E-01  1.16118744E-01  1.16860704E-03
3.56585455E-01  1.13328777E-01  1.16405869E-03
3.56876426E-01  1.12236314E-01  1.17009028E-03
3.57167397E-01  1.13588512E-01  1.13937282E-03
3.57458369E-01  1.14400811E-01  1.20464654E-03
3.57749340E-01  1.14055812E-01  1.16176181E-03
3.58040312E-01  1.12390324E-01  1.13842555E-03
3.58331283E-01  1.11462593E-01  1.16488524E-03
3.58622254E-01  1.13009959E-01  1.19530351E-03
3.58913226E-01  1.14423037E-01  1.19112385E-03
3.59204197E-01  1.13834776E-01  1.17173919E-03
3.59495169E-01  1.14896066E-01  1.16747327E-03
3.59786140E-01  1.12350367E-01  1.16626080E-03
3.60077111E-01  1.14587680E-01  1.18522183E-03
3.60368083E-01  1.14621542E-01  1.18822115E-03
3.60659054E-01  1.12854838E-01  1.18189713E-03
3.60950026E-01  1.14610530E-01  1.20398705E-03
3.61240997E-01  1.13466181E-01  1.16399024E-03
3.61531968E-01  1.12217829E-01  1.16871309E-03
3.61822940E-01  1.12570897E-01  1.18170737E-03
3.62113911E-01  1.14545174E-01  1.17528229E-03
3.62404883E-01  1.13060147E-01  1.18004903E-03
3.62695854E-01  1.13789856E-01  1.16259849E-03
3.62986825E-01  1.12461790E-01  1.18259666E-03
3.63277797E-01  1.13686502E-01  1.17487751E-03
3.63568768E-01  1.12594068E-01  1.17317622E-03
3.63859740E-01  1.12557933E-01  1.17736589E-03
3.64150711E-01  1.13653831E-01  1.17744948E-03
3.64441682E-01  1.13571942E-01  1.17125304E-03
3.64732654E-01  1.12516724E-01  1.15668064E-03
3.65023625E-01  1.12823531E-01  1.15347351E-03
3.65314597E-01  1.11613661E-01  1.15599204E-03
3.65605568E-01  1.10622406E-01  1.16906618E-03
3.65896539E-01  1.11003317E-01  1.16081873E-03
3.66187511E-01  1.10967189E-01  1.13845838E-03
3.66478482E-01  1.12744570E-01  1.15519704E-03
3.66769454E-01  1.10641561E-01  1.13544858E-03
3.67060425E-01  1.12700135E-01  1.14740059E-03
3.67351396E-01  1.12530924E-01  1.16661284E-03
3.67642368E-01  1.11502141E-01  1.16823032E-03
3.67933339E-01  1.12590224E-01  1.18256221E-03
3.68224311E-01  1.09342642E-01  1.19387009E-03
3.68515282E-01  1.12902857E-01  1.17964938E-03
3.68806253E-01  1.11177385E-01  1.16980413E-03
3.69097225E-01  1.11955851E-01  1.16016646E-03
3.69388196E-01  1.11673519E-01  1.17719977E-03
3.69679168E-01  1.11368202E-01  1.15896470E-03
3.69970139E-01  1.11397885E-01  1.17379404E-03
3.70261110E-01  1.10858001E-01  1.16643938E-03
3.70552082E-01  1.09786190E-01  1.15024962E-03
3.70843053E-01  1.11032754E-01  1.17003033E-03
3.71134025E-01  1.12966493E-01  1.17675285E-03
3.71424996E-01  1.10525213E-01  1.15883257E-03
3.71715967E-01  1.09245621E-01  1.14488509E-03
3.72006939E-01  1.08952805E-01  1.17588032E-03
3.72297910E-01  1.10601798E-01  1.16641202E-03
3.72588882E-01  1.09908238E-01  1.13817363E-03
3.72879853E-01  1.09687470E-01  1.16580655E-03
3.73170824E-01  1.10852756E-01  1.17235002E-03
3.73461796E-01  1.12056017E-01  1.11880968E-03
3.73752767E-01  1.09731197E-01  1.17437087E-03
3.74043739E-01  1.11894451E-01  1.15431088E-03
3.74334710E-01  1.11643940E-01  1.20060355E-03
3.74625681E-01  1.12068415E-01  1.15694629E-03
3.74916653E-01  1.10570356E-01  1.20965217E-03
3.75207624E-01  1.11486420E-01  1.17927766E-03
3.75498596E-01  1.11083895E-01  1.13388302E-03
3.75789567E-01  1.11737423E-01  1.18740031E-03
3.76080539E-01  1.10344276E-01  1.17765984E-03
3.76371510E-01  1.13300763E-01  1.19458209E-03
3.76662481E-01  1.10584944E-01  1.13377557E-03
3.76953453E-01  1.10318348E-01  1.15428283E-03
3.77244424E-01  1.08149402E-01  1.15492032E-03
3.77535396E-01  1.10083356E-01  1.17608125E-03
3.77826367E-01  1.10891223E-01  1.17010355E-03
3.78117338E-01  1.09918252E-01  1.14568870E-03
3.78408310E-01  1.09747402E-01  1.15737156E-03
3.78699281E-01  1.10768169E-01  1.13455486E-03
3.78990253E-01  1.10156126E-01  1.15977437E-03
3.79281224E-01  1.12760842E-01  1.18391868E-03
3.79572195E-01  1.11156769E-01  1.16554613E-03
3.79863167E-01  1.08991124E-01  1.16609340E-03
3.80154138E-01  1.10576041E-01  1.16705045E-03
3.80445110E-01  1.09450430E-01  1.17529021E-03
3.80736081E-01  1.09921485E-01  1.17986265E-03
3.81027052E-01  1.11789003E-01  1.20198249E-03
3.81318024E-01  1.10028043E-01  1.17012742E-03
3.81608995E-01  1.07759014E-01  1.14896428E-03
3.81899967E-01  1.10812366E-01  1.19454938E-03
3.82190938E-01  1.10465027E-01  1.19144190E-03
3.82481909E-01  1.10216334E-01  1.15669938E-03
3.82772881E-01  1.11615159E-01  1.20515504E-03
3.83063852E-01  1.12228595E-01  1.16980181E-03
3.83354824E-01  1.10561691E-01  1.13881729E-03
3.83645795E-01  1.07748203E-01  1.13575347E-03
3.83936766E-01  1.10126138E-01  1.17626996E-03
3.84227738E-01  1.10354804E-01  1.17252767E-03
3.84518709E-01  1.11997239E-01  1.18764490E-03
3.84809681E-01  1.10319443E-01  1.18880742E-03
3.85100652E-01  1.09628074E-01  1.14980026E-03
3.85391623E-01  1.11736596E-01  1.17107632E-03
3.85682595E-01  1.10404111E-01  1.23020378E-03
3.85973566E-01  1.08356528E-01  1.14181300E-03
3.86264538E-01  1.10401593E-01  1.14417844E-03
3.86555509E-01  1.09858677E-01  1.16087892E-03
3.86846480E-01  1.08432770E-01  1.16224727E-03
3.87137452E-01  1.10553406E-01  1.18299096E-03
3.87428423E-01  1.08717076E-01  1.16237591E-03
3.87719395E-01  1.10667966E-01  1.16099103E-03
3.88010366E-01  1.09489366E-01  1.15912431E-03
3.88301337E-01  1.11043885E-01  1.18711009E-03
3.88592309E-01  1.09762110E-01  1.15878053E-03
3.88883280E-01  1.08637460E-01  1.15279877E-03
3.89174252E-01  1.10016353E-01  1.20552024E-03
3.89465223E-01  1.09155737E-01  1.17379637E-03
3.89756194E-01  1.09854273E-01  1.18413742E-03
3.90047166E-01  1.10749401E-01  1.16211385E-03
3.90338137E-01  1.11372553E-01  1.18655316E-03
3.90629109E-01  1.11142702E-01  1.18029676E-03
3.90920080E-01  1.09792992E-01  1.13319186E-03
3.91211051E-01  1.10869840E-01  1.16007205E-03
3.91502023E-01  1.09300040E-01  1.19307556E-03
3.91792994E-01  1.11150488E-01  1.18633884E-03
3.92083966E-01  1.09837487E-01  1.16843102E-03
3.92374937E-01  1.09170109E-01  1.15613802E-03
3.92665908E-01  1.09131902E-01  1.19398220E-03
3.92956880E-01  1.10359691E-01  1.16098823E-03
3.93247851E-01  1.12036154E-01  1.20598590E-03
3.93538823E-01  1.08866222E-01  1.17202837E-03
3.93829794E-01  1.08685888E-01  1.16918108E-03
3.94120766E-01  1.08446956E-01  1.17978489E-03
3.94411737E-01  1.10466167E-01  1.18772418E-03
3.94702708E-01  1.11159757E-01  1.18536293E-03
3.94993680E-01  1.10252656E-01  1.19405705E-03
3.95284651E-01  1.08880952E-01  1.17575633E-03
3.95575623E-01  1.10614009E-01  1.17685273E-03
3.95866594E-01  1.12345472E-01  1.20281882E-03
3.96157565E-01  1.11814216E-01  1.20256271E-03
3.96448537E-01  1.09718338E-01  1.16042327E-03
3.96739508E-01  1.11125082E-01  1.17769919E-03
3.97030480E-01  1.09323449E-01  1.19394832E-03
3.97321451E-01  1.08536117E-01  1.17075315E-03
3.97612422E-01  1.09554172E-01  1.13887829E-03
3.97903394E-01  1.08250476E-01  1.16859190E-03
3.98194365E-01  1.10410780E-01  1.17860560E-03
3.98485337E-01  1.08958669E-01  1.12877681E-03
3.98776308E-01  1.09906815E-01  1.16395717E-03
3.99067279E-01  1.10173874E-01  1.16639095E-03
3.99358251E-01  1.10456228E-01  1.21355429E-03
3.99649222E-01  1.09059736E-01  1.16862298E-03
3.99940194E-01  1.10688157E-01  1.16077822E-03
4.00231165E-01  1.11298978E-01  1.19482516E-03
4.00522136E-01  1.08253866E-01  1.16369373E-03
4.00813108E-01  1.09505624E-01  1.19255704E-03
4.01104079E-01  1.08377784E-01  1.16746628E-03
4.01395051E-01  1.09795921E-01  1.15120667E-03
4.01686022E-01  1.07198700E-01  1.16834999E-03
4.01976993E-01  1.07930236E-01  1.16173585E-03
4.02267965E-01  1.10354736E-01  1.19955931E-03
4.02558936E-01  1.10246368E-01  1.17952190E-03
4.02849908E-01  1.08931340E-01  1.15970790E-03
4.03140879E-01  1.09604642E-01  1.16808282E-03
4.03431850E-01  1.08704299E-01  1.15482614E-03
4.03722822E-01  1.10553727E-01  1.17809663E-03
4.04013793E-01  1.11885786E-01  1.19584473E-03
4.04304765E-01  1.08303003E-01  1.15321204E-03
4.04595736E-01  1.06483452E-01  1.15188584E-03
4.04886707E-01  1.07706271E-01  1.18037069E-03
4.05177679E-01  1.09164052E-01  1.17437472E-03
4.05468650E-01  1.08739220E-01  1.18105731E-03
4.05759622E-01  1.07918449E-01  1.15767377E-03
4.06050593E-01  1.08749732E-01  1.16088241E-03
4.06341564E-01  1.11516505E-01  1.19347626E-03
4.06632536E-01  1.08502075E-01  1.19081279E-03
4.06923507E-01  1.07999295E-01  1.19443319E-03
4.07214479E-01  1.09270304E-01  1.13917200E-03
4.07505450E-01  1.08002819E-01  1.17748813E-03
4.07796421E-01  1.10676169E-01  1.19571609E-03
4.08087393E-01  1.06989831E-01  1.15907181E-03
4.08378364E-01  1.09513059E-01  1.17719639E-03
4.08669336E-01  1.08666159E-01  1.16217008E-03
4.08960307E-01  1.06691696E-01  1.14633143E-03
4.09251278E-01  1.09397314E-01  1.16481190E-03
4.09542250E-01  1.06377050E-01  1.17367890E-03
4.09833221E-01  1.08504981E-01  1.12368085E-03
4.10124193E-01  1.06890783E-01  1.14820839E-03
4.10415164E-01  1.07718840E-01  1.12265546E-03
4.10706135E-01  1.06148839E-01  1.13654544E-03
4.10997107E-01  1.06282987E-01  1.13791879E-03
4.11288078E-01  1.07772261E-01  1.16170547E-03
4.11579050E-01  1.07087448E-01  1.18931790E-03
4.11870021E-01  1.09110288E-01  1.15420611E-03
4.12160992E-01  1.07715271E-01  1.14218041E-03
4.12451964E-01  1.07273981E-01  1.17569568E-03
4.12742935E-01  1.07161447E-01  1.12512754E-03
4.13033907E-01  1.05713710E-01  1.13304448E-03
4.13324878E-01  1.08925477E-01  1.12580648E-03
4.13615850E-01  1.09885089E-01  1.15927134E-03
4.13906821E-01  1.07673317E-01  1.14560302E-03
4.14197792E-01  1.07767150E-01  1.17645040E-03
4.14488764E-01  1.07798643E-01  1.13679655E-03
4.14779735E-01  1.05725266E-01  1.16289430E-03
4.15070707E-01  1.09582052E-01  1.13895698E-03
4.15361678E-01  1.08104467E-01  1.16585789E-03
4.15652649E-01  1.06419720E-01  1.14505040E-03
4.15943621E-01  1.06600448E-01  1.15180411E-03
4.16234592E-01  1.07009158E-01  1.14617788E-03
4.16525564E-01  1.08031414E-01  1.12946401E-03
4.16816535E-01  1.07786201E-01  1.17199763E-03
4.17107506E-01  1.10031426E-01  1.18841138E-03
4.17398478E-01  1.06342614E-01  1.11619709E-03
4.17689449E-01  1.07876711E-01  1.19340071E-03
4.17980421E-01  1.05997473E-01  1.14761468E-03
4.18271392E-01  1.06085412E-01  1.13256206E-03
4.18562363E-01  1.05687685E-01  1.17519614E-03
4.18853335E-01  1.06001809E-01  1.12926844E-03
4.19144306E-01  1.05515286E-01  1.15665491E-03
4.19435278E-01  1.05194174E-01  1.15783687E-03
4.19726249E-01  1.06388375E-01  1.13993173E-03
4.20017220E-01  1.08770095E-01  1.17458636E-03
4.20308192E-01  1.04520537E-01  1.12929940E-03
4.20599163E-01  1.05604701E-01  1.11762993E-03
4.20890135E-01  1.05701357E-01  1.16462004E-03
4.21181106E-01  1.07297361E-01  1.14576891E-03
4.21472077E-01  1.05297931E-01  1.13795581E-03
4.21763049E-01  1.04638197E-01  1.09859102E-03
4.22054020E-01  1.03379987E-01  1.13534112E-03
4.22344992E-01  1.04528278E-01  1.14543992E-03
4.22635963E-01  1.07163489E-01  1.15952548E-03
4.22926934E-01  1.04850188E-01  1.12551486E-03
4.23217906E-01  1.03706576E-01  1.11553806E-03
4.23508877E-01  1.03907235E-01  1.14281347E-03
4.23799849E-01  1.05007604E-01  1.14800117E-03
4.24090820E-01  1.05399452E-01  1.12839008E-03
4.24381791E-01  1.02001622E-01  1.10785302E-03
4.24672763E-01  1.05669670E-01  1.12589658E-03
4.24963734E-01  1.01115212E-01  1.12952560E-03
4.25254706E-01  1.03278711E-01  1.11050310E-03
4.25545677E-01  1.02309838E-01  1.09087280E-03
4.25836648E-01  1.03024960E-01  1.10396335E-03
4.26127620E-01  1.00786507E-01  1.13281887E-03
4.26418591E-01  1.02304235E-01  1.10900006E-03
4.26709563E-01  1.02509566E-01  1.12628122E-03
4.27000534E-01  1.01895876E-01  1.11030519E-03
4.27291505E-01  1.00946866E-01  1.14036922E-03
4.27582477E-01  1.01624765E-01  1.11865648E-03
4.27873448E-01  1.00241572E-01  1.10792788E-03
4.28164420E-01  1.00497775E-01  1.10692636E-03
4.28455391E-01  9.76043418E-02  1.07923697E-03
4.28746362E-01  9.94042680E-02  1.10201119E-03
4.29037334E-01  9.90336537E-02  1.12465245E-03
4.29328305E-01  9.80732813E-02  1.08475890E-03
4.29619277E-01  9.99535620E-02  1.10222003E-03
4.29910248E-01  9.73037779E-02  1.08214072E-03
4.30201219E-01  9.95349437E-02  1.09730323E-03
4.30492191E-01  9.87455919E-02  1.14010379E-03
4.30783162E-01  9.83581245E-02  1.07364776E-03
4.31074134E-01  9.94632244E-02  1.09238864E-03
4.31365105E-01  9.85604823E-02  1.12236105E-03
4.31656077E-01  9.65874344E-02  1.08443736E-03
4.31947048E-01  9.74464417E-02  1.11614389E-03
4.32238019E-01  9.74024385E-02  1.06558786E-03
4.32528991E-01  9.74770635E-02  1.09340926E-03
4.32819962E-01  9.78635997E-02  1.12110435E-03
4.33110934E-01  9.65416506E-02  1.07027451E-03
4.33401905E-01  9.76723731E-02  1.11588114E-03
4.33692876E-01  9.56297517E-02  1.09110307E-03
4.33983848E-01  9.80625451E-02  1.10882230E-03
4.34274819E-01  9.90580395E-02  1.08849234E-03
4.34565791E-01  9.77570862E-02  1.07313052E-03
4.34856762E-01  9.82304886E-02  1.09564373E-03
4.35147733E-01  9.72420275E-02  1.10198220E-03
4.35438705E-01  9.79131609E-02  1.08155527E-03
4.35729676E-01  9.59280655E-02  1.07939460E-03
4.36020648E-01  9.64478701E-02  1.09571032E-03
4.36311619E-01  9.49643552E-02  1.09421578E-03
4.36602590E-01  9.70131382E-02  1.08071079E-03
4.36893562E-01  9.42969471E-02  1.08853949E-03
4.37184533E-01  9.85073596E-02  1.13162328E-03
4.37475505E-01  9.72850621E-02  1.06485432E-03
4.37766476E-01  9.62507352E-02  1.06717413E-03
4.38057447E-01  9.59526896E-02  1.10324868E-03
4.38348419E-01  9.49449092E-02  1.06383942E-03
4.38639390E-01  9.21440199E-02  1.09104137E-03
4.38930362E-01  9.58994627E-02  1.08059857E-03
4.39221333E-01  9.54155102E-02  1.08074734E-03
4.39512304E-01  9.74947587E-02  1.09136500E-03
4.39803276E-01  9.56358537E-02  1.10514392E-03
4.40094247E-01  9.44845676E-02  1.06474676E-03
4.40385219E-01  9.63700935E-02  1.07103249E-03
4.40676190E-01  9.48517472E-02  1.10145449E-03
4.40967161E-01  9.41532701E-02  1.06682943E-03
4.41258133E-01  9.37438533E-02  1.07095577E-03
4.41549104E-01  9.49698985E-02  1.08570023E-03
4.41840076E-01  9.30267796E-02  1.10248732E-03
4.42131047E-01  9.51077342E-02  1.11969316E-03
4.42422018E-01  9.63653252E-02  1.12274790E-03
4.42712990E-01  9.46841910E-02  1.09155220E-03
4.43003961E-01  9.42539349E-02  1.14725158E-03
4.43294933E-01  9.41000581E-02  1.13764452E-03
4.43585904E-01  9.30169299E-02  1.13096333E-03
4.43876875E-01  9.37179178E-02  1.14522106E-03
4.44167847E-01  9.52405557E-02  1.14707439E-03
4.44458818E-01  9.53470469E-02  1.17435493E-03
4.44749790E-01  9.47097838E-02  1.15969265E-03
4.45040761E-01  9.44316015E-02  1.18055730E-03
4.45331732E-01  9.40386355E-02  1.17228460E-03
4.45622704E-01  9.59749147E-02  1.19939260E-03
4.45913675E-01  9.75480154E-02  1.22502865E-03
4.46204647E-01  9.67071354E-02  1.19837816E-03
4.46495618E-01  9.26282704E-02  1.16047019E-03
4.46786589E-01  9.50993225E-02  1.23740092E-03
4.47077561E-01  9.59533453E-02  1.22146052E-03
4.47368532E-01  9.40542370E-02  1.18513708E-03
4.47659504E-01  9.40265805E-02  1.18493196E-03
4.47950475E-01  9.11327228E-02  1.18492253E-03
4.48241446E-01  9.20243785E-02  1.19488675E-03
4.48532418E-01  9.46438909E-02  1.25142897E-03
4.48823389E-01  9.52923223E-02  1.21552101E-03
4.49114361E-01  9.48898420E-02  1.20684947E-03
4.49405332E-01  9.41473246E-02  1.26917125E-03
4.49696303E-01  9.42826569E-02  1.25909224E-03
4.49987275E-01  9.43530947E-02  1.24982791E-03
4.50278246E-01  9.65321437E-02  1.29147526E-03
4.50569218E-01  9.85189453E-02  1.30747049E-03
4.50860189E-01  9.43823159E-02  1.26957335E-03
4.51151161E-01  9.29221958E-02  1.26189552E-03
4.51442132E-01  9.47291851E-02  1.31306495E-03
4.51733103E-01  9.52936336E-02  1.27564638E-03
4.52024075E-01  9.34675410E-02  1.24914735E-03
4.52315046E-01  9.38039869E-02  1.19369919E-03
4.52606018E-01  9.25341249E-02  1.23971375E-03
4.52896989E-01  9.38758403E-02  1.19611714E-03
4.53187960E-01  9.56880450E-02  1.22126017E-03
4.53478932E-01  9.44796056E-02  1.20336702E-03
4.53769903E-01  9.41437483E-02  1.18561054E-03
4.54060875E-01  9.54657272E-02  1.19463669E-03
4.54351846E-01  9.45064947E-02  1.24948402E-03
4.54642817E-01  9.33030546E-02  1.16292422E-03
4.54933789E-01  9.38946456E-02  1.16059149E-03
4.55224760E-01  9.56464931E-02  1.19331921E-03
4.55515732E-01  9.52485949E-02  1.19323889E-03
4.55806703E-01  9.54064652E-02  1.20174757E-03
4.56097674E-01  9.63476524E-02  1.17832492E-03
4.56388646E-01  9.27788168E-02  1.18119386E-03
4.56679617E-01  9.38847959E-02  1.16262725E-03
4.56970589E-01  9.60137323E-02  1.17879256E-03
4.57261560E-01  9.37537327E-02  1.16606278E-03
4.57552531E-01  9.62508619E-02  1.17893342E-03
4.57843503E-01  9.43758339E-02  1.15769601E-03
4.58134474E-01  9.56245884E-02  1.16698886E-03
4.58425446E-01  9.39454585E-02  1.16831006E-03
4.58716417E-01  9.39754099E-02  1.13580248E-03
4.59007388E-01  9.51262489E-02  1.17687590E-03
4.59298360E-01  9.34954882E-02  1.15278643E-03
4.59589331E-01  9.35593992E-02  1.19189220E-03
4.59880303E-01  9.32931527E-02  1.16180303E-03
4.60171274E-01  9.25057530E-02  1.16036844E-03
4.60462245E-01  9.32937786E-02  1.13780517E-03
4.60753217E-01  9.39056352E-02  1.14108971E-03
4.61044188E-01  9.20584127E-02  1.15270342E-03
4.61335160E-01  9.67379883E-02  1.17276085E-03
4.61626131E-01  9.45308059E-02  1.15912140E-03
4.61917102E-01  9.46841538E-02  1.15639681E-03
4.62208074E-01  9.49138999E-02  1.16504414E-03
4.62499045E-01  9.36092213E-02  1.16261409E-03
4.62790017E-01  9.37047750E-02  1.14620861E-03
4.63080988E-01  9.37959105E-02  1.14865729E-03
4.63371959E-01  9.32650715E-02  1.14767812E-03
4.63662931E-01  9.52476785E-02  1.16544694E-03
4.63953902E-01  9.40736607E-02  1.16285903E-03
4.64244874E-01  9.38208252E-02  1.15590391E-03
4.64535845E-01  9.40356702E-02  1.14704703E-03
4.64826816E-01  9.56883356E-02  1.15294219E-03
4.65117788E-01  9.41453576E-02  1.17202243E-03
4.65408759E-01  9.55157429E-02  1.15315081E-03
4.65699731E-01  9.41362083E-02  1.11102976E-03
4.65990702E-01  9.48787704E-02  1.18043961E-03
4.66281673E-01  9.49100256E-02  1.12715154E-03
4.66572645E-01  9.62211117E-02  1.15376420E-03
4.66863616E-01  9.34690759E-02  1.17891526E-03
4.67154588E-01  9.27074626E-02  1.14400731E-03
4.67445559E-01  9.29983184E-02  1.16848061E-03
4.67736530E-01  9.62565541E-02  1.14572840E-03
4.68027502E-01  9.39036086E-02  1.12027361E-03
4.68318473E-01  9.02004614E-02  1.11568044E-03
4.68609445E-01  9.41905603E-02  1.10700994E-03
4.68900416E-01  9.39753130E-02  1.13438943E-03
4.69191388E-01  9.68332961E-02  1.20544957E-03
4.69482359E-01  9.33597088E-02  1.12416060E-03
4.69773330E-01  9.20809731E-02  1.14428694E-03
4.70064302E-01  9.27041322E-02  1.11568847E-03
4.70355273E-01  9.44792479E-02  1.15749612E-03
4.70646245E-01  9.42660123E-02  1.16198696E-03
4.70937216E-01  9.32891294E-02  1.14416447E-03
4.71228187E-01  9.34053063E-02  1.12257735E-03
4.71519159E-01  9.40524638E-02  1.16583565E-03
4.71810130E-01  9.42718238E-02  1.12296164E-03
4.72101102E-01  9.41341147E-02  1.12197234E-03
4.72392073E-01  9.40243527E-02  1.13985420E-03
4.72683044E-01  9.41306502E-02  1.14039774E-03
4.72974016E-01  9.39003155E-02  1.13788317E-03
4.73264987E-01  9.29877609E-02  1.12654734E-03
4.73555959E-01  9.38942954E-02  1.10614230E-03
4.73846930E-01  9.21195745E-02  1.16171723E-03
4.74137901E-01  9.18083787E-02  1.14156655E-03
4.74428873E-01  9.33024585E-02  1.14253559E-03
4.74719844E-01  9.33135524E-02  1.10805174E-03
4.75010816E-01  9.64113995E-02  1.13810657E-03
4.75301787E-01  9.31437090E-02  1.14711339E-03
4.75592758E-01  9.34037790E-02  1.16298546E-03
4.75883730E-01  9.54568163E-02  1.16614613E-03
4.76174701E-01  9.39805284E-02  1.16329745E-03
4.76465673E-01  9.41708088E-02  1.13647664E-03
4.76756644E-01  9.46127474E-02  1.13263307E-03
4.77047615E-01  9.52599272E-02  1.15415512E-03
4.77338587E-01  9.49978381E-02  1.14554213E-03
4.77629558E-01  9.42264572E-02  1.11229625E-03
4.77920530E-01  9.37043875E-02  1.12342089E-03
4.78211501E-01  9.31072310E-02  1.11765461E-03
4.78502472E-01  9.66723859E-02  1.16000709E-03
4.78793444E-01  9.60561335E-02  1.19733869E-03
4.79084415E-01  9.42836553E-02  1.13796291E-03
4.79375387E-01  9.44358855E-02  1.15558307E-03
4.79666358E-01  9.46550593E-02  1.10970391E-03
4.79957329E-01  9.35819745E-02  1.15512230E-03
4.80248301E-01  9.11312550E-02  1.10635022E-03
4.80539272E-01  9.38512608E-02  1.14536006E-03
4.80830244E-01  9.11086649E-02  1.10531016E-03
4.81121215E-01  9.23413858E-02  1.14407169E-03
4.81412186E-01  9.33720842E-02  1.12281099E-03
4.81703158E-01  9.44242105E-02  1.15165231E-03
4.81994129E-01  9.53064933E-02  1.13344018E-03
4.82285101E-01  9.24284980E-02  1.11568824E-03
4.82576072E-01  9.40599293E-02  1.10473612E-03
4.82867043E-01  9.58170667E-02  1.15641032E-03
4.83158015E-01  9.45171043E-02  1.15346629E-03
4.83448986E-01  9.17678848E-02  1.13838201E-03
4.83739958E-01  9.41099599E-02  1.13128393E-03
4.84030929E-01  9.27337706E-02  1.12499867E-03
4.84321900E-01  9.43344012E-02  1.13926665E-03
4.84612872E-01  9.24423113E-02  1.10305089E-03
4.84903843E-01  9.38878283E-02  1.13140710E-03
4.85194815E-01  9.19580758E-02  1.13315415E-03
4.85485786E-01  9.39320177E-02  1.11666124E-03
4.85776757E-01  9.32835042E-02  1.10892323E-03
4.86067729E-01  9.26446617E-02  1.12232449E-03
4.86358700E-01  9.32126939E-02  1.11985405E-03
4.86649672E-01  9.33279619E-02  1.15570310E-03
4.86940643E-01  9.49445441E-02  1.16702856E-03
4.87231614E-01  9.54703912E-02  1.15480123E-03
4.87522586E-01  9.47051868E-02  1.12254429E-03
4.87813557E-01  9.42053273E-02  1.12911128E-03
4.88104529E-01  9.38311815E-02  1.13458082E-03
4.88395500E-01  9.72489491E-02  1.15224603E-03
4.88686472E-01  9.49194059E-02  1.16073200E-03
4.88977443E-01  9.38762873E-02  1.10619538E-03
4.89268414E-01  9.46108773E-02  1.12974446E-03
4.89559386E-01  9.40414369E-02  1.15467422E-03
4.89850357E-01  9.25609842E-02  1.15758204E-03
4.90141329E-01  9.48613435E-02  1.11831492E-03
4.90432300E-01  9.53134149E-02  1.10573554E-03
4.90723271E-01  9.58769321E-02  1.14979653E-03
4.91014243E-01  9.51028168E-02  1.11762912E-03
4.91305214E-01  9.35055539E-02  1.09668879E-03
4.91596186E-01  9.46981534E-02  1.15470740E-03
4.91887157E-01  9.25305486E-02  1.17611804E-03
4.92178128E-01  9.48246494E-02  1.14732585E-03
4.92469100E-01  9.36375484E-02  1.11677509E-03
4.92760071E-01  9.33911502E-02  1.13117858E-03
4.93051043E-01  9.49956700E-02  1.12951046E-03
4.93342014E-01  9.22919437E-02  1.13287254E-03
4.93632985E-01  9.54126045E-02  1.16857979E-03
4.93923957E-01  9.44830328E-02  1.17119483E-03
4.94214928E-01  9.50436741E-02  1.11330952E-03
4.94505900E-01  9.28365514E-02  1.12122565E-03
4.94796871E-01  9.34283957E-02  1.13935058E-03
4.95087842E-01  9.55382809E-02  1.11280486E-03
4.95378814E-01  9.38450098E-02  1.11002894E-03
4.95669785E-01  9.39017013E-02  1.12337992E-03
4.95960757E-01  9.65503678E-02  1.15378702E-03
4.96251728E-01  9.62569341E-02  1.12033845E-03
4.96542699E-01  9.60455760E-02  1.15389354E-03
4.96833671E-01  9.25868824E-02  1.12413836E-03
4.97124642E-01  9.32971239E-02  1.13956863E-03
4.97415614E-01  9.34356377E-02  1.09707925E-03
4.97706585E-01  9.50034484E-02  1.12581591E-03
4.97997556E-01  9.30540189E-02  1.14720804E-03
4.98288528E-01  9.45634469E-02  1.11553457E-03
4.98579499E-01  9.43340883E-02  1.11195270E-03
4.98870471E-01  9.19635594E-02  1.11777219E-03
4.99161442E-01  9.36738178E-02  1.13926502E-03
4.99452413E-01  9.52657163E-02  1.11321465E-03
4.99743385E-01  9.51185301E-02  1.15968799E-03
5.00034356E-01  9.25971419E-02  1.09432964E-03
5.00325328E-01  9.39571410E-02  1.15599495E-03
5.00616299E-01  9.35221910E-02  1.12759392E-03
5.00907270E-01  9.57536846E-02  1.14619581E-03
5.01198242E-01  9.47144553E-02  1.12109364E-03
5.01489213E-01  9.27381516E-02  1.14991399E-03
5.01780185E-01  9.28539261E-02  1.14254165E-03
5.02071156E-01  9.24266651E-02  1.11536076E-03
5.02362127E-01  9.34131071E-02  1.11121009E-03
5.02653099E-01  9.43086594E-02  1.13869947E-03
5.02944070E-01  9.58599150E-02  1.12715969E-03
5.03235042E-01  9.47253779E-02  1.10959774E-03
5.03526013E-01  9.37530100E-02  1.13790168E-03
5.03816984E-01  9.38992798E-02  1.09369378E-03
5.04107956E-01  9.34453607E-02  1.09879428E-03
5.04398927E-01  9.23160687E-02  1.10618910E-03
5.04689899E-01  9.18993875E-02  1.10798154E-03
5.04980870E-01  9.46087092E-02  1.16877630E-03
5.05271841E-01  9.35953408E-02  1.12570857E-03
5.05562813E-01  9.36507657E-02  1.12415385E-03
5.05853784E-01  9.39988643E-02  1.15962757E-03
5.06144756E-01  9.29534063E-02  1.15022110E-03
5.06435727E-01  9.28998739E-02  1.11655158E-03
5.06726699E-01  9.46682990E-02  1.18832546E-03
5.07017670E-01  9.32154134E-02  1.11931015E-03
5.07308641E-01  9.39000472E-02  1.10698980E-03
5.07599613E-01  9.41968486E-02  1.13976060E-03
5.07890584E-01  9.40196216E-02  1.12452335E-03
5.08181556E-01  9.23798680E-02  1.15096231E-03
5.08472527E-01  9.29119512E-02  1.12346199E-03
5.08763498E-01  9.15032402E-02  1.10579247E-03
5.09054470E-01  9.36809778E-02  1.11247448E-03
5.09345441E-01  9.43461508E-02  1.13416172E-03
5.09636413E-01  9.37825367E-02  1.12589553E-03
5.09927384E-01  9.24657211E-02  1.11365388E-03
5.10218355E-01  9.06452090E-02  1.09500834E-03
5.10509327E-01  9.40395817E-02  1.13754522E-03
5.10800298E-01  9.27017704E-02  1.10110478E-03
5.11091270E-01  9.39128622E-02  1.10887387E-03
5.11382241E-01  9.28100869E-02  1.15091994E-03
5.11673212E-01  9.40913931E-02  1.08292664E-03
5.11964184E-01  9.34863538E-02  1.11789803E-03
5.12255155E-01  9.32005495E-02  1.15464360E-03
5.12546127E-01  9.37021151E-02  1.09752081E-03
5.12837098E-01  9.38192606E-02  1.11793028E-03
5.13128069E-01  9.54600200E-02  1.11683051E-03
5.13419041E-01  9.27659646E-02  1.11524551E-03
5.13710012E-01  9.50371921E-02  1.13302935E-03
5.14000984E-01  9.66891125E-02  1.16950378E-03
5.14291955E-01  9.52131450E-02  1.12979184E-03
5.14582926E-01  9.49324220E-02  1.11041195E-03
5.14873898E-01  9.29362029E-02  1.12355419E-03
5.15164869E-01  9.32162851E-02  1.15641369E-03
5.15455841E-01  9.27510709E-02  1.07931334E-03
5.15746812E-01  9.54491273E-02  1.14873610E-03
5.16037783E-01  9.35705379E-02  1.11733994E-03
5.16328755E-01  9.25343856E-02  1.15197268E-03
5.16619726E-01  9.28847492E-02  1.10075343E-03
5.16910698E-01  9.27030221E-02  1.10353611E-03
5.17201669E-01  9.24643204E-02  1.13635324E-03
5.17492640E-01  9.37952772E-02  1.14758743E-03
5.17783612E-01  9.29822028E-02  1.10790110E-03
5.18074583E-01  9.34269205E-02  1.10152643E-03
5.18365555E-01  9.08669680E-02  1.10767956E-03
5.18656526E-01  9.40184668E-02  1.15381170E-03
5.18947497E-01  9.44565609E-02  1.14478159E-03
5.19238469E-01  9.27524790E-02  1.09832245E-03
5.19529440E-01  9.11036804E-02  1.11317495E-03
5.19820412E-01  9.40533131E-02  1.11739850E-03
5.20111383E-01  9.35550705E-02  1.09394081E-03
5.20402354E-01  9.22542959E-02  1.12911733E-03
5.20693326E-01  9.25687551E-02  1.12300692E-03
5.20984297E-01  9.50946212E-02  1.15000096E-03
5.21275269E-01  9.39187333E-02  1.09920406E-03
5.21566240E-01  9.17148590E-02  1.08499534E-03
5.21857211E-01  9.26420763E-02  1.14366796E-03
5.22148183E-01  9.37791616E-02  1.14029460E-03
5.22439154E-01  9.22522992E-02  1.12643931E-03
5.22730126E-01  9.52184945E-02  1.09946425E-03
5.23021097E-01  9.35001001E-02  1.11994811E-03
5.23312068E-01  9.47185904E-02  1.12473650E-03
5.23603040E-01  9.49707627E-02  1.13759388E-03
5.23894011E-01  9.30371583E-02  1.11638918E-03
5.24184983E-01  9.25198868E-02  1.08218112E-03
5.24475954E-01  9.33719724E-02  1.12000399E-03
5.24766925E-01  9.49588120E-02  1.15022797E-03
5.25057897E-01  9.33572277E-02  1.12247828E-03
5.25348868E-01  9.27224979E-02  1.12731336E-03
5.25639840E-01  9.45640355E-02  1.13558630E-03
5.25930811E-01  9.44041535E-02  1.12741080E-03
5.26221783E-01  9.27209407E-02  1.10235810E-03
5.26512754E-01  9.21156332E-02  1.10194075E-03
5.26803725E-01  9.22023728E-02  1.09487236E-03
5.27094697E-01  9.18114036E-02  1.09689031E-03
5.27385668E-01  9.15671960E-02  1.08726276E-03
5.27676640E-01  9.24487412E-02  1.10383157E-03
5.27967611E-01  9.48197171E-02  1.11046119E-03
5.28258582E-01  9.38887969E-02  1.11889828E-03
5.28549554E-01  9.62558687E-02  1.15292333E-03
5.28840525E-01  9.27845091E-02  1.10363634E-03
5.29131497E-01  9.15479437E-02  1.10484776E-03
5.29422468E-01  9.46900100E-02  1.14356785E-03
5.29713439E-01  9.34568718E-02  1.12259237E-03
5.30004411E-01  9.29235891E-02  1.10755104E-03


### HEADER:
#
#{
#    "analysis": {},
#    "calibration_params": {
#        "Beam_Center_X": 1065.0,
#        "Beam_Center_Y": 2064.0,
#        "Detector Tilt": 0.0,
#        "Detector Tilt Plane Rotation": 0.0,
#        "Detector_X_Pixel_Size": 75.0,
#        "Detector_Y_Pixel_Size": 75.0,
#        "Integration Method": "nosplit_csr",
#        "Radial_Average_Method": "pyFAI",
#        "Sample-to-detector distance (mm)": 1824.0,
#        "Wavelength (A)": 0.8848865554555589
#    },
#    "config_file": "/home/chess_id7a/.RAW/backup.cfg",
#    "counters": {
#        "Epoch": "28.717",
#        "I1": "0",
#        "I2": "0",
#        "I3": "0",
#        "Seconds": "1",
#        "Time": "2.21729e-05",
#        "date": "Fri Mar 15 19:56:04 2024",
#        "diode": "92075"
#    },
#    "filename": "DM0006_35C_100MPa_up_2_data_000001_00001.h5",
#    "history": {},
#    "imageHeader": {},
#    "load_path": "/nfs/chess/daq/current/id7a/Milshteyn_03_15_2024/DM0006/DM0006_35C_100MPa_up_2_data_000001.h5",
#    "normalizations": {
#        "Absolute_scale": {
#            "Absolute_scale_factor": 0.017092358101131556,
#            "Method": "Water"
#        },
#        "Counter_norms": [
#            [
#                "/",
#                "diode/150000"
#            ]
#        ],
#        "Polarization": {
#            "Used": false
#        },
#        "Solid_Angle_Correction": "On"
#    },
#    "raw_version": "2.2.1",
#    "unit": ""
#}

