### DATA:
#
# 1786
#      Q             I(Q)           Error     
1.06204562E-02  8.53025150E+00  1.32991999E-01
1.09114276E-02  7.82762337E+00  1.39153734E-01
1.12023990E-02  6.98456526E+00  1.19738132E-01
1.14933704E-02  6.33101845E+00  1.00893803E-01
1.17843418E-02  5.71010828E+00  8.35263580E-02
1.20753132E-02  5.28427124E+00  7.90557712E-02
1.23662846E-02  4.86653137E+00  6.23490736E-02
1.26572560E-02  4.42812634E+00  5.82477674E-02
1.29482274E-02  4.02964544E+00  6.04476593E-02
1.32391988E-02  3.85282302E+00  6.39181659E-02
1.35301702E-02  3.56028724E+00  4.65166457E-02
1.38211416E-02  3.26038408E+00  4.36016917E-02
1.41121131E-02  3.08002472E+00  4.42430079E-02
1.44030845E-02  2.86728525E+00  4.00302969E-02
1.46940559E-02  2.69519806E+00  3.44664641E-02
1.49850273E-02  2.55164242E+00  3.54861692E-02
1.52759987E-02  2.38057685E+00  3.34041603E-02
1.55669701E-02  2.22635674E+00  2.80190427E-02
1.58579415E-02  2.12591052E+00  2.73926109E-02
1.61489129E-02  2.01451802E+00  2.59246845E-02
1.64398843E-02  1.90835011E+00  2.58504506E-02
1.67308557E-02  1.80004704E+00  2.77641807E-02
1.70218271E-02  1.73676610E+00  2.57755518E-02
1.73127985E-02  1.63661146E+00  2.30943654E-02
1.76037699E-02  1.60250604E+00  1.93690546E-02
1.78947413E-02  1.51326334E+00  1.84963122E-02
1.81857127E-02  1.44734740E+00  1.93568859E-02
1.84766841E-02  1.37446475E+00  1.61176864E-02
1.87676555E-02  1.30394745E+00  1.78275723E-02
1.90586269E-02  1.25881922E+00  1.82896331E-02
1.93495983E-02  1.20838964E+00  1.43328086E-02
1.96405697E-02  1.17092729E+00  1.58972088E-02
1.99315411E-02  1.15372920E+00  1.47396801E-02
2.02225125E-02  1.07115841E+00  1.43740848E-02
2.05134839E-02  1.07840502E+00  1.46708693E-02
2.08044553E-02  9.95364666E-01  1.30208926E-02
2.10954267E-02  9.95941639E-01  1.35328611E-02
2.13863981E-02  9.55487907E-01  1.30111612E-02
2.16773695E-02  9.07704830E-01  1.28334528E-02
2.19683409E-02  8.78259122E-01  1.13100894E-02
2.22593123E-02  8.76658261E-01  1.12867281E-02
2.25502837E-02  8.41557145E-01  9.99638531E-03
2.28412551E-02  8.22280645E-01  1.02791721E-02
2.31322265E-02  7.82114923E-01  9.69708152E-03
2.34231979E-02  7.73003221E-01  9.30430368E-03
2.37141694E-02  7.64595926E-01  8.79019778E-03
2.40051408E-02  7.39133716E-01  9.58713610E-03
2.42961122E-02  7.23370254E-01  8.94278102E-03
2.45870836E-02  7.07637966E-01  8.56225844E-03
2.48780550E-02  6.71245635E-01  8.00355617E-03
2.51690264E-02  6.48508549E-01  8.16668011E-03
2.54599978E-02  6.55949295E-01  8.35813768E-03
2.57509692E-02  6.38977230E-01  7.81893451E-03
2.60419406E-02  6.06613755E-01  7.27181789E-03
2.63329120E-02  6.13237441E-01  7.65029341E-03
2.66238834E-02  5.96528411E-01  7.09407311E-03
2.69148548E-02  5.74386179E-01  6.77642273E-03
2.72058262E-02  5.62105119E-01  6.80719921E-03
2.74967976E-02  5.72106540E-01  6.75941305E-03
2.77877690E-02  5.46210945E-01  6.89351326E-03
2.80787404E-02  5.44946969E-01  6.72826683E-03
2.83697118E-02  5.33930480E-01  7.26423040E-03
2.86606832E-02  5.16198933E-01  6.63256925E-03
2.89516546E-02  5.15370548E-01  6.88942196E-03
2.92426260E-02  5.24260700E-01  6.30929740E-03
2.95335974E-02  5.07408261E-01  6.99877320E-03
2.98245688E-02  4.86847669E-01  6.36095135E-03
3.01155402E-02  4.89796132E-01  6.29991526E-03
3.04065116E-02  4.69254792E-01  6.23246934E-03
3.06974830E-02  4.66178298E-01  5.30758314E-03
3.09884544E-02  4.58773047E-01  5.83659997E-03
3.12794258E-02  4.50363427E-01  5.24922693E-03
3.15703972E-02  4.54074740E-01  5.26646571E-03
3.18613686E-02  4.52291995E-01  5.65563515E-03
3.21523400E-02  4.28775072E-01  5.04611013E-03
3.24433114E-02  4.39731061E-01  5.59451524E-03
3.27342828E-02  4.34018821E-01  5.35135763E-03
3.30252543E-02  4.20236886E-01  5.40146418E-03
3.33162257E-02  4.19719696E-01  5.09523600E-03
3.36071971E-02  4.17888582E-01  5.03771007E-03
3.38981685E-02  4.17191744E-01  4.89245029E-03
3.41891399E-02  4.07336175E-01  4.64257365E-03
3.44801113E-02  3.94433200E-01  4.83935513E-03
3.47710827E-02  3.95049393E-01  4.61192941E-03
3.50620541E-02  3.95074368E-01  4.52970294E-03
3.53530255E-02  3.89430523E-01  4.78569511E-03
3.56439969E-02  3.87704134E-01  4.65342309E-03
3.59349683E-02  3.78217995E-01  4.49708896E-03
3.62259397E-02  3.76009762E-01  4.38908627E-03
3.65169111E-02  3.77869755E-01  4.34298767E-03
3.68078825E-02  3.77832353E-01  4.41243593E-03
3.70988539E-02  3.70041192E-01  4.37018694E-03
3.73898253E-02  3.73513937E-01  4.47927369E-03
3.76807967E-02  3.69434029E-01  4.17023292E-03
3.79717681E-02  3.59347939E-01  4.10666177E-03
3.82627395E-02  3.59181672E-01  4.13520541E-03
3.85537109E-02  3.62368017E-01  3.97889968E-03
3.88446823E-02  3.58730674E-01  3.97670502E-03
3.91356537E-02  3.61684203E-01  4.12846450E-03
3.94266251E-02  3.54680449E-01  4.00070334E-03
3.97175965E-02  3.54576051E-01  3.81172751E-03
4.00085679E-02  3.59836519E-01  3.86568648E-03
4.02995393E-02  3.49955320E-01  3.83062148E-03
4.05905107E-02  3.49659771E-01  3.81567725E-03
4.08814821E-02  3.43144387E-01  3.63172940E-03
4.11724535E-02  3.47382843E-01  3.76257394E-03
4.14634249E-02  3.47534835E-01  3.73703893E-03
4.17543963E-02  3.42058569E-01  3.70883383E-03
4.20453677E-02  3.46529543E-01  3.85598489E-03
4.23363392E-02  3.41657400E-01  3.64920194E-03
4.26273106E-02  3.39381844E-01  3.83061217E-03
4.29182820E-02  3.37886184E-01  3.71818198E-03
4.32092534E-02  3.42826337E-01  3.50899389E-03
4.35002248E-02  3.38534176E-01  3.54891922E-03
4.37911962E-02  3.39352697E-01  3.68078821E-03
4.40821676E-02  3.39022279E-01  3.51992622E-03
4.43731390E-02  3.44659001E-01  3.79028847E-03
4.46641104E-02  3.36732388E-01  3.37606831E-03
4.49550818E-02  3.38441908E-01  3.56229371E-03
4.52460532E-02  3.41591537E-01  3.41468723E-03
4.55370246E-02  3.37444752E-01  3.47058615E-03
4.58279960E-02  3.42015654E-01  3.76523053E-03
4.61189674E-02  3.37207824E-01  3.53654847E-03
4.64099388E-02  3.33828509E-01  3.40071111E-03
4.67009102E-02  3.29955578E-01  3.43030179E-03
4.69918816E-02  3.41443986E-01  3.33752483E-03
4.72828530E-02  3.37912560E-01  3.45967547E-03
4.75738244E-02  3.35517704E-01  3.50701879E-03
4.78647958E-02  3.36467713E-01  3.64300795E-03
4.81557672E-02  3.39225411E-01  3.54091544E-03
4.84467386E-02  3.37553501E-01  3.62863508E-03
4.87377100E-02  3.37017357E-01  3.46529461E-03
4.90286814E-02  3.44761282E-01  3.67391855E-03
4.93196528E-02  3.38439882E-01  3.36069870E-03
4.96106242E-02  3.39595526E-01  3.42061045E-03
4.99015956E-02  3.43096048E-01  3.46937170E-03
5.01925670E-02  3.43563229E-01  3.42875510E-03
5.04835384E-02  3.47635090E-01  3.41842393E-03
5.07745098E-02  3.52235764E-01  3.42489965E-03
5.10654812E-02  3.60798001E-01  3.55595886E-03
5.13564526E-02  3.49752873E-01  3.46987834E-03
5.16474241E-02  3.46369475E-01  3.52642266E-03
5.19383955E-02  3.59802902E-01  3.49990488E-03
5.22293669E-02  3.62505645E-01  3.52602266E-03
5.25203383E-02  3.54676634E-01  3.60212894E-03
5.28113097E-02  3.59280437E-01  3.48752271E-03
5.31022811E-02  3.59668672E-01  3.45142186E-03
5.33932525E-02  3.62671793E-01  3.49316746E-03
5.36842239E-02  3.67276520E-01  3.57966265E-03
5.39751953E-02  3.73397142E-01  3.58489505E-03
5.42661667E-02  3.68448764E-01  3.56708886E-03
5.45571381E-02  3.80532980E-01  3.70316673E-03
5.48481095E-02  3.77488315E-01  3.62013979E-03
5.51390809E-02  3.86460185E-01  3.72835388E-03
5.54300523E-02  3.83972764E-01  3.64517118E-03
5.57210237E-02  3.95154536E-01  3.65616684E-03
5.60119951E-02  3.88563871E-01  3.44650401E-03
5.63029665E-02  3.95529181E-01  3.65455216E-03
5.65939379E-02  3.99315655E-01  3.67958401E-03
5.68849093E-02  4.08729881E-01  3.54245934E-03
5.71758807E-02  4.12104040E-01  3.74202034E-03
5.74668521E-02  4.06650275E-01  3.85635858E-03
5.77578235E-02  4.13428932E-01  3.75964888E-03
5.80487949E-02  4.24441725E-01  3.74016236E-03
5.83397663E-02  4.26973492E-01  3.81112099E-03
5.86307377E-02  4.30913270E-01  3.82559374E-03
5.89217091E-02  4.34622109E-01  3.82565055E-03
5.92126805E-02  4.40187931E-01  3.80239263E-03
5.95036519E-02  4.38181013E-01  3.61988507E-03
5.97946233E-02  4.51964885E-01  3.73424334E-03
6.00855947E-02  4.54631716E-01  3.88421677E-03
6.03765661E-02  4.62091714E-01  3.95955285E-03
6.06675375E-02  4.63045359E-01  3.93022271E-03
6.09585090E-02  4.71873730E-01  3.99857108E-03
6.12494804E-02  4.75492090E-01  3.86200100E-03
6.15404518E-02  4.82493579E-01  3.58341890E-03
6.18314232E-02  5.00131667E-01  4.02866490E-03
6.21223946E-02  5.08466244E-01  4.09472035E-03
6.24133660E-02  5.05238771E-01  4.03729407E-03
6.27043374E-02  5.18212080E-01  4.08280967E-03
6.29953088E-02  5.26275575E-01  4.07078443E-03
6.32862802E-02  5.36971152E-01  3.99276661E-03
6.35772516E-02  5.37356019E-01  4.07178607E-03
6.38682230E-02  5.47779500E-01  4.20977501E-03
6.41591944E-02  5.60519874E-01  4.04127827E-03
6.44501658E-02  5.66116750E-01  4.11023665E-03
6.47411372E-02  5.75371087E-01  4.34688153E-03
6.50321086E-02  5.91627657E-01  4.28198883E-03
6.53230800E-02  5.99780142E-01  4.19820566E-03
6.56140514E-02  6.02518141E-01  4.29270975E-03
6.59050228E-02  6.24795020E-01  4.43224842E-03
6.61959942E-02  6.37011290E-01  4.58325073E-03
6.64869656E-02  6.46203399E-01  4.51088743E-03
6.67779370E-02  6.61113739E-01  4.59929137E-03
6.70689084E-02  6.70991838E-01  4.35928069E-03
6.73598798E-02  6.82063997E-01  4.62170644E-03
6.76508512E-02  6.95664942E-01  4.61583631E-03
6.79418226E-02  7.03581691E-01  4.51475754E-03
6.82327940E-02  7.16337800E-01  4.50710207E-03
6.85237654E-02  7.29656816E-01  4.66497056E-03
6.88147368E-02  7.46989012E-01  4.64895880E-03
6.91057082E-02  7.72262692E-01  4.78408812E-03
6.93966796E-02  7.87300050E-01  4.89160419E-03
6.96876510E-02  8.07110429E-01  4.95799398E-03
6.99786224E-02  8.22525859E-01  4.90656449E-03
7.02695938E-02  8.40042114E-01  5.29705081E-03
7.05605653E-02  8.60126793E-01  5.17862896E-03
7.08515367E-02  8.86661768E-01  5.29164542E-03
7.11425081E-02  8.99209201E-01  5.22739626E-03
7.14334795E-02  9.20503795E-01  5.32268826E-03
7.17244509E-02  9.42254364E-01  5.39079169E-03
7.20154223E-02  9.76703644E-01  5.80769498E-03
7.23063937E-02  9.99202311E-01  5.53727103E-03
7.25973651E-02  1.02912819E+00  5.90902427E-03
7.28883365E-02  1.04953110E+00  5.88902971E-03
7.31793079E-02  1.08133984E+00  5.96835697E-03
7.34702793E-02  1.11416352E+00  6.05160650E-03
7.37612507E-02  1.13893127E+00  6.26620790E-03
7.40522221E-02  1.17752612E+00  6.60766941E-03
7.43431935E-02  1.21335721E+00  6.56267488E-03
7.46341649E-02  1.23992395E+00  6.92263246E-03
7.49251363E-02  1.28556991E+00  6.91157719E-03
7.52161077E-02  1.33318007E+00  6.98972028E-03
7.55070791E-02  1.36092031E+00  7.04700779E-03
7.57980505E-02  1.40063214E+00  7.41973426E-03
7.60890219E-02  1.45030177E+00  7.23800482E-03
7.63799933E-02  1.50729489E+00  8.09030235E-03
7.66709647E-02  1.54563105E+00  7.85319228E-03
7.69619361E-02  1.60452366E+00  8.01157858E-03
7.72529075E-02  1.65883672E+00  8.52233358E-03
7.75438789E-02  1.71164322E+00  8.57273489E-03
7.78348503E-02  1.76778042E+00  8.58786050E-03
7.81258217E-02  1.84489715E+00  9.62197594E-03
7.84167931E-02  1.89684904E+00  9.39931348E-03
7.87077645E-02  1.97412395E+00  9.72790364E-03
7.89987359E-02  2.04229426E+00  9.99067817E-03
7.92897073E-02  2.13637686E+00  1.07167503E-02
7.95806787E-02  2.21461487E+00  1.09974258E-02
7.98716502E-02  2.31799197E+00  1.21415118E-02
8.01626216E-02  2.41382837E+00  1.22735323E-02
8.04535930E-02  2.51801443E+00  1.34095466E-02
8.07445644E-02  2.60594654E+00  1.35674672E-02
8.10355358E-02  2.72681189E+00  1.40779717E-02
8.13265072E-02  2.84617877E+00  1.50003834E-02
8.16174786E-02  2.99156547E+00  1.55869480E-02
8.19084500E-02  3.14061069E+00  1.69817507E-02
8.21994214E-02  3.28139377E+00  1.83228273E-02
8.24903928E-02  3.48119473E+00  1.90610215E-02
8.27813642E-02  3.67619991E+00  2.09389795E-02
8.30723356E-02  3.85569024E+00  2.26183273E-02
8.33633070E-02  4.07370710E+00  2.47418992E-02
8.36542784E-02  4.33314323E+00  2.62986012E-02
8.39452498E-02  4.58386660E+00  2.80965324E-02
8.42362212E-02  4.86440372E+00  3.01213842E-02
8.45271926E-02  5.17258215E+00  3.22273411E-02
8.48181640E-02  5.51235485E+00  3.60465311E-02
8.51091354E-02  5.85418367E+00  3.91078480E-02
8.54001068E-02  6.21331549E+00  4.16574068E-02
8.56910782E-02  6.63054132E+00  4.49230708E-02
8.59820496E-02  7.08891249E+00  4.70480695E-02
8.62730210E-02  7.62058687E+00  5.02595007E-02
8.65639924E-02  8.09289742E+00  5.17796203E-02
8.68549638E-02  8.64061832E+00  5.26565984E-02
8.71459352E-02  9.13093662E+00  5.32029867E-02
8.74369066E-02  9.63680267E+00  5.35634831E-02
8.77278780E-02  1.01510334E+01  5.29711619E-02
8.80188494E-02  1.05907974E+01  5.00701107E-02
8.83098208E-02  1.09779425E+01  4.48526554E-02
8.86007922E-02  1.12957668E+01  4.24988791E-02
8.88917636E-02  1.15279112E+01  3.80653813E-02
8.91827351E-02  1.16191111E+01  3.58739011E-02
8.94737065E-02  1.15877562E+01  3.49595137E-02
8.97646779E-02  1.14565792E+01  3.49055752E-02
9.00556493E-02  1.12138567E+01  3.79101187E-02
9.03466207E-02  1.08401928E+01  4.06342000E-02
9.06375921E-02  1.03619146E+01  4.35981490E-02
9.09285635E-02  9.86785507E+00  4.41940799E-02
9.12195349E-02  9.28282738E+00  4.51604314E-02
9.15105063E-02  8.67896080E+00  4.52250615E-02
9.18014777E-02  8.07912445E+00  4.32843082E-02
9.20924491E-02  7.44174671E+00  4.26911153E-02
9.23834205E-02  6.86272955E+00  3.84851992E-02
9.26743919E-02  6.30794525E+00  3.66559736E-02
9.29653633E-02  5.82469988E+00  3.36387046E-02
9.32563347E-02  5.36825275E+00  3.06371730E-02
9.35473061E-02  4.93797731E+00  2.74984613E-02
9.38382775E-02  4.56215286E+00  2.50701178E-02
9.41292489E-02  4.24222374E+00  2.30818130E-02
9.44202203E-02  3.91782022E+00  2.03590989E-02
9.47111917E-02  3.65192699E+00  1.82871558E-02
9.50021631E-02  3.40780210E+00  1.68306138E-02
9.52931345E-02  3.20462584E+00  1.55581497E-02
9.55841059E-02  2.98417521E+00  1.47551475E-02
9.58750773E-02  2.83862925E+00  1.36343995E-02
9.61660487E-02  2.67496133E+00  1.23456810E-02
9.64570201E-02  2.53914452E+00  1.12679340E-02
9.67479915E-02  2.41581249E+00  1.05553223E-02
9.70389629E-02  2.30379820E+00  1.01350937E-02
9.73299343E-02  2.18358302E+00  9.63333528E-03
9.76209057E-02  2.11134362E+00  9.17139370E-03
9.79118771E-02  2.02170587E+00  8.79965909E-03
9.82028485E-02  1.94836712E+00  8.28702189E-03
9.84938200E-02  1.86258221E+00  7.85291009E-03
9.87847914E-02  1.81352389E+00  7.47509999E-03
9.90757628E-02  1.73879290E+00  7.34580960E-03
9.93667342E-02  1.68581975E+00  7.14161852E-03
9.96577056E-02  1.62345362E+00  6.85445406E-03
9.99486770E-02  1.58348703E+00  6.47834921E-03
1.00239648E-01  1.54482615E+00  6.31089415E-03
1.00530620E-01  1.48777437E+00  6.26684027E-03
1.00821591E-01  1.45631874E+00  6.32422883E-03
1.01112563E-01  1.42358041E+00  6.14315132E-03
1.01403534E-01  1.37298799E+00  6.31914753E-03
1.01694505E-01  1.32754099E+00  5.90529293E-03
1.01985477E-01  1.29531991E+00  5.72119141E-03
1.02276448E-01  1.27592540E+00  5.55279292E-03
1.02567420E-01  1.25236988E+00  5.37973596E-03
1.02858391E-01  1.21921098E+00  5.22717321E-03
1.03149362E-01  1.19310915E+00  5.40519133E-03
1.03440334E-01  1.16699827E+00  5.23493020E-03
1.03731305E-01  1.14075446E+00  5.18060382E-03
1.04022277E-01  1.12031257E+00  5.02543245E-03
1.04313248E-01  1.10424519E+00  5.01203444E-03
1.04604219E-01  1.08662117E+00  4.93850559E-03
1.04895191E-01  1.06984496E+00  4.94946260E-03
1.05186162E-01  1.04594886E+00  4.72142920E-03
1.05477134E-01  1.03459847E+00  4.70418390E-03
1.05768105E-01  1.01516449E+00  4.69392724E-03
1.06059076E-01  9.94606614E-01  4.77684755E-03
1.06350048E-01  9.81477320E-01  4.66536451E-03
1.06641019E-01  9.70443785E-01  4.60614963E-03
1.06931991E-01  9.53451157E-01  4.63968748E-03
1.07222962E-01  9.47304726E-01  4.42907633E-03
1.07513933E-01  9.27785814E-01  4.49267030E-03
1.07804905E-01  9.15780842E-01  4.40848107E-03
1.08095876E-01  9.10255492E-01  4.42391168E-03
1.08386848E-01  8.87872159E-01  4.32659639E-03
1.08677819E-01  8.86888266E-01  4.15116036E-03
1.08968790E-01  8.69049013E-01  4.15706309E-03
1.09259762E-01  8.72037530E-01  4.28924477E-03
1.09550733E-01  8.51932287E-01  4.11733240E-03
1.09841705E-01  8.48237932E-01  4.33769170E-03
1.10132676E-01  8.40509653E-01  4.20317799E-03
1.10423647E-01  8.34175467E-01  3.99327045E-03
1.10714619E-01  8.16379428E-01  3.98171460E-03
1.11005590E-01  8.19289565E-01  4.01669508E-03
1.11296562E-01  8.07084382E-01  4.00494365E-03
1.11587533E-01  7.98148692E-01  4.03971318E-03
1.11878504E-01  7.90654123E-01  3.99606163E-03
1.12169476E-01  7.85573781E-01  3.89429368E-03
1.12460447E-01  7.83928216E-01  4.04115347E-03
1.12751419E-01  7.71341443E-01  3.91609548E-03
1.13042390E-01  7.67931938E-01  3.83635005E-03
1.13333362E-01  7.66135633E-01  3.81818414E-03
1.13624333E-01  7.62469053E-01  3.82468733E-03
1.13915304E-01  7.56999671E-01  3.82230151E-03
1.14206276E-01  7.52803683E-01  3.84247582E-03
1.14497247E-01  7.43166447E-01  3.64509877E-03
1.14788219E-01  7.39195883E-01  3.81276011E-03
1.15079190E-01  7.36473322E-01  3.64840124E-03
1.15370161E-01  7.29931474E-01  3.74951120E-03
1.15661133E-01  7.29338467E-01  3.69447074E-03
1.15952104E-01  7.34898806E-01  3.68808722E-03
1.16243076E-01  7.31947124E-01  3.66469542E-03
1.16534047E-01  7.21209347E-01  3.62927793E-03
1.16825018E-01  7.19584823E-01  3.67308548E-03
1.17115990E-01  7.11534441E-01  3.62099754E-03
1.17406961E-01  7.18231499E-01  3.70539422E-03
1.17697933E-01  7.12515950E-01  3.54631618E-03
1.17988904E-01  7.00388193E-01  3.57649149E-03
1.18279875E-01  7.01736748E-01  3.55592230E-03
1.18570847E-01  7.01732039E-01  3.74734052E-03
1.18861818E-01  7.00044751E-01  3.65780736E-03
1.19152790E-01  7.04796016E-01  3.57188820E-03
1.19443761E-01  6.94554389E-01  3.56769515E-03
1.19734732E-01  6.97263539E-01  3.59535753E-03
1.20025704E-01  6.90374315E-01  3.60300369E-03
1.20316675E-01  6.93117976E-01  3.66049330E-03
1.20607647E-01  6.93433404E-01  3.73195251E-03
1.20898618E-01  6.87681317E-01  3.55244661E-03
1.21189589E-01  6.90798461E-01  3.77526297E-03
1.21480561E-01  6.84756339E-01  3.73004028E-03
1.21771532E-01  6.86673582E-01  3.61092598E-03
1.22062504E-01  6.85271025E-01  3.66579136E-03
1.22353475E-01  6.80352211E-01  3.69803165E-03
1.22644446E-01  6.79481328E-01  3.72816855E-03
1.22935418E-01  6.86501801E-01  3.73739260E-03
1.23226389E-01  6.89673185E-01  3.61852627E-03
1.23517361E-01  6.86405778E-01  3.69456178E-03
1.23808332E-01  6.86381936E-01  3.67635605E-03
1.24099303E-01  6.84572995E-01  3.82242794E-03
1.24390275E-01  6.79904342E-01  3.79767292E-03
1.24681246E-01  6.86917305E-01  3.72022763E-03
1.24972218E-01  6.80271566E-01  3.81776900E-03
1.25263189E-01  6.85728133E-01  3.76076461E-03
1.25554160E-01  6.82756841E-01  3.69941792E-03
1.25845132E-01  6.85731709E-01  3.75558320E-03
1.26136103E-01  6.90577388E-01  3.91656812E-03
1.26427075E-01  6.88159287E-01  3.79765755E-03
1.26718046E-01  6.96001172E-01  3.97035666E-03
1.27009017E-01  6.93878412E-01  3.97737464E-03
1.27299989E-01  6.90304697E-01  3.78106651E-03
1.27590960E-01  6.88491344E-01  3.85896047E-03
1.27881932E-01  6.87611163E-01  3.81491473E-03
1.28172903E-01  6.88651383E-01  3.83048970E-03
1.28463874E-01  6.96691036E-01  3.98126058E-03
1.28754846E-01  7.02056944E-01  3.77894402E-03
1.29045817E-01  6.95907116E-01  3.86742107E-03
1.29336789E-01  7.03723192E-01  3.86322825E-03
1.29627760E-01  7.05123305E-01  3.89547925E-03
1.29918731E-01  7.09174216E-01  4.07730183E-03
1.30209703E-01  7.13650346E-01  3.82192386E-03
1.30500674E-01  7.11099923E-01  3.92055232E-03
1.30791646E-01  7.10645974E-01  4.05066833E-03
1.31082617E-01  7.21430421E-01  3.88451829E-03
1.31373589E-01  7.16735184E-01  4.01814980E-03
1.31664560E-01  7.16737688E-01  3.91519303E-03
1.31955531E-01  7.30028868E-01  3.89509276E-03
1.32246503E-01  7.23848522E-01  3.90813872E-03
1.32537474E-01  7.27931321E-01  3.82288033E-03
1.32828446E-01  7.34053135E-01  3.79538909E-03
1.33119417E-01  7.34166920E-01  3.87105020E-03
1.33410388E-01  7.50197470E-01  3.98733374E-03
1.33701360E-01  7.37961888E-01  3.75627517E-03
1.33992331E-01  7.53691196E-01  3.86237190E-03
1.34283303E-01  7.52824068E-01  3.72345978E-03
1.34574274E-01  7.53198326E-01  3.94092267E-03
1.34865245E-01  7.65050828E-01  3.89355887E-03
1.35156217E-01  7.58525670E-01  3.82846734E-03
1.35447188E-01  7.70460546E-01  3.74290650E-03
1.35738160E-01  7.76294112E-01  3.77345341E-03
1.36029131E-01  7.76300430E-01  3.87479807E-03
1.36320102E-01  7.79620588E-01  3.87594383E-03
1.36611074E-01  7.93385267E-01  3.87005880E-03
1.36902045E-01  7.88004518E-01  3.95934470E-03
1.37193017E-01  8.03521752E-01  4.12284210E-03
1.37483988E-01  8.08816731E-01  3.96625744E-03
1.37774959E-01  8.20926487E-01  4.04468272E-03
1.38065931E-01  8.24005425E-01  3.88329895E-03
1.38356902E-01  8.29983115E-01  4.00983822E-03
1.38647874E-01  8.47553909E-01  4.00884915E-03
1.38938845E-01  8.48766983E-01  4.08756314E-03
1.39229816E-01  8.51328254E-01  4.05171094E-03
1.39520788E-01  8.66291702E-01  4.09640744E-03
1.39811759E-01  8.71257901E-01  4.09449358E-03
1.40102731E-01  8.85982454E-01  3.99578176E-03
1.40393702E-01  8.94775152E-01  4.15527727E-03
1.40684673E-01  8.99771154E-01  4.15488472E-03
1.40975645E-01  9.17077184E-01  4.11020778E-03
1.41266616E-01  9.26460087E-01  4.28735372E-03
1.41557588E-01  9.40856934E-01  4.31267358E-03
1.41848559E-01  9.47421849E-01  4.28313436E-03
1.42139530E-01  9.63830233E-01  4.56568506E-03
1.42430502E-01  9.71506059E-01  4.58285958E-03
1.42721473E-01  9.93430793E-01  4.30613104E-03
1.43012445E-01  1.00206602E+00  4.50050039E-03
1.43303416E-01  1.01159286E+00  4.46842238E-03
1.43594387E-01  1.03623092E+00  4.39994037E-03
1.43885359E-01  1.05281997E+00  4.68561333E-03
1.44176330E-01  1.07236552E+00  4.64679953E-03
1.44467302E-01  1.08427346E+00  4.51290002E-03
1.44758273E-01  1.11166584E+00  4.89470316E-03
1.45049244E-01  1.12806916E+00  4.92354296E-03
1.45340216E-01  1.16376090E+00  4.86224517E-03
1.45631187E-01  1.17030632E+00  4.98418789E-03
1.45922159E-01  1.20344353E+00  5.09203458E-03
1.46213130E-01  1.23863709E+00  5.43731311E-03
1.46504101E-01  1.26005149E+00  5.61202876E-03
1.46795073E-01  1.28821492E+00  5.45924203E-03
1.47086044E-01  1.31872582E+00  5.72550157E-03
1.47377016E-01  1.35134649E+00  5.66664897E-03
1.47667987E-01  1.38240194E+00  5.84156672E-03
1.47958958E-01  1.42903924E+00  6.05067564E-03
1.48249930E-01  1.47542238E+00  6.18860917E-03
1.48540901E-01  1.49802804E+00  6.43853052E-03
1.48831873E-01  1.54260266E+00  6.65262435E-03
1.49122844E-01  1.58752799E+00  6.67930907E-03
1.49413815E-01  1.64600372E+00  7.08534755E-03
1.49704787E-01  1.68527496E+00  7.11049186E-03
1.49995758E-01  1.73149896E+00  6.91099791E-03
1.50286730E-01  1.78623068E+00  7.31504010E-03
1.50577701E-01  1.83688748E+00  7.67530501E-03
1.50868673E-01  1.89763165E+00  7.55507825E-03
1.51159644E-01  1.94321680E+00  7.86060654E-03
1.51450615E-01  1.99620843E+00  7.78829865E-03
1.51741587E-01  2.04064584E+00  7.86463078E-03
1.52032558E-01  2.09212685E+00  7.93892425E-03
1.52323530E-01  2.14626956E+00  8.13390408E-03
1.52614501E-01  2.19159818E+00  7.99548440E-03
1.52905472E-01  2.22187066E+00  7.90533237E-03
1.53196444E-01  2.25455403E+00  7.84418639E-03
1.53487415E-01  2.29651308E+00  7.85352103E-03
1.53778387E-01  2.31803799E+00  7.54660834E-03
1.54069358E-01  2.32749748E+00  7.26772938E-03
1.54360329E-01  2.31424928E+00  6.90723164E-03
1.54651301E-01  2.30180764E+00  6.98455749E-03
1.54942272E-01  2.28371263E+00  6.80369651E-03
1.55233244E-01  2.25741053E+00  6.58685667E-03
1.55524215E-01  2.22826886E+00  6.74710842E-03
1.55815186E-01  2.19004917E+00  6.58006966E-03
1.56106158E-01  2.12514758E+00  6.64724642E-03
1.56397129E-01  2.06089544E+00  6.49742456E-03
1.56688101E-01  1.99139166E+00  6.63067913E-03
1.56979072E-01  1.92898846E+00  6.17254432E-03
1.57270043E-01  1.87264419E+00  6.29930338E-03
1.57561015E-01  1.78871012E+00  5.99417835E-03
1.57851986E-01  1.72530997E+00  6.06206246E-03
1.58142958E-01  1.64527619E+00  5.88070182E-03
1.58433929E-01  1.59043491E+00  5.61892381E-03
1.58724900E-01  1.52224565E+00  5.65667823E-03
1.59015872E-01  1.45354557E+00  5.33969002E-03
1.59306843E-01  1.39846802E+00  5.14358003E-03
1.59597815E-01  1.34076667E+00  5.16189029E-03
1.59888786E-01  1.30397701E+00  4.81542386E-03
1.60179757E-01  1.24856710E+00  4.59229294E-03
1.60470729E-01  1.20858872E+00  4.47383197E-03
1.60761700E-01  1.16860890E+00  4.40662028E-03
1.61052672E-01  1.14439821E+00  4.39585373E-03
1.61343643E-01  1.10300636E+00  4.27117897E-03
1.61634614E-01  1.07653081E+00  4.23294678E-03
1.61925586E-01  1.04456842E+00  4.10077721E-03
1.62216557E-01  1.02152896E+00  3.97968572E-03
1.62507529E-01  1.00406229E+00  3.86886625E-03
1.62798500E-01  9.78455126E-01  3.81328305E-03
1.63089471E-01  9.70746875E-01  3.86489020E-03
1.63380443E-01  9.57561374E-01  3.91916372E-03
1.63671414E-01  9.39039707E-01  3.82458675E-03
1.63962386E-01  9.26313579E-01  3.65678081E-03
1.64253357E-01  9.12932396E-01  3.77778290E-03
1.64544328E-01  9.10758555E-01  3.66393360E-03
1.64835300E-01  9.00262415E-01  3.70368571E-03
1.65126271E-01  8.88334274E-01  3.68088065E-03
1.65417243E-01  8.88229191E-01  3.52532114E-03
1.65708214E-01  8.80171955E-01  3.70046147E-03
1.65999185E-01  8.80768061E-01  3.54438880E-03
1.66290157E-01  8.77382398E-01  3.52958194E-03
1.66581128E-01  8.68832409E-01  3.63332150E-03
1.66872100E-01  8.67783964E-01  3.59217846E-03
1.67163071E-01  8.74110818E-01  3.62996850E-03
1.67454042E-01  8.73095334E-01  3.61196813E-03
1.67745014E-01  8.78829002E-01  3.63034988E-03
1.68035985E-01  8.77416193E-01  3.65540502E-03
1.68326957E-01  8.71314347E-01  3.57656856E-03
1.68617928E-01  8.88087988E-01  3.72016523E-03
1.68908900E-01  8.88243854E-01  3.63201811E-03
1.69199871E-01  8.94877672E-01  3.80353210E-03
1.69490842E-01  8.94143462E-01  3.74642690E-03
1.69781814E-01  9.01632011E-01  3.73235950E-03
1.70072785E-01  9.19760942E-01  3.85590433E-03
1.70363757E-01  9.27310586E-01  3.90254287E-03
1.70654728E-01  9.46972132E-01  3.93755594E-03
1.70945699E-01  9.51808929E-01  3.94797465E-03
1.71236671E-01  9.59037602E-01  3.83911631E-03
1.71527642E-01  9.84104812E-01  4.02894011E-03
1.71818614E-01  9.83822942E-01  4.09213221E-03
1.72109585E-01  1.00390244E+00  4.12318856E-03
1.72400556E-01  1.02678955E+00  4.10968810E-03
1.72691528E-01  1.04233563E+00  4.23476147E-03
1.72982499E-01  1.05924666E+00  4.43967525E-03
1.73273471E-01  1.06969404E+00  4.36481833E-03
1.73564442E-01  1.09785378E+00  4.44123195E-03
1.73855413E-01  1.11645603E+00  4.39864583E-03
1.74146385E-01  1.13462687E+00  4.48735803E-03
1.74437356E-01  1.16675007E+00  4.69092466E-03
1.74728328E-01  1.18326557E+00  4.70068865E-03
1.75019299E-01  1.20695770E+00  4.77975467E-03
1.75310270E-01  1.22471523E+00  4.80559841E-03
1.75601242E-01  1.25134206E+00  4.75094421E-03
1.75892213E-01  1.27163601E+00  4.78279311E-03
1.76183185E-01  1.27917445E+00  4.81481850E-03
1.76474156E-01  1.30578756E+00  4.86250035E-03
1.76765127E-01  1.32623017E+00  4.88566142E-03
1.77056099E-01  1.32920408E+00  4.96284617E-03
1.77347070E-01  1.33945012E+00  4.92594624E-03
1.77638042E-01  1.35440910E+00  4.70136851E-03
1.77929013E-01  1.36040521E+00  4.79599275E-03
1.78219984E-01  1.35198021E+00  4.63480502E-03
1.78510956E-01  1.34870780E+00  4.68830625E-03
1.78801927E-01  1.34849751E+00  4.62943176E-03
1.79092899E-01  1.34197116E+00  4.58512316E-03
1.79383870E-01  1.32436335E+00  4.42902604E-03
1.79674841E-01  1.29755485E+00  4.39012423E-03
1.79965813E-01  1.27380145E+00  4.41858033E-03
1.80256784E-01  1.25425637E+00  4.37091524E-03
1.80547756E-01  1.22078216E+00  4.29409882E-03
1.80838727E-01  1.18082345E+00  4.36935015E-03
1.81129698E-01  1.15746176E+00  4.18365235E-03
1.81420670E-01  1.12236238E+00  4.05564159E-03
1.81711641E-01  1.07912409E+00  4.00849525E-03
1.82002613E-01  1.04144001E+00  3.92742874E-03
1.82293584E-01  1.01701164E+00  3.81766213E-03
1.82584555E-01  9.75230873E-01  3.75873013E-03
1.82875527E-01  9.48086917E-01  3.79066612E-03
1.83166498E-01  9.19279814E-01  3.72079364E-03
1.83457470E-01  8.81015360E-01  3.52513418E-03
1.83748441E-01  8.53392959E-01  3.47147905E-03
1.84039412E-01  8.19692314E-01  3.39854788E-03
1.84330384E-01  7.98067331E-01  3.35947005E-03
1.84621355E-01  7.68558323E-01  3.24282655E-03
1.84912327E-01  7.44881213E-01  3.20116594E-03
1.85203298E-01  7.22822368E-01  3.13278590E-03
1.85494269E-01  6.98960841E-01  3.02953739E-03
1.85785241E-01  6.79022968E-01  3.10907303E-03
1.86076212E-01  6.62008584E-01  2.89983652E-03
1.86367184E-01  6.38461351E-01  2.97877030E-03
1.86658155E-01  6.19775474E-01  2.88518309E-03
1.86949126E-01  6.07266426E-01  2.80944491E-03
1.87240098E-01  5.97109675E-01  2.79285619E-03
1.87531069E-01  5.82733631E-01  2.68873549E-03
1.87822041E-01  5.66025972E-01  2.70031695E-03
1.88113012E-01  5.53541541E-01  2.71110749E-03
1.88403984E-01  5.41662037E-01  2.66170641E-03
1.88694955E-01  5.32239377E-01  2.58485484E-03
1.88985926E-01  5.20267785E-01  2.65290658E-03
1.89276898E-01  5.10188937E-01  2.56315502E-03
1.89567869E-01  4.95222628E-01  2.44382746E-03
1.89858841E-01  4.89696324E-01  2.52643391E-03
1.90149812E-01  4.86031771E-01  2.49698153E-03
1.90440783E-01  4.74835545E-01  2.41796928E-03
1.90731755E-01  4.66923565E-01  2.47234106E-03
1.91022726E-01  4.56858039E-01  2.40619318E-03
1.91313698E-01  4.48548526E-01  2.39747972E-03
1.91604669E-01  4.39151168E-01  2.37343553E-03
1.91895640E-01  4.32077438E-01  2.31051771E-03
1.92186612E-01  4.24667746E-01  2.35648523E-03
1.92477583E-01  4.26540017E-01  2.23394902E-03
1.92768555E-01  4.18847948E-01  2.30734563E-03
1.93059526E-01  4.12617385E-01  2.32565263E-03
1.93350497E-01  4.07739133E-01  2.25030491E-03
1.93641469E-01  4.00590003E-01  2.28493568E-03
1.93932440E-01  3.97720635E-01  2.25368980E-03
1.94223412E-01  3.92774731E-01  2.18541222E-03
1.94514383E-01  3.86846364E-01  2.18073651E-03
1.94805354E-01  3.79546851E-01  2.21380964E-03
1.95096326E-01  3.75074178E-01  2.13018898E-03
1.95387297E-01  3.73301566E-01  2.12552375E-03
1.95678269E-01  3.67469370E-01  2.11589504E-03
1.95969240E-01  3.61867100E-01  2.15163152E-03
1.96260211E-01  3.59999001E-01  2.05066241E-03
1.96551183E-01  3.55071366E-01  2.08286149E-03
1.96842154E-01  3.49498540E-01  2.04500626E-03
1.97133126E-01  3.47872078E-01  2.11918983E-03
1.97424097E-01  3.42940778E-01  2.06607510E-03
1.97715068E-01  3.36085558E-01  2.05061887E-03
1.98006040E-01  3.35456908E-01  1.99666875E-03
1.98297011E-01  3.33290875E-01  2.01202510E-03
1.98587983E-01  3.32109421E-01  2.02166196E-03
1.98878954E-01  3.25388193E-01  1.91249861E-03
1.99169925E-01  3.24090362E-01  1.94536278E-03
1.99460897E-01  3.17836761E-01  1.94370875E-03
1.99751868E-01  3.13917369E-01  1.91946502E-03
2.00042840E-01  3.14825028E-01  1.91897689E-03
2.00333811E-01  3.12078804E-01  1.90825050E-03
2.00624782E-01  3.08739126E-01  1.99111155E-03
2.00915754E-01  3.06348860E-01  1.91023457E-03
2.01206725E-01  3.03393155E-01  1.91678281E-03
2.01497697E-01  3.00754219E-01  1.88163319E-03
2.01788668E-01  2.97949731E-01  1.87665876E-03
2.02079639E-01  2.97109753E-01  1.89410930E-03
2.02370611E-01  2.91033804E-01  1.82472577E-03
2.02661582E-01  2.93375134E-01  1.84974051E-03
2.02952554E-01  2.87724525E-01  1.83405413E-03
2.03243525E-01  2.85585105E-01  1.80019031E-03
2.03534496E-01  2.88205028E-01  1.84792362E-03
2.03825468E-01  2.84360200E-01  1.82328909E-03
2.04116439E-01  2.81143308E-01  1.81617169E-03
2.04407411E-01  2.77431905E-01  1.82063039E-03
2.04698382E-01  2.74513602E-01  1.81973330E-03
2.04989353E-01  2.73850262E-01  1.79318094E-03
2.05280325E-01  2.74122924E-01  1.76932209E-03
2.05571296E-01  2.67690212E-01  1.80394552E-03
2.05862268E-01  2.70225376E-01  1.75762351E-03
2.06153239E-01  2.67918348E-01  1.78947859E-03
2.06444211E-01  2.62695700E-01  1.72902737E-03
2.06735182E-01  2.62108743E-01  1.74291048E-03
2.07026153E-01  2.63173431E-01  1.74921879E-03
2.07317125E-01  2.60930866E-01  1.74416741E-03
2.07608096E-01  2.58546948E-01  1.75733434E-03
2.07899068E-01  2.55248815E-01  1.65193516E-03
2.08190039E-01  2.54494935E-01  1.70411798E-03
2.08481010E-01  2.54450947E-01  1.74225355E-03
2.08771982E-01  2.48945385E-01  1.61880511E-03
2.09062953E-01  2.49142632E-01  1.69909780E-03
2.09353925E-01  2.49039054E-01  1.69398845E-03
2.09644896E-01  2.49169871E-01  1.70915970E-03
2.09935867E-01  2.44468659E-01  1.70961407E-03
2.10226839E-01  2.46210918E-01  1.65567466E-03
2.10517810E-01  2.43486881E-01  1.69557671E-03
2.10808782E-01  2.42176592E-01  1.64727960E-03
2.11099753E-01  2.41308376E-01  1.67609833E-03
2.11390724E-01  2.39418119E-01  1.64928345E-03
2.11681696E-01  2.36049637E-01  1.60949002E-03
2.11972667E-01  2.33634397E-01  1.63667335E-03
2.12263639E-01  2.35599592E-01  1.59981987E-03
2.12554610E-01  2.36049950E-01  1.67229946E-03
2.12845581E-01  2.36936837E-01  1.62591366E-03
2.13136553E-01  2.33003065E-01  1.59538351E-03
2.13427524E-01  2.31445044E-01  1.65259687E-03
2.13718496E-01  2.30245978E-01  1.60908920E-03
2.14009467E-01  2.29874760E-01  1.62781251E-03
2.14300438E-01  2.26934657E-01  1.60167669E-03
2.14591410E-01  2.27269158E-01  1.53875386E-03
2.14882381E-01  2.24545553E-01  1.56151759E-03
2.15173353E-01  2.26473972E-01  1.60696381E-03
2.15464324E-01  2.25896001E-01  1.55981246E-03
2.15755295E-01  2.27688611E-01  1.59907050E-03
2.16046267E-01  2.22186163E-01  1.59067148E-03
2.16337238E-01  2.20883057E-01  1.55999395E-03
2.16628210E-01  2.21322954E-01  1.56620063E-03
2.16919181E-01  2.21295461E-01  1.58555957E-03
2.17210152E-01  2.19783589E-01  1.51952193E-03
2.17501124E-01  2.18747392E-01  1.55844598E-03
2.17792095E-01  2.16578260E-01  1.55221694E-03
2.18083067E-01  2.14993030E-01  1.53310574E-03
2.18374038E-01  2.12408781E-01  1.49523071E-03
2.18665009E-01  2.13038802E-01  1.51916069E-03
2.18955981E-01  2.11932316E-01  1.53341168E-03
2.19246952E-01  2.12030426E-01  1.53107441E-03
2.19537924E-01  2.12311164E-01  1.49177597E-03
2.19828895E-01  2.11420298E-01  1.50123867E-03
2.20119866E-01  2.12014526E-01  1.46508648E-03
2.20410838E-01  2.08480895E-01  1.51560793E-03
2.20701809E-01  2.06434473E-01  1.51119742E-03
2.20992781E-01  2.08157524E-01  1.51265494E-03
2.21283752E-01  2.08192214E-01  1.51172886E-03
2.21574723E-01  2.07233876E-01  1.49377494E-03
2.21865695E-01  2.07036555E-01  1.51118147E-03
2.22156666E-01  2.03702658E-01  1.49489811E-03
2.22447638E-01  2.03341097E-01  1.49429648E-03
2.22738609E-01  2.01922357E-01  1.45489501E-03
2.23029580E-01  2.03652546E-01  1.46071089E-03
2.23320552E-01  2.04665869E-01  1.50772440E-03
2.23611523E-01  2.02737540E-01  1.48372201E-03
2.23902495E-01  2.01812878E-01  1.45575427E-03
2.24193466E-01  2.03685001E-01  1.46564445E-03
2.24484437E-01  1.99032947E-01  1.47095707E-03
2.24775409E-01  1.98210552E-01  1.46093965E-03
2.25066380E-01  1.98565066E-01  1.42524915E-03
2.25357352E-01  1.99887842E-01  1.44721742E-03
2.25648323E-01  2.01279283E-01  1.45604182E-03
2.25939295E-01  1.99196041E-01  1.46653678E-03
2.26230266E-01  2.00130805E-01  1.47402845E-03
2.26521237E-01  2.00169072E-01  1.40426587E-03
2.26812209E-01  1.97468042E-01  1.41211913E-03
2.27103180E-01  1.99343652E-01  1.47135148E-03
2.27394152E-01  1.96298659E-01  1.45193306E-03
2.27685123E-01  1.95634812E-01  1.47846516E-03
2.27976094E-01  1.96128845E-01  1.41418271E-03
2.28267066E-01  1.96505964E-01  1.42427825E-03
2.28558037E-01  1.94977894E-01  1.46449392E-03
2.28849009E-01  1.90963656E-01  1.41172903E-03
2.29139980E-01  1.94696218E-01  1.42625254E-03
2.29430951E-01  1.94017023E-01  1.41321449E-03
2.29721923E-01  1.91661254E-01  1.40172616E-03
2.30012894E-01  1.91818550E-01  1.41995947E-03
2.30303866E-01  1.91150159E-01  1.39770762E-03
2.30594837E-01  1.92228809E-01  1.41546049E-03
2.30885808E-01  1.91435143E-01  1.42532308E-03
2.31176780E-01  1.92783982E-01  1.38863700E-03
2.31467751E-01  1.92732736E-01  1.37279800E-03
2.31758723E-01  1.93822861E-01  1.44095009E-03
2.32049694E-01  1.88057989E-01  1.34887593E-03
2.32340665E-01  1.87879369E-01  1.36843603E-03
2.32631637E-01  1.88543677E-01  1.36621029E-03
2.32922608E-01  1.87963352E-01  1.35200284E-03
2.33213580E-01  1.88740551E-01  1.39446463E-03
2.33504551E-01  1.85937718E-01  1.37953612E-03
2.33795522E-01  1.86194584E-01  1.38862757E-03
2.34086494E-01  1.83555454E-01  1.37843343E-03
2.34377465E-01  1.83211714E-01  1.39060523E-03
2.34668437E-01  1.83074370E-01  1.35288958E-03
2.34959408E-01  1.82735503E-01  1.32744678E-03
2.35250379E-01  1.81319520E-01  1.31814717E-03
2.35541351E-01  1.81039587E-01  1.32344419E-03
2.35832322E-01  1.81509316E-01  1.34986918E-03
2.36123294E-01  1.77602500E-01  1.31872005E-03
2.36414265E-01  1.78816631E-01  1.30772300E-03
2.36705236E-01  1.77153394E-01  1.32760580E-03
2.36996208E-01  1.76911667E-01  1.31010660E-03
2.37287179E-01  1.76243886E-01  1.31399126E-03
2.37578151E-01  1.73361853E-01  1.29519717E-03
2.37869122E-01  1.71206191E-01  1.28847873E-03
2.38160093E-01  1.72104314E-01  1.28823647E-03
2.38451065E-01  1.70874804E-01  1.27039221E-03
2.38742036E-01  1.70578644E-01  1.31410861E-03
2.39033008E-01  1.68601036E-01  1.29358820E-03
2.39323979E-01  1.68082789E-01  1.26118585E-03
2.39614950E-01  1.65592015E-01  1.29482523E-03
2.39905922E-01  1.64898798E-01  1.26919604E-03
2.40196893E-01  1.63565055E-01  1.26184919E-03
2.40487865E-01  1.63415968E-01  1.27370900E-03
2.40778836E-01  1.63616434E-01  1.26252067E-03
2.41069807E-01  1.60917833E-01  1.27865316E-03
2.41360779E-01  1.61407575E-01  1.24368223E-03
2.41651750E-01  1.60572425E-01  1.26007106E-03
2.41942722E-01  1.59113765E-01  1.23774703E-03
2.42233693E-01  1.57545999E-01  1.21346419E-03
2.42524664E-01  1.57939658E-01  1.28403027E-03
2.42815636E-01  1.58131376E-01  1.23697543E-03
2.43106607E-01  1.56211436E-01  1.23223255E-03
2.43397579E-01  1.56431645E-01  1.23370078E-03
2.43688550E-01  1.54846728E-01  1.17523980E-03
2.43979522E-01  1.53744429E-01  1.19332550E-03
2.44270493E-01  1.53933033E-01  1.22714508E-03
2.44561464E-01  1.55461118E-01  1.23327295E-03
2.44852436E-01  1.54436320E-01  1.22128706E-03
2.45143407E-01  1.52956411E-01  1.22717908E-03
2.45434379E-01  1.52818128E-01  1.20127876E-03
2.45725350E-01  1.51684999E-01  1.17164804E-03
2.46016321E-01  1.51657656E-01  1.21146266E-03
2.46307293E-01  1.53150037E-01  1.19952392E-03
2.46598264E-01  1.52730897E-01  1.24454265E-03
2.46889236E-01  1.53242558E-01  1.21267547E-03
2.47180207E-01  1.50812611E-01  1.21979357E-03
2.47471178E-01  1.50550514E-01  1.23487890E-03
2.47762150E-01  1.52415395E-01  1.20012334E-03
2.48053121E-01  1.50809363E-01  1.19463261E-03
2.48344093E-01  1.50210574E-01  1.18981418E-03
2.48635064E-01  1.52202755E-01  1.23380637E-03
2.48926035E-01  1.50159329E-01  1.20791967E-03
2.49217007E-01  1.49962768E-01  1.19542552E-03
2.49507978E-01  1.52570322E-01  1.25061348E-03
2.49798950E-01  1.50417015E-01  1.22659060E-03
2.50089921E-01  1.50820479E-01  1.17964623E-03
2.50380892E-01  1.50440782E-01  1.19430479E-03
2.50671864E-01  1.50141701E-01  1.23820256E-03
2.50962835E-01  1.51287585E-01  1.20749581E-03
2.51253807E-01  1.51591718E-01  1.20732025E-03
2.51544778E-01  1.50053442E-01  1.20970479E-03
2.51835749E-01  1.50651947E-01  1.21958228E-03
2.52126721E-01  1.51181623E-01  1.21609890E-03
2.52417692E-01  1.50262266E-01  1.22650305E-03
2.52708664E-01  1.51242405E-01  1.21248991E-03
2.52999635E-01  1.50734097E-01  1.17774727E-03
2.53290606E-01  1.51877105E-01  1.19974697E-03
2.53581578E-01  1.51147723E-01  1.20839593E-03
2.53872549E-01  1.49664208E-01  1.22292305E-03
2.54163521E-01  1.53249413E-01  1.20164151E-03
2.54454492E-01  1.50489405E-01  1.21525803E-03
2.54745463E-01  1.51341081E-01  1.20189181E-03
2.55036435E-01  1.53463811E-01  1.22507336E-03
2.55327406E-01  1.53307974E-01  1.20104873E-03
2.55618378E-01  1.51247635E-01  1.19790353E-03
2.55909349E-01  1.51685297E-01  1.20662991E-03
2.56200320E-01  1.52675241E-01  1.22285972E-03
2.56491292E-01  1.52995616E-01  1.21707702E-03
2.56782263E-01  1.52426749E-01  1.21624186E-03
2.57073235E-01  1.51550099E-01  1.19593774E-03
2.57364206E-01  1.54193282E-01  1.22308370E-03
2.57655177E-01  1.57479241E-01  1.22289057E-03
2.57946149E-01  1.54366821E-01  1.17957999E-03
2.58237120E-01  1.57945126E-01  1.23960571E-03
2.58528092E-01  1.57793015E-01  1.23550277E-03
2.58819063E-01  1.57466784E-01  1.23583106E-03
2.59110034E-01  1.56221986E-01  1.20939687E-03
2.59401006E-01  1.55901894E-01  1.21557759E-03
2.59691977E-01  1.55395642E-01  1.21051259E-03
2.59982949E-01  1.58558354E-01  1.25072571E-03
2.60273920E-01  1.56678215E-01  1.22284133E-03
2.60564891E-01  1.57233000E-01  1.21217954E-03
2.60855863E-01  1.58045709E-01  1.22014515E-03
2.61146834E-01  1.62041456E-01  1.22649455E-03
2.61437806E-01  1.59749508E-01  1.22154504E-03
2.61728777E-01  1.59792274E-01  1.22406799E-03
2.62019748E-01  1.62350729E-01  1.20785693E-03
2.62310720E-01  1.62182897E-01  1.22202281E-03
2.62601691E-01  1.60913616E-01  1.22171175E-03
2.62892663E-01  1.62948772E-01  1.25151267E-03
2.63183634E-01  1.62526295E-01  1.21622102E-03
2.63474606E-01  1.60871401E-01  1.19873579E-03
2.63765577E-01  1.61796853E-01  1.21885608E-03
2.64056548E-01  1.62723392E-01  1.25708140E-03
2.64347520E-01  1.61645919E-01  1.22240442E-03
2.64638491E-01  1.61248907E-01  1.24148792E-03
2.64929463E-01  1.60502300E-01  1.24485942E-03
2.65220434E-01  1.62653804E-01  1.23784353E-03
2.65511405E-01  1.61071643E-01  1.21819717E-03
2.65802377E-01  1.61352843E-01  1.20854180E-03
2.66093348E-01  1.63134351E-01  1.18834141E-03
2.66384320E-01  1.63015306E-01  1.24380027E-03
2.66675291E-01  1.62274480E-01  1.21238851E-03
2.66966262E-01  1.61246002E-01  1.22724148E-03
2.67257234E-01  1.59123823E-01  1.23232917E-03
2.67548205E-01  1.59657001E-01  1.19071093E-03
2.67839177E-01  1.57837123E-01  1.19884987E-03
2.68130148E-01  1.60501033E-01  1.20409695E-03
2.68421119E-01  1.56628251E-01  1.20880397E-03
2.68712091E-01  1.57153055E-01  1.21160829E-03
2.69003062E-01  1.58266559E-01  1.18712755E-03
2.69294034E-01  1.57957852E-01  1.20594481E-03
2.69585005E-01  1.56596333E-01  1.23098004E-03
2.69875976E-01  1.54665455E-01  1.18690543E-03
2.70166948E-01  1.55240878E-01  1.19924184E-03
2.70457919E-01  1.50924250E-01  1.15683093E-03
2.70748891E-01  1.52447760E-01  1.16900483E-03
2.71039862E-01  1.48945361E-01  1.14502572E-03
2.71330833E-01  1.49478525E-01  1.15701486E-03
2.71621805E-01  1.49943560E-01  1.14185736E-03
2.71912776E-01  1.47999153E-01  1.14869210E-03
2.72203748E-01  1.47700340E-01  1.16188964E-03
2.72494719E-01  1.45644113E-01  1.15475699E-03
2.72785690E-01  1.45270690E-01  1.16193458E-03
2.73076662E-01  1.43319637E-01  1.12719857E-03
2.73367633E-01  1.42966211E-01  1.11459952E-03
2.73658605E-01  1.42016411E-01  1.12486049E-03
2.73949576E-01  1.41101032E-01  1.11811096E-03
2.74240547E-01  1.37275442E-01  1.11288170E-03
2.74531519E-01  1.41004011E-01  1.10896246E-03
2.74822490E-01  1.37140334E-01  1.11161859E-03
2.75113462E-01  1.36087105E-01  1.10812730E-03
2.75404433E-01  1.35966748E-01  1.08081603E-03
2.75695404E-01  1.35442138E-01  1.12330646E-03
2.75986376E-01  1.36476085E-01  1.07436988E-03
2.76277347E-01  1.34128675E-01  1.08995626E-03
2.76568319E-01  1.34677514E-01  1.10118755E-03
2.76859290E-01  1.32376701E-01  1.05687138E-03
2.77150261E-01  1.32981583E-01  1.08769559E-03
2.77441233E-01  1.29059628E-01  1.04790041E-03
2.77732204E-01  1.30566627E-01  1.07466942E-03
2.78023176E-01  1.31260589E-01  1.08384574E-03
2.78314147E-01  1.30285084E-01  1.04806467E-03
2.78605118E-01  1.31016061E-01  1.06575177E-03
2.78896090E-01  1.32493779E-01  1.09438552E-03
2.79187061E-01  1.28971204E-01  1.05220464E-03
2.79478033E-01  1.31198734E-01  1.05841935E-03
2.79769004E-01  1.30659908E-01  1.06758636E-03
2.80059975E-01  1.30457461E-01  1.05133548E-03
2.80350947E-01  1.28732741E-01  1.06041552E-03
2.80641918E-01  1.28220394E-01  1.04406523E-03
2.80932890E-01  1.28175721E-01  1.02609256E-03
2.81223861E-01  1.29204690E-01  1.03658519E-03
2.81514833E-01  1.29320517E-01  1.05179788E-03
2.81805804E-01  1.27317995E-01  1.04992441E-03
2.82096775E-01  1.26498863E-01  1.04448292E-03
2.82387747E-01  1.27944291E-01  1.07070955E-03
2.82678718E-01  1.26078591E-01  1.06878532E-03
2.82969690E-01  1.27045885E-01  1.04881183E-03
2.83260661E-01  1.25801906E-01  1.05122768E-03
2.83551632E-01  1.26390159E-01  1.05204980E-03
2.83842604E-01  1.26810163E-01  1.08021521E-03
2.84133575E-01  1.28224820E-01  1.07418548E-03
2.84424547E-01  1.27118066E-01  1.09584408E-03
2.84715518E-01  1.26932904E-01  1.07033004E-03
2.85006489E-01  1.27632737E-01  1.08843355E-03
2.85297461E-01  1.25811905E-01  1.06262835E-03
2.85588432E-01  1.27306402E-01  1.05992204E-03
2.85879404E-01  1.28842950E-01  1.10690808E-03
2.86170375E-01  1.25059441E-01  1.08523841E-03
2.86461346E-01  1.25255615E-01  1.06731767E-03
2.86752318E-01  1.25940770E-01  1.08974928E-03
2.87043289E-01  1.24846861E-01  1.08079729E-03
2.87334261E-01  1.27356023E-01  1.09038618E-03
2.87625232E-01  1.26396149E-01  1.11329334E-03
2.87916203E-01  1.28288060E-01  1.08849257E-03
2.88207175E-01  1.25482917E-01  1.08947174E-03
2.88498146E-01  1.27466753E-01  1.09659659E-03
2.88789118E-01  1.27073735E-01  1.09030877E-03
2.89080089E-01  1.27979115E-01  1.14157354E-03
2.89371060E-01  1.26499653E-01  1.10050035E-03
2.89662032E-01  1.25227660E-01  1.09794841E-03
2.89953003E-01  1.27328396E-01  1.08143396E-03
2.90243975E-01  1.27997681E-01  1.09834713E-03
2.90534946E-01  1.27451882E-01  1.10631413E-03
2.90825917E-01  1.24552876E-01  1.07968261E-03
2.91116889E-01  1.26713455E-01  1.09982083E-03
2.91407860E-01  1.27148345E-01  1.08792551E-03
2.91698832E-01  1.27468079E-01  1.08297030E-03
2.91989803E-01  1.27969101E-01  1.11567171E-03
2.92280774E-01  1.27681881E-01  1.06687320E-03
2.92571746E-01  1.26452968E-01  1.10356917E-03
2.92862717E-01  1.27003759E-01  1.06391730E-03
2.93153689E-01  1.27862245E-01  1.07081071E-03
2.93444660E-01  1.26911923E-01  1.09260669E-03
2.93735631E-01  1.26856595E-01  1.09577726E-03
2.94026603E-01  1.26443237E-01  1.08219881E-03
2.94317574E-01  1.27281934E-01  1.09943119E-03
2.94608546E-01  1.26803085E-01  1.09322602E-03
2.94899517E-01  1.28547534E-01  1.09765783E-03
2.95190488E-01  1.27963334E-01  1.10577967E-03
2.95481460E-01  1.28602743E-01  1.10316218E-03
2.95772431E-01  1.28024355E-01  1.08460756E-03
2.96063403E-01  1.28451690E-01  1.09994330E-03
2.96354374E-01  1.28587201E-01  1.10681076E-03
2.96645345E-01  1.30756721E-01  1.13623939E-03
2.96936317E-01  1.30447194E-01  1.14040717E-03
2.97227288E-01  1.31331339E-01  1.09241100E-03
2.97518260E-01  1.30349249E-01  1.14116084E-03
2.97809231E-01  1.31991312E-01  1.13767642E-03
2.98100202E-01  1.30797669E-01  1.10092608E-03
2.98391174E-01  1.29436329E-01  1.11185329E-03
2.98682145E-01  1.29732817E-01  1.10413937E-03
2.98973117E-01  1.29287839E-01  1.11450802E-03
2.99264088E-01  1.33614019E-01  1.12371158E-03
2.99555059E-01  1.32928044E-01  1.11196144E-03
2.99846031E-01  1.32511199E-01  1.13512785E-03
3.00137002E-01  1.30677417E-01  1.08910224E-03
3.00427974E-01  1.29918143E-01  1.12122414E-03
3.00718945E-01  1.33898124E-01  1.10076345E-03
3.01009917E-01  1.33079574E-01  1.11296645E-03
3.01300888E-01  1.33548751E-01  1.15679600E-03
3.01591859E-01  1.32796332E-01  1.12583744E-03
3.01882831E-01  1.34939536E-01  1.13348686E-03
3.02173802E-01  1.36541963E-01  1.11563574E-03
3.02464774E-01  1.33753940E-01  1.15253066E-03
3.02755745E-01  1.35359436E-01  1.14698871E-03
3.03046716E-01  1.35688201E-01  1.13400177E-03
3.03337688E-01  1.35819584E-01  1.13838993E-03
3.03628659E-01  1.39343649E-01  1.14697521E-03
3.03919631E-01  1.36525601E-01  1.14467647E-03
3.04210602E-01  1.37210354E-01  1.13298872E-03
3.04501573E-01  1.37252226E-01  1.13785721E-03
3.04792545E-01  1.36408418E-01  1.15614210E-03
3.05083516E-01  1.38210833E-01  1.10963173E-03
3.05374488E-01  1.35938808E-01  1.16446835E-03
3.05665459E-01  1.38188481E-01  1.10080349E-03
3.05956430E-01  1.38552368E-01  1.12578995E-03
3.06247402E-01  1.40192688E-01  1.14811352E-03
3.06538373E-01  1.39912367E-01  1.16438710E-03
3.06829345E-01  1.38456911E-01  1.14105199E-03
3.07120316E-01  1.39616013E-01  1.15129782E-03
3.07411287E-01  1.39011979E-01  1.11960142E-03
3.07702259E-01  1.40033439E-01  1.15839392E-03
3.07993230E-01  1.37891531E-01  1.12716551E-03
3.08284202E-01  1.41797274E-01  1.15848891E-03
3.08575173E-01  1.38370812E-01  1.14115898E-03
3.08866144E-01  1.40103400E-01  1.11409277E-03
3.09157116E-01  1.42409146E-01  1.13888981E-03
3.09448087E-01  1.40311360E-01  1.13616290E-03
3.09739059E-01  1.39956996E-01  1.15065009E-03
3.10030030E-01  1.41732037E-01  1.16472878E-03
3.10321001E-01  1.40643165E-01  1.14876241E-03
3.10611973E-01  1.40194893E-01  1.13057462E-03
3.10902944E-01  1.39732882E-01  1.13298697E-03
3.11193916E-01  1.41282186E-01  1.17443583E-03
3.11484887E-01  1.42460674E-01  1.21932593E-03
3.11775858E-01  1.40334249E-01  1.20866287E-03
3.12066830E-01  1.41390249E-01  1.19396008E-03
3.12357801E-01  1.41694486E-01  1.20694330E-03
3.12648773E-01  1.40442669E-01  1.22383120E-03
3.12939744E-01  1.41904831E-01  1.19151745E-03
3.13230715E-01  1.41112655E-01  1.16878049E-03
3.13521687E-01  1.42817155E-01  1.22315355E-03
3.13812658E-01  1.41983584E-01  1.20957952E-03
3.14103630E-01  1.42154694E-01  1.20247272E-03
3.14394601E-01  1.43010616E-01  1.20495015E-03
3.14685572E-01  1.42013237E-01  1.20849907E-03
3.14976544E-01  1.41673639E-01  1.23340334E-03
3.15267515E-01  1.39302939E-01  1.19839236E-03
3.15558487E-01  1.41792968E-01  1.21737551E-03
3.15849458E-01  1.38935775E-01  1.21242669E-03
3.16140429E-01  1.40289485E-01  1.19703682E-03
3.16431401E-01  1.41473174E-01  1.22451875E-03
3.16722372E-01  1.42564073E-01  1.22954650E-03
3.17013344E-01  1.42633468E-01  1.22837827E-03
3.17304315E-01  1.39980018E-01  1.19767338E-03
3.17595286E-01  1.40318170E-01  1.22441538E-03
3.17886258E-01  1.41460180E-01  1.23775972E-03
3.18177229E-01  1.41280979E-01  1.22583902E-03
3.18468201E-01  1.41003326E-01  1.20959699E-03
3.18759172E-01  1.39780059E-01  1.22944708E-03
3.19050144E-01  1.42211676E-01  1.20822527E-03
3.19341115E-01  1.41706839E-01  1.23654900E-03
3.19632086E-01  1.39138445E-01  1.22032722E-03
3.19923058E-01  1.37808040E-01  1.22632389E-03
3.20214029E-01  1.38810083E-01  1.25254516E-03
3.20505001E-01  1.39045730E-01  1.26318703E-03
3.20795972E-01  1.36678502E-01  1.21286674E-03
3.21086943E-01  1.38548464E-01  1.21637818E-03
3.21377915E-01  1.39712095E-01  1.22848048E-03
3.21668886E-01  1.35515928E-01  1.19989470E-03
3.21959858E-01  1.39558822E-01  1.21624989E-03
3.22250829E-01  1.39718726E-01  1.21842104E-03
3.22541800E-01  1.39247239E-01  1.17795239E-03
3.22832772E-01  1.41082913E-01  1.24993245E-03
3.23123743E-01  1.39701724E-01  1.25040300E-03
3.23414715E-01  1.38892397E-01  1.20421802E-03
3.23705686E-01  1.38559029E-01  1.25344470E-03
3.23996657E-01  1.38439253E-01  1.20339659E-03
3.24287629E-01  1.41368717E-01  1.25754322E-03
3.24578600E-01  1.36878788E-01  1.24894595E-03
3.24869572E-01  1.37603119E-01  1.22971670E-03
3.25160543E-01  1.35392815E-01  1.22818979E-03
3.25451514E-01  1.38493761E-01  1.20303140E-03
3.25742486E-01  1.36667982E-01  1.21223112E-03
3.26033457E-01  1.37012944E-01  1.23611803E-03
3.26324429E-01  1.36315852E-01  1.21921464E-03
3.26615400E-01  1.40146807E-01  1.26043684E-03
3.26906371E-01  1.36808395E-01  1.19702204E-03
3.27197343E-01  1.33547038E-01  1.20167248E-03
3.27488314E-01  1.34126112E-01  1.21842243E-03
3.27779286E-01  1.35129899E-01  1.21853722E-03
3.28070257E-01  1.33114830E-01  1.21663022E-03
3.28361228E-01  1.34223446E-01  1.22901786E-03
3.28652200E-01  1.33724958E-01  1.23865588E-03
3.28943171E-01  1.32864550E-01  1.20128633E-03
3.29234143E-01  1.33642957E-01  1.19782868E-03
3.29525114E-01  1.34155288E-01  1.21137768E-03
3.29816085E-01  1.35371417E-01  1.23605970E-03
3.30107057E-01  1.34284690E-01  1.21755246E-03
3.30398028E-01  1.33398503E-01  1.24090316E-03
3.30689000E-01  1.30971789E-01  1.19926839E-03
3.30979971E-01  1.31308019E-01  1.22452632E-03
3.31270942E-01  1.31955847E-01  1.25661178E-03
3.31561914E-01  1.32166192E-01  1.19441049E-03
3.31852885E-01  1.30811423E-01  1.23484607E-03
3.32143857E-01  1.30507231E-01  1.18917436E-03
3.32434828E-01  1.29760936E-01  1.16392493E-03
3.32725799E-01  1.27419680E-01  1.19192840E-03
3.33016771E-01  1.27915144E-01  1.17315014E-03
3.33307742E-01  1.29123405E-01  1.23229530E-03
3.33598714E-01  1.25988543E-01  1.18043786E-03
3.33889685E-01  1.28778592E-01  1.18874118E-03
3.34180656E-01  1.29650205E-01  1.21006579E-03
3.34471628E-01  1.29916310E-01  1.18873373E-03
3.34762599E-01  1.27317160E-01  1.20856077E-03
3.35053571E-01  1.27264649E-01  1.20149890E-03
3.35344542E-01  1.27700046E-01  1.19062886E-03
3.35635513E-01  1.28560781E-01  1.18281192E-03
3.35926485E-01  1.26214147E-01  1.16898573E-03
3.36217456E-01  1.27643391E-01  1.21242239E-03
3.36508428E-01  1.26683205E-01  1.19247194E-03
3.36799399E-01  1.26916498E-01  1.18183403E-03
3.37090370E-01  1.25531256E-01  1.18788728E-03
3.37381342E-01  1.26808181E-01  1.18292216E-03
3.37672313E-01  1.29945874E-01  1.21239165E-03
3.37963285E-01  1.25767961E-01  1.17666961E-03
3.38254256E-01  1.26753226E-01  1.17498718E-03
3.38545228E-01  1.28268152E-01  1.21986144E-03
3.38836199E-01  1.26113057E-01  1.16315903E-03
3.39127170E-01  1.24798007E-01  1.19823019E-03
3.39418142E-01  1.23067848E-01  1.18443021E-03
3.39709113E-01  1.25129759E-01  1.19170872E-03
3.40000085E-01  1.26155555E-01  1.15392695E-03
3.40291056E-01  1.24676280E-01  1.15958916E-03
3.40582027E-01  1.24724202E-01  1.20173092E-03
3.40872999E-01  1.26023993E-01  1.18133798E-03
3.41163970E-01  1.23697713E-01  1.19885639E-03
3.41454942E-01  1.26363844E-01  1.20008911E-03
3.41745913E-01  1.24338031E-01  1.18308910E-03
3.42036884E-01  1.23836972E-01  1.18739007E-03
3.42327856E-01  1.22912943E-01  1.15580717E-03
3.42618827E-01  1.24006636E-01  1.18507969E-03
3.42909799E-01  1.22421831E-01  1.14821934E-03
3.43200770E-01  1.23037793E-01  1.15873734E-03
3.43491741E-01  1.24115899E-01  1.19814428E-03
3.43782713E-01  1.24401361E-01  1.17597799E-03
3.44073684E-01  1.22423969E-01  1.15674955E-03
3.44364656E-01  1.22576669E-01  1.15955807E-03
3.44655627E-01  1.23392075E-01  1.19069812E-03
3.44946598E-01  1.22013204E-01  1.20373128E-03
3.45237570E-01  1.24603406E-01  1.17657718E-03
3.45528541E-01  1.24063380E-01  1.20585249E-03
3.45819513E-01  1.23169690E-01  1.15324347E-03
3.46110484E-01  1.23812325E-01  1.19883136E-03
3.46401455E-01  1.22054331E-01  1.19697524E-03
3.46692427E-01  1.21688843E-01  1.19540910E-03
3.46983398E-01  1.21770084E-01  1.17242185E-03
3.47274370E-01  1.20940126E-01  1.16863369E-03
3.47565341E-01  1.23152800E-01  1.19572750E-03
3.47856312E-01  1.20451957E-01  1.14195934E-03
3.48147284E-01  1.21870406E-01  1.17055187E-03
3.48438255E-01  1.21661112E-01  1.16596592E-03
3.48729227E-01  1.20585293E-01  1.16114039E-03
3.49020198E-01  1.18911229E-01  1.18614011E-03
3.49311169E-01  1.20055728E-01  1.19688688E-03
3.49602141E-01  1.21391445E-01  1.18469517E-03
3.49893112E-01  1.21741988E-01  1.21580344E-03
3.50184084E-01  1.22916803E-01  1.17786438E-03
3.50475055E-01  1.21880032E-01  1.18882279E-03
3.50766026E-01  1.20568626E-01  1.18258304E-03
3.51056998E-01  1.24290094E-01  1.18627551E-03
3.51347969E-01  1.18632756E-01  1.15011237E-03
3.51638941E-01  1.20520838E-01  1.19531516E-03
3.51929912E-01  1.18939728E-01  1.19114225E-03
3.52220883E-01  1.20597497E-01  1.16055226E-03
3.52511855E-01  1.21051669E-01  1.20414060E-03
3.52802826E-01  1.19097531E-01  1.14933320E-03
3.53093798E-01  1.19839691E-01  1.18575676E-03
3.53384769E-01  1.18789762E-01  1.14297704E-03
3.53675740E-01  1.19193792E-01  1.15748064E-03
3.53966712E-01  1.18457094E-01  1.15103566E-03
3.54257683E-01  1.20773688E-01  1.15297199E-03
3.54548655E-01  1.19716018E-01  1.16412796E-03
3.54839626E-01  1.19817831E-01  1.13989576E-03
3.55130597E-01  1.19530804E-01  1.20052835E-03
3.55421569E-01  1.19249292E-01  1.14884623E-03
3.55712540E-01  1.19654872E-01  1.14467333E-03
3.56003512E-01  1.18943229E-01  1.17617054E-03
3.56294483E-01  1.20748863E-01  1.18197501E-03
3.56585455E-01  1.19340472E-01  1.17378309E-03
3.56876426E-01  1.17097937E-01  1.15216710E-03
3.57167397E-01  1.19743884E-01  1.14751421E-03
3.57458369E-01  1.21106595E-01  1.18601357E-03
3.57749340E-01  1.16871342E-01  1.15327723E-03
3.58040312E-01  1.20735995E-01  1.19989016E-03
3.58331283E-01  1.21490657E-01  1.21042703E-03
3.58622254E-01  1.18097946E-01  1.16762205E-03
3.58913226E-01  1.18754290E-01  1.15576002E-03
3.59204197E-01  1.19692422E-01  1.18258561E-03
3.59495169E-01  1.18260585E-01  1.15689018E-03
3.59786140E-01  1.18971854E-01  1.14291126E-03
3.60077111E-01  1.18809126E-01  1.16431504E-03
3.60368083E-01  1.17284760E-01  1.14716450E-03
3.60659054E-01  1.17685951E-01  1.16892147E-03
3.60950026E-01  1.16792388E-01  1.16344506E-03
3.61240997E-01  1.17859609E-01  1.17670826E-03
3.61531968E-01  1.17686011E-01  1.14863401E-03
3.61822940E-01  1.19735539E-01  1.18173379E-03
3.62113911E-01  1.20743111E-01  1.14054780E-03
3.62404883E-01  1.18057095E-01  1.17679301E-03
3.62695854E-01  1.16238117E-01  1.16729189E-03
3.62986825E-01  1.19467981E-01  1.17392722E-03
3.63277797E-01  1.18354231E-01  1.12486968E-03
3.63568768E-01  1.19686909E-01  1.16912019E-03
3.63859740E-01  1.18811384E-01  1.18430471E-03
3.64150711E-01  1.16710365E-01  1.15737843E-03
3.64441682E-01  1.19164176E-01  1.18128106E-03
3.64732654E-01  1.16903618E-01  1.15140434E-03
3.65023625E-01  1.18768521E-01  1.18478399E-03
3.65314597E-01  1.16789341E-01  1.19732274E-03
3.65605568E-01  1.18068166E-01  1.13795162E-03
3.65896539E-01  1.19082719E-01  1.17187609E-03
3.66187511E-01  1.19244061E-01  1.16385845E-03
3.66478482E-01  1.19333751E-01  1.17749581E-03
3.66769454E-01  1.17379315E-01  1.15064159E-03
3.67060425E-01  1.17559604E-01  1.15138548E-03
3.67351396E-01  1.18732117E-01  1.19797967E-03
3.67642368E-01  1.18766882E-01  1.16501190E-03
3.67933339E-01  1.16844974E-01  1.17421465E-03
3.68224311E-01  1.20396517E-01  1.17755611E-03
3.68515282E-01  1.16574116E-01  1.16420875E-03
3.68806253E-01  1.17559031E-01  1.15122844E-03
3.69097225E-01  1.18191443E-01  1.19034119E-03
3.69388196E-01  1.18230022E-01  1.18521007E-03
3.69679168E-01  1.19977623E-01  1.16636592E-03
3.69970139E-01  1.17073104E-01  1.19506975E-03
3.70261110E-01  1.20240770E-01  1.18514011E-03
3.70552082E-01  1.18206844E-01  1.14380999E-03
3.70843053E-01  1.18090652E-01  1.17554062E-03
3.71134025E-01  1.16004646E-01  1.17010239E-03
3.71424996E-01  1.17696762E-01  1.18996296E-03
3.71715967E-01  1.18915096E-01  1.18987425E-03
3.72006939E-01  1.16180480E-01  1.14447100E-03
3.72297910E-01  1.17459990E-01  1.17800164E-03
3.72588882E-01  1.15875296E-01  1.13232876E-03
3.72879853E-01  1.19801246E-01  1.20046979E-03
3.73170824E-01  1.19883209E-01  1.17254560E-03
3.73461796E-01  1.17335029E-01  1.19566882E-03
3.73752767E-01  1.16326675E-01  1.14288810E-03
3.74043739E-01  1.19017214E-01  1.18036184E-03
3.74334710E-01  1.17449224E-01  1.16361817E-03
3.74625681E-01  1.19564205E-01  1.18059223E-03
3.74916653E-01  1.19264416E-01  1.16013538E-03
3.75207624E-01  1.19450442E-01  1.20960944E-03
3.75498596E-01  1.18014924E-01  1.15608878E-03
3.75789567E-01  1.19015262E-01  1.20369485E-03
3.76080539E-01  1.19156092E-01  1.16585894E-03
3.76371510E-01  1.21405430E-01  1.19282701E-03
3.76662481E-01  1.19757801E-01  1.19453261E-03
3.76953453E-01  1.20317072E-01  1.16801541E-03
3.77244424E-01  1.19888015E-01  1.22515578E-03
3.77535396E-01  1.18520930E-01  1.14556658E-03
3.77826367E-01  1.18218146E-01  1.18617970E-03
3.78117338E-01  1.19057983E-01  1.17492792E-03
3.78408310E-01  1.19887941E-01  1.17170613E-03
3.78699281E-01  1.20174132E-01  1.15849788E-03
3.78990253E-01  1.18360832E-01  1.18722126E-03
3.79281224E-01  1.17627323E-01  1.20484328E-03
3.79572195E-01  1.17822617E-01  1.16182258E-03
3.79863167E-01  1.20891951E-01  1.19185308E-03
3.80154138E-01  1.19796552E-01  1.16863463E-03
3.80445110E-01  1.18460238E-01  1.17589079E-03
3.80736081E-01  1.20179825E-01  1.17284944E-03
3.81027052E-01  1.17960058E-01  1.16653496E-03
3.81318024E-01  1.17562667E-01  1.13907771E-03
3.81608995E-01  1.20485507E-01  1.18127523E-03
3.81899967E-01  1.20308742E-01  1.22114818E-03
3.82190938E-01  1.21052295E-01  1.20158168E-03
3.82481909E-01  1.22258440E-01  1.17169530E-03
3.82772881E-01  1.20809086E-01  1.19406416E-03
3.83063852E-01  1.21556669E-01  1.17535051E-03
3.83354824E-01  1.21151686E-01  1.21328072E-03
3.83645795E-01  1.17572337E-01  1.17380626E-03
3.83936766E-01  1.19338460E-01  1.20382756E-03
3.84227738E-01  1.21549636E-01  1.22957129E-03
3.84518709E-01  1.19826220E-01  1.22116401E-03
3.84809681E-01  1.20525330E-01  1.20341755E-03
3.85100652E-01  1.22907922E-01  1.15148339E-03
3.85391623E-01  1.21471994E-01  1.22910319E-03
3.85682595E-01  1.21049225E-01  1.17754168E-03
3.85973566E-01  1.21606708E-01  1.16859342E-03
3.86264538E-01  1.21451534E-01  1.21318700E-03
3.86555509E-01  1.22187637E-01  1.21695024E-03
3.86846480E-01  1.24552332E-01  1.20320299E-03
3.87137452E-01  1.22976586E-01  1.23512174E-03
3.87428423E-01  1.21219978E-01  1.19468337E-03
3.87719395E-01  1.21555835E-01  1.20381918E-03
3.88010366E-01  1.20884560E-01  1.23522442E-03
3.88301337E-01  1.24647610E-01  1.20764587E-03
3.88592309E-01  1.20668195E-01  1.17372058E-03
3.88883280E-01  1.22550167E-01  1.18310004E-03
3.89174252E-01  1.24138407E-01  1.21902057E-03
3.89465223E-01  1.24187492E-01  1.23394839E-03
3.89756194E-01  1.21611856E-01  1.20846124E-03
3.90047166E-01  1.21292166E-01  1.19316811E-03
3.90338137E-01  1.23301953E-01  1.21308991E-03
3.90629109E-01  1.21411555E-01  1.19505392E-03
3.90920080E-01  1.23570524E-01  1.21599925E-03
3.91211051E-01  1.22430317E-01  1.20304269E-03
3.91502023E-01  1.21823855E-01  1.20873691E-03
3.91792994E-01  1.23178065E-01  1.24448049E-03
3.92083966E-01  1.22593075E-01  1.21820311E-03
3.92374937E-01  1.21444181E-01  1.15142670E-03
3.92665908E-01  1.20637871E-01  1.19041221E-03
3.92956880E-01  1.22437023E-01  1.19039195E-03
3.93247851E-01  1.19280241E-01  1.18316570E-03
3.93538823E-01  1.21197440E-01  1.20041019E-03
3.93829794E-01  1.25282541E-01  1.23022462E-03
3.94120766E-01  1.23277523E-01  1.20530021E-03
3.94411737E-01  1.20661013E-01  1.18915818E-03
3.94702708E-01  1.22057222E-01  1.20614306E-03
3.94993680E-01  1.23796985E-01  1.20509043E-03
3.95284651E-01  1.23919040E-01  1.22761389E-03
3.95575623E-01  1.21344447E-01  1.20083394E-03
3.95866594E-01  1.22752026E-01  1.22908689E-03
3.96157565E-01  1.21707693E-01  1.22924929E-03
3.96448537E-01  1.21094130E-01  1.20118482E-03
3.96739508E-01  1.19996518E-01  1.21705595E-03
3.97030480E-01  1.21012576E-01  1.20020099E-03
3.97321451E-01  1.22846939E-01  1.17239263E-03
3.97612422E-01  1.21031247E-01  1.19730027E-03
3.97903394E-01  1.22079924E-01  1.20225025E-03
3.98194365E-01  1.23787276E-01  1.20040216E-03
3.98485337E-01  1.23602271E-01  1.20521325E-03
3.98776308E-01  1.22731701E-01  1.21164043E-03
3.99067279E-01  1.22462735E-01  1.22862554E-03
3.99358251E-01  1.23731107E-01  1.21443823E-03
3.99649222E-01  1.22637779E-01  1.17867871E-03
3.99940194E-01  1.22668989E-01  1.22038263E-03
4.00231165E-01  1.24312788E-01  1.22061628E-03
4.00522136E-01  1.20275594E-01  1.17773865E-03
4.00813108E-01  1.21868148E-01  1.22404320E-03
4.01104079E-01  1.20434262E-01  1.18137186E-03
4.01395051E-01  1.21079266E-01  1.22679060E-03
4.01686022E-01  1.22755975E-01  1.20218378E-03
4.01976993E-01  1.21538751E-01  1.18075754E-03
4.02267965E-01  1.21293589E-01  1.21213414E-03
4.02558936E-01  1.20740891E-01  1.19936001E-03
4.02849908E-01  1.22307196E-01  1.20271917E-03
4.03140879E-01  1.22243419E-01  1.24749192E-03
4.03431850E-01  1.21996589E-01  1.21484790E-03
4.03722822E-01  1.22420602E-01  1.21116545E-03
4.04013793E-01  1.22212023E-01  1.20503758E-03
4.04304765E-01  1.22881606E-01  1.20490720E-03
4.04595736E-01  1.22779533E-01  1.22629735E-03
4.04886707E-01  1.22536473E-01  1.22072280E-03
4.05177679E-01  1.20893694E-01  1.19973265E-03
4.05468650E-01  1.23782016E-01  1.20288902E-03
4.05759622E-01  1.20735928E-01  1.18105928E-03
4.06050593E-01  1.21171907E-01  1.19055866E-03
4.06341564E-01  1.18988313E-01  1.20649976E-03
4.06632536E-01  1.22183226E-01  1.22356683E-03
4.06923507E-01  1.21701248E-01  1.20736170E-03
4.07214479E-01  1.19677544E-01  1.18970533E-03
4.07505450E-01  1.19590804E-01  1.21307792E-03
4.07796421E-01  1.23214781E-01  1.19457976E-03
4.08087393E-01  1.22826226E-01  1.20851619E-03
4.08378364E-01  1.22037880E-01  1.19341526E-03
4.08669336E-01  1.23230986E-01  1.16301852E-03
4.08960307E-01  1.21904746E-01  1.18949229E-03
4.09251278E-01  1.21607974E-01  1.19854033E-03
4.09542250E-01  1.20364867E-01  1.19232654E-03
4.09833221E-01  1.20728850E-01  1.17906684E-03
4.10124193E-01  1.20118998E-01  1.17983809E-03
4.10415164E-01  1.21245250E-01  1.20986148E-03
4.10706135E-01  1.19982541E-01  1.15928077E-03
4.10997107E-01  1.21479996E-01  1.21712347E-03
4.11288078E-01  1.21072933E-01  1.22076587E-03
4.11579050E-01  1.21314660E-01  1.20673014E-03
4.11870021E-01  1.20183237E-01  1.20267808E-03
4.12160992E-01  1.19921207E-01  1.18432986E-03
4.12451964E-01  1.20190024E-01  1.18061574E-03
4.12742935E-01  1.19746789E-01  1.20222801E-03
4.13033907E-01  1.20489918E-01  1.17826229E-03
4.13324878E-01  1.21490933E-01  1.19315507E-03
4.13615850E-01  1.18323267E-01  1.16987887E-03
4.13906821E-01  1.19189329E-01  1.14320102E-03
4.14197792E-01  1.20268799E-01  1.17309613E-03
4.14488764E-01  1.18170328E-01  1.18958927E-03
4.14779735E-01  1.17197685E-01  1.19712937E-03
4.15070707E-01  1.18298486E-01  1.21944479E-03
4.15361678E-01  1.17811851E-01  1.17226306E-03
4.15652649E-01  1.18100151E-01  1.16643601E-03
4.15943621E-01  1.19010948E-01  1.16926117E-03
4.16234592E-01  1.18140876E-01  1.16774649E-03
4.16525564E-01  1.16650447E-01  1.17958372E-03
4.16816535E-01  1.16908118E-01  1.16423005E-03
4.17107506E-01  1.19185492E-01  1.21539796E-03
4.17398478E-01  1.15305372E-01  1.14778406E-03
4.17689449E-01  1.17394984E-01  1.20534061E-03
4.17980421E-01  1.17140673E-01  1.18348829E-03
4.18271392E-01  1.14970349E-01  1.15281437E-03
4.18562363E-01  1.16712622E-01  1.19537453E-03
4.18853335E-01  1.18143417E-01  1.17869664E-03
4.19144306E-01  1.19848184E-01  1.20068504E-03
4.19435278E-01  1.17211133E-01  1.14731689E-03
4.19726249E-01  1.16037674E-01  1.15176488E-03
4.20017220E-01  1.17771760E-01  1.17880758E-03
4.20308192E-01  1.16132215E-01  1.17562478E-03
4.20599163E-01  1.17442131E-01  1.16192980E-03
4.20890135E-01  1.15767859E-01  1.13281608E-03
4.21181106E-01  1.16151258E-01  1.15080818E-03
4.21472077E-01  1.14272311E-01  1.19085691E-03
4.21763049E-01  1.15303315E-01  1.11921737E-03
4.22054020E-01  1.16792768E-01  1.15353300E-03
4.22344992E-01  1.15558639E-01  1.16615486E-03
4.22635963E-01  1.14049323E-01  1.16654637E-03
4.22926934E-01  1.14463001E-01  1.15449948E-03
4.23217906E-01  1.12376004E-01  1.12279865E-03
4.23508877E-01  1.15222290E-01  1.15479913E-03
4.23799849E-01  1.13773100E-01  1.14190625E-03
4.24090820E-01  1.14172481E-01  1.17169018E-03
4.24381791E-01  1.11724041E-01  1.12280308E-03
4.24672763E-01  1.13049410E-01  1.18122343E-03
4.24963734E-01  1.12313405E-01  1.14850502E-03
4.25254706E-01  1.13240257E-01  1.12827041E-03
4.25545677E-01  1.11117817E-01  1.13335578E-03
4.25836648E-01  1.13831677E-01  1.14581746E-03
4.26127620E-01  1.14338413E-01  1.13236834E-03
4.26418591E-01  1.13622837E-01  1.14189740E-03
4.26709563E-01  1.12302333E-01  1.09994563E-03
4.27000534E-01  1.13027297E-01  1.14464574E-03
4.27291505E-01  1.09088875E-01  1.10809843E-03
4.27582477E-01  1.10299550E-01  1.15076732E-03
4.27873448E-01  1.09328732E-01  1.13141595E-03
4.28164420E-01  1.11297071E-01  1.14514551E-03
4.28455391E-01  1.10787608E-01  1.14585657E-03
4.28746362E-01  1.08104847E-01  1.11174805E-03
4.29037334E-01  1.07479565E-01  1.11976836E-03
4.29328305E-01  1.08942710E-01  1.09553779E-03
4.29619277E-01  1.08733833E-01  1.14677381E-03
4.29910248E-01  1.07958011E-01  1.11146457E-03
4.30201219E-01  1.10842757E-01  1.14694610E-03
4.30492191E-01  1.07982144E-01  1.12403138E-03
4.30783162E-01  1.07325435E-01  1.09855132E-03
4.31074134E-01  1.08913317E-01  1.13233866E-03
4.31365105E-01  1.05776891E-01  1.10490818E-03
4.31656077E-01  1.09055758E-01  1.10835454E-03
4.31947048E-01  1.09399408E-01  1.13506767E-03
4.32238019E-01  1.07993141E-01  1.14055804E-03
4.32528991E-01  1.06577054E-01  1.11181021E-03
4.32819962E-01  1.06125459E-01  1.10493274E-03
4.33110934E-01  1.08203702E-01  1.12560426E-03
4.33401905E-01  1.07587546E-01  1.14276679E-03
4.33692876E-01  1.05130836E-01  1.09849428E-03
4.33983848E-01  1.07231461E-01  1.09271682E-03
4.34274819E-01  1.07941136E-01  1.15069479E-03
4.34565791E-01  1.07712053E-01  1.11700327E-03
4.34856762E-01  1.07450113E-01  1.13800599E-03
4.35147733E-01  1.07302614E-01  1.11568754E-03
4.35438705E-01  1.06676824E-01  1.09457585E-03
4.35729676E-01  1.07816793E-01  1.09789090E-03
4.36020648E-01  1.07624821E-01  1.10348419E-03
4.36311619E-01  1.07094370E-01  1.14865217E-03
4.36602590E-01  1.07457943E-01  1.12146314E-03
4.36893562E-01  1.06390156E-01  1.10838516E-03
4.37184533E-01  1.07644044E-01  1.11066282E-03
4.37475505E-01  1.05731040E-01  1.12094183E-03
4.37766476E-01  1.06243499E-01  1.09809265E-03
4.38057447E-01  1.06947392E-01  1.09855318E-03
4.38348419E-01  1.05811045E-01  1.10144622E-03
4.38639390E-01  1.03442483E-01  1.09086244E-03
4.38930362E-01  1.03964441E-01  1.09819358E-03
4.39221333E-01  1.05697535E-01  1.09651091E-03
4.39512304E-01  1.04430333E-01  1.08689873E-03
4.39803276E-01  1.03524357E-01  1.08155003E-03
4.40094247E-01  1.05067089E-01  1.09665282E-03
4.40385219E-01  1.04038537E-01  1.08302163E-03
4.40676190E-01  1.04178570E-01  1.08993694E-03
4.40967161E-01  1.04800902E-01  1.10740261E-03
4.41258133E-01  1.01669163E-01  1.10517011E-03
4.41549104E-01  1.03156835E-01  1.12489203E-03
4.41840076E-01  1.05607532E-01  1.13883475E-03
4.42131047E-01  1.04883999E-01  1.15155685E-03
4.42422018E-01  1.06660746E-01  1.17981120E-03
4.42712990E-01  1.03499435E-01  1.15280820E-03
4.43003961E-01  1.04413189E-01  1.17446948E-03
4.43294933E-01  1.03536934E-01  1.15029304E-03
4.43585904E-01  1.02891989E-01  1.15043297E-03
4.43876875E-01  1.01629764E-01  1.13197265E-03
4.44167847E-01  1.03717007E-01  1.15425792E-03
4.44458818E-01  1.03977628E-01  1.20852015E-03
4.44749790E-01  1.04572490E-01  1.21650018E-03
4.45040761E-01  1.03636570E-01  1.21912779E-03
4.45331732E-01  1.03538543E-01  1.21142028E-03
4.45622704E-01  1.04103401E-01  1.25264528E-03
4.45913675E-01  1.02550372E-01  1.22750038E-03
4.46204647E-01  1.04460090E-01  1.21949287E-03
4.46495618E-01  1.06874838E-01  1.27328874E-03
4.46786589E-01  1.04130551E-01  1.25357683E-03
4.47077561E-01  1.02793127E-01  1.26355537E-03
4.47368532E-01  1.04272790E-01  1.20788987E-03
4.47659504E-01  1.03681855E-01  1.27630564E-03
4.47950475E-01  1.04488932E-01  1.28176669E-03
4.48241446E-01  1.05109662E-01  1.27156591E-03
4.48532418E-01  1.02053605E-01  1.28011941E-03
4.48823389E-01  1.03667788E-01  1.26728287E-03
4.49114361E-01  1.03373528E-01  1.23652758E-03
4.49405332E-01  1.03246175E-01  1.25680654E-03
4.49696303E-01  1.04121894E-01  1.28890376E-03
4.49987275E-01  1.03283681E-01  1.25725858E-03
4.50278246E-01  1.04435697E-01  1.28903601E-03
4.50569218E-01  1.05244517E-01  1.31553400E-03
4.50860189E-01  1.03243671E-01  1.29100529E-03
4.51151161E-01  1.04937710E-01  1.32322626E-03
4.51442132E-01  1.03517443E-01  1.27400551E-03
4.51733103E-01  1.04283527E-01  1.32837938E-03
4.52024075E-01  1.03875481E-01  1.28256949E-03
4.52315046E-01  1.02275409E-01  1.24058197E-03
4.52606018E-01  1.02099128E-01  1.23380264E-03
4.52896989E-01  1.01133995E-01  1.20201265E-03
4.53187960E-01  1.04769900E-01  1.27022399E-03
4.53478932E-01  1.02365717E-01  1.20350439E-03
4.53769903E-01  1.05011143E-01  1.22339174E-03
4.54060875E-01  1.04143247E-01  1.22202421E-03
4.54351846E-01  1.04697473E-01  1.22294715E-03
4.54642817E-01  1.03454798E-01  1.22230442E-03
4.54933789E-01  1.02627330E-01  1.20958278E-03
4.55224760E-01  1.03629895E-01  1.23669510E-03
4.55515732E-01  1.02515265E-01  1.22358021E-03
4.55806703E-01  1.03505708E-01  1.21056591E-03
4.56097674E-01  1.04583345E-01  1.21647760E-03
4.56388646E-01  1.03516951E-01  1.17795449E-03
4.56679617E-01  1.05761342E-01  1.23422232E-03
4.56970589E-01  1.02990597E-01  1.18508271E-03
4.57261560E-01  1.05382815E-01  1.22068543E-03
4.57552531E-01  1.06264003E-01  1.19385251E-03
4.57843503E-01  1.03086524E-01  1.21346535E-03
4.58134474E-01  1.03389516E-01  1.24820042E-03
4.58425446E-01  1.06226139E-01  1.17835763E-03
4.58716417E-01  1.05435289E-01  1.17751886E-03
4.59007388E-01  1.05696678E-01  1.19983032E-03
4.59298360E-01  1.02110073E-01  1.20033848E-03
4.59589331E-01  1.03778996E-01  1.17301114E-03
4.59880303E-01  1.03110269E-01  1.18658622E-03
4.60171274E-01  1.01738475E-01  1.19795348E-03
4.60462245E-01  1.04055323E-01  1.22067938E-03
4.60753217E-01  1.03562325E-01  1.19737233E-03
4.61044188E-01  1.03248388E-01  1.17464294E-03
4.61335160E-01  1.02424063E-01  1.18578807E-03
4.61626131E-01  1.04678005E-01  1.16911123E-03
4.61917102E-01  1.02364674E-01  1.15278247E-03
4.62208074E-01  1.03769571E-01  1.18382112E-03
4.62499045E-01  1.02690607E-01  1.14337145E-03
4.62790017E-01  1.03159048E-01  1.17103662E-03
4.63080988E-01  1.02769688E-01  1.18472090E-03
4.63371959E-01  1.02202535E-01  1.14995509E-03
4.63662931E-01  1.01860374E-01  1.18618971E-03
4.63953902E-01  1.04790919E-01  1.14635215E-03
4.64244874E-01  1.03691287E-01  1.19797222E-03
4.64535845E-01  1.03150532E-01  1.15596212E-03
4.64826816E-01  1.01947673E-01  1.19041523E-03
4.65117788E-01  1.03177674E-01  1.14666123E-03
4.65408759E-01  1.02048934E-01  1.15582987E-03
4.65699731E-01  1.03763141E-01  1.20319496E-03
4.65990702E-01  1.05724007E-01  1.15060632E-03
4.66281673E-01  1.02697052E-01  1.15078769E-03
4.66572645E-01  1.03445813E-01  1.15321262E-03
4.66863616E-01  1.02670372E-01  1.17246935E-03
4.67154588E-01  1.03148714E-01  1.14027166E-03
4.67445559E-01  1.04534373E-01  1.16508931E-03
4.67736530E-01  1.03401423E-01  1.20957429E-03
4.68027502E-01  1.03087641E-01  1.18957320E-03
4.68318473E-01  1.04131497E-01  1.15639565E-03
4.68609445E-01  1.03463039E-01  1.17599557E-03
4.68900416E-01  1.04815036E-01  1.18282868E-03
4.69191388E-01  1.04034752E-01  1.17457123E-03
4.69482359E-01  1.01144113E-01  1.15667318E-03
4.69773330E-01  1.02879614E-01  1.17082603E-03
4.70064302E-01  1.03540368E-01  1.19884184E-03
4.70355273E-01  1.02787688E-01  1.18405942E-03
4.70646245E-01  1.03963464E-01  1.16160908E-03
4.70937216E-01  1.02382228E-01  1.15327234E-03
4.71228187E-01  1.01397991E-01  1.15991011E-03
4.71519159E-01  1.02884792E-01  1.16837071E-03
4.71810130E-01  1.02485552E-01  1.13666174E-03
4.72101102E-01  1.01593755E-01  1.15320925E-03
4.72392073E-01  1.03019759E-01  1.17616216E-03
4.72683044E-01  1.04120955E-01  1.17072882E-03
4.72974016E-01  1.04760244E-01  1.18533021E-03
4.73264987E-01  1.04110740E-01  1.22697500E-03
4.73555959E-01  1.04157560E-01  1.18666375E-03
4.73846930E-01  1.05738498E-01  1.17868301E-03
4.74137901E-01  1.04504965E-01  1.19880389E-03
4.74428873E-01  1.03398949E-01  1.14951539E-03
4.74719844E-01  1.02662198E-01  1.15452381E-03
4.75010816E-01  1.04851246E-01  1.16770272E-03
4.75301787E-01  1.01774096E-01  1.14145724E-03
4.75592758E-01  1.05058193E-01  1.18928985E-03
4.75883730E-01  1.01617202E-01  1.15535595E-03
4.76174701E-01  1.03646874E-01  1.17251324E-03
4.76465673E-01  1.03618324E-01  1.18008850E-03
4.76756644E-01  1.02665514E-01  1.12820801E-03
4.77047615E-01  1.00439690E-01  1.14309543E-03
4.77338587E-01  1.02651246E-01  1.14987337E-03
4.77629558E-01  1.03131495E-01  1.14978699E-03
4.77920530E-01  1.05530165E-01  1.16433913E-03
4.78211501E-01  1.03416853E-01  1.16620271E-03
4.78502472E-01  1.04042210E-01  1.17825693E-03
4.78793444E-01  1.04376242E-01  1.17246364E-03
4.79084415E-01  1.01757973E-01  1.15899055E-03
4.79375387E-01  1.00234613E-01  1.14826043E-03
4.79666358E-01  1.03767559E-01  1.16716290E-03
4.79957329E-01  1.04532987E-01  1.17765018E-03
4.80248301E-01  1.03693657E-01  1.15381973E-03
4.80539272E-01  1.03830613E-01  1.17759814E-03
4.80830244E-01  1.03788719E-01  1.16431224E-03
4.81121215E-01  1.02445200E-01  1.18158024E-03
4.81412186E-01  1.02353692E-01  1.17614889E-03
4.81703158E-01  1.02282844E-01  1.16468477E-03
4.81994129E-01  1.04414783E-01  1.15552766E-03
4.82285101E-01  1.04802012E-01  1.17561477E-03
4.82576072E-01  1.02967501E-01  1.17440289E-03
4.82867043E-01  1.03461958E-01  1.19135017E-03
4.83158015E-01  1.02378160E-01  1.17708405E-03
4.83448986E-01  1.06185481E-01  1.15614501E-03
4.83739958E-01  1.03267297E-01  1.13716361E-03
4.84030929E-01  1.02713093E-01  1.14281743E-03
4.84321900E-01  1.02748893E-01  1.17018644E-03
4.84612872E-01  1.03357770E-01  1.16720691E-03
4.84903843E-01  1.03792578E-01  1.17245456E-03
4.85194815E-01  1.04045041E-01  1.18519925E-03
4.85485786E-01  1.00762919E-01  1.13243749E-03
4.85776757E-01  1.03950903E-01  1.14819349E-03
4.86067729E-01  1.03086308E-01  1.14795985E-03
4.86358700E-01  1.05587527E-01  1.16246217E-03
4.86649672E-01  1.05692536E-01  1.16087904E-03
4.86940643E-01  1.01410702E-01  1.11144071E-03
4.87231614E-01  1.01722263E-01  1.13727269E-03
4.87522586E-01  1.01795815E-01  1.12959254E-03
4.87813557E-01  1.02277093E-01  1.15692650E-03
4.88104529E-01  1.01223536E-01  1.17332570E-03
4.88395500E-01  1.01031147E-01  1.15091505E-03
4.88686472E-01  1.02585845E-01  1.15535944E-03
4.88977443E-01  1.02912605E-01  1.13461935E-03
4.89268414E-01  1.03538074E-01  1.15668145E-03
4.89559386E-01  1.04059644E-01  1.13191130E-03
4.89850357E-01  1.03195816E-01  1.13199058E-03
4.90141329E-01  1.03522412E-01  1.16554229E-03
4.90432300E-01  1.01637602E-01  1.16397766E-03
4.90723271E-01  1.04179889E-01  1.16152526E-03
4.91014243E-01  1.03083827E-01  1.15586678E-03
4.91305214E-01  1.04623199E-01  1.16306986E-03
4.91596186E-01  1.03393547E-01  1.17046433E-03
4.91887157E-01  1.03613049E-01  1.16443948E-03
4.92178128E-01  1.03690393E-01  1.13745814E-03
4.92469100E-01  1.03912391E-01  1.12805876E-03
4.92760071E-01  1.04717605E-01  1.19674567E-03
4.93051043E-01  1.04964569E-01  1.17881829E-03
4.93342014E-01  1.02502532E-01  1.15500961E-03
4.93632985E-01  1.03304081E-01  1.13832334E-03
4.93923957E-01  1.03105083E-01  1.14130578E-03
4.94214928E-01  1.03651464E-01  1.13662239E-03
4.94505900E-01  1.03209920E-01  1.16889016E-03
4.94796871E-01  1.03452094E-01  1.15557387E-03
4.95087842E-01  1.03245459E-01  1.16508221E-03
4.95378814E-01  1.03748053E-01  1.14653667E-03
4.95669785E-01  1.02918215E-01  1.13836990E-03
4.95960757E-01  1.02163389E-01  1.16909586E-03
4.96251728E-01  1.05094157E-01  1.14780036E-03
4.96542699E-01  1.03408575E-01  1.13563426E-03
4.96833671E-01  1.02240816E-01  1.16539921E-03
4.97124642E-01  1.04129747E-01  1.17891131E-03
4.97415614E-01  9.87520367E-02  1.11907988E-03
4.97706585E-01  1.00937672E-01  1.15209236E-03
4.97997556E-01  1.02398813E-01  1.17270066E-03
4.98288528E-01  1.01609334E-01  1.13436067E-03
4.98579499E-01  1.00137100E-01  1.13523751E-03
4.98870471E-01  1.02592520E-01  1.14903238E-03
4.99161442E-01  1.02572486E-01  1.15173031E-03
4.99452413E-01  1.02040075E-01  1.13534054E-03
4.99743385E-01  1.02724552E-01  1.15197059E-03
5.00034356E-01  1.02116421E-01  1.18500774E-03
5.00325328E-01  1.04334697E-01  1.18538213E-03
5.00616299E-01  1.02577321E-01  1.13812764E-03
5.00907270E-01  1.03138797E-01  1.15450949E-03
5.01198242E-01  1.03243835E-01  1.16359384E-03
5.01489213E-01  1.02179147E-01  1.14704529E-03
5.01780185E-01  1.04479022E-01  1.19167648E-03
5.02071156E-01  1.01204388E-01  1.15833886E-03
5.02362127E-01  1.03483349E-01  1.16063235E-03
5.02653099E-01  1.02911994E-01  1.14807417E-03
5.02944070E-01  1.02886066E-01  1.17406878E-03
5.03235042E-01  1.03704296E-01  1.16303540E-03
5.03526013E-01  1.02862641E-01  1.16901635E-03
5.03816984E-01  1.01752356E-01  1.16189651E-03
5.04107956E-01  1.02148481E-01  1.13760482E-03
5.04398927E-01  1.02169506E-01  1.10960798E-03
5.04689899E-01  1.02442086E-01  1.13813067E-03
5.04980870E-01  1.04605362E-01  1.16775057E-03
5.05271841E-01  1.01639204E-01  1.17699965E-03
5.05562813E-01  1.03096277E-01  1.15010678E-03
5.05853784E-01  1.01866253E-01  1.14750280E-03
5.06144756E-01  1.03245839E-01  1.14547275E-03
5.06435727E-01  1.02561712E-01  1.17341254E-03
5.06726699E-01  1.01596110E-01  1.19893381E-03
5.07017670E-01  1.03147998E-01  1.14623620E-03
5.07308641E-01  1.03133768E-01  1.16132805E-03
5.07599613E-01  1.04168586E-01  1.18441565E-03
5.07890584E-01  1.00674279E-01  1.15110294E-03
5.08181556E-01  1.03524864E-01  1.13337615E-03
5.08472527E-01  1.03355639E-01  1.15558447E-03
5.08763498E-01  1.02390103E-01  1.13793137E-03
5.09054470E-01  1.02246918E-01  1.15269795E-03
5.09345441E-01  1.04619369E-01  1.13755488E-03
5.09636413E-01  1.00944117E-01  1.13443902E-03
5.09927384E-01  1.01448178E-01  1.16491271E-03
5.10218355E-01  1.00864381E-01  1.15368422E-03
5.10509327E-01  1.03447028E-01  1.14892388E-03
5.10800298E-01  1.03562884E-01  1.17600919E-03
5.11091270E-01  1.04999594E-01  1.16042106E-03
5.11382241E-01  1.02974333E-01  1.15758402E-03
5.11673212E-01  1.01476550E-01  1.13916094E-03
5.11964184E-01  1.03630640E-01  1.15870556E-03
5.12255155E-01  1.03350736E-01  1.20261323E-03
5.12546127E-01  1.02037527E-01  1.16801413E-03
5.12837098E-01  1.03341110E-01  1.15643186E-03
5.13128069E-01  1.05343193E-01  1.19960250E-03
5.13419041E-01  1.01422586E-01  1.14964391E-03
5.13710012E-01  1.04132161E-01  1.16905873E-03
5.14000984E-01  1.03506848E-01  1.15230831E-03
5.14291955E-01  1.02681719E-01  1.15730218E-03
5.14582926E-01  1.02464162E-01  1.13434426E-03
5.14873898E-01  9.99132469E-02  1.12757389E-03
5.15164869E-01  1.03740394E-01  1.14012859E-03
5.15455841E-01  1.01080917E-01  1.17064652E-03
5.15746812E-01  1.02698401E-01  1.15949020E-03
5.16037783E-01  1.02754392E-01  1.15586235E-03
5.16328755E-01  1.03900544E-01  1.15958054E-03
5.16619726E-01  1.03711478E-01  1.15284836E-03
5.16910698E-01  1.03572905E-01  1.14107144E-03
5.17201669E-01  1.04048088E-01  1.18363998E-03
5.17492640E-01  1.02826953E-01  1.15745363E-03
5.17783612E-01  9.91745889E-02  1.10353832E-03
5.18074583E-01  1.03416055E-01  1.16562529E-03
5.18365555E-01  1.00906812E-01  1.12720393E-03
5.18656526E-01  1.03569455E-01  1.15691673E-03
5.18947497E-01  1.04879476E-01  1.16219022E-03
5.19238469E-01  1.03734270E-01  1.16439559E-03
5.19529440E-01  1.01480685E-01  1.14788557E-03
5.19820412E-01  1.03348695E-01  1.15201296E-03
5.20111383E-01  1.02343947E-01  1.15693884E-03
5.20402354E-01  1.03146188E-01  1.16095610E-03
5.20693326E-01  1.03494123E-01  1.18616410E-03
5.20984297E-01  1.02081597E-01  1.18037395E-03
5.21275269E-01  1.03360854E-01  1.15929265E-03
5.21566240E-01  1.03277177E-01  1.14818884E-03
5.21857211E-01  1.01808526E-01  1.14373281E-03
5.22148183E-01  1.01234458E-01  1.15124893E-03
5.22439154E-01  9.95107368E-02  1.15895353E-03
5.22730126E-01  1.02882296E-01  1.15695468E-03
5.23021097E-01  1.03520796E-01  1.13667978E-03
5.23312068E-01  1.01206072E-01  1.11734529E-03
5.23603040E-01  1.03147998E-01  1.14420289E-03
5.23894011E-01  1.03336468E-01  1.12073275E-03
5.24184983E-01  1.03076488E-01  1.16867456E-03
5.24475954E-01  1.02132626E-01  1.14093651E-03
5.24766925E-01  1.01762481E-01  1.19116926E-03
5.25057897E-01  1.03395149E-01  1.16414041E-03
5.25348868E-01  1.01020031E-01  1.12046523E-03
5.25639840E-01  1.02291018E-01  1.16877549E-03
5.25930811E-01  1.02089934E-01  1.11784996E-03
5.26221783E-01  1.03611372E-01  1.13921682E-03
5.26512754E-01  1.02173604E-01  1.10785535E-03
5.26803725E-01  1.01664923E-01  1.13530399E-03
5.27094697E-01  9.97231975E-02  1.12483965E-03
5.27385668E-01  1.02070965E-01  1.12764980E-03
5.27676640E-01  1.03300750E-01  1.12460041E-03
5.27967611E-01  1.04006201E-01  1.13295414E-03
5.28258582E-01  1.00902006E-01  1.13165949E-03
5.28549554E-01  1.01393469E-01  1.14304561E-03
5.28840525E-01  1.02750331E-01  1.16696279E-03
5.29131497E-01  1.01824448E-01  1.13029336E-03
5.29422468E-01  1.01617061E-01  1.13854476E-03
5.29713439E-01  1.01623513E-01  1.10663776E-03
5.30004411E-01  1.01637661E-01  1.13974791E-03


### HEADER:
#
#{
#    "analysis": {},
#    "calibration_params": {
#        "Beam_Center_X": 1065.0,
#        "Beam_Center_Y": 2064.0,
#        "Detector Tilt": 0.0,
#        "Detector Tilt Plane Rotation": 0.0,
#        "Detector_X_Pixel_Size": 75.0,
#        "Detector_Y_Pixel_Size": 75.0,
#        "Integration Method": "nosplit_csr",
#        "Radial_Average_Method": "pyFAI",
#        "Sample-to-detector distance (mm)": 1824.0,
#        "Wavelength (A)": 0.8848865554555589
#    },
#    "config_file": "/home/chess_id7a/.RAW/backup.cfg",
#    "counters": {
#        "Epoch": "44.660",
#        "I1": "0",
#        "I2": "0",
#        "I3": "0",
#        "Seconds": "1",
#        "Time": "2.19345e-05",
#        "date": "Fri Mar 15 19:47:23 2024",
#        "diode": "96795"
#    },
#    "filename": "DM0006_35C_020MPa_up_3_data_000001_00001.h5",
#    "history": {},
#    "imageHeader": {},
#    "load_path": "/nfs/chess/daq/current/id7a/Milshteyn_03_15_2024/DM0006/DM0006_35C_020MPa_up_3_data_000001.h5",
#    "normalizations": {
#        "Absolute_scale": {
#            "Absolute_scale_factor": 0.017092358101131556,
#            "Method": "Water"
#        },
#        "Counter_norms": [
#            [
#                "/",
#                "diode/150000"
#            ]
#        ],
#        "Polarization": {
#            "Used": false
#        },
#        "Solid_Angle_Correction": "On"
#    },
#    "raw_version": "2.2.1",
#    "unit": ""
#}

