### DATA:
#
# 1786
#      Q             I(Q)           Error     
1.06204562E-02  3.93903542E+00  6.41794577E-02
1.09114276E-02  3.56611252E+00  6.68965578E-02
1.12023990E-02  3.27882433E+00  6.06635846E-02
1.14933704E-02  2.92420053E+00  4.86607961E-02
1.17843418E-02  2.79451513E+00  5.93857169E-02
1.20753132E-02  2.53434277E+00  3.89588363E-02
1.23662846E-02  2.30861139E+00  3.45999226E-02
1.26572560E-02  2.05908823E+00  3.76572236E-02
1.29482274E-02  1.98484612E+00  3.21504660E-02
1.32391988E-02  1.78457773E+00  3.33434157E-02
1.35301702E-02  1.66957629E+00  2.65897997E-02
1.38211416E-02  1.59445345E+00  3.12980115E-02
1.41121131E-02  1.46277022E+00  2.19020285E-02
1.44030845E-02  1.39575255E+00  2.57801041E-02
1.46940559E-02  1.28461099E+00  2.33832914E-02
1.49850273E-02  1.18923295E+00  2.27683503E-02
1.52759987E-02  1.17594278E+00  2.43084393E-02
1.55669701E-02  1.11897016E+00  2.04824582E-02
1.58579415E-02  1.05109978E+00  1.85057037E-02
1.61489129E-02  9.74493146E-01  1.71920564E-02
1.64398843E-02  9.24392581E-01  1.35089522E-02
1.67308557E-02  9.04171526E-01  1.71381328E-02
1.70218271E-02  8.26977432E-01  1.44556742E-02
1.73127985E-02  8.43223274E-01  1.31337661E-02
1.76037699E-02  7.92994499E-01  1.50365261E-02
1.78947413E-02  7.54360974E-01  1.28452154E-02
1.81857127E-02  7.15580046E-01  1.39273424E-02
1.84766841E-02  7.02906549E-01  1.17987152E-02
1.87676555E-02  6.54882312E-01  1.24069462E-02
1.90586269E-02  6.39330328E-01  1.25496062E-02
1.93495983E-02  6.33872688E-01  1.09550003E-02
1.96405697E-02  6.09219193E-01  1.17737781E-02
1.99315411E-02  5.69130242E-01  1.14618866E-02
2.02225125E-02  5.56768417E-01  9.72879399E-03
2.05134839E-02  5.44264257E-01  1.06596043E-02
2.08044553E-02  5.30601799E-01  9.57528688E-03
2.10954267E-02  5.09562910E-01  9.75432340E-03
2.13863981E-02  5.13772368E-01  1.09410910E-02
2.16773695E-02  5.00315011E-01  9.19490214E-03
2.19683409E-02  4.53106225E-01  8.09545629E-03
2.22593123E-02  4.64658111E-01  8.02347343E-03
2.25502837E-02  4.46108043E-01  8.00788216E-03
2.28412551E-02  4.47635472E-01  7.13348389E-03
2.31322265E-02  4.21231300E-01  7.21935462E-03
2.34231979E-02  4.10864413E-01  6.98549533E-03
2.37141694E-02  3.95335406E-01  7.25067174E-03
2.40051408E-02  3.88142496E-01  6.32085884E-03
2.42961122E-02  3.79824996E-01  5.78837143E-03
2.45870836E-02  3.86216223E-01  7.12451711E-03
2.48780550E-02  3.78761262E-01  5.84751414E-03
2.51690264E-02  3.63926560E-01  5.75568015E-03
2.54599978E-02  3.68769258E-01  6.32350333E-03
2.57509692E-02  3.57411176E-01  6.23342395E-03
2.60419406E-02  3.54116738E-01  5.94082475E-03
2.63329120E-02  3.52719426E-01  5.33476891E-03
2.66238834E-02  3.41751903E-01  5.55490563E-03
2.69148548E-02  3.37865263E-01  5.35090500E-03
2.72058262E-02  3.34043175E-01  5.26960893E-03
2.74967976E-02  3.28269303E-01  6.00843690E-03
2.77877690E-02  3.28521550E-01  5.46221063E-03
2.80787404E-02  3.31892371E-01  5.57041541E-03
2.83697118E-02  3.18494350E-01  5.11413207E-03
2.86606832E-02  3.18160862E-01  5.04444912E-03
2.89516546E-02  3.24646175E-01  5.23361424E-03
2.92426260E-02  3.07268620E-01  4.95227380E-03
2.95335974E-02  3.07307303E-01  5.21777011E-03
2.98245688E-02  3.10605198E-01  4.89627337E-03
3.01155402E-02  3.19416076E-01  5.02977520E-03
3.04065116E-02  3.01721424E-01  5.45329601E-03
3.06974830E-02  2.94500053E-01  4.87653818E-03
3.09884544E-02  3.01556468E-01  4.53202240E-03
3.12794258E-02  2.98066229E-01  4.21469798E-03
3.15703972E-02  2.93728858E-01  4.26337216E-03
3.18613686E-02  2.95169652E-01  4.54787444E-03
3.21523400E-02  2.97537267E-01  4.39101504E-03
3.24433114E-02  2.95337468E-01  4.38823504E-03
3.27342828E-02  2.92599559E-01  4.33291122E-03
3.30252543E-02  2.96067744E-01  4.22893604E-03
3.33162257E-02  2.93602079E-01  4.12358344E-03
3.36071971E-02  2.92484879E-01  4.23662132E-03
3.38981685E-02  2.96401739E-01  4.22122888E-03
3.41891399E-02  2.89794624E-01  4.15038271E-03
3.44801113E-02  2.97693968E-01  4.45514591E-03
3.47710827E-02  2.99761891E-01  4.33677947E-03
3.50620541E-02  2.99403757E-01  4.19363659E-03
3.53530255E-02  3.02416116E-01  4.19298001E-03
3.56439969E-02  2.94093579E-01  4.07115323E-03
3.59349683E-02  2.98730731E-01  4.02342528E-03
3.62259397E-02  2.98579395E-01  3.96317150E-03
3.65169111E-02  2.98473448E-01  4.15230542E-03
3.68078825E-02  2.91708201E-01  3.85219767E-03
3.70988539E-02  2.94439882E-01  3.74963833E-03
3.73898253E-02  2.99233586E-01  4.12433362E-03
3.76807967E-02  3.00191700E-01  3.81271215E-03
3.79717681E-02  3.02053720E-01  3.84555035E-03
3.82627395E-02  3.08933765E-01  3.91740398E-03
3.85537109E-02  3.10659707E-01  3.82489269E-03
3.88446823E-02  3.05438787E-01  3.66034987E-03
3.91356537E-02  3.07202369E-01  3.84646049E-03
3.94266251E-02  3.17355424E-01  3.67070036E-03
3.97175965E-02  3.10640037E-01  4.12513688E-03
4.00085679E-02  3.10925633E-01  3.66298901E-03
4.02995393E-02  3.14124554E-01  3.84708866E-03
4.05905107E-02  3.16557050E-01  3.80233163E-03
4.08814821E-02  3.23315173E-01  3.69683048E-03
4.11724535E-02  3.25263232E-01  3.70720215E-03
4.14634249E-02  3.22907478E-01  3.66093498E-03
4.17543963E-02  3.31429690E-01  3.82725848E-03
4.20453677E-02  3.38101149E-01  3.81346908E-03
4.23363392E-02  3.36133093E-01  3.92750045E-03
4.26273106E-02  3.37384492E-01  3.79910460E-03
4.29182820E-02  3.45638096E-01  3.91129218E-03
4.32092534E-02  3.45592409E-01  4.04334394E-03
4.35002248E-02  3.49252522E-01  3.89574352E-03
4.37911962E-02  3.56395900E-01  3.76962172E-03
4.40821676E-02  3.61432523E-01  3.60344909E-03
4.43731390E-02  3.56645912E-01  3.65245761E-03
4.46641104E-02  3.70472223E-01  3.87030118E-03
4.49550818E-02  3.71812910E-01  3.89257586E-03
4.52460532E-02  3.77117723E-01  3.96335078E-03
4.55370246E-02  3.86866540E-01  3.98098491E-03
4.58279960E-02  3.88793647E-01  3.84612777E-03
4.61189674E-02  3.98258001E-01  3.94453621E-03
4.64099388E-02  4.00437921E-01  4.04275395E-03
4.67009102E-02  4.06431347E-01  3.78983142E-03
4.69918816E-02  4.13900852E-01  3.98632046E-03
4.72828530E-02  4.18664724E-01  4.22402704E-03
4.75738244E-02  4.25882965E-01  4.09334525E-03
4.78647958E-02  4.31274027E-01  3.99341714E-03
4.81557672E-02  4.47393864E-01  4.27716598E-03
4.84467386E-02  4.50944185E-01  4.11899574E-03
4.87377100E-02  4.60719109E-01  4.22491925E-03
4.90286814E-02  4.57728833E-01  4.24183253E-03
4.93196528E-02  4.73303676E-01  4.24620043E-03
4.96106242E-02  4.87046808E-01  4.43381537E-03
4.99015956E-02  4.97269094E-01  4.21658950E-03
5.01925670E-02  5.00876725E-01  4.37642401E-03
5.04835384E-02  5.12321055E-01  4.24042158E-03
5.07745098E-02  5.20455658E-01  4.62195277E-03
5.10654812E-02  5.36410928E-01  4.48841322E-03
5.13564526E-02  5.45775294E-01  4.64319997E-03
5.16474241E-02  5.59836626E-01  4.82578110E-03
5.19383955E-02  5.76510191E-01  4.60547721E-03
5.22293669E-02  5.83882213E-01  4.75441571E-03
5.25203383E-02  6.04674935E-01  5.09326952E-03
5.28113097E-02  6.08864188E-01  4.87725530E-03
5.31022811E-02  6.22329712E-01  5.14645735E-03
5.33932525E-02  6.44074380E-01  5.09391446E-03
5.36842239E-02  6.62511110E-01  5.30072395E-03
5.39751953E-02  6.78009987E-01  5.05530322E-03
5.42661667E-02  7.03091383E-01  5.07087400E-03
5.45571381E-02  7.14050531E-01  5.02603222E-03
5.48481095E-02  7.35228121E-01  5.32636326E-03
5.51390809E-02  7.56155431E-01  5.85754495E-03
5.54300523E-02  7.89565802E-01  5.46082016E-03
5.57210237E-02  8.11383367E-01  5.76773472E-03
5.60119951E-02  8.36579561E-01  6.05655322E-03
5.63029665E-02  8.51504028E-01  5.67771308E-03
5.65939379E-02  9.01000857E-01  6.57225447E-03
5.68849093E-02  9.15950179E-01  5.78593928E-03
5.71758807E-02  9.57742810E-01  5.99994091E-03
5.74668521E-02  9.89373028E-01  6.41257316E-03
5.77578235E-02  1.01844108E+00  6.69922819E-03
5.80487949E-02  1.05420911E+00  6.91451551E-03
5.83397663E-02  1.10041165E+00  7.18516624E-03
5.86307377E-02  1.15562451E+00  7.17394613E-03
5.89217091E-02  1.19805849E+00  7.62802828E-03
5.92126805E-02  1.24761164E+00  7.60294776E-03
5.95036519E-02  1.28977573E+00  7.70237390E-03
5.97946233E-02  1.35743904E+00  8.58687703E-03
6.00855947E-02  1.41098821E+00  8.59419163E-03
6.03765661E-02  1.48887801E+00  9.09266993E-03
6.06675375E-02  1.56559575E+00  8.99723545E-03
6.09585090E-02  1.64303863E+00  1.00414054E-02
6.12494804E-02  1.73364604E+00  1.08314008E-02
6.15404518E-02  1.80078530E+00  1.07133342E-02
6.18314232E-02  1.91536725E+00  1.22920992E-02
6.21223946E-02  2.01546884E+00  1.27935838E-02
6.24133660E-02  2.13632846E+00  1.37232179E-02
6.27043374E-02  2.25274873E+00  1.45297013E-02
6.29953088E-02  2.39078426E+00  1.57142226E-02
6.32862802E-02  2.55587554E+00  1.61935762E-02
6.35772516E-02  2.72952056E+00  1.82136036E-02
6.38682230E-02  2.90469742E+00  2.04262380E-02
6.41591944E-02  3.09074092E+00  2.23483760E-02
6.44501658E-02  3.32841635E+00  2.30669584E-02
6.47411372E-02  3.53832054E+00  2.61731520E-02
6.50321086E-02  3.80630136E+00  2.83021908E-02
6.53230800E-02  4.08183050E+00  2.97473166E-02
6.56140514E-02  4.37391901E+00  3.20301168E-02
6.59050228E-02  4.71199465E+00  3.34079936E-02
6.61959942E-02  5.04324293E+00  3.43697965E-02
6.64869656E-02  5.38231897E+00  3.53144929E-02
6.67779370E-02  5.72083426E+00  3.44509333E-02
6.70689084E-02  6.04231834E+00  3.28485258E-02
6.73598798E-02  6.36727762E+00  3.20421457E-02
6.76508512E-02  6.60883760E+00  2.58748047E-02
6.79418226E-02  6.88665819E+00  2.24605668E-02
6.82327940E-02  7.09422350E+00  1.76211409E-02
6.85237654E-02  7.25619364E+00  1.74442697E-02
6.88147368E-02  7.38580513E+00  1.99172776E-02
6.91057082E-02  7.40656710E+00  2.51483526E-02
6.93966796E-02  7.32464266E+00  3.22465487E-02
6.96876510E-02  7.22241402E+00  3.85679305E-02
6.99786224E-02  7.03893471E+00  4.57544662E-02
7.02695938E-02  6.75013781E+00  5.01740873E-02
7.05605653E-02  6.45787668E+00  5.27140610E-02
7.08515367E-02  6.09713078E+00  5.62574044E-02
7.11425081E-02  5.67501163E+00  5.39884791E-02
7.14334795E-02  5.25394201E+00  5.46385534E-02
7.17244509E-02  4.88669062E+00  5.32941855E-02
7.20154223E-02  4.46595049E+00  4.93185520E-02
7.23063937E-02  4.07844830E+00  4.66588698E-02
7.25973651E-02  3.70388079E+00  4.27770577E-02
7.28883365E-02  3.34914804E+00  3.90250459E-02
7.31793079E-02  3.04368854E+00  3.41639146E-02
7.34702793E-02  2.73721910E+00  2.97651794E-02
7.37612507E-02  2.47664165E+00  2.67042387E-02
7.40522221E-02  2.26989055E+00  2.42004488E-02
7.43431935E-02  2.06498432E+00  2.08065361E-02
7.46341649E-02  1.88995552E+00  1.78977866E-02
7.49251363E-02  1.75103188E+00  1.60202309E-02
7.52161077E-02  1.62864172E+00  1.37256207E-02
7.55070791E-02  1.50872254E+00  1.26006473E-02
7.57980505E-02  1.41048062E+00  1.09910248E-02
7.60890219E-02  1.34747410E+00  1.01104276E-02
7.63799933E-02  1.26147652E+00  9.34740622E-03
7.66709647E-02  1.20684206E+00  8.66266992E-03
7.69619361E-02  1.14975154E+00  7.75170466E-03
7.72529075E-02  1.10211229E+00  7.57993851E-03
7.75438789E-02  1.06657052E+00  7.18126027E-03
7.78348503E-02  1.02841949E+00  6.88349269E-03
7.81258217E-02  9.98108268E-01  6.43820269E-03
7.84167931E-02  9.78201628E-01  6.35334849E-03
7.87077645E-02  9.42775249E-01  6.17658254E-03
7.89987359E-02  9.23640311E-01  5.82812587E-03
7.92897073E-02  9.13115025E-01  5.68349380E-03
7.95806787E-02  8.98598433E-01  5.48570743E-03
7.98716502E-02  8.76485527E-01  5.60365058E-03
8.01626216E-02  8.65672231E-01  5.45985205E-03
8.04535930E-02  8.41738462E-01  5.25442883E-03
8.07445644E-02  8.27131212E-01  5.17479144E-03
8.10355358E-02  8.25977445E-01  5.02739055E-03
8.13265072E-02  8.08351755E-01  5.23956819E-03
8.16174786E-02  7.91019022E-01  5.00786956E-03
8.19084500E-02  7.84915864E-01  5.14176022E-03
8.21994214E-02  7.86485910E-01  4.70938999E-03
8.24903928E-02  7.73844123E-01  4.68338467E-03
8.27813642E-02  7.63380051E-01  4.84777009E-03
8.30723356E-02  7.60253012E-01  4.65425150E-03
8.33633070E-02  7.61674643E-01  4.74302238E-03
8.36542784E-02  7.47894585E-01  4.48507443E-03
8.39452498E-02  7.48444140E-01  4.53673815E-03
8.42362212E-02  7.40277648E-01  4.56234301E-03
8.45271926E-02  7.42471457E-01  4.44222847E-03
8.48181640E-02  7.38950193E-01  4.47815005E-03
8.51091354E-02  7.24904060E-01  4.36791405E-03
8.54001068E-02  7.31250346E-01  4.51532658E-03
8.56910782E-02  7.29646742E-01  4.37494554E-03
8.59820496E-02  7.25979328E-01  4.33717715E-03
8.62730210E-02  7.22497106E-01  4.39554825E-03
8.65639924E-02  7.23100841E-01  4.29329462E-03
8.68549638E-02  7.24138618E-01  4.30746144E-03
8.71459352E-02  7.16048300E-01  4.28687176E-03
8.74369066E-02  7.20198870E-01  4.48113400E-03
8.77278780E-02  7.24084377E-01  4.34719492E-03
8.80188494E-02  7.26282120E-01  4.34029847E-03
8.83098208E-02  7.23761797E-01  4.51578107E-03
8.86007922E-02  7.16718256E-01  4.08250932E-03
8.88917636E-02  7.19928622E-01  4.24319459E-03
8.91827351E-02  7.16595590E-01  4.43103863E-03
8.94737065E-02  7.24148571E-01  4.30284999E-03
8.97646779E-02  7.25329757E-01  4.22065798E-03
9.00556493E-02  7.29881108E-01  4.34208522E-03
9.03466207E-02  7.27412045E-01  4.39344719E-03
9.06375921E-02  7.30645359E-01  4.39480180E-03
9.09285635E-02  7.33078301E-01  4.17534914E-03
9.12195349E-02  7.34292507E-01  4.14614333E-03
9.15105063E-02  7.32494652E-01  4.46771597E-03
9.18014777E-02  7.35989809E-01  4.34222259E-03
9.20924491E-02  7.42406905E-01  4.18988476E-03
9.23834205E-02  7.56998420E-01  4.23037959E-03
9.26743919E-02  7.52113283E-01  4.14907094E-03
9.29653633E-02  7.42533386E-01  4.28247685E-03
9.32563347E-02  7.58879185E-01  4.27619368E-03
9.35473061E-02  7.63906717E-01  4.32436867E-03
9.38382775E-02  7.68495381E-01  4.45152028E-03
9.41292489E-02  7.65059412E-01  4.28569037E-03
9.44202203E-02  7.67509043E-01  4.28810064E-03
9.47111917E-02  7.74339914E-01  4.42248723E-03
9.50021631E-02  7.73904920E-01  4.41994146E-03
9.52931345E-02  7.85666049E-01  4.18754015E-03
9.55841059E-02  7.86814034E-01  4.28713579E-03
9.58750773E-02  7.86509752E-01  4.23861295E-03
9.61660487E-02  8.00672114E-01  4.29641129E-03
9.64570201E-02  8.05346310E-01  4.22482891E-03
9.67479915E-02  8.15584838E-01  4.52280091E-03
9.70389629E-02  8.17268014E-01  4.55906615E-03
9.73299343E-02  8.30527246E-01  4.45813453E-03
9.76209057E-02  8.31339836E-01  4.51257499E-03
9.79118771E-02  8.35566282E-01  4.44961153E-03
9.82028485E-02  8.42048645E-01  4.47036093E-03
9.84938200E-02  8.44169497E-01  4.46110079E-03
9.87847914E-02  8.53321791E-01  4.57374146E-03
9.90757628E-02  8.72647464E-01  4.51269699E-03
9.93667342E-02  8.71135831E-01  4.44647344E-03
9.96577056E-02  8.80211055E-01  4.58265794E-03
9.99486770E-02  8.88128340E-01  4.68469458E-03
1.00239648E-01  9.03417408E-01  4.58124466E-03
1.00530620E-01  9.04000163E-01  4.59511485E-03
1.00821591E-01  9.16782677E-01  4.56607854E-03
1.01112563E-01  9.20181274E-01  4.72285971E-03
1.01403534E-01  9.35664356E-01  4.64709708E-03
1.01694505E-01  9.46424127E-01  4.64975694E-03
1.01985477E-01  9.55114007E-01  4.68299584E-03
1.02276448E-01  9.71319616E-01  4.82120970E-03
1.02567420E-01  9.80765700E-01  4.61219763E-03
1.02858391E-01  9.97336686E-01  4.72327834E-03
1.03149362E-01  1.01666319E+00  4.92226379E-03
1.03440334E-01  1.02390170E+00  4.87828767E-03
1.03731305E-01  1.03444421E+00  4.96794889E-03
1.04022277E-01  1.04665601E+00  4.93710442E-03
1.04313248E-01  1.07050908E+00  5.12481527E-03
1.04604219E-01  1.07553029E+00  5.07521210E-03
1.04895191E-01  1.10205030E+00  5.13682980E-03
1.05186162E-01  1.11079526E+00  4.83697467E-03
1.05477134E-01  1.12753773E+00  5.15424600E-03
1.05768105E-01  1.14869606E+00  5.08958427E-03
1.06059076E-01  1.17497122E+00  5.39631909E-03
1.06350048E-01  1.18509054E+00  5.22407517E-03
1.06641019E-01  1.21782172E+00  5.27489418E-03
1.06931991E-01  1.23398244E+00  5.32181747E-03
1.07222962E-01  1.26193750E+00  5.31595200E-03
1.07513933E-01  1.26917577E+00  5.10678627E-03
1.07804905E-01  1.30277824E+00  5.55740297E-03
1.08095876E-01  1.32269692E+00  5.14694909E-03
1.08386848E-01  1.35192966E+00  5.73365018E-03
1.08677819E-01  1.37949765E+00  5.73863089E-03
1.08968790E-01  1.40783656E+00  5.67924231E-03
1.09259762E-01  1.45193458E+00  5.76062035E-03
1.09550733E-01  1.46756947E+00  5.75143704E-03
1.09841705E-01  1.50533032E+00  5.89115778E-03
1.10132676E-01  1.53081942E+00  6.06144313E-03
1.10423647E-01  1.57531655E+00  5.96392527E-03
1.10714619E-01  1.61856711E+00  6.22081943E-03
1.11005590E-01  1.65249646E+00  6.51404494E-03
1.11296562E-01  1.69434142E+00  6.39783544E-03
1.11587533E-01  1.73687160E+00  6.49572629E-03
1.11878504E-01  1.79312801E+00  6.54393388E-03
1.12169476E-01  1.83198357E+00  6.78320508E-03
1.12460447E-01  1.88021696E+00  6.79586781E-03
1.12751419E-01  1.93529880E+00  7.10985204E-03
1.13042390E-01  2.00329661E+00  7.26843206E-03
1.13333362E-01  2.06206846E+00  7.12946150E-03
1.13624333E-01  2.12873435E+00  7.41861481E-03
1.13915304E-01  2.19737697E+00  7.56049948E-03
1.14206276E-01  2.25322437E+00  7.64626870E-03
1.14497247E-01  2.32238340E+00  7.64904683E-03
1.14788219E-01  2.38835812E+00  8.07016250E-03
1.15079190E-01  2.45601153E+00  7.83055648E-03
1.15370161E-01  2.53240061E+00  7.74574187E-03
1.15661133E-01  2.59684443E+00  8.03959835E-03
1.15952104E-01  2.67870998E+00  8.03260598E-03
1.16243076E-01  2.72884512E+00  8.23267177E-03
1.16534047E-01  2.82046008E+00  8.01471714E-03
1.16825018E-01  2.87017441E+00  8.37831758E-03
1.17115990E-01  2.94183040E+00  8.11646692E-03
1.17406961E-01  2.99480987E+00  8.14116467E-03
1.17697933E-01  3.03987169E+00  8.23380146E-03
1.17988904E-01  3.08678722E+00  8.04493390E-03
1.18279875E-01  3.11287355E+00  8.40291567E-03
1.18570847E-01  3.14830542E+00  8.20277631E-03
1.18861818E-01  3.14741659E+00  8.78584478E-03
1.19152790E-01  3.15102887E+00  9.41223465E-03
1.19443761E-01  3.15192938E+00  9.66278091E-03
1.19734732E-01  3.11913061E+00  1.03973337E-02
1.20025704E-01  3.07386708E+00  1.08508598E-02
1.20316675E-01  3.02035165E+00  1.10518886E-02
1.20607647E-01  2.97291827E+00  1.19493799E-02
1.20898618E-01  2.91194344E+00  1.19801126E-02
1.21189589E-01  2.82582211E+00  1.27944574E-02
1.21480561E-01  2.77237654E+00  1.33269485E-02
1.21771532E-01  2.69035244E+00  1.32396016E-02
1.22062504E-01  2.57815981E+00  1.31815393E-02
1.22353475E-01  2.51242113E+00  1.30734481E-02
1.22644446E-01  2.40581918E+00  1.31323626E-02
1.22935418E-01  2.31366515E+00  1.30588366E-02
1.23226389E-01  2.22493458E+00  1.28678987E-02
1.23517361E-01  2.12728310E+00  1.24782780E-02
1.23808332E-01  2.02816653E+00  1.20961741E-02
1.24099303E-01  1.95391715E+00  1.18348850E-02
1.24390275E-01  1.87742257E+00  1.08383177E-02
1.24681246E-01  1.79973495E+00  1.06863528E-02
1.24972218E-01  1.72441518E+00  9.94750299E-03
1.25263189E-01  1.66513968E+00  9.50453710E-03
1.25554160E-01  1.59641635E+00  9.13111400E-03
1.25845132E-01  1.55207169E+00  8.69113952E-03
1.26136103E-01  1.48076749E+00  8.27434473E-03
1.26427075E-01  1.43894434E+00  8.11651908E-03
1.26718046E-01  1.39740670E+00  7.52502540E-03
1.27009017E-01  1.35715890E+00  7.33934389E-03
1.27299989E-01  1.32227802E+00  6.78005209E-03
1.27590960E-01  1.30394280E+00  6.80504832E-03
1.27881932E-01  1.26118243E+00  6.21276675E-03
1.28172903E-01  1.24416077E+00  6.13964861E-03
1.28463874E-01  1.22295332E+00  5.82038052E-03
1.28754846E-01  1.20641541E+00  5.72164683E-03
1.29045817E-01  1.18960047E+00  5.58634242E-03
1.29336789E-01  1.17742562E+00  5.45400288E-03
1.29627760E-01  1.17446899E+00  5.64205367E-03
1.29918731E-01  1.16223371E+00  5.39228693E-03
1.30209703E-01  1.16909039E+00  5.33690024E-03
1.30500674E-01  1.15947378E+00  5.33332909E-03
1.30791646E-01  1.15981102E+00  5.33176120E-03
1.31082617E-01  1.15999210E+00  5.21836895E-03
1.31373589E-01  1.16049170E+00  5.01652574E-03
1.31664560E-01  1.16112483E+00  4.97410167E-03
1.31955531E-01  1.16630173E+00  5.08763921E-03
1.32246503E-01  1.17467666E+00  5.04068378E-03
1.32537474E-01  1.19425249E+00  5.23490459E-03
1.32828446E-01  1.19518292E+00  5.02758659E-03
1.33119417E-01  1.20951343E+00  5.07648056E-03
1.33410388E-01  1.20945692E+00  5.11676352E-03
1.33701360E-01  1.24000883E+00  5.23060048E-03
1.33992331E-01  1.24161887E+00  5.16968826E-03
1.34283303E-01  1.25605667E+00  5.09872334E-03
1.34574274E-01  1.26534677E+00  5.12749469E-03
1.34865245E-01  1.28199041E+00  4.94895224E-03
1.35156217E-01  1.29616177E+00  5.10588195E-03
1.35447188E-01  1.29936719E+00  5.20221936E-03
1.35738160E-01  1.30885577E+00  5.14461566E-03
1.36029131E-01  1.32957411E+00  5.10266423E-03
1.36320102E-01  1.32131720E+00  5.38423751E-03
1.36611074E-01  1.33258080E+00  5.23002679E-03
1.36902045E-01  1.33251929E+00  5.31187607E-03
1.37193017E-01  1.33435082E+00  5.23217116E-03
1.37483988E-01  1.33800960E+00  5.23399841E-03
1.37774959E-01  1.33159196E+00  5.34521043E-03
1.38065931E-01  1.32770121E+00  5.46025299E-03
1.38356902E-01  1.32557464E+00  5.43477666E-03
1.38647874E-01  1.31718457E+00  5.57240983E-03
1.38938845E-01  1.30401826E+00  5.56561258E-03
1.39229816E-01  1.28912270E+00  5.62261092E-03
1.39520788E-01  1.27895558E+00  5.45846438E-03
1.39811759E-01  1.25294530E+00  5.51967416E-03
1.40102731E-01  1.23335016E+00  5.63510181E-03
1.40393702E-01  1.22475040E+00  5.70941810E-03
1.40684673E-01  1.18635929E+00  5.57694305E-03
1.40975645E-01  1.17530072E+00  5.81085309E-03
1.41266616E-01  1.15079701E+00  5.48706809E-03
1.41557588E-01  1.13283873E+00  5.46832429E-03
1.41848559E-01  1.10992074E+00  5.31093264E-03
1.42139530E-01  1.08725548E+00  5.28748846E-03
1.42430502E-01  1.04783571E+00  5.31913340E-03
1.42721473E-01  1.02629066E+00  5.07746730E-03
1.43012445E-01  1.00097680E+00  4.95498721E-03
1.43303416E-01  9.75098908E-01  4.87419683E-03
1.43594387E-01  9.52402949E-01  4.83284472E-03
1.43885359E-01  9.39365804E-01  4.86067077E-03
1.44176330E-01  9.17629480E-01  4.64741141E-03
1.44467302E-01  9.00903404E-01  4.51313099E-03
1.44758273E-01  8.76167357E-01  4.41128807E-03
1.45049244E-01  8.57849598E-01  4.32052743E-03
1.45340216E-01  8.47720981E-01  4.42594150E-03
1.45631187E-01  8.29091370E-01  4.25448315E-03
1.45922159E-01  8.18303704E-01  4.21002274E-03
1.46213130E-01  7.89578974E-01  4.14861413E-03
1.46504101E-01  7.83624768E-01  4.03906312E-03
1.46795073E-01  7.68464804E-01  3.94654460E-03
1.47086044E-01  7.57170141E-01  3.77940224E-03
1.47377016E-01  7.50021040E-01  3.78383626E-03
1.47667987E-01  7.41176724E-01  3.88644612E-03
1.47958958E-01  7.31245816E-01  3.81833198E-03
1.48249930E-01  7.19892561E-01  3.61342845E-03
1.48540901E-01  7.15379357E-01  3.71441199E-03
1.48831873E-01  7.07856476E-01  3.69244674E-03
1.49122844E-01  6.98049724E-01  3.55114951E-03
1.49413815E-01  6.84642375E-01  3.59954755E-03
1.49704787E-01  6.81727290E-01  3.62747186E-03
1.49995758E-01  6.72709823E-01  3.40181496E-03
1.50286730E-01  6.70420527E-01  3.45164863E-03
1.50577701E-01  6.62095487E-01  3.48770269E-03
1.50868673E-01  6.56233907E-01  3.46246152E-03
1.51159644E-01  6.58378720E-01  3.47158336E-03
1.51450615E-01  6.50908172E-01  3.37834796E-03
1.51741587E-01  6.47667706E-01  3.39694018E-03
1.52032558E-01  6.42464757E-01  3.33499396E-03
1.52323530E-01  6.40262246E-01  3.39332968E-03
1.52614501E-01  6.35725498E-01  3.37147806E-03
1.52905472E-01  6.31671488E-01  3.42812436E-03
1.53196444E-01  6.31203413E-01  3.29794921E-03
1.53487415E-01  6.30578458E-01  3.40099935E-03
1.53778387E-01  6.29717052E-01  3.31944274E-03
1.54069358E-01  6.18566573E-01  3.31454491E-03
1.54360329E-01  6.19889379E-01  3.27043724E-03
1.54651301E-01  6.10202610E-01  3.22573702E-03
1.54942272E-01  6.15919352E-01  3.25456518E-03
1.55233244E-01  6.13134027E-01  3.35117709E-03
1.55524215E-01  6.13698125E-01  3.18876142E-03
1.55815186E-01  6.09032094E-01  3.07405367E-03
1.56106158E-01  6.11835659E-01  3.16332560E-03
1.56397129E-01  6.09759927E-01  3.18445917E-03
1.56688101E-01  6.02716148E-01  3.17267794E-03
1.56979072E-01  6.03494823E-01  3.13940761E-03
1.57270043E-01  6.02617621E-01  3.17746773E-03
1.57561015E-01  6.04664087E-01  3.24921706E-03
1.57851986E-01  6.02907956E-01  3.10885464E-03
1.58142958E-01  6.01540089E-01  3.21430061E-03
1.58433929E-01  5.91255546E-01  3.05512734E-03
1.58724900E-01  5.97282290E-01  3.13106086E-03
1.59015872E-01  5.93581855E-01  3.20712849E-03
1.59306843E-01  5.91127217E-01  3.16675496E-03
1.59597815E-01  5.94378471E-01  3.12756305E-03
1.59888786E-01  5.88320911E-01  3.15762381E-03
1.60179757E-01  5.89692175E-01  3.04161315E-03
1.60470729E-01  5.90280831E-01  3.06300865E-03
1.60761700E-01  5.88786185E-01  3.07728257E-03
1.61052672E-01  5.88953555E-01  3.05109983E-03
1.61343643E-01  5.87503850E-01  3.05032264E-03
1.61634614E-01  5.90867996E-01  3.17635224E-03
1.61925586E-01  5.87878764E-01  3.08009610E-03
1.62216557E-01  5.88872373E-01  3.03245476E-03
1.62507529E-01  5.86133718E-01  3.11369076E-03
1.62798500E-01  5.89832306E-01  3.09752999E-03
1.63089471E-01  5.82599282E-01  3.06621287E-03
1.63380443E-01  5.83150744E-01  3.04938504E-03
1.63671414E-01  5.93582869E-01  3.11133359E-03
1.63962386E-01  5.89325249E-01  2.99922423E-03
1.64253357E-01  5.92703640E-01  3.01193865E-03
1.64544328E-01  5.90573013E-01  3.10260430E-03
1.64835300E-01  5.94455242E-01  3.05713923E-03
1.65126271E-01  5.88395000E-01  3.15978401E-03
1.65417243E-01  5.89607775E-01  2.96986871E-03
1.65708214E-01  5.92915058E-01  3.08610732E-03
1.65999185E-01  5.89321911E-01  3.04630655E-03
1.66290157E-01  5.93144238E-01  3.03439493E-03
1.66581128E-01  5.92816710E-01  3.05751781E-03
1.66872100E-01  5.96531451E-01  3.06326337E-03
1.67163071E-01  6.00193441E-01  3.03349667E-03
1.67454042E-01  5.98426759E-01  2.94590299E-03
1.67745014E-01  6.01718962E-01  2.92592589E-03
1.68035985E-01  5.99750817E-01  3.03621171E-03
1.68326957E-01  6.01163447E-01  3.05526867E-03
1.68617928E-01  6.02543116E-01  3.03318794E-03
1.68908900E-01  6.09723389E-01  3.05002695E-03
1.69199871E-01  6.09078586E-01  2.99870479E-03
1.69490842E-01  6.04542017E-01  3.10984347E-03
1.69781814E-01  6.08568728E-01  2.99542886E-03
1.70072785E-01  6.17752850E-01  3.00971023E-03
1.70363757E-01  6.18614495E-01  3.14623909E-03
1.70654728E-01  6.23868167E-01  3.10396403E-03
1.70945699E-01  6.24422252E-01  3.10392398E-03
1.71236671E-01  6.19793773E-01  3.04769538E-03
1.71527642E-01  6.31143332E-01  3.11156851E-03
1.71818614E-01  6.29533470E-01  3.00740590E-03
1.72109585E-01  6.25774741E-01  3.12621030E-03
1.72400556E-01  6.36043787E-01  3.00340168E-03
1.72691528E-01  6.44492328E-01  3.08396202E-03
1.72982499E-01  6.44149840E-01  3.27555672E-03
1.73273471E-01  6.41014814E-01  3.06434650E-03
1.73564442E-01  6.48093462E-01  3.13390954E-03
1.73855413E-01  6.54677927E-01  3.06253461E-03
1.74146385E-01  6.52262568E-01  3.11574689E-03
1.74437356E-01  6.59310997E-01  3.12519143E-03
1.74728328E-01  6.59356594E-01  3.04161641E-03
1.75019299E-01  6.66866362E-01  3.10387835E-03
1.75310270E-01  6.70041978E-01  3.13348812E-03
1.75601242E-01  6.74888074E-01  3.17880861E-03
1.75892213E-01  6.74161375E-01  3.14584444E-03
1.76183185E-01  6.84667110E-01  3.10656475E-03
1.76474156E-01  6.86211050E-01  3.15697957E-03
1.76765127E-01  6.90600753E-01  3.12656746E-03
1.77056099E-01  6.89661801E-01  3.15978308E-03
1.77347070E-01  7.02005446E-01  3.10921832E-03
1.77638042E-01  7.06975460E-01  3.14526400E-03
1.77929013E-01  7.10489869E-01  3.18592344E-03
1.78219984E-01  7.10464776E-01  3.25786485E-03
1.78510956E-01  7.05301106E-01  3.16946139E-03
1.78801927E-01  7.03009427E-01  3.15101072E-03
1.79092899E-01  7.08231568E-01  3.25424736E-03
1.79383870E-01  7.13272691E-01  3.20203300E-03
1.79674841E-01  7.19850957E-01  3.14109726E-03
1.79965813E-01  7.20754206E-01  3.15769948E-03
1.80256784E-01  7.13297606E-01  3.28511582E-03
1.80547756E-01  7.02029943E-01  3.12039349E-03
1.80838727E-01  7.09981322E-01  3.11648892E-03
1.81129698E-01  7.02397823E-01  3.15908715E-03
1.81420670E-01  6.97422862E-01  3.15242889E-03
1.81711641E-01  6.97848797E-01  3.13266739E-03
1.82002613E-01  6.91515625E-01  3.24449898E-03
1.82293584E-01  6.88293278E-01  3.22644669E-03
1.82584555E-01  6.80678427E-01  3.20230331E-03
1.82875527E-01  6.75643623E-01  3.31045175E-03
1.83166498E-01  6.68614924E-01  3.27463285E-03
1.83457470E-01  6.62496924E-01  3.24228639E-03
1.83748441E-01  6.51209116E-01  3.11380788E-03
1.84039412E-01  6.45455062E-01  3.13500711E-03
1.84330384E-01  6.37170494E-01  3.16824624E-03
1.84621355E-01  6.24539673E-01  3.09292693E-03
1.84912327E-01  6.11127973E-01  3.04651516E-03
1.85203298E-01  6.13322020E-01  2.98704044E-03
1.85494269E-01  5.98318934E-01  3.07931937E-03
1.85785241E-01  5.91276705E-01  2.99686496E-03
1.86076212E-01  5.79451501E-01  2.96739512E-03
1.86367184E-01  5.68376660E-01  2.94126151E-03
1.86658155E-01  5.58757782E-01  2.93876533E-03
1.86949126E-01  5.52711844E-01  3.05558951E-03
1.87240098E-01  5.40441990E-01  2.90148309E-03
1.87531069E-01  5.30121028E-01  2.82428833E-03
1.87822041E-01  5.20240724E-01  2.88519100E-03
1.88113012E-01  5.08142889E-01  2.71739182E-03
1.88403984E-01  4.92922664E-01  2.72027706E-03
1.88694955E-01  4.89446282E-01  2.69598141E-03
1.88985926E-01  4.78409797E-01  2.69303308E-03
1.89276898E-01  4.65608925E-01  2.66520958E-03
1.89567869E-01  4.55077052E-01  2.65680929E-03
1.89858841E-01  4.52140927E-01  2.58574774E-03
1.90149812E-01  4.40070778E-01  2.60764104E-03
1.90440783E-01  4.37301546E-01  2.43017077E-03
1.90731755E-01  4.26114738E-01  2.54161633E-03
1.91022726E-01  4.18681532E-01  2.40793196E-03
1.91313698E-01  4.15746957E-01  2.45300727E-03
1.91604669E-01  4.09142256E-01  2.38758861E-03
1.91895640E-01  4.00408417E-01  2.38647684E-03
1.92186612E-01  3.98563057E-01  2.40879436E-03
1.92477583E-01  3.92176896E-01  2.33622850E-03
1.92768555E-01  3.92126530E-01  2.41964823E-03
1.93059526E-01  3.84411007E-01  2.31070584E-03
1.93350497E-01  3.76576930E-01  2.27489229E-03
1.93641469E-01  3.71752083E-01  2.24568858E-03
1.93932440E-01  3.68413061E-01  2.24363338E-03
1.94223412E-01  3.62343252E-01  2.27150926E-03
1.94514383E-01  3.58773649E-01  2.24402710E-03
1.94805354E-01  3.58235449E-01  2.22968752E-03
1.95096326E-01  3.55086118E-01  2.21702456E-03
1.95387297E-01  3.49115252E-01  2.23033689E-03
1.95678269E-01  3.43084693E-01  2.13164533E-03
1.95969240E-01  3.44755113E-01  2.10488401E-03
1.96260211E-01  3.45944226E-01  2.21533561E-03
1.96551183E-01  3.39340687E-01  2.10603070E-03
1.96842154E-01  3.38188678E-01  2.14832951E-03
1.97133126E-01  3.32201093E-01  2.09811563E-03
1.97424097E-01  3.34831983E-01  2.10603932E-03
1.97715068E-01  3.29436004E-01  2.05960032E-03
1.98006040E-01  3.27652723E-01  2.09422037E-03
1.98297011E-01  3.31261933E-01  2.07530893E-03
1.98587983E-01  3.25761765E-01  2.05587805E-03
1.98878954E-01  3.21932882E-01  2.04552035E-03
1.99169925E-01  3.23023528E-01  2.04898696E-03
1.99460897E-01  3.26357067E-01  2.06029345E-03
1.99751868E-01  3.24272782E-01  2.03119311E-03
2.00042840E-01  3.17732304E-01  2.03189370E-03
2.00333811E-01  3.21366459E-01  2.03772960E-03
2.00624782E-01  3.18046898E-01  2.00732844E-03
2.00915754E-01  3.16489607E-01  2.03347416E-03
2.01206725E-01  3.20074886E-01  2.01343838E-03
2.01497697E-01  3.15073699E-01  2.03673402E-03
2.01788668E-01  3.16280723E-01  2.04823958E-03
2.02079639E-01  3.14203620E-01  2.01070076E-03
2.02370611E-01  3.15531135E-01  2.01995228E-03
2.02661582E-01  3.14659357E-01  1.96830183E-03
2.02952554E-01  3.16738963E-01  1.98018644E-03
2.03243525E-01  3.11323702E-01  1.94424845E-03
2.03534496E-01  3.11719477E-01  2.02132575E-03
2.03825468E-01  3.12657565E-01  1.95363560E-03
2.04116439E-01  3.11758786E-01  1.98723865E-03
2.04407411E-01  3.09539288E-01  2.00753147E-03
2.04698382E-01  3.08732390E-01  1.97312632E-03
2.04989353E-01  3.03230554E-01  1.94489385E-03
2.05280325E-01  3.05589765E-01  1.91968493E-03
2.05571296E-01  3.04809391E-01  1.91474566E-03
2.05862268E-01  2.99032539E-01  1.90348714E-03
2.06153239E-01  3.01375806E-01  1.95096957E-03
2.06444211E-01  3.00038248E-01  1.91852497E-03
2.06735182E-01  2.96676219E-01  1.88877922E-03
2.07026153E-01  2.93700963E-01  1.92425726E-03
2.07317125E-01  2.95041561E-01  1.85378734E-03
2.07608096E-01  2.91486442E-01  1.89412292E-03
2.07899068E-01  2.90300936E-01  1.91290525E-03
2.08190039E-01  2.91003466E-01  1.87014032E-03
2.08481010E-01  2.85042912E-01  1.92723307E-03
2.08771982E-01  2.85741895E-01  1.88044691E-03
2.09062953E-01  2.81938761E-01  1.91547151E-03
2.09353925E-01  2.81640202E-01  1.90321123E-03
2.09644896E-01  2.76743114E-01  1.86613714E-03
2.09935867E-01  2.77528882E-01  1.86175678E-03
2.10226839E-01  2.73566127E-01  1.80522632E-03
2.10517810E-01  2.67340630E-01  1.89255667E-03
2.10808782E-01  2.68021524E-01  1.81035686E-03
2.11099753E-01  2.69598365E-01  1.84850744E-03
2.11390724E-01  2.65744597E-01  1.78675866E-03
2.11681696E-01  2.61919886E-01  1.78097689E-03
2.11972667E-01  2.60407716E-01  1.81219005E-03
2.12263639E-01  2.57490218E-01  1.78227201E-03
2.12554610E-01  2.54780740E-01  1.77481142E-03
2.12845581E-01  2.48675868E-01  1.76169095E-03
2.13136553E-01  2.46815503E-01  1.77054608E-03
2.13427524E-01  2.45203063E-01  1.77568279E-03
2.13718496E-01  2.43934661E-01  1.68376055E-03
2.14009467E-01  2.38680169E-01  1.72272930E-03
2.14300438E-01  2.40694895E-01  1.73080503E-03
2.14591410E-01  2.34524295E-01  1.69775961E-03
2.14882381E-01  2.31554255E-01  1.66378403E-03
2.15173353E-01  2.27503553E-01  1.63685565E-03
2.15464324E-01  2.29757950E-01  1.69009774E-03
2.15755295E-01  2.24566698E-01  1.62890111E-03
2.16046267E-01  2.21834064E-01  1.64613524E-03
2.16337238E-01  2.22955421E-01  1.68944523E-03
2.16628210E-01  2.18248829E-01  1.58306281E-03
2.16919181E-01  2.17015371E-01  1.64493604E-03
2.17210152E-01  2.13722408E-01  1.55949534E-03
2.17501124E-01  2.12748423E-01  1.59419433E-03
2.17792095E-01  2.10497826E-01  1.54754485E-03
2.18083067E-01  2.07368955E-01  1.54285121E-03
2.18374038E-01  2.06074968E-01  1.56060187E-03
2.18665009E-01  2.01981366E-01  1.55156257E-03
2.18955981E-01  2.03183100E-01  1.52556505E-03
2.19246952E-01  2.00878084E-01  1.47196185E-03
2.19537924E-01  1.98536381E-01  1.49206445E-03
2.19828895E-01  2.00848162E-01  1.50253891E-03
2.20119866E-01  1.99949190E-01  1.52914238E-03
2.20410838E-01  1.95721060E-01  1.49511709E-03
2.20701809E-01  1.93995818E-01  1.49047771E-03
2.20992781E-01  1.92533270E-01  1.48836966E-03
2.21283752E-01  1.89818293E-01  1.48414948E-03
2.21574723E-01  1.89378321E-01  1.42577500E-03
2.21865695E-01  1.87213719E-01  1.46908441E-03
2.22156666E-01  1.87649161E-01  1.44992769E-03
2.22447638E-01  1.89281449E-01  1.45219895E-03
2.22738609E-01  1.84637472E-01  1.42061315E-03
2.23029580E-01  1.81801423E-01  1.45036716E-03
2.23320552E-01  1.82281688E-01  1.44652429E-03
2.23611523E-01  1.81401223E-01  1.41670415E-03
2.23902495E-01  1.80912286E-01  1.42093305E-03
2.24193466E-01  1.78477123E-01  1.39542448E-03
2.24484437E-01  1.73649177E-01  1.44216395E-03
2.24775409E-01  1.75522313E-01  1.41848624E-03
2.25066380E-01  1.73815727E-01  1.39961357E-03
2.25357352E-01  1.73238292E-01  1.40709127E-03
2.25648323E-01  1.71480313E-01  1.34257320E-03
2.25939295E-01  1.71796501E-01  1.38094719E-03
2.26230266E-01  1.70228347E-01  1.36337802E-03
2.26521237E-01  1.72090560E-01  1.36010617E-03
2.26812209E-01  1.69949859E-01  1.39169826E-03
2.27103180E-01  1.70025542E-01  1.36187021E-03
2.27394152E-01  1.67382404E-01  1.33831310E-03
2.27685123E-01  1.68847919E-01  1.36278989E-03
2.27976094E-01  1.65068939E-01  1.33740972E-03
2.28267066E-01  1.64489478E-01  1.35418365E-03
2.28558037E-01  1.62003294E-01  1.29000179E-03
2.28849009E-01  1.63014367E-01  1.36267045E-03
2.29139980E-01  1.62861198E-01  1.30825955E-03
2.29430951E-01  1.61943510E-01  1.32023206E-03
2.29721923E-01  1.59832805E-01  1.32433593E-03
2.30012894E-01  1.57738000E-01  1.29659579E-03
2.30303866E-01  1.59210727E-01  1.30888436E-03
2.30594837E-01  1.58230513E-01  1.28415122E-03
2.30885808E-01  1.56940058E-01  1.31055096E-03
2.31176780E-01  1.58667490E-01  1.34117273E-03
2.31467751E-01  1.57730922E-01  1.31564809E-03
2.31758723E-01  1.55899510E-01  1.32476038E-03
2.32049694E-01  1.54287919E-01  1.31128402E-03
2.32340665E-01  1.54224664E-01  1.27111294E-03
2.32631637E-01  1.54462993E-01  1.28620153E-03
2.32922608E-01  1.53089717E-01  1.28678232E-03
2.33213580E-01  1.54554248E-01  1.28334819E-03
2.33504551E-01  1.53525501E-01  1.28026400E-03
2.33795522E-01  1.51559427E-01  1.30428607E-03
2.34086494E-01  1.51576877E-01  1.26462302E-03
2.34377465E-01  1.49342567E-01  1.27051293E-03
2.34668437E-01  1.50208190E-01  1.30684918E-03
2.34959408E-01  1.48607090E-01  1.27612706E-03
2.35250379E-01  1.46173507E-01  1.24571566E-03
2.35541351E-01  1.45455107E-01  1.21683336E-03
2.35832322E-01  1.47977158E-01  1.27173658E-03
2.36123294E-01  1.47578195E-01  1.23924029E-03
2.36414265E-01  1.45152971E-01  1.22120092E-03
2.36705236E-01  1.42673507E-01  1.21383124E-03
2.36996208E-01  1.44627094E-01  1.21196697E-03
2.37287179E-01  1.45469382E-01  1.21999602E-03
2.37578151E-01  1.45477131E-01  1.26235688E-03
2.37869122E-01  1.43316194E-01  1.21828471E-03
2.38160093E-01  1.42121151E-01  1.20154209E-03
2.38451065E-01  1.41888499E-01  1.22338580E-03
2.38742036E-01  1.40806839E-01  1.22811121E-03
2.39033008E-01  1.42542049E-01  1.20107632E-03
2.39323979E-01  1.39364287E-01  1.20473502E-03
2.39614950E-01  1.39459342E-01  1.21763430E-03
2.39905922E-01  1.38474479E-01  1.17414549E-03
2.40196893E-01  1.36790097E-01  1.20365748E-03
2.40487865E-01  1.39033079E-01  1.17641850E-03
2.40778836E-01  1.37966231E-01  1.20809791E-03
2.41069807E-01  1.35470018E-01  1.21779379E-03
2.41360779E-01  1.36921138E-01  1.19950715E-03
2.41651750E-01  1.36986762E-01  1.20975636E-03
2.41942722E-01  1.35858074E-01  1.19889225E-03
2.42233693E-01  1.36449844E-01  1.17794296E-03
2.42524664E-01  1.36992082E-01  1.20115816E-03
2.42815636E-01  1.34970576E-01  1.19987351E-03
2.43106607E-01  1.34619191E-01  1.17009284E-03
2.43397579E-01  1.33954599E-01  1.17717637E-03
2.43688550E-01  1.33753061E-01  1.18136790E-03
2.43979522E-01  1.33599177E-01  1.15184626E-03
2.44270493E-01  1.32370248E-01  1.14027795E-03
2.44561464E-01  1.33791715E-01  1.18028303E-03
2.44852436E-01  1.31167248E-01  1.16266299E-03
2.45143407E-01  1.31706148E-01  1.19085109E-03
2.45434379E-01  1.29937917E-01  1.16529502E-03
2.45725350E-01  1.31800905E-01  1.16850960E-03
2.46016321E-01  1.32949859E-01  1.16853835E-03
2.46307293E-01  1.30045012E-01  1.14450045E-03
2.46598264E-01  1.31544575E-01  1.16836827E-03
2.46889236E-01  1.29726395E-01  1.16462528E-03
2.47180207E-01  1.30799055E-01  1.17577845E-03
2.47471178E-01  1.29858389E-01  1.15327362E-03
2.47762150E-01  1.28082305E-01  1.13283494E-03
2.48053121E-01  1.28746361E-01  1.12895539E-03
2.48344093E-01  1.25273362E-01  1.13193120E-03
2.48635064E-01  1.28145918E-01  1.17836648E-03
2.48926035E-01  1.27638876E-01  1.16259453E-03
2.49217007E-01  1.26389638E-01  1.13082991E-03
2.49507978E-01  1.27809748E-01  1.14636181E-03
2.49798950E-01  1.26083612E-01  1.13950833E-03
2.50089921E-01  1.25174582E-01  1.15343381E-03
2.50380892E-01  1.24239348E-01  1.11757312E-03
2.50671864E-01  1.24881245E-01  1.15794537E-03
2.50962835E-01  1.23958468E-01  1.13263982E-03
2.51253807E-01  1.23770595E-01  1.12117513E-03
2.51544778E-01  1.23752132E-01  1.13651471E-03
2.51835749E-01  1.24136850E-01  1.12383638E-03
2.52126721E-01  1.22479722E-01  1.12244708E-03
2.52417692E-01  1.23387896E-01  1.13653764E-03
2.52708664E-01  1.23764656E-01  1.10944908E-03
2.52999635E-01  1.21941701E-01  1.12574035E-03
2.53290606E-01  1.23875327E-01  1.10526325E-03
2.53581578E-01  1.19556010E-01  1.10527291E-03
2.53872549E-01  1.20136753E-01  1.11161952E-03
2.54163521E-01  1.20186508E-01  1.08447310E-03
2.54454492E-01  1.21621154E-01  1.08864193E-03
2.54745463E-01  1.19194835E-01  1.08264596E-03
2.55036435E-01  1.21834248E-01  1.13224424E-03
2.55327406E-01  1.20040849E-01  1.10259186E-03
2.55618378E-01  1.18768878E-01  1.12391752E-03
2.55909349E-01  1.19388960E-01  1.12886820E-03
2.56200320E-01  1.19997919E-01  1.07957690E-03
2.56491292E-01  1.20516174E-01  1.08369219E-03
2.56782263E-01  1.20212577E-01  1.06486713E-03
2.57073235E-01  1.19048841E-01  1.08436355E-03
2.57364206E-01  1.18250318E-01  1.12223136E-03
2.57655177E-01  1.17506407E-01  1.08370732E-03
2.57946149E-01  1.19475625E-01  1.09061901E-03
2.58237120E-01  1.18913963E-01  1.09132554E-03
2.58528092E-01  1.16871066E-01  1.07498537E-03
2.58819063E-01  1.15687348E-01  1.08388287E-03
2.59110034E-01  1.18359745E-01  1.09460053E-03
2.59401006E-01  1.17121808E-01  1.09642069E-03
2.59691977E-01  1.18357785E-01  1.11363828E-03
2.59982949E-01  1.19362257E-01  1.09242520E-03
2.60273920E-01  1.19376130E-01  1.07996422E-03
2.60564891E-01  1.17301181E-01  1.09078910E-03
2.60855863E-01  1.16693139E-01  1.07109256E-03
2.61146834E-01  1.15651697E-01  1.05777744E-03
2.61437806E-01  1.17112637E-01  1.09590904E-03
2.61728777E-01  1.19982585E-01  1.11427845E-03
2.62019748E-01  1.17909588E-01  1.09375943E-03
2.62310720E-01  1.16788208E-01  1.05243002E-03
2.62601691E-01  1.17317557E-01  1.06976915E-03
2.62892663E-01  1.17824510E-01  1.07177859E-03
2.63183634E-01  1.17970116E-01  1.07194786E-03
2.63474606E-01  1.15956172E-01  1.09245302E-03
2.63765577E-01  1.15921684E-01  1.05034385E-03
2.64056548E-01  1.16490543E-01  1.05379801E-03
2.64347520E-01  1.16991490E-01  1.07878540E-03
2.64638491E-01  1.15121961E-01  1.03836867E-03
2.64929463E-01  1.13438800E-01  1.03724631E-03
2.65220434E-01  1.15693837E-01  1.06808008E-03
2.65511405E-01  1.15311578E-01  1.03300053E-03
2.65802377E-01  1.16090789E-01  1.06047501E-03
2.66093348E-01  1.15445651E-01  1.03872607E-03
2.66384320E-01  1.15758635E-01  1.08367484E-03
2.66675291E-01  1.15246028E-01  1.05488859E-03
2.66966262E-01  1.19664744E-01  1.08147273E-03
2.67257234E-01  1.18297480E-01  1.07331981E-03
2.67548205E-01  1.15240656E-01  1.06364116E-03
2.67839177E-01  1.15973599E-01  1.07081572E-03
2.68130148E-01  1.17506698E-01  1.05050195E-03
2.68421119E-01  1.16735019E-01  1.07943232E-03
2.68712091E-01  1.16774328E-01  1.06029049E-03
2.69003062E-01  1.16172992E-01  1.04532996E-03
2.69294034E-01  1.15744196E-01  1.07199629E-03
2.69585005E-01  1.19532183E-01  1.07732159E-03
2.69875976E-01  1.16995096E-01  1.06865657E-03
2.70166948E-01  1.17884204E-01  1.04994420E-03
2.70457919E-01  1.16304137E-01  1.04955968E-03
2.70748891E-01  1.18185565E-01  1.05461257E-03
2.71039862E-01  1.18168615E-01  1.04884757E-03
2.71330833E-01  1.15784802E-01  1.02923193E-03
2.71621805E-01  1.16825499E-01  1.06697774E-03
2.71912776E-01  1.17076673E-01  1.03135058E-03
2.72203748E-01  1.19121984E-01  1.07648585E-03
2.72494719E-01  1.17747225E-01  1.04999356E-03
2.72785690E-01  1.17891721E-01  1.06868241E-03
2.73076662E-01  1.17930688E-01  1.03926868E-03
2.73367633E-01  1.17229894E-01  1.02688523E-03
2.73658605E-01  1.15409166E-01  1.00491429E-03
2.73949576E-01  1.18609205E-01  1.05769932E-03
2.74240547E-01  1.17747903E-01  1.03807682E-03
2.74531519E-01  1.18490428E-01  1.01246417E-03
2.74822490E-01  1.18264250E-01  1.03944319E-03
2.75113462E-01  1.17848672E-01  1.03696983E-03
2.75404433E-01  1.18582964E-01  1.06154545E-03
2.75695404E-01  1.17768206E-01  1.04255381E-03
2.75986376E-01  1.17804222E-01  1.04858843E-03
2.76277347E-01  1.20450564E-01  1.06546888E-03
2.76568319E-01  1.18315466E-01  1.06515363E-03
2.76859290E-01  1.17261752E-01  1.06982002E-03
2.77150261E-01  1.19539388E-01  1.07573299E-03
2.77441233E-01  1.18226312E-01  1.05062558E-03
2.77732204E-01  1.16961382E-01  1.07610237E-03
2.78023176E-01  1.16902336E-01  1.04290782E-03
2.78314147E-01  1.15239941E-01  1.04300736E-03
2.78605118E-01  1.17248021E-01  1.05180673E-03
2.78896090E-01  1.17775761E-01  1.02844276E-03
2.79187061E-01  1.14988916E-01  1.02802052E-03
2.79478033E-01  1.18597597E-01  1.03743828E-03
2.79769004E-01  1.20023742E-01  1.07518747E-03
2.80059975E-01  1.18416496E-01  1.06806832E-03
2.80350947E-01  1.16591096E-01  1.03523198E-03
2.80641918E-01  1.18170217E-01  1.04833290E-03
2.80932890E-01  1.19496167E-01  1.03665260E-03
2.81223861E-01  1.19182259E-01  1.06809789E-03
2.81514833E-01  1.16803691E-01  1.03796273E-03
2.81805804E-01  1.17176577E-01  1.02218729E-03
2.82096775E-01  1.16544731E-01  1.06501952E-03
2.82387747E-01  1.17644757E-01  1.07838877E-03
2.82678718E-01  1.17227904E-01  1.03826472E-03
2.82969690E-01  1.18143030E-01  1.03880116E-03
2.83260661E-01  1.16603710E-01  1.05888024E-03
2.83551632E-01  1.17780559E-01  1.06287678E-03
2.83842604E-01  1.19328588E-01  1.08483643E-03
2.84133575E-01  1.17259547E-01  1.06467819E-03
2.84424547E-01  1.16260573E-01  1.07061188E-03
2.84715518E-01  1.15025386E-01  1.05209998E-03
2.85006489E-01  1.15499578E-01  1.05879316E-03
2.85297461E-01  1.16842255E-01  1.06618402E-03
2.85588432E-01  1.15187511E-01  1.07492495E-03
2.85879404E-01  1.16249509E-01  1.07295834E-03
2.86170375E-01  1.17415808E-01  1.09176093E-03
2.86461346E-01  1.18406922E-01  1.07292272E-03
2.86752318E-01  1.16358183E-01  1.06291100E-03
2.87043289E-01  1.15968511E-01  1.07274728E-03
2.87334261E-01  1.16976038E-01  1.05259439E-03
2.87625232E-01  1.19052820E-01  1.09359529E-03
2.87916203E-01  1.19806357E-01  1.09282951E-03
2.88207175E-01  1.15952812E-01  1.08943717E-03
2.88498146E-01  1.18166521E-01  1.10003923E-03
2.88789118E-01  1.15992136E-01  1.05489639E-03
2.89080089E-01  1.16537459E-01  1.08705240E-03
2.89371060E-01  1.17302455E-01  1.09838787E-03
2.89662032E-01  1.17378525E-01  1.11300708E-03
2.89953003E-01  1.18957281E-01  1.10431248E-03
2.90243975E-01  1.17899202E-01  1.06973306E-03
2.90534946E-01  1.16844207E-01  1.07460981E-03
2.90825917E-01  1.16486371E-01  1.10741740E-03
2.91116889E-01  1.18473597E-01  1.12640939E-03
2.91407860E-01  1.18420027E-01  1.10174238E-03
2.91698832E-01  1.18884400E-01  1.12077664E-03
2.91989803E-01  1.17934570E-01  1.06760568E-03
2.92280774E-01  1.17609575E-01  1.06862269E-03
2.92571746E-01  1.16393276E-01  1.07385893E-03
2.92862717E-01  1.16700850E-01  1.04832253E-03
2.93153689E-01  1.16440147E-01  1.03115721E-03
2.93444660E-01  1.16708264E-01  1.08336634E-03
2.93735631E-01  1.18015960E-01  1.08370511E-03
2.94026603E-01  1.17409877E-01  1.09087117E-03
2.94317574E-01  1.17454253E-01  1.08851993E-03
2.94608546E-01  1.18763283E-01  1.07142294E-03
2.94899517E-01  1.19690306E-01  1.10870472E-03
2.95190488E-01  1.19868033E-01  1.10343727E-03
2.95481460E-01  1.18436500E-01  1.12148304E-03
2.95772431E-01  1.19066298E-01  1.10037089E-03
2.96063403E-01  1.18543290E-01  1.09074684E-03
2.96354374E-01  1.17423274E-01  1.08039845E-03
2.96645345E-01  1.18746951E-01  1.09933980E-03
2.96936317E-01  1.19815990E-01  1.09734351E-03
2.97227288E-01  1.19732007E-01  1.08963239E-03
2.97518260E-01  1.17223166E-01  1.08069624E-03
2.97809231E-01  1.18903689E-01  1.08998735E-03
2.98100202E-01  1.19287282E-01  1.09167700E-03
2.98391174E-01  1.19338170E-01  1.09662267E-03
2.98682145E-01  1.17572583E-01  1.08258484E-03
2.98973117E-01  1.20454267E-01  1.09366293E-03
2.99264088E-01  1.18446708E-01  1.04279420E-03
2.99555059E-01  1.18452869E-01  1.11319672E-03
2.99846031E-01  1.19711407E-01  1.09010714E-03
3.00137002E-01  1.19975254E-01  1.09153439E-03
3.00427974E-01  1.20926276E-01  1.11404795E-03
3.00718945E-01  1.19159311E-01  1.13559328E-03
3.01009917E-01  1.19012654E-01  1.12224778E-03
3.01300888E-01  1.18003421E-01  1.07504206E-03
3.01591859E-01  1.18137337E-01  1.09227619E-03
3.01882831E-01  1.19216770E-01  1.11206388E-03
3.02173802E-01  1.18222982E-01  1.07569899E-03
3.02464774E-01  1.17908575E-01  1.09683606E-03
3.02755745E-01  1.20763585E-01  1.10897073E-03
3.03046716E-01  1.21472292E-01  1.10516965E-03
3.03337688E-01  1.21060535E-01  1.09907251E-03
3.03628659E-01  1.22631051E-01  1.10003876E-03
3.03919631E-01  1.20805725E-01  1.12155406E-03
3.04210602E-01  1.20712459E-01  1.11674995E-03
3.04501573E-01  1.19171672E-01  1.10374193E-03
3.04792545E-01  1.20727204E-01  1.10390934E-03
3.05083516E-01  1.19830199E-01  1.08447624E-03
3.05374488E-01  1.19617745E-01  1.10185740E-03
3.05665459E-01  1.19680129E-01  1.07486022E-03
3.05956430E-01  1.20098710E-01  1.08985254E-03
3.06247402E-01  1.19474910E-01  1.07587827E-03
3.06538373E-01  1.18029788E-01  1.09320774E-03
3.06829345E-01  1.17007785E-01  1.12822209E-03
3.07120316E-01  1.19615376E-01  1.05658849E-03
3.07411287E-01  1.19589567E-01  1.07547082E-03
3.07702259E-01  1.19195692E-01  1.10155588E-03
3.07993230E-01  1.18618883E-01  1.08136307E-03
3.08284202E-01  1.20151505E-01  1.10989390E-03
3.08575173E-01  1.19129248E-01  1.10146671E-03
3.08866144E-01  1.17962681E-01  1.08015386E-03
3.09157116E-01  1.18076362E-01  1.08429731E-03
3.09448087E-01  1.19014673E-01  1.09822000E-03
3.09739059E-01  1.19261362E-01  1.10830215E-03
3.10030030E-01  1.18826792E-01  1.11682003E-03
3.10321001E-01  1.17293999E-01  1.08695508E-03
3.10611973E-01  1.18425287E-01  1.07746979E-03
3.10902944E-01  1.17047168E-01  1.10534648E-03
3.11193916E-01  1.18718877E-01  1.12062006E-03
3.11484887E-01  1.17358975E-01  1.13108556E-03
3.11775858E-01  1.18634760E-01  1.09405851E-03
3.12066830E-01  1.18159153E-01  1.09174254E-03
3.12357801E-01  1.19196132E-01  1.12206722E-03
3.12648773E-01  1.17205538E-01  1.12885307E-03
3.12939744E-01  1.17727697E-01  1.10434461E-03
3.13230715E-01  1.20119430E-01  1.12925959E-03
3.13521687E-01  1.17182471E-01  1.13292516E-03
3.13812658E-01  1.18166126E-01  1.15275197E-03
3.14103630E-01  1.18351251E-01  1.13235076E-03
3.14394601E-01  1.17318563E-01  1.10299827E-03
3.14685572E-01  1.16628379E-01  1.11747964E-03
3.14976544E-01  1.18568137E-01  1.14243419E-03
3.15267515E-01  1.16003729E-01  1.15112192E-03
3.15558487E-01  1.15811624E-01  1.12671580E-03
3.15849458E-01  1.17590688E-01  1.14395388E-03
3.16140429E-01  1.18457973E-01  1.13491376E-03
3.16431401E-01  1.16174199E-01  1.14524318E-03
3.16722372E-01  1.16233431E-01  1.15969381E-03
3.17013344E-01  1.18662998E-01  1.13111478E-03
3.17304315E-01  1.18211269E-01  1.15326047E-03
3.17595286E-01  1.17104016E-01  1.18368410E-03
3.17886258E-01  1.15446985E-01  1.10568909E-03
3.18177229E-01  1.15823254E-01  1.12142833E-03
3.18468201E-01  1.15917526E-01  1.14522746E-03
3.18759172E-01  1.17429495E-01  1.13491726E-03
3.19050144E-01  1.15854561E-01  1.13349652E-03
3.19341115E-01  1.16918929E-01  1.18121528E-03
3.19632086E-01  1.15897432E-01  1.13943755E-03
3.19923058E-01  1.14981227E-01  1.10811170E-03
3.20214029E-01  1.13581643E-01  1.12346443E-03
3.20505001E-01  1.14862286E-01  1.12111366E-03
3.20795972E-01  1.17006801E-01  1.15060213E-03
3.21086943E-01  1.15383141E-01  1.12581602E-03
3.21377915E-01  1.14269115E-01  1.14712026E-03
3.21668886E-01  1.18372381E-01  1.12570182E-03
3.21959858E-01  1.17387705E-01  1.14748883E-03
3.22250829E-01  1.16262577E-01  1.17632176E-03
3.22541800E-01  1.14452146E-01  1.12546852E-03
3.22832772E-01  1.15964897E-01  1.13860844E-03
3.23123743E-01  1.13553248E-01  1.16389408E-03
3.23414715E-01  1.14843525E-01  1.11885928E-03
3.23705686E-01  1.15582868E-01  1.14635378E-03
3.23996657E-01  1.14795387E-01  1.16755452E-03
3.24287629E-01  1.16850808E-01  1.15308049E-03
3.24578600E-01  1.16453424E-01  1.18541217E-03
3.24869572E-01  1.14672348E-01  1.14376773E-03
3.25160543E-01  1.14010617E-01  1.12466572E-03
3.25451514E-01  1.13998741E-01  1.14120496E-03
3.25742486E-01  1.14418827E-01  1.15487468E-03
3.26033457E-01  1.13547452E-01  1.14049530E-03
3.26324429E-01  1.13957599E-01  1.12839160E-03
3.26615400E-01  1.15017980E-01  1.16219837E-03
3.26906371E-01  1.14017472E-01  1.12543639E-03
3.27197343E-01  1.14386790E-01  1.16666034E-03
3.27488314E-01  1.14237927E-01  1.15484558E-03
3.27779286E-01  1.12895623E-01  1.14048109E-03
3.28070257E-01  1.14187762E-01  1.11687637E-03
3.28361228E-01  1.13571152E-01  1.16672611E-03
3.28652200E-01  1.13443561E-01  1.16519793E-03
3.28943171E-01  1.13620475E-01  1.13777479E-03
3.29234143E-01  1.12014078E-01  1.15323451E-03
3.29525114E-01  1.13571137E-01  1.16440328E-03
3.29816085E-01  1.14128247E-01  1.18264463E-03
3.30107057E-01  1.14309840E-01  1.15170213E-03
3.30398028E-01  1.15302809E-01  1.13986898E-03
3.30689000E-01  1.13831803E-01  1.16164389E-03
3.30979971E-01  1.12677611E-01  1.11820654E-03
3.31270942E-01  1.12904496E-01  1.13218534E-03
3.31561914E-01  1.13319941E-01  1.13792263E-03
3.31852885E-01  1.10887527E-01  1.14970491E-03
3.32143857E-01  1.12870306E-01  1.14858523E-03
3.32434828E-01  1.12881519E-01  1.13023538E-03
3.32725799E-01  1.11814894E-01  1.17170822E-03
3.33016771E-01  1.14087150E-01  1.15047989E-03
3.33307742E-01  1.13971680E-01  1.16237137E-03
3.33598714E-01  1.14599049E-01  1.15702057E-03
3.33889685E-01  1.13483608E-01  1.13309338E-03
3.34180656E-01  1.12553366E-01  1.14768709E-03
3.34471628E-01  1.11078173E-01  1.12978730E-03
3.34762599E-01  1.11864820E-01  1.18163682E-03
3.35053571E-01  1.12309493E-01  1.18217058E-03
3.35344542E-01  1.13947324E-01  1.16638269E-03
3.35635513E-01  1.11575536E-01  1.15277513E-03
3.35926485E-01  1.11366197E-01  1.15100679E-03
3.36217456E-01  1.10395253E-01  1.15136988E-03
3.36508428E-01  1.16104588E-01  1.17080554E-03
3.36799399E-01  1.12009987E-01  1.13505055E-03
3.37090370E-01  1.09094419E-01  1.16673904E-03
3.37381342E-01  1.13846183E-01  1.14912202E-03
3.37672313E-01  1.12075821E-01  1.15184009E-03
3.37963285E-01  1.13745943E-01  1.14609476E-03
3.38254256E-01  1.11994013E-01  1.13911589E-03
3.38545228E-01  1.11238763E-01  1.15306920E-03
3.38836199E-01  1.10518314E-01  1.13253877E-03
3.39127170E-01  1.11865409E-01  1.16100477E-03
3.39418142E-01  1.10597126E-01  1.13340456E-03
3.39709113E-01  1.10904537E-01  1.12098281E-03
3.40000085E-01  1.13225609E-01  1.18529086E-03
3.40291056E-01  1.10846236E-01  1.12755084E-03
3.40582027E-01  1.13793135E-01  1.16686709E-03
3.40872999E-01  1.11888900E-01  1.15892105E-03
3.41163970E-01  1.12170607E-01  1.14381756E-03
3.41454942E-01  1.11056097E-01  1.16955477E-03
3.41745913E-01  1.10031590E-01  1.12516747E-03
3.42036884E-01  1.09003566E-01  1.13367685E-03
3.42327856E-01  1.11021571E-01  1.15415861E-03
3.42618827E-01  1.10801600E-01  1.15802442E-03
3.42909799E-01  1.11539848E-01  1.15284021E-03
3.43200770E-01  1.11242712E-01  1.16581551E-03
3.43491741E-01  1.09858498E-01  1.13300607E-03
3.43782713E-01  1.10164948E-01  1.12958287E-03
3.44073684E-01  1.10822082E-01  1.15757762E-03
3.44364656E-01  1.11430943E-01  1.14130345E-03
3.44655627E-01  1.10167615E-01  1.12075161E-03
3.44946598E-01  1.11890726E-01  1.16275530E-03
3.45237570E-01  1.08121186E-01  1.14056875E-03
3.45528541E-01  1.10238478E-01  1.14646798E-03
3.45819513E-01  1.10413328E-01  1.12984586E-03
3.46110484E-01  1.09563507E-01  1.13850471E-03
3.46401455E-01  1.09071672E-01  1.15664653E-03
3.46692427E-01  1.08104244E-01  1.13984465E-03
3.46983398E-01  1.09594457E-01  1.14936847E-03
3.47274370E-01  1.09928630E-01  1.13026798E-03
3.47565341E-01  1.09673776E-01  1.15631893E-03
3.47856312E-01  1.08948179E-01  1.12951105E-03
3.48147284E-01  1.08007409E-01  1.14141020E-03
3.48438255E-01  1.08981356E-01  1.17068656E-03
3.48729227E-01  1.06513590E-01  1.12348679E-03
3.49020198E-01  1.09568171E-01  1.16076111E-03
3.49311169E-01  1.07251041E-01  1.13987841E-03
3.49602141E-01  1.06764734E-01  1.13210129E-03
3.49893112E-01  1.08779773E-01  1.17662968E-03
3.50184084E-01  1.10655949E-01  1.14645914E-03
3.50475055E-01  1.08808875E-01  1.16103690E-03
3.50766026E-01  1.09102458E-01  1.14602922E-03
3.51056998E-01  1.10569939E-01  1.15707354E-03
3.51347969E-01  1.09981626E-01  1.14614307E-03
3.51638941E-01  1.10127509E-01  1.13954709E-03
3.51929912E-01  1.08301826E-01  1.15882524E-03
3.52220883E-01  1.07838571E-01  1.14962354E-03
3.52511855E-01  1.06821276E-01  1.16407173E-03
3.52802826E-01  1.07348196E-01  1.13444158E-03
3.53093798E-01  1.09524913E-01  1.15338806E-03
3.53384769E-01  1.05332509E-01  1.11051777E-03
3.53675740E-01  1.04922377E-01  1.11046166E-03
3.53966712E-01  1.07683279E-01  1.14319450E-03
3.54257683E-01  1.07059382E-01  1.11013197E-03
3.54548655E-01  1.07101686E-01  1.13391480E-03
3.54839626E-01  1.05450131E-01  1.10154727E-03
3.55130597E-01  1.06595933E-01  1.12863979E-03
3.55421569E-01  1.06689200E-01  1.15564861E-03
3.55712540E-01  1.06584810E-01  1.13739469E-03
3.56003512E-01  1.08614311E-01  1.14518497E-03
3.56294483E-01  1.06960356E-01  1.10612356E-03
3.56585455E-01  1.06867827E-01  1.15597749E-03
3.56876426E-01  1.07385039E-01  1.15862244E-03
3.57167397E-01  1.07032478E-01  1.11626938E-03
3.57458369E-01  1.07392371E-01  1.15392590E-03
3.57749340E-01  1.06673956E-01  1.09530531E-03
3.58040312E-01  1.07914954E-01  1.15770497E-03
3.58331283E-01  1.06701359E-01  1.12755399E-03
3.58622254E-01  1.06991626E-01  1.12722162E-03
3.58913226E-01  1.07434280E-01  1.14545191E-03
3.59204197E-01  1.08116314E-01  1.14321057E-03
3.59495169E-01  1.05185971E-01  1.16431725E-03
3.59786140E-01  1.07321166E-01  1.14366366E-03
3.60077111E-01  1.08525507E-01  1.18453207E-03
3.60368083E-01  1.07544750E-01  1.14382990E-03
3.60659054E-01  1.06446639E-01  1.15162949E-03
3.60950026E-01  1.06588490E-01  1.12239632E-03
3.61240997E-01  1.05358437E-01  1.10960589E-03
3.61531968E-01  1.06859341E-01  1.13221561E-03
3.61822940E-01  1.05710521E-01  1.16344274E-03
3.62113911E-01  1.05479188E-01  1.13950693E-03
3.62404883E-01  1.07354924E-01  1.15075603E-03
3.62695854E-01  1.05775885E-01  1.12511287E-03
3.62986825E-01  1.04933262E-01  1.15474267E-03
3.63277797E-01  1.04589500E-01  1.13669701E-03
3.63568768E-01  1.07230946E-01  1.14035595E-03
3.63859740E-01  1.05508275E-01  1.14419393E-03
3.64150711E-01  1.03099942E-01  1.10754848E-03
3.64441682E-01  1.06837220E-01  1.16520969E-03
3.64732654E-01  1.05723336E-01  1.14923634E-03
3.65023625E-01  1.05442479E-01  1.13680097E-03
3.65314597E-01  1.02973372E-01  1.12044218E-03
3.65605568E-01  1.06683783E-01  1.15151342E-03
3.65896539E-01  1.04876190E-01  1.16262469E-03
3.66187511E-01  1.04265124E-01  1.10591797E-03
3.66478482E-01  1.04275011E-01  1.10043737E-03
3.66769454E-01  1.04496278E-01  1.11713819E-03
3.67060425E-01  1.03366561E-01  1.09864492E-03
3.67351396E-01  1.04827441E-01  1.15237944E-03
3.67642368E-01  1.04027145E-01  1.14470557E-03
3.67933339E-01  1.06122904E-01  1.13565382E-03
3.68224311E-01  1.07236862E-01  1.15576957E-03
3.68515282E-01  1.05948344E-01  1.12555851E-03
3.68806253E-01  1.03319712E-01  1.12151948E-03
3.69097225E-01  1.03544272E-01  1.10234669E-03
3.69388196E-01  1.04024976E-01  1.15110911E-03
3.69679168E-01  1.05257951E-01  1.14348216E-03
3.69970139E-01  1.02478325E-01  1.13401725E-03
3.70261110E-01  1.03485368E-01  1.12687342E-03
3.70552082E-01  1.02795824E-01  1.13342691E-03
3.70843053E-01  1.05142184E-01  1.13722135E-03
3.71134025E-01  1.05256654E-01  1.12601311E-03
3.71424996E-01  1.05982833E-01  1.13519956E-03
3.71715967E-01  1.04910441E-01  1.13092712E-03
3.72006939E-01  1.06647640E-01  1.16593402E-03
3.72297910E-01  1.05052412E-01  1.17500953E-03
3.72588882E-01  1.04621328E-01  1.08984218E-03
3.72879853E-01  1.05329990E-01  1.15805771E-03
3.73170824E-01  1.04167312E-01  1.14256574E-03
3.73461796E-01  1.04610138E-01  1.13970938E-03
3.73752767E-01  1.04628175E-01  1.15585083E-03
3.74043739E-01  1.06162794E-01  1.13433728E-03
3.74334710E-01  1.01319753E-01  1.13097485E-03
3.74625681E-01  1.04684815E-01  1.13084179E-03
3.74916653E-01  1.04731172E-01  1.14671804E-03
3.75207624E-01  1.04939371E-01  1.13662262E-03
3.75498596E-01  1.04124904E-01  1.15110131E-03
3.75789567E-01  1.05009928E-01  1.15407933E-03
3.76080539E-01  1.05298184E-01  1.13387639E-03
3.76371510E-01  1.02703579E-01  1.12122076E-03
3.76662481E-01  1.03783108E-01  1.13393704E-03
3.76953453E-01  1.03971437E-01  1.11302175E-03
3.77244424E-01  1.03119045E-01  1.13296276E-03
3.77535396E-01  1.03399321E-01  1.15306152E-03
3.77826367E-01  1.04577333E-01  1.14163407E-03
3.78117338E-01  1.04694791E-01  1.11712725E-03
3.78408310E-01  1.06660314E-01  1.11033942E-03
3.78699281E-01  1.04490906E-01  1.16786896E-03
3.78990253E-01  1.03970379E-01  1.14801596E-03
3.79281224E-01  1.03655882E-01  1.15779717E-03
3.79572195E-01  1.05864406E-01  1.11209066E-03
3.79863167E-01  1.06281348E-01  1.15734199E-03
3.80154138E-01  1.05569892E-01  1.17270020E-03
3.80445110E-01  1.01486646E-01  1.11677463E-03
3.80736081E-01  1.05576076E-01  1.13015552E-03
3.81027052E-01  1.03694327E-01  1.11194281E-03
3.81318024E-01  1.04199819E-01  1.11983798E-03
3.81608995E-01  1.04084566E-01  1.11286948E-03
3.81899967E-01  1.07170857E-01  1.12697354E-03
3.82190938E-01  1.03646062E-01  1.12649892E-03
3.82481909E-01  1.03935577E-01  1.10709504E-03
3.82772881E-01  1.07100688E-01  1.15693710E-03
3.83063852E-01  1.04642317E-01  1.14810630E-03
3.83354824E-01  1.05534129E-01  1.15362590E-03
3.83645795E-01  1.05559111E-01  1.14089809E-03
3.83936766E-01  1.02330431E-01  1.12608937E-03
3.84227738E-01  1.03955477E-01  1.14465889E-03
3.84518709E-01  1.06805086E-01  1.15617679E-03
3.84809681E-01  1.04127139E-01  1.12435548E-03
3.85100652E-01  1.04897700E-01  1.13921321E-03
3.85391623E-01  1.06867425E-01  1.14623166E-03
3.85682595E-01  1.05514653E-01  1.17229042E-03
3.85973566E-01  1.02790356E-01  1.12135056E-03
3.86264538E-01  1.03853717E-01  1.12271449E-03
3.86555509E-01  1.05127990E-01  1.15840218E-03
3.86846480E-01  1.05694287E-01  1.15737261E-03
3.87137452E-01  1.03910953E-01  1.14150892E-03
3.87428423E-01  1.05620533E-01  1.14631827E-03
3.87719395E-01  1.06026188E-01  1.17304386E-03
3.88010366E-01  1.04847394E-01  1.17738836E-03
3.88301337E-01  1.04523502E-01  1.15371961E-03
3.88592309E-01  1.06714368E-01  1.15343591E-03
3.88883280E-01  1.05214015E-01  1.16472656E-03
3.89174252E-01  1.02642909E-01  1.12557132E-03
3.89465223E-01  1.05860099E-01  1.13349990E-03
3.89756194E-01  1.04090117E-01  1.13131711E-03
3.90047166E-01  1.05684936E-01  1.16719364E-03
3.90338137E-01  1.04445368E-01  1.10865582E-03
3.90629109E-01  1.05830021E-01  1.14745274E-03
3.90920080E-01  1.05271839E-01  1.12920930E-03
3.91211051E-01  1.02929823E-01  1.14546134E-03
3.91502023E-01  1.04846925E-01  1.14389881E-03
3.91792994E-01  1.04408532E-01  1.16266322E-03
3.92083966E-01  1.05344489E-01  1.16811355E-03
3.92374937E-01  1.06545083E-01  1.14993227E-03
3.92665908E-01  1.05289601E-01  1.16218894E-03
3.92956880E-01  1.03916653E-01  1.13473658E-03
3.93247851E-01  1.06153689E-01  1.14031334E-03
3.93538823E-01  1.03926800E-01  1.14325434E-03
3.93829794E-01  1.04298070E-01  1.13771355E-03
3.94120766E-01  1.07686855E-01  1.15996774E-03
3.94411737E-01  1.05571128E-01  1.17243640E-03
3.94702708E-01  1.04409367E-01  1.13363168E-03
3.94993680E-01  1.06213197E-01  1.16968271E-03
3.95284651E-01  1.04859352E-01  1.12790416E-03
3.95575623E-01  1.05196275E-01  1.14456739E-03
3.95866594E-01  1.04168370E-01  1.16355717E-03
3.96157565E-01  1.03695676E-01  1.14002102E-03
3.96448537E-01  1.04940973E-01  1.15870661E-03
3.96739508E-01  1.05839081E-01  1.17736217E-03
3.97030480E-01  1.06275171E-01  1.19714695E-03
3.97321451E-01  1.06599793E-01  1.18465652E-03
3.97612422E-01  1.06461026E-01  1.12909917E-03
3.97903394E-01  1.06325947E-01  1.16313191E-03
3.98194365E-01  1.04679935E-01  1.14874740E-03
3.98485337E-01  1.05987392E-01  1.16382015E-03
3.98776308E-01  1.06781937E-01  1.13265892E-03
3.99067279E-01  1.07033998E-01  1.17325329E-03
3.99358251E-01  1.06702469E-01  1.20269123E-03
3.99649222E-01  1.04378469E-01  1.16332679E-03
3.99940194E-01  1.05777711E-01  1.14048715E-03
4.00231165E-01  1.03647210E-01  1.16018264E-03
4.00522136E-01  1.05499662E-01  1.18105824E-03
4.00813108E-01  1.03950597E-01  1.17383164E-03
4.01104079E-01  1.07332863E-01  1.15367898E-03
4.01395051E-01  1.05979763E-01  1.18193286E-03
4.01686022E-01  1.07132718E-01  1.16071419E-03
4.01976993E-01  1.05955034E-01  1.14336528E-03
4.02267965E-01  1.03548907E-01  1.15604303E-03
4.02558936E-01  1.04296155E-01  1.15256920E-03
4.02849908E-01  1.06964141E-01  1.17904926E-03
4.03140879E-01  1.05415836E-01  1.11910386E-03
4.03431850E-01  1.06148735E-01  1.19335530E-03
4.03722822E-01  1.05450839E-01  1.16064621E-03
4.04013793E-01  1.05733454E-01  1.15702196E-03
4.04304765E-01  1.04242355E-01  1.17700989E-03
4.04595736E-01  1.04099795E-01  1.15611672E-03
4.04886707E-01  1.03382282E-01  1.11572002E-03
4.05177679E-01  1.04842409E-01  1.15616305E-03
4.05468650E-01  1.06607951E-01  1.13853626E-03
4.05759622E-01  1.05647139E-01  1.14015385E-03
4.06050593E-01  1.02816753E-01  1.15623965E-03
4.06341564E-01  1.04912661E-01  1.14443770E-03
4.06632536E-01  1.04984038E-01  1.13522389E-03
4.06923507E-01  1.01921618E-01  1.12993957E-03
4.07214479E-01  1.04261398E-01  1.12959417E-03
4.07505450E-01  1.06874540E-01  1.14183477E-03
4.07796421E-01  1.05859183E-01  1.14345911E-03
4.08087393E-01  1.03652462E-01  1.11927686E-03
4.08378364E-01  1.03761822E-01  1.08962425E-03
4.08669336E-01  1.04006059E-01  1.15296093E-03
4.08960307E-01  1.02068707E-01  1.15103717E-03
4.09251278E-01  1.04681231E-01  1.16408861E-03
4.09542250E-01  1.04532532E-01  1.13864092E-03
4.09833221E-01  1.03280224E-01  1.14224560E-03
4.10124193E-01  1.05499081E-01  1.15110620E-03
4.10415164E-01  1.06195152E-01  1.15985691E-03
4.10706135E-01  1.03453420E-01  1.13723555E-03
4.10997107E-01  1.04438849E-01  1.13387837E-03
4.11288078E-01  1.02788821E-01  1.14126329E-03
4.11579050E-01  1.03806548E-01  1.13309291E-03
4.11870021E-01  1.05724573E-01  1.14486727E-03
4.12160992E-01  1.02590464E-01  1.16740924E-03
4.12451964E-01  1.04031689E-01  1.15323870E-03
4.12742935E-01  1.03600465E-01  1.10818224E-03
4.13033907E-01  1.04690187E-01  1.14212139E-03
4.13324878E-01  1.01749077E-01  1.13343191E-03
4.13615850E-01  1.02594130E-01  1.14538020E-03
4.13906821E-01  1.02705888E-01  1.09389820E-03
4.14197792E-01  1.03001602E-01  1.15036324E-03
4.14488764E-01  1.02223955E-01  1.12003088E-03
4.14779735E-01  1.02800079E-01  1.13084691E-03
4.15070707E-01  1.02560669E-01  1.15590764E-03
4.15361678E-01  1.03042409E-01  1.13280024E-03
4.15652649E-01  1.04282975E-01  1.16349093E-03
4.15943621E-01  1.02184370E-01  1.14224432E-03
4.16234592E-01  1.04035050E-01  1.12361927E-03
4.16525564E-01  1.03457995E-01  1.11254165E-03
4.16816535E-01  1.00972712E-01  1.09898217E-03
4.17107506E-01  1.02527656E-01  1.11715565E-03
4.17398478E-01  1.03221036E-01  1.11314107E-03
4.17689449E-01  1.01442277E-01  1.14302186E-03
4.17980421E-01  1.01662636E-01  1.13678596E-03
4.18271392E-01  1.01052478E-01  1.09504117E-03
4.18562363E-01  1.02386653E-01  1.15827657E-03
4.18853335E-01  1.01830997E-01  1.12339109E-03
4.19144306E-01  1.02059022E-01  1.14892016E-03
4.19435278E-01  1.00772612E-01  1.12699915E-03
4.19726249E-01  1.02220021E-01  1.13697373E-03
4.20017220E-01  1.00879125E-01  1.12045149E-03
4.20308192E-01  1.01143189E-01  1.10970985E-03
4.20599163E-01  1.01866104E-01  1.12085917E-03
4.20890135E-01  1.00718640E-01  1.13108952E-03
4.21181106E-01  1.02210946E-01  1.15715398E-03
4.21472077E-01  9.87080410E-02  1.14253175E-03
4.21763049E-01  1.00008160E-01  1.12095289E-03
4.22054020E-01  1.00269631E-01  1.14423642E-03
4.22344992E-01  9.93166566E-02  1.09858718E-03
4.22635963E-01  1.01234861E-01  1.11525331E-03
4.22926934E-01  9.90070552E-02  1.11516449E-03
4.23217906E-01  9.87473577E-02  1.11819373E-03
4.23508877E-01  9.95033532E-02  1.10448152E-03
4.23799849E-01  9.83215645E-02  1.08165573E-03
4.24090820E-01  9.94755700E-02  1.08092802E-03
4.24381791E-01  1.00309186E-01  1.11563306E-03
4.24672763E-01  9.85702649E-02  1.09655748E-03
4.24963734E-01  9.86932516E-02  1.11762702E-03
4.25254706E-01  9.90965515E-02  1.08437100E-03
4.25545677E-01  9.86423567E-02  1.13987084E-03
4.25836648E-01  9.93802473E-02  1.10770401E-03
4.26127620E-01  9.84747484E-02  1.10551261E-03
4.26418591E-01  9.79008973E-02  1.09316956E-03
4.26709563E-01  9.66129005E-02  1.08028739E-03
4.27000534E-01  9.87253189E-02  1.10788550E-03
4.27291505E-01  9.67457220E-02  1.07024121E-03
4.27582477E-01  9.79240760E-02  1.08604890E-03
4.27873448E-01  9.59234610E-02  1.08278950E-03
4.28164420E-01  9.80016440E-02  1.10938225E-03
4.28455391E-01  9.57597643E-02  1.07249292E-03
4.28746362E-01  9.63247269E-02  1.08899537E-03
4.29037334E-01  9.45616513E-02  1.05518789E-03
4.29328305E-01  9.36746001E-02  1.05159602E-03
4.29619277E-01  9.48905125E-02  1.10008824E-03
4.29910248E-01  9.59096104E-02  1.08815532E-03
4.30201219E-01  9.53952596E-02  1.05031685E-03
4.30492191E-01  9.54300463E-02  1.09957973E-03
4.30783162E-01  9.34387594E-02  1.07701856E-03
4.31074134E-01  9.62139517E-02  1.09038292E-03
4.31365105E-01  9.77218747E-02  1.11730793E-03
4.31656077E-01  9.41184610E-02  1.07150339E-03
4.31947048E-01  9.40196067E-02  1.11698569E-03
4.32238019E-01  9.45394859E-02  1.06227887E-03
4.32528991E-01  9.44596902E-02  1.07739761E-03
4.32819962E-01  9.38295424E-02  1.05844787E-03
4.33110934E-01  9.23874080E-02  1.05440139E-03
4.33401905E-01  9.17736888E-02  1.09423359E-03
4.33692876E-01  9.31837037E-02  1.08124013E-03
4.33983848E-01  9.33394060E-02  1.09119189E-03
4.34274819E-01  9.29480791E-02  1.07399363E-03
4.34565791E-01  9.32632312E-02  1.07389607E-03
4.34856762E-01  9.25540999E-02  1.07106089E-03
4.35147733E-01  9.40829739E-02  1.06744212E-03
4.35438705E-01  9.49729532E-02  1.06700463E-03
4.35729676E-01  9.27620828E-02  1.06106710E-03
4.36020648E-01  9.16720033E-02  1.04680296E-03
4.36311619E-01  9.46318656E-02  1.08004676E-03
4.36602590E-01  9.24224183E-02  1.03300135E-03
4.36893562E-01  9.09915566E-02  1.07285997E-03
4.37184533E-01  8.97503421E-02  1.06516341E-03
4.37475505E-01  9.27765071E-02  1.06421777E-03
4.37766476E-01  9.31002349E-02  1.06246048E-03
4.38057447E-01  9.45330188E-02  1.10192900E-03
4.38348419E-01  9.27300453E-02  1.09654479E-03
4.38639390E-01  9.26626623E-02  1.05923973E-03
4.38930362E-01  9.41718370E-02  1.06768007E-03
4.39221333E-01  9.40861106E-02  1.08092988E-03
4.39512304E-01  9.12414119E-02  1.05213304E-03
4.39803276E-01  9.31992531E-02  1.05906662E-03
4.40094247E-01  9.25587267E-02  1.05731585E-03
4.40385219E-01  9.22031030E-02  1.09020039E-03
4.40676190E-01  9.24800783E-02  1.06628274E-03
4.40967161E-01  8.90706927E-02  1.03090703E-03
4.41258133E-01  9.16802213E-02  1.10255531E-03
4.41549104E-01  9.35593620E-02  1.07774837E-03
4.41840076E-01  9.12208036E-02  1.11379579E-03
4.42131047E-01  9.20317918E-02  1.09869067E-03
4.42422018E-01  9.00859609E-02  1.12776225E-03
4.42712990E-01  9.29126292E-02  1.16624613E-03
4.43003961E-01  9.17416066E-02  1.10210024E-03
4.43294933E-01  9.00241286E-02  1.08677533E-03
4.43585904E-01  9.06898603E-02  1.13425404E-03
4.43876875E-01  8.99622142E-02  1.10023550E-03
4.44167847E-01  9.07055438E-02  1.10987003E-03
4.44458818E-01  9.12057236E-02  1.14834844E-03
4.44749790E-01  9.22297090E-02  1.18555641E-03
4.45040761E-01  9.14350450E-02  1.17203337E-03
4.45331732E-01  9.58095863E-02  1.22794183E-03
4.45622704E-01  9.19477791E-02  1.15143880E-03
4.45913675E-01  8.83875042E-02  1.11483422E-03
4.46204647E-01  9.06809717E-02  1.16242049E-03
4.46495618E-01  9.15802494E-02  1.15211785E-03
4.46786589E-01  9.09994766E-02  1.19134551E-03
4.47077561E-01  9.20339227E-02  1.21658656E-03
4.47368532E-01  9.35356468E-02  1.22475286E-03
4.47659504E-01  9.24377069E-02  1.20519719E-03
4.47950475E-01  9.09105763E-02  1.22598291E-03
4.48241446E-01  9.30548459E-02  1.24780368E-03
4.48532418E-01  9.13920850E-02  1.23138283E-03
4.48823389E-01  9.06809196E-02  1.22744916E-03
4.49114361E-01  9.28226337E-02  1.24831044E-03
4.49405332E-01  8.98302346E-02  1.24422961E-03
4.49696303E-01  9.24821496E-02  1.23312941E-03
4.49987275E-01  9.07650664E-02  1.22512970E-03
4.50278246E-01  8.99923742E-02  1.23929349E-03
4.50569218E-01  9.06056315E-02  1.25220849E-03
4.50860189E-01  8.92939344E-02  1.27053540E-03
4.51151161E-01  9.18472186E-02  1.24287268E-03
4.51442132E-01  9.25134867E-02  1.28833065E-03
4.51733103E-01  9.02799591E-02  1.25357183E-03
4.52024075E-01  8.96185413E-02  1.27966632E-03
4.52315046E-01  9.00323913E-02  1.20270334E-03
4.52606018E-01  8.94454271E-02  1.17223733E-03
4.52896989E-01  8.87478441E-02  1.19560282E-03
4.53187960E-01  8.96854550E-02  1.17266132E-03
4.53478932E-01  9.13558230E-02  1.15608610E-03
4.53769903E-01  9.00293961E-02  1.13568886E-03
4.54060875E-01  9.05315652E-02  1.17775938E-03
4.54351846E-01  8.98815244E-02  1.17660395E-03
4.54642817E-01  8.85432661E-02  1.13084528E-03
4.54933789E-01  9.20350626E-02  1.16065703E-03
4.55224760E-01  9.12985802E-02  1.16763916E-03
4.55515732E-01  9.11409929E-02  1.16883114E-03
4.55806703E-01  9.27229524E-02  1.20476121E-03
4.56097674E-01  8.93398300E-02  1.12912199E-03
4.56388646E-01  9.00541544E-02  1.17212709E-03
4.56679617E-01  9.06163603E-02  1.19294564E-03
4.56970589E-01  9.06402394E-02  1.18420459E-03
4.57261560E-01  9.10534114E-02  1.14727614E-03
4.57552531E-01  9.06327739E-02  1.16466137E-03
4.57843503E-01  9.05151665E-02  1.15743722E-03
4.58134474E-01  9.08915848E-02  1.18813897E-03
4.58425446E-01  8.93905237E-02  1.13004667E-03
4.58716417E-01  8.95386264E-02  1.12144346E-03
4.59007388E-01  9.08730701E-02  1.15615770E-03
4.59298360E-01  8.74297097E-02  1.14612374E-03
4.59589331E-01  8.99936557E-02  1.12802256E-03
4.59880303E-01  9.04616788E-02  1.12275733E-03
4.60171274E-01  8.80338028E-02  1.13876455E-03
4.60462245E-01  9.14045945E-02  1.14770071E-03
4.60753217E-01  9.06676650E-02  1.14768813E-03
4.61044188E-01  9.33269635E-02  1.15620333E-03
4.61335160E-01  9.12239030E-02  1.13307615E-03
4.61626131E-01  9.05566886E-02  1.15143077E-03
4.61917102E-01  9.32261273E-02  1.15893176E-03
4.62208074E-01  9.06349197E-02  1.14621432E-03
4.62499045E-01  9.16756988E-02  1.16543297E-03
4.62790017E-01  8.95589590E-02  1.14647835E-03
4.63080988E-01  9.14835110E-02  1.10868667E-03
4.63371959E-01  9.05576050E-02  1.11108925E-03
4.63662931E-01  8.98236856E-02  1.11093000E-03
4.63953902E-01  8.96886364E-02  1.12596992E-03
4.64244874E-01  8.97333771E-02  1.10322458E-03
4.64535845E-01  9.31727439E-02  1.16447848E-03
4.64826816E-01  9.19882655E-02  1.15447096E-03
4.65117788E-01  9.12029892E-02  1.16297160E-03
4.65408759E-01  9.20609087E-02  1.13502657E-03
4.65699731E-01  9.04194340E-02  1.10509817E-03
4.65990702E-01  9.11394209E-02  1.14195503E-03
4.66281673E-01  8.96794945E-02  1.13755162E-03
4.66572645E-01  8.97725075E-02  1.15163065E-03
4.66863616E-01  9.10610110E-02  1.14445621E-03
4.67154588E-01  9.03157443E-02  1.13967911E-03
4.67445559E-01  9.16652903E-02  1.13526313E-03
4.67736530E-01  8.99237394E-02  1.10329315E-03
4.68027502E-01  9.14154649E-02  1.15455838E-03
4.68318473E-01  9.30837467E-02  1.13204191E-03
4.68609445E-01  9.06366557E-02  1.13368779E-03
4.68900416E-01  9.07891989E-02  1.14859012E-03
4.69191388E-01  9.25165489E-02  1.13993592E-03
4.69482359E-01  9.04655531E-02  1.13685452E-03
4.69773330E-01  8.86367932E-02  1.11730280E-03
4.70064302E-01  9.20764953E-02  1.15973339E-03
4.70355273E-01  9.14968550E-02  1.16042187E-03
4.70646245E-01  9.23290402E-02  1.14227575E-03
4.70937216E-01  9.35213491E-02  1.11479987E-03
4.71228187E-01  9.12681744E-02  1.13262807E-03
4.71519159E-01  9.05973166E-02  1.12351216E-03
4.71810130E-01  8.95865187E-02  1.12194195E-03
4.72101102E-01  8.95918757E-02  1.14604540E-03
4.72392073E-01  9.10212696E-02  1.11576577E-03
4.72683044E-01  9.08591896E-02  1.13399990E-03
4.72974016E-01  9.18840617E-02  1.14219461E-03
4.73264987E-01  9.04614031E-02  1.10889995E-03
4.73555959E-01  9.28808004E-02  1.14347565E-03
4.73846930E-01  8.90147239E-02  1.12259714E-03
4.74137901E-01  9.22198817E-02  1.16342923E-03
4.74428873E-01  9.24062729E-02  1.12658250E-03
4.74719844E-01  9.27806348E-02  1.12857635E-03
4.75010816E-01  9.02686492E-02  1.14794436E-03
4.75301787E-01  9.19011161E-02  1.11864449E-03
4.75592758E-01  8.99684131E-02  1.09909533E-03
4.75883730E-01  8.95897523E-02  1.12905574E-03
4.76174701E-01  8.93184617E-02  1.13058719E-03
4.76465673E-01  9.21730921E-02  1.14975369E-03
4.76756644E-01  9.01707560E-02  1.10482797E-03
4.77047615E-01  9.21888947E-02  1.15329993E-03
4.77338587E-01  8.88801068E-02  1.10132247E-03
4.77629558E-01  9.09755901E-02  1.13567337E-03
4.77920530E-01  9.02363658E-02  1.12155383E-03
4.78211501E-01  9.08511803E-02  1.10499398E-03
4.78502472E-01  9.03461799E-02  1.12951756E-03
4.78793444E-01  9.03965756E-02  1.11007364E-03
4.79084415E-01  9.19153690E-02  1.12000585E-03
4.79375387E-01  8.85993540E-02  1.09129830E-03
4.79666358E-01  8.91868323E-02  1.07643532E-03
4.79957329E-01  9.02023539E-02  1.14495563E-03
4.80248301E-01  8.90822336E-02  1.13306590E-03
4.80539272E-01  8.96367431E-02  1.11303770E-03
4.80830244E-01  9.16865394E-02  1.12472824E-03
4.81121215E-01  9.23106000E-02  1.13877840E-03
4.81412186E-01  8.90635550E-02  1.10511295E-03
4.81703158E-01  9.03650299E-02  1.09608076E-03
4.81994129E-01  9.08544809E-02  1.11715868E-03
4.82285101E-01  9.08088312E-02  1.12007838E-03
4.82576072E-01  9.22711566E-02  1.08578743E-03
4.82867043E-01  8.97603780E-02  1.10953092E-03
4.83158015E-01  9.07333642E-02  1.14048074E-03
4.83448986E-01  9.13771987E-02  1.11682096E-03
4.83739958E-01  9.06024948E-02  1.11924484E-03
4.84030929E-01  8.99812356E-02  1.09440193E-03
4.84321900E-01  9.03532207E-02  1.10750238E-03
4.84612872E-01  9.12296027E-02  1.12564513E-03
4.84903843E-01  8.80357400E-02  1.11778243E-03
4.85194815E-01  9.15421471E-02  1.12976588E-03
4.85485786E-01  9.10185128E-02  1.13378174E-03
4.85776757E-01  9.13164541E-02  1.12841453E-03
4.86067729E-01  9.11746994E-02  1.11788081E-03
4.86358700E-01  9.15086269E-02  1.10311166E-03
4.86649672E-01  9.07629877E-02  1.15048618E-03
4.86940643E-01  9.18519720E-02  1.12332799E-03
4.87231614E-01  8.99522230E-02  1.13097066E-03
4.87522586E-01  8.93285349E-02  1.14405574E-03
4.87813557E-01  9.30269361E-02  1.14588009E-03
4.88104529E-01  8.92349258E-02  1.12054416E-03
4.88395500E-01  9.13062990E-02  1.14040554E-03
4.88686472E-01  9.12857801E-02  1.12337421E-03
4.88977443E-01  9.05559361E-02  1.10977050E-03
4.89268414E-01  9.08081234E-02  1.12566573E-03
4.89559386E-01  9.06181782E-02  1.10812532E-03
4.89850357E-01  9.18814167E-02  1.15821115E-03
4.90141329E-01  8.89180228E-02  1.12393184E-03
4.90432300E-01  8.91603753E-02  1.10035879E-03
4.90723271E-01  9.14872587E-02  1.11902622E-03
4.91014243E-01  9.07553360E-02  1.10808178E-03
4.91305214E-01  9.12012383E-02  1.11395994E-03
4.91596186E-01  9.06708241E-02  1.11461710E-03
4.91887157E-01  8.84755179E-02  1.11485610E-03
4.92178128E-01  9.04005319E-02  1.10809039E-03
4.92469100E-01  9.02055874E-02  1.10829319E-03
4.92760071E-01  9.03256088E-02  1.10721670E-03
4.93051043E-01  9.10878479E-02  1.11192791E-03
4.93342014E-01  9.16913152E-02  1.12789916E-03
4.93632985E-01  9.02795270E-02  1.08335854E-03
4.93923957E-01  8.94127488E-02  1.12361566E-03
4.94214928E-01  9.27887559E-02  1.12891919E-03
4.94505900E-01  9.20755565E-02  1.10726478E-03
4.94796871E-01  8.84121358E-02  1.11705973E-03
4.95087842E-01  9.09798071E-02  1.11780269E-03
4.95378814E-01  9.06691551E-02  1.09441020E-03
4.95669785E-01  8.87760893E-02  1.11757254E-03
4.95960757E-01  8.88669193E-02  1.05477532E-03
4.96251728E-01  9.04830396E-02  1.12169236E-03
4.96542699E-01  9.03561786E-02  1.13043701E-03
4.96833671E-01  8.99045020E-02  1.12580927E-03
4.97124642E-01  8.98164213E-02  1.12953270E-03
4.97415614E-01  9.22247767E-02  1.15146989E-03
4.97706585E-01  9.16766524E-02  1.12031261E-03
4.97997556E-01  9.12345499E-02  1.13249919E-03
4.98288528E-01  9.11394507E-02  1.13141327E-03
4.98579499E-01  9.25676227E-02  1.13456510E-03
4.98870471E-01  8.91254619E-02  1.11717358E-03
4.99161442E-01  9.10482705E-02  1.08617649E-03
4.99452413E-01  9.02950913E-02  1.10681448E-03
4.99743385E-01  9.14615244E-02  1.10649643E-03
5.00034356E-01  9.10629034E-02  1.12782186E-03
5.00325328E-01  8.98551345E-02  1.10807223E-03
5.00616299E-01  9.16196778E-02  1.10581843E-03
5.00907270E-01  8.97613242E-02  1.13246299E-03
5.01198242E-01  9.13506970E-02  1.10427779E-03
5.01489213E-01  8.98715779E-02  1.14370382E-03
5.01780185E-01  8.83181170E-02  1.11433933E-03
5.02071156E-01  9.00354013E-02  1.12690672E-03
5.02362127E-01  8.98181200E-02  1.12475094E-03
5.02653099E-01  9.14781094E-02  1.11901795E-03
5.02944070E-01  9.02745351E-02  1.13038777E-03
5.03235042E-01  9.06959623E-02  1.13579119E-03
5.03526013E-01  8.98597687E-02  1.13329873E-03
5.03816984E-01  8.95864666E-02  1.10321317E-03
5.04107956E-01  8.98228288E-02  1.07913127E-03
5.04398927E-01  9.05172750E-02  1.10437046E-03
5.04689899E-01  9.13381502E-02  1.10164809E-03
5.04980870E-01  8.89926851E-02  1.08162209E-03
5.05271841E-01  8.88197348E-02  1.07836141E-03
5.05562813E-01  9.00751054E-02  1.12220109E-03
5.05853784E-01  9.18084383E-02  1.11818581E-03
5.06144756E-01  8.96582231E-02  1.10555440E-03
5.06435727E-01  8.93984213E-02  1.09230762E-03
5.06726699E-01  9.09545273E-02  1.11968990E-03
5.07017670E-01  8.80970731E-02  1.08081265E-03
5.07308641E-01  8.94158557E-02  1.12738647E-03
5.07599613E-01  8.97247046E-02  1.09670230E-03
5.07890584E-01  8.94290209E-02  1.12119445E-03
5.08181556E-01  8.86191353E-02  1.06335967E-03
5.08472527E-01  9.02748182E-02  1.11061125E-03
5.08763498E-01  9.11711678E-02  1.09466142E-03
5.09054470E-01  9.04795229E-02  1.11749966E-03
5.09345441E-01  9.09663290E-02  1.12679356E-03
5.09636413E-01  8.95058662E-02  1.08888047E-03
5.09927384E-01  9.00284648E-02  1.10765779E-03
5.10218355E-01  9.09602493E-02  1.09877519E-03
5.10509327E-01  9.15720761E-02  1.14584458E-03
5.10800298E-01  8.99710432E-02  1.09013333E-03
5.11091270E-01  8.99702758E-02  1.12009747E-03
5.11382241E-01  9.04006064E-02  1.10953103E-03
5.11673212E-01  9.03761536E-02  1.09897333E-03
5.11964184E-01  9.03247818E-02  1.09348074E-03
5.12255155E-01  8.91257674E-02  1.13958458E-03
5.12546127E-01  9.00742486E-02  1.10482203E-03
5.12837098E-01  8.90695453E-02  1.11395691E-03
5.13128069E-01  8.97911713E-02  1.07031642E-03
5.13419041E-01  9.00597274E-02  1.10920146E-03
5.13710012E-01  8.94065276E-02  1.10880972E-03
5.14000984E-01  9.26122963E-02  1.09940628E-03
5.14291955E-01  9.22737271E-02  1.12677366E-03
5.14582926E-01  9.05923024E-02  1.12015870E-03
5.14873898E-01  9.12072212E-02  1.14336517E-03
5.15164869E-01  8.95973146E-02  1.14346319E-03
5.15455841E-01  8.91365707E-02  1.10260583E-03
5.15746812E-01  9.12943035E-02  1.13441504E-03
5.16037783E-01  9.05238688E-02  1.09623827E-03
5.16328755E-01  9.07072127E-02  1.13365985E-03
5.16619726E-01  9.08143595E-02  1.09544303E-03
5.16910698E-01  9.02231783E-02  1.07757642E-03
5.17201669E-01  9.00293365E-02  1.12616608E-03
5.17492640E-01  8.92669857E-02  1.09401124E-03
5.17783612E-01  8.91804248E-02  1.11241755E-03
5.18074583E-01  8.91380832E-02  1.09244755E-03
5.18365555E-01  8.80511627E-02  1.08089508E-03
5.18656526E-01  9.03472602E-02  1.07854558E-03
5.18947497E-01  8.79465044E-02  1.10449246E-03
5.19238469E-01  9.21329409E-02  1.11754180E-03
5.19529440E-01  9.24894437E-02  1.17393711E-03
5.19820412E-01  8.85483325E-02  1.12658774E-03
5.20111383E-01  8.81658494E-02  1.12703408E-03
5.20402354E-01  8.92776921E-02  1.12823397E-03
5.20693326E-01  8.88277441E-02  1.08401524E-03
5.20984297E-01  9.11945179E-02  1.11580419E-03
5.21275269E-01  8.84055570E-02  1.09504885E-03
5.21566240E-01  8.82014409E-02  1.07960135E-03
5.21857211E-01  8.98487270E-02  1.09646213E-03
5.22148183E-01  9.02827457E-02  1.10114471E-03
5.22439154E-01  9.13653970E-02  1.12435909E-03
5.22730126E-01  8.83032233E-02  1.07250421E-03
5.23021097E-01  9.00864750E-02  1.11376157E-03
5.23312068E-01  9.00691450E-02  1.07170129E-03
5.23603040E-01  8.96039009E-02  1.10107835E-03
5.23894011E-01  8.88881087E-02  1.13206846E-03
5.24184983E-01  9.19227004E-02  1.12904154E-03
5.24475954E-01  9.10800844E-02  1.13122526E-03
5.24766925E-01  9.05652419E-02  1.11981644E-03
5.25057897E-01  8.85456800E-02  1.08661049E-03
5.25348868E-01  8.80087465E-02  1.08814030E-03
5.25639840E-01  8.79839733E-02  1.13447220E-03
5.25930811E-01  8.91229287E-02  1.06886809E-03
5.26221783E-01  8.80643204E-02  1.06419006E-03
5.26512754E-01  8.84012803E-02  1.07566302E-03
5.26803725E-01  9.07919109E-02  1.08651642E-03
5.27094697E-01  8.97827893E-02  1.08647894E-03
5.27385668E-01  8.98545310E-02  1.08932331E-03
5.27676640E-01  8.95707160E-02  1.07565941E-03
5.27967611E-01  8.89925808E-02  1.06308400E-03
5.28258582E-01  9.05889869E-02  1.09503954E-03
5.28549554E-01  9.10869762E-02  1.08442432E-03
5.28840525E-01  8.87118876E-02  1.08999747E-03
5.29131497E-01  8.81755352E-02  1.09008851E-03
5.29422468E-01  8.99844840E-02  1.11364794E-03
5.29713439E-01  8.98671821E-02  1.09289668E-03
5.30004411E-01  8.94687250E-02  1.09037000E-03


### HEADER:
#
#{
#    "analysis": {},
#    "calibration_params": {
#        "Beam_Center_X": 1065.0,
#        "Beam_Center_Y": 2064.0,
#        "Detector Tilt": 0.0,
#        "Detector Tilt Plane Rotation": 0.0,
#        "Detector_X_Pixel_Size": 75.0,
#        "Detector_Y_Pixel_Size": 75.0,
#        "Integration Method": "nosplit_csr",
#        "Radial_Average_Method": "pyFAI",
#        "Sample-to-detector distance (mm)": 1824.0,
#        "Wavelength (A)": 0.8848865554555589
#    },
#    "config_file": "/home/chess_id7a/.RAW/backup.cfg",
#    "counters": {
#        "Epoch": "82.519",
#        "I1": "0",
#        "I2": "0",
#        "I3": "0",
#        "Seconds": "1",
#        "Time": "1.81198e-05",
#        "date": "Sat Mar 16 00:24:26 2024",
#        "diode": "91217"
#    },
#    "filename": "DM0007_35C_160MPa_up_1_data_000001_00001.h5",
#    "history": {},
#    "imageHeader": {},
#    "load_path": "/nfs/chess/daq/current/id7a/Milshteyn_03_15_2024/DM0007/DM0007_35C_160MPa_up_1_data_000001.h5",
#    "normalizations": {
#        "Absolute_scale": {
#            "Absolute_scale_factor": 0.017092358101131556,
#            "Method": "Water"
#        },
#        "Counter_norms": [
#            [
#                "/",
#                "diode/150000"
#            ]
#        ],
#        "Polarization": {
#            "Used": false
#        },
#        "Solid_Angle_Correction": "On"
#    },
#    "raw_version": "2.2.1",
#    "unit": ""
#}

