### DATA:
#
# 1786
#      Q             I(Q)           Error     
1.06204562E-02  3.21219754E+00  6.72057271E-02
1.09114276E-02  2.95565748E+00  6.94759712E-02
1.12023990E-02  2.81215620E+00  4.86051142E-02
1.14933704E-02  2.55873656E+00  5.03373183E-02
1.17843418E-02  2.32257104E+00  5.71245477E-02
1.20753132E-02  2.21256971E+00  5.02346531E-02
1.23662846E-02  2.06492949E+00  3.99393179E-02
1.26572560E-02  1.89184093E+00  3.51412781E-02
1.29482274E-02  1.80661500E+00  3.65502909E-02
1.32391988E-02  1.68195558E+00  3.76314819E-02
1.35301702E-02  1.61325443E+00  3.31983678E-02
1.38211416E-02  1.51090813E+00  3.63815837E-02
1.41121131E-02  1.42001557E+00  3.05867624E-02
1.44030845E-02  1.42453802E+00  3.08150705E-02
1.46940559E-02  1.29418933E+00  2.61190534E-02
1.49850273E-02  1.16797709E+00  2.30992734E-02
1.52759987E-02  1.19970191E+00  2.80333143E-02
1.55669701E-02  1.12201321E+00  2.30690762E-02
1.58579415E-02  1.09105575E+00  2.05441322E-02
1.61489129E-02  1.04887557E+00  2.17854194E-02
1.64398843E-02  9.95769143E-01  2.05390379E-02
1.67308557E-02  9.96367395E-01  2.13293508E-02
1.70218271E-02  9.21329916E-01  1.86507497E-02
1.73127985E-02  9.04308259E-01  1.63531825E-02
1.76037699E-02  8.79289925E-01  2.09939480E-02
1.78947413E-02  8.51105690E-01  1.66345555E-02
1.81857127E-02  8.33642960E-01  2.04672497E-02
1.84766841E-02  7.80786037E-01  1.71897765E-02
1.87676555E-02  7.61963189E-01  1.73292998E-02
1.90586269E-02  7.41563559E-01  1.55568365E-02
1.93495983E-02  6.92283928E-01  1.44198155E-02
1.96405697E-02  7.25013793E-01  1.53704770E-02
1.99315411E-02  7.13311613E-01  1.41070886E-02
2.02225125E-02  6.55069947E-01  1.41496724E-02
2.05134839E-02  6.69317544E-01  1.49776535E-02
2.08044553E-02  6.24737263E-01  1.29919695E-02
2.10954267E-02  6.34550035E-01  1.34775164E-02
2.13863981E-02  5.86482584E-01  1.27566382E-02
2.16773695E-02  5.88843584E-01  1.26909334E-02
2.19683409E-02  5.83901584E-01  1.11659197E-02
2.22593123E-02  5.70686936E-01  1.07168192E-02
2.25502837E-02  5.79943240E-01  1.04350038E-02
2.28412551E-02  5.58561444E-01  1.02821728E-02
2.31322265E-02  5.56786001E-01  1.08827595E-02
2.34231979E-02  5.13464928E-01  9.59645491E-03
2.37141694E-02  5.15127957E-01  9.01698507E-03
2.40051408E-02  5.09732127E-01  9.20196716E-03
2.42961122E-02  5.14595270E-01  9.10594128E-03
2.45870836E-02  4.93172795E-01  9.49029904E-03
2.48780550E-02  4.82805103E-01  8.26600753E-03
2.51690264E-02  4.63890344E-01  9.49459895E-03
2.54599978E-02  4.60921109E-01  9.13216546E-03
2.57509692E-02  4.59019095E-01  8.18903558E-03
2.60419406E-02  4.65382308E-01  8.50525498E-03
2.63329120E-02  4.52181727E-01  7.88110122E-03
2.66238834E-02  4.51553434E-01  8.13487824E-03
2.69148548E-02  4.59428489E-01  8.18669144E-03
2.72058262E-02  4.43912089E-01  7.57020758E-03
2.74967976E-02  4.37225580E-01  7.64097134E-03
2.77877690E-02  4.37520891E-01  7.67759141E-03
2.80787404E-02  4.10337240E-01  7.61409616E-03
2.83697118E-02  4.04074430E-01  7.40020350E-03
2.86606832E-02  3.99604708E-01  7.33690988E-03
2.89516546E-02  4.03908759E-01  7.64370244E-03
2.92426260E-02  4.02433306E-01  7.17998901E-03
2.95335974E-02  3.88425440E-01  7.30872899E-03
2.98245688E-02  3.83743227E-01  7.11709727E-03
3.01155402E-02  3.90036136E-01  7.20389606E-03
3.04065116E-02  3.80592465E-01  7.34530855E-03
3.06974830E-02  3.75625342E-01  6.93765096E-03
3.09884544E-02  3.71557027E-01  6.39330596E-03
3.12794258E-02  3.82373899E-01  6.28871750E-03
3.15703972E-02  3.80455643E-01  6.55030832E-03
3.18613686E-02  3.80415827E-01  6.50694780E-03
3.21523400E-02  3.64135712E-01  6.18718145E-03
3.24433114E-02  3.61588031E-01  6.80519687E-03
3.27342828E-02  3.59047323E-01  6.03273464E-03
3.30252543E-02  3.54291797E-01  6.08798442E-03
3.33162257E-02  3.60185236E-01  5.86132891E-03
3.36071971E-02  3.50638390E-01  5.91304852E-03
3.38981685E-02  3.50988418E-01  6.05685543E-03
3.41891399E-02  3.52564543E-01  5.70385205E-03
3.44801113E-02  3.58791441E-01  5.87974442E-03
3.47710827E-02  3.44990551E-01  5.81871998E-03
3.50620541E-02  3.44442487E-01  5.30582434E-03
3.53530255E-02  3.49119037E-01  5.67242876E-03
3.56439969E-02  3.46012354E-01  5.23391878E-03
3.59349683E-02  3.45876992E-01  5.22096874E-03
3.62259397E-02  3.50756645E-01  5.20504545E-03
3.65169111E-02  3.50073963E-01  5.22564724E-03
3.68078825E-02  3.30531925E-01  5.34046115E-03
3.70988539E-02  3.37384790E-01  5.40778833E-03
3.73898253E-02  3.36103320E-01  5.03561506E-03
3.76807967E-02  3.30884337E-01  5.06964605E-03
3.79717681E-02  3.32648307E-01  5.17072063E-03
3.82627395E-02  3.43051910E-01  5.21225808E-03
3.85537109E-02  3.40812773E-01  4.91829216E-03
3.88446823E-02  3.36315751E-01  5.01630083E-03
3.91356537E-02  3.34405690E-01  5.10274991E-03
3.94266251E-02  3.31471473E-01  4.72441642E-03
3.97175965E-02  3.41426522E-01  5.21206576E-03
4.00085679E-02  3.45075518E-01  4.83186590E-03
4.02995393E-02  3.39240164E-01  4.88025974E-03
4.05905107E-02  3.35143477E-01  4.63936571E-03
4.08814821E-02  3.26855838E-01  4.65363823E-03
4.11724535E-02  3.32806200E-01  5.03823394E-03
4.14634249E-02  3.44484091E-01  4.71209642E-03
4.17543963E-02  3.39905560E-01  4.60400153E-03
4.20453677E-02  3.43245476E-01  4.55110520E-03
4.23363392E-02  3.34642470E-01  5.20882336E-03
4.26273106E-02  3.34526986E-01  4.59729088E-03
4.29182820E-02  3.28702807E-01  4.81963065E-03
4.32092534E-02  3.39866579E-01  4.59317397E-03
4.35002248E-02  3.29431325E-01  4.69036121E-03
4.37911962E-02  3.37130278E-01  4.85421997E-03
4.40821676E-02  3.42597127E-01  4.86296089E-03
4.43731390E-02  3.41279715E-01  4.74324636E-03
4.46641104E-02  3.34885716E-01  4.87159239E-03
4.49550818E-02  3.45870048E-01  4.56180796E-03
4.52460532E-02  3.48605722E-01  4.65333275E-03
4.55370246E-02  3.47700983E-01  4.82797530E-03
4.58279960E-02  3.39442939E-01  4.85408166E-03
4.61189674E-02  3.44715834E-01  4.57233889E-03
4.64099388E-02  3.53591323E-01  4.70349845E-03
4.67009102E-02  3.52135330E-01  4.64144303E-03
4.69918816E-02  3.60311210E-01  4.71297838E-03
4.72828530E-02  3.60965610E-01  4.82575037E-03
4.75738244E-02  3.62783164E-01  4.85971011E-03
4.78647958E-02  3.59041512E-01  4.75160917E-03
4.81557672E-02  3.61051857E-01  4.51420713E-03
4.84467386E-02  3.81775230E-01  4.75663738E-03
4.87377100E-02  3.73958856E-01  4.70196269E-03
4.90286814E-02  3.81393760E-01  5.04164305E-03
4.93196528E-02  3.88655841E-01  4.95562563E-03
4.96106242E-02  3.85548711E-01  5.18083479E-03
4.99015956E-02  3.98487687E-01  5.04554948E-03
5.01925670E-02  4.05805349E-01  5.49670355E-03
5.04835384E-02  4.14037406E-01  5.63656026E-03
5.07745098E-02  4.41551775E-01  5.75641915E-03
5.10654812E-02  4.69617069E-01  7.30728311E-03
5.13564526E-02  5.09096026E-01  9.08359792E-03
5.16474241E-02  5.66555142E-01  1.27318818E-02
5.19383955E-02  6.52106225E-01  1.51049607E-02
5.22293669E-02  7.37981737E-01  1.88235361E-02
5.25203383E-02  8.03293109E-01  2.03812886E-02
5.28113097E-02  8.54864597E-01  1.88654754E-02
5.31022811E-02  8.86778355E-01  1.84781104E-02
5.33932525E-02  9.05317724E-01  1.64128486E-02
5.36842239E-02  9.46070671E-01  1.61615890E-02
5.39751953E-02  9.50443447E-01  1.71639659E-02
5.42661667E-02  9.50822234E-01  1.88188609E-02
5.45571381E-02  9.26953435E-01  1.85738541E-02
5.48481095E-02  8.85929048E-01  1.72979105E-02
5.51390809E-02  7.74393797E-01  1.36727318E-02
5.54300523E-02  6.79026961E-01  1.00491559E-02
5.57210237E-02  5.91639876E-01  7.45793991E-03
5.60119951E-02  5.44829011E-01  6.21642731E-03
5.63029665E-02  5.06491721E-01  5.89051750E-03
5.65939379E-02  5.10978281E-01  6.82286965E-03
5.68849093E-02  5.40901482E-01  7.83930812E-03
5.71758807E-02  5.81525385E-01  1.00853527E-02
5.74668521E-02  6.20511234E-01  1.15859322E-02
5.77578235E-02  6.47330165E-01  1.24856327E-02
5.80487949E-02  6.88577712E-01  1.23084923E-02
5.83397663E-02  7.23442435E-01  1.18234362E-02
5.86307377E-02  7.37040997E-01  1.08547928E-02
5.89217091E-02  7.83452749E-01  1.11278277E-02
5.92126805E-02  8.06545198E-01  1.13516888E-02
5.95036519E-02  8.50744367E-01  1.29132634E-02
5.97946233E-02  8.63073885E-01  1.40342610E-02
6.00855947E-02  8.23798776E-01  1.49504021E-02
6.03765661E-02  7.06058085E-01  1.39703741E-02
6.06675375E-02  5.70873857E-01  1.10417251E-02
6.09585090E-02  4.53120917E-01  7.85822142E-03
6.12494804E-02  3.73784333E-01  6.01823907E-03
6.15404518E-02  3.28113437E-01  4.92004259E-03
6.18314232E-02  2.93554425E-01  4.02825838E-03
6.21223946E-02  2.59723008E-01  3.72391287E-03
6.24133660E-02  2.49895439E-01  3.63536295E-03
6.27043374E-02  2.31003046E-01  3.44856945E-03
6.29953088E-02  2.31659859E-01  3.40680499E-03
6.32862802E-02  2.22423330E-01  3.24625545E-03
6.35772516E-02  2.10946828E-01  3.27287288E-03
6.38682230E-02  2.04555169E-01  3.27581982E-03
6.41591944E-02  1.94992825E-01  3.05584213E-03
6.44501658E-02  1.91975787E-01  2.99297855E-03
6.47411372E-02  1.80712610E-01  2.92222830E-03
6.50321086E-02  1.80464581E-01  2.90182605E-03
6.53230800E-02  1.83409855E-01  2.92801554E-03
6.56140514E-02  1.78937793E-01  2.80807144E-03
6.59050228E-02  1.69870257E-01  2.90139834E-03
6.61959942E-02  1.70169830E-01  2.95882253E-03
6.64869656E-02  1.65107757E-01  2.89387163E-03
6.67779370E-02  1.63854212E-01  2.76675238E-03
6.70689084E-02  1.56895280E-01  2.77554314E-03
6.73598798E-02  1.49504066E-01  2.69343914E-03
6.76508512E-02  1.46152243E-01  2.58875452E-03
6.79418226E-02  1.47173837E-01  2.51868507E-03
6.82327940E-02  1.43501237E-01  2.50730850E-03
6.85237654E-02  1.44525826E-01  2.50482303E-03
6.88147368E-02  1.41287714E-01  2.50420789E-03
6.91057082E-02  1.40284091E-01  2.52513913E-03
6.93966796E-02  1.38826236E-01  2.55660526E-03
6.96876510E-02  1.34693086E-01  2.45642057E-03
6.99786224E-02  1.32905245E-01  2.55972077E-03
7.02695938E-02  1.34860113E-01  2.59481650E-03
7.05605653E-02  1.35865241E-01  2.43942533E-03
7.08515367E-02  1.34352311E-01  2.55469815E-03
7.11425081E-02  1.32201403E-01  2.35905754E-03
7.14334795E-02  1.30611330E-01  2.37046974E-03
7.17244509E-02  1.30277753E-01  2.45202077E-03
7.20154223E-02  1.36962265E-01  2.54949066E-03
7.23063937E-02  1.27951041E-01  2.30306294E-03
7.25973651E-02  1.34785697E-01  2.47019576E-03
7.28883365E-02  1.33061498E-01  2.41104770E-03
7.31793079E-02  1.29900053E-01  2.45646574E-03
7.34702793E-02  1.28321767E-01  2.39646016E-03
7.37612507E-02  1.31580472E-01  2.30248203E-03
7.40522221E-02  1.30682647E-01  2.43401085E-03
7.43431935E-02  1.34381354E-01  2.53166514E-03
7.46341649E-02  1.32509544E-01  2.39764666E-03
7.49251363E-02  1.30044848E-01  2.34611728E-03
7.52161077E-02  1.32949799E-01  2.38702400E-03
7.55070791E-02  1.34698346E-01  2.39611859E-03
7.57980505E-02  1.33270502E-01  2.45507108E-03
7.60890219E-02  1.34321332E-01  2.41075037E-03
7.63799933E-02  1.35460600E-01  2.34672334E-03
7.66709647E-02  1.35992676E-01  2.30588019E-03
7.69619361E-02  1.37810305E-01  2.45142821E-03
7.72529075E-02  1.38539419E-01  2.62218271E-03
7.75438789E-02  1.36013687E-01  2.39292905E-03
7.78348503E-02  1.39137015E-01  2.39469251E-03
7.81258217E-02  1.37672976E-01  2.48311390E-03
7.84167931E-02  1.34774864E-01  2.49413657E-03
7.87077645E-02  1.38539195E-01  2.33002030E-03
7.89987359E-02  1.43914759E-01  2.46527907E-03
7.92897073E-02  1.46874502E-01  2.53520464E-03
7.95806787E-02  1.44383028E-01  2.49982695E-03
7.98716502E-02  1.46065027E-01  2.52484903E-03
8.01626216E-02  1.48783222E-01  2.56096805E-03
8.04535930E-02  1.47537857E-01  2.54851067E-03
8.07445644E-02  1.43844575E-01  2.42956821E-03
8.10355358E-02  1.51454523E-01  2.46583833E-03
8.13265072E-02  1.49179310E-01  2.40236730E-03
8.16174786E-02  1.51326016E-01  2.56308354E-03
8.19084500E-02  1.52621686E-01  2.52063293E-03
8.21994214E-02  1.57256335E-01  2.62511661E-03
8.24903928E-02  1.54132068E-01  2.39314931E-03
8.27813642E-02  1.55363560E-01  2.60901591E-03
8.30723356E-02  1.62940919E-01  2.64458358E-03
8.33633070E-02  1.62877679E-01  2.60490901E-03
8.36542784E-02  1.69556573E-01  2.64484202E-03
8.39452498E-02  1.63102776E-01  2.63466663E-03
8.42362212E-02  1.70962572E-01  2.73494911E-03
8.45271926E-02  1.68220714E-01  2.64015095E-03
8.48181640E-02  1.75057828E-01  2.56623724E-03
8.51091354E-02  1.77758783E-01  2.65152287E-03
8.54001068E-02  1.75663710E-01  2.72364146E-03
8.56910782E-02  1.81293666E-01  2.72725755E-03
8.59820496E-02  1.80345550E-01  2.56857323E-03
8.62730210E-02  1.84667915E-01  2.59730010E-03
8.65639924E-02  1.85930356E-01  2.79874331E-03
8.68549638E-02  1.86201394E-01  2.76915636E-03
8.71459352E-02  1.89112082E-01  2.61441828E-03
8.74369066E-02  1.91036195E-01  2.74549890E-03
8.77278780E-02  1.98270708E-01  2.86555220E-03
8.80188494E-02  1.99850723E-01  2.85544409E-03
8.83098208E-02  1.98618263E-01  2.79319123E-03
8.86007922E-02  1.99376985E-01  2.87523284E-03
8.88917636E-02  2.00145528E-01  2.81073060E-03
8.91827351E-02  2.12610096E-01  2.95922346E-03
8.94737065E-02  2.14672193E-01  3.09885293E-03
8.97646779E-02  2.17250556E-01  2.97761755E-03
9.00556493E-02  2.21638173E-01  3.01988958E-03
9.03466207E-02  2.23857895E-01  2.82488903E-03
9.06375921E-02  2.28583723E-01  3.11408262E-03
9.09285635E-02  2.33257756E-01  3.23991035E-03
9.12195349E-02  2.32514456E-01  3.08968243E-03
9.15105063E-02  2.40508988E-01  3.02681839E-03
9.18014777E-02  2.46023253E-01  3.10816593E-03
9.20924491E-02  2.43892342E-01  3.09382402E-03
9.23834205E-02  2.54774421E-01  3.23887472E-03
9.26743919E-02  2.61534125E-01  3.27952788E-03
9.29653633E-02  2.64861524E-01  3.38589610E-03
9.32563347E-02  2.70820230E-01  3.33378348E-03
9.35473061E-02  2.71961659E-01  3.39800050E-03
9.38382775E-02  2.73248762E-01  3.36932018E-03
9.41292489E-02  2.80208707E-01  3.40852630E-03
9.44202203E-02  2.83630490E-01  3.54023324E-03
9.47111917E-02  2.97576964E-01  3.65745695E-03
9.50021631E-02  3.07426572E-01  3.55857820E-03
9.52931345E-02  3.04728478E-01  3.54888826E-03
9.55841059E-02  3.19390088E-01  3.72408796E-03
9.58750773E-02  3.18909168E-01  3.67049035E-03
9.61660487E-02  3.34125608E-01  3.80932144E-03
9.64570201E-02  3.31228822E-01  3.82218626E-03
9.67479915E-02  3.36381018E-01  3.95199796E-03
9.70389629E-02  3.60893726E-01  3.90284299E-03
9.73299343E-02  3.65594238E-01  4.10673767E-03
9.76209057E-02  3.70873779E-01  4.26637335E-03
9.79118771E-02  3.81269068E-01  4.19455115E-03
9.82028485E-02  3.98101956E-01  4.32462199E-03
9.84938200E-02  4.00008351E-01  4.52509150E-03
9.87847914E-02  4.18435067E-01  4.65163542E-03
9.90757628E-02  4.34698850E-01  4.95829480E-03
9.93667342E-02  4.41697001E-01  5.00187045E-03
9.96577056E-02  4.67187554E-01  5.34247514E-03
9.99486770E-02  4.92237806E-01  5.90513553E-03
1.00239648E-01  5.07818043E-01  5.87753626E-03
1.00530620E-01  5.51671088E-01  6.67176908E-03
1.00821591E-01  5.75281441E-01  6.78064208E-03
1.01112563E-01  6.05812013E-01  7.01663503E-03
1.01403534E-01  6.37867928E-01  6.90375036E-03
1.01694505E-01  6.62127852E-01  6.83832215E-03
1.01985477E-01  7.08833158E-01  7.26770936E-03
1.02276448E-01  7.50855029E-01  7.12916488E-03
1.02567420E-01  7.85343766E-01  6.93618320E-03
1.02858391E-01  8.19453359E-01  6.91866875E-03
1.03149362E-01  8.37471902E-01  7.14249117E-03
1.03440334E-01  8.52026880E-01  8.11312720E-03
1.03731305E-01  8.88588011E-01  9.08230431E-03
1.04022277E-01  9.41150367E-01  1.19741661E-02
1.04313248E-01  1.01591039E+00  1.55593241E-02
1.04604219E-01  1.14903927E+00  2.16883719E-02
1.04895191E-01  1.33809209E+00  2.93051340E-02
1.05186162E-01  1.56754100E+00  3.71079743E-02
1.05477134E-01  1.86155355E+00  4.64017205E-02
1.05768105E-01  2.11361599E+00  5.03205657E-02
1.06059076E-01  2.36960793E+00  5.26768379E-02
1.06350048E-01  2.56181169E+00  4.99563552E-02
1.06641019E-01  2.74088669E+00  4.64573652E-02
1.06931991E-01  2.90806937E+00  4.38262522E-02
1.07222962E-01  3.03760600E+00  4.31052856E-02
1.07513933E-01  3.14715004E+00  4.44552973E-02
1.07804905E-01  3.22103810E+00  4.85633798E-02
1.08095876E-01  3.16088891E+00  4.88761328E-02
1.08386848E-01  2.98782945E+00  4.87714894E-02
1.08677819E-01  2.63186789E+00  4.12228443E-02
1.08968790E-01  2.22488165E+00  3.33261639E-02
1.09259762E-01  1.84522521E+00  2.49267556E-02
1.09550733E-01  1.54596066E+00  1.85191575E-02
1.09841705E-01  1.34880519E+00  1.46101806E-02
1.10132676E-01  1.19824779E+00  1.17086293E-02
1.10423647E-01  1.09946525E+00  1.01032248E-02
1.10714619E-01  1.02430594E+00  9.00386367E-03
1.11005590E-01  9.69927132E-01  8.20719730E-03
1.11296562E-01  9.46169496E-01  8.18367116E-03
1.11587533E-01  9.17600811E-01  7.62201287E-03
1.11878504E-01  8.98399591E-01  7.51494011E-03
1.12169476E-01  8.83685589E-01  7.36424979E-03
1.12460447E-01  8.60399723E-01  7.01893261E-03
1.12751419E-01  8.55398178E-01  6.89209392E-03
1.13042390E-01  8.45349967E-01  6.80155493E-03
1.13333362E-01  8.51447463E-01  6.89495914E-03
1.13624333E-01  8.39098096E-01  6.46366319E-03
1.13915304E-01  8.31152558E-01  6.59221504E-03
1.14206276E-01  8.36078823E-01  6.84340391E-03
1.14497247E-01  8.40948462E-01  6.57468848E-03
1.14788219E-01  8.21306169E-01  6.68976083E-03
1.15079190E-01  8.35828900E-01  6.69664051E-03
1.15370161E-01  8.22988987E-01  6.50989544E-03
1.15661133E-01  8.32642376E-01  6.46584993E-03
1.15952104E-01  8.48406911E-01  6.65016891E-03
1.16243076E-01  8.51964474E-01  6.66350732E-03
1.16534047E-01  8.65427792E-01  6.81789313E-03
1.16825018E-01  8.62812281E-01  6.59802882E-03
1.17115990E-01  8.64493847E-01  6.52372045E-03
1.17406961E-01  8.77238154E-01  6.51287148E-03
1.17697933E-01  8.89405131E-01  6.48554554E-03
1.17988904E-01  8.94861698E-01  6.48612250E-03
1.18279875E-01  8.93113017E-01  6.23300672E-03
1.18570847E-01  8.87176931E-01  6.18667388E-03
1.18861818E-01  8.92025113E-01  6.00461103E-03
1.19152790E-01  8.66438270E-01  6.03103219E-03
1.19443761E-01  8.59092236E-01  6.19187020E-03
1.19734732E-01  8.42736423E-01  6.10204414E-03
1.20025704E-01  8.23806167E-01  6.00094441E-03
1.20316675E-01  8.17331791E-01  5.77251334E-03
1.20607647E-01  8.18746865E-01  6.14792667E-03
1.20898618E-01  8.03123653E-01  5.71752200E-03
1.21189589E-01  8.16491127E-01  5.97766740E-03
1.21480561E-01  8.02558362E-01  5.70108928E-03
1.21771532E-01  7.96396732E-01  5.73799852E-03
1.22062504E-01  7.89440155E-01  5.94384596E-03
1.22353475E-01  7.86606669E-01  5.90549596E-03
1.22644446E-01  7.85722554E-01  5.96617628E-03
1.22935418E-01  7.92398512E-01  5.96325379E-03
1.23226389E-01  7.87720978E-01  5.81216021E-03
1.23517361E-01  7.77299225E-01  5.83905866E-03
1.23808332E-01  7.78461814E-01  5.64908702E-03
1.24099303E-01  7.69576073E-01  5.69423242E-03
1.24390275E-01  7.70421743E-01  5.64906280E-03
1.24681246E-01  7.69164681E-01  5.69897797E-03
1.24972218E-01  7.74714351E-01  5.73135586E-03
1.25263189E-01  7.71425605E-01  5.79960225E-03
1.25554160E-01  7.65730143E-01  5.58878109E-03
1.25845132E-01  7.63064325E-01  5.49897598E-03
1.26136103E-01  7.62000918E-01  5.74464630E-03
1.26427075E-01  7.49610543E-01  5.68064488E-03
1.26718046E-01  7.60301590E-01  5.71640162E-03
1.27009017E-01  7.53801942E-01  5.81172900E-03
1.27299989E-01  7.57404029E-01  5.60308667E-03
1.27590960E-01  7.59011090E-01  5.77574456E-03
1.27881932E-01  7.49949157E-01  5.39757824E-03
1.28172903E-01  7.48052895E-01  5.81418490E-03
1.28463874E-01  7.51260519E-01  5.83062042E-03
1.28754846E-01  7.46597946E-01  5.58786513E-03
1.29045817E-01  7.51418054E-01  5.67682693E-03
1.29336789E-01  7.44375527E-01  5.63922664E-03
1.29627760E-01  7.44262099E-01  5.92216616E-03
1.29918731E-01  7.41593719E-01  5.69002377E-03
1.30209703E-01  7.43907809E-01  5.84504986E-03
1.30500674E-01  7.46441603E-01  5.78452460E-03
1.30791646E-01  7.38105357E-01  5.89577295E-03
1.31082617E-01  7.46369481E-01  5.54192159E-03
1.31373589E-01  7.36120164E-01  5.65313082E-03
1.31664560E-01  7.28215754E-01  5.59156807E-03
1.31955531E-01  7.23001599E-01  5.59540838E-03
1.32246503E-01  7.08996296E-01  5.53195318E-03
1.32537474E-01  7.21367419E-01  5.58513543E-03
1.32828446E-01  7.16807306E-01  5.39195212E-03
1.33119417E-01  7.24498868E-01  5.54316072E-03
1.33410388E-01  7.21788168E-01  5.61709097E-03
1.33701360E-01  7.12987125E-01  5.43542160E-03
1.33992331E-01  6.98619664E-01  5.41308057E-03
1.34283303E-01  7.01530516E-01  5.50683448E-03
1.34574274E-01  7.04675496E-01  5.32002049E-03
1.34865245E-01  7.14774430E-01  5.45304641E-03
1.35156217E-01  7.12484121E-01  5.34661813E-03
1.35447188E-01  7.15940475E-01  5.46404533E-03
1.35738160E-01  7.01984286E-01  5.52460551E-03
1.36029131E-01  7.04452217E-01  5.45999082E-03
1.36320102E-01  7.11147964E-01  5.40278200E-03
1.36611074E-01  7.06459165E-01  5.34652965E-03
1.36902045E-01  7.07849860E-01  5.46570541E-03
1.37193017E-01  7.03223348E-01  5.45444712E-03
1.37483988E-01  7.04289198E-01  5.41865127E-03
1.37774959E-01  7.06476748E-01  5.48609067E-03
1.38065931E-01  7.05507934E-01  5.42323245E-03
1.38356902E-01  7.14577854E-01  5.51756332E-03
1.38647874E-01  7.04282165E-01  5.33695659E-03
1.38938845E-01  7.05716372E-01  5.27294585E-03
1.39229816E-01  7.04263210E-01  5.39537007E-03
1.39520788E-01  7.01336980E-01  5.44107519E-03
1.39811759E-01  6.97279871E-01  5.40356943E-03
1.40102731E-01  7.09731162E-01  5.38792834E-03
1.40393702E-01  7.05893278E-01  5.39793679E-03
1.40684673E-01  7.09060550E-01  5.47087751E-03
1.40975645E-01  7.01099038E-01  5.45286620E-03
1.41266616E-01  7.03712821E-01  5.41768782E-03
1.41557588E-01  7.09727824E-01  5.45822317E-03
1.41848559E-01  7.06193149E-01  5.36298752E-03
1.42139530E-01  7.02876091E-01  5.32352412E-03
1.42430502E-01  7.11560369E-01  5.53588057E-03
1.42721473E-01  7.11979508E-01  5.41167194E-03
1.43012445E-01  7.11757660E-01  5.34508890E-03
1.43303416E-01  7.11205959E-01  5.37298992E-03
1.43594387E-01  7.08970368E-01  5.01949713E-03
1.43885359E-01  7.11147845E-01  5.39089413E-03
1.44176330E-01  7.17091739E-01  5.42039657E-03
1.44467302E-01  7.08337963E-01  5.46292309E-03
1.44758273E-01  7.21811831E-01  5.53265819E-03
1.45049244E-01  7.21334696E-01  5.49234124E-03
1.45340216E-01  7.13662982E-01  5.55904629E-03
1.45631187E-01  7.27117598E-01  5.40636340E-03
1.45922159E-01  7.25428641E-01  5.42638870E-03
1.46213130E-01  7.25202382E-01  5.47139300E-03
1.46504101E-01  7.29958653E-01  5.48582710E-03
1.46795073E-01  7.32229054E-01  5.63712325E-03
1.47086044E-01  7.31894135E-01  5.39396657E-03
1.47377016E-01  7.37215579E-01  5.52696316E-03
1.47667987E-01  7.39452839E-01  5.65456972E-03
1.47958958E-01  7.45471537E-01  5.68953250E-03
1.48249930E-01  7.44212151E-01  5.66814980E-03
1.48540901E-01  7.46847391E-01  5.85444504E-03
1.48831873E-01  7.51857698E-01  5.72963804E-03
1.49122844E-01  7.55594909E-01  5.79440501E-03
1.49413815E-01  7.57141352E-01  5.84723661E-03
1.49704787E-01  7.61803865E-01  6.00832840E-03
1.49995758E-01  7.63075709E-01  5.82412770E-03
1.50286730E-01  7.66323745E-01  5.84394904E-03
1.50577701E-01  7.83486485E-01  6.04398595E-03
1.50868673E-01  7.87747383E-01  6.08156668E-03
1.51159644E-01  7.92604208E-01  5.96527569E-03
1.51450615E-01  7.89720476E-01  6.17463561E-03
1.51741587E-01  7.98203707E-01  6.22996315E-03
1.52032558E-01  7.97018647E-01  6.11374667E-03
1.52323530E-01  8.16683590E-01  6.53306674E-03
1.52614501E-01  8.26060653E-01  6.52634818E-03
1.52905472E-01  8.33221912E-01  6.77814754E-03
1.53196444E-01  8.28729391E-01  6.47980254E-03
1.53487415E-01  8.41498733E-01  6.61255373E-03
1.53778387E-01  8.53693902E-01  6.88382518E-03
1.54069358E-01  8.66058767E-01  6.95271371E-03
1.54360329E-01  8.83950531E-01  7.17421202E-03
1.54651301E-01  8.83373559E-01  7.14158826E-03
1.54942272E-01  8.96454751E-01  7.30828056E-03
1.55233244E-01  9.26487446E-01  7.76263559E-03
1.55524215E-01  9.38207388E-01  8.01431108E-03
1.55815186E-01  9.53204036E-01  8.10689572E-03
1.56106158E-01  9.83197331E-01  8.56529549E-03
1.56397129E-01  9.92240787E-01  8.64404254E-03
1.56688101E-01  1.04120803E+00  9.69858374E-03
1.56979072E-01  1.06394494E+00  1.00110983E-02
1.57270043E-01  1.11117423E+00  1.12360977E-02
1.57561015E-01  1.18408394E+00  1.26165682E-02
1.57851986E-01  1.25689554E+00  1.46004846E-02
1.58142958E-01  1.34432912E+00  1.64726134E-02
1.58433929E-01  1.43146181E+00  1.79261360E-02
1.58724900E-01  1.55342627E+00  2.02761404E-02
1.59015872E-01  1.67015171E+00  2.18939874E-02
1.59306843E-01  1.75846207E+00  2.26517804E-02
1.59597815E-01  1.86282873E+00  2.27992609E-02
1.59888786E-01  1.93354750E+00  2.23266259E-02
1.60179757E-01  2.02675772E+00  2.22313367E-02
1.60470729E-01  2.05691695E+00  2.16602534E-02
1.60761700E-01  2.08987880E+00  2.17609089E-02
1.61052672E-01  2.09776998E+00  2.17957553E-02
1.61343643E-01  2.08984756E+00  2.21217647E-02
1.61634614E-01  2.05044580E+00  2.24751625E-02
1.61925586E-01  1.95694113E+00  2.14223675E-02
1.62216557E-01  1.84332311E+00  2.03162692E-02
1.62507529E-01  1.70118296E+00  1.76278930E-02
1.62798500E-01  1.56158423E+00  1.58663001E-02
1.63089471E-01  1.43694735E+00  1.41892852E-02
1.63380443E-01  1.32578504E+00  1.24039268E-02
1.63671414E-01  1.23009503E+00  1.12206060E-02
1.63962386E-01  1.16227365E+00  1.00703528E-02
1.64253357E-01  1.09063292E+00  9.33348108E-03
1.64544328E-01  1.05329871E+00  8.86403490E-03
1.64835300E-01  9.98217940E-01  8.42748303E-03
1.65126271E-01  9.68482316E-01  8.02973006E-03
1.65417243E-01  9.43325996E-01  7.67155504E-03
1.65708214E-01  9.19455290E-01  7.41676148E-03
1.65999185E-01  9.00177836E-01  7.18870712E-03
1.66290157E-01  8.82872462E-01  7.07962830E-03
1.66581128E-01  8.64280939E-01  6.99705351E-03
1.66872100E-01  8.40664566E-01  6.67444104E-03
1.67163071E-01  8.20346534E-01  6.45860704E-03
1.67454042E-01  8.14702272E-01  6.39867550E-03
1.67745014E-01  7.98319399E-01  6.30317209E-03
1.68035985E-01  7.90334344E-01  6.33683801E-03
1.68326957E-01  7.75916636E-01  5.99751482E-03
1.68617928E-01  7.67513335E-01  6.17705146E-03
1.68908900E-01  7.63557613E-01  6.10944163E-03
1.69199871E-01  7.47650027E-01  5.80379739E-03
1.69490842E-01  7.54527569E-01  5.99381933E-03
1.69781814E-01  7.36299932E-01  5.80865750E-03
1.70072785E-01  7.17396379E-01  5.51250111E-03
1.70363757E-01  7.16136813E-01  5.58245042E-03
1.70654728E-01  7.14946866E-01  5.40268607E-03
1.70945699E-01  6.97722971E-01  5.39030181E-03
1.71236671E-01  6.93662345E-01  5.27347531E-03
1.71527642E-01  6.86371267E-01  5.34310658E-03
1.71818614E-01  6.75585449E-01  5.17558539E-03
1.72109585E-01  6.70030296E-01  4.91924165E-03
1.72400556E-01  6.60607696E-01  5.04319742E-03
1.72691528E-01  6.58565462E-01  5.19978954E-03
1.72982499E-01  6.59100354E-01  5.18826721E-03
1.73273471E-01  6.51326537E-01  4.82323673E-03
1.73564442E-01  6.40416205E-01  5.00388676E-03
1.73855413E-01  6.28703356E-01  4.83036274E-03
1.74146385E-01  6.29597783E-01  4.91193542E-03
1.74437356E-01  6.22222483E-01  4.85661114E-03
1.74728328E-01  6.25852585E-01  4.73304885E-03
1.75019299E-01  6.11609697E-01  4.66818130E-03
1.75310270E-01  6.08910441E-01  4.82911803E-03
1.75601242E-01  6.04013443E-01  4.74306149E-03
1.75892213E-01  5.94620943E-01  4.55084862E-03
1.76183185E-01  5.88205993E-01  4.61448962E-03
1.76474156E-01  5.94439209E-01  4.58100252E-03
1.76765127E-01  5.80824196E-01  4.44694143E-03
1.77056099E-01  5.82375169E-01  4.52986592E-03
1.77347070E-01  5.80236852E-01  4.53119399E-03
1.77638042E-01  5.71970105E-01  4.48322808E-03
1.77929013E-01  5.69683313E-01  4.46559070E-03
1.78219984E-01  5.62762737E-01  4.32639429E-03
1.78510956E-01  5.54232776E-01  4.32495074E-03
1.78801927E-01  5.56863070E-01  4.32515563E-03
1.79092899E-01  5.52867353E-01  4.35595680E-03
1.79383870E-01  5.48385561E-01  4.31352109E-03
1.79674841E-01  5.43368757E-01  4.26130416E-03
1.79965813E-01  5.36846638E-01  4.22981102E-03
1.80256784E-01  5.36757469E-01  4.02206415E-03
1.80547756E-01  5.32691360E-01  4.22599539E-03
1.80838727E-01  5.27669489E-01  4.18264605E-03
1.81129698E-01  5.22139847E-01  3.91337834E-03
1.81420670E-01  5.18823564E-01  4.15507890E-03
1.81711641E-01  5.14754295E-01  4.03836183E-03
1.82002613E-01  5.07833838E-01  4.07616049E-03
1.82293584E-01  5.13329268E-01  4.01035137E-03
1.82584555E-01  5.11244535E-01  3.87064251E-03
1.82875527E-01  5.02572954E-01  3.84585257E-03
1.83166498E-01  5.06009161E-01  4.04687505E-03
1.83457470E-01  4.97639716E-01  3.85165680E-03
1.83748441E-01  4.95450914E-01  3.85079836E-03
1.84039412E-01  4.91652340E-01  3.99447838E-03
1.84330384E-01  4.90852296E-01  3.90319619E-03
1.84621355E-01  4.82488990E-01  3.86809977E-03
1.84912327E-01  4.78108287E-01  3.82035342E-03
1.85203298E-01  4.75565612E-01  3.84766771E-03
1.85494269E-01  4.71184433E-01  3.78035847E-03
1.85785241E-01  4.72075820E-01  3.71723273E-03
1.86076212E-01  4.66461033E-01  3.76228453E-03
1.86367184E-01  4.68197584E-01  3.72761791E-03
1.86658155E-01  4.64795411E-01  3.73520865E-03
1.86949126E-01  4.54816282E-01  3.58548365E-03
1.87240098E-01  4.60848153E-01  3.63164512E-03
1.87531069E-01  4.51300859E-01  3.66805331E-03
1.87822041E-01  4.54439044E-01  3.64280422E-03
1.88113012E-01  4.47577626E-01  3.64664220E-03
1.88403984E-01  4.50016469E-01  3.64384311E-03
1.88694955E-01  4.45847929E-01  3.63544910E-03
1.88985926E-01  4.44058090E-01  3.55779892E-03
1.89276898E-01  4.40362692E-01  3.51609779E-03
1.89567869E-01  4.40597057E-01  3.59604065E-03
1.89858841E-01  4.36917096E-01  3.49521800E-03
1.90149812E-01  4.34766293E-01  3.47535661E-03
1.90440783E-01  4.30493951E-01  3.50769004E-03
1.90731755E-01  4.24490273E-01  3.49458260E-03
1.91022726E-01  4.22865987E-01  3.41414707E-03
1.91313698E-01  4.22140539E-01  3.42785544E-03
1.91604669E-01  4.18921798E-01  3.46892094E-03
1.91895640E-01  4.18207049E-01  3.34628555E-03
1.92186612E-01  4.15287346E-01  3.43171973E-03
1.92477583E-01  4.15145367E-01  3.39015340E-03
1.92768555E-01  4.12465841E-01  3.37189506E-03
1.93059526E-01  4.10479307E-01  3.45757208E-03
1.93350497E-01  4.12219405E-01  3.45338089E-03
1.93641469E-01  4.06402946E-01  3.29022063E-03
1.93932440E-01  4.04414535E-01  3.37869837E-03
1.94223412E-01  4.10220772E-01  3.38545465E-03
1.94514383E-01  4.07102257E-01  3.39921773E-03
1.94805354E-01  3.92951369E-01  3.30521492E-03
1.95096326E-01  3.94176781E-01  3.24790855E-03
1.95387297E-01  3.96539778E-01  3.18269734E-03
1.95678269E-01  3.94196481E-01  3.35448398E-03
1.95969240E-01  3.89962196E-01  3.31737357E-03
1.96260211E-01  3.89631778E-01  3.21176695E-03
1.96551183E-01  3.88419569E-01  3.33102606E-03
1.96842154E-01  3.83999228E-01  3.25828930E-03
1.97133126E-01  3.84685785E-01  3.23131983E-03
1.97424097E-01  3.82019401E-01  3.23781557E-03
1.97715068E-01  3.79583299E-01  3.25719384E-03
1.98006040E-01  3.76187623E-01  3.11944610E-03
1.98297011E-01  3.72956514E-01  3.16582574E-03
1.98587983E-01  3.71777236E-01  3.14817484E-03
1.98878954E-01  3.71146083E-01  3.08758905E-03
1.99169925E-01  3.75165254E-01  3.11395014E-03
1.99460897E-01  3.69574368E-01  3.12647759E-03
1.99751868E-01  3.71109813E-01  3.19994963E-03
2.00042840E-01  3.67569327E-01  3.20363231E-03
2.00333811E-01  3.66358042E-01  3.18539701E-03
2.00624782E-01  3.59739125E-01  3.11660231E-03
2.00915754E-01  3.58595848E-01  3.07266298E-03
2.01206725E-01  3.61350000E-01  3.08580627E-03
2.01497697E-01  3.60855490E-01  3.08656436E-03
2.01788668E-01  3.62753451E-01  3.16392933E-03
2.02079639E-01  3.63328964E-01  3.22337518E-03
2.02370611E-01  3.57283860E-01  3.03992280E-03
2.02661582E-01  3.57111752E-01  3.06805689E-03
2.02952554E-01  3.62636089E-01  3.09749995E-03
2.03243525E-01  3.49956036E-01  3.10330768E-03
2.03534496E-01  3.52174103E-01  3.14644817E-03
2.03825468E-01  3.55947107E-01  3.04595847E-03
2.04116439E-01  3.50192338E-01  3.04314867E-03
2.04407411E-01  3.49792004E-01  3.13562853E-03
2.04698382E-01  3.48774493E-01  3.05370451E-03
2.04989353E-01  3.50717068E-01  3.11266701E-03
2.05280325E-01  3.55999291E-01  3.02442815E-03
2.05571296E-01  3.48408282E-01  3.21587245E-03
2.05862268E-01  3.44429702E-01  3.06894677E-03
2.06153239E-01  3.49552900E-01  3.12587759E-03
2.06444211E-01  3.50137323E-01  3.10579152E-03
2.06735182E-01  3.51299405E-01  3.13510676E-03
2.07026153E-01  3.51331413E-01  3.11768777E-03
2.07317125E-01  3.51237804E-01  3.10799060E-03
2.07608096E-01  3.53465229E-01  3.15709063E-03
2.07899068E-01  3.54635298E-01  3.07746371E-03
2.08190039E-01  3.49498272E-01  3.11621139E-03
2.08481010E-01  3.55329335E-01  3.28871328E-03
2.08771982E-01  3.56837004E-01  3.10559315E-03
2.09062953E-01  3.61154199E-01  3.31486226E-03
2.09353925E-01  3.56799066E-01  3.14310240E-03
2.09644896E-01  3.61654609E-01  3.22431279E-03
2.09935867E-01  3.68380278E-01  3.35804583E-03
2.10226839E-01  3.68251503E-01  3.45767848E-03
2.10517810E-01  3.76739472E-01  3.53166251E-03
2.10808782E-01  3.78623664E-01  3.51806264E-03
2.11099753E-01  3.80941719E-01  3.62814311E-03
2.11390724E-01  3.94338489E-01  3.81488143E-03
2.11681696E-01  4.00897712E-01  3.81719274E-03
2.11972667E-01  4.08577174E-01  3.93140502E-03
2.12263639E-01  4.19004321E-01  3.99872102E-03
2.12554610E-01  4.23220694E-01  4.05990193E-03
2.12845581E-01  4.35286731E-01  4.10000328E-03
2.13136553E-01  4.32412297E-01  4.15805960E-03
2.13427524E-01  4.44712281E-01  4.18513175E-03
2.13718496E-01  4.48752046E-01  4.14820341E-03
2.14009467E-01  4.44363862E-01  4.08008741E-03
2.14300438E-01  4.49036509E-01  4.10497468E-03
2.14591410E-01  4.37670648E-01  4.12317412E-03
2.14882381E-01  4.30977553E-01  4.02644137E-03
2.15173353E-01  4.27474797E-01  3.83895147E-03
2.15464324E-01  4.20168102E-01  3.83729022E-03
2.15755295E-01  4.13048774E-01  3.74964369E-03
2.16046267E-01  4.02719766E-01  3.65923694E-03
2.16337238E-01  3.88526499E-01  3.58534674E-03
2.16628210E-01  3.74964714E-01  3.36286519E-03
2.16919181E-01  3.62579137E-01  3.38722952E-03
2.17210152E-01  3.50330174E-01  3.20684095E-03
2.17501124E-01  3.43407422E-01  3.14732781E-03
2.17792095E-01  3.32692713E-01  3.08001880E-03
2.18083067E-01  3.22530001E-01  2.87296087E-03
2.18374038E-01  3.13312203E-01  2.90684099E-03
2.18665009E-01  3.06190610E-01  2.77100503E-03
2.18955981E-01  3.05348873E-01  2.85565783E-03
2.19246952E-01  2.99594820E-01  2.67787138E-03
2.19537924E-01  2.94071078E-01  2.71862559E-03
2.19828895E-01  2.86518574E-01  2.67904438E-03
2.20119866E-01  2.80545861E-01  2.62521766E-03
2.20410838E-01  2.77826965E-01  2.57583312E-03
2.20701809E-01  2.70495594E-01  2.46589282E-03
2.20992781E-01  2.67802626E-01  2.44746148E-03
2.21283752E-01  2.68786132E-01  2.49483576E-03
2.21574723E-01  2.61538118E-01  2.41767010E-03
2.21865695E-01  2.60395527E-01  2.47301487E-03
2.22156666E-01  2.60501027E-01  2.45539309E-03
2.22447638E-01  2.52254486E-01  2.32338416E-03
2.22738609E-01  2.51635313E-01  2.33645272E-03
2.23029580E-01  2.50412077E-01  2.29596626E-03
2.23320552E-01  2.45944589E-01  2.35564541E-03
2.23611523E-01  2.44117454E-01  2.27025431E-03
2.23902495E-01  2.40992084E-01  2.24058051E-03
2.24193466E-01  2.36980975E-01  2.22930196E-03
2.24484437E-01  2.34003887E-01  2.21339008E-03
2.24775409E-01  2.29125589E-01  2.16911500E-03
2.25066380E-01  2.28804469E-01  2.11316324E-03
2.25357352E-01  2.28885427E-01  2.16066837E-03
2.25648323E-01  2.27269292E-01  2.14824313E-03
2.25939295E-01  2.21689224E-01  2.09414656E-03
2.26230266E-01  2.21869171E-01  2.10372685E-03
2.26521237E-01  2.19041318E-01  2.05771229E-03
2.26812209E-01  2.18542472E-01  2.11418862E-03
2.27103180E-01  2.17586175E-01  2.10608286E-03
2.27394152E-01  2.13246837E-01  1.97504903E-03
2.27685123E-01  2.10773006E-01  2.00211536E-03
2.27976094E-01  2.09957123E-01  1.99215207E-03
2.28267066E-01  2.08590582E-01  2.01202161E-03
2.28558037E-01  2.07241327E-01  2.00131699E-03
2.28849009E-01  2.08341718E-01  1.97253213E-03
2.29139980E-01  2.04468712E-01  2.04773014E-03
2.29430951E-01  2.06028536E-01  1.94513961E-03
2.29721923E-01  2.02745512E-01  1.96858798E-03
2.30012894E-01  1.99897960E-01  1.98358996E-03
2.30303866E-01  2.00169474E-01  1.91246218E-03
2.30594837E-01  1.97614029E-01  1.89061335E-03
2.30885808E-01  1.95100799E-01  1.91609771E-03
2.31176780E-01  1.95332780E-01  1.97588862E-03
2.31467751E-01  1.94911331E-01  1.93760043E-03
2.31758723E-01  1.92075044E-01  1.90866366E-03
2.32049694E-01  1.92699701E-01  1.88678724E-03
2.32340665E-01  1.88868850E-01  1.88322668E-03
2.32631637E-01  1.88788533E-01  1.81485293E-03
2.32922608E-01  1.89422384E-01  1.84629136E-03
2.33213580E-01  1.84392527E-01  1.83720887E-03
2.33504551E-01  1.83524773E-01  1.77971541E-03
2.33795522E-01  1.84391871E-01  1.85257802E-03
2.34086494E-01  1.81510717E-01  1.79241982E-03
2.34377465E-01  1.81400612E-01  1.79767550E-03
2.34668437E-01  1.84214532E-01  1.82345184E-03
2.34959408E-01  1.81363121E-01  1.79123413E-03
2.35250379E-01  1.78251192E-01  1.81493815E-03
2.35541351E-01  1.78066775E-01  1.76697585E-03
2.35832322E-01  1.77776545E-01  1.73580402E-03
2.36123294E-01  1.74241960E-01  1.71453587E-03
2.36414265E-01  1.75105557E-01  1.75078481E-03
2.36705236E-01  1.74223468E-01  1.72501092E-03
2.36996208E-01  1.74573541E-01  1.71950331E-03
2.37287179E-01  1.71531200E-01  1.73168327E-03
2.37578151E-01  1.70902967E-01  1.73254684E-03
2.37869122E-01  1.70125365E-01  1.71498058E-03
2.38160093E-01  1.68015465E-01  1.69133395E-03
2.38451065E-01  1.65708020E-01  1.66097749E-03
2.38742036E-01  1.65734231E-01  1.67227804E-03
2.39033008E-01  1.67763814E-01  1.71694905E-03
2.39323979E-01  1.67242885E-01  1.69914321E-03
2.39614950E-01  1.65283084E-01  1.65598444E-03
2.39905922E-01  1.66032776E-01  1.65401737E-03
2.40196893E-01  1.64204538E-01  1.71427964E-03
2.40487865E-01  1.61703885E-01  1.63429289E-03
2.40778836E-01  1.62060231E-01  1.63373980E-03
2.41069807E-01  1.62337184E-01  1.67610159E-03
2.41360779E-01  1.59269556E-01  1.60944345E-03
2.41651750E-01  1.60853267E-01  1.63683610E-03
2.41942722E-01  1.58293977E-01  1.65184250E-03
2.42233693E-01  1.60290927E-01  1.61346106E-03
2.42524664E-01  1.58325985E-01  1.63843599E-03
2.42815636E-01  1.59024343E-01  1.62951427E-03
2.43106607E-01  1.57812044E-01  1.63983577E-03
2.43397579E-01  1.56112641E-01  1.57544808E-03
2.43688550E-01  1.55362844E-01  1.58108014E-03
2.43979522E-01  1.53828144E-01  1.61307689E-03
2.44270493E-01  1.55081958E-01  1.59840344E-03
2.44561464E-01  1.54195443E-01  1.60222896E-03
2.44852436E-01  1.52164340E-01  1.52801932E-03
2.45143407E-01  1.54550910E-01  1.59190246E-03
2.45434379E-01  1.52978316E-01  1.59998296E-03
2.45725350E-01  1.53136462E-01  1.56766479E-03
2.46016321E-01  1.53618187E-01  1.58198434E-03
2.46307293E-01  1.50449604E-01  1.56817853E-03
2.46598264E-01  1.51491448E-01  1.54944684E-03
2.46889236E-01  1.48561075E-01  1.59246894E-03
2.47180207E-01  1.48323268E-01  1.55079539E-03
2.47471178E-01  1.49528265E-01  1.55537471E-03
2.47762150E-01  1.46146327E-01  1.53280480E-03
2.48053121E-01  1.50245264E-01  1.61198329E-03
2.48344093E-01  1.48959920E-01  1.56806177E-03
2.48635064E-01  1.46460474E-01  1.56994245E-03
2.48926035E-01  1.46729589E-01  1.55459682E-03
2.49217007E-01  1.46013156E-01  1.56198267E-03
2.49507978E-01  1.44103840E-01  1.57662458E-03
2.49798950E-01  1.45523131E-01  1.58597936E-03
2.50089921E-01  1.44607931E-01  1.54268020E-03
2.50380892E-01  1.46386161E-01  1.54527859E-03
2.50671864E-01  1.45612970E-01  1.53756596E-03
2.50962835E-01  1.42029673E-01  1.52854703E-03
2.51253807E-01  1.44335568E-01  1.55506213E-03
2.51544778E-01  1.43508285E-01  1.56308943E-03
2.51835749E-01  1.44309819E-01  1.58223230E-03
2.52126721E-01  1.42621875E-01  1.49016292E-03
2.52417692E-01  1.40872896E-01  1.51804648E-03
2.52708664E-01  1.39430955E-01  1.51495833E-03
2.52999635E-01  1.39722556E-01  1.50753732E-03
2.53290606E-01  1.40149832E-01  1.54202839E-03
2.53581578E-01  1.40244007E-01  1.52216095E-03
2.53872549E-01  1.38763204E-01  1.49120647E-03
2.54163521E-01  1.36674210E-01  1.49765657E-03
2.54454492E-01  1.38229296E-01  1.52236479E-03
2.54745463E-01  1.38476685E-01  1.48242828E-03
2.55036435E-01  1.38071150E-01  1.48122443E-03
2.55327406E-01  1.38539851E-01  1.50400994E-03
2.55618378E-01  1.36240631E-01  1.48505007E-03
2.55909349E-01  1.36183426E-01  1.47813745E-03
2.56200320E-01  1.38777584E-01  1.51943578E-03
2.56491292E-01  1.33962929E-01  1.45731645E-03
2.56782263E-01  1.33738220E-01  1.44579832E-03
2.57073235E-01  1.35992959E-01  1.48011628E-03
2.57364206E-01  1.37203097E-01  1.48071896E-03
2.57655177E-01  1.36226282E-01  1.48733158E-03
2.57946149E-01  1.32714793E-01  1.44422904E-03
2.58237120E-01  1.35367215E-01  1.49774388E-03
2.58528092E-01  1.34351745E-01  1.46135443E-03
2.58819063E-01  1.33310139E-01  1.45239453E-03
2.59110034E-01  1.34687245E-01  1.46851095E-03
2.59401006E-01  1.36196092E-01  1.50411262E-03
2.59691977E-01  1.31929576E-01  1.41137035E-03
2.59982949E-01  1.31372601E-01  1.43671653E-03
2.60273920E-01  1.33345336E-01  1.45606964E-03
2.60564891E-01  1.33970603E-01  1.43765414E-03
2.60855863E-01  1.33847460E-01  1.44966983E-03
2.61146834E-01  1.33652627E-01  1.45578221E-03
2.61437806E-01  1.32484645E-01  1.45463948E-03
2.61728777E-01  1.35427907E-01  1.44412753E-03
2.62019748E-01  1.33410320E-01  1.43343816E-03
2.62310720E-01  1.35002226E-01  1.46213465E-03
2.62601691E-01  1.31507695E-01  1.43807894E-03
2.62892663E-01  1.33560687E-01  1.40601606E-03
2.63183634E-01  1.32270455E-01  1.42452330E-03
2.63474606E-01  1.32363588E-01  1.41694536E-03
2.63765577E-01  1.32222235E-01  1.45119452E-03
2.64056548E-01  1.32935792E-01  1.42144994E-03
2.64347520E-01  1.32396713E-01  1.41781359E-03
2.64638491E-01  1.29191741E-01  1.43197342E-03
2.64929463E-01  1.29486322E-01  1.41647097E-03
2.65220434E-01  1.29791975E-01  1.41298375E-03
2.65511405E-01  1.30899340E-01  1.40147738E-03
2.65802377E-01  1.31372213E-01  1.42376614E-03
2.66093348E-01  1.29811257E-01  1.39980915E-03
2.66384320E-01  1.30940884E-01  1.43405038E-03
2.66675291E-01  1.28980875E-01  1.35838380E-03
2.66966262E-01  1.28530204E-01  1.36525871E-03
2.67257234E-01  1.30644560E-01  1.41218666E-03
2.67548205E-01  1.28312051E-01  1.37555448E-03
2.67839177E-01  1.29213706E-01  1.44040992E-03
2.68130148E-01  1.29113972E-01  1.37470313E-03
2.68421119E-01  1.27166569E-01  1.41833117E-03
2.68712091E-01  1.28584266E-01  1.39270781E-03
2.69003062E-01  1.27998784E-01  1.34719326E-03
2.69294034E-01  1.27500996E-01  1.36494159E-03
2.69585005E-01  1.26462549E-01  1.36448629E-03
2.69875976E-01  1.26700565E-01  1.36949855E-03
2.70166948E-01  1.26196906E-01  1.37627509E-03
2.70457919E-01  1.26572162E-01  1.34849048E-03
2.70748891E-01  1.25327528E-01  1.37349160E-03
2.71039862E-01  1.26551598E-01  1.36772427E-03
2.71330833E-01  1.25155777E-01  1.38043391E-03
2.71621805E-01  1.25955015E-01  1.37300370E-03
2.71912776E-01  1.24862440E-01  1.32897589E-03
2.72203748E-01  1.26616433E-01  1.39889994E-03
2.72494719E-01  1.25216484E-01  1.38487213E-03
2.72785690E-01  1.26256570E-01  1.36883568E-03
2.73076662E-01  1.25658706E-01  1.36773125E-03
2.73367633E-01  1.26876384E-01  1.36858306E-03
2.73658605E-01  1.24645256E-01  1.33999391E-03
2.73949576E-01  1.25930130E-01  1.34650385E-03
2.74240547E-01  1.26167327E-01  1.38916029E-03
2.74531519E-01  1.24466434E-01  1.36876840E-03
2.74822490E-01  1.27056673E-01  1.38650159E-03
2.75113462E-01  1.24534220E-01  1.34446193E-03
2.75404433E-01  1.25332445E-01  1.35624351E-03
2.75695404E-01  1.21727541E-01  1.36736582E-03
2.75986376E-01  1.24192618E-01  1.29640219E-03
2.76277347E-01  1.23131074E-01  1.33266381E-03
2.76568319E-01  1.24996275E-01  1.35802664E-03
2.76859290E-01  1.22160546E-01  1.37264852E-03
2.77150261E-01  1.23393230E-01  1.34248834E-03
2.77441233E-01  1.20821722E-01  1.31004618E-03
2.77732204E-01  1.23033777E-01  1.35007687E-03
2.78023176E-01  1.25384763E-01  1.34327612E-03
2.78314147E-01  1.24518447E-01  1.37140241E-03
2.78605118E-01  1.24315627E-01  1.36463565E-03
2.78896090E-01  1.23021975E-01  1.28181395E-03
2.79187061E-01  1.22226343E-01  1.30951987E-03
2.79478033E-01  1.25134915E-01  1.37691747E-03
2.79769004E-01  1.20866448E-01  1.31119322E-03
2.80059975E-01  1.22057885E-01  1.35785935E-03
2.80350947E-01  1.23245135E-01  1.34038902E-03
2.80641918E-01  1.23834059E-01  1.32167432E-03
2.80932890E-01  1.24466673E-01  1.32099714E-03
2.81223861E-01  1.24667682E-01  1.34114583E-03
2.81514833E-01  1.26495585E-01  1.38735888E-03
2.81805804E-01  1.23648822E-01  1.35498575E-03
2.82096775E-01  1.20628446E-01  1.32277899E-03
2.82387747E-01  1.23034008E-01  1.32195989E-03
2.82678718E-01  1.24805503E-01  1.38565444E-03
2.82969690E-01  1.23484597E-01  1.36494159E-03
2.83260661E-01  1.21150009E-01  1.34881027E-03
2.83551632E-01  1.22933164E-01  1.37794286E-03
2.83842604E-01  1.24215856E-01  1.39669015E-03
2.84133575E-01  1.22123808E-01  1.35393487E-03
2.84424547E-01  1.24634407E-01  1.36891042E-03
2.84715518E-01  1.23309061E-01  1.37569208E-03
2.85006489E-01  1.24058709E-01  1.37134246E-03
2.85297461E-01  1.24887124E-01  1.35738903E-03
2.85588432E-01  1.22642949E-01  1.33385323E-03
2.85879404E-01  1.21608429E-01  1.35745038E-03
2.86170375E-01  1.22466050E-01  1.36729458E-03
2.86461346E-01  1.18285857E-01  1.36003352E-03
2.86752318E-01  1.22069836E-01  1.39122608E-03
2.87043289E-01  1.20693475E-01  1.39882776E-03
2.87334261E-01  1.25927150E-01  1.39868259E-03
2.87625232E-01  1.22340024E-01  1.37184979E-03
2.87916203E-01  1.22480221E-01  1.40054349E-03
2.88207175E-01  1.21850550E-01  1.38877681E-03
2.88498146E-01  1.20726518E-01  1.38900615E-03
2.88789118E-01  1.21093050E-01  1.37438183E-03
2.89080089E-01  1.20952889E-01  1.37832225E-03
2.89371060E-01  1.24998868E-01  1.40727789E-03
2.89662032E-01  1.21971853E-01  1.41038548E-03
2.89953003E-01  1.24001302E-01  1.40540418E-03
2.90243975E-01  1.20573610E-01  1.40533794E-03
2.90534946E-01  1.22787483E-01  1.43522315E-03
2.90825917E-01  1.23251922E-01  1.41124870E-03
2.91116889E-01  1.24309853E-01  1.45073631E-03
2.91407860E-01  1.23725116E-01  1.42863952E-03
2.91698832E-01  1.24253683E-01  1.40519813E-03
2.91989803E-01  1.23800032E-01  1.37529953E-03
2.92280774E-01  1.22674450E-01  1.38803606E-03
2.92571746E-01  1.22483477E-01  1.35334337E-03
2.92862717E-01  1.22088179E-01  1.35150261E-03
2.93153689E-01  1.19064413E-01  1.33748376E-03
2.93444660E-01  1.20474525E-01  1.35943992E-03
2.93735631E-01  1.24142788E-01  1.37207471E-03
2.94026603E-01  1.22815073E-01  1.36694522E-03
2.94317574E-01  1.22531578E-01  1.37094117E-03
2.94608546E-01  1.21910796E-01  1.39057206E-03
2.94899517E-01  1.20472632E-01  1.38901197E-03
2.95190488E-01  1.25109434E-01  1.36876525E-03
2.95481460E-01  1.21501908E-01  1.41726225E-03
2.95772431E-01  1.24378785E-01  1.38862478E-03
2.96063403E-01  1.20401375E-01  1.35605747E-03
2.96354374E-01  1.22764207E-01  1.42800855E-03
2.96645345E-01  1.21156834E-01  1.39078079E-03
2.96936317E-01  1.21257544E-01  1.39723415E-03
2.97227288E-01  1.22268029E-01  1.37299788E-03
2.97518260E-01  1.25144243E-01  1.42856501E-03
2.97809231E-01  1.22007921E-01  1.39176147E-03
2.98100202E-01  1.21486329E-01  1.35735678E-03
2.98391174E-01  1.24173909E-01  1.42940762E-03
2.98682145E-01  1.22642390E-01  1.35273498E-03
2.98973117E-01  1.25615180E-01  1.43972365E-03
2.99264088E-01  1.22051656E-01  1.34362071E-03
2.99555059E-01  1.23002440E-01  1.38376025E-03
2.99846031E-01  1.20761327E-01  1.42122898E-03
3.00137002E-01  1.20451398E-01  1.39393460E-03
3.00427974E-01  1.20037943E-01  1.35802093E-03
3.00718945E-01  1.21620677E-01  1.38671044E-03
3.01009917E-01  1.22505359E-01  1.40280684E-03
3.01300888E-01  1.22887932E-01  1.37872156E-03
3.01591859E-01  1.21962167E-01  1.38214335E-03
3.01882831E-01  1.18309066E-01  1.36024482E-03
3.02173802E-01  1.23110026E-01  1.37412071E-03
3.02464774E-01  1.23758160E-01  1.43747230E-03
3.02755745E-01  1.21524744E-01  1.38945284E-03
3.03046716E-01  1.22642227E-01  1.40801037E-03
3.03337688E-01  1.22474737E-01  1.37942715E-03
3.03628659E-01  1.19086936E-01  1.40144583E-03
3.03919631E-01  1.22648254E-01  1.37213047E-03
3.04210602E-01  1.22833960E-01  1.37620885E-03
3.04501573E-01  1.19267710E-01  1.36111071E-03
3.04792545E-01  1.20339133E-01  1.36775698E-03
3.05083516E-01  1.22876205E-01  1.38958916E-03
3.05374488E-01  1.22970521E-01  1.40051194E-03
3.05665459E-01  1.22546196E-01  1.35967357E-03
3.05956430E-01  1.22121349E-01  1.35453255E-03
3.06247402E-01  1.24490246E-01  1.38651021E-03
3.06538373E-01  1.24048486E-01  1.39736559E-03
3.06829345E-01  1.21505320E-01  1.37447962E-03
3.07120316E-01  1.22608960E-01  1.38461567E-03
3.07411287E-01  1.23672061E-01  1.40529487E-03
3.07702259E-01  1.24002129E-01  1.42063969E-03
3.07993230E-01  1.22521959E-01  1.40636484E-03
3.08284202E-01  1.22116387E-01  1.39979541E-03
3.08575173E-01  1.27472505E-01  1.42728654E-03
3.08866144E-01  1.22961394E-01  1.41819415E-03
3.09157116E-01  1.23297296E-01  1.37920817E-03
3.09448087E-01  1.20380014E-01  1.36277592E-03
3.09739059E-01  1.22454867E-01  1.35833712E-03
3.10030030E-01  1.22706689E-01  1.36714440E-03
3.10321001E-01  1.21139571E-01  1.36643683E-03
3.10611973E-01  1.23952009E-01  1.35765073E-03
3.10902944E-01  1.21296182E-01  1.37848069E-03
3.11193916E-01  1.19540066E-01  1.41161098E-03
3.11484887E-01  1.18658274E-01  1.38360017E-03
3.11775858E-01  1.21808618E-01  1.43101765E-03
3.12066830E-01  1.20305210E-01  1.42889225E-03
3.12357801E-01  1.22737251E-01  1.42935512E-03
3.12648773E-01  1.19954959E-01  1.42004632E-03
3.12939744E-01  1.21299788E-01  1.43307110E-03
3.13230715E-01  1.22289762E-01  1.44771766E-03
3.13521687E-01  1.20663546E-01  1.42403226E-03
3.13812658E-01  1.24946006E-01  1.48758339E-03
3.14103630E-01  1.21972434E-01  1.46084768E-03
3.14394601E-01  1.22736454E-01  1.47382263E-03
3.14685572E-01  1.22639030E-01  1.45268836E-03
3.14976544E-01  1.20518260E-01  1.45954988E-03
3.15267515E-01  1.20787248E-01  1.46963331E-03
3.15558487E-01  1.25267088E-01  1.45836663E-03
3.15849458E-01  1.23997204E-01  1.39900309E-03
3.16140429E-01  1.20902389E-01  1.44610496E-03
3.16431401E-01  1.21129677E-01  1.46687520E-03
3.16722372E-01  1.24227680E-01  1.48569013E-03
3.17013344E-01  1.22661129E-01  1.44227094E-03
3.17304315E-01  1.25889078E-01  1.49686611E-03
3.17595286E-01  1.22321650E-01  1.44244498E-03
3.17886258E-01  1.19582213E-01  1.43187365E-03
3.18177229E-01  1.16868705E-01  1.44359015E-03
3.18468201E-01  1.24975145E-01  1.54524669E-03
3.18759172E-01  1.20251164E-01  1.48365216E-03
3.19050144E-01  1.22390568E-01  1.46952725E-03
3.19341115E-01  1.19936705E-01  1.45676208E-03
3.19632086E-01  1.21214904E-01  1.44316116E-03
3.19923058E-01  1.18673027E-01  1.44009036E-03
3.20214029E-01  1.21422298E-01  1.49604341E-03
3.20505001E-01  1.18301757E-01  1.43541116E-03
3.20795972E-01  1.22298867E-01  1.50411902E-03
3.21086943E-01  1.22412294E-01  1.46871794E-03
3.21377915E-01  1.19845994E-01  1.45638373E-03
3.21668886E-01  1.18877172E-01  1.48695882E-03
3.21959858E-01  1.18933037E-01  1.44727831E-03
3.22250829E-01  1.19521834E-01  1.50692754E-03
3.22541800E-01  1.17519788E-01  1.43390277E-03
3.22832772E-01  1.23031855E-01  1.47027802E-03
3.23123743E-01  1.19432934E-01  1.44161307E-03
3.23414715E-01  1.19664572E-01  1.46307098E-03
3.23705686E-01  1.19931296E-01  1.53634872E-03
3.23996657E-01  1.22627713E-01  1.47349923E-03
3.24287629E-01  1.21112451E-01  1.48403586E-03
3.24578600E-01  1.19200908E-01  1.49486330E-03
3.24869572E-01  1.23138227E-01  1.47465384E-03
3.25160543E-01  1.19854644E-01  1.52248761E-03
3.25451514E-01  1.20753676E-01  1.45336962E-03
3.25742486E-01  1.21812761E-01  1.51307567E-03
3.26033457E-01  1.19009763E-01  1.49917870E-03
3.26324429E-01  1.18718371E-01  1.44739915E-03
3.26615400E-01  1.18568778E-01  1.40875950E-03
3.26906371E-01  1.19496822E-01  1.42120256E-03
3.27197343E-01  1.19844593E-01  1.46503025E-03
3.27488314E-01  1.20977521E-01  1.52449252E-03
3.27779286E-01  1.21392772E-01  1.47592439E-03
3.28070257E-01  1.20966472E-01  1.51587615E-03
3.28361228E-01  1.18079901E-01  1.46769127E-03
3.28652200E-01  1.19097963E-01  1.49514421E-03
3.28943171E-01  1.18774302E-01  1.46096002E-03
3.29234143E-01  1.19429536E-01  1.50232611E-03
3.29525114E-01  1.19979158E-01  1.49171473E-03
3.29816085E-01  1.19604066E-01  1.50231610E-03
3.30107057E-01  1.19803578E-01  1.49411766E-03
3.30398028E-01  1.18131228E-01  1.49266573E-03
3.30689000E-01  1.19350232E-01  1.46360171E-03
3.30979971E-01  1.15389936E-01  1.47177558E-03
3.31270942E-01  1.20662689E-01  1.49171578E-03
3.31561914E-01  1.18776992E-01  1.49560045E-03
3.31852885E-01  1.16190128E-01  1.44077372E-03
3.32143857E-01  1.20208003E-01  1.48702424E-03
3.32434828E-01  1.18683316E-01  1.43810012E-03
3.32725799E-01  1.17690347E-01  1.48563774E-03
3.33016771E-01  1.18460551E-01  1.49514666E-03
3.33307742E-01  1.20226756E-01  1.53115089E-03
3.33598714E-01  1.22311898E-01  1.48769538E-03
3.33889685E-01  1.19674362E-01  1.51014095E-03
3.34180656E-01  1.17628746E-01  1.46603899E-03
3.34471628E-01  1.16482459E-01  1.43617252E-03
3.34762599E-01  1.18212536E-01  1.49380439E-03
3.35053571E-01  1.16856910E-01  1.46761956E-03
3.35344542E-01  1.15804464E-01  1.43294106E-03
3.35635513E-01  1.17547050E-01  1.48185121E-03
3.35926485E-01  1.15355641E-01  1.43371348E-03
3.36217456E-01  1.16345093E-01  1.51331245E-03
3.36508428E-01  1.18672162E-01  1.49542314E-03
3.36799399E-01  1.18257485E-01  1.49846391E-03
3.37090370E-01  1.16933115E-01  1.54064305E-03
3.37381342E-01  1.17349565E-01  1.45136542E-03
3.37672313E-01  1.16513453E-01  1.48853811E-03
3.37963285E-01  1.14451230E-01  1.45788863E-03
3.38254256E-01  1.15545042E-01  1.46828732E-03
3.38545228E-01  1.16287783E-01  1.47042237E-03
3.38836199E-01  1.16652064E-01  1.46415154E-03
3.39127170E-01  1.16985746E-01  1.45344646E-03
3.39418142E-01  1.15993805E-01  1.46364060E-03
3.39709113E-01  1.16798989E-01  1.44346326E-03
3.40000085E-01  1.17859975E-01  1.48684019E-03
3.40291056E-01  1.17632590E-01  1.49221509E-03
3.40582027E-01  1.16722755E-01  1.47067767E-03
3.40872999E-01  1.17189839E-01  1.47803000E-03
3.41163970E-01  1.18954077E-01  1.51689653E-03
3.41454942E-01  1.18816197E-01  1.50326616E-03
3.41745913E-01  1.18564844E-01  1.47230783E-03
3.42036884E-01  1.16994835E-01  1.46855251E-03
3.42327856E-01  1.16626360E-01  1.48088881E-03
3.42618827E-01  1.18662640E-01  1.47161307E-03
3.42909799E-01  1.17109798E-01  1.51764764E-03
3.43200770E-01  1.19894676E-01  1.50060467E-03
3.43491741E-01  1.15522198E-01  1.46785681E-03
3.43782713E-01  1.14238836E-01  1.46960840E-03
3.44073684E-01  1.16133794E-01  1.51363784E-03
3.44364656E-01  1.16381504E-01  1.47725572E-03
3.44655627E-01  1.15803137E-01  1.49251265E-03
3.44946598E-01  1.15767919E-01  1.49428926E-03
3.45237570E-01  1.11382782E-01  1.44403276E-03
3.45528541E-01  1.13291271E-01  1.45940634E-03
3.45819513E-01  1.16055638E-01  1.43210834E-03
3.46110484E-01  1.16945043E-01  1.47267443E-03
3.46401455E-01  1.14632048E-01  1.45442644E-03
3.46692427E-01  1.17528737E-01  1.48905383E-03
3.46983398E-01  1.18472271E-01  1.49711990E-03
3.47274370E-01  1.14481047E-01  1.46876043E-03
3.47565341E-01  1.14047952E-01  1.47941080E-03
3.47856312E-01  1.15130603E-01  1.49675133E-03
3.48147284E-01  1.12542383E-01  1.50689948E-03
3.48438255E-01  1.12859674E-01  1.43256248E-03
3.48729227E-01  1.13657705E-01  1.43162801E-03
3.49020198E-01  1.12528764E-01  1.48434693E-03
3.49311169E-01  1.13495663E-01  1.45876710E-03
3.49602141E-01  1.14716940E-01  1.49388891E-03
3.49893112E-01  1.14315927E-01  1.46633096E-03
3.50184084E-01  1.15279779E-01  1.49571872E-03
3.50475055E-01  1.15518495E-01  1.46681664E-03
3.50766026E-01  1.14421070E-01  1.45598326E-03
3.51056998E-01  1.13511592E-01  1.50655501E-03
3.51347969E-01  1.13321722E-01  1.48698094E-03
3.51638941E-01  1.14641964E-01  1.46409112E-03
3.51929912E-01  1.14541583E-01  1.47485861E-03
3.52220883E-01  1.12312272E-01  1.44852488E-03
3.52511855E-01  1.12877473E-01  1.45571935E-03
3.52802826E-01  1.14698753E-01  1.48269173E-03
3.53093798E-01  1.15314722E-01  1.51251920E-03
3.53384769E-01  1.12643652E-01  1.47385558E-03
3.53675740E-01  1.14143521E-01  1.48800004E-03
3.53966712E-01  1.14903837E-01  1.48750795E-03
3.54257683E-01  1.12916060E-01  1.44991162E-03
3.54548655E-01  1.15002193E-01  1.45670620E-03
3.54839626E-01  1.11200407E-01  1.43806613E-03
3.55130597E-01  1.11996874E-01  1.46897428E-03
3.55421569E-01  1.14184469E-01  1.44675362E-03
3.55712540E-01  1.12036496E-01  1.43123488E-03
3.56003512E-01  1.11676484E-01  1.45722309E-03
3.56294483E-01  1.15426563E-01  1.48270081E-03
3.56585455E-01  1.13662452E-01  1.46424805E-03
3.56876426E-01  1.15590371E-01  1.51096727E-03
3.57167397E-01  1.15579300E-01  1.45385053E-03
3.57458369E-01  1.12173885E-01  1.45662320E-03
3.57749340E-01  1.10212728E-01  1.44465978E-03
3.58040312E-01  1.13572493E-01  1.45492190E-03
3.58331283E-01  1.15195140E-01  1.45649107E-03
3.58622254E-01  1.11774869E-01  1.47367339E-03
3.58913226E-01  1.12204805E-01  1.49219588E-03
3.59204197E-01  1.12129979E-01  1.47179677E-03
3.59495169E-01  1.12181567E-01  1.47349515E-03
3.59786140E-01  1.14154495E-01  1.51309802E-03
3.60077111E-01  1.12600587E-01  1.49357098E-03
3.60368083E-01  1.13519236E-01  1.48355332E-03
3.60659054E-01  1.09832525E-01  1.42754463E-03
3.60950026E-01  1.14082903E-01  1.48029102E-03
3.61240997E-01  1.14422642E-01  1.48255366E-03
3.61531968E-01  1.13495134E-01  1.47338561E-03
3.61822940E-01  1.18168212E-01  1.53597782E-03
3.62113911E-01  1.11633427E-01  1.47595827E-03
3.62404883E-01  1.12316594E-01  1.45932485E-03
3.62695854E-01  1.12048239E-01  1.44218025E-03
3.62986825E-01  1.11671463E-01  1.52442965E-03
3.63277797E-01  1.13131598E-01  1.44310389E-03
3.63568768E-01  1.11636311E-01  1.49177969E-03
3.63859740E-01  1.10549010E-01  1.47849345E-03
3.64150711E-01  1.11432575E-01  1.46155362E-03
3.64441682E-01  1.13936111E-01  1.50504475E-03
3.64732654E-01  1.15517825E-01  1.49029540E-03
3.65023625E-01  1.16327688E-01  1.50598318E-03
3.65314597E-01  1.14593998E-01  1.55159004E-03
3.65605568E-01  1.15328953E-01  1.46669836E-03
3.65896539E-01  1.10820062E-01  1.51239708E-03
3.66187511E-01  1.12545274E-01  1.45108707E-03
3.66478482E-01  1.16977774E-01  1.47646060E-03
3.66769454E-01  1.14172794E-01  1.46095513E-03
3.67060425E-01  1.12303883E-01  1.47435465E-03
3.67351396E-01  1.10022463E-01  1.46666542E-03
3.67642368E-01  1.09568343E-01  1.43438403E-03
3.67933339E-01  1.12173401E-01  1.42918155E-03
3.68224311E-01  1.12362400E-01  1.48709386E-03
3.68515282E-01  1.13297172E-01  1.52784691E-03
3.68806253E-01  1.11637197E-01  1.48740539E-03
3.69097225E-01  1.12029374E-01  1.41360948E-03
3.69388196E-01  1.10288166E-01  1.46100961E-03
3.69679168E-01  1.12497322E-01  1.47362344E-03
3.69970139E-01  1.15473330E-01  1.50934560E-03
3.70261110E-01  1.12474993E-01  1.46242359E-03
3.70552082E-01  1.10681079E-01  1.44115766E-03
3.70843053E-01  1.14984564E-01  1.52616249E-03
3.71134025E-01  1.13639802E-01  1.47806329E-03
3.71424996E-01  1.15617640E-01  1.48958724E-03
3.71715967E-01  1.11809067E-01  1.46850117E-03
3.72006939E-01  1.13483131E-01  1.52197003E-03
3.72297910E-01  1.11730196E-01  1.48268428E-03
3.72588882E-01  1.11784399E-01  1.46207819E-03
3.72879853E-01  1.10422216E-01  1.44456560E-03
3.73170824E-01  1.13344483E-01  1.44419936E-03
3.73461796E-01  1.14448264E-01  1.50724011E-03
3.73752767E-01  1.14175871E-01  1.49656401E-03
3.74043739E-01  1.10449255E-01  1.43539696E-03
3.74334710E-01  1.11356422E-01  1.48298009E-03
3.74625681E-01  1.13332301E-01  1.50405278E-03
3.74916653E-01  1.14459947E-01  1.46973436E-03
3.75207624E-01  1.14560753E-01  1.50491809E-03
3.75498596E-01  1.11983992E-01  1.45540852E-03
3.75789567E-01  1.11848630E-01  1.44543767E-03
3.76080539E-01  1.14329882E-01  1.49782037E-03
3.76371510E-01  1.13733344E-01  1.49916403E-03
3.76662481E-01  1.13101557E-01  1.47336337E-03
3.76953453E-01  1.15055114E-01  1.49987743E-03
3.77244424E-01  1.11420266E-01  1.50516373E-03
3.77535396E-01  1.14031769E-01  1.44948193E-03
3.77826367E-01  1.11682527E-01  1.44630275E-03
3.78117338E-01  1.12735607E-01  1.46386214E-03
3.78408310E-01  1.13851972E-01  1.48193585E-03
3.78699281E-01  1.13824129E-01  1.50944630E-03
3.78990253E-01  1.14537284E-01  1.50012283E-03
3.79281224E-01  1.11048795E-01  1.44723919E-03
3.79572195E-01  1.13426574E-01  1.48621388E-03
3.79863167E-01  1.11583613E-01  1.44525873E-03
3.80154138E-01  1.15079619E-01  1.52045197E-03
3.80445110E-01  1.13178998E-01  1.48806872E-03
3.80736081E-01  1.14704929E-01  1.50436815E-03
3.81027052E-01  1.17177449E-01  1.49195967E-03
3.81318024E-01  1.15184329E-01  1.53248000E-03
3.81608995E-01  1.15127198E-01  1.49958336E-03
3.81899967E-01  1.13628455E-01  1.49492756E-03
3.82190938E-01  1.15340285E-01  1.54823856E-03
3.82481909E-01  1.10918775E-01  1.44142739E-03
3.82772881E-01  1.13655403E-01  1.46696728E-03
3.83063852E-01  1.15051515E-01  1.46880897E-03
3.83354824E-01  1.15012921E-01  1.52606401E-03
3.83645795E-01  1.15725048E-01  1.51788804E-03
3.83936766E-01  1.13930233E-01  1.48897152E-03
3.84227738E-01  1.14914291E-01  1.54034898E-03
3.84518709E-01  1.15197584E-01  1.51159300E-03
3.84809681E-01  1.13338225E-01  1.51376752E-03
3.85100652E-01  1.14291407E-01  1.50119828E-03
3.85391623E-01  1.13989264E-01  1.50136405E-03
3.85682595E-01  1.14549391E-01  1.51816453E-03
3.85973566E-01  1.15664065E-01  1.52926205E-03
3.86264538E-01  1.16468698E-01  1.49367645E-03
3.86555509E-01  1.17678359E-01  1.50203879E-03
3.86846480E-01  1.14678718E-01  1.49793341E-03
3.87137452E-01  1.14075035E-01  1.52578298E-03
3.87428423E-01  1.15188599E-01  1.47418294E-03
3.87719395E-01  1.12778857E-01  1.47872418E-03
3.88010366E-01  1.13555118E-01  1.50467083E-03
3.88301337E-01  1.14507534E-01  1.51020859E-03
3.88592309E-01  1.15484677E-01  1.51134911E-03
3.88883280E-01  1.15795814E-01  1.47648063E-03
3.89174252E-01  1.16521910E-01  1.55959919E-03
3.89465223E-01  1.17306747E-01  1.52993295E-03
3.89756194E-01  1.19860560E-01  1.54934789E-03
3.90047166E-01  1.18087173E-01  1.50404754E-03
3.90338137E-01  1.14022158E-01  1.53633882E-03
3.90629109E-01  1.14255294E-01  1.49384164E-03
3.90920080E-01  1.16694771E-01  1.51643425E-03
3.91211051E-01  1.16142862E-01  1.51109754E-03
3.91502023E-01  1.13651671E-01  1.46697846E-03
3.91792994E-01  1.16376780E-01  1.52598158E-03
3.92083966E-01  1.15726359E-01  1.50853058E-03
3.92374937E-01  1.16539456E-01  1.53219502E-03
3.92665908E-01  1.13580100E-01  1.47682021E-03
3.92956880E-01  1.18476592E-01  1.55851839E-03
3.93247851E-01  1.13664187E-01  1.52230705E-03
3.93538823E-01  1.17532030E-01  1.60540955E-03
3.93829794E-01  1.18411988E-01  1.53256883E-03
3.94120766E-01  1.15506418E-01  1.51091465E-03
3.94411737E-01  1.15165599E-01  1.45298743E-03
3.94702708E-01  1.12692468E-01  1.52894249E-03
3.94993680E-01  1.13480784E-01  1.47130631E-03
3.95284651E-01  1.15333684E-01  1.54388102E-03
3.95575623E-01  1.18158162E-01  1.53999636E-03
3.95866594E-01  1.14256643E-01  1.48593460E-03
3.96157565E-01  1.14642791E-01  1.48950680E-03
3.96448537E-01  1.16820343E-01  1.56641298E-03
3.96739508E-01  1.12975381E-01  1.53162621E-03
3.97030480E-01  1.16666652E-01  1.53515954E-03
3.97321451E-01  1.18359834E-01  1.56460295E-03
3.97612422E-01  1.20216623E-01  1.52719696E-03
3.97903394E-01  1.18178643E-01  1.53120735E-03
3.98194365E-01  1.20858602E-01  1.53641426E-03
3.98485337E-01  1.15133226E-01  1.46930641E-03
3.98776308E-01  1.15018114E-01  1.51523377E-03
3.99067279E-01  1.17494926E-01  1.53736584E-03
3.99358251E-01  1.20309040E-01  1.55148248E-03
3.99649222E-01  1.17727570E-01  1.52571243E-03
3.99940194E-01  1.15892217E-01  1.52289029E-03
4.00231165E-01  1.17618293E-01  1.56314042E-03
4.00522136E-01  1.16492286E-01  1.53575977E-03
4.00813108E-01  1.16207168E-01  1.53506442E-03
4.01104079E-01  1.15405992E-01  1.50670495E-03
4.01395051E-01  1.15473591E-01  1.53659575E-03
4.01686022E-01  1.17479846E-01  1.51587720E-03
4.01976993E-01  1.16152428E-01  1.51357881E-03
4.02267965E-01  1.13623358E-01  1.49168493E-03
4.02558936E-01  1.15329310E-01  1.51044363E-03
4.02849908E-01  1.18491523E-01  1.52783259E-03
4.03140879E-01  1.19091175E-01  1.50330365E-03
4.03431850E-01  1.15003452E-01  1.51280395E-03
4.03722822E-01  1.18340686E-01  1.53636595E-03
4.04013793E-01  1.17947258E-01  1.51222362E-03
4.04304765E-01  1.15495533E-01  1.56447489E-03
4.04595736E-01  1.17168188E-01  1.55073230E-03
4.04886707E-01  1.17347747E-01  1.53315486E-03
4.05177679E-01  1.14744626E-01  1.48230547E-03
4.05468650E-01  1.17977671E-01  1.48144364E-03
4.05759622E-01  1.16879016E-01  1.53023843E-03
4.06050593E-01  1.15715474E-01  1.48430199E-03
4.06341564E-01  1.12252511E-01  1.50508946E-03
4.06632536E-01  1.18167236E-01  1.53667084E-03
4.06923507E-01  1.16938740E-01  1.47106429E-03
4.07214479E-01  1.16104007E-01  1.48215995E-03
4.07505450E-01  1.12651840E-01  1.49587041E-03
4.07796421E-01  1.14649847E-01  1.50715664E-03
4.08087393E-01  1.15617417E-01  1.52023102E-03
4.08378364E-01  1.15709029E-01  1.49324327E-03
4.08669336E-01  1.16586193E-01  1.55591371E-03
4.08960307E-01  1.15322359E-01  1.51251396E-03
4.09251278E-01  1.14161409E-01  1.48362317E-03
4.09542250E-01  1.14944778E-01  1.53752824E-03
4.09833221E-01  1.13696441E-01  1.46372151E-03
4.10124193E-01  1.15105569E-01  1.48810400E-03
4.10415164E-01  1.15249567E-01  1.49872608E-03
4.10706135E-01  1.16398245E-01  1.50646106E-03
4.10997107E-01  1.14066213E-01  1.51667220E-03
4.11288078E-01  1.15300603E-01  1.53148570E-03
4.11579050E-01  1.14433683E-01  1.48226460E-03
4.11870021E-01  1.11274250E-01  1.47373753E-03
4.12160992E-01  1.17452398E-01  1.54686929E-03
4.12451964E-01  1.12861186E-01  1.47102959E-03
4.12742935E-01  1.12053275E-01  1.47089723E-03
4.13033907E-01  1.16030797E-01  1.51098950E-03
4.13324878E-01  1.15954317E-01  1.49527891E-03
4.13615850E-01  1.16697311E-01  1.51016063E-03
4.13906821E-01  1.13545097E-01  1.46346423E-03
4.14197792E-01  1.12877794E-01  1.48283632E-03
4.14488764E-01  1.15371995E-01  1.51652738E-03
4.14779735E-01  1.15683824E-01  1.53584767E-03
4.15070707E-01  1.14669323E-01  1.46795472E-03
4.15361678E-01  1.13765523E-01  1.46208412E-03
4.15652649E-01  1.12915315E-01  1.46847998E-03
4.15943621E-01  1.14762731E-01  1.48688233E-03
4.16234592E-01  1.15028642E-01  1.50015007E-03
4.16525564E-01  1.16079353E-01  1.53879251E-03
4.16816535E-01  1.13391563E-01  1.44993805E-03
4.17107506E-01  1.13696739E-01  1.49757415E-03
4.17398478E-01  1.15991242E-01  1.48692937E-03
4.17689449E-01  1.11163333E-01  1.46474340E-03
4.17980421E-01  1.12197638E-01  1.45921297E-03
4.18271392E-01  1.13330454E-01  1.46162417E-03
4.18562363E-01  1.13052800E-01  1.50256464E-03
4.18853335E-01  1.13141969E-01  1.50381692E-03
4.19144306E-01  1.13364741E-01  1.49382243E-03
4.19435278E-01  1.12464756E-01  1.44537783E-03
4.19726249E-01  1.13246642E-01  1.45869621E-03
4.20017220E-01  1.12936646E-01  1.48992811E-03
4.20308192E-01  1.12452291E-01  1.49644853E-03
4.20599163E-01  1.11441121E-01  1.46901631E-03
4.20890135E-01  1.10981256E-01  1.46331242E-03
4.21181106E-01  1.09821878E-01  1.43834844E-03
4.21472077E-01  1.11783430E-01  1.45506766E-03
4.21763049E-01  1.10930994E-01  1.44755142E-03
4.22054020E-01  1.10028870E-01  1.46518589E-03
4.22344992E-01  1.14499666E-01  1.49421429E-03
4.22635963E-01  1.11804016E-01  1.45489536E-03
4.22926934E-01  1.11045845E-01  1.42898574E-03
4.23217906E-01  1.11773871E-01  1.46110391E-03
4.23508877E-01  1.14366435E-01  1.46877230E-03
4.23799849E-01  1.10381491E-01  1.47878716E-03
4.24090820E-01  1.10393606E-01  1.47251040E-03
4.24381791E-01  1.08371094E-01  1.42145040E-03
4.24672763E-01  1.07968546E-01  1.47983117E-03
4.24963734E-01  1.09474555E-01  1.46549812E-03
4.25254706E-01  1.09853044E-01  1.46981177E-03
4.25545677E-01  1.08365096E-01  1.41153869E-03
4.25836648E-01  1.08489417E-01  1.45581353E-03
4.26127620E-01  1.05369844E-01  1.43241661E-03
4.26418591E-01  1.07512556E-01  1.41591532E-03
4.26709563E-01  1.07284963E-01  1.38498191E-03
4.27000534E-01  1.04979381E-01  1.42768270E-03
4.27291505E-01  1.06600948E-01  1.44548144E-03
4.27582477E-01  1.07463486E-01  1.43385504E-03
4.27873448E-01  1.09018736E-01  1.46292325E-03
4.28164420E-01  1.09344862E-01  1.42460980E-03
4.28455391E-01  1.07295290E-01  1.39514124E-03
4.28746362E-01  1.06178239E-01  1.43315899E-03
4.29037334E-01  1.06022790E-01  1.40201766E-03
4.29328305E-01  1.06569983E-01  1.41097978E-03
4.29619277E-01  1.05262414E-01  1.42601389E-03
4.29910248E-01  1.05733506E-01  1.42539339E-03
4.30201219E-01  1.05548546E-01  1.44607876E-03
4.30492191E-01  1.04925551E-01  1.45341316E-03
4.30783162E-01  1.05643645E-01  1.39175216E-03
4.31074134E-01  1.06113240E-01  1.45548512E-03
4.31365105E-01  1.08183138E-01  1.46267482E-03
4.31656077E-01  1.08128227E-01  1.45435589E-03
4.31947048E-01  1.04503229E-01  1.42551854E-03
4.32238019E-01  1.04969256E-01  1.41548039E-03
4.32528991E-01  1.06296226E-01  1.42716640E-03
4.32819962E-01  1.05306819E-01  1.41944340E-03
4.33110934E-01  1.05772868E-01  1.43394712E-03
4.33401905E-01  1.05799563E-01  1.44445291E-03
4.33692876E-01  1.05085179E-01  1.38926250E-03
4.33983848E-01  1.03508517E-01  1.40911154E-03
4.34274819E-01  1.04434237E-01  1.43146398E-03
4.34565791E-01  1.06019087E-01  1.46656553E-03
4.34856762E-01  1.05126128E-01  1.45112805E-03
4.35147733E-01  1.03334770E-01  1.41104416E-03
4.35438705E-01  1.03630461E-01  1.44475512E-03
4.35729676E-01  1.06371336E-01  1.44244509E-03
4.36020648E-01  1.07799850E-01  1.46442605E-03
4.36311619E-01  1.07251354E-01  1.39600912E-03
4.36602590E-01  1.05454750E-01  1.44184928E-03
4.36893562E-01  1.03598773E-01  1.39871403E-03
4.37184533E-01  1.04255900E-01  1.42904441E-03
4.37475505E-01  1.03321448E-01  1.42299256E-03
4.37766476E-01  1.05775304E-01  1.42680015E-03
4.38057447E-01  1.00772232E-01  1.45200873E-03
4.38348419E-01  1.05380945E-01  1.39155891E-03
4.38639390E-01  1.02818303E-01  1.41413906E-03
4.38930362E-01  1.04342923E-01  1.41351600E-03
4.39221333E-01  1.03333019E-01  1.40969665E-03
4.39512304E-01  1.05082251E-01  1.48423365E-03
4.39803276E-01  1.02456272E-01  1.35690742E-03
4.40094247E-01  1.01852149E-01  1.42622134E-03
4.40385219E-01  1.05396584E-01  1.43220404E-03
4.40676190E-01  1.03965662E-01  1.40748906E-03
4.40967161E-01  1.02917202E-01  1.32756191E-03
4.41258133E-01  9.92658436E-02  1.38086290E-03
4.41549104E-01  1.04677044E-01  1.47085986E-03
4.41840076E-01  1.01649918E-01  1.42907444E-03
4.42131047E-01  1.01049758E-01  1.45246286E-03
4.42422018E-01  1.05475418E-01  1.52364187E-03
4.42712990E-01  1.01100616E-01  1.46480731E-03
4.43003961E-01  1.02090478E-01  1.45231246E-03
4.43294933E-01  1.01974614E-01  1.47469365E-03
4.43585904E-01  1.02739669E-01  1.53068209E-03
4.43876875E-01  1.01939775E-01  1.48536835E-03
4.44167847E-01  1.03601746E-01  1.51836046E-03
4.44458818E-01  1.03100941E-01  1.54831982E-03
4.44749790E-01  1.05958156E-01  1.61517074E-03
4.45040761E-01  1.04290031E-01  1.52743631E-03
4.45331732E-01  1.02455936E-01  1.52477890E-03
4.45622704E-01  1.03101999E-01  1.56140211E-03
4.45913675E-01  1.05810158E-01  1.56533625E-03
4.46204647E-01  1.03914768E-01  1.63575890E-03
4.46495618E-01  1.03727520E-01  1.55945343E-03
4.46786589E-01  1.02094077E-01  1.53265556E-03
4.47077561E-01  1.03353314E-01  1.66592770E-03
4.47368532E-01  1.04819894E-01  1.55126210E-03
4.47659504E-01  1.03146672E-01  1.60784042E-03
4.47950475E-01  1.02329932E-01  1.61339378E-03
4.48241446E-01  1.04406245E-01  1.66187051E-03
4.48532418E-01  1.03434414E-01  1.62244763E-03
4.48823389E-01  1.03109039E-01  1.60409161E-03
4.49114361E-01  1.02405392E-01  1.66233256E-03
4.49405332E-01  1.00719713E-01  1.59223983E-03
4.49696303E-01  1.04556352E-01  1.66701025E-03
4.49987275E-01  1.04935654E-01  1.64107780E-03
4.50278246E-01  1.05632819E-01  1.71127461E-03
4.50569218E-01  1.04773626E-01  1.70402240E-03
4.50860189E-01  1.01431422E-01  1.66336203E-03
4.51151161E-01  1.05643280E-01  1.72218878E-03
4.51442132E-01  1.01905152E-01  1.65696617E-03
4.51733103E-01  1.04204200E-01  1.68900110E-03
4.52024075E-01  1.04296014E-01  1.67356816E-03
4.52315046E-01  1.04117341E-01  1.64635235E-03
4.52606018E-01  1.00152336E-01  1.60546112E-03
4.52896989E-01  1.01624526E-01  1.63609616E-03
4.53187960E-01  1.01775676E-01  1.52265932E-03
4.53478932E-01  1.00730151E-01  1.56659144E-03
4.53769903E-01  1.03512473E-01  1.56669482E-03
4.54060875E-01  1.02231957E-01  1.56667084E-03
4.54351846E-01  9.96272340E-02  1.54771167E-03
4.54642817E-01  1.01433784E-01  1.56501227E-03
4.54933789E-01  1.02580853E-01  1.56839087E-03
4.55224760E-01  1.03360929E-01  1.56330294E-03
4.55515732E-01  1.04680873E-01  1.61231554E-03
4.55806703E-01  1.02511644E-01  1.56312622E-03
4.56097674E-01  1.06067739E-01  1.53822522E-03
4.56388646E-01  1.06329627E-01  1.62743253E-03
4.56679617E-01  1.04091212E-01  1.55426410E-03
4.56970589E-01  1.00704558E-01  1.53899088E-03
4.57261560E-01  1.01301298E-01  1.56064064E-03
4.57552531E-01  9.83317345E-02  1.49520906E-03
4.57843503E-01  1.01786450E-01  1.52374187E-03
4.58134474E-01  1.00435957E-01  1.50936819E-03
4.58425446E-01  1.02894939E-01  1.50156103E-03
4.58716417E-01  1.03819631E-01  1.56275462E-03
4.59007388E-01  1.01581052E-01  1.53087941E-03
4.59298360E-01  1.03428669E-01  1.55644875E-03
4.59589331E-01  1.02233618E-01  1.52884098E-03
4.59880303E-01  1.00752920E-01  1.55308738E-03
4.60171274E-01  1.01724543E-01  1.54559466E-03
4.60462245E-01  1.01817593E-01  1.52615143E-03
4.60753217E-01  1.02031186E-01  1.52515806E-03
4.61044188E-01  1.02982700E-01  1.48494681E-03
4.61335160E-01  1.03592984E-01  1.56013714E-03
4.61626131E-01  1.00014903E-01  1.48448185E-03
4.61917102E-01  1.00867383E-01  1.55616773E-03
4.62208074E-01  9.96396169E-02  1.48565287E-03
4.62499045E-01  1.01447172E-01  1.49909814E-03
4.62790017E-01  1.00393392E-01  1.46465306E-03
4.63080988E-01  1.04766689E-01  1.53100863E-03
4.63371959E-01  1.02224462E-01  1.51163829E-03
4.63662931E-01  1.01053752E-01  1.52162742E-03
4.63953902E-01  1.00808948E-01  1.52117177E-03
4.64244874E-01  1.00114472E-01  1.49033638E-03
4.64535845E-01  1.01700075E-01  1.49831770E-03
4.64826816E-01  1.03032462E-01  1.51821296E-03
4.65117788E-01  1.01748526E-01  1.49825623E-03
4.65408759E-01  1.03378713E-01  1.53036870E-03
4.65699731E-01  9.91871357E-02  1.47995888E-03
4.65990702E-01  1.02442473E-01  1.46060239E-03
4.66281673E-01  1.00227445E-01  1.51638128E-03
4.66572645E-01  9.98716280E-02  1.52055582E-03
4.66863616E-01  1.02491066E-01  1.51683670E-03
4.67154588E-01  1.02177784E-01  1.53253879E-03
4.67445559E-01  1.01817854E-01  1.50238012E-03
4.67736530E-01  1.00821726E-01  1.44588982E-03
4.68027502E-01  9.88746062E-02  1.46001054E-03
4.68318473E-01  1.02501109E-01  1.47926749E-03
4.68609445E-01  1.03935428E-01  1.55485712E-03
4.68900416E-01  1.01403892E-01  1.53007498E-03
4.69191388E-01  1.05684780E-01  1.52437005E-03
4.69482359E-01  1.01107419E-01  1.47077534E-03
4.69773330E-01  9.99666601E-02  1.46063673E-03
4.70064302E-01  1.00490056E-01  1.51848327E-03
4.70355273E-01  9.96463820E-02  1.48945500E-03
4.70646245E-01  9.88804102E-02  1.45897223E-03
4.70937216E-01  1.01864293E-01  1.46002381E-03
4.71228187E-01  1.02251425E-01  1.51525834E-03
4.71519159E-01  1.01855829E-01  1.51107344E-03
4.71810130E-01  1.02542736E-01  1.50507770E-03
4.72101102E-01  1.00055516E-01  1.45923044E-03
4.72392073E-01  1.00751035E-01  1.52749266E-03
4.72683044E-01  1.03297472E-01  1.49303756E-03
4.72974016E-01  1.00140147E-01  1.50042027E-03
4.73264987E-01  1.04254708E-01  1.48731412E-03
4.73555959E-01  1.03564695E-01  1.51210511E-03
4.73846930E-01  1.01484671E-01  1.47627550E-03
4.74137901E-01  1.02275603E-01  1.45431992E-03
4.74428873E-01  1.01523161E-01  1.47748447E-03
4.74719844E-01  1.02713913E-01  1.47733826E-03
4.75010816E-01  9.97764915E-02  1.43563596E-03
4.75301787E-01  1.00941665E-01  1.50965655E-03
4.75592758E-01  1.02250643E-01  1.48308033E-03
4.75883730E-01  9.89579931E-02  1.48829934E-03
4.76174701E-01  1.01313546E-01  1.48248195E-03
4.76465673E-01  1.04437694E-01  1.57569419E-03
4.76756644E-01  1.00591891E-01  1.49587193E-03
4.77047615E-01  1.00512937E-01  1.48157927E-03
4.77338587E-01  9.98989269E-02  1.46272941E-03
4.77629558E-01  1.02055244E-01  1.49128633E-03
4.77920530E-01  1.01690717E-01  1.47592125E-03
4.78211501E-01  1.00984894E-01  1.43778883E-03
4.78502472E-01  1.01236507E-01  1.50237838E-03
4.78793444E-01  1.02869339E-01  1.47956039E-03
4.79084415E-01  1.01645947E-01  1.45828770E-03
4.79375387E-01  9.87076014E-02  1.41654606E-03
4.79666358E-01  9.84650925E-02  1.46024360E-03
4.79957329E-01  1.00726873E-01  1.47064228E-03
4.80248301E-01  1.04139477E-01  1.47215801E-03
4.80539272E-01  1.01690382E-01  1.46528671E-03
4.80830244E-01  1.01646394E-01  1.51277834E-03
4.81121215E-01  9.81698260E-02  1.44740310E-03
4.81412186E-01  9.78234559E-02  1.48231059E-03
4.81703158E-01  1.01933956E-01  1.52588519E-03
4.81994129E-01  1.02300920E-01  1.51060871E-03
4.82285101E-01  1.01873443E-01  1.48984755E-03
4.82576072E-01  9.97377038E-02  1.45794440E-03
4.82867043E-01  9.85010266E-02  1.41887681E-03
4.83158015E-01  1.00602329E-01  1.45329209E-03
4.83448986E-01  9.99661461E-02  1.48633600E-03
4.83739958E-01  1.01457253E-01  1.45590981E-03
4.84030929E-01  9.93505716E-02  1.44226267E-03
4.84321900E-01  1.02393471E-01  1.46363606E-03
4.84612872E-01  1.02261961E-01  1.49491522E-03
4.84903843E-01  1.02085307E-01  1.49183779E-03
4.85194815E-01  1.00318253E-01  1.50254567E-03
4.85485786E-01  1.00633949E-01  1.44384208E-03
4.85776757E-01  9.96597409E-02  1.49692909E-03
4.86067729E-01  9.92620736E-02  1.48352422E-03
4.86358700E-01  1.02934539E-01  1.50146871E-03
4.86649672E-01  1.01615354E-01  1.49593584E-03
4.86940643E-01  9.97776464E-02  1.51338789E-03
4.87231614E-01  1.01837687E-01  1.48824067E-03
4.87522586E-01  1.01021014E-01  1.45729724E-03
4.87813557E-01  1.02918006E-01  1.51843415E-03
4.88104529E-01  9.90655199E-02  1.45768502E-03
4.88395500E-01  9.87882689E-02  1.44290959E-03
4.88686472E-01  9.95247066E-02  1.45174377E-03
4.88977443E-01  1.00828923E-01  1.44813256E-03
4.89268414E-01  1.00717559E-01  1.48864824E-03
4.89559386E-01  9.84538570E-02  1.45163340E-03
4.89850357E-01  9.97534096E-02  1.48960028E-03
4.90141329E-01  1.03136182E-01  1.48476684E-03
4.90432300E-01  1.02120392E-01  1.47618330E-03
4.90723271E-01  9.87414420E-02  1.50129537E-03
4.91014243E-01  1.02518864E-01  1.52435096E-03
4.91305214E-01  1.01707719E-01  1.45131326E-03
4.91596186E-01  1.00342676E-01  1.47086300E-03
4.91887157E-01  9.90706608E-02  1.44817692E-03
4.92178128E-01  9.88387316E-02  1.45784486E-03
4.92469100E-01  9.79736149E-02  1.49518147E-03
4.92760071E-01  9.97518674E-02  1.44824362E-03
4.93051043E-01  1.02698520E-01  1.48265797E-03
4.93342014E-01  9.80921313E-02  1.46862830E-03
4.93632985E-01  1.01132415E-01  1.48534542E-03
4.93923957E-01  1.01090513E-01  1.48889481E-03
4.94214928E-01  9.99948531E-02  1.43710012E-03
4.94505900E-01  1.00883350E-01  1.51347043E-03
4.94796871E-01  1.00684658E-01  1.49779255E-03
4.95087842E-01  1.03294209E-01  1.46867195E-03
4.95378814E-01  1.00419298E-01  1.46653946E-03
4.95669785E-01  9.90441665E-02  1.45457790E-03
4.95960757E-01  1.01105832E-01  1.47489551E-03
4.96251728E-01  1.01774529E-01  1.46864704E-03
4.96542699E-01  1.01725511E-01  1.42862124E-03
4.96833671E-01  9.98122692E-02  1.46943319E-03
4.97124642E-01  1.01052992E-01  1.48142758E-03
4.97415614E-01  1.02275603E-01  1.46184908E-03
4.97706585E-01  1.02079056E-01  1.48323260E-03
4.97997556E-01  1.00763328E-01  1.42444705E-03
4.98288528E-01  9.66385677E-02  1.42776943E-03
4.98579499E-01  1.00235850E-01  1.44519215E-03
4.98870471E-01  1.02098085E-01  1.47024100E-03
4.99161442E-01  1.03517100E-01  1.47017743E-03
4.99452413E-01  9.96427163E-02  1.47129584E-03
4.99743385E-01  1.00269631E-01  1.45903789E-03
5.00034356E-01  9.87424552E-02  1.46334525E-03
5.00325328E-01  1.00045778E-01  1.49912399E-03
5.00616299E-01  9.98237506E-02  1.46179495E-03
5.00907270E-01  1.00441493E-01  1.46620709E-03
5.01198242E-01  1.04447074E-01  1.49075792E-03
5.01489213E-01  9.95387137E-02  1.46828813E-03
5.01780185E-01  1.01220019E-01  1.48078089E-03
5.02071156E-01  9.97355282E-02  1.45468349E-03
5.02362127E-01  9.75407735E-02  1.45624264E-03
5.02653099E-01  9.81379747E-02  1.47667446E-03
5.02944070E-01  9.79394168E-02  1.45721191E-03
5.03235042E-01  1.01645447E-01  1.49685447E-03
5.03526013E-01  1.01029299E-01  1.44910347E-03
5.03816984E-01  1.00286052E-01  1.50718389E-03
5.04107956E-01  9.85196084E-02  1.43953529E-03
5.04398927E-01  9.89948958E-02  1.48536358E-03
5.04689899E-01  1.00126058E-01  1.46950141E-03
5.04980870E-01  1.03057966E-01  1.48786802E-03
5.05271841E-01  1.03207625E-01  1.50179944E-03
5.05562813E-01  1.02014005E-01  1.46997254E-03
5.05853784E-01  1.01982497E-01  1.44738820E-03
5.06144756E-01  1.03488855E-01  1.48780260E-03
5.06435727E-01  1.01662844E-01  1.47470075E-03
5.06726699E-01  9.94810462E-02  1.46663445E-03
5.07017670E-01  1.02015279E-01  1.46685902E-03
5.07308641E-01  9.96389836E-02  1.44233427E-03
5.07599613E-01  1.01728536E-01  1.46090938E-03
5.07890584E-01  9.87516195E-02  1.43265654E-03
5.08181556E-01  1.00413792E-01  1.48938387E-03
5.08472527E-01  1.02494933E-01  1.46692107E-03
5.08763498E-01  1.00460656E-01  1.43748499E-03
5.09054470E-01  9.99589562E-02  1.48109556E-03
5.09345441E-01  1.00862861E-01  1.45654962E-03
5.09636413E-01  9.96902138E-02  1.45559886E-03
5.09927384E-01  1.01502389E-01  1.53983559E-03
5.10218355E-01  1.02039672E-01  1.44262449E-03
5.10509327E-01  9.98479947E-02  1.44125987E-03
5.10800298E-01  1.00285426E-01  1.45758630E-03
5.11091270E-01  9.88057256E-02  1.43686763E-03
5.11382241E-01  1.01103552E-01  1.50040141E-03
5.11673212E-01  1.02040276E-01  1.50574313E-03
5.11964184E-01  1.01704150E-01  1.45915081E-03
5.12255155E-01  1.00191914E-01  1.48463331E-03
5.12546127E-01  1.01073496E-01  1.52440357E-03
5.12837098E-01  9.86151248E-02  1.45017751E-03
5.13128069E-01  1.02220401E-01  1.49205676E-03
5.13419041E-01  1.00732759E-01  1.48159522E-03
5.13710012E-01  1.00081518E-01  1.47843000E-03
5.14000984E-01  1.01406336E-01  1.49636238E-03
5.14291955E-01  1.01626039E-01  1.43102068E-03
5.14582926E-01  9.91362110E-02  1.45751412E-03
5.14873898E-01  9.76860821E-02  1.45327917E-03
5.15164869E-01  9.94991660E-02  1.49067899E-03
5.15455841E-01  1.00388661E-01  1.49162055E-03
5.15746812E-01  1.02909252E-01  1.46251742E-03
5.16037783E-01  1.01273336E-01  1.48102187E-03
5.16328755E-01  1.00998513E-01  1.51161081E-03
5.16619726E-01  1.00982837E-01  1.43563468E-03
5.16910698E-01  1.01353757E-01  1.46993913E-03
5.17201669E-01  9.84384418E-02  1.45908212E-03
5.17492640E-01  1.01373196E-01  1.46756181E-03
5.17783612E-01  9.90270600E-02  1.46926846E-03
5.18074583E-01  1.00462168E-01  1.52286596E-03
5.18365555E-01  9.78472680E-02  1.47224148E-03
5.18656526E-01  1.00814231E-01  1.52238586E-03
5.18947497E-01  1.01683043E-01  1.50810939E-03
5.19238469E-01  1.04116783E-01  1.49560219E-03
5.19529440E-01  9.99246314E-02  1.45580154E-03
5.19820412E-01  9.87516865E-02  1.46497425E-03
5.20111383E-01  9.91431400E-02  1.44749845E-03
5.20402354E-01  1.00745253E-01  1.43332838E-03
5.20693326E-01  9.87019539E-02  1.45395042E-03
5.20984297E-01  9.93121564E-02  1.46176491E-03
5.21275269E-01  1.00346632E-01  1.45335682E-03
5.21566240E-01  1.00159377E-01  1.43888127E-03
5.21857211E-01  1.00316383E-01  1.44197792E-03
5.22148183E-01  9.90370959E-02  1.45267951E-03
5.22439154E-01  9.93110538E-02  1.45660248E-03
5.22730126E-01  9.96699035E-02  1.45584263E-03
5.23021097E-01  1.01214044E-01  1.49251614E-03
5.23312068E-01  9.98333916E-02  1.41888135E-03
5.23603040E-01  1.02264449E-01  1.52072369E-03
5.23894011E-01  9.81679931E-02  1.46574038E-03
5.24184983E-01  9.99010354E-02  1.44121516E-03
5.24475954E-01  9.99830067E-02  1.42538734E-03
5.24766925E-01  1.00021869E-01  1.48062804E-03
5.25057897E-01  1.03842251E-01  1.49198610E-03
5.25348868E-01  1.03008203E-01  1.45615288E-03
5.25639840E-01  1.01796016E-01  1.50802173E-03
5.25930811E-01  1.01810955E-01  1.48973567E-03
5.26221783E-01  1.00608245E-01  1.41848519E-03
5.26512754E-01  9.93300080E-02  1.41039130E-03
5.26803725E-01  9.97903123E-02  1.47160725E-03
5.27094697E-01  9.91891250E-02  1.45961344E-03
5.27385668E-01  1.01226918E-01  1.42563356E-03
5.27676640E-01  1.01887636E-01  1.47310633E-03
5.27967611E-01  9.93767157E-02  1.42450479E-03
5.28258582E-01  1.01352483E-01  1.48243376E-03
5.28549554E-01  9.69163775E-02  1.40211987E-03
5.28840525E-01  1.02547720E-01  1.44202309E-03
5.29131497E-01  1.00223631E-01  1.47310633E-03
5.29422468E-01  1.00631833E-01  1.47072237E-03
5.29713439E-01  1.00994736E-01  1.41283532E-03
5.30004411E-01  1.01432942E-01  1.48457766E-03


### HEADER:
#
#{
#    "analysis": {},
#    "calibration_params": {
#        "Beam_Center_X": 1065.0,
#        "Beam_Center_Y": 2064.0,
#        "Detector Tilt": 0.0,
#        "Detector Tilt Plane Rotation": 0.0,
#        "Detector_X_Pixel_Size": 75.0,
#        "Detector_Y_Pixel_Size": 75.0,
#        "Integration Method": "nosplit_csr",
#        "Radial_Average_Method": "pyFAI",
#        "Sample-to-detector distance (mm)": 1824.0,
#        "Wavelength (A)": 0.8848865554555589
#    },
#    "config_file": "/home/chess_id7a/.RAW/backup.cfg",
#    "counters": {
#        "Epoch": "292.792",
#        "I1": "0",
#        "I2": "0",
#        "I3": "0",
#        "Seconds": "1",
#        "Time": "1.88351e-05",
#        "date": "Sat Mar 16 14:45:46 2024",
#        "diode": "58209"
#    },
#    "filename": "DM0011_80C_200MPa_up_2_data_000001_00001.h5",
#    "history": {},
#    "imageHeader": {},
#    "load_path": "/nfs/chess/daq/current/id7a/Milshteyn_03_15_2024/DM0011/DM0011_80C_200MPa_up_2_data_000001.h5",
#    "normalizations": {
#        "Absolute_scale": {
#            "Absolute_scale_factor": 0.017092358101131556,
#            "Method": "Water"
#        },
#        "Counter_norms": [
#            [
#                "/",
#                "diode/150000"
#            ]
#        ],
#        "Polarization": {
#            "Used": false
#        },
#        "Solid_Angle_Correction": "On"
#    },
#    "raw_version": "2.2.1",
#    "unit": ""
#}

