### DATA:
#
# 1802
#      Q             I(Q)           Error     
1.16130467E-02  4.40639782E+00  5.52070513E-02
1.19070479E-02  3.96208000E+00  5.52806519E-02
1.22010491E-02  3.76500583E+00  4.83855270E-02
1.24950503E-02  3.44265103E+00  4.65806313E-02
1.27890515E-02  3.17362809E+00  3.91060188E-02
1.30830527E-02  2.80772018E+00  3.45224477E-02
1.33770538E-02  2.62682986E+00  3.15632671E-02
1.36710550E-02  2.35133386E+00  2.59290561E-02
1.39650562E-02  2.21593833E+00  2.57642735E-02
1.42590574E-02  2.08526373E+00  2.34180223E-02
1.45530586E-02  1.92169726E+00  2.17607580E-02
1.48470598E-02  1.71764934E+00  1.92011204E-02
1.51410609E-02  1.66883242E+00  1.76104996E-02
1.54350621E-02  1.58433509E+00  1.76412109E-02
1.57290633E-02  1.49325192E+00  1.32640274E-02
1.60230645E-02  1.37449193E+00  1.25112254E-02
1.63170657E-02  1.29384971E+00  1.32938065E-02
1.66110669E-02  1.25281847E+00  1.16004506E-02
1.69050680E-02  1.14189327E+00  1.09620299E-02
1.71990692E-02  1.08158278E+00  1.05935019E-02
1.74930704E-02  1.02966952E+00  9.97975189E-03
1.77870716E-02  9.84071553E-01  8.28024000E-03
1.80810728E-02  9.88989174E-01  9.51163936E-03
1.83750740E-02  9.14417922E-01  7.98788015E-03
1.86690751E-02  8.66228282E-01  7.49379583E-03
1.89630763E-02  7.89407849E-01  7.48279458E-03
1.92570775E-02  7.53481030E-01  5.81332156E-03
1.95510787E-02  7.01105773E-01  6.82253297E-03
1.98450799E-02  6.55147135E-01  5.41664613E-03
2.01390811E-02  6.20182335E-01  5.65125328E-03
2.04330822E-02  6.10890985E-01  5.23015950E-03
2.07270834E-02  6.05449736E-01  4.96883458E-03
2.10210846E-02  5.74911058E-01  4.41857101E-03
2.13150858E-02  5.59997857E-01  4.86319931E-03
2.16090870E-02  5.40879130E-01  4.29509673E-03
2.19030882E-02  5.40217340E-01  4.55110427E-03
2.21970893E-02  5.33125818E-01  4.09156783E-03
2.24910905E-02  4.93207186E-01  3.86354444E-03
2.27850917E-02  4.83729422E-01  3.73152434E-03
2.30790929E-02  4.69819725E-01  3.68601060E-03
2.33730941E-02  4.51151997E-01  3.59961973E-03
2.36670953E-02  4.78787214E-01  3.87897808E-03
2.39610964E-02  4.49467242E-01  3.68874334E-03
2.42550976E-02  4.63097155E-01  3.79572995E-03
2.45490988E-02  4.41889942E-01  3.57601489E-03
2.48431000E-02  4.31524098E-01  3.45111918E-03
2.51371012E-02  4.18180287E-01  3.27952043E-03
2.54311024E-02  4.16743159E-01  3.33033060E-03
2.57251035E-02  4.05553550E-01  3.13854520E-03
2.60191047E-02  3.94557238E-01  2.88234535E-03
2.63131059E-02  3.85871112E-01  2.72618793E-03
2.66071071E-02  3.91615838E-01  2.96101090E-03
2.69011083E-02  3.77618581E-01  3.04642925E-03
2.71951094E-02  3.70575935E-01  2.78753741E-03
2.74891106E-02  3.72617364E-01  2.63380655E-03
2.77831118E-02  3.44497383E-01  2.65902886E-03
2.80771130E-02  3.62685055E-01  3.04231723E-03
2.83711142E-02  3.51500124E-01  2.53628707E-03
2.86651154E-02  3.57894063E-01  2.59003881E-03
2.89591165E-02  3.59453708E-01  2.70094117E-03
2.92531177E-02  3.65761220E-01  2.77582696E-03
2.95471189E-02  3.41139734E-01  2.58106110E-03
2.98411201E-02  3.53684276E-01  2.67685298E-03
3.01351213E-02  3.39176506E-01  2.32903287E-03
3.04291225E-02  3.54453206E-01  2.44633295E-03
3.07231236E-02  3.24816078E-01  2.39807274E-03
3.10171248E-02  3.28312606E-01  2.43931659E-03
3.13111260E-02  3.29617888E-01  2.40643043E-03
3.16051272E-02  3.33293021E-01  2.39880802E-03
3.18991284E-02  3.40714604E-01  2.58286577E-03
3.21931296E-02  3.16967070E-01  2.23678700E-03
3.24871307E-02  3.26210320E-01  2.41687172E-03
3.27811319E-02  3.13960612E-01  2.23611994E-03
3.30751331E-02  3.16785246E-01  2.26578675E-03
3.33691343E-02  3.24452102E-01  2.26575928E-03
3.36631355E-02  3.18795264E-01  2.17852532E-03
3.39571367E-02  3.27960104E-01  2.41163699E-03
3.42511378E-02  3.20901304E-01  2.03488581E-03
3.45451390E-02  3.15457672E-01  2.33473000E-03
3.48391402E-02  3.22964311E-01  2.16109678E-03
3.51331414E-02  3.06426167E-01  2.19891407E-03
3.54271426E-02  3.08267415E-01  2.06761179E-03
3.57211438E-02  3.05157214E-01  1.97671447E-03
3.60151449E-02  3.09469253E-01  1.97180291E-03
3.63091461E-02  3.11323017E-01  1.78909313E-03
3.66031473E-02  3.15457880E-01  1.89206726E-03
3.68971485E-02  3.13934416E-01  1.92678336E-03
3.71911497E-02  3.12893838E-01  1.85642624E-03
3.74851509E-02  3.01784992E-01  1.73950789E-03
3.77791520E-02  3.10012549E-01  1.81266165E-03
3.80731532E-02  3.02508533E-01  1.71901553E-03
3.83671544E-02  3.01954329E-01  1.75668159E-03
3.86611556E-02  2.94761509E-01  1.75675109E-03
3.89551568E-02  3.04539233E-01  1.80629827E-03
3.92491580E-02  2.95024037E-01  1.71920622E-03
3.95431591E-02  3.03934664E-01  1.70546479E-03
3.98371603E-02  3.06961298E-01  1.76065974E-03
4.01311615E-02  3.06310624E-01  1.76181144E-03
4.04251627E-02  3.03292543E-01  1.72513118E-03
4.07191639E-02  2.93627292E-01  1.60758640E-03
4.10131651E-02  2.92229086E-01  1.73060037E-03
4.13071662E-02  3.05536151E-01  1.77135493E-03
4.16011674E-02  3.04264545E-01  1.64238317E-03
4.18951686E-02  3.09840024E-01  1.69042719E-03
4.21891698E-02  3.06985021E-01  1.63875800E-03
4.24831710E-02  3.04662645E-01  1.72507064E-03
4.27771722E-02  3.06487232E-01  1.67586503E-03
4.30711733E-02  3.08699191E-01  1.63767627E-03
4.33651745E-02  2.97773421E-01  1.63717603E-03
4.36591757E-02  3.04481387E-01  1.64540403E-03
4.39531769E-02  3.11230987E-01  1.65949343E-03
4.42471781E-02  3.08400214E-01  1.64948334E-03
4.45411793E-02  3.14229995E-01  1.70758064E-03
4.48351804E-02  3.16270411E-01  1.66953879E-03
4.51291816E-02  3.08121502E-01  1.64849695E-03
4.54231828E-02  3.12313855E-01  1.62857759E-03
4.57171840E-02  3.06863278E-01  1.56547583E-03
4.60111852E-02  3.05994749E-01  1.55054894E-03
4.63051864E-02  3.06775361E-01  1.67098036E-03
4.65991875E-02  3.05997163E-01  1.55532896E-03
4.68931887E-02  3.28464031E-01  1.66732632E-03
4.71871899E-02  3.14072311E-01  1.65228662E-03
4.74811911E-02  3.21929246E-01  1.57585996E-03
4.77751923E-02  3.19521695E-01  1.55289017E-03
4.80691935E-02  3.14242452E-01  1.61098409E-03
4.83631946E-02  3.28244120E-01  1.65674405E-03
4.86571958E-02  3.19685251E-01  1.61404081E-03
4.89511970E-02  3.21696967E-01  1.65110047E-03
4.92451982E-02  3.26498687E-01  1.60407368E-03
4.95391994E-02  3.21269304E-01  1.60242314E-03
4.98332006E-02  3.36508244E-01  1.67674141E-03
5.01272017E-02  3.30861658E-01  1.64427981E-03
5.04212029E-02  3.31034124E-01  1.71868957E-03
5.07152041E-02  3.30134600E-01  1.56890717E-03
5.10092053E-02  3.47247332E-01  1.64675934E-03
5.13032065E-02  3.41581136E-01  1.64781243E-03
5.15972077E-02  3.40805054E-01  1.70357467E-03
5.18912088E-02  3.49351883E-01  1.62990764E-03
5.21852100E-02  3.42932284E-01  1.61481823E-03
5.24792112E-02  3.49470615E-01  1.71710656E-03
5.27732124E-02  3.45070332E-01  1.62452017E-03
5.30672136E-02  3.60872895E-01  1.70649204E-03
5.33612148E-02  3.55652541E-01  1.65016251E-03
5.36552159E-02  3.61678988E-01  1.61388889E-03
5.39492171E-02  3.66745144E-01  1.70010061E-03
5.42432183E-02  3.73750031E-01  1.67172507E-03
5.45372195E-02  3.77709121E-01  1.81111612E-03
5.48312207E-02  3.62245768E-01  1.69718778E-03
5.51252219E-02  3.81498784E-01  1.77173770E-03
5.54192230E-02  3.76040548E-01  1.78128062E-03
5.57132242E-02  3.85836035E-01  1.74655521E-03
5.60072254E-02  3.98943573E-01  1.65010290E-03
5.63012266E-02  3.94331217E-01  1.76156149E-03
5.65952278E-02  3.99846911E-01  1.72392733E-03
5.68892290E-02  4.21870381E-01  1.83062674E-03
5.71832301E-02  4.14159000E-01  1.84897217E-03
5.74772313E-02  4.26849872E-01  1.77014410E-03
5.77712325E-02  4.21969533E-01  1.81092427E-03
5.80652337E-02  4.41785485E-01  1.86673645E-03
5.83592349E-02  4.40296650E-01  1.89303886E-03
5.86532361E-02  4.42640483E-01  1.92459591E-03
5.89472372E-02  4.48844552E-01  1.87014171E-03
5.92412384E-02  4.52443510E-01  1.80000148E-03
5.95352396E-02  4.66223359E-01  1.91204669E-03
5.98292408E-02  4.85240281E-01  1.87766482E-03
6.01232420E-02  4.87174749E-01  1.96075300E-03
6.04172432E-02  5.06539643E-01  1.97753520E-03
6.07112443E-02  5.04388332E-01  2.01203395E-03
6.10052455E-02  5.24626613E-01  2.16883095E-03
6.12992467E-02  5.44491768E-01  2.19621696E-03
6.15932479E-02  5.37507832E-01  2.27539660E-03
6.18872491E-02  5.52927017E-01  2.41097878E-03
6.21812503E-02  5.81582427E-01  2.42319424E-03
6.24752514E-02  5.98012984E-01  2.41049752E-03
6.27692526E-02  6.13891840E-01  2.49577546E-03
6.30632538E-02  6.38917387E-01  2.67454982E-03
6.33572550E-02  6.61481559E-01  2.89534661E-03
6.36512562E-02  6.89275026E-01  2.95496150E-03
6.39452574E-02  7.04410493E-01  3.23851779E-03
6.42392585E-02  7.37491310E-01  3.45484726E-03
6.45332597E-02  7.79947221E-01  3.84905934E-03
6.48272609E-02  8.16225350E-01  4.03826823E-03
6.51212621E-02  8.79974127E-01  4.51482367E-03
6.54152633E-02  9.38724875E-01  5.03284298E-03
6.57092645E-02  9.56721365E-01  5.37980767E-03
6.60032656E-02  1.01912487E+00  5.85262151E-03
6.62972668E-02  1.08054233E+00  6.23597810E-03
6.65912680E-02  1.12935781E+00  6.48966478E-03
6.68852692E-02  1.20023715E+00  7.05827586E-03
6.71792704E-02  1.27640581E+00  7.36135850E-03
6.74732716E-02  1.33857977E+00  7.89368805E-03
6.77672727E-02  1.40089977E+00  8.10764637E-03
6.80612739E-02  1.48288727E+00  8.74931552E-03
6.83552751E-02  1.55736125E+00  8.86204187E-03
6.86492763E-02  1.66295171E+00  9.31516290E-03
6.89432775E-02  1.76901662E+00  9.95736755E-03
6.92372787E-02  1.84763086E+00  9.75220464E-03
6.95312798E-02  1.96534538E+00  9.95864160E-03
6.98252810E-02  2.07986593E+00  1.01244142E-02
7.01192822E-02  2.18534493E+00  1.03788124E-02
7.04132834E-02  2.29066896E+00  1.06667569E-02
7.07072846E-02  2.41025019E+00  1.04690567E-02
7.10012858E-02  2.55927920E+00  1.05962642E-02
7.12952869E-02  2.66714501E+00  1.02963634E-02
7.15892881E-02  2.78080034E+00  1.02227973E-02
7.18832893E-02  2.92852235E+00  1.01823378E-02
7.21772905E-02  2.98445439E+00  9.64593980E-03
7.24712917E-02  3.15201712E+00  9.80844442E-03
7.27652929E-02  3.24051523E+00  9.30178724E-03
7.30592940E-02  3.33533096E+00  8.87945667E-03
7.33532952E-02  3.44529963E+00  8.66369717E-03
7.36472964E-02  3.56280231E+00  8.20654351E-03
7.39412976E-02  3.61768723E+00  8.03318620E-03
7.42352988E-02  3.70715666E+00  7.65923504E-03
7.45293000E-02  3.82127929E+00  7.29856966E-03
7.48233011E-02  3.86622262E+00  7.07180751E-03
7.51173023E-02  3.98505592E+00  6.58967206E-03
7.54113035E-02  4.01844215E+00  6.28122874E-03
7.57053047E-02  4.03177881E+00  5.89700183E-03
7.59993059E-02  4.09229279E+00  5.81405731E-03
7.62933071E-02  4.12349701E+00  5.72961336E-03
7.65873082E-02  4.12056875E+00  5.69570763E-03
7.68813094E-02  4.14172792E+00  5.94020588E-03
7.71753106E-02  4.13495398E+00  6.08035689E-03
7.74693118E-02  4.11469650E+00  6.05419045E-03
7.77633130E-02  4.13330364E+00  6.39681658E-03
7.80573141E-02  4.08748960E+00  6.72313944E-03
7.83513153E-02  4.00568962E+00  7.21793994E-03
7.86453165E-02  3.96053958E+00  7.27474503E-03
7.89393177E-02  3.90276170E+00  7.55454414E-03
7.92333189E-02  3.87111282E+00  7.96571560E-03
7.95273201E-02  3.76924610E+00  8.19660071E-03
7.98213212E-02  3.73041010E+00  8.45953729E-03
8.01153224E-02  3.62943196E+00  8.46984051E-03
8.04093236E-02  3.50355935E+00  8.52085464E-03
8.07033248E-02  3.41963267E+00  8.67372658E-03
8.09973260E-02  3.33064151E+00  8.44906643E-03
8.12913272E-02  3.24842358E+00  8.48435517E-03
8.15853283E-02  3.12326193E+00  8.03627167E-03
8.18793295E-02  3.01060438E+00  8.19521863E-03
8.21733307E-02  2.90568614E+00  7.77669204E-03
8.24673319E-02  2.79256105E+00  7.73214130E-03
8.27613331E-02  2.66388464E+00  7.45877298E-03
8.30553343E-02  2.54551959E+00  6.81630755E-03
8.33493354E-02  2.45069122E+00  6.78121205E-03
8.36433366E-02  2.36146331E+00  6.58798637E-03
8.39373378E-02  2.25609732E+00  6.24782126E-03
8.42313390E-02  2.14586329E+00  5.84658748E-03
8.45253402E-02  2.05614328E+00  5.55191748E-03
8.48193414E-02  1.97563839E+00  5.44867851E-03
8.51133425E-02  1.93067276E+00  5.22150239E-03
8.54073437E-02  1.81114137E+00  4.92840074E-03
8.57013449E-02  1.73841035E+00  4.47447458E-03
8.59953461E-02  1.68813789E+00  4.54617338E-03
8.62893473E-02  1.60556090E+00  4.29740874E-03
8.65833485E-02  1.54386997E+00  4.02536895E-03
8.68773496E-02  1.48848629E+00  3.94793041E-03
8.71713508E-02  1.44531786E+00  3.80957406E-03
8.74653520E-02  1.38304508E+00  3.60974506E-03
8.77593532E-02  1.35781562E+00  3.57367820E-03
8.80533544E-02  1.29630339E+00  3.42515204E-03
8.83473556E-02  1.25237429E+00  3.39502934E-03
8.86413567E-02  1.21131825E+00  3.21808970E-03
8.89353579E-02  1.19150758E+00  3.08336946E-03
8.92293591E-02  1.16141427E+00  3.20489961E-03
8.95233603E-02  1.12355697E+00  2.93271407E-03
8.98173615E-02  1.08053899E+00  2.82887951E-03
9.01113627E-02  1.03959548E+00  2.73936172E-03
9.04053638E-02  1.03419900E+00  2.72269454E-03
9.06993650E-02  1.00499046E+00  2.69852509E-03
9.09933662E-02  9.65130806E-01  2.63332669E-03
9.12873674E-02  9.48755145E-01  2.55087717E-03
9.15813686E-02  9.18669641E-01  2.44660117E-03
9.18753698E-02  8.82828295E-01  2.41440209E-03
9.21693709E-02  8.74879301E-01  2.36354722E-03
9.24633721E-02  8.62777114E-01  2.27863528E-03
9.27573733E-02  8.29936326E-01  2.22834712E-03
9.30513745E-02  8.16903174E-01  2.19399622E-03
9.33453757E-02  7.97416329E-01  2.14318628E-03
9.36393769E-02  7.84817636E-01  2.04937835E-03
9.39333780E-02  7.65021384E-01  2.04704842E-03
9.42273792E-02  7.46113181E-01  1.95540604E-03
9.45213804E-02  7.44056523E-01  2.00998201E-03
9.48153816E-02  7.20397174E-01  1.95652014E-03
9.51093828E-02  7.16856241E-01  1.87249540E-03
9.54033840E-02  7.14724243E-01  1.91882963E-03
9.56973851E-02  6.94396317E-01  1.86402153E-03
9.59913863E-02  6.99924767E-01  1.87501102E-03
9.62853875E-02  6.74796462E-01  1.84074836E-03
9.65793887E-02  6.68849409E-01  1.78276747E-03
9.68733899E-02  6.58346355E-01  1.75741233E-03
9.71673911E-02  6.68346167E-01  1.77702575E-03
9.74613922E-02  6.50916696E-01  1.74094550E-03
9.77553934E-02  6.44809783E-01  1.77338475E-03
9.80493946E-02  6.34335876E-01  1.71432679E-03
9.83433958E-02  6.27278090E-01  1.67275139E-03
9.86373970E-02  6.36304319E-01  1.75835867E-03
9.89313982E-02  6.25901401E-01  1.68436882E-03
9.92253993E-02  6.14023745E-01  1.65193819E-03
9.95194005E-02  6.21317565E-01  1.72468543E-03
9.98134017E-02  6.06128454E-01  1.68494286E-03
1.00107403E-01  6.05892718E-01  1.68014178E-03
1.00401404E-01  5.97000778E-01  1.67443859E-03
1.00695405E-01  6.00162685E-01  1.64201192E-03
1.00989406E-01  5.89830875E-01  1.62080256E-03
1.01283408E-01  5.93831241E-01  1.63252279E-03
1.01577409E-01  5.81560612E-01  1.65753323E-03
1.01871410E-01  5.93866169E-01  1.63038319E-03
1.02165411E-01  5.78810811E-01  1.61238038E-03
1.02459412E-01  5.94058454E-01  1.63322547E-03
1.02753414E-01  5.76351166E-01  1.62160071E-03
1.03047415E-01  5.78224599E-01  1.55423232E-03
1.03341416E-01  5.77222824E-01  1.59639493E-03
1.03635417E-01  5.77062011E-01  1.63816882E-03
1.03929418E-01  5.71105838E-01  1.59392692E-03
1.04223419E-01  5.63569963E-01  1.58717413E-03
1.04517421E-01  5.74904740E-01  1.62077683E-03
1.04811422E-01  5.78223288E-01  1.62124063E-03
1.05105423E-01  5.79937518E-01  1.62635755E-03
1.05399424E-01  5.65502942E-01  1.61910977E-03
1.05693425E-01  5.73630571E-01  1.54242967E-03
1.05987427E-01  5.71467161E-01  1.61939510E-03
1.06281428E-01  5.69933593E-01  1.56821101E-03
1.06575429E-01  5.71411014E-01  1.61050563E-03
1.06869430E-01  5.75123966E-01  1.61041808E-03
1.07163431E-01  5.67823350E-01  1.52904657E-03
1.07457432E-01  5.67134798E-01  1.56928028E-03
1.07751434E-01  5.78373551E-01  1.58449681E-03
1.08045435E-01  5.75109184E-01  1.55628053E-03
1.08339436E-01  5.82317114E-01  1.60699221E-03
1.08633437E-01  5.79948127E-01  1.63083046E-03
1.08927438E-01  5.83764732E-01  1.65345659E-03
1.09221440E-01  5.84917903E-01  1.57933671E-03
1.09515441E-01  5.85619092E-01  1.56585732E-03
1.09809442E-01  5.94279766E-01  1.59156125E-03
1.10103443E-01  5.91849983E-01  1.62814674E-03
1.10397444E-01  5.92100143E-01  1.57310313E-03
1.10691445E-01  6.05014443E-01  1.63864088E-03
1.10985447E-01  5.96173763E-01  1.59538095E-03
1.11279448E-01  6.10222161E-01  1.60572794E-03
1.11573449E-01  6.07871890E-01  1.62918877E-03
1.11867450E-01  6.21277094E-01  1.63327774E-03
1.12161451E-01  6.32303894E-01  1.69607520E-03
1.12455453E-01  6.23877585E-01  1.73454406E-03
1.12749454E-01  6.27675772E-01  1.67522929E-03
1.13043455E-01  6.22406304E-01  1.68206985E-03
1.13337456E-01  6.43837929E-01  1.74803496E-03
1.13631457E-01  6.52248919E-01  1.68914185E-03
1.13925459E-01  6.46118045E-01  1.68166251E-03
1.14219460E-01  6.74904048E-01  1.75938674E-03
1.14513461E-01  6.69968247E-01  1.77214690E-03
1.14807462E-01  6.87595665E-01  1.79588015E-03
1.15101463E-01  6.92622781E-01  1.82958413E-03
1.15395464E-01  7.04121649E-01  1.79814803E-03
1.15689466E-01  7.12616861E-01  1.89505040E-03
1.15983467E-01  7.29338348E-01  1.89756940E-03
1.16277468E-01  7.35935450E-01  1.99969159E-03
1.16571469E-01  7.58462667E-01  1.99822942E-03
1.16865470E-01  7.63786376E-01  2.12129601E-03
1.17159472E-01  7.85468757E-01  2.09107227E-03
1.17453473E-01  7.94755578E-01  2.13191425E-03
1.17747474E-01  8.11041832E-01  2.17445474E-03
1.18041475E-01  8.19903672E-01  2.17829389E-03
1.18335476E-01  8.43271613E-01  2.16570147E-03
1.18629477E-01  8.74696970E-01  2.32873368E-03
1.18923479E-01  8.82842898E-01  2.30399845E-03
1.19217480E-01  8.98217857E-01  2.29965616E-03
1.19511481E-01  9.11518931E-01  2.29901425E-03
1.19805482E-01  9.37124550E-01  2.40695034E-03
1.20099483E-01  9.47446048E-01  2.31113308E-03
1.20393485E-01  9.79195893E-01  2.34849122E-03
1.20687486E-01  9.88900721E-01  2.34992453E-03
1.20981487E-01  1.02929664E+00  2.41787406E-03
1.21275488E-01  1.04589534E+00  2.36797472E-03
1.21569489E-01  1.05873740E+00  2.36502523E-03
1.21863490E-01  1.09263706E+00  2.43457709E-03
1.22157492E-01  1.11816192E+00  2.45562126E-03
1.22451493E-01  1.13389623E+00  2.44228891E-03
1.22745494E-01  1.16916561E+00  2.46355566E-03
1.23039495E-01  1.18966496E+00  2.47002416E-03
1.23333496E-01  1.19630110E+00  2.49049044E-03
1.23627498E-01  1.23047972E+00  2.61469721E-03
1.23921499E-01  1.24868381E+00  2.53798603E-03
1.24215500E-01  1.28036129E+00  2.62403511E-03
1.24509501E-01  1.27693856E+00  2.68037012E-03
1.24803502E-01  1.28877592E+00  2.65704817E-03
1.25097503E-01  1.32628381E+00  2.64692539E-03
1.25391505E-01  1.32033169E+00  2.59954622E-03
1.25685506E-01  1.37408888E+00  2.68494361E-03
1.25979507E-01  1.36836052E+00  2.59757251E-03
1.26273508E-01  1.37817001E+00  2.63579050E-03
1.26567509E-01  1.40463471E+00  2.68383394E-03
1.26861511E-01  1.41341865E+00  2.67060241E-03
1.27155512E-01  1.43550885E+00  2.64155306E-03
1.27449513E-01  1.44721842E+00  2.70774984E-03
1.27743514E-01  1.46595216E+00  2.68635782E-03
1.28037515E-01  1.46887302E+00  2.72478373E-03
1.28331516E-01  1.47602391E+00  2.57731392E-03
1.28625518E-01  1.50036514E+00  2.79053301E-03
1.28919519E-01  1.49996054E+00  2.63957237E-03
1.29213520E-01  1.50970638E+00  2.71694874E-03
1.29507521E-01  1.51800191E+00  2.72431690E-03
1.29801522E-01  1.53757000E+00  2.69940728E-03
1.30095524E-01  1.52475965E+00  2.75466335E-03
1.30389525E-01  1.53892291E+00  2.59208702E-03
1.30683526E-01  1.54041553E+00  2.54047825E-03
1.30977527E-01  1.52992761E+00  2.64031556E-03
1.31271528E-01  1.53771949E+00  2.70558870E-03
1.31565529E-01  1.54448533E+00  2.61688698E-03
1.31859531E-01  1.55170250E+00  2.64283223E-03
1.32153532E-01  1.53232408E+00  2.72864359E-03
1.32447533E-01  1.52763987E+00  2.68244045E-03
1.32741534E-01  1.53090811E+00  2.57762219E-03
1.33035535E-01  1.51730442E+00  2.69771414E-03
1.33329537E-01  1.50795603E+00  2.61033699E-03
1.33623538E-01  1.51461446E+00  2.75632250E-03
1.33917539E-01  1.50945652E+00  2.76190066E-03
1.34211540E-01  1.48303711E+00  2.76382221E-03
1.34505541E-01  1.48201740E+00  2.71174591E-03
1.34799543E-01  1.47305202E+00  2.52137124E-03
1.35093544E-01  1.46873128E+00  2.46925047E-03
1.35387545E-01  1.45807922E+00  2.57228431E-03
1.35681546E-01  1.44407022E+00  2.55170558E-03
1.35975547E-01  1.43902099E+00  2.60911067E-03
1.36269548E-01  1.41786194E+00  2.51407572E-03
1.36563550E-01  1.41783011E+00  2.42692675E-03
1.36857551E-01  1.39106107E+00  2.37129233E-03
1.37151552E-01  1.37925160E+00  2.45077349E-03
1.37445553E-01  1.34968150E+00  2.46882509E-03
1.37739554E-01  1.35508549E+00  2.45574745E-03
1.38033556E-01  1.34255230E+00  2.41225632E-03
1.38327557E-01  1.32748735E+00  2.43776548E-03
1.38621558E-01  1.31635046E+00  2.40446837E-03
1.38915559E-01  1.28353751E+00  2.34172959E-03
1.39209560E-01  1.26799202E+00  2.36451509E-03
1.39503561E-01  1.25983548E+00  2.42662197E-03
1.39797563E-01  1.26362038E+00  2.42847530E-03
1.40091564E-01  1.23982382E+00  2.26081908E-03
1.40385565E-01  1.20166302E+00  2.27792142E-03
1.40679566E-01  1.19579113E+00  2.39888299E-03
1.40973567E-01  1.17486095E+00  2.18223268E-03
1.41267569E-01  1.17883527E+00  2.27881270E-03
1.41561570E-01  1.15715361E+00  2.22773664E-03
1.41855571E-01  1.14010799E+00  2.15718593E-03
1.42149572E-01  1.12678087E+00  2.19623442E-03
1.42443573E-01  1.10136831E+00  2.09950819E-03
1.42737574E-01  1.09759510E+00  2.09049974E-03
1.43031576E-01  1.11041141E+00  2.09626439E-03
1.43325577E-01  1.07384777E+00  2.06236425E-03
1.43619578E-01  1.07401335E+00  2.04201974E-03
1.43913579E-01  1.05871797E+00  2.03206786E-03
1.44207580E-01  1.05267441E+00  2.01754714E-03
1.44501582E-01  1.04215539E+00  2.00699386E-03
1.44795583E-01  1.03471899E+00  1.93609053E-03
1.45089584E-01  1.02300584E+00  1.94041769E-03
1.45383585E-01  1.00884295E+00  1.93818100E-03
1.45677586E-01  1.01817310E+00  1.90043100E-03
1.45971587E-01  9.95951831E-01  1.91268162E-03
1.46265589E-01  9.96094108E-01  1.94291153E-03
1.46559590E-01  9.99501705E-01  1.89181650E-03
1.46853591E-01  9.91403759E-01  1.89131650E-03
1.47147592E-01  9.85226333E-01  1.95655529E-03
1.47441593E-01  9.87794459E-01  1.92124106E-03
1.47735595E-01  9.79874074E-01  1.84634619E-03
1.48029596E-01  9.69340920E-01  1.89384888E-03
1.48323597E-01  9.72614765E-01  1.85001048E-03
1.48617598E-01  9.66519237E-01  1.85539690E-03
1.48911599E-01  9.70741153E-01  1.84719788E-03
1.49205600E-01  9.57201362E-01  1.90410414E-03
1.49499602E-01  9.46838379E-01  1.89190521E-03
1.49793603E-01  9.50564802E-01  1.85149303E-03
1.50087604E-01  9.47095811E-01  1.86469010E-03
1.50381605E-01  9.40417469E-01  1.85967097E-03
1.50675606E-01  9.34959531E-01  1.79987412E-03
1.50969608E-01  9.34648335E-01  1.89626100E-03
1.51263609E-01  9.26416934E-01  1.77805091E-03
1.51557610E-01  9.26785052E-01  1.81471033E-03
1.51851611E-01  9.20064807E-01  1.78895192E-03
1.52145612E-01  9.12884951E-01  1.77220255E-03
1.52439614E-01  9.18507874E-01  1.79530098E-03
1.52733615E-01  8.99664581E-01  1.77685928E-03
1.53027616E-01  9.00041759E-01  1.76658737E-03
1.53321617E-01  9.06928837E-01  1.80717162E-03
1.53615618E-01  8.81150782E-01  1.72634283E-03
1.53909619E-01  8.91073942E-01  1.75901875E-03
1.54203621E-01  8.81807446E-01  1.79310492E-03
1.54497622E-01  8.77721190E-01  1.76042493E-03
1.54791623E-01  8.67837548E-01  1.73027534E-03
1.55085624E-01  8.66609097E-01  1.73256185E-03
1.55379625E-01  8.58019769E-01  1.75329612E-03
1.55673627E-01  8.56758237E-01  1.70719239E-03
1.55967628E-01  8.49364400E-01  1.74044713E-03
1.56261629E-01  8.35336745E-01  1.69337820E-03
1.56555630E-01  8.32100749E-01  1.68504089E-03
1.56849631E-01  8.25057685E-01  1.69585238E-03
1.57143632E-01  8.20642054E-01  1.68391108E-03
1.57437634E-01  8.20816457E-01  1.70490658E-03
1.57731635E-01  8.04186106E-01  1.60573318E-03
1.58025636E-01  7.98267841E-01  1.67831418E-03
1.58319637E-01  8.01355004E-01  1.68107869E-03
1.58613638E-01  7.89641023E-01  1.68897340E-03
1.58907640E-01  7.83289552E-01  1.65911193E-03
1.59201641E-01  7.67814100E-01  1.58814946E-03
1.59495642E-01  7.60520458E-01  1.64772454E-03
1.59789643E-01  7.53048658E-01  1.64975703E-03
1.60083644E-01  7.46818423E-01  1.60026783E-03
1.60377645E-01  7.42374003E-01  1.57402770E-03
1.60671647E-01  7.37818718E-01  1.59734290E-03
1.60965648E-01  7.25518763E-01  1.55658519E-03
1.61259649E-01  7.08363891E-01  1.53350225E-03
1.61553650E-01  7.01522827E-01  1.58128352E-03
1.61847651E-01  7.01594174E-01  1.51197205E-03
1.62141653E-01  6.94728017E-01  1.56224042E-03
1.62435654E-01  6.75359011E-01  1.56411016E-03
1.62729655E-01  6.80775702E-01  1.52626948E-03
1.63023656E-01  6.68984652E-01  1.51324831E-03
1.63317657E-01  6.79351926E-01  1.49017991E-03
1.63611658E-01  6.51741922E-01  1.50137220E-03
1.63905660E-01  6.44066870E-01  1.48049847E-03
1.64199661E-01  6.40382946E-01  1.44938973E-03
1.64493662E-01  6.34431660E-01  1.48225552E-03
1.64787663E-01  6.26643419E-01  1.39462727E-03
1.65081664E-01  6.21554732E-01  1.42197008E-03
1.65375666E-01  6.23482764E-01  1.43617403E-03
1.65669667E-01  6.03791356E-01  1.35863142E-03
1.65963668E-01  6.04042768E-01  1.42496102E-03
1.66257669E-01  5.93075871E-01  1.40542339E-03
1.66551670E-01  5.88860273E-01  1.33198861E-03
1.66845671E-01  5.86536348E-01  1.35170773E-03
1.67139673E-01  5.77693522E-01  1.34198018E-03
1.67433674E-01  5.78381717E-01  1.39853801E-03
1.67727675E-01  5.73777616E-01  1.36686570E-03
1.68021676E-01  5.58369100E-01  1.31949072E-03
1.68315677E-01  5.55386424E-01  1.33435731E-03
1.68609679E-01  5.62704682E-01  1.32824702E-03
1.68903680E-01  5.42711616E-01  1.29551871E-03
1.69197681E-01  5.43988228E-01  1.29661721E-03
1.69491682E-01  5.44039845E-01  1.30506256E-03
1.69785683E-01  5.33972263E-01  1.28243712E-03
1.70079685E-01  5.37545800E-01  1.31674425E-03
1.70373686E-01  5.35224497E-01  1.29520264E-03
1.70667687E-01  5.37449718E-01  1.28367834E-03
1.70961688E-01  5.28957903E-01  1.27636828E-03
1.71255689E-01  5.26123047E-01  1.26442569E-03
1.71549690E-01  5.19159257E-01  1.27661834E-03
1.71843692E-01  5.07767856E-01  1.23400812E-03
1.72137693E-01  5.26040196E-01  1.22915301E-03
1.72431694E-01  5.22747457E-01  1.25618454E-03
1.72725695E-01  5.03722787E-01  1.23463164E-03
1.73019696E-01  5.06193459E-01  1.25634414E-03
1.73313698E-01  5.00190079E-01  1.25215051E-03
1.73607699E-01  5.00906229E-01  1.21638994E-03
1.73901700E-01  4.95398402E-01  1.17543014E-03
1.74195701E-01  4.92220283E-01  1.17274502E-03
1.74489702E-01  4.83184844E-01  1.20777008E-03
1.74783703E-01  4.87661779E-01  1.22306286E-03
1.75077705E-01  4.81308401E-01  1.16189918E-03
1.75371706E-01  4.82374728E-01  1.19212572E-03
1.75665707E-01  4.88338888E-01  1.18966191E-03
1.75959708E-01  4.82882142E-01  1.18284929E-03
1.76253709E-01  4.67643708E-01  1.15021877E-03
1.76547711E-01  4.63115990E-01  1.20154303E-03
1.76841712E-01  4.75617200E-01  1.18504919E-03
1.77135713E-01  4.68149662E-01  1.18711102E-03
1.77429714E-01  4.72337335E-01  1.16740388E-03
1.77723715E-01  4.65389252E-01  1.20021007E-03
1.78017716E-01  4.70523924E-01  1.18457898E-03
1.78311718E-01  4.55442488E-01  1.19217869E-03
1.78605719E-01  4.58131045E-01  1.15947309E-03
1.78899720E-01  4.61978555E-01  1.16558350E-03
1.79193721E-01  4.63301033E-01  1.17147481E-03
1.79487722E-01  4.61380333E-01  1.19807082E-03
1.79781724E-01  4.55566853E-01  1.14347006E-03
1.80075725E-01  4.51865315E-01  1.11811375E-03
1.80369726E-01  4.49217796E-01  1.11897313E-03
1.80663727E-01  4.57927346E-01  1.15261448E-03
1.80957728E-01  4.58151788E-01  1.14668906E-03
1.81251729E-01  4.59795743E-01  1.14927534E-03
1.81545731E-01  4.54115540E-01  1.10437535E-03
1.81839732E-01  4.50393617E-01  1.15368608E-03
1.82133733E-01  4.49714005E-01  1.17322174E-03
1.82427734E-01  4.52360958E-01  1.13232050E-03
1.82721735E-01  4.45557415E-01  1.09073042E-03
1.83015737E-01  4.41266268E-01  1.09402381E-03
1.83309738E-01  4.45984632E-01  1.13774452E-03
1.83603739E-01  4.48834866E-01  1.11536693E-03
1.83897740E-01  4.39570248E-01  1.10298838E-03
1.84191741E-01  4.46681559E-01  1.14531640E-03
1.84485742E-01  4.40681159E-01  1.12704909E-03
1.84779744E-01  4.43288505E-01  1.09236105E-03
1.85073745E-01  4.43883061E-01  1.14208681E-03
1.85367746E-01  4.39951509E-01  1.13791157E-03
1.85661747E-01  4.42089140E-01  1.13510829E-03
1.85955748E-01  4.43313897E-01  1.13939994E-03
1.86249750E-01  4.40836191E-01  1.11151906E-03
1.86543751E-01  4.45180923E-01  1.13042537E-03
1.86837752E-01  4.45595354E-01  1.13178231E-03
1.87131753E-01  4.43455517E-01  1.14966882E-03
1.87425754E-01  4.46347713E-01  1.13193260E-03
1.87719755E-01  4.37809825E-01  1.13436813E-03
1.88013757E-01  4.41158473E-01  1.13922823E-03
1.88307758E-01  4.38568503E-01  1.09361706E-03
1.88601759E-01  4.35171038E-01  1.08693133E-03
1.88895760E-01  4.42727625E-01  1.08155294E-03
1.89189761E-01  4.31749076E-01  1.08261011E-03
1.89483763E-01  4.38351095E-01  1.10375730E-03
1.89777764E-01  4.34989542E-01  1.10521482E-03
1.90071765E-01  4.40100878E-01  1.13098742E-03
1.90365766E-01  4.38843727E-01  1.12459995E-03
1.90659767E-01  4.35166746E-01  1.06414419E-03
1.90953769E-01  4.31084663E-01  1.08473445E-03
1.91247770E-01  4.39369857E-01  1.10279431E-03
1.91541771E-01  4.27271754E-01  1.11140788E-03
1.91835772E-01  4.27505195E-01  1.09035242E-03
1.92129773E-01  4.37635005E-01  1.08431955E-03
1.92423774E-01  4.35865134E-01  1.08073931E-03
1.92717776E-01  4.37550604E-01  1.09632267E-03
1.93011777E-01  4.31121469E-01  1.03871955E-03
1.93305778E-01  4.28922862E-01  1.09520415E-03
1.93599779E-01  4.32096392E-01  1.10194122E-03
1.93893780E-01  4.28201377E-01  1.06181297E-03
1.94187782E-01  4.30096656E-01  1.06315746E-03
1.94481783E-01  4.26935226E-01  1.07207289E-03
1.94775784E-01  4.30421442E-01  1.04849634E-03
1.95069785E-01  4.25190926E-01  1.06062775E-03
1.95363786E-01  4.25691307E-01  1.10884651E-03
1.95657787E-01  4.25494492E-01  1.02811609E-03
1.95951789E-01  4.24854070E-01  1.05453853E-03
1.96245790E-01  4.14172649E-01  1.06708100E-03
1.96539791E-01  4.26667333E-01  1.09387224E-03
1.96833792E-01  4.17241752E-01  1.05593749E-03
1.97127793E-01  4.18458521E-01  1.05847151E-03
1.97421795E-01  4.09515560E-01  1.05539896E-03
1.97715796E-01  4.14730519E-01  1.03942538E-03
1.98009797E-01  4.09150749E-01  1.03210413E-03
1.98303798E-01  4.05982316E-01  1.03227573E-03
1.98597799E-01  4.11610037E-01  1.02654565E-03
1.98891800E-01  4.11096990E-01  1.03840837E-03
1.99185802E-01  4.11190540E-01  1.06605864E-03
1.99479803E-01  4.06432271E-01  1.06864504E-03
1.99773804E-01  4.07891542E-01  1.04497641E-03
2.00067805E-01  4.07387882E-01  1.04928878E-03
2.00361806E-01  3.94933939E-01  1.02362537E-03
2.00655808E-01  3.95352066E-01  1.01508584E-03
2.00949809E-01  3.97393197E-01  1.03638030E-03
2.01243810E-01  3.90785068E-01  1.00981409E-03
2.01537811E-01  3.95391345E-01  1.04025961E-03
2.01831812E-01  3.91418368E-01  1.04505231E-03
2.02125813E-01  3.91377091E-01  1.00480381E-03
2.02419815E-01  3.94415706E-01  1.03564293E-03
2.02713816E-01  3.86845857E-01  1.00916927E-03
2.03007817E-01  3.90586048E-01  1.02856546E-03
2.03301818E-01  3.84162635E-01  1.02876232E-03
2.03595819E-01  3.77292961E-01  9.94327827E-04
2.03889821E-01  3.80379319E-01  1.00379868E-03
2.04183822E-01  3.75607491E-01  9.85537190E-04
2.04477823E-01  3.79903764E-01  9.82541358E-04
2.04771824E-01  3.74273598E-01  9.81089775E-04
2.05065825E-01  3.73505980E-01  9.83990845E-04
2.05359826E-01  3.73357356E-01  9.72817594E-04
2.05653828E-01  3.67223382E-01  9.80859739E-04
2.05947829E-01  3.59752327E-01  9.63996688E-04
2.06241830E-01  3.59316528E-01  9.61265934E-04
2.06535831E-01  3.66383970E-01  9.69135668E-04
2.06829832E-01  3.60341519E-01  9.63265600E-04
2.07123834E-01  3.55077595E-01  9.54638061E-04
2.07417835E-01  3.64151925E-01  9.55733587E-04
2.07711836E-01  3.50315422E-01  9.29101196E-04
2.08005837E-01  3.54785472E-01  9.03012115E-04
2.08299838E-01  3.55587393E-01  9.57410317E-04
2.08593840E-01  3.52607012E-01  9.42593499E-04
2.08887841E-01  3.46631289E-01  9.56912176E-04
2.09181842E-01  3.38610321E-01  9.09766299E-04
2.09475843E-01  3.44640195E-01  9.55357158E-04
2.09769844E-01  3.47318202E-01  9.22716863E-04
2.10063845E-01  3.46033961E-01  8.93198361E-04
2.10357847E-01  3.32801074E-01  8.93993827E-04
2.10651848E-01  3.38099718E-01  8.90413008E-04
2.10945849E-01  3.35999817E-01  9.25621192E-04
2.11239850E-01  3.28079611E-01  9.40185448E-04
2.11533851E-01  3.28138590E-01  8.95298843E-04
2.11827853E-01  3.27667385E-01  9.11052979E-04
2.12121854E-01  3.26820433E-01  8.79301631E-04
2.12415855E-01  3.26405287E-01  8.80196283E-04
2.12709856E-01  3.29044312E-01  8.90301599E-04
2.13003857E-01  3.18300754E-01  8.74296180E-04
2.13297858E-01  3.19249302E-01  8.64907808E-04
2.13591860E-01  3.17085683E-01  8.76127277E-04
2.13885861E-01  3.11552346E-01  8.92719254E-04
2.14179862E-01  3.17410022E-01  8.78628867E-04
2.14473863E-01  3.16452950E-01  8.78603256E-04
2.14767864E-01  3.11325133E-01  8.70071992E-04
2.15061866E-01  3.13541949E-01  8.58453684E-04
2.15355867E-01  3.11112404E-01  8.86257738E-04
2.15649868E-01  3.11833978E-01  8.53633450E-04
2.15943869E-01  3.06397080E-01  8.48952914E-04
2.16237870E-01  3.10231268E-01  8.72676959E-04
2.16531871E-01  3.02724272E-01  8.35409621E-04
2.16825873E-01  2.96251357E-01  8.50114913E-04
2.17119874E-01  3.01693171E-01  8.40715889E-04
2.17413875E-01  3.08304459E-01  8.42202629E-04
2.17707876E-01  2.99833626E-01  8.41797912E-04
2.18001877E-01  3.00913423E-01  8.36068531E-04
2.18295879E-01  3.02341372E-01  8.46537412E-04
2.18589880E-01  2.92464167E-01  8.41293484E-04
2.18883881E-01  2.98759252E-01  8.27434065E-04
2.19177882E-01  2.95413315E-01  8.57888605E-04
2.19471883E-01  2.99165338E-01  8.34466482E-04
2.19765884E-01  2.91488677E-01  8.23473849E-04
2.20059886E-01  2.94046521E-01  8.51897639E-04
2.20353887E-01  2.91480541E-01  8.48248019E-04
2.20647888E-01  2.94146389E-01  8.34742212E-04
2.20941889E-01  2.91495144E-01  8.32281075E-04
2.21235890E-01  2.91008919E-01  8.45212315E-04
2.21529892E-01  2.91029692E-01  8.22732400E-04
2.21823893E-01  2.90858179E-01  8.35480634E-04
2.22117894E-01  2.87279636E-01  8.14964646E-04
2.22411895E-01  2.88190365E-01  8.29224591E-04
2.22705896E-01  2.80814022E-01  8.09550926E-04
2.22999897E-01  2.80110896E-01  8.03185394E-04
2.23293899E-01  2.84536272E-01  7.98017427E-04
2.23587900E-01  2.82532573E-01  8.14063649E-04
2.23881901E-01  2.81606317E-01  8.21017427E-04
2.24175902E-01  2.83729851E-01  8.20518821E-04
2.24469903E-01  2.76254177E-01  7.88344827E-04
2.24763905E-01  2.81063378E-01  8.15829204E-04
2.25057906E-01  2.81785667E-01  7.87632249E-04
2.25351907E-01  2.79233873E-01  8.03646864E-04
2.25645908E-01  2.79180050E-01  8.25794239E-04
2.25939909E-01  2.75188953E-01  8.03221075E-04
2.26233911E-01  2.76360452E-01  8.16492713E-04
2.26527912E-01  2.70903766E-01  7.77076115E-04
2.26821913E-01  2.78581113E-01  7.98788271E-04
2.27115914E-01  2.70863831E-01  8.00130190E-04
2.27409915E-01  2.73420036E-01  7.84356904E-04
2.27703916E-01  2.75832385E-01  8.04361771E-04
2.27997918E-01  2.72339046E-01  7.86170305E-04
2.28291919E-01  2.69004017E-01  7.81622250E-04
2.28585920E-01  2.67605752E-01  7.78377929E-04
2.28879921E-01  2.69212246E-01  8.06732161E-04
2.29173922E-01  2.67591447E-01  7.67518766E-04
2.29467924E-01  2.64968485E-01  7.80439703E-04
2.29761925E-01  2.67198056E-01  7.74193264E-04
2.30055926E-01  2.62073427E-01  7.72588013E-04
2.30349927E-01  2.67792732E-01  7.63079908E-04
2.30643928E-01  2.68938452E-01  7.88613746E-04
2.30937929E-01  2.59327173E-01  7.79162743E-04
2.31231931E-01  2.61519402E-01  7.57379981E-04
2.31525932E-01  2.62739152E-01  7.63917749E-04
2.31819933E-01  2.59715050E-01  7.59795657E-04
2.32113934E-01  2.62417257E-01  7.55749526E-04
2.32407935E-01  2.63186485E-01  7.81555369E-04
2.32701937E-01  2.58826494E-01  7.56129331E-04
2.32995938E-01  2.60131627E-01  7.60163006E-04
2.33289939E-01  2.59221315E-01  7.79862225E-04
2.33583940E-01  2.60049343E-01  7.47073675E-04
2.33877941E-01  2.54610121E-01  7.74647633E-04
2.34171942E-01  2.55935460E-01  7.83149269E-04
2.34465944E-01  2.54107535E-01  7.48719962E-04
2.34759945E-01  2.55616099E-01  7.68600265E-04
2.35053946E-01  2.51661330E-01  7.42731383E-04
2.35347947E-01  2.53990322E-01  7.45352474E-04
2.35641948E-01  2.51948088E-01  7.52699038E-04
2.35935950E-01  2.56205440E-01  7.55708781E-04
2.36229951E-01  2.58945674E-01  7.61582691E-04
2.36523952E-01  2.48641163E-01  7.43976387E-04
2.36817953E-01  2.49006689E-01  7.38282455E-04
2.37111954E-01  2.46489435E-01  7.38777162E-04
2.37405955E-01  2.45032415E-01  7.40705174E-04
2.37699957E-01  2.38764733E-01  7.32691027E-04
2.37993958E-01  2.46697605E-01  7.32652377E-04
2.38287959E-01  2.52508938E-01  7.62580254E-04
2.38581960E-01  2.48836920E-01  7.40312506E-04
2.38875961E-01  2.44538888E-01  7.32001557E-04
2.39169963E-01  2.45791212E-01  7.36628775E-04
2.39463964E-01  2.40095779E-01  7.28443149E-04
2.39757965E-01  2.45691717E-01  7.44185469E-04
2.40051966E-01  2.44712353E-01  7.35505368E-04
2.40345967E-01  2.39397720E-01  7.25551159E-04
2.40639968E-01  2.40209445E-01  7.23067147E-04
2.40933970E-01  2.37400845E-01  7.22671044E-04
2.41227971E-01  2.39620566E-01  7.24282931E-04
2.41521972E-01  2.41406128E-01  7.20824464E-04
2.41815973E-01  2.33934060E-01  7.07462779E-04
2.42109974E-01  2.39031062E-01  7.12472072E-04
2.42403976E-01  2.38374144E-01  6.98080927E-04
2.42697977E-01  2.32054383E-01  7.08008360E-04
2.42991978E-01  2.32531056E-01  6.95103954E-04
2.43285979E-01  2.34056354E-01  7.13408808E-04
2.43579980E-01  2.29072973E-01  6.94819493E-04
2.43873981E-01  2.29074612E-01  7.19984702E-04
2.44167983E-01  2.29222700E-01  7.04011705E-04
2.44461984E-01  2.32309625E-01  7.19609670E-04
2.44755985E-01  2.28480160E-01  7.05282495E-04
2.45049986E-01  2.27389053E-01  6.95055001E-04
2.45343987E-01  2.25892335E-01  6.95242954E-04
2.45637989E-01  2.27034420E-01  7.01626937E-04
2.45931990E-01  2.32040465E-01  6.88934757E-04
2.46225991E-01  2.31780946E-01  7.02815247E-04
2.46519992E-01  2.28901193E-01  6.88050757E-04
2.46813993E-01  2.25766465E-01  6.86515647E-04
2.47107995E-01  2.21433595E-01  6.69559522E-04
2.47401996E-01  2.22127393E-01  6.97281212E-04
2.47695997E-01  2.25036308E-01  6.87610067E-04
2.47989998E-01  2.21311301E-01  6.63118553E-04
2.48283999E-01  2.26367444E-01  6.96937903E-04
2.48578000E-01  2.22274825E-01  6.77185657E-04
2.48872002E-01  2.20206887E-01  6.85128325E-04
2.49166003E-01  2.23697871E-01  6.99367491E-04
2.49460004E-01  2.22280204E-01  6.67429180E-04
2.49754005E-01  2.25404322E-01  6.72353141E-04
2.50048006E-01  2.21756756E-01  6.76188851E-04
2.50342008E-01  2.18221590E-01  6.81854261E-04
2.50636009E-01  2.19172314E-01  6.71828748E-04
2.50930010E-01  2.20834121E-01  6.76827389E-04
2.51224011E-01  2.16898233E-01  6.86251442E-04
2.51518012E-01  2.15685815E-01  6.86320767E-04
2.51812013E-01  2.18262181E-01  6.88834814E-04
2.52106015E-01  2.23272130E-01  6.86646090E-04
2.52400016E-01  2.21739456E-01  6.88150118E-04
2.52694017E-01  2.14428216E-01  6.80393889E-04
2.52988018E-01  2.13528976E-01  6.66521839E-04
2.53282019E-01  2.17139080E-01  7.10405700E-04
2.53576021E-01  2.16812357E-01  6.76951779E-04
2.53870022E-01  2.10676759E-01  6.87712745E-04
2.54164023E-01  2.17568293E-01  6.99163065E-04
2.54458024E-01  2.18846932E-01  6.91083726E-04
2.54752025E-01  2.15295121E-01  6.91193913E-04
2.55046026E-01  2.12790430E-01  6.47079316E-04
2.55340028E-01  2.13021457E-01  6.79651566E-04
2.55634029E-01  2.10940808E-01  6.68585591E-04
2.55928030E-01  2.10189998E-01  6.93204463E-04
2.56222031E-01  2.11204797E-01  6.57643657E-04
2.56516032E-01  2.12471396E-01  6.78953307E-04
2.56810034E-01  2.12708801E-01  6.77853299E-04
2.57104035E-01  2.11946294E-01  6.68501831E-04
2.57398036E-01  2.08527431E-01  6.62274077E-04
2.57692037E-01  2.12989628E-01  6.69984904E-04
2.57986038E-01  2.08063111E-01  6.41752849E-04
2.58280039E-01  2.06746981E-01  6.45985012E-04
2.58574041E-01  2.10646108E-01  6.61937345E-04
2.58868042E-01  2.09934458E-01  6.61568542E-04
2.59162043E-01  2.12080374E-01  6.69348286E-04
2.59456044E-01  2.08494902E-01  6.62596372E-04
2.59750045E-01  1.99732482E-01  6.47801440E-04
2.60044047E-01  2.16992319E-01  6.66443666E-04
2.60338048E-01  2.03720331E-01  6.64108491E-04
2.60632049E-01  2.10639715E-01  6.72581315E-04
2.60926050E-01  2.07459837E-01  6.62130129E-04
2.61220051E-01  2.09576562E-01  6.75372139E-04
2.61514052E-01  2.07780659E-01  6.51005132E-04
2.61808054E-01  2.06427261E-01  6.65894418E-04
2.62102055E-01  2.06294999E-01  6.51340117E-04
2.62396056E-01  2.06573293E-01  6.57810248E-04
2.62690057E-01  2.07586125E-01  6.67085173E-04
2.62984058E-01  2.05722779E-01  6.48304529E-04
2.63278060E-01  2.05873743E-01  6.59759156E-04
2.63572061E-01  2.09191546E-01  6.59416895E-04
2.63866062E-01  2.08992988E-01  6.60515449E-04
2.64160063E-01  2.05440342E-01  6.54357253E-04
2.64454064E-01  2.06657991E-01  6.49577123E-04
2.64748066E-01  2.01753661E-01  6.49322523E-04
2.65042067E-01  2.04592675E-01  6.44303684E-04
2.65336068E-01  2.08670050E-01  6.59664103E-04
2.65630069E-01  2.05598831E-01  6.39793929E-04
2.65924070E-01  2.04804644E-01  6.48380665E-04
2.66218071E-01  2.03638479E-01  6.49218448E-04
2.66512073E-01  2.03320533E-01  6.36472076E-04
2.66806074E-01  2.06116334E-01  6.54415402E-04
2.67100075E-01  2.04032272E-01  6.48805872E-04
2.67394076E-01  2.01538771E-01  6.35068864E-04
2.67688077E-01  2.03742415E-01  6.42866886E-04
2.67982079E-01  2.02634439E-01  6.56646676E-04
2.68276080E-01  2.00813636E-01  6.48624205E-04
2.68570081E-01  1.97900429E-01  6.29533431E-04
2.68864082E-01  1.99339241E-01  6.31975534E-04
2.69158083E-01  2.08846644E-01  6.59690006E-04
2.69452084E-01  2.04228997E-01  6.52787450E-04
2.69746086E-01  2.02617511E-01  6.27458270E-04
2.70040087E-01  2.03127667E-01  6.23500266E-04
2.70334088E-01  2.05631480E-01  6.46926230E-04
2.70628089E-01  1.99173272E-01  6.25682645E-04
2.70922090E-01  2.08874509E-01  6.44377258E-04
2.71216092E-01  2.00730249E-01  6.37553632E-04
2.71510093E-01  2.03288540E-01  6.43278763E-04
2.71804094E-01  2.04352066E-01  6.38861500E-04
2.72098095E-01  2.04229042E-01  6.39328267E-04
2.72392096E-01  2.01449350E-01  6.28522946E-04
2.72686097E-01  2.02798605E-01  6.41169201E-04
2.72980099E-01  2.01251194E-01  6.25230023E-04
2.73274100E-01  2.04039022E-01  6.30170398E-04
2.73568101E-01  2.02335849E-01  6.40012033E-04
2.73862102E-01  1.99273333E-01  6.23962143E-04
2.74156103E-01  1.99344799E-01  6.31195726E-04
2.74450105E-01  1.97703645E-01  6.24715525E-04
2.74744106E-01  2.00912744E-01  6.20804960E-04
2.75038107E-01  2.01541573E-01  6.39916514E-04
2.75332108E-01  1.99598327E-01  6.28165377E-04
2.75626109E-01  1.99100196E-01  6.36515557E-04
2.75920110E-01  1.97596118E-01  6.33807445E-04
2.76214112E-01  1.99331731E-01  6.29517715E-04
2.76508113E-01  2.02513143E-01  6.41046674E-04
2.76802114E-01  2.02121019E-01  6.38858590E-04
2.77096115E-01  1.97778940E-01  6.22559630E-04
2.77390116E-01  1.98113486E-01  6.19154365E-04
2.77684118E-01  2.00485587E-01  6.31066738E-04
2.77978119E-01  2.03052178E-01  6.24966284E-04
2.78272120E-01  1.99052602E-01  6.24551671E-04
2.78566121E-01  1.99906766E-01  6.32202427E-04
2.78860122E-01  2.00091347E-01  6.26708672E-04
2.79154123E-01  1.99993536E-01  6.42124680E-04
2.79448125E-01  1.99408978E-01  6.28663867E-04
2.79742126E-01  2.02595800E-01  6.26475550E-04
2.80036127E-01  1.96168885E-01  6.24360226E-04
2.80330128E-01  1.96887746E-01  6.29156886E-04
2.80624129E-01  2.04172403E-01  6.30399561E-04
2.80918131E-01  2.00741231E-01  6.17880025E-04
2.81212132E-01  1.96897805E-01  6.06819929E-04
2.81506133E-01  2.03366742E-01  6.23405969E-04
2.81800134E-01  2.04202235E-01  6.43012929E-04
2.82094135E-01  2.05490023E-01  6.26623165E-04
2.82388137E-01  1.98188186E-01  6.06306014E-04
2.82682138E-01  2.00991303E-01  6.38052472E-04
2.82976139E-01  2.02885687E-01  6.23716856E-04
2.83270140E-01  2.04029948E-01  6.20221777E-04
2.83564141E-01  2.06820503E-01  6.21338433E-04
2.83858142E-01  2.01135248E-01  6.18513208E-04
2.84152144E-01  1.98464617E-01  6.17559184E-04
2.84446145E-01  1.97534308E-01  6.08844741E-04
2.84740146E-01  2.01088011E-01  6.31130824E-04
2.85034147E-01  2.02936426E-01  6.35867764E-04
2.85328148E-01  1.99108362E-01  6.14851539E-04
2.85622150E-01  1.99105069E-01  6.15857134E-04
2.85916151E-01  2.01627672E-01  6.19664846E-04
2.86210152E-01  2.01578498E-01  6.30228547E-04
2.86504153E-01  2.00747207E-01  6.18481543E-04
2.86798154E-01  2.01436818E-01  6.19027356E-04
2.87092155E-01  2.00373545E-01  6.37527381E-04
2.87386157E-01  2.03666195E-01  6.48959831E-04
2.87680158E-01  1.99509516E-01  6.30616676E-04
2.87974159E-01  1.99757174E-01  6.23125292E-04
2.88268160E-01  1.99753568E-01  6.61173253E-04
2.88562161E-01  2.00427711E-01  6.44062064E-04
2.88856163E-01  1.99480057E-01  6.58858509E-04
2.89150164E-01  2.00317740E-01  6.57679921E-04
2.89444165E-01  2.00750515E-01  6.55980140E-04
2.89738166E-01  2.03877106E-01  6.62373961E-04
2.90032167E-01  1.98207349E-01  6.79159653E-04
2.90326168E-01  1.98345825E-01  6.60390535E-04
2.90620170E-01  1.98999062E-01  6.58594130E-04
2.90914171E-01  1.98054612E-01  6.71034621E-04
2.91208172E-01  2.00807795E-01  6.82432146E-04
2.91502173E-01  1.99711859E-01  6.65355183E-04
2.91796174E-01  1.98364124E-01  6.70388050E-04
2.92090176E-01  1.99761137E-01  6.75152172E-04
2.92384177E-01  2.01819777E-01  6.98416494E-04
2.92678178E-01  2.02355474E-01  7.02758029E-04
2.92972179E-01  2.07231089E-01  6.85066334E-04
2.93266180E-01  1.98657036E-01  6.79971417E-04
2.93560181E-01  1.99772492E-01  6.92138507E-04
2.93854183E-01  1.99489892E-01  6.84309984E-04
2.94148184E-01  1.98346108E-01  6.98175631E-04
2.94442185E-01  2.05480680E-01  7.10293069E-04
2.94736186E-01  1.92939043E-01  6.77359989E-04
2.95030187E-01  2.02208936E-01  6.94739865E-04
2.95324189E-01  2.01663926E-01  7.04369333E-04
2.95618190E-01  2.00160086E-01  7.15758186E-04
2.95912191E-01  2.05372363E-01  7.05553161E-04
2.96206192E-01  2.00557038E-01  7.16233917E-04
2.96500193E-01  2.03569040E-01  6.98300079E-04
2.96794194E-01  2.04749599E-01  7.10736786E-04
2.97088196E-01  2.00746343E-01  6.93515758E-04
2.97382197E-01  2.05698922E-01  6.73567527E-04
2.97676198E-01  2.01013014E-01  6.80055527E-04
2.97970199E-01  2.06062332E-01  6.92651840E-04
2.98264200E-01  2.02897087E-01  6.96100935E-04
2.98558202E-01  2.00821906E-01  6.67612359E-04
2.98852203E-01  2.05624133E-01  6.58858335E-04
2.99146204E-01  1.98256582E-01  6.70289330E-04
2.99440205E-01  2.01938316E-01  6.74684765E-04
2.99734206E-01  2.00049669E-01  6.76459982E-04
3.00028207E-01  2.00469747E-01  6.51609735E-04
3.00322209E-01  2.02254400E-01  6.98356831E-04
3.00616210E-01  1.97886854E-01  6.55467797E-04
3.00910211E-01  2.02906698E-01  6.73011527E-04
3.01204212E-01  1.98822096E-01  6.63797662E-04
3.01498213E-01  2.02466846E-01  6.60474703E-04
3.01792215E-01  2.03762650E-01  6.72480441E-04
3.02086216E-01  2.01100916E-01  6.83542166E-04
3.02380217E-01  2.01881468E-01  6.62909646E-04
3.02674218E-01  1.99971840E-01  6.55319076E-04
3.02968219E-01  2.06562325E-01  6.78932061E-04
3.03262221E-01  2.02775136E-01  6.71346032E-04
3.03556222E-01  1.99333921E-01  6.52880466E-04
3.03850223E-01  2.00642675E-01  6.74447161E-04
3.04144224E-01  2.01531291E-01  6.85990264E-04
3.04438225E-01  2.01356113E-01  6.55172800E-04
3.04732226E-01  1.99448898E-01  6.61032565E-04
3.05026228E-01  2.02393696E-01  6.64679799E-04
3.05320229E-01  2.02609628E-01  6.49384747E-04
3.05614230E-01  2.01528847E-01  6.58342615E-04
3.05908231E-01  1.99584931E-01  6.46407891E-04
3.06202232E-01  2.02175751E-01  6.72456634E-04
3.06496234E-01  1.98780924E-01  6.56944816E-04
3.06790235E-01  1.97715372E-01  6.63016457E-04
3.07084236E-01  2.04768062E-01  6.63967279E-04
3.07378237E-01  1.99601114E-01  6.62084145E-04
3.07672238E-01  2.01686591E-01  6.71918970E-04
3.07966239E-01  1.99709743E-01  6.64207560E-04
3.08260241E-01  1.99212298E-01  6.62477221E-04
3.08554242E-01  2.04909533E-01  6.59428246E-04
3.08848243E-01  2.00139910E-01  6.63098064E-04
3.09142244E-01  2.01394528E-01  6.49184221E-04
3.09436245E-01  1.97916359E-01  6.45908527E-04
3.09730247E-01  2.02222124E-01  6.66102278E-04
3.10024248E-01  2.01825052E-01  6.57400989E-04
3.10318249E-01  1.97275341E-01  6.61834492E-04
3.10612250E-01  1.99987248E-01  6.51427952E-04
3.10906251E-01  2.00272188E-01  6.52182265E-04
3.11200252E-01  2.07180455E-01  6.83375576E-04
3.11494254E-01  2.01293930E-01  6.49310532E-04
3.11788255E-01  2.00687334E-01  6.36419572E-04
3.12082256E-01  2.01008409E-01  6.47511333E-04
3.12376257E-01  2.00490385E-01  6.47761684E-04
3.12670258E-01  2.01368928E-01  6.52645307E-04
3.12964260E-01  2.00681046E-01  6.51448150E-04
3.13258261E-01  2.01919466E-01  6.49994297E-04
3.13552262E-01  2.03122616E-01  6.46052475E-04
3.13846263E-01  1.99062049E-01  6.57731143E-04
3.14140264E-01  2.03135297E-01  6.61478145E-04
3.14434265E-01  1.96024701E-01  6.44740707E-04
3.14728267E-01  1.98801592E-01  6.57960714E-04
3.15022268E-01  2.02179119E-01  6.64240040E-04
3.15316269E-01  2.01909840E-01  6.53294846E-04
3.15610270E-01  2.00769067E-01  6.67463581E-04
3.15904271E-01  2.08555564E-01  6.73814851E-04
3.16198273E-01  2.02394500E-01  6.64243533E-04
3.16492274E-01  1.98243275E-01  6.46704168E-04
3.16786275E-01  2.02446252E-01  6.59089070E-04
3.17080276E-01  1.98015958E-01  6.50080736E-04
3.17374277E-01  1.98479503E-01  6.50708505E-04
3.17668278E-01  2.03208759E-01  6.67881919E-04
3.17962280E-01  2.03998402E-01  6.51672308E-04
3.18256281E-01  2.03973502E-01  6.52185874E-04
3.18550282E-01  2.00010151E-01  6.56864722E-04
3.18844283E-01  2.02240095E-01  6.71903545E-04
3.19138284E-01  2.03218982E-01  6.61953178E-04
3.19432286E-01  2.04718232E-01  6.59194775E-04
3.19726287E-01  2.03717023E-01  6.68211142E-04
3.20020288E-01  2.01839864E-01  6.72530383E-04
3.20314289E-01  2.00520605E-01  6.55516051E-04
3.20608290E-01  2.00728253E-01  6.59183075E-04
3.20902292E-01  2.00444758E-01  6.49321475E-04
3.21196293E-01  2.02287659E-01  6.50628470E-04
3.21490294E-01  1.99081302E-01  6.43510546E-04
3.21784295E-01  2.02102840E-01  6.58361707E-04
3.22078296E-01  1.97713897E-01  6.60264050E-04
3.22372297E-01  1.96077824E-01  6.37736812E-04
3.22666299E-01  2.02035576E-01  6.62600854E-04
3.22960300E-01  2.01695010E-01  6.63571001E-04
3.23254301E-01  2.00273186E-01  6.77942764E-04
3.23548302E-01  1.98066667E-01  6.64701569E-04
3.23842303E-01  2.01857850E-01  6.87568332E-04
3.24136305E-01  2.03351289E-01  6.82025275E-04
3.24430306E-01  2.02401623E-01  6.91128604E-04
3.24724307E-01  2.03949019E-01  6.75156713E-04
3.25018308E-01  2.01161444E-01  6.68280351E-04
3.25312309E-01  1.98327228E-01  6.62659353E-04
3.25606310E-01  1.98350176E-01  6.69833738E-04
3.25900312E-01  2.02029169E-01  6.70513022E-04
3.26194313E-01  1.99804485E-01  6.99046941E-04
3.26488314E-01  2.03560412E-01  6.83675287E-04
3.26782315E-01  2.00531885E-01  6.86590385E-04
3.27076316E-01  1.99918851E-01  6.80548721E-04
3.27370318E-01  1.96737468E-01  6.77939213E-04
3.27664319E-01  2.03696296E-01  6.89159089E-04
3.27958320E-01  2.01149404E-01  6.90576329E-04
3.28252321E-01  1.99500501E-01  6.91954978E-04
3.28546322E-01  2.01071128E-01  6.64053368E-04
3.28840323E-01  2.00463563E-01  6.90850255E-04
3.29134325E-01  1.99321553E-01  6.85891951E-04
3.29428326E-01  2.00272858E-01  6.87344582E-04
3.29722327E-01  1.93700030E-01  6.94005925E-04
3.30016328E-01  2.00468644E-01  6.77400385E-04
3.30310329E-01  2.02449575E-01  6.87676191E-04
3.30604331E-01  2.03513071E-01  7.06550956E-04
3.30898332E-01  2.01739669E-01  6.88872882E-04
3.31192333E-01  2.02318296E-01  6.93579437E-04
3.31486334E-01  2.04421312E-01  6.83462829E-04
3.31780335E-01  2.03913003E-01  6.94734452E-04
3.32074336E-01  1.99591681E-01  6.77091128E-04
3.32368338E-01  2.01219633E-01  7.00597884E-04
3.32662339E-01  2.05445841E-01  7.07582105E-04
3.32956340E-01  2.00552300E-01  6.79487304E-04
3.33250341E-01  2.00366691E-01  7.10381893E-04
3.33544342E-01  2.00501606E-01  6.90406654E-04
3.33838344E-01  2.09983960E-01  7.18605530E-04
3.34132345E-01  1.97218895E-01  7.01376994E-04
3.34426346E-01  2.00419948E-01  6.98809803E-04
3.34720347E-01  2.01026171E-01  6.97162875E-04
3.35014348E-01  2.03530639E-01  6.96105591E-04
3.35308349E-01  2.00917095E-01  7.11954315E-04
3.35602351E-01  2.04458982E-01  7.15210976E-04
3.35896352E-01  2.06682593E-01  6.93687529E-04
3.36190353E-01  2.03327686E-01  7.19635398E-04
3.36484354E-01  2.03578070E-01  7.13700545E-04
3.36778355E-01  1.99623927E-01  7.06061022E-04
3.37072357E-01  2.05107272E-01  7.80967122E-04
3.37366358E-01  2.05500290E-01  7.67482910E-04
3.37660359E-01  1.99587539E-01  7.55400630E-04
3.37954360E-01  2.02661410E-01  6.95073453E-04
3.38248361E-01  2.00944677E-01  7.24963844E-04
3.38542362E-01  2.00667337E-01  7.04941805E-04
3.38836364E-01  2.01683044E-01  7.13843212E-04
3.39130365E-01  1.95087940E-01  6.80603960E-04
3.39424366E-01  1.99516952E-01  6.90271321E-04
3.39718367E-01  1.99272454E-01  7.09050975E-04
3.40012368E-01  1.98675677E-01  6.86287880E-04
3.40306370E-01  2.00895727E-01  6.91667839E-04
3.40600371E-01  1.98765114E-01  6.93848706E-04
3.40894372E-01  2.04589918E-01  7.19404256E-04
3.41188373E-01  1.93957552E-01  7.12556241E-04
3.41482374E-01  2.04771191E-01  7.09588639E-04
3.41776376E-01  2.01916799E-01  7.06439721E-04
3.42070377E-01  1.99250922E-01  6.94896560E-04
3.42364378E-01  2.00645596E-01  7.17701390E-04
3.42658379E-01  1.97948217E-01  6.97558455E-04
3.42952380E-01  2.00497285E-01  7.04187958E-04
3.43246381E-01  1.99688733E-01  7.07072148E-04
3.43540383E-01  2.01832414E-01  7.00077566E-04
3.43834384E-01  1.98779315E-01  7.13128771E-04
3.44128385E-01  2.00443849E-01  6.99778902E-04
3.44422386E-01  1.99632362E-01  7.07996835E-04
3.44716387E-01  1.99391633E-01  7.22045894E-04
3.45010389E-01  1.94557726E-01  6.73656643E-04
3.45304390E-01  1.99757129E-01  7.13610032E-04
3.45598391E-01  1.98238462E-01  6.95135386E-04
3.45892392E-01  1.96538612E-01  7.15296715E-04
3.46186393E-01  1.97548136E-01  7.20508280E-04
3.46480394E-01  1.99819416E-01  6.80911180E-04
3.46774396E-01  1.97747320E-01  7.24815356E-04
3.47068397E-01  2.00736851E-01  6.91299443E-04
3.47362398E-01  2.01600298E-01  7.14209862E-04
3.47656399E-01  1.95258662E-01  6.83095597E-04
3.47950400E-01  1.99671909E-01  7.06813531E-04
3.48244402E-01  2.05140874E-01  7.20028940E-04
3.48538403E-01  1.96996808E-01  6.98422838E-04
3.48832404E-01  2.00579569E-01  6.98401243E-04
3.49126405E-01  1.96975708E-01  6.75358693E-04
3.49420406E-01  2.01503664E-01  7.08763546E-04
3.49714407E-01  1.99811310E-01  7.02022226E-04
3.50008409E-01  2.00361401E-01  6.99737575E-04
3.50302410E-01  2.03321695E-01  7.30587344E-04
3.50596411E-01  1.99781537E-01  7.04225851E-04
3.50890412E-01  2.03133255E-01  7.11833534E-04
3.51184413E-01  1.94009990E-01  6.91396010E-04
3.51478415E-01  2.00878844E-01  6.97256124E-04
3.51772416E-01  1.99103728E-01  7.08928972E-04
3.52066417E-01  2.01528326E-01  7.10733875E-04
3.52360418E-01  1.97474957E-01  7.20347336E-04
3.52654419E-01  1.98806867E-01  7.14646128E-04
3.52948420E-01  1.95244998E-01  6.96017989E-04
3.53242422E-01  2.00097844E-01  7.01900164E-04
3.53536423E-01  2.01888800E-01  6.97403855E-04
3.53830424E-01  1.98729113E-01  6.84748637E-04
3.54124425E-01  1.98999435E-01  6.98361313E-04
3.54418426E-01  1.98688194E-01  7.10339984E-04
3.54712428E-01  2.05987483E-01  7.16633454E-04
3.55006429E-01  2.00801149E-01  7.07922154E-04
3.55300430E-01  1.99662626E-01  7.08019477E-04
3.55594431E-01  2.03023300E-01  7.05222192E-04
3.55888432E-01  1.96635067E-01  7.03506463E-04
3.56182433E-01  1.98418647E-01  7.02272402E-04
3.56476435E-01  2.02519894E-01  7.27839593E-04
3.56770436E-01  1.96323693E-01  7.02550344E-04
3.57064437E-01  1.99411139E-01  7.09079555E-04
3.57358438E-01  1.98009893E-01  6.98300311E-04
3.57652439E-01  1.96499407E-01  6.91030233E-04
3.57946441E-01  1.96909487E-01  7.03202037E-04
3.58240442E-01  1.98033080E-01  7.13986112E-04
3.58534443E-01  1.96270585E-01  6.93676819E-04
3.58828444E-01  1.96311608E-01  7.21443037E-04
3.59122445E-01  1.95388570E-01  7.12581968E-04
3.59416447E-01  2.01754749E-01  7.18947733E-04
3.59710448E-01  1.95724502E-01  7.23148056E-04
3.60004449E-01  2.00775877E-01  6.89020322E-04
3.60298450E-01  2.03955546E-01  7.27734354E-04
3.60592451E-01  2.02844352E-01  7.09007843E-04
3.60886452E-01  1.98011950E-01  6.97288022E-04
3.61180454E-01  1.97157755E-01  7.04544364E-04
3.61474455E-01  1.94517747E-01  6.98052347E-04
3.61768456E-01  1.95367604E-01  7.14367838E-04
3.62062457E-01  1.99841902E-01  6.88903499E-04
3.62356458E-01  1.97330400E-01  7.11345812E-04
3.62650460E-01  2.04343498E-01  7.17343821E-04
3.62944461E-01  1.98969841E-01  7.15850620E-04
3.63238462E-01  2.04318002E-01  7.36279006E-04
3.63532463E-01  2.03999475E-01  7.07638916E-04
3.63826464E-01  2.00500757E-01  7.04421022E-04
3.64120465E-01  2.02140242E-01  7.19591510E-04
3.64414467E-01  2.00148135E-01  7.22883211E-04
3.64708468E-01  2.00557441E-01  7.15943926E-04
3.65002469E-01  1.99571326E-01  7.09664426E-04
3.65296470E-01  1.96801752E-01  7.01933692E-04
3.65590471E-01  2.03442827E-01  7.19059433E-04
3.65884473E-01  1.97969079E-01  7.29227148E-04
3.66178474E-01  2.04100519E-01  7.10121880E-04
3.66472475E-01  1.99758485E-01  7.05335347E-04
3.66766476E-01  2.04492941E-01  7.13832676E-04
3.67060477E-01  2.00842768E-01  7.31920882E-04
3.67354478E-01  1.98200732E-01  7.15351955E-04
3.67648480E-01  2.03841537E-01  7.38175120E-04
3.67942481E-01  2.04127565E-01  7.24637939E-04
3.68236482E-01  2.01015949E-01  7.08883628E-04
3.68530483E-01  1.99911401E-01  7.16832234E-04
3.68824484E-01  2.01656833E-01  7.29416613E-04
3.69118486E-01  2.03030378E-01  7.36810500E-04
3.69412487E-01  2.01703861E-01  7.01583573E-04
3.69706488E-01  1.97715640E-01  7.07327854E-04
3.70000489E-01  2.02122286E-01  7.05416664E-04
3.70294490E-01  2.04008475E-01  7.31615932E-04
3.70588491E-01  2.08817437E-01  7.25068210E-04
3.70882493E-01  2.06037417E-01  7.17424962E-04
3.71176494E-01  2.01869130E-01  6.99588330E-04
3.71470495E-01  2.05821291E-01  7.06657709E-04
3.71764496E-01  2.04606026E-01  7.17137998E-04
3.72058497E-01  2.06542656E-01  7.28045823E-04
3.72352499E-01  2.05478460E-01  7.16876937E-04
3.72646500E-01  2.03428760E-01  7.02207733E-04
3.72940501E-01  2.08170339E-01  7.29501247E-04
3.73234502E-01  2.12725461E-01  7.38827104E-04
3.73528503E-01  2.06734776E-01  7.33452500E-04
3.73822504E-01  2.02739373E-01  7.24062033E-04
3.74116506E-01  2.03263834E-01  7.27062288E-04
3.74410507E-01  2.06578970E-01  7.24711921E-04
3.74704508E-01  2.07267001E-01  7.29817373E-04
3.74998509E-01  2.06869885E-01  7.12191628E-04
3.75292510E-01  2.09827408E-01  7.38256087E-04
3.75586512E-01  2.04701677E-01  7.17189978E-04
3.75880513E-01  2.05643237E-01  7.31662207E-04
3.76174514E-01  2.02439189E-01  7.31230539E-04
3.76468515E-01  2.09357232E-01  7.13003450E-04
3.76762516E-01  1.99814200E-01  7.34089874E-04
3.77056518E-01  2.05524459E-01  7.14141002E-04
3.77350519E-01  2.08666101E-01  7.24303944E-04
3.77644520E-01  2.07652241E-01  7.33256806E-04
3.77938521E-01  2.10001290E-01  7.13709334E-04
3.78232522E-01  2.07805380E-01  7.38627976E-04
3.78526523E-01  2.04954639E-01  7.16794748E-04
3.78820525E-01  2.08671972E-01  7.13877555E-04
3.79114526E-01  2.10685968E-01  7.41883530E-04
3.79408527E-01  2.07892090E-01  7.38778617E-04
3.79702528E-01  2.09834680E-01  7.28371379E-04
3.79996529E-01  2.09541485E-01  7.28997809E-04
3.80290531E-01  2.08351105E-01  7.49424566E-04
3.80584532E-01  2.10439563E-01  7.36024696E-04
3.80878533E-01  2.09876701E-01  7.23785954E-04
3.81172534E-01  2.02524737E-01  7.10322463E-04
3.81466535E-01  2.08492786E-01  7.30137690E-04
3.81760536E-01  2.08826393E-01  7.39079376E-04
3.82054538E-01  2.13939846E-01  7.24125130E-04
3.82348539E-01  2.11276814E-01  7.30088854E-04
3.82642540E-01  2.12116972E-01  7.60614523E-04
3.82936541E-01  2.12178230E-01  7.57869449E-04
3.83230542E-01  2.08247602E-01  7.38551025E-04
3.83524544E-01  2.12505281E-01  7.39982701E-04
3.83818545E-01  2.09240869E-01  7.52488326E-04
3.84112546E-01  2.09796682E-01  7.64395110E-04
3.84406547E-01  2.09429115E-01  7.42776087E-04
3.84700548E-01  2.12484598E-01  7.54047302E-04
3.84994549E-01  2.15071946E-01  7.55489455E-04
3.85288551E-01  2.07781777E-01  7.26841041E-04
3.85582552E-01  2.13078901E-01  7.66727200E-04
3.85876553E-01  2.11876750E-01  7.36087852E-04
3.86170554E-01  2.14560479E-01  7.49677129E-04
3.86464555E-01  2.05509678E-01  7.28328829E-04
3.86758557E-01  2.11118907E-01  7.61872856E-04
3.87052558E-01  2.13003993E-01  7.45766738E-04
3.87346559E-01  2.13046193E-01  7.43501820E-04
3.87640560E-01  2.18712658E-01  7.35970738E-04
3.87934561E-01  2.16088489E-01  7.56499183E-04
3.88228562E-01  2.10859284E-01  7.38142931E-04
3.88522564E-01  2.17759475E-01  7.51121028E-04
3.88816565E-01  2.15798438E-01  7.45434721E-04
3.89110566E-01  2.17212886E-01  7.36427552E-04
3.89404567E-01  2.13264555E-01  7.54072156E-04
3.89698568E-01  2.17227429E-01  7.42632372E-04
3.89992570E-01  2.14731693E-01  7.42862350E-04
3.90286571E-01  2.17591554E-01  7.58524402E-04
3.90580572E-01  2.17205882E-01  7.56211753E-04
3.90874573E-01  2.17983201E-01  7.64994707E-04
3.91168574E-01  2.13833317E-01  7.47419777E-04
3.91462575E-01  2.13851973E-01  7.43352866E-04
3.91756577E-01  2.17833772E-01  7.38229952E-04
3.92050578E-01  2.20046297E-01  7.31027860E-04
3.92344579E-01  2.13217422E-01  7.67588266E-04
3.92638580E-01  2.19367892E-01  7.35791284E-04
3.92932581E-01  2.17189625E-01  7.54522916E-04
3.93226583E-01  2.18611881E-01  7.47595041E-04
3.93520584E-01  2.18483895E-01  7.66668061E-04
3.93814585E-01  2.14166686E-01  7.27484003E-04
3.94108586E-01  2.17274114E-01  7.63548887E-04
3.94402587E-01  2.20347494E-01  7.72488536E-04
3.94696588E-01  2.20553651E-01  7.68969185E-04
3.94990590E-01  2.19567865E-01  7.36984890E-04
3.95284591E-01  2.14433908E-01  7.56200869E-04
3.95578592E-01  2.17992648E-01  7.47246610E-04
3.95872593E-01  2.23376259E-01  7.91151659E-04
3.96166594E-01  2.19795585E-01  7.55642075E-04
3.96460596E-01  2.17617825E-01  7.79254013E-04
3.96754597E-01  2.16118440E-01  7.71075254E-04
3.97048598E-01  2.23097622E-01  7.73338077E-04
3.97342599E-01  2.19097853E-01  7.59066257E-04
3.97636600E-01  2.25737005E-01  7.54793815E-04
3.97930602E-01  2.15420559E-01  7.61966279E-04
3.98224603E-01  2.20069796E-01  7.52498105E-04
3.98518604E-01  2.19968438E-01  7.60988973E-04
3.98812605E-01  2.15218768E-01  7.66710436E-04
3.99106606E-01  2.22749874E-01  7.65807577E-04
3.99400607E-01  2.20108151E-01  7.59578368E-04
3.99694609E-01  2.19172895E-01  7.58054317E-04
3.99988610E-01  2.23048791E-01  7.65201810E-04
4.00282611E-01  2.20216200E-01  7.61400617E-04
4.00576612E-01  2.22197726E-01  7.68970523E-04
4.00870613E-01  2.20433727E-01  7.56984809E-04
4.01164615E-01  2.22625971E-01  7.61998061E-04
4.01458616E-01  2.16312125E-01  7.38785078E-04
4.01752617E-01  2.25022674E-01  7.59061601E-04
4.02046618E-01  2.22634465E-01  7.67113175E-04
4.02340619E-01  2.17248127E-01  7.63790333E-04
4.02634620E-01  2.23521352E-01  7.72571075E-04
4.02928622E-01  2.20150247E-01  7.74393615E-04
4.03222623E-01  2.18420625E-01  7.66486104E-04
4.03516624E-01  2.21450269E-01  7.71126244E-04
4.03810625E-01  2.20627353E-01  7.24822399E-04
4.04104626E-01  2.17920035E-01  7.41678872E-04
4.04398628E-01  2.20210940E-01  7.34796922E-04
4.04692629E-01  2.15098292E-01  7.49820727E-04
4.04986630E-01  2.14036748E-01  7.55245856E-04
4.05280631E-01  2.20066100E-01  7.47585262E-04
4.05574632E-01  2.18247414E-01  7.64766592E-04
4.05868633E-01  2.19528049E-01  7.67444610E-04
4.06162635E-01  2.20304906E-01  7.71916821E-04
4.06456636E-01  2.15181246E-01  7.43053097E-04
4.06750637E-01  2.20191240E-01  7.59670744E-04
4.07044638E-01  2.23662436E-01  7.81211245E-04
4.07338639E-01  2.25394517E-01  7.62371696E-04
4.07632641E-01  2.18235299E-01  7.38871517E-04
4.07926642E-01  2.19791561E-01  7.38564413E-04
4.08220643E-01  2.21771806E-01  7.57561123E-04
4.08514644E-01  2.22515285E-01  7.84184900E-04
4.08808645E-01  2.14982390E-01  7.47621991E-04
4.09102646E-01  2.16688737E-01  7.60552881E-04
4.09396648E-01  2.21206799E-01  7.49271130E-04
4.09690649E-01  2.18886510E-01  7.64537777E-04
4.09984650E-01  2.14225546E-01  7.48076360E-04
4.10278651E-01  2.19695374E-01  7.59798510E-04
4.10572652E-01  2.13175625E-01  7.48006802E-04
4.10866654E-01  2.17950895E-01  7.69978738E-04
4.11160655E-01  2.16615885E-01  7.42158620E-04
4.11454656E-01  2.17413932E-01  7.42840872E-04
4.11748657E-01  2.14888901E-01  7.38573028E-04
4.12042658E-01  2.14521855E-01  7.50070554E-04
4.12336659E-01  2.17104971E-01  7.82790885E-04
4.12630661E-01  2.14736044E-01  7.60968658E-04
4.12924662E-01  2.14936674E-01  7.30994856E-04
4.13218663E-01  2.14572564E-01  7.51983433E-04
4.13512664E-01  2.13685825E-01  7.49243598E-04
4.13806665E-01  2.11634010E-01  7.37726805E-04
4.14100667E-01  2.16433778E-01  7.24782061E-04
4.14394668E-01  2.15443701E-01  7.40988529E-04
4.14688669E-01  2.13334724E-01  7.37248396E-04
4.14982670E-01  2.14961171E-01  7.71952211E-04
4.15276671E-01  2.10575551E-01  7.43370911E-04
4.15570673E-01  2.12258190E-01  7.50798034E-04
4.15864674E-01  2.10225001E-01  7.36486400E-04
4.16158675E-01  2.10891798E-01  7.36775983E-04
4.16452676E-01  2.08731517E-01  7.18220195E-04
4.16746677E-01  2.09449664E-01  7.38533505E-04
4.17040678E-01  2.10372686E-01  7.37222610E-04
4.17334680E-01  2.08986491E-01  7.36424990E-04
4.17628681E-01  2.06871137E-01  7.23463134E-04
4.17922682E-01  2.07944453E-01  7.45501253E-04
4.18216683E-01  2.07442716E-01  7.33842549E-04
4.18510684E-01  2.05942005E-01  7.64318276E-04
4.18804686E-01  2.06005871E-01  7.35946116E-04
4.19098687E-01  2.05277726E-01  7.39863084E-04
4.19392688E-01  2.03670561E-01  7.29411084E-04
4.19686689E-01  2.04028130E-01  7.08310166E-04
4.19980690E-01  2.04944596E-01  7.03021535E-04
4.20274691E-01  2.09759220E-01  7.33020192E-04
4.20568693E-01  2.01801240E-01  7.28127779E-04
4.20862694E-01  2.02651888E-01  7.09244050E-04
4.21156695E-01  2.00566068E-01  7.00332283E-04
4.21450696E-01  2.05146298E-01  7.44437450E-04
4.21744697E-01  2.06381112E-01  7.46118429E-04
4.22038699E-01  2.04853624E-01  7.42642093E-04
4.22332700E-01  1.98902950E-01  7.05390587E-04
4.22626701E-01  2.01722369E-01  7.26813974E-04
4.22920702E-01  2.04892501E-01  7.24635785E-04
4.23214703E-01  2.01407745E-01  7.17861520E-04
4.23508704E-01  1.97937146E-01  7.18150346E-04
4.23802706E-01  2.02948481E-01  7.15816859E-04
4.24096707E-01  1.97126463E-01  7.26639060E-04
4.24390708E-01  2.03239322E-01  7.11869332E-04
4.24684709E-01  2.02813581E-01  7.24896730E-04
4.24978710E-01  1.98409438E-01  7.23731704E-04
4.25272712E-01  1.96927041E-01  6.89425913E-04
4.25566713E-01  1.96239308E-01  7.21468881E-04
4.25860714E-01  1.95853382E-01  7.14033376E-04
4.26154715E-01  1.96821243E-01  7.15496892E-04
4.26448716E-01  2.00327024E-01  7.23991368E-04
4.26742717E-01  1.99569732E-01  7.37804454E-04
4.27036719E-01  2.01577708E-01  7.17546500E-04
4.27330720E-01  1.96914569E-01  7.10193592E-04
4.27624721E-01  2.02149928E-01  7.16332754E-04
4.27918722E-01  1.99972823E-01  7.24701618E-04
4.28212723E-01  1.96461812E-01  7.15788105E-04
4.28506725E-01  1.96818963E-01  7.40632997E-04
4.28800726E-01  1.96027040E-01  7.13086920E-04
4.29094727E-01  1.96123704E-01  7.09626998E-04
4.29388728E-01  1.95756346E-01  7.37056253E-04
4.29682729E-01  1.96151957E-01  6.97626965E-04
4.29976730E-01  1.95973411E-01  7.17342133E-04
4.30270732E-01  1.91594437E-01  7.10405700E-04
4.30564733E-01  1.93438709E-01  6.98459451E-04
4.30858734E-01  1.94539472E-01  7.04672188E-04
4.31152735E-01  1.91837266E-01  6.98635646E-04
4.31446736E-01  1.93666458E-01  7.35976850E-04
4.31740738E-01  1.92535862E-01  7.20860029E-04
4.32034739E-01  1.93969741E-01  7.19448959E-04
4.32328740E-01  1.92366317E-01  6.99066615E-04
4.32622741E-01  1.92062959E-01  7.08994456E-04
4.32916742E-01  1.92611396E-01  7.21103570E-04
4.33210744E-01  1.96709707E-01  7.05373473E-04
4.33504745E-01  1.91210926E-01  7.09906279E-04
4.33798746E-01  1.91663891E-01  7.19804491E-04
4.34092747E-01  1.90507963E-01  7.08404812E-04
4.34386748E-01  1.93411216E-01  7.13639427E-04
4.34680749E-01  1.92209244E-01  7.05666200E-04
4.34974751E-01  1.93066746E-01  7.02193123E-04
4.35268752E-01  1.93039417E-01  7.09443120E-04
4.35562753E-01  1.91855907E-01  7.18706462E-04
4.35856754E-01  1.89752534E-01  6.88209373E-04
4.36150755E-01  1.97212309E-01  6.90340821E-04
4.36444757E-01  1.89388171E-01  6.91865920E-04
4.36738758E-01  1.91078350E-01  7.07206258E-04
4.37032759E-01  1.90283373E-01  7.08311039E-04
4.37326760E-01  1.90375581E-01  6.92624017E-04
4.37620761E-01  1.93368733E-01  6.95858791E-04
4.37914762E-01  1.91621333E-01  7.01765530E-04
4.38208764E-01  1.90610215E-01  7.17998599E-04
4.38502765E-01  1.87582925E-01  6.99327677E-04
4.38796766E-01  1.88463584E-01  6.85924781E-04
4.39090767E-01  1.94215417E-01  6.98938617E-04
4.39384768E-01  1.92147911E-01  6.97247044E-04
4.39678770E-01  1.90487310E-01  6.87554828E-04
4.39972771E-01  1.90417111E-01  7.09080428E-04
4.40266772E-01  1.90186381E-01  7.01111916E-04
4.40560773E-01  1.88489810E-01  6.92515983E-04
4.40854774E-01  1.92593306E-01  7.18869094E-04
4.41148775E-01  1.89581394E-01  7.00621982E-04
4.41442777E-01  1.88961431E-01  6.85427221E-04
4.41736778E-01  1.91908345E-01  7.06846302E-04
4.42030779E-01  1.87594771E-01  6.98842050E-04
4.42324780E-01  1.89472392E-01  6.92462432E-04
4.42618781E-01  1.94915757E-01  6.99019001E-04
4.42912783E-01  1.86035588E-01  7.10113498E-04
4.43206784E-01  1.90118000E-01  6.91322144E-04
4.43500785E-01  1.89397246E-01  6.96772186E-04
4.43794786E-01  1.87687457E-01  6.94772054E-04
4.44088787E-01  1.88827023E-01  6.97150303E-04
4.44382788E-01  1.84473202E-01  6.87065301E-04
4.44676790E-01  1.93648279E-01  6.95700408E-04
4.44970791E-01  1.89204529E-01  7.01349811E-04
4.45264792E-01  1.92601696E-01  7.03621074E-04
4.45558793E-01  1.91483974E-01  6.91996713E-04
4.45852794E-01  1.90966412E-01  6.84539671E-04
4.46146796E-01  1.86517909E-01  6.89694949E-04
4.46440797E-01  1.88108951E-01  6.84967090E-04
4.46734798E-01  1.90466285E-01  7.02490914E-04
4.47028799E-01  1.88776359E-01  6.96103496E-04
4.47322800E-01  1.82921290E-01  6.88023167E-04
4.47616801E-01  1.92399144E-01  7.17390038E-04
4.47910803E-01  1.87436327E-01  7.18570489E-04
4.48204804E-01  1.86157048E-01  7.17778632E-04
4.48498805E-01  1.86771348E-01  6.91738911E-04
4.48792806E-01  1.86398670E-01  7.21481454E-04
4.49086807E-01  1.89577222E-01  7.37952301E-04
4.49380809E-01  1.86040759E-01  7.58952228E-04
4.49674810E-01  1.84822202E-01  7.28508690E-04
4.49968811E-01  1.88195273E-01  7.59513874E-04
4.50262812E-01  1.89774334E-01  7.62250915E-04
4.50556813E-01  1.90704986E-01  7.81663344E-04
4.50850814E-01  1.85860693E-01  7.53555330E-04
4.51144816E-01  1.93252295E-01  7.62717973E-04
4.51438817E-01  1.86614066E-01  7.68102356E-04
4.51732818E-01  1.83807328E-01  7.76835252E-04
4.52026819E-01  1.84344664E-01  7.45134195E-04
4.52320820E-01  1.86800897E-01  7.62895623E-04
4.52614822E-01  1.85228914E-01  7.86137418E-04
4.52908823E-01  1.82913899E-01  7.68086815E-04
4.53202824E-01  1.86548397E-01  7.87950354E-04
4.53496825E-01  1.87873170E-01  7.82679126E-04
4.53790826E-01  1.84318572E-01  7.62319716E-04
4.54084828E-01  1.85364038E-01  7.96510954E-04
4.54378829E-01  1.85670793E-01  7.69875594E-04
4.54672830E-01  1.87205166E-01  7.85785262E-04
4.54966831E-01  1.81988835E-01  7.73527019E-04
4.55260832E-01  1.91365138E-01  7.95054599E-04
4.55554833E-01  1.84342831E-01  8.09046091E-04
4.55848835E-01  1.84526324E-01  7.71922176E-04
4.56142836E-01  1.89071819E-01  8.16140964E-04
4.56436837E-01  1.86332643E-01  7.85837474E-04
4.56730838E-01  1.86846823E-01  8.07064935E-04
4.57024839E-01  1.88154772E-01  7.93575950E-04
4.57318841E-01  1.81423604E-01  8.10790865E-04
4.57612842E-01  1.91165164E-01  8.44354334E-04
4.57906843E-01  1.86496690E-01  8.21022724E-04
4.58200844E-01  1.79605767E-01  8.08679091E-04
4.58494845E-01  1.85590342E-01  7.99171568E-04
4.58788846E-01  1.87281340E-01  8.25229334E-04
4.59082848E-01  1.83658913E-01  7.89552229E-04
4.59376849E-01  1.85193926E-01  7.82288320E-04
4.59670850E-01  1.87213957E-01  7.82513409E-04
4.59964851E-01  1.88342854E-01  8.09964724E-04
4.60258852E-01  1.87548965E-01  7.95754837E-04
4.60552854E-01  1.85453057E-01  7.67621677E-04
4.60846855E-01  1.84411392E-01  7.56863505E-04
4.61140856E-01  1.81960031E-01  7.74435641E-04
4.61434857E-01  1.90163895E-01  7.91389495E-04
4.61728858E-01  1.82878703E-01  7.45686004E-04
4.62022859E-01  1.85527116E-01  7.54419598E-04
4.62316861E-01  1.86001703E-01  7.56817288E-04
4.62610862E-01  1.83958933E-01  7.39703304E-04
4.62904863E-01  1.84894770E-01  7.54339504E-04
4.63198864E-01  1.88073248E-01  7.78500864E-04
4.63492865E-01  1.84886619E-01  7.75920111E-04
4.63786867E-01  1.82031155E-01  7.43182551E-04
4.64080868E-01  1.82968885E-01  7.50967942E-04
4.64374869E-01  1.83140650E-01  7.55346729E-04
4.64668870E-01  1.90118805E-01  7.44536403E-04
4.64962871E-01  1.88768372E-01  7.69512844E-04
4.65256872E-01  1.87811598E-01  7.78294343E-04
4.65550874E-01  1.85692623E-01  7.69928447E-04
4.65844875E-01  1.83443442E-01  7.44101417E-04
4.66138876E-01  1.86972126E-01  7.52599502E-04
4.66432877E-01  1.87565640E-01  7.47487997E-04
4.66726878E-01  1.82989746E-01  7.30803178E-04
4.67020880E-01  1.82614833E-01  7.43095414E-04
4.67314881E-01  1.86407849E-01  7.53635599E-04
4.67608882E-01  1.85338870E-01  7.34444417E-04
4.67902883E-01  1.86645731E-01  7.56373338E-04
4.68196884E-01  1.80121899E-01  7.36911199E-04
4.68490885E-01  1.85954437E-01  7.44644960E-04
4.68784887E-01  1.86956212E-01  7.66166893E-04
4.69078888E-01  1.85027599E-01  7.40834395E-04
4.69372889E-01  1.86188728E-01  7.51196290E-04
4.69666890E-01  1.84014946E-01  7.42065138E-04
4.69960891E-01  1.88558504E-01  7.66373647E-04
4.70254893E-01  1.84233859E-01  7.58429407E-04
4.70548894E-01  1.87004551E-01  7.32704764E-04
4.70842895E-01  1.84498027E-01  7.32843531E-04
4.71136896E-01  1.90019175E-01  7.51736981E-04
4.71430897E-01  1.78789943E-01  7.36535992E-04
4.71724899E-01  1.86713517E-01  7.28957180E-04
4.72018900E-01  1.89001963E-01  7.41013384E-04
4.72312901E-01  1.87366560E-01  7.41715659E-04
4.72606902E-01  1.89734161E-01  7.61148054E-04
4.72900903E-01  1.80872515E-01  7.05865619E-04
4.73194904E-01  1.84904531E-01  7.36077782E-04
4.73488906E-01  1.81400195E-01  7.33773515E-04
4.73782907E-01  1.86706543E-01  7.59000483E-04
4.74076908E-01  1.85475990E-01  7.73813983E-04
4.74370909E-01  1.87137008E-01  7.58060894E-04
4.74664910E-01  1.84403658E-01  7.52661261E-04
4.74958912E-01  1.85677007E-01  7.11156172E-04
4.75252913E-01  1.90318540E-01  7.51634187E-04
4.75546914E-01  1.86550424E-01  7.23977690E-04
4.75840915E-01  1.85762212E-01  7.46791717E-04
4.76134916E-01  1.88176841E-01  7.35799375E-04
4.76428917E-01  1.89693227E-01  7.43673183E-04
4.76722919E-01  1.87543362E-01  7.64600642E-04
4.77016920E-01  1.83182105E-01  7.19126547E-04
4.77310921E-01  1.85327888E-01  7.49200117E-04
4.77604922E-01  1.81139663E-01  7.33461464E-04
4.77898923E-01  1.88301191E-01  7.44123710E-04
4.78192925E-01  1.87243879E-01  7.38255854E-04
4.78486926E-01  1.85384959E-01  7.41323107E-04
4.78780927E-01  1.85035348E-01  7.33794412E-04
4.79074928E-01  1.82699457E-01  7.05105835E-04
4.79368929E-01  1.80785894E-01  7.35900772E-04
4.79662930E-01  1.87908083E-01  7.46124948E-04
4.79956932E-01  1.82240784E-01  7.31842185E-04
4.80250933E-01  1.82859913E-01  7.16940733E-04
4.80544934E-01  1.83890656E-01  7.33934226E-04
4.80838935E-01  1.88120842E-01  7.18705647E-04
4.81132936E-01  1.87579289E-01  7.32382992E-04
4.81426938E-01  1.87260166E-01  7.41116237E-04
4.81720939E-01  1.81597590E-01  7.04279228E-04
4.82014940E-01  1.85760289E-01  7.36886170E-04
4.82308941E-01  1.82826430E-01  7.16391776E-04
4.82602942E-01  1.83224693E-01  7.36835704E-04
4.82896943E-01  1.86010018E-01  7.26367929E-04
4.83190945E-01  1.84137076E-01  7.22744968E-04
4.83484946E-01  1.87150389E-01  7.47413840E-04
4.83778947E-01  1.86672300E-01  7.29578547E-04
4.84072948E-01  1.84632361E-01  7.08732288E-04
4.84366949E-01  1.86278537E-01  7.42477714E-04
4.84660951E-01  1.85087189E-01  7.29060266E-04
4.84954952E-01  1.84812814E-01  7.27160950E-04
4.85248953E-01  1.81488231E-01  7.29436986E-04
4.85542954E-01  1.84829190E-01  7.07985077E-04
4.85836955E-01  1.86579719E-01  7.35685637E-04
4.86130956E-01  1.90118656E-01  7.57007627E-04
4.86424958E-01  1.80745080E-01  7.22585886E-04
4.86718959E-01  1.90057486E-01  7.27439357E-04
4.87012960E-01  1.85582742E-01  7.41731899E-04
4.87306961E-01  1.83150783E-01  7.14682566E-04
4.87600962E-01  1.82592630E-01  7.32208311E-04
4.87894964E-01  1.86476737E-01  7.16387527E-04
4.88188965E-01  1.85162023E-01  7.30688567E-04
4.88482966E-01  1.90657303E-01  7.53325876E-04
4.88776967E-01  1.85371086E-01  7.34627887E-04
4.89070968E-01  1.86529338E-01  7.39051029E-04
4.89364970E-01  1.85508206E-01  7.17256975E-04
4.89658971E-01  1.86165065E-01  7.38215283E-04
4.89952972E-01  1.84740096E-01  7.07703177E-04
4.90246973E-01  1.87532991E-01  7.22731056E-04
4.90540974E-01  1.80679530E-01  7.17880612E-04
4.90834975E-01  1.89575404E-01  7.45589088E-04
4.91128977E-01  1.86605439E-01  7.37457362E-04
4.91422978E-01  1.87825412E-01  7.28597632E-04
4.91716979E-01  1.86999470E-01  7.48339517E-04
4.92010980E-01  1.91617981E-01  7.57595000E-04
4.92304981E-01  1.89579517E-01  7.29178777E-04
4.92598983E-01  1.91513002E-01  7.38401490E-04
4.92892984E-01  1.84400722E-01  7.21958524E-04
4.93186985E-01  1.84833601E-01  7.33686669E-04
4.93480986E-01  1.81751907E-01  7.20456126E-04
4.93774987E-01  1.82500213E-01  7.13849440E-04
4.94068988E-01  1.87120289E-01  7.44471967E-04
4.94362990E-01  1.85305566E-01  7.19528121E-04
4.94656991E-01  1.91994712E-01  7.29952997E-04
4.94950992E-01  1.81060821E-01  7.17516930E-04
4.95244993E-01  1.82698339E-01  7.23990146E-04
4.95538994E-01  1.84801489E-01  7.12181791E-04
4.95832996E-01  1.87842771E-01  7.45635480E-04
4.96126997E-01  1.82464004E-01  7.10234337E-04
4.96420998E-01  1.80366993E-01  7.11114903E-04
4.96714999E-01  1.86173648E-01  7.29242107E-04
4.97009000E-01  1.83100462E-01  7.35904789E-04
4.97303001E-01  1.86959788E-01  7.43881508E-04
4.97597003E-01  1.86347038E-01  7.28585466E-04
4.97891004E-01  1.85491249E-01  7.35818234E-04
4.98185005E-01  1.85602844E-01  7.41702213E-04
4.98479006E-01  1.87549546E-01  7.51375337E-04
4.98773007E-01  1.87832326E-01  7.29704276E-04
4.99067009E-01  1.85038984E-01  7.49519502E-04
4.99361010E-01  1.88072905E-01  7.45159632E-04
4.99655011E-01  1.86989203E-01  7.43797806E-04
4.99949012E-01  1.83322877E-01  7.29427731E-04
5.00243013E-01  1.85165688E-01  7.28709099E-04
5.00537014E-01  1.84442341E-01  7.48862280E-04
5.00831016E-01  1.86995968E-01  7.16254697E-04
5.01125017E-01  1.89432889E-01  7.36928836E-04
5.01419018E-01  1.86513767E-01  7.31989392E-04
5.01713019E-01  1.85236111E-01  7.55918270E-04
5.02007020E-01  1.85300454E-01  7.40513729E-04
5.02301022E-01  1.88136414E-01  7.34742323E-04
5.02595023E-01  1.86202139E-01  7.27081147E-04
5.02889024E-01  1.83062673E-01  7.32123211E-04
5.03183025E-01  1.88300967E-01  7.42121076E-04
5.03477026E-01  1.83333561E-01  7.22393801E-04
5.03771027E-01  1.88471109E-01  7.41491502E-04
5.04065029E-01  1.85053781E-01  7.19619798E-04
5.04359030E-01  1.85969636E-01  7.46094331E-04
5.04653031E-01  1.85484648E-01  7.30389496E-04
5.04947032E-01  1.85416460E-01  7.12653389E-04
5.05241033E-01  1.86287314E-01  7.33126071E-04
5.05535035E-01  1.86963305E-01  7.31675420E-04
5.05829036E-01  1.83620170E-01  7.17839983E-04
5.06123037E-01  1.87688798E-01  7.11802102E-04
5.06417038E-01  1.82910383E-01  7.26219441E-04
5.06711039E-01  1.85104594E-01  7.13192625E-04
5.07005040E-01  1.85977608E-01  7.27368111E-04
5.07299042E-01  1.84866920E-01  7.23538920E-04
5.07593043E-01  1.88862786E-01  7.38334144E-04
5.07887044E-01  1.84213057E-01  7.39244570E-04
5.08181045E-01  1.87037855E-01  7.36119226E-04
5.08475046E-01  1.87093630E-01  7.32727465E-04
5.08769048E-01  1.85533777E-01  7.35012873E-04
5.09063049E-01  1.90549940E-01  7.22714060E-04
5.09357050E-01  1.87191576E-01  7.37329770E-04
5.09651051E-01  1.85648337E-01  7.38440140E-04
5.09945052E-01  1.86918855E-01  7.34882196E-04
5.10239054E-01  1.84445024E-01  7.25895050E-04
5.10533055E-01  1.87227935E-01  7.14475696E-04
5.10827056E-01  1.86982870E-01  7.60266325E-04
5.11121057E-01  1.88554063E-01  7.36659858E-04
5.11415058E-01  1.89555869E-01  7.23144156E-04
5.11709059E-01  1.85946807E-01  7.20994896E-04
5.12003061E-01  1.83842838E-01  7.34416535E-04
5.12297062E-01  1.87013492E-01  7.32962042E-04
5.12591063E-01  1.84110746E-01  7.33149471E-04
5.12885064E-01  1.87108323E-01  7.65485573E-04
5.13179065E-01  1.88885570E-01  7.33391207E-04
5.13473067E-01  1.87328205E-01  7.03475438E-04
5.13767068E-01  1.85682818E-01  7.30577391E-04
5.14061069E-01  1.86078563E-01  7.16443756E-04
5.14355070E-01  1.91116184E-01  7.25717458E-04
5.14649071E-01  1.86185300E-01  7.15809350E-04
5.14943072E-01  1.90080076E-01  7.17720191E-04
5.15237074E-01  1.81122124E-01  7.46839272E-04
5.15531075E-01  1.86284661E-01  7.26926839E-04
5.15825076E-01  1.84721574E-01  7.00093689E-04
5.16119077E-01  1.88203931E-01  7.34433590E-04
5.16413078E-01  1.83229953E-01  7.16919370E-04
5.16707080E-01  1.84702948E-01  7.36841059E-04
5.17001081E-01  1.86678246E-01  7.09276705E-04
5.17295082E-01  1.90032214E-01  7.25787948E-04
5.17589083E-01  1.84964612E-01  7.38123839E-04
5.17883084E-01  1.84276313E-01  7.18024909E-04
5.18177085E-01  1.86529830E-01  7.29379302E-04
5.18471087E-01  1.90259859E-01  7.42998207E-04
5.18765088E-01  1.87957302E-01  7.17181829E-04
5.19059089E-01  1.86249033E-01  7.33264722E-04
5.19353090E-01  1.88987985E-01  7.38196890E-04
5.19647091E-01  1.87763199E-01  7.34513451E-04
5.19941093E-01  1.85572788E-01  7.30311440E-04
5.20235094E-01  1.87398046E-01  7.23028556E-04
5.20529095E-01  1.79913104E-01  7.09904358E-04
5.20823096E-01  1.85233176E-01  7.12787092E-04
5.21117097E-01  1.84713185E-01  7.22187920E-04
5.21411098E-01  1.87689126E-01  7.58872251E-04
5.21705100E-01  1.87897772E-01  7.46227335E-04
5.21999101E-01  1.87994406E-01  7.19232194E-04
5.22293102E-01  1.87699184E-01  7.19165895E-04
5.22587103E-01  1.84613690E-01  7.51446816E-04
5.22881104E-01  1.81206405E-01  7.10671942E-04
5.23175106E-01  1.86125994E-01  7.34170491E-04
5.23469107E-01  1.84202954E-01  7.13569170E-04
5.23763108E-01  1.89606979E-01  7.32056214E-04
5.24057109E-01  1.89378753E-01  7.28118233E-04
5.24351110E-01  1.86065301E-01  7.12351175E-04
5.24645111E-01  1.86913580E-01  7.41258613E-04
5.24939113E-01  1.85888052E-01  7.46965874E-04
5.25233114E-01  1.90931246E-01  7.19776959E-04
5.25527115E-01  1.83539286E-01  7.26631843E-04
5.25821116E-01  1.86944768E-01  7.11209548E-04
5.26115117E-01  1.89356655E-01  7.36038259E-04
5.26409119E-01  1.86544895E-01  7.49983767E-04
5.26703120E-01  1.86501607E-01  7.49898900E-04
5.26997121E-01  1.84928685E-01  7.25785794E-04
5.27291122E-01  1.87542826E-01  7.38963485E-04
5.27585123E-01  1.86422497E-01  7.21602875E-04
5.27879125E-01  1.86481014E-01  7.34159607E-04
5.28173126E-01  1.91900879E-01  7.40037591E-04
5.28467127E-01  1.89106971E-01  7.44508812E-04
5.28761128E-01  1.86818093E-01  7.25110585E-04
5.29055129E-01  1.84653938E-01  7.14110502E-04
5.29349130E-01  1.84510112E-01  7.27987557E-04
5.29643132E-01  1.83240950E-01  7.25849881E-04
5.29937133E-01  1.89441100E-01  7.49724451E-04
5.30231134E-01  1.84564516E-01  7.08842359E-04
5.30525135E-01  1.90434113E-01  7.55818968E-04
5.30819136E-01  1.85304314E-01  7.39459298E-04
5.31113138E-01  1.83777779E-01  7.25369784E-04
5.31407139E-01  1.85174793E-01  7.40132760E-04
5.31701140E-01  1.85031116E-01  7.22923782E-04
5.31995141E-01  1.93234429E-01  7.35298556E-04
5.32289142E-01  1.86420575E-01  7.33583991E-04
5.32583143E-01  1.88394666E-01  7.30902248E-04
5.32877145E-01  1.85580507E-01  7.15258648E-04
5.33171146E-01  1.84428975E-01  7.12705660E-04
5.33465147E-01  1.83622181E-01  7.03388534E-04
5.33759148E-01  1.88715294E-01  7.14304799E-04
5.34053149E-01  1.85570702E-01  7.24873855E-04
5.34347151E-01  1.85430437E-01  7.14713649E-04
5.34641152E-01  1.86667100E-01  7.17236195E-04
5.34935153E-01  1.88193366E-01  7.20858225E-04
5.35229154E-01  1.87160939E-01  7.07724015E-04
5.35523155E-01  1.86053887E-01  7.12534122E-04
5.35817156E-01  1.85329303E-01  7.17676594E-04
5.36111158E-01  1.85953960E-01  7.32428685E-04
5.36405159E-01  1.83436692E-01  7.21304445E-04
5.36699160E-01  1.81611583E-01  7.17508141E-04
5.36993161E-01  1.87977925E-01  7.24962971E-04
5.37287162E-01  1.84835747E-01  7.27887964E-04
5.37581164E-01  1.81933567E-01  6.95422175E-04
5.37875165E-01  1.88855290E-01  7.43591052E-04
5.38169166E-01  1.84086874E-01  7.11482950E-04
5.38463167E-01  1.84294552E-01  7.14658585E-04
5.38757168E-01  1.86092436E-01  7.23745499E-04
5.39051169E-01  1.87210679E-01  7.00902776E-04
5.39345171E-01  1.83588520E-01  7.06861902E-04
5.39639172E-01  1.82828099E-01  7.17831950E-04
5.39933173E-01  1.84940651E-01  7.22935074E-04
5.40227174E-01  1.84432134E-01  7.16905168E-04
5.40521175E-01  1.86108008E-01  6.96457282E-04
5.40815177E-01  1.86119676E-01  7.11240573E-04
5.41109178E-01  1.85377374E-01  7.39496783E-04


### HEADER:
#
#{
#    "analysis": {},
#    "calibration_params": {
#        "Beam_Center_X": 1093.5,
#        "Beam_Center_Y": 2070.0,
#        "Detector Tilt": 0.0,
#        "Detector Tilt Plane Rotation": 0.0,
#        "Detector_X_Pixel_Size": 75.0,
#        "Detector_Y_Pixel_Size": 75.0,
#        "Integration Method": "nosplit_csr",
#        "Radial_Average_Method": "pyFAI",
#        "Sample-to-detector distance (mm)": 1790.0,
#        "Wavelength (A)": 0.8922346081119231
#    },
#    "config_file": "/nfs/chess/daq/2024-3/id7a/Winnikoff_10_17_24/HP-SAXS_10_20_24.cfg",
#    "counters": {
#        "Epoch": "98.464",
#        "I1": "0",
#        "I2": "0",
#        "I3": "0",
#        "Seconds": "1",
#        "Time": "1.69277e-05",
#        "date": "Fri Oct 18 22:30:37 2024",
#        "diode": "97768"
#    },
#    "filename": "KV0001_redo_35C_060MPa_up_1_data_000001_00001.h5",
#    "history": {},
#    "imageHeader": {},
#    "load_path": "/nfs/chess/daq/2024-3/id7a/Venkatraman_10_18_2024/KV0001/KV0001_redo_35C_060MPa_up_1_data_000001.h5",
#    "normalizations": {
#        "Absolute_scale": {
#            "Absolute_scale_factor": 0.049803809341568875,
#            "Method": "Water"
#        },
#        "Counter_norms": [
#            [
#                "/",
#                "diode/150000"
#            ]
#        ],
#        "Polarization": {
#            "Used": false
#        },
#        "Solid_Angle_Correction": "On"
#    },
#    "raw_version": "2.1.4"
#}

