### DATA:
#
# 1802
#      Q             I(Q)           Error     
1.16130467E-02  2.05777321E+01  2.54873067E-01
1.19070479E-02  1.84718933E+01  2.08905399E-01
1.22010491E-02  1.62474079E+01  1.81785464E-01
1.24950503E-02  1.50994940E+01  1.55811816E-01
1.27890515E-02  1.32764091E+01  1.27967253E-01
1.30830527E-02  1.23158426E+01  1.13553487E-01
1.33770538E-02  1.12502232E+01  1.01242997E-01
1.36710550E-02  1.02584038E+01  8.79068449E-02
1.39650562E-02  9.54129505E+00  8.53842795E-02
1.42590574E-02  8.97008610E+00  7.27546513E-02
1.45530586E-02  8.31512070E+00  6.64639622E-02
1.48470598E-02  7.59693336E+00  6.49473816E-02
1.51410609E-02  7.16142941E+00  5.36263920E-02
1.54350621E-02  6.93190384E+00  4.83839326E-02
1.57290633E-02  6.12710428E+00  4.44465801E-02
1.60230645E-02  5.96924925E+00  3.79826799E-02
1.63170657E-02  5.71757030E+00  3.80438007E-02
1.66110669E-02  5.29015827E+00  3.66459899E-02
1.69050680E-02  4.99330568E+00  3.35392058E-02
1.71990692E-02  4.62242079E+00  3.34708020E-02
1.74930704E-02  4.39197159E+00  2.81627458E-02
1.77870716E-02  4.20655251E+00  2.89963651E-02
1.80810728E-02  3.98256874E+00  2.81454753E-02
1.83750740E-02  3.79700541E+00  2.28149537E-02
1.86690751E-02  3.63327217E+00  2.27293968E-02
1.89630763E-02  3.33635259E+00  1.93774812E-02
1.92570775E-02  3.08262396E+00  1.95238609E-02
1.95510787E-02  2.91509843E+00  1.74560528E-02
1.98450799E-02  2.80569410E+00  1.64361708E-02
2.01390811E-02  2.68483877E+00  1.61659587E-02
2.04330822E-02  2.54272795E+00  1.63678881E-02
2.07270834E-02  2.41892958E+00  1.41589008E-02
2.10210846E-02  2.28311491E+00  1.38189206E-02
2.13150858E-02  2.23323798E+00  1.30458213E-02
2.16090870E-02  2.08678079E+00  1.25436839E-02
2.19030882E-02  2.02708983E+00  1.13161849E-02
2.21970893E-02  1.95453680E+00  1.09387441E-02
2.24910905E-02  1.87513912E+00  1.01362979E-02
2.27850917E-02  1.80748713E+00  1.00767501E-02
2.30790929E-02  1.82402432E+00  9.90185142E-03
2.33730941E-02  1.71067595E+00  8.84911418E-03
2.36670953E-02  1.67804027E+00  8.87944363E-03
2.39610964E-02  1.59910810E+00  7.86837284E-03
2.42550976E-02  1.60519421E+00  8.64026137E-03
2.45490988E-02  1.53294289E+00  7.78061384E-03
2.48431000E-02  1.47972691E+00  8.54536239E-03
2.51371012E-02  1.46431851E+00  7.57516734E-03
2.54311024E-02  1.43545425E+00  7.41400057E-03
2.57251035E-02  1.40321171E+00  6.96242414E-03
2.60191047E-02  1.32123446E+00  6.46013301E-03
2.63131059E-02  1.33878994E+00  6.82716677E-03
2.66071071E-02  1.30686545E+00  6.28718780E-03
2.69011083E-02  1.28269732E+00  5.93855185E-03
2.71951094E-02  1.24323905E+00  5.93463145E-03
2.74891106E-02  1.21194470E+00  6.21468574E-03
2.77831118E-02  1.18000245E+00  5.43463975E-03
2.80771130E-02  1.18168676E+00  5.27795544E-03
2.83711142E-02  1.14984512E+00  5.41536510E-03
2.86651154E-02  1.17018390E+00  5.29862382E-03
2.89591165E-02  1.17712295E+00  5.53187123E-03
2.92531177E-02  1.12988234E+00  4.81613865E-03
2.95471189E-02  1.10212350E+00  4.79977345E-03
2.98411201E-02  1.08544910E+00  4.72831540E-03
3.01351213E-02  1.04221582E+00  4.65994654E-03
3.04291225E-02  1.03925347E+00  4.57695965E-03
3.07231236E-02  1.03670537E+00  4.67643188E-03
3.10171248E-02  1.03727067E+00  4.86193923E-03
3.13111260E-02  1.02714205E+00  4.44324175E-03
3.16051272E-02  1.01207721E+00  4.32670303E-03
3.18991284E-02  1.01371694E+00  4.55159368E-03
3.21931296E-02  9.86417294E-01  4.19118721E-03
3.24871307E-02  9.94254887E-01  4.29294538E-03
3.27811319E-02  9.56842005E-01  4.13389504E-03
3.30751331E-02  9.54018950E-01  4.06278530E-03
3.33691343E-02  9.47366536E-01  3.97223979E-03
3.36631355E-02  9.57890511E-01  4.04656120E-03
3.39571367E-02  9.42129910E-01  4.14789654E-03
3.42511378E-02  9.41876173E-01  3.54439765E-03
3.45451390E-02  9.23215508E-01  3.98089597E-03
3.48391402E-02  9.18430805E-01  3.89143452E-03
3.51331414E-02  9.16595101E-01  3.88046238E-03
3.54271426E-02  9.25948083E-01  3.88272852E-03
3.57211438E-02  9.20472562E-01  3.74865695E-03
3.60151449E-02  9.58857417E-01  4.00308566E-03
3.63091461E-02  9.23731446E-01  3.88745242E-03
3.66031473E-02  9.18228924E-01  3.63654783E-03
3.68971485E-02  9.13728237E-01  3.56513495E-03
3.71911497E-02  9.08512175E-01  3.45004001E-03
3.74851509E-02  9.13206995E-01  3.50975757E-03
3.77791520E-02  9.28665578E-01  3.34462011E-03
3.80731532E-02  9.10146952E-01  3.32371122E-03
3.83671544E-02  9.05724645E-01  3.37940431E-03
3.86611556E-02  8.96887124E-01  3.24253016E-03
3.89551568E-02  9.07735348E-01  3.45821213E-03
3.92491580E-02  8.93243253E-01  3.28230415E-03
3.95431591E-02  8.84432197E-01  3.09734419E-03
3.98371603E-02  8.84700358E-01  3.19776172E-03
4.01311615E-02  9.25467551E-01  3.32670449E-03
4.04251627E-02  9.08692479E-01  3.08027281E-03
4.07191639E-02  9.06099737E-01  3.23980907E-03
4.10131651E-02  8.91032636E-01  3.14052543E-03
4.13071662E-02  8.98702025E-01  3.03253159E-03
4.16011674E-02  9.14401412E-01  2.93647149E-03
4.18951686E-02  9.15398717E-01  2.97504617E-03
4.21891698E-02  9.16429400E-01  3.30842310E-03
4.24831710E-02  8.94718766E-01  3.01458500E-03
4.27771722E-02  8.96713734E-01  3.04381526E-03
4.30711733E-02  9.26295877E-01  3.13178939E-03
4.33651745E-02  9.15643454E-01  2.95974710E-03
4.36591757E-02  9.25508022E-01  2.94776750E-03
4.39531769E-02  9.42610741E-01  3.16656381E-03
4.42471781E-02  9.45498228E-01  3.08828219E-03
4.45411793E-02  9.36122596E-01  2.91961874E-03
4.48351804E-02  9.47256327E-01  3.04675009E-03
4.51291816E-02  9.53792691E-01  3.13896779E-03
4.54231828E-02  9.69549716E-01  3.07964417E-03
4.57171840E-02  9.52377260E-01  3.00801708E-03
4.60111852E-02  9.70237195E-01  3.06096161E-03
4.63051864E-02  9.88963068E-01  3.04798363E-03
4.65991875E-02  9.88485277E-01  3.05269752E-03
4.68931887E-02  9.87752795E-01  3.01545602E-03
4.71871899E-02  9.93978798E-01  2.86239898E-03
4.74811911E-02  9.97453928E-01  3.03294626E-03
4.77751923E-02  1.02203417E+00  2.99165910E-03
4.80691935E-02  1.01242352E+00  3.11868545E-03
4.83631946E-02  1.03414237E+00  3.02735553E-03
4.86571958E-02  1.02063847E+00  3.11951619E-03
4.89511970E-02  1.03340495E+00  2.91785900E-03
4.92451982E-02  1.05674922E+00  3.20850848E-03
4.95391994E-02  1.05213892E+00  3.05825681E-03
4.98332006E-02  1.08159423E+00  3.08129890E-03
5.01272017E-02  1.06807911E+00  3.01993266E-03
5.04212029E-02  1.09615755E+00  3.41499574E-03
5.07152041E-02  1.11256683E+00  3.36665520E-03
5.10092053E-02  1.11282969E+00  3.29652103E-03
5.13032065E-02  1.12096798E+00  3.23730032E-03
5.15972077E-02  1.11844301E+00  3.12335161E-03
5.18912088E-02  1.15130866E+00  3.33294854E-03
5.21852100E-02  1.16209018E+00  3.16180359E-03
5.24792112E-02  1.17564845E+00  3.31536913E-03
5.27732124E-02  1.16846776E+00  3.30012105E-03
5.30672136E-02  1.18559742E+00  3.34808603E-03
5.33612148E-02  1.20852435E+00  3.44186579E-03
5.36552159E-02  1.23632133E+00  3.43547435E-03
5.39492171E-02  1.24652314E+00  3.33835860E-03
5.42432183E-02  1.25867891E+00  3.46966390E-03
5.45372195E-02  1.27255130E+00  3.50109511E-03
5.48312207E-02  1.30922413E+00  3.55666922E-03
5.51252219E-02  1.27739453E+00  3.43412207E-03
5.54192230E-02  1.31431985E+00  3.52472067E-03
5.57132242E-02  1.34618294E+00  3.71315819E-03
5.60072254E-02  1.35860884E+00  3.56533332E-03
5.63012266E-02  1.37166083E+00  3.62828001E-03
5.65952278E-02  1.40083635E+00  3.64080979E-03
5.68892290E-02  1.44099879E+00  3.69659765E-03
5.71832301E-02  1.42632830E+00  3.90075590E-03
5.74772313E-02  1.46476829E+00  3.72578576E-03
5.77712325E-02  1.48942912E+00  3.95157142E-03
5.80652337E-02  1.51802647E+00  3.96389561E-03
5.83592349E-02  1.53096700E+00  3.96864582E-03
5.86532361E-02  1.52671659E+00  3.90799390E-03
5.89472372E-02  1.55807137E+00  4.07743733E-03
5.92412384E-02  1.58451962E+00  4.03533364E-03
5.95352396E-02  1.60721457E+00  4.22011409E-03
5.98292408E-02  1.63916671E+00  4.26323013E-03
6.01232420E-02  1.66596484E+00  4.20733914E-03
6.04172432E-02  1.71961534E+00  4.28019697E-03
6.07112443E-02  1.72099197E+00  4.20548394E-03
6.10052455E-02  1.76071131E+00  4.63708164E-03
6.12992467E-02  1.78767145E+00  4.55867313E-03
6.15932479E-02  1.82476735E+00  4.52904683E-03
6.18872491E-02  1.85698533E+00  4.56653628E-03
6.21812503E-02  1.88562870E+00  4.75211209E-03
6.24752514E-02  1.93116117E+00  5.05071273E-03
6.27692526E-02  1.98906410E+00  4.90756612E-03
6.30632538E-02  1.99603844E+00  4.86575766E-03
6.33572550E-02  2.04655766E+00  4.77810157E-03
6.36512562E-02  2.08516335E+00  5.31944074E-03
6.39452574E-02  2.12391138E+00  5.38243959E-03
6.42392585E-02  2.16657829E+00  5.64722158E-03
6.45332597E-02  2.23912430E+00  5.79087203E-03
6.48272609E-02  2.25500154E+00  5.87703614E-03
6.51212621E-02  2.31812406E+00  6.04929682E-03
6.54152633E-02  2.36683941E+00  6.01663347E-03
6.57092645E-02  2.41148949E+00  6.02303492E-03
6.60032656E-02  2.48644018E+00  6.55458728E-03
6.62972668E-02  2.51859951E+00  6.66147424E-03
6.65912680E-02  2.61096644E+00  6.81966543E-03
6.68852692E-02  2.66586304E+00  7.00369896E-03
6.71792704E-02  2.73685312E+00  7.16685876E-03
6.74732716E-02  2.79591894E+00  7.71253696E-03
6.77672727E-02  2.87185478E+00  7.81618617E-03
6.80612739E-02  2.94631076E+00  8.15942977E-03
6.83552751E-02  3.03946352E+00  8.82940274E-03
6.86492763E-02  3.14446926E+00  9.39855818E-03
6.89432775E-02  3.24295616E+00  9.28854477E-03
6.92372787E-02  3.33833027E+00  9.66143981E-03
6.95312798E-02  3.41103172E+00  1.03007955E-02
6.98252810E-02  3.58492398E+00  1.12957777E-02
7.01192822E-02  3.67760825E+00  1.14888325E-02
7.04132834E-02  3.83842278E+00  1.25376666E-02
7.07072846E-02  3.91456366E+00  1.30351186E-02
7.10012858E-02  4.10710430E+00  1.39695201E-02
7.12952869E-02  4.27361536E+00  1.49871074E-02
7.15892881E-02  4.42224789E+00  1.56771298E-02
7.18832893E-02  4.69147730E+00  1.73388850E-02
7.21772905E-02  4.80556345E+00  1.84600428E-02
7.24712917E-02  5.06782055E+00  2.02606246E-02
7.27652929E-02  5.33109188E+00  2.19796579E-02
7.30592940E-02  5.54960775E+00  2.26588212E-02
7.33532952E-02  5.89264011E+00  2.61089634E-02
7.36472964E-02  6.12204361E+00  2.74764597E-02
7.39412976E-02  6.50468349E+00  3.01024709E-02
7.42352988E-02  6.88091612E+00  3.32795121E-02
7.45293000E-02  7.25902319E+00  3.49683426E-02
7.48233011E-02  7.75032806E+00  3.87738906E-02
7.51173023E-02  8.19111443E+00  4.21950296E-02
7.54113035E-02  8.79544163E+00  4.59690727E-02
7.57053047E-02  9.21416950E+00  4.91421707E-02
7.59993059E-02  9.75565434E+00  5.21075465E-02
7.62933071E-02  1.03950043E+01  5.67952693E-02
7.65873082E-02  1.09499712E+01  5.90588748E-02
7.68813094E-02  1.15815887E+01  6.15523420E-02
7.71753106E-02  1.23605299E+01  6.47198409E-02
7.74693118E-02  1.28783703E+01  6.62627220E-02
7.77633130E-02  1.35366049E+01  6.73953146E-02
7.80573141E-02  1.40870380E+01  6.65435418E-02
7.83513153E-02  1.46567106E+01  6.69127405E-02
7.86453165E-02  1.52602072E+01  6.35730252E-02
7.89393177E-02  1.56493196E+01  6.13252707E-02
7.92333189E-02  1.61481991E+01  5.74315526E-02
7.95273201E-02  1.64691257E+01  5.25436923E-02
7.98213212E-02  1.69306393E+01  4.83195670E-02
8.01153224E-02  1.72712860E+01  4.27953862E-02
8.04093236E-02  1.76566086E+01  3.83841917E-02
8.07033248E-02  1.79026432E+01  3.47888991E-02
8.09973260E-02  1.81277504E+01  3.15640531E-02
8.12913272E-02  1.83598652E+01  3.05556990E-02
8.15853283E-02  1.86882725E+01  3.24247256E-02
8.18793295E-02  1.87868919E+01  3.52212563E-02
8.21733307E-02  1.89272003E+01  4.00417075E-02
8.24673319E-02  1.89976234E+01  4.39009294E-02
8.27613331E-02  1.91239948E+01  5.02428450E-02
8.30553343E-02  1.90487270E+01  5.39337993E-02
8.33493354E-02  1.88178654E+01  5.92208654E-02
8.36433366E-02  1.86221371E+01  6.28950298E-02
8.39373378E-02  1.83570251E+01  6.55264035E-02
8.42313390E-02  1.78275814E+01  6.77351132E-02
8.45253402E-02  1.72788391E+01  6.86041713E-02
8.48193414E-02  1.65975876E+01  6.85550198E-02
8.51133425E-02  1.58130178E+01  6.66734278E-02
8.54073437E-02  1.49390640E+01  6.49832338E-02
8.57013449E-02  1.40583105E+01  6.22561425E-02
8.59953461E-02  1.31261110E+01  5.86852357E-02
8.62893473E-02  1.22443552E+01  5.52684180E-02
8.65833485E-02  1.12214136E+01  4.93480451E-02
8.68773496E-02  1.03645592E+01  4.60987687E-02
8.71713508E-02  9.50714588E+00  4.08212543E-02
8.74653520E-02  8.80404472E+00  3.72056141E-02
8.77593532E-02  8.09529495E+00  3.36367413E-02
8.80533544E-02  7.47054958E+00  2.94005871E-02
8.83473556E-02  6.85448360E+00  2.58136764E-02
8.86413567E-02  6.35264826E+00  2.34689843E-02
8.89353579E-02  5.91912127E+00  2.04387996E-02
8.92293591E-02  5.49085188E+00  1.83917005E-02
8.95233603E-02  5.13910007E+00  1.62031185E-02
8.98173615E-02  4.84470320E+00  1.47472899E-02
9.01113627E-02  4.57082081E+00  1.33340526E-02
9.04053638E-02  4.35922289E+00  1.19989812E-02
9.06993650E-02  4.09644318E+00  1.10915089E-02
9.09933662E-02  3.93706369E+00  9.80496313E-03
9.12873674E-02  3.77675724E+00  9.22268815E-03
9.15813686E-02  3.58945918E+00  8.37419834E-03
9.18753698E-02  3.46566415E+00  7.82028772E-03
9.21693709E-02  3.37086821E+00  7.42917648E-03
9.24633721E-02  3.25337958E+00  6.74276287E-03
9.27573733E-02  3.13435221E+00  6.54061930E-03
9.30513745E-02  3.05822778E+00  5.95528632E-03
9.33453757E-02  2.94486022E+00  5.85359056E-03
9.36393769E-02  2.90154290E+00  5.42472349E-03
9.39333780E-02  2.84600663E+00  5.30144991E-03
9.42273792E-02  2.76449490E+00  5.12995478E-03
9.45213804E-02  2.70506167E+00  4.86360025E-03
9.48153816E-02  2.64574814E+00  4.75513795E-03
9.51093828E-02  2.59948635E+00  4.63583926E-03
9.54033840E-02  2.56185246E+00  4.42872476E-03
9.56973851E-02  2.51159215E+00  4.43995325E-03
9.59913863E-02  2.45506120E+00  4.15363815E-03
9.62853875E-02  2.42739749E+00  4.08563484E-03
9.65793887E-02  2.38570762E+00  3.95574840E-03
9.68733899E-02  2.35038042E+00  3.98367597E-03
9.71673911E-02  2.31443620E+00  3.75854666E-03
9.74613922E-02  2.30608845E+00  3.88076762E-03
9.77553934E-02  2.27124643E+00  3.87769681E-03
9.80493946E-02  2.22516489E+00  3.67946480E-03
9.83433958E-02  2.18958831E+00  3.61328060E-03
9.86373970E-02  2.16811919E+00  3.58019839E-03
9.89313982E-02  2.15564227E+00  3.39538953E-03
9.92253993E-02  2.15004110E+00  3.46644386E-03
9.95194005E-02  2.09512711E+00  3.39826988E-03
9.98134017E-02  2.08189416E+00  3.33048427E-03
1.00107403E-01  2.07156491E+00  3.43549042E-03
1.00401404E-01  2.06296563E+00  3.29794781E-03
1.00695405E-01  2.02776742E+00  3.33508966E-03
1.00989406E-01  2.01217890E+00  3.20305396E-03
1.01283408E-01  2.02571893E+00  3.31851025E-03
1.01577409E-01  2.00968647E+00  3.23248724E-03
1.01871410E-01  1.99966800E+00  3.27947526E-03
1.02165411E-01  1.96267712E+00  3.24252853E-03
1.02459412E-01  1.97321999E+00  3.08349449E-03
1.02753414E-01  1.96752942E+00  3.23320902E-03
1.03047415E-01  1.95440435E+00  3.18425568E-03
1.03341416E-01  1.92805994E+00  3.24254669E-03
1.03635417E-01  1.92895353E+00  3.10934684E-03
1.03929418E-01  1.92908728E+00  3.02394712E-03
1.04223419E-01  1.90060973E+00  3.04779713E-03
1.04517421E-01  1.89748180E+00  3.11960676E-03
1.04811422E-01  1.88924098E+00  3.05191241E-03
1.05105423E-01  1.89435148E+00  3.08174454E-03
1.05399424E-01  1.88221943E+00  3.06542823E-03
1.05693425E-01  1.86490381E+00  2.98608094E-03
1.05987427E-01  1.85338569E+00  2.87326844E-03
1.06281428E-01  1.86192560E+00  3.00382939E-03
1.06575429E-01  1.85812831E+00  2.99235224E-03
1.06869430E-01  1.85727394E+00  3.01630027E-03
1.07163431E-01  1.83169186E+00  2.97850557E-03
1.07457432E-01  1.83761144E+00  2.94910208E-03
1.07751434E-01  1.83793044E+00  2.90634367E-03
1.08045435E-01  1.83756161E+00  3.03691300E-03
1.08339436E-01  1.83805180E+00  2.90219462E-03
1.08633437E-01  1.84405541E+00  2.93206004E-03
1.08927438E-01  1.82470632E+00  2.96617672E-03
1.09221440E-01  1.82527089E+00  2.91908719E-03
1.09515441E-01  1.82425129E+00  2.83705629E-03
1.09809442E-01  1.81032240E+00  2.81616813E-03
1.10103443E-01  1.81399822E+00  2.92471144E-03
1.10397444E-01  1.82677507E+00  2.86733313E-03
1.10691445E-01  1.81889379E+00  2.93999794E-03
1.10985447E-01  1.81436265E+00  2.90424656E-03
1.11279448E-01  1.78905249E+00  2.84871622E-03
1.11573449E-01  1.80249572E+00  2.99342396E-03
1.11867450E-01  1.80332875E+00  2.91831116E-03
1.12161451E-01  1.80973005E+00  2.90027959E-03
1.12455453E-01  1.81183934E+00  2.86118523E-03
1.12749454E-01  1.80709183E+00  2.87508056E-03
1.13043455E-01  1.79468071E+00  2.88644643E-03
1.13337456E-01  1.81123602E+00  2.90613878E-03
1.13631457E-01  1.80283320E+00  2.89570633E-03
1.13925459E-01  1.80534244E+00  2.83213123E-03
1.14219460E-01  1.81809175E+00  2.79451278E-03
1.14513461E-01  1.81403422E+00  2.77614454E-03
1.14807462E-01  1.82706249E+00  2.91719660E-03
1.15101463E-01  1.80609882E+00  2.89142155E-03
1.15395464E-01  1.80755389E+00  2.84393691E-03
1.15689466E-01  1.83393848E+00  2.89815385E-03
1.15983467E-01  1.82501411E+00  2.83563230E-03
1.16277468E-01  1.83724749E+00  2.88251229E-03
1.16571469E-01  1.80960619E+00  2.80873757E-03
1.16865470E-01  1.83957136E+00  3.00181517E-03
1.17159472E-01  1.84415543E+00  2.96380138E-03
1.17453473E-01  1.83959901E+00  2.82559684E-03
1.17747474E-01  1.85449684E+00  2.88198865E-03
1.18041475E-01  1.85108531E+00  2.85616983E-03
1.18335476E-01  1.85309947E+00  2.88194744E-03
1.18629477E-01  1.85696125E+00  2.90414435E-03
1.18923479E-01  1.86480820E+00  2.85238936E-03
1.19217480E-01  1.86095679E+00  2.85912305E-03
1.19511481E-01  1.87594056E+00  2.89969030E-03
1.19805482E-01  1.88513744E+00  2.95252888E-03
1.20099483E-01  1.90889072E+00  2.96276668E-03
1.20393485E-01  1.90010417E+00  2.87609547E-03
1.20687486E-01  1.92526066E+00  2.97524221E-03
1.20981487E-01  1.91625464E+00  2.92044925E-03
1.21275488E-01  1.93005288E+00  3.02423257E-03
1.21569489E-01  1.94034493E+00  2.94786692E-03
1.21863490E-01  1.95292175E+00  2.94579263E-03
1.22157492E-01  1.96932995E+00  3.03416303E-03
1.22451493E-01  1.96310413E+00  3.00562894E-03
1.22745494E-01  1.97056997E+00  2.93591036E-03
1.23039495E-01  2.00708938E+00  3.16952588E-03
1.23333496E-01  2.02593160E+00  3.09669715E-03
1.23627498E-01  2.03999448E+00  3.15346895E-03
1.23921499E-01  2.03861356E+00  3.22840130E-03
1.24215500E-01  2.05793142E+00  3.27302795E-03
1.24509501E-01  2.09658504E+00  3.42483493E-03
1.24803502E-01  2.10467052E+00  3.39383096E-03
1.25097503E-01  2.14253855E+00  3.40413721E-03
1.25391505E-01  2.15945387E+00  3.52293439E-03
1.25685506E-01  2.19490218E+00  3.54148191E-03
1.25979507E-01  2.20746231E+00  3.70386336E-03
1.26273508E-01  2.22618580E+00  3.68427159E-03
1.26567509E-01  2.27295494E+00  3.84511845E-03
1.26861511E-01  2.28310299E+00  3.94091802E-03
1.27155512E-01  2.31549740E+00  3.96673940E-03
1.27449513E-01  2.32874346E+00  3.91701516E-03
1.27743514E-01  2.36152554E+00  4.05581668E-03
1.28037515E-01  2.42313886E+00  4.14774613E-03
1.28331516E-01  2.44543648E+00  4.23886487E-03
1.28625518E-01  2.48912287E+00  4.41017840E-03
1.28919519E-01  2.51080966E+00  4.42225439E-03
1.29213520E-01  2.56815028E+00  4.71861055E-03
1.29507521E-01  2.63171530E+00  4.76723770E-03
1.29801522E-01  2.65894485E+00  4.97113820E-03
1.30095524E-01  2.72454715E+00  5.04505169E-03
1.30389525E-01  2.76836610E+00  5.11459727E-03
1.30683526E-01  2.85245943E+00  5.55448001E-03
1.30977527E-01  2.90708590E+00  5.64221898E-03
1.31271528E-01  2.97239757E+00  5.83862280E-03
1.31565529E-01  3.04616404E+00  6.19547814E-03
1.31859531E-01  3.13040781E+00  6.42684661E-03
1.32153532E-01  3.17184877E+00  6.62225252E-03
1.32447533E-01  3.25518441E+00  6.86371187E-03
1.32741534E-01  3.34329987E+00  7.17711821E-03
1.33035535E-01  3.43121910E+00  7.55245984E-03
1.33329537E-01  3.51945901E+00  7.58773275E-03
1.33623538E-01  3.62468743E+00  8.27667862E-03
1.33917539E-01  3.69206023E+00  8.15731939E-03
1.34211540E-01  3.84385395E+00  8.67633615E-03
1.34505541E-01  3.86763906E+00  8.72521661E-03
1.34799543E-01  3.94419837E+00  8.81221052E-03
1.35093544E-01  4.06301403E+00  8.89839884E-03
1.35387545E-01  4.14766645E+00  9.01473965E-03
1.35681546E-01  4.27893972E+00  9.04826447E-03
1.35975547E-01  4.37943459E+00  9.17940214E-03
1.36269548E-01  4.45561695E+00  9.17396322E-03
1.36563550E-01  4.58869553E+00  9.03834682E-03
1.36857551E-01  4.65675068E+00  9.13493801E-03
1.37151552E-01  4.75575686E+00  9.00928676E-03
1.37445553E-01  4.82106590E+00  8.60021915E-03
1.37739554E-01  4.94440174E+00  8.46089888E-03
1.38033556E-01  5.01349020E+00  8.24720692E-03
1.38327557E-01  5.09573507E+00  7.55644729E-03
1.38621558E-01  5.12847471E+00  7.42256921E-03
1.38915559E-01  5.21424198E+00  6.92703947E-03
1.39209560E-01  5.28716183E+00  6.54267287E-03
1.39503561E-01  5.30513382E+00  6.23402093E-03
1.39797563E-01  5.36735535E+00  5.73266298E-03
1.40091564E-01  5.38754082E+00  5.47316251E-03
1.40385565E-01  5.43927765E+00  5.66534931E-03
1.40679566E-01  5.41828918E+00  5.66671882E-03
1.40973567E-01  5.42947578E+00  6.09726971E-03
1.41267569E-01  5.44851589E+00  6.29789615E-03
1.41561570E-01  5.40622330E+00  6.65974570E-03
1.41855571E-01  5.38718081E+00  6.93525234E-03
1.42149572E-01  5.35167742E+00  7.62093905E-03
1.42443573E-01  5.28372192E+00  8.07798095E-03
1.42737574E-01  5.24148512E+00  8.41239095E-03
1.43031576E-01  5.16070986E+00  9.00541060E-03
1.43325577E-01  5.06879997E+00  9.06259473E-03
1.43619578E-01  5.00900888E+00  9.79257002E-03
1.43913579E-01  4.89675999E+00  9.79783852E-03
1.44207580E-01  4.81289148E+00  9.97843128E-03
1.44501582E-01  4.72634029E+00  1.02303606E-02
1.44795583E-01  4.61784220E+00  9.85170435E-03
1.45089584E-01  4.45820284E+00  9.85851325E-03
1.45383585E-01  4.32647324E+00  9.75213852E-03
1.45677586E-01  4.20267248E+00  9.70367435E-03
1.45971587E-01  4.05318308E+00  9.24478471E-03
1.46265589E-01  3.92824125E+00  8.77401978E-03
1.46559590E-01  3.79392624E+00  8.53002816E-03
1.46853591E-01  3.65541792E+00  8.06608796E-03
1.47147592E-01  3.51960802E+00  7.78533658E-03
1.47441593E-01  3.41048360E+00  7.28179421E-03
1.47735595E-01  3.26543617E+00  6.85680052E-03
1.48029596E-01  3.16510987E+00  6.35436364E-03
1.48323597E-01  3.08355474E+00  5.97801292E-03
1.48617598E-01  2.96880841E+00  5.68531826E-03
1.48911599E-01  2.86743379E+00  5.22525888E-03
1.49205600E-01  2.77296042E+00  4.91319736E-03
1.49499602E-01  2.69806647E+00  4.69556544E-03
1.49793603E-01  2.63311505E+00  4.33519576E-03
1.50087604E-01  2.57661414E+00  4.21802653E-03
1.50381605E-01  2.51247144E+00  3.91180301E-03
1.50675606E-01  2.45507717E+00  3.71473888E-03
1.50969608E-01  2.41522646E+00  3.58016999E-03
1.51263609E-01  2.40409160E+00  3.43538262E-03
1.51557610E-01  2.35216737E+00  3.22835473E-03
1.51851611E-01  2.33559632E+00  3.26469704E-03
1.52145612E-01  2.32782745E+00  3.17653129E-03
1.52439614E-01  2.30368233E+00  3.19936941E-03
1.52733615E-01  2.28353953E+00  3.11644725E-03
1.53027616E-01  2.30575228E+00  3.16671492E-03
1.53321617E-01  2.27700210E+00  3.10203061E-03
1.53615618E-01  2.28310490E+00  3.20482766E-03
1.53909619E-01  2.27818036E+00  3.19465064E-03
1.54203621E-01  2.28227639E+00  3.25872190E-03
1.54497622E-01  2.29979467E+00  3.29751335E-03
1.54791623E-01  2.31402230E+00  3.37954960E-03
1.55085624E-01  2.32192183E+00  3.39189777E-03
1.55379625E-01  2.34253383E+00  3.48043907E-03
1.55673627E-01  2.37572503E+00  3.48591316E-03
1.55967628E-01  2.38891959E+00  3.67025496E-03
1.56261629E-01  2.41118193E+00  3.65780410E-03
1.56555630E-01  2.45189261E+00  3.74090788E-03
1.56849631E-01  2.48279357E+00  3.76938377E-03
1.57143632E-01  2.50195527E+00  3.92674655E-03
1.57437634E-01  2.53221345E+00  3.92735237E-03
1.57731635E-01  2.56419873E+00  3.96465836E-03
1.58025636E-01  2.58697510E+00  4.01627971E-03
1.58319637E-01  2.62293410E+00  3.84456012E-03
1.58613638E-01  2.65929413E+00  4.04803827E-03
1.58907640E-01  2.67060995E+00  3.94419534E-03
1.59201641E-01  2.69546819E+00  3.86520219E-03
1.59495642E-01  2.73584437E+00  3.82057019E-03
1.59789643E-01  2.78255701E+00  3.82133108E-03
1.60083644E-01  2.78620648E+00  3.68375005E-03
1.60377645E-01  2.82167411E+00  3.79374251E-03
1.60671647E-01  2.83103561E+00  3.64316930E-03
1.60965648E-01  2.86907172E+00  3.50741320E-03
1.61259649E-01  2.87408829E+00  3.48904962E-03
1.61553650E-01  2.89274049E+00  3.43603804E-03
1.61847651E-01  2.92441487E+00  3.34302126E-03
1.62141653E-01  2.91951156E+00  3.48892249E-03
1.62435654E-01  2.91861629E+00  3.51481023E-03
1.62729655E-01  2.91902566E+00  3.39420512E-03
1.63023656E-01  2.92251778E+00  3.48963495E-03
1.63317657E-01  2.92980838E+00  3.51166143E-03
1.63611658E-01  2.89503264E+00  3.71672236E-03
1.63905660E-01  2.91979694E+00  3.84947448E-03
1.64199661E-01  2.86658716E+00  3.71503155E-03
1.64493662E-01  2.84844303E+00  3.95150762E-03
1.64787663E-01  2.82455635E+00  4.15964006E-03
1.65081664E-01  2.80958796E+00  4.25819727E-03
1.65375666E-01  2.79528642E+00  4.33236687E-03
1.65669667E-01  2.75004959E+00  4.44721989E-03
1.65963668E-01  2.69918466E+00  4.51942487E-03
1.66257669E-01  2.65622044E+00  4.53470182E-03
1.66551670E-01  2.60333419E+00  4.57333773E-03
1.66845671E-01  2.54675388E+00  4.57015540E-03
1.67139673E-01  2.50269008E+00  4.60962020E-03
1.67433674E-01  2.44088793E+00  4.58043348E-03
1.67727675E-01  2.36485958E+00  4.39924933E-03
1.68021676E-01  2.32744455E+00  4.44524130E-03
1.68315677E-01  2.25049305E+00  4.35640011E-03
1.68609679E-01  2.22003245E+00  4.26328089E-03
1.68903680E-01  2.14862680E+00  4.08406882E-03
1.69197681E-01  2.09086394E+00  4.05548140E-03
1.69491682E-01  2.03412914E+00  3.94504378E-03
1.69785683E-01  1.95052612E+00  3.67347780E-03
1.70079685E-01  1.90342784E+00  3.67211620E-03
1.70373686E-01  1.85010529E+00  3.51866218E-03
1.70667687E-01  1.81298125E+00  3.45369196E-03
1.70961688E-01  1.74525499E+00  3.29710427E-03
1.71255689E-01  1.71043575E+00  3.05185653E-03
1.71549690E-01  1.66048801E+00  3.07536521E-03
1.71843692E-01  1.60520303E+00  2.99288752E-03
1.72137693E-01  1.57191694E+00  2.84221210E-03
1.72431694E-01  1.53691888E+00  2.81377020E-03
1.72725695E-01  1.50125027E+00  2.69572623E-03
1.73019696E-01  1.47127831E+00  2.63751694E-03
1.73313698E-01  1.42643881E+00  2.51991651E-03
1.73607699E-01  1.41139591E+00  2.46955338E-03
1.73901700E-01  1.38445961E+00  2.47077737E-03
1.74195701E-01  1.35829175E+00  2.33762129E-03
1.74489702E-01  1.35675120E+00  2.37497804E-03
1.74783703E-01  1.29972649E+00  2.25049932E-03
1.75077705E-01  1.28189242E+00  2.25794828E-03
1.75371706E-01  1.26035142E+00  2.28274567E-03
1.75665707E-01  1.24906647E+00  2.14553042E-03
1.75959708E-01  1.23700893E+00  2.23854324E-03
1.76253709E-01  1.19601154E+00  2.09583063E-03
1.76547711E-01  1.19488823E+00  2.13232543E-03
1.76841712E-01  1.17846632E+00  2.11040187E-03
1.77135713E-01  1.16394365E+00  2.08330341E-03
1.77429714E-01  1.14653552E+00  2.07978091E-03
1.77723715E-01  1.13238788E+00  2.00460176E-03
1.78017716E-01  1.12039804E+00  1.96848810E-03
1.78311718E-01  1.11082387E+00  1.99242285E-03
1.78605719E-01  1.09323394E+00  1.93141541E-03
1.78899720E-01  1.07798851E+00  1.89168309E-03
1.79193721E-01  1.08169293E+00  1.91519642E-03
1.79487722E-01  1.05766404E+00  1.81567075E-03
1.79781724E-01  1.04778934E+00  1.84300530E-03
1.80075725E-01  1.02970910E+00  1.83984509E-03
1.80369726E-01  1.02901566E+00  1.83570117E-03
1.80663727E-01  1.01037681E+00  1.80209219E-03
1.80957728E-01  1.01855552E+00  1.83907291E-03
1.81251729E-01  1.01076293E+00  1.80204411E-03
1.81545731E-01  1.00608110E+00  1.81889173E-03
1.81839732E-01  9.81630862E-01  1.79754396E-03
1.82133733E-01  9.74148154E-01  1.77859259E-03
1.82427734E-01  9.69737411E-01  1.82826945E-03
1.82721735E-01  9.51669991E-01  1.71552959E-03
1.83015737E-01  9.43425238E-01  1.74035993E-03
1.83309738E-01  9.32485700E-01  1.75811816E-03
1.83603739E-01  9.37449992E-01  1.76660041E-03
1.83897740E-01  9.32058573E-01  1.72961818E-03
1.84191741E-01  9.30503666E-01  1.69908314E-03
1.84485742E-01  9.12922025E-01  1.71553821E-03
1.84779744E-01  9.12072778E-01  1.68104004E-03
1.85073745E-01  9.00834143E-01  1.68716302E-03
1.85367746E-01  8.92448366E-01  1.66073081E-03
1.85661747E-01  8.87675107E-01  1.69536611E-03
1.85955748E-01  8.80610228E-01  1.61793001E-03
1.86249750E-01  8.75131667E-01  1.66121358E-03
1.86543751E-01  8.66849065E-01  1.65048742E-03
1.86837752E-01  8.56507063E-01  1.65608712E-03
1.87131753E-01  8.63693297E-01  1.65210478E-03
1.87425754E-01  8.55534434E-01  1.62471761E-03
1.87719755E-01  8.44397008E-01  1.63918815E-03
1.88013757E-01  8.47843885E-01  1.60227169E-03
1.88307758E-01  8.43109071E-01  1.57138798E-03
1.88601759E-01  8.41876328E-01  1.60022383E-03
1.88895760E-01  8.23128819E-01  1.55553676E-03
1.89189761E-01  8.33034933E-01  1.56981789E-03
1.89483763E-01  8.27243745E-01  1.62899948E-03
1.89777764E-01  8.28573465E-01  1.59099314E-03
1.90071765E-01  8.08948457E-01  1.56736863E-03
1.90365766E-01  8.04241776E-01  1.57213933E-03
1.90659767E-01  8.03819895E-01  1.56280107E-03
1.90953769E-01  7.97995269E-01  1.55125826E-03
1.91247770E-01  7.90638149E-01  1.49228924E-03
1.91541771E-01  7.95518279E-01  1.53235451E-03
1.91835772E-01  7.91446328E-01  1.50583824E-03
1.92129773E-01  7.91641712E-01  1.53936993E-03
1.92423774E-01  7.81517863E-01  1.50525861E-03
1.92717776E-01  7.78563023E-01  1.53508317E-03
1.93011777E-01  7.80912638E-01  1.49601942E-03
1.93305778E-01  7.74281442E-01  1.51594903E-03
1.93599779E-01  7.74796426E-01  1.48313260E-03
1.93893780E-01  7.61865437E-01  1.53336010E-03
1.94187782E-01  7.71445036E-01  1.44479389E-03
1.94481783E-01  7.72253811E-01  1.48015667E-03
1.94775784E-01  7.63549030E-01  1.48989237E-03
1.95069785E-01  7.57456660E-01  1.48491561E-03
1.95363786E-01  7.49354780E-01  1.43311324E-03
1.95657787E-01  7.67859876E-01  1.49918918E-03
1.95951789E-01  7.50695109E-01  1.45523658E-03
1.96245790E-01  7.49014318E-01  1.50941685E-03
1.96539791E-01  7.49356747E-01  1.46407716E-03
1.96833792E-01  7.46598125E-01  1.49041426E-03
1.97127793E-01  7.43156791E-01  1.43164012E-03
1.97421795E-01  7.42006898E-01  1.45784684E-03
1.97715796E-01  7.47037768E-01  1.45237742E-03
1.98009797E-01  7.43608713E-01  1.43083301E-03
1.98303798E-01  7.33420193E-01  1.40866695E-03
1.98597799E-01  7.43398964E-01  1.45069056E-03
1.98891800E-01  7.31937408E-01  1.43955869E-03
1.99185802E-01  7.41364658E-01  1.46745786E-03
1.99479803E-01  7.25219488E-01  1.39318535E-03
1.99773804E-01  7.27940559E-01  1.41548621E-03
2.00067805E-01  7.29652226E-01  1.41835259E-03
2.00361806E-01  7.25535214E-01  1.40107528E-03
2.00655808E-01  7.22862661E-01  1.43290963E-03
2.00949809E-01  7.31501579E-01  1.44597318E-03
2.01243810E-01  7.30681598E-01  1.43333024E-03
2.01537811E-01  7.27237582E-01  1.44065125E-03
2.01831812E-01  7.20943034E-01  1.45218312E-03
2.02125813E-01  7.31953323E-01  1.43105257E-03
2.02419815E-01  7.18473852E-01  1.42842799E-03
2.02713816E-01  7.22112596E-01  1.44564395E-03
2.03007817E-01  7.17803121E-01  1.39375194E-03
2.03301818E-01  7.24945426E-01  1.40163570E-03
2.03595819E-01  7.22852230E-01  1.38679147E-03
2.03889821E-01  7.26394236E-01  1.39421702E-03
2.04183822E-01  7.21841037E-01  1.42567127E-03
2.04477823E-01  7.25621879E-01  1.40177156E-03
2.04771824E-01  7.30689287E-01  1.40709733E-03
2.05065825E-01  7.24416912E-01  1.40156026E-03
2.05359826E-01  7.13679790E-01  1.37942843E-03
2.05653828E-01  7.28660822E-01  1.39199209E-03
2.05947829E-01  7.23101318E-01  1.42155972E-03
2.06241830E-01  7.26135612E-01  1.41229783E-03
2.06535831E-01  7.29138076E-01  1.39981147E-03
2.06829832E-01  7.31591821E-01  1.41843234E-03
2.07123834E-01  7.23761141E-01  1.40225433E-03
2.07417835E-01  7.25597322E-01  1.42677734E-03
2.07711836E-01  7.31690943E-01  1.41759228E-03
2.08005837E-01  7.24360585E-01  1.40644063E-03
2.08299838E-01  7.34197855E-01  1.39646442E-03
2.08593840E-01  7.36595213E-01  1.42728013E-03
2.08887841E-01  7.35831082E-01  1.42376206E-03
2.09181842E-01  7.40462661E-01  1.45056716E-03
2.09475843E-01  7.39134371E-01  1.42331631E-03
2.09769844E-01  7.34024048E-01  1.40116760E-03
2.10063845E-01  7.28516042E-01  1.35003706E-03
2.10357847E-01  7.39007533E-01  1.38504431E-03
2.10651848E-01  7.51662672E-01  1.38510147E-03
2.10945849E-01  7.32077599E-01  1.38101273E-03
2.11239850E-01  7.32953727E-01  1.40961295E-03
2.11533851E-01  7.35498607E-01  1.38328690E-03
2.11827853E-01  7.38337576E-01  1.40855217E-03
2.12121854E-01  7.29797482E-01  1.35700090E-03
2.12415855E-01  7.29294896E-01  1.35030097E-03
2.12709856E-01  7.24550962E-01  1.36322354E-03
2.13003857E-01  7.32728362E-01  1.33177207E-03
2.13297858E-01  7.13450134E-01  1.35066570E-03
2.13591860E-01  7.18782544E-01  1.34201057E-03
2.13885861E-01  7.16793597E-01  1.36786990E-03
2.14179862E-01  7.16636419E-01  1.42444251E-03
2.14473863E-01  7.14263856E-01  1.35403872E-03
2.14767864E-01  7.09393501E-01  1.35775888E-03
2.15061866E-01  7.06261635E-01  1.35771080E-03
2.15355867E-01  6.92235172E-01  1.35890604E-03
2.15649868E-01  6.86051965E-01  1.32462289E-03
2.15943869E-01  6.82989419E-01  1.35323592E-03
2.16237870E-01  6.77574694E-01  1.35579519E-03
2.16531871E-01  6.79577053E-01  1.37828488E-03
2.16825873E-01  6.72863126E-01  1.37701898E-03
2.17119874E-01  6.58939064E-01  1.33674091E-03
2.17413875E-01  6.54893339E-01  1.36200874E-03
2.17707876E-01  6.56424344E-01  1.32972223E-03
2.18001877E-01  6.48739517E-01  1.31695508E-03
2.18295879E-01  6.47736430E-01  1.31868233E-03
2.18589880E-01  6.27412796E-01  1.29358773E-03
2.18883881E-01  6.23326302E-01  1.32674933E-03
2.19177882E-01  6.16947055E-01  1.33149931E-03
2.19471883E-01  6.04232252E-01  1.28607883E-03
2.19765884E-01  6.03285134E-01  1.30748935E-03
2.20059886E-01  5.96741915E-01  1.27044250E-03
2.20353887E-01  5.91784358E-01  1.31663436E-03
2.20647888E-01  5.73759556E-01  1.22989970E-03
2.20941889E-01  5.71534157E-01  1.25890772E-03
2.21235890E-01  5.59555829E-01  1.24011189E-03
2.21529892E-01  5.57514906E-01  1.23199425E-03
2.21823893E-01  5.44927299E-01  1.21690077E-03
2.22117894E-01  5.45492470E-01  1.23176980E-03
2.22411895E-01  5.34601748E-01  1.18540972E-03
2.22705896E-01  5.28473377E-01  1.15411147E-03
2.22999897E-01  5.18964887E-01  1.14922237E-03
2.23293899E-01  5.14162242E-01  1.18595804E-03
2.23587900E-01  5.10761261E-01  1.11638405E-03
2.23881901E-01  5.02932072E-01  1.14001660E-03
2.24175902E-01  4.96085078E-01  1.13470783E-03
2.24469903E-01  4.97217119E-01  1.11367868E-03
2.24763905E-01  4.89498943E-01  1.10533857E-03
2.25057906E-01  4.87814516E-01  1.11360149E-03
2.25351907E-01  4.83428061E-01  1.10466464E-03
2.25645908E-01  4.83214170E-01  1.11545797E-03
2.25939909E-01  4.67676193E-01  1.08263048E-03
2.26233911E-01  4.74435419E-01  1.10261259E-03
2.26527912E-01  4.70898390E-01  1.08737207E-03
2.26821913E-01  4.69013155E-01  1.08779268E-03
2.27115914E-01  4.58301514E-01  1.04799762E-03
2.27409915E-01  4.69407976E-01  1.09448947E-03
2.27703916E-01  4.57150936E-01  1.06074917E-03
2.27997918E-01  4.60082769E-01  1.05675706E-03
2.28291919E-01  4.55903411E-01  1.06006733E-03
2.28585920E-01  4.62764889E-01  1.02929771E-03
2.28879921E-01  4.50781971E-01  1.04575278E-03
2.29173922E-01  4.47799206E-01  1.03877787E-03
2.29467924E-01  4.44802165E-01  1.02974742E-03
2.29761925E-01  4.48795080E-01  1.05860247E-03
2.30055926E-01  4.49430853E-01  1.03125151E-03
2.30349927E-01  4.47264671E-01  1.03112834E-03
2.30643928E-01  4.45562720E-01  1.01575314E-03
2.30937929E-01  4.40817833E-01  1.02312840E-03
2.31231931E-01  4.47411001E-01  1.01283717E-03
2.31525932E-01  4.41305906E-01  1.05184224E-03
2.31819933E-01  4.44199651E-01  1.04013854E-03
2.32113934E-01  4.38026726E-01  1.02266762E-03
2.32407935E-01  4.44201708E-01  1.02673634E-03
2.32701937E-01  4.45895344E-01  1.02981855E-03
2.32995938E-01  4.52563673E-01  1.01397873E-03
2.33289939E-01  4.45495725E-01  1.03563827E-03
2.33583940E-01  4.38825518E-01  1.02657953E-03
2.33877941E-01  4.45019811E-01  1.04869774E-03
2.34171942E-01  4.38614488E-01  1.05693343E-03
2.34465944E-01  4.46850270E-01  1.04208326E-03
2.34759945E-01  4.54464078E-01  1.01203436E-03
2.35053946E-01  4.43376243E-01  1.02111790E-03
2.35347947E-01  4.46647346E-01  1.04869145E-03
2.35641948E-01  4.51024979E-01  1.03626400E-03
2.35935950E-01  4.53649431E-01  1.02655205E-03
2.36229951E-01  4.49445963E-01  1.06481416E-03
2.36523952E-01  4.59739715E-01  1.04205252E-03
2.36817953E-01  4.51597661E-01  1.01030711E-03
2.37111954E-01  4.44863051E-01  1.03787426E-03
2.37405955E-01  4.55144972E-01  1.05741178E-03
2.37699957E-01  4.48973328E-01  1.04003551E-03
2.37993958E-01  4.53174412E-01  1.01872894E-03
2.38287959E-01  4.57803100E-01  1.02489826E-03
2.38581960E-01  4.60803390E-01  1.02864683E-03
2.38875961E-01  4.59892035E-01  1.02375343E-03
2.39169963E-01  4.58068013E-01  1.05684565E-03
2.39463964E-01  4.62940842E-01  1.02763576E-03
2.39757965E-01  4.58100259E-01  1.04413426E-03
2.40051966E-01  4.65997308E-01  1.02530629E-03
2.40345967E-01  4.54738140E-01  1.01596501E-03
2.40639968E-01  4.59489763E-01  1.03552185E-03
2.40933970E-01  4.57066298E-01  1.04612380E-03
2.41227971E-01  4.62953597E-01  1.04356417E-03
2.41521972E-01  4.65227604E-01  1.01081922E-03
2.41815973E-01  4.60510850E-01  1.05593237E-03
2.42109974E-01  4.65284377E-01  1.02074631E-03
2.42403976E-01  4.68105942E-01  1.05183746E-03
2.42697977E-01  4.67295468E-01  1.06044568E-03
2.42991978E-01  4.59858447E-01  1.03584584E-03
2.43285979E-01  4.60896760E-01  1.01673475E-03
2.43579980E-01  4.57056284E-01  1.03028456E-03
2.43873981E-01  4.54050481E-01  1.04082539E-03
2.44167983E-01  4.56547260E-01  1.02449127E-03
2.44461984E-01  4.58880156E-01  1.04269816E-03
2.44755985E-01  4.50588077E-01  1.03356340E-03
2.45049986E-01  4.49005634E-01  1.00116979E-03
2.45343987E-01  4.46909726E-01  1.01984013E-03
2.45637989E-01  4.43043917E-01  1.02247926E-03
2.45931990E-01  4.41721708E-01  1.02032092E-03
2.46225991E-01  4.46501285E-01  1.04123156E-03
2.46519992E-01  4.38493282E-01  9.90472850E-04
2.46813993E-01  4.39004481E-01  1.00026675E-03
2.47107995E-01  4.29953784E-01  9.64181731E-04
2.47401996E-01  4.30623084E-01  9.73432674E-04
2.47695997E-01  4.26174492E-01  9.98973032E-04
2.47989998E-01  4.25139129E-01  9.72843554E-04
2.48283999E-01  4.20268238E-01  1.00295420E-03
2.48578000E-01  4.17511761E-01  9.96181625E-04
2.48872002E-01  4.10812318E-01  9.77824791E-04
2.49166003E-01  4.10236180E-01  9.79538541E-04
2.49460004E-01  4.04162854E-01  9.73832561E-04
2.49754005E-01  4.08147901E-01  9.67969594E-04
2.50048006E-01  4.02309299E-01  9.59831232E-04
2.50342008E-01  3.91443282E-01  9.75834380E-04
2.50636009E-01  3.89978796E-01  9.41405015E-04
2.50930010E-01  3.86070311E-01  9.26056062E-04
2.51224011E-01  3.85300189E-01  9.21984494E-04
2.51518012E-01  3.67408276E-01  9.07664711E-04
2.51812013E-01  3.73178244E-01  9.50130983E-04
2.52106015E-01  3.71502697E-01  9.26845765E-04
2.52400016E-01  3.67712915E-01  9.28668713E-04
2.52694017E-01  3.68136495E-01  9.72661772E-04
2.52988018E-01  3.57812136E-01  9.00270359E-04
2.53282019E-01  3.58683616E-01  9.13771102E-04
2.53576021E-01  3.53634447E-01  8.91104108E-04
2.53870022E-01  3.50876153E-01  9.30396316E-04
2.54164023E-01  3.49626571E-01  9.01306397E-04
2.54458024E-01  3.39099079E-01  9.12603340E-04
2.54752025E-01  3.39362800E-01  8.75544793E-04
2.55046026E-01  3.37625414E-01  8.69851036E-04
2.55340028E-01  3.33555102E-01  9.00377228E-04
2.55634029E-01  3.36088210E-01  8.66794260E-04
2.55928030E-01  3.30977350E-01  8.64036556E-04
2.56222031E-01  3.26961815E-01  8.73227080E-04
2.56516032E-01  3.24605852E-01  8.64758040E-04
2.56810034E-01  3.25723112E-01  8.40192661E-04
2.57104035E-01  3.20234448E-01  8.66625342E-04
2.57398036E-01  3.18807930E-01  8.34545761E-04
2.57692037E-01  3.19177032E-01  8.34393431E-04
2.57986038E-01  3.20062131E-01  8.51067773E-04
2.58280039E-01  3.15357327E-01  8.40753783E-04
2.58574041E-01  3.00365984E-01  8.28729535E-04
2.58868042E-01  3.08679789E-01  8.19442095E-04
2.59162043E-01  3.08293998E-01  8.48404714E-04
2.59456044E-01  3.01108867E-01  8.24899587E-04
2.59750045E-01  3.03594470E-01  8.52798286E-04
2.60044047E-01  3.03898126E-01  8.23491311E-04
2.60338048E-01  3.01082492E-01  8.01273098E-04
2.60632049E-01  3.06264311E-01  8.31589859E-04
2.60926050E-01  3.06665152E-01  8.36167019E-04
2.61220051E-01  3.03680003E-01  8.24459945E-04
2.61514052E-01  2.98926771E-01  8.10247671E-04
2.61808054E-01  3.00779492E-01  8.26843141E-04
2.62102055E-01  2.99758971E-01  8.18206754E-04
2.62396056E-01  2.95587152E-01  8.17167514E-04
2.62690057E-01  2.93350041E-01  8.06580763E-04
2.62984058E-01  2.97676325E-01  8.15627980E-04
2.63278060E-01  2.89972156E-01  7.81213632E-04
2.63572061E-01  2.97543675E-01  7.86773511E-04
2.63866062E-01  2.93400496E-01  8.07729608E-04
2.64160063E-01  2.93988556E-01  8.38405278E-04
2.64454064E-01  2.89028376E-01  7.77198991E-04
2.64748066E-01  2.87371814E-01  7.61234609E-04
2.65042067E-01  2.95864880E-01  7.95678294E-04
2.65336068E-01  2.84110188E-01  7.91575236E-04
2.65630069E-01  2.91241497E-01  7.93332991E-04
2.65924070E-01  2.85512954E-01  7.92589737E-04
2.66218071E-01  2.92401254E-01  8.04893498E-04
2.66512073E-01  2.87632138E-01  7.86903605E-04
2.66806074E-01  2.89534301E-01  7.79241091E-04
2.67100075E-01  2.89114237E-01  7.83211552E-04
2.67394076E-01  2.86488295E-01  7.67915568E-04
2.67688077E-01  2.83621967E-01  7.99542293E-04
2.67982079E-01  2.83069104E-01  7.72909261E-04
2.68276080E-01  2.81335831E-01  7.85722572E-04
2.68570081E-01  2.87034750E-01  7.67117948E-04
2.68864082E-01  2.85162985E-01  7.91389786E-04
2.69158083E-01  2.82321930E-01  7.86029850E-04
2.69452084E-01  2.87722290E-01  7.81208975E-04
2.69746086E-01  2.81614661E-01  7.84382515E-04
2.70040087E-01  2.78733820E-01  7.55761401E-04
2.70334088E-01  2.87577927E-01  7.81378301E-04
2.70628089E-01  2.82994449E-01  7.77633861E-04
2.70922090E-01  2.84181356E-01  7.84986711E-04
2.71216092E-01  2.80137807E-01  7.68133556E-04
2.71510093E-01  2.85829127E-01  7.91844795E-04
2.71804094E-01  2.91148901E-01  7.83986121E-04
2.72098095E-01  2.87726134E-01  7.88702630E-04
2.72392096E-01  2.85062611E-01  7.92492705E-04
2.72686097E-01  2.86827683E-01  7.64616823E-04
2.72980099E-01  2.89186031E-01  7.67332793E-04
2.73274100E-01  2.88536698E-01  7.91186467E-04
2.73568101E-01  2.80913174E-01  7.80919218E-04
2.73862102E-01  2.84210682E-01  7.56873167E-04
2.74156103E-01  2.79953480E-01  7.76906265E-04
2.74450105E-01  2.84709662E-01  7.79571070E-04
2.74744106E-01  2.88091600E-01  7.83252879E-04
2.75038107E-01  2.84661949E-01  7.62816344E-04
2.75332108E-01  2.89021671E-01  7.79156224E-04
2.75626109E-01  2.83894837E-01  7.73002394E-04
2.75920110E-01  2.88734525E-01  7.74594897E-04
2.76214112E-01  2.87530273E-01  7.76877452E-04
2.76508113E-01  2.89139420E-01  7.51734420E-04
2.76802114E-01  2.87152559E-01  7.73409440E-04
2.77096115E-01  2.83549219E-01  7.86025892E-04
2.77390116E-01  2.89602250E-01  7.82321556E-04
2.77684118E-01  2.87512183E-01  7.78129383E-04
2.77978119E-01  2.89965540E-01  7.87709374E-04
2.78272120E-01  2.89615691E-01  7.70647835E-04
2.78566121E-01  2.90052921E-01  7.71121879E-04
2.78860122E-01  2.89167166E-01  7.65168224E-04
2.79154123E-01  2.89499104E-01  7.56989408E-04
2.79448125E-01  2.89551407E-01  7.67792284E-04
2.79742126E-01  2.84889966E-01  7.62299635E-04
2.80036127E-01  2.95629352E-01  7.76146306E-04
2.80330128E-01  2.90023178E-01  7.73576845E-04
2.80624129E-01  2.87327468E-01  7.63522170E-04
2.80918131E-01  2.87811548E-01  7.76803819E-04
2.81212132E-01  2.90465921E-01  7.92299572E-04
2.81506133E-01  2.91673243E-01  7.76252651E-04
2.81800134E-01  2.85757661E-01  7.70688988E-04
2.82094135E-01  2.90073901E-01  7.60784664E-04
2.82388137E-01  2.91896045E-01  7.86210643E-04
2.82682138E-01  2.93990731E-01  7.62316515E-04
2.82976139E-01  2.90714145E-01  7.78549467E-04
2.83270140E-01  2.90663451E-01  7.57541566E-04
2.83564141E-01  2.97058553E-01  7.70671410E-04
2.83858142E-01  2.93986648E-01  7.79484573E-04
2.84152144E-01  2.90429324E-01  7.85433920E-04
2.84446145E-01  2.96596855E-01  7.82224699E-04
2.84740146E-01  2.92261988E-01  7.64842320E-04
2.85034147E-01  2.94522852E-01  7.56114547E-04
2.85328148E-01  2.92212784E-01  7.62782118E-04
2.85622150E-01  2.87402004E-01  7.54508597E-04
2.85916151E-01  2.89299041E-01  7.50097737E-04
2.86210152E-01  2.96863407E-01  7.76663597E-04
2.86504153E-01  2.94650614E-01  7.80506467E-04
2.86798154E-01  2.93431342E-01  7.77356792E-04
2.87092155E-01  2.92946488E-01  7.89855898E-04
2.87386157E-01  2.93079972E-01  7.90435646E-04
2.87680158E-01  2.97876805E-01  7.91279774E-04
2.87974159E-01  2.89580643E-01  7.65024044E-04
2.88268160E-01  2.98128694E-01  8.09377350E-04
2.88562161E-01  2.89162159E-01  7.88475445E-04
2.88856163E-01  2.93178439E-01  7.98627210E-04
2.89150164E-01  2.94375658E-01  8.31163547E-04
2.89444165E-01  2.89918721E-01  7.90757011E-04
2.89738166E-01  2.94065118E-01  8.37091298E-04
2.90032167E-01  2.92972803E-01  8.19912879E-04
2.90326168E-01  2.90835947E-01  8.05712305E-04
2.90620170E-01  2.87284762E-01  8.29519064E-04
2.90914171E-01  2.92303652E-01  8.23774782E-04
2.91208172E-01  2.88785398E-01  8.15386360E-04
2.91502173E-01  2.89685994E-01  8.49512639E-04
2.91796174E-01  2.93457687E-01  8.56537430E-04
2.92090176E-01  2.86669821E-01  8.26839067E-04
2.92384177E-01  2.90167987E-01  8.35603802E-04
2.92678178E-01  2.93788224E-01  8.48022988E-04
2.92972179E-01  2.88583785E-01  8.31134850E-04
2.93266180E-01  2.85160571E-01  8.34150647E-04
2.93560181E-01  2.88356602E-01  8.39874265E-04
2.93854183E-01  2.88153082E-01  8.70316988E-04
2.94148184E-01  2.89134085E-01  8.47383926E-04
2.94442185E-01  2.96405345E-01  8.60879896E-04
2.94736186E-01  2.93949336E-01  8.55307619E-04
2.95030187E-01  2.89741576E-01  8.48949421E-04
2.95324189E-01  2.95876831E-01  8.42480804E-04
2.95618190E-01  2.85882622E-01  8.49242439E-04
2.95912191E-01  2.87508607E-01  8.35626270E-04
2.96206192E-01  2.90726662E-01  8.83776287E-04
2.96500193E-01  2.88171738E-01  8.40463268E-04
2.96794194E-01  2.85158783E-01  8.40054476E-04
2.97088196E-01  2.84211755E-01  8.40079738E-04
2.97382197E-01  2.94178516E-01  8.49632663E-04
2.97676198E-01  2.88664609E-01  8.27880925E-04
2.97970199E-01  2.87140757E-01  8.10928235E-04
2.98264200E-01  2.86169380E-01  8.46185430E-04
2.98558202E-01  2.86642849E-01  8.50915676E-04
2.98852203E-01  2.91977704E-01  8.29412602E-04
2.99146204E-01  2.89537430E-01  8.32543825E-04
2.99440205E-01  2.85885960E-01  8.16059182E-04
2.99734206E-01  2.88133591E-01  8.10457452E-04
3.00028207E-01  2.88615882E-01  8.33248720E-04
3.00322209E-01  2.84902960E-01  8.23837647E-04
3.00616210E-01  2.91090876E-01  8.23872513E-04
3.00910211E-01  2.83976346E-01  8.27575277E-04
3.01204212E-01  2.88653195E-01  8.46064475E-04
3.01498213E-01  2.84456581E-01  8.03753734E-04
3.01792215E-01  2.89344817E-01  8.43711838E-04
3.02086216E-01  2.81062454E-01  8.19477020E-04
3.02380217E-01  2.85535276E-01  8.23805516E-04
3.02674218E-01  2.81959236E-01  8.13041173E-04
3.02968219E-01  2.84063339E-01  8.09327350E-04
3.03262221E-01  2.86752194E-01  8.29509750E-04
3.03556222E-01  2.82537431E-01  8.06280703E-04
3.03850223E-01  2.83240527E-01  8.22359405E-04
3.04144224E-01  2.79106081E-01  8.02612689E-04
3.04438225E-01  2.81110972E-01  8.14276573E-04
3.04732226E-01  2.83578932E-01  8.35094193E-04
3.05026228E-01  2.88351268E-01  8.07768258E-04
3.05320229E-01  2.81587660E-01  7.94393127E-04
3.05614230E-01  2.88582385E-01  8.33250699E-04
3.05908231E-01  2.81495482E-01  8.04142270E-04
3.06202232E-01  2.74255842E-01  7.99397589E-04
3.06496234E-01  2.82422543E-01  8.29224009E-04
3.06790235E-01  2.86253333E-01  8.17792024E-04
3.07084236E-01  2.81943977E-01  8.12764687E-04
3.07378237E-01  2.78056890E-01  7.98336405E-04
3.07672238E-01  2.85552084E-01  7.98897527E-04
3.07966239E-01  2.83848375E-01  8.10437603E-04
3.08260241E-01  2.80514896E-01  8.04069510E-04
3.08554242E-01  2.83154070E-01  8.13065388E-04
3.08848243E-01  2.79305816E-01  8.09189864E-04
3.09142244E-01  2.81409830E-01  8.01884977E-04
3.09436245E-01  2.82680422E-01  7.85550685E-04
3.09730247E-01  2.81755626E-01  8.10916594E-04
3.10024248E-01  2.80065745E-01  7.90672959E-04
3.10318249E-01  2.81470418E-01  8.06649390E-04
3.10612250E-01  2.79855043E-01  8.05732678E-04
3.10906251E-01  2.75880367E-01  7.99264701E-04
3.11200252E-01  2.74335414E-01  7.77382171E-04
3.11494254E-01  2.78750747E-01  7.98503053E-04
3.11788255E-01  2.79557645E-01  7.90710561E-04
3.12082256E-01  2.79422104E-01  7.83813070E-04
3.12376257E-01  2.78469443E-01  7.90813530E-04
3.12670258E-01  2.76920736E-01  8.03408970E-04
3.12964260E-01  2.77812570E-01  7.92729319E-04
3.13258261E-01  2.75585592E-01  8.13851191E-04
3.13552262E-01  2.83198953E-01  8.00927635E-04
3.13846263E-01  2.76381463E-01  8.07404518E-04
3.14140264E-01  2.77378350E-01  8.10130499E-04
3.14434265E-01  2.77694136E-01  8.02322756E-04
3.14728267E-01  2.78452635E-01  7.81709270E-04
3.15022268E-01  2.80494124E-01  8.18082655E-04
3.15316269E-01  2.81441957E-01  8.14296072E-04
3.15610270E-01  2.78259099E-01  7.89516140E-04
3.15904271E-01  2.84008473E-01  7.82951189E-04
3.16198273E-01  2.80238062E-01  8.06367665E-04
3.16492274E-01  2.76523411E-01  7.92491424E-04
3.16786275E-01  2.78893322E-01  7.95502972E-04
3.17080276E-01  2.77486712E-01  7.81690178E-04
3.17374277E-01  2.72984475E-01  7.91918719E-04
3.17668278E-01  2.79996365E-01  8.03647621E-04
3.17962280E-01  2.78103054E-01  7.75929890E-04
3.18256281E-01  2.78619081E-01  8.08417331E-04
3.18550282E-01  2.74486065E-01  7.87364843E-04
3.18844283E-01  2.74021178E-01  7.85626762E-04
3.19138284E-01  2.81078219E-01  8.02107446E-04
3.19432286E-01  2.76285321E-01  7.81622890E-04
3.19726287E-01  2.76298702E-01  7.91087165E-04
3.20020288E-01  2.78350919E-01  7.80693139E-04
3.20314289E-01  2.75984168E-01  7.97892164E-04
3.20608290E-01  2.76832759E-01  7.88219797E-04
3.20902292E-01  2.76904076E-01  7.94652326E-04
3.21196293E-01  2.77143449E-01  7.84211967E-04
3.21490294E-01  2.76518077E-01  7.89173588E-04
3.21784295E-01  2.72787243E-01  7.73974403E-04
3.22078296E-01  2.77777702E-01  7.61678792E-04
3.22372297E-01  2.72987545E-01  7.95599306E-04
3.22666299E-01  2.77487755E-01  8.01155460E-04
3.22960300E-01  2.74524331E-01  7.98388617E-04
3.23254301E-01  2.78813869E-01  8.12644081E-04
3.23548302E-01  2.84361869E-01  8.07910867E-04
3.23842303E-01  2.78035492E-01  7.96129520E-04
3.24136305E-01  2.81551421E-01  8.16931366E-04
3.24430306E-01  2.71692365E-01  8.06167198E-04
3.24724307E-01  2.76577026E-01  8.20648100E-04
3.25018308E-01  2.84320325E-01  8.34223640E-04
3.25312309E-01  2.75080919E-01  7.98608584E-04
3.25606310E-01  2.76226640E-01  8.36870226E-04
3.25900312E-01  2.76472151E-01  8.28641350E-04
3.26194313E-01  2.70971745E-01  8.14683503E-04
3.26488314E-01  2.79974103E-01  8.43922258E-04
3.26782315E-01  2.78153777E-01  8.25668336E-04
3.27076316E-01  2.73615211E-01  8.30651261E-04
3.27370318E-01  2.78792411E-01  8.38819484E-04
3.27664319E-01  2.75807709E-01  8.42364912E-04
3.27958320E-01  2.81226754E-01  8.08552082E-04
3.28252321E-01  2.74859846E-01  8.08004639E-04
3.28546322E-01  2.77079374E-01  8.17451975E-04
3.28840323E-01  2.74444908E-01  8.17514723E-04
3.29134325E-01  2.74580747E-01  8.13238148E-04
3.29428326E-01  2.75129497E-01  8.44814989E-04
3.29722327E-01  2.71287322E-01  8.28343385E-04
3.30016328E-01  2.74813354E-01  8.17144697E-04
3.30310329E-01  2.75112271E-01  8.29836994E-04
3.30604331E-01  2.73132831E-01  8.22888280E-04
3.30898332E-01  2.72570938E-01  8.39898887E-04
3.31192333E-01  2.73928910E-01  8.13118881E-04
3.31486334E-01  2.80266106E-01  8.28331569E-04
3.31780335E-01  2.74921179E-01  8.49061063E-04
3.32074336E-01  2.72453278E-01  8.31098470E-04
3.32368338E-01  2.70721972E-01  8.31963844E-04
3.32662339E-01  2.76159227E-01  8.64855538E-04
3.32956340E-01  2.69115716E-01  7.91940489E-04
3.33250341E-01  2.77052045E-01  8.24615301E-04
3.33544342E-01  2.77899384E-01  8.30788980E-04
3.33838344E-01  2.73467809E-01  8.32173275E-04
3.34132345E-01  2.73668021E-01  8.15080770E-04
3.34426346E-01  2.75588870E-01  8.25009309E-04
3.34720347E-01  2.73731798E-01  8.52072088E-04
3.35014348E-01  2.71783829E-01  8.55909428E-04
3.35308349E-01  2.76883751E-01  8.39412736E-04
3.35602351E-01  2.79487878E-01  8.35509854E-04
3.35896352E-01  2.79250979E-01  8.59152293E-04
3.36190353E-01  2.76780874E-01  8.40536377E-04
3.36484354E-01  2.74708182E-01  8.33061000E-04
3.36778355E-01  2.76914924E-01  8.68853589E-04
3.37072357E-01  2.76296884E-01  8.74239893E-04
3.37366358E-01  2.78409988E-01  9.21024883E-04
3.37660359E-01  2.77144223E-01  8.84871988E-04
3.37954360E-01  2.76296824E-01  8.47583753E-04
3.38248361E-01  2.77673483E-01  8.65229929E-04
3.38542362E-01  2.77258396E-01  8.43505375E-04
3.38836364E-01  2.77313650E-01  8.42845824E-04
3.39130365E-01  2.74833322E-01  8.26538773E-04
3.39424366E-01  2.79929399E-01  8.66457995E-04
3.39718367E-01  2.73028046E-01  8.31257610E-04
3.40012368E-01  2.75210947E-01  8.43766145E-04
3.40306370E-01  2.76110411E-01  8.49658041E-04
3.40600371E-01  2.75824785E-01  8.52859637E-04
3.40894372E-01  2.72478014E-01  8.04499898E-04
3.41188373E-01  2.76694387E-01  8.55782186E-04
3.41482374E-01  2.78778493E-01  8.45048518E-04
3.41776376E-01  2.73663431E-01  8.47184332E-04
3.42070377E-01  2.73106545E-01  8.24995630E-04
3.42364378E-01  2.76476324E-01  8.49777018E-04
3.42658379E-01  2.73098320E-01  8.34379520E-04
3.42952380E-01  2.75538594E-01  8.51988676E-04
3.43246381E-01  2.76521474E-01  8.74004851E-04
3.43540383E-01  2.71412104E-01  8.37593863E-04
3.43834384E-01  2.75476277E-01  8.63553665E-04
3.44128385E-01  2.75898278E-01  8.54681246E-04
3.44422386E-01  2.72859573E-01  8.61984037E-04
3.44716387E-01  2.78415024E-01  8.62586661E-04
3.45010389E-01  2.76014626E-01  8.57212639E-04
3.45304390E-01  2.76483744E-01  8.44430411E-04
3.45598391E-01  2.80736953E-01  8.44886526E-04
3.45892392E-01  2.78146267E-01  8.41076078E-04
3.46186393E-01  2.78144419E-01  8.62281304E-04
3.46480394E-01  2.77261347E-01  8.17188295E-04
3.46774396E-01  2.77552217E-01  8.68670060E-04
3.47068397E-01  2.77334571E-01  8.25451803E-04
3.47362398E-01  2.77011961E-01  8.63580324E-04
3.47656399E-01  2.75095642E-01  8.39599292E-04
3.47950400E-01  2.72258580E-01  8.49939301E-04
3.48244402E-01  2.78268069E-01  8.62473797E-04
3.48538403E-01  2.77916312E-01  8.35794432E-04
3.48832404E-01  2.72734016E-01  8.36300896E-04
3.49126405E-01  2.73025036E-01  8.29802069E-04
3.49420406E-01  2.74730742E-01  8.38685548E-04
3.49714407E-01  2.75849938E-01  8.53079313E-04
3.50008409E-01  2.83143222E-01  8.52078316E-04
3.50302410E-01  2.80015498E-01  8.46827112E-04
3.50596411E-01  2.70742685E-01  8.51921563E-04
3.50890412E-01  2.76304036E-01  8.30824254E-04
3.51184413E-01  2.79009283E-01  8.68917676E-04
3.51478415E-01  2.73370981E-01  8.43419577E-04
3.51772416E-01  2.78764307E-01  8.69750744E-04
3.52066417E-01  2.77460158E-01  8.51187040E-04
3.52360418E-01  2.81980723E-01  8.73382553E-04
3.52654419E-01  2.77999550E-01  8.33931146E-04
3.52948420E-01  2.77729213E-01  8.66842456E-04
3.53242422E-01  2.80254334E-01  8.57400126E-04
3.53536423E-01  2.77822018E-01  8.54407554E-04
3.53830424E-01  2.76857287E-01  8.59850086E-04
3.54124425E-01  2.66720563E-01  8.29264813E-04
3.54418426E-01  2.71766990E-01  8.56920786E-04
3.54712428E-01  2.74704963E-01  8.35361308E-04
3.55006429E-01  2.74573445E-01  8.42676323E-04
3.55300430E-01  2.72654325E-01  8.42200883E-04
3.55594431E-01  2.74290174E-01  8.17649765E-04
3.55888432E-01  2.74310857E-01  8.55062564E-04
3.56182433E-01  2.77476043E-01  8.63733818E-04
3.56476435E-01  2.74464756E-01  8.44202295E-04
3.56770436E-01  2.75464118E-01  8.54289508E-04
3.57064437E-01  2.83067405E-01  8.73279118E-04
3.57358438E-01  2.75724769E-01  8.61820241E-04
3.57652439E-01  2.80717939E-01  8.45218659E-04
3.57946441E-01  2.76762575E-01  8.64242320E-04
3.58240442E-01  2.74684250E-01  8.47127871E-04
3.58534443E-01  2.72825152E-01  8.41666188E-04
3.58828444E-01  2.77603447E-01  8.71365250E-04
3.59122445E-01  2.75156200E-01  8.68919422E-04
3.59416447E-01  2.70767152E-01  8.25254247E-04
3.59710448E-01  2.70336300E-01  8.69330659E-04
3.60004449E-01  2.73643434E-01  8.43559392E-04
3.60298450E-01  2.71711737E-01  8.51723831E-04
3.60592451E-01  2.70268202E-01  8.33285332E-04
3.60886452E-01  2.74125278E-01  8.61324370E-04
3.61180454E-01  2.69782066E-01  8.64165078E-04
3.61474455E-01  2.70238280E-01  8.30434554E-04
3.61768456E-01  2.65579134E-01  8.54719023E-04
3.62062457E-01  2.68838108E-01  8.31510813E-04
3.62356458E-01  2.72738457E-01  8.26039875E-04
3.62650460E-01  2.75040150E-01  8.58497515E-04
3.62944461E-01  2.74304599E-01  8.66858056E-04
3.63238462E-01  2.69601554E-01  8.57197447E-04
3.63532463E-01  2.72674143E-01  8.42175097E-04
3.63826464E-01  2.66927719E-01  8.26772128E-04
3.64120465E-01  2.69331306E-01  8.73409386E-04
3.64414467E-01  2.72472680E-01  8.65758862E-04
3.64708468E-01  2.65286595E-01  8.46622628E-04
3.65002469E-01  2.67076522E-01  8.44791415E-04
3.65296470E-01  2.65814453E-01  8.65110313E-04
3.65590471E-01  2.68541634E-01  8.35293496E-04
3.65884473E-01  2.72742003E-01  8.53420119E-04
3.66178474E-01  2.67763287E-01  8.31719895E-04
3.66472475E-01  2.68196732E-01  8.41420435E-04
3.66766476E-01  2.71869987E-01  8.50922428E-04
3.67060477E-01  2.63813287E-01  8.44716269E-04
3.67354478E-01  2.74019390E-01  8.79622414E-04
3.67648480E-01  2.69922614E-01  8.39878165E-04
3.67942481E-01  2.70038933E-01  8.70143413E-04
3.68236482E-01  2.70866424E-01  8.50659912E-04
3.68530483E-01  2.70334899E-01  8.54317332E-04
3.68824484E-01  2.68056542E-01  8.44004913E-04
3.69118486E-01  2.72994518E-01  8.42371141E-04
3.69412487E-01  2.70861715E-01  8.52124300E-04
3.69706488E-01  2.76927978E-01  8.75065743E-04
3.70000489E-01  2.66364187E-01  8.45947885E-04
3.70294490E-01  2.72497445E-01  8.68294970E-04
3.70588491E-01  2.72985250E-01  8.45161674E-04
3.70882493E-01  2.71542013E-01  8.42894369E-04
3.71176494E-01  2.61858821E-01  8.46870302E-04
3.71470495E-01  2.70242393E-01  8.35421670E-04
3.71764496E-01  2.67689675E-01  8.47884337E-04
3.72058497E-01  2.63654023E-01  8.13947991E-04
3.72352499E-01  2.66600043E-01  8.43672140E-04
3.72646500E-01  2.70748764E-01  8.33706872E-04
3.72940501E-01  2.64615417E-01  8.30021861E-04
3.73234502E-01  2.65589327E-01  8.36852880E-04
3.73528503E-01  2.68811196E-01  8.32542079E-04
3.73822504E-01  2.64981329E-01  8.26069387E-04
3.74116506E-01  2.72778630E-01  8.57224513E-04
3.74410507E-01  2.65549660E-01  8.30303470E-04
3.74704508E-01  2.68357247E-01  8.50769924E-04
3.74998509E-01  2.63313591E-01  8.17046210E-04
3.75292510E-01  2.68330902E-01  8.50797398E-04
3.75586512E-01  2.66836792E-01  8.35143321E-04
3.75880513E-01  2.61427909E-01  8.51838966E-04
3.76174514E-01  2.66467959E-01  8.47094052E-04
3.76468515E-01  2.65063345E-01  8.37130356E-04
3.76762516E-01  2.66005695E-01  8.32734106E-04
3.77056518E-01  2.66968668E-01  8.43089365E-04
3.77350519E-01  2.63105482E-01  8.35932209E-04
3.77644520E-01  2.64556587E-01  8.28449382E-04
3.77938521E-01  2.71216005E-01  8.50904093E-04
3.78232522E-01  2.67666966E-01  8.48938827E-04
3.78526523E-01  2.64083743E-01  8.39596731E-04
3.78820525E-01  2.67183512E-01  8.37495783E-04
3.79114526E-01  2.63530761E-01  8.36639025E-04
3.79408527E-01  2.64356911E-01  8.45645613E-04
3.79702528E-01  2.63000458E-01  8.41872767E-04
3.79996529E-01  2.70082533E-01  8.60958651E-04
3.80290531E-01  2.63217866E-01  8.47539050E-04
3.80584532E-01  2.65201658E-01  8.72819684E-04
3.80878533E-01  2.66223103E-01  8.44490016E-04
3.81172534E-01  2.65563548E-01  8.29595956E-04
3.81466535E-01  2.67245680E-01  8.42968118E-04
3.81760536E-01  2.64916241E-01  8.30130535E-04
3.82054538E-01  2.63657242E-01  8.50005017E-04
3.82348539E-01  2.60848224E-01  8.88383714E-04
3.82642540E-01  2.64828801E-01  8.37983622E-04
3.82936541E-01  2.57747769E-01  8.73034413E-04
3.83230542E-01  2.67140329E-01  8.72198027E-04
3.83524544E-01  2.64313340E-01  8.32516816E-04
3.83818545E-01  2.65118867E-01  8.42112699E-04
3.84112546E-01  2.62005657E-01  8.60927859E-04
3.84406547E-01  2.63068318E-01  8.52930709E-04
3.84700548E-01  2.65452594E-01  8.61258479E-04
3.84994549E-01  2.58283257E-01  8.42836860E-04
3.85288551E-01  2.67264843E-01  8.63850233E-04
3.85582552E-01  2.63717592E-01  8.49918521E-04
3.85876553E-01  2.61927783E-01  8.55063612E-04
3.86170554E-01  2.59582967E-01  8.26746458E-04
3.86464555E-01  2.59955198E-01  8.54580663E-04
3.86758557E-01  2.64413446E-01  8.38054635E-04
3.87052558E-01  2.60915726E-01  8.56196159E-04
3.87346559E-01  2.60785103E-01  8.45648348E-04
3.87640560E-01  2.59257019E-01  8.46636773E-04
3.87934561E-01  2.58704752E-01  8.40352674E-04
3.88228562E-01  2.62571394E-01  8.45671981E-04
3.88522564E-01  2.68308073E-01  8.39393761E-04
3.88816565E-01  2.65404522E-01  8.48389172E-04
3.89110566E-01  2.57185549E-01  8.34879233E-04
3.89404567E-01  2.58377016E-01  8.39779619E-04
3.89698568E-01  2.61900544E-01  8.27520620E-04
3.89992570E-01  2.63691992E-01  8.67160852E-04
3.90286571E-01  2.63461947E-01  8.46475537E-04
3.90580572E-01  2.65252262E-01  8.43667076E-04
3.90874573E-01  2.61776865E-01  8.34732607E-04
3.91168574E-01  2.61498392E-01  8.47976422E-04
3.91462575E-01  2.61790782E-01  8.39671993E-04
3.91756577E-01  2.63052970E-01  8.55182239E-04
3.92050578E-01  2.62807459E-01  8.66830291E-04
3.92344579E-01  2.62726367E-01  8.60938919E-04
3.92638580E-01  2.55738437E-01  8.30896082E-04
3.92932581E-01  2.59105384E-01  8.25292896E-04
3.93226583E-01  2.64716268E-01  8.46854877E-04
3.93520584E-01  2.61150479E-01  8.53359292E-04
3.93814585E-01  2.57976890E-01  8.56844301E-04
3.94108586E-01  2.54419476E-01  8.41983070E-04
3.94402587E-01  2.60141701E-01  8.56064667E-04
3.94696588E-01  2.55683064E-01  8.51189427E-04
3.94990590E-01  2.66375512E-01  8.51979887E-04
3.95284591E-01  2.62508601E-01  8.55362159E-04
3.95578592E-01  2.67262101E-01  8.71979399E-04
3.95872593E-01  2.58282602E-01  8.75102589E-04
3.96166594E-01  2.61047930E-01  8.31189041E-04
3.96460596E-01  2.62265086E-01  8.55539693E-04
3.96754597E-01  2.65917867E-01  8.53856909E-04
3.97048598E-01  2.67837644E-01  8.64791626E-04
3.97342599E-01  2.74304271E-01  9.01669846E-04
3.97636600E-01  2.66139328E-01  8.44520575E-04
3.97930602E-01  2.59430438E-01  8.47826654E-04
3.98224603E-01  2.61494428E-01  8.50625569E-04
3.98518604E-01  2.63422549E-01  8.66137503E-04
3.98812605E-01  2.60888636E-01  8.42219626E-04
3.99106606E-01  2.60418922E-01  8.53122270E-04
3.99400607E-01  2.66550660E-01  8.61866109E-04
3.99694609E-01  2.65931487E-01  8.62272864E-04
3.99988610E-01  2.65414476E-01  8.32406629E-04
4.00282611E-01  2.65843332E-01  8.59066029E-04
4.00576612E-01  2.65198886E-01  8.61527631E-04
4.00870613E-01  2.66666353E-01  8.72712000E-04
4.01164615E-01  2.62567759E-01  8.67054565E-04
4.01458616E-01  2.65956640E-01  8.60518601E-04
4.01752617E-01  2.58957237E-01  8.47692601E-04
4.02046618E-01  2.62301892E-01  8.41474859E-04
4.02340619E-01  2.61262059E-01  8.48542317E-04
4.02634620E-01  2.60415465E-01  8.42926966E-04
4.02928622E-01  2.66765952E-01  8.84468551E-04
4.03222623E-01  2.63399720E-01  8.40089342E-04
4.03516624E-01  2.58882403E-01  8.40067980E-04
4.03810625E-01  2.54305929E-01  8.43031856E-04
4.04104626E-01  2.66393036E-01  8.63741559E-04
4.04398628E-01  2.70136297E-01  8.38677108E-04
4.04692629E-01  2.60006368E-01  8.50680226E-04
4.04986630E-01  2.57848293E-01  8.42331094E-04
4.05280631E-01  2.57604241E-01  8.39217391E-04
4.05574632E-01  2.60394752E-01  8.64150294E-04
4.05868633E-01  2.63417602E-01  8.76401959E-04
4.06162635E-01  2.62249500E-01  8.57104547E-04
4.06456636E-01  2.64149278E-01  8.38121574E-04
4.06750637E-01  2.64550805E-01  8.47297953E-04
4.07044638E-01  2.59537786E-01  8.30267614E-04
4.07338639E-01  2.56174594E-01  8.28976918E-04
4.07632641E-01  2.60360777E-01  8.30048928E-04
4.07926642E-01  2.60075897E-01  8.58532265E-04
4.08220643E-01  2.56029606E-01  8.52637808E-04
4.08514644E-01  2.62664825E-01  8.68717849E-04
4.08808645E-01  2.61185408E-01  8.26531497E-04
4.09102646E-01  2.61806548E-01  8.62359127E-04
4.09396648E-01  2.62162268E-01  8.12568760E-04
4.09690649E-01  2.54813373E-01  8.63483758E-04
4.09984650E-01  2.59522080E-01  8.36381048E-04
4.10278651E-01  2.57232904E-01  8.39061744E-04
4.10572652E-01  2.62526631E-01  8.41165369E-04
4.10866654E-01  2.56606042E-01  8.49969918E-04
4.11160655E-01  2.58289337E-01  8.17613094E-04
4.11454656E-01  2.59140193E-01  8.21392343E-04
4.11748657E-01  2.56430864E-01  8.48675030E-04
4.12042658E-01  2.54472017E-01  8.43113754E-04
4.12336659E-01  2.62132406E-01  8.34793376E-04
4.12630661E-01  2.56734431E-01  8.67327268E-04
4.12924662E-01  2.58568406E-01  8.16957909E-04
4.13218663E-01  2.56335258E-01  8.26929638E-04
4.13512664E-01  2.58024395E-01  8.54136131E-04
4.13806665E-01  2.51334399E-01  8.21085705E-04
4.14100667E-01  2.58123785E-01  8.21663241E-04
4.14394668E-01  2.59825975E-01  8.53546546E-04
4.14688669E-01  2.49732032E-01  8.30240024E-04
4.14982670E-01  2.47707695E-01  8.01693648E-04
4.15276671E-01  2.57400453E-01  8.52804864E-04
4.15570673E-01  2.50004560E-01  8.04186682E-04
4.15864674E-01  2.53385454E-01  8.33628175E-04
4.16158675E-01  2.53229767E-01  8.23920302E-04
4.16452676E-01  2.49754786E-01  8.31693003E-04
4.16746677E-01  2.54712760E-01  8.45893053E-04
4.17040678E-01  2.55923420E-01  8.34168750E-04
4.17334680E-01  2.50362664E-01  8.26460659E-04
4.17628681E-01  2.54187942E-01  8.46637238E-04
4.17922682E-01  2.56243050E-01  8.33786500E-04
4.18216683E-01  2.48461172E-01  8.13347753E-04
4.18510684E-01  2.48531789E-01  8.34893552E-04
4.18804686E-01  2.50952572E-01  8.29822326E-04
4.19098687E-01  2.45711580E-01  8.36952531E-04
4.19392688E-01  2.52156615E-01  8.36989726E-04
4.19686689E-01  2.48348728E-01  8.43447982E-04
4.19980690E-01  2.45915100E-01  8.40205059E-04
4.20274691E-01  2.46486679E-01  8.25557509E-04
4.20568693E-01  2.48981848E-01  8.06000608E-04
4.20862694E-01  2.48509601E-01  8.19127716E-04
4.21156695E-01  2.47841075E-01  8.18300003E-04
4.21450696E-01  2.48653486E-01  8.13855091E-04
4.21744697E-01  2.42741242E-01  8.05792690E-04
4.22038699E-01  2.47656479E-01  8.35867017E-04
4.22332700E-01  2.46399418E-01  8.17613443E-04
4.22626701E-01  2.45806247E-01  8.43275513E-04
4.22920702E-01  2.48702809E-01  8.34358041E-04
4.23214703E-01  2.42830426E-01  8.14458414E-04
4.23508704E-01  2.42830858E-01  7.93555402E-04
4.23802706E-01  2.44939238E-01  8.19083361E-04
4.24096707E-01  2.47808442E-01  8.20045767E-04
4.24390708E-01  2.43855059E-01  8.15459411E-04
4.24684709E-01  2.40718335E-01  8.18742148E-04
4.24978710E-01  2.42315486E-01  7.98560330E-04
4.25272712E-01  2.43653506E-01  8.12097453E-04
4.25566713E-01  2.44104773E-01  8.41096044E-04
4.25860714E-01  2.42036596E-01  8.26064730E-04
4.26154715E-01  2.41933793E-01  8.18159373E-04
4.26448716E-01  2.37015933E-01  8.03879870E-04
4.26742717E-01  2.41918743E-01  8.09560297E-04
4.27036719E-01  2.42196932E-01  8.15817388E-04
4.27330720E-01  2.38541827E-01  8.10728350E-04
4.27624721E-01  2.36426353E-01  7.94642314E-04
4.27918722E-01  2.35827312E-01  8.09089921E-04
4.28212723E-01  2.40988821E-01  7.94292195E-04
4.28506725E-01  2.41762534E-01  8.12126906E-04
4.28800726E-01  2.38473713E-01  8.10950180E-04
4.29094727E-01  2.38094807E-01  8.24891322E-04
4.29388728E-01  2.40226954E-01  8.08965880E-04
4.29682729E-01  2.41825297E-01  8.05432384E-04
4.29976730E-01  2.41089165E-01  8.14332510E-04
4.30270732E-01  2.36063108E-01  7.91914877E-04
4.30564733E-01  2.33771801E-01  8.10279569E-04
4.30858734E-01  2.37968341E-01  8.13039136E-04
4.31152735E-01  2.40317553E-01  8.28868651E-04
4.31446736E-01  2.34690458E-01  7.91760394E-04
4.31740738E-01  2.42095083E-01  8.26159725E-04
4.32034739E-01  2.43344769E-01  8.23842885E-04
4.32328740E-01  2.38058254E-01  7.91825238E-04
4.32622741E-01  2.35559255E-01  8.05133954E-04
4.32916742E-01  2.35263616E-01  8.02153896E-04
4.33210744E-01  2.38585845E-01  8.06585245E-04
4.33504745E-01  2.40257964E-01  8.13645427E-04
4.33798746E-01  2.33556688E-01  7.77199632E-04
4.34092747E-01  2.32841656E-01  8.10341327E-04
4.34386748E-01  2.38942266E-01  7.95364322E-04
4.34680749E-01  2.36890659E-01  8.05796939E-04
4.34974751E-01  2.35405728E-01  8.12105194E-04
4.35268752E-01  2.39009380E-01  7.98439200E-04
4.35562753E-01  2.38714710E-01  8.16457847E-04
4.35856754E-01  2.29832754E-01  7.63328164E-04
4.36150755E-01  2.34271795E-01  7.83677970E-04
4.36444757E-01  2.35489339E-01  7.93376064E-04
4.36738758E-01  2.34594777E-01  8.13166145E-04
4.37032759E-01  2.37149045E-01  8.06183089E-04
4.37326760E-01  2.32943565E-01  7.71658961E-04
4.37620761E-01  2.36457184E-01  7.93918269E-04
4.37914762E-01  2.31268704E-01  7.71025254E-04
4.38208764E-01  2.33242840E-01  7.94514024E-04
4.38502765E-01  2.32401326E-01  7.85689568E-04
4.38796766E-01  2.30686843E-01  7.97346293E-04
4.39090767E-01  2.31832817E-01  7.80208793E-04
4.39384768E-01  2.28425488E-01  7.85898301E-04
4.39678770E-01  2.33988822E-01  7.75355322E-04
4.39972771E-01  2.30388448E-01  7.94555992E-04
4.40266772E-01  2.28986606E-01  7.93039158E-04
4.40560773E-01  2.35492587E-01  7.99756788E-04
4.40854774E-01  2.35993490E-01  7.92709994E-04
4.41148775E-01  2.34682098E-01  7.93599058E-04
4.41442777E-01  2.32577115E-01  8.05178133E-04
4.41736778E-01  2.31764972E-01  8.05942924E-04
4.42030779E-01  2.36164689E-01  8.21085356E-04
4.42324780E-01  2.30488136E-01  7.67787453E-04
4.42618781E-01  2.34096661E-01  7.96569395E-04
4.42912783E-01  2.34588549E-01  7.90358987E-04
4.43206784E-01  2.32560486E-01  7.91121274E-04
4.43500785E-01  2.32085675E-01  7.99469359E-04
4.43794786E-01  2.31876865E-01  7.78381305E-04
4.44088787E-01  2.32884690E-01  7.82452582E-04
4.44382788E-01  2.29787260E-01  7.96992506E-04
4.44676790E-01  2.30934784E-01  8.00889393E-04
4.44970791E-01  2.31058657E-01  7.77258014E-04
4.45264792E-01  2.28886157E-01  7.90688326E-04
4.45558793E-01  2.32219309E-01  7.99029134E-04
4.45852794E-01  2.34949768E-01  8.07746255E-04
4.46146796E-01  2.33419716E-01  7.91526691E-04
4.46440797E-01  2.35713422E-01  8.00367794E-04
4.46734798E-01  2.34126136E-01  7.66342622E-04
4.47028799E-01  2.28081614E-01  7.74527551E-04
4.47322800E-01  2.34126359E-01  7.78902438E-04
4.47616801E-01  2.26511210E-01  7.96485227E-04
4.47910803E-01  2.27327347E-01  8.14852014E-04
4.48204804E-01  2.32995808E-01  8.02272989E-04
4.48498805E-01  2.31832325E-01  8.23904003E-04
4.48792806E-01  2.32900769E-01  8.27964453E-04
4.49086807E-01  2.26042941E-01  8.16318847E-04
4.49380809E-01  2.35183284E-01  8.47156276E-04
4.49674810E-01  2.34986007E-01  8.39403656E-04
4.49968811E-01  2.31699228E-01  8.54164886E-04
4.50262812E-01  2.32642636E-01  8.55057209E-04
4.50556813E-01  2.27529466E-01  8.51342920E-04
4.50850814E-01  2.29229555E-01  8.25444004E-04
4.51144816E-01  2.29174063E-01  8.59192747E-04
4.51438817E-01  2.36571357E-01  8.63928697E-04
4.51732818E-01  2.34098896E-01  9.00887884E-04
4.52026819E-01  2.33585760E-01  8.70888587E-04
4.52320820E-01  2.23091215E-01  8.52190482E-04
4.52614822E-01  2.31143326E-01  9.30792710E-04
4.52908823E-01  2.32011631E-01  8.94087367E-04
4.53202824E-01  2.31143862E-01  8.68416391E-04
4.53496825E-01  2.28746459E-01  9.09961760E-04
4.53790826E-01  2.32370436E-01  8.75467376E-04
4.54084828E-01  2.31167614E-01  9.10661765E-04
4.54378829E-01  2.36613840E-01  9.36094264E-04
4.54672830E-01  2.27853134E-01  9.07081878E-04
4.54966831E-01  2.27253199E-01  8.82300898E-04
4.55260832E-01  2.30018452E-01  8.91050440E-04
4.55554833E-01  2.32787028E-01  8.99977633E-04
4.55848835E-01  2.27428779E-01  9.14091128E-04
4.56142836E-01  2.33201578E-01  8.98077793E-04
4.56436837E-01  2.31269836E-01  9.05779656E-04
4.56730838E-01  2.33278856E-01  9.00374784E-04
4.57024839E-01  2.31201917E-01  9.37431992E-04
4.57318841E-01  2.21810266E-01  9.20262362E-04
4.57612842E-01  2.28155315E-01  9.54803196E-04
4.57906843E-01  2.34582961E-01  9.19184356E-04
4.58200844E-01  2.30857164E-01  9.36302880E-04
4.58494845E-01  2.29586795E-01  9.59002937E-04
4.58788846E-01  2.28698879E-01  9.21210274E-04
4.59082848E-01  2.28906885E-01  9.26060427E-04
4.59376849E-01  2.36318305E-01  9.18476435E-04
4.59670850E-01  2.35926822E-01  9.04006127E-04
4.59964851E-01  2.24937484E-01  8.63987836E-04
4.60258852E-01  2.35760778E-01  8.97601014E-04
4.60552854E-01  2.24934071E-01  8.59017426E-04
4.60846855E-01  2.28867576E-01  8.79748201E-04
4.61140856E-01  2.27613986E-01  8.91827978E-04
4.61434857E-01  2.32401609E-01  8.51897814E-04
4.61728858E-01  2.33597621E-01  8.81991291E-04
4.62022859E-01  2.28485689E-01  8.55528226E-04
4.62316861E-01  2.31634870E-01  8.98132566E-04
4.62610862E-01  2.32098088E-01  8.74732563E-04
4.62904863E-01  2.25652918E-01  8.93346325E-04
4.63198864E-01  2.29579061E-01  8.62931716E-04
4.63492865E-01  2.24293455E-01  8.56198196E-04
4.63786867E-01  2.26362973E-01  8.46484734E-04
4.64080868E-01  2.32105315E-01  8.93866178E-04
4.64374869E-01  2.25614011E-01  8.33310536E-04
4.64668870E-01  2.29356587E-01  8.34798673E-04
4.64962871E-01  2.29323342E-01  8.65524227E-04
4.65256872E-01  2.29615688E-01  8.45440081E-04
4.65550874E-01  2.25392312E-01  8.43278889E-04
4.65844875E-01  2.27795318E-01  8.38737702E-04
4.66138876E-01  2.30803072E-01  8.82207358E-04
4.66432877E-01  2.31148362E-01  8.27464508E-04
4.66726878E-01  2.31671721E-01  8.67406197E-04
4.67020880E-01  2.24771738E-01  8.45958828E-04
4.67314881E-01  2.32172728E-01  8.68254923E-04
4.67608882E-01  2.27512255E-01  8.69009353E-04
4.67902883E-01  2.21819669E-01  8.33318743E-04
4.68196884E-01  2.31366411E-01  8.49204953E-04
4.68490885E-01  2.32062057E-01  8.65663285E-04
4.68784887E-01  2.30836391E-01  8.70906282E-04
4.69078888E-01  2.29118526E-01  8.70548654E-04
4.69372889E-01  2.32979655E-01  8.45641713E-04
4.69666890E-01  2.33576670E-01  8.49062228E-04
4.69960891E-01  2.27173328E-01  8.55369144E-04
4.70254893E-01  2.35574439E-01  8.82913591E-04
4.70548894E-01  2.28235781E-01  8.69998476E-04
4.70842895E-01  2.34082833E-01  8.54660233E-04
4.71136896E-01  2.29493663E-01  8.53498175E-04
4.71430897E-01  2.31874406E-01  8.40652327E-04
4.71724899E-01  2.32719496E-01  8.49212462E-04
4.72018900E-01  2.31986851E-01  8.48215597E-04
4.72312901E-01  2.28259638E-01  8.45990784E-04
4.72606902E-01  2.27963984E-01  8.44383496E-04
4.72900903E-01  2.30783582E-01  8.55064893E-04
4.73194904E-01  2.33205184E-01  8.52449331E-04
4.73488906E-01  2.26785392E-01  8.29181750E-04
4.73782907E-01  2.30832264E-01  8.46321869E-04
4.74076908E-01  2.33114481E-01  8.72519624E-04
4.74370909E-01  2.32332662E-01  8.34744191E-04
4.74664910E-01  2.28753164E-01  8.43197922E-04
4.74958912E-01  2.29282662E-01  8.47919495E-04
4.75252913E-01  2.33788922E-01  8.73950543E-04
4.75546914E-01  2.30389938E-01  8.44012189E-04
4.75840915E-01  2.34825835E-01  8.46400799E-04
4.76134916E-01  2.36115038E-01  8.52059922E-04
4.76428917E-01  2.33649075E-01  8.49850301E-04
4.76722919E-01  2.32097715E-01  8.50888726E-04
4.77016920E-01  2.36205041E-01  8.18606408E-04
4.77310921E-01  2.26852477E-01  8.29793280E-04
4.77604922E-01  2.25603372E-01  8.48697673E-04
4.77898923E-01  2.35854924E-01  8.25598137E-04
4.78192925E-01  2.28911281E-01  8.43223766E-04
4.78486926E-01  2.32309222E-01  8.41932488E-04
4.78780927E-01  2.27719799E-01  8.41608678E-04
4.79074928E-01  2.33563393E-01  8.35008803E-04
4.79368929E-01  2.36459643E-01  8.67455732E-04
4.79662930E-01  2.33390838E-01  8.40518565E-04
4.79956932E-01  2.32580155E-01  8.16863845E-04
4.80250933E-01  2.29460314E-01  8.32275546E-04
4.80544934E-01  2.28858724E-01  8.19835695E-04
4.80838935E-01  2.29157627E-01  8.37933971E-04
4.81132936E-01  2.32943207E-01  8.40541325E-04
4.81426938E-01  2.31084660E-01  8.37465224E-04
4.81720939E-01  2.28681594E-01  8.25451105E-04
4.82014940E-01  2.28976965E-01  8.51431687E-04
4.82308941E-01  2.29457691E-01  8.24934861E-04
4.82602942E-01  2.32390493E-01  8.52308411E-04
4.82896943E-01  2.33771816E-01  8.46385956E-04
4.83190945E-01  2.31809705E-01  8.31619836E-04
4.83484946E-01  2.31034860E-01  8.29891593E-04
4.83778947E-01  2.28864208E-01  8.28021322E-04
4.84072948E-01  2.30126709E-01  8.39200511E-04
4.84366949E-01  2.32469127E-01  8.42447567E-04
4.84660951E-01  2.26769969E-01  8.35741928E-04
4.84954952E-01  2.34682962E-01  8.61956680E-04
4.85248953E-01  2.33682156E-01  8.57696345E-04
4.85542954E-01  2.33021319E-01  8.32953083E-04
4.85836955E-01  2.32274219E-01  8.45063070E-04
4.86130956E-01  2.27607861E-01  8.37306667E-04
4.86424958E-01  2.33257651E-01  8.46641778E-04
4.86718959E-01  2.34767720E-01  8.40212044E-04
4.87012960E-01  2.34110430E-01  8.19076493E-04
4.87306961E-01  2.34692931E-01  8.47569376E-04
4.87600962E-01  2.29551300E-01  8.54206912E-04
4.87894964E-01  2.34128416E-01  8.60648579E-04
4.88188965E-01  2.27702409E-01  8.22383154E-04
4.88482966E-01  2.27978185E-01  8.24399933E-04
4.88776967E-01  2.32975230E-01  8.47192772E-04
4.89070968E-01  2.35157311E-01  8.24150338E-04
4.89364970E-01  2.29865715E-01  8.36125691E-04
4.89658971E-01  2.29600728E-01  8.59034888E-04
4.89952972E-01  2.33197212E-01  8.35477258E-04
4.90246973E-01  2.36736998E-01  8.46607727E-04
4.90540974E-01  2.33131379E-01  8.45733040E-04
4.90834975E-01  2.30761692E-01  8.34238774E-04
4.91128977E-01  2.31715694E-01  8.56094703E-04
4.91422978E-01  2.30481386E-01  8.17109481E-04
4.91716979E-01  2.35130996E-01  8.44078138E-04
4.92010980E-01  2.27242365E-01  8.29150842E-04
4.92304981E-01  2.37060323E-01  8.34005943E-04
4.92598983E-01  2.30014920E-01  8.43000889E-04
4.92892984E-01  2.30811641E-01  8.45533854E-04
4.93186985E-01  2.29994580E-01  8.44791241E-04
4.93480986E-01  2.36132696E-01  8.42184527E-04
4.93774987E-01  2.29423314E-01  8.37339554E-04
4.94068988E-01  2.28822678E-01  8.42395122E-04
4.94362990E-01  2.31710777E-01  8.20324465E-04
4.94656991E-01  2.35095203E-01  8.49646109E-04
4.94950992E-01  2.32447967E-01  8.44149676E-04
4.95244993E-01  2.30648920E-01  8.34773062E-04
4.95538994E-01  2.27662265E-01  8.49646109E-04
4.95832996E-01  2.33203202E-01  8.37363419E-04
4.96126997E-01  2.25734264E-01  8.11516482E-04
4.96420998E-01  2.33619675E-01  8.08523386E-04
4.96714999E-01  2.30077878E-01  8.42263864E-04
4.97009000E-01  2.35923752E-01  8.48137424E-04
4.97303001E-01  2.31968626E-01  8.51268007E-04
4.97597003E-01  2.30892375E-01  8.31352954E-04
4.97891004E-01  2.31791124E-01  8.35365558E-04
4.98185005E-01  2.37529486E-01  8.53934849E-04
4.98479006E-01  2.31110752E-01  8.48819036E-04
4.98773007E-01  2.32207119E-01  8.01776478E-04
4.99067009E-01  2.32779354E-01  8.34420556E-04
4.99361010E-01  2.39439070E-01  8.28315038E-04
4.99655011E-01  2.28381008E-01  8.44071095E-04
4.99949012E-01  2.33237967E-01  8.33298778E-04
5.00243013E-01  2.37271667E-01  8.53650447E-04
5.00537014E-01  2.28356987E-01  8.44915980E-04
5.00831016E-01  2.28492931E-01  8.33559840E-04
5.01125017E-01  2.30699345E-01  8.28852411E-04
5.01419018E-01  2.27809608E-01  8.55953956E-04
5.01713019E-01  2.32278779E-01  8.43576679E-04
5.02007020E-01  2.27193967E-01  8.41323461E-04
5.02301022E-01  2.30576143E-01  8.37013940E-04
5.02595023E-01  2.33229637E-01  8.22918955E-04
5.02889024E-01  2.30296940E-01  8.49400647E-04
5.03183025E-01  2.31248572E-01  8.11278995E-04
5.03477026E-01  2.34605297E-01  8.24382470E-04
5.03771027E-01  2.32307702E-01  8.27714859E-04
5.04065029E-01  2.30760425E-01  8.49780277E-04
5.04359030E-01  2.31516227E-01  8.48930620E-04
5.04653031E-01  2.33862787E-01  8.30490841E-04
5.04947032E-01  2.34993607E-01  8.33676604E-04
5.05241033E-01  2.27645770E-01  8.21449736E-04
5.05535035E-01  2.35132888E-01  8.45899107E-04
5.05829036E-01  2.27139652E-01  8.13355553E-04
5.06123037E-01  2.33636126E-01  8.21981113E-04
5.06417038E-01  2.36816689E-01  8.49254837E-04
5.06711039E-01  2.32990354E-01  8.17753666E-04
5.07005040E-01  2.33942643E-01  8.39677174E-04
5.07299042E-01  2.30771989E-01  8.38540087E-04
5.07593043E-01  2.34689698E-01  8.38364998E-04
5.07887044E-01  2.31701896E-01  8.60845204E-04
5.08181045E-01  2.35187873E-01  8.42461421E-04
5.08475046E-01  2.36324027E-01  8.35546933E-04
5.08769048E-01  2.31761754E-01  8.45370581E-04
5.09063049E-01  2.31187537E-01  8.12199956E-04
5.09357050E-01  2.35308602E-01  8.43707181E-04
5.09651051E-01  2.28025809E-01  8.22553644E-04
5.09945052E-01  2.35832199E-01  8.32126825E-04
5.10239054E-01  2.31738105E-01  8.13853403E-04
5.10533055E-01  2.31505439E-01  8.32639169E-04
5.10827056E-01  2.33842075E-01  8.45052884E-04
5.11121057E-01  2.34656706E-01  8.23747425E-04
5.11415058E-01  2.27672964E-01  8.26891279E-04
5.11709059E-01  2.30825305E-01  8.55314371E-04
5.12003061E-01  2.31268004E-01  8.45548580E-04
5.12297062E-01  2.30226144E-01  8.28316202E-04
5.12591063E-01  2.29979604E-01  8.28157878E-04
5.12885064E-01  2.32177049E-01  8.42395588E-04
5.13179065E-01  2.29709148E-01  8.27825454E-04
5.13473067E-01  2.30052426E-01  8.24668910E-04
5.13767068E-01  2.34305263E-01  8.45100963E-04
5.14061069E-01  2.30077550E-01  8.34099541E-04
5.14355070E-01  2.34052077E-01  8.55769496E-04
5.14649071E-01  2.34177664E-01  8.56666593E-04
5.14943072E-01  2.31466949E-01  8.21685651E-04
5.15237074E-01  2.32283399E-01  8.21583671E-04
5.15531075E-01  2.36030534E-01  8.26590171E-04
5.15825076E-01  2.33899280E-01  8.48137191E-04
5.16119077E-01  2.29223520E-01  8.15843872E-04
5.16413078E-01  2.32494667E-01  8.00119655E-04
5.16707080E-01  2.29092970E-01  8.36527208E-04
5.17001081E-01  2.34056428E-01  8.35768180E-04
5.17295082E-01  2.29749739E-01  8.35007755E-04
5.17589083E-01  2.28698343E-01  8.25467578E-04
5.17883084E-01  2.30905131E-01  8.36033083E-04
5.18177085E-01  2.29262441E-01  8.45445145E-04
5.18471087E-01  2.30267182E-01  8.18380970E-04
5.18765088E-01  2.31705084E-01  8.42585519E-04
5.19059089E-01  2.31206343E-01  8.47697200E-04
5.19353090E-01  2.26588294E-01  8.31281592E-04
5.19647091E-01  2.29449794E-01  8.06362194E-04
5.19941093E-01  2.36604139E-01  8.51859339E-04
5.20235094E-01  2.31016159E-01  8.50500714E-04
5.20529095E-01  2.31294602E-01  8.75656726E-04
5.20823096E-01  2.30043247E-01  7.97511369E-04
5.21117097E-01  2.26942629E-01  8.60824017E-04
5.21411098E-01  2.29832768E-01  8.13214749E-04
5.21705100E-01  2.31160164E-01  8.12406361E-04
5.21999101E-01  2.36519456E-01  8.58765910E-04
5.22293102E-01  2.32311323E-01  8.48355005E-04
5.22587103E-01  2.32871220E-01  8.58953397E-04
5.22881104E-01  2.28468269E-01  8.35546642E-04
5.23175106E-01  2.26105794E-01  8.37091589E-04
5.23469107E-01  2.26817504E-01  8.26918520E-04
5.23763108E-01  2.30717510E-01  8.47381132E-04
5.24057109E-01  2.30783969E-01  8.35074927E-04
5.24351110E-01  2.34814793E-01  8.45862320E-04
5.24645111E-01  2.28971496E-01  8.40083347E-04
5.24939113E-01  2.29488567E-01  8.23328388E-04
5.25233114E-01  2.31639355E-01  8.24719784E-04
5.25527115E-01  2.33645841E-01  8.52578494E-04
5.25821116E-01  2.34557301E-01  8.55583057E-04
5.26115117E-01  2.33321428E-01  8.58958287E-04
5.26409119E-01  2.32802615E-01  8.38147767E-04
5.26703120E-01  2.30531529E-01  8.57316772E-04
5.26997121E-01  2.30292872E-01  8.40680324E-04
5.27291122E-01  2.30630517E-01  8.19157518E-04
5.27585123E-01  2.30560824E-01  8.28016200E-04
5.27879125E-01  2.33101115E-01  8.54966405E-04
5.28173126E-01  2.32023746E-01  8.32903315E-04
5.28467127E-01  2.30668023E-01  8.36374238E-04
5.28761128E-01  2.39319175E-01  8.54748534E-04
5.29055129E-01  2.34075621E-01  8.37295549E-04
5.29349130E-01  2.26002410E-01  8.01326649E-04
5.29643132E-01  2.33444408E-01  8.43599671E-04
5.29937133E-01  2.33355865E-01  8.16768967E-04
5.30231134E-01  2.32247114E-01  8.39644694E-04
5.30525135E-01  2.33984888E-01  8.28873832E-04
5.30819136E-01  2.30441645E-01  8.23824725E-04
5.31113138E-01  2.28200033E-01  8.35361250E-04
5.31407139E-01  2.27958664E-01  8.55771592E-04
5.31701140E-01  2.34022155E-01  8.12228303E-04
5.31995141E-01  2.30432153E-01  8.42621084E-04
5.32289142E-01  2.25128159E-01  8.27960030E-04
5.32583143E-01  2.32443199E-01  8.43346585E-04
5.32877145E-01  2.30301633E-01  8.10426718E-04
5.33171146E-01  2.29751229E-01  8.27597221E-04
5.33465147E-01  2.31303871E-01  8.28336400E-04
5.33759148E-01  2.35435486E-01  8.26971722E-04
5.34053149E-01  2.28806540E-01  8.14999978E-04
5.34347151E-01  2.34755412E-01  8.07012082E-04
5.34641152E-01  2.29448482E-01  8.08788929E-04
5.34935153E-01  2.32892066E-01  8.16317217E-04
5.35229154E-01  2.32629418E-01  8.21680180E-04
5.35523155E-01  2.36587703E-01  8.04686570E-04
5.35817156E-01  2.35026300E-01  8.18663626E-04
5.36111158E-01  2.31716007E-01  8.27953452E-04
5.36405159E-01  2.30230853E-01  8.24773684E-04
5.36699160E-01  2.32244983E-01  8.31636018E-04
5.36993161E-01  2.27161050E-01  8.03103205E-04
5.37287162E-01  2.31353104E-01  8.25615891E-04
5.37581164E-01  2.30297744E-01  8.19291396E-04
5.37875165E-01  2.26846516E-01  8.30776524E-04
5.38169166E-01  2.28299662E-01  8.26085801E-04
5.38463167E-01  2.32029721E-01  7.86823221E-04
5.38757168E-01  2.29608089E-01  8.40233697E-04
5.39051169E-01  2.30942726E-01  8.24695453E-04
5.39345171E-01  2.35652074E-01  8.43776448E-04
5.39639172E-01  2.30829716E-01  8.30610399E-04
5.39933173E-01  2.33186632E-01  8.45175469E-04
5.40227174E-01  2.27013916E-01  8.21936934E-04
5.40521175E-01  2.31857076E-01  8.31182289E-04
5.40815177E-01  2.27904886E-01  8.19216366E-04
5.41109178E-01  2.31557295E-01  8.32179212E-04


### HEADER:
#
#{
#    "analysis": {},
#    "calibration_params": {
#        "Beam_Center_X": 1093.5,
#        "Beam_Center_Y": 2070.0,
#        "Detector Tilt": 0.0,
#        "Detector Tilt Plane Rotation": 0.0,
#        "Detector_X_Pixel_Size": 75.0,
#        "Detector_Y_Pixel_Size": 75.0,
#        "Integration Method": "nosplit_csr",
#        "Radial_Average_Method": "pyFAI",
#        "Sample-to-detector distance (mm)": 1790.0,
#        "Wavelength (A)": 0.8922346081119231
#    },
#    "config_file": "/nfs/chess/daq/2024-3/id7a/Winnikoff_10_17_24/HP-SAXS_10_20_24.cfg",
#    "counters": {
#        "Epoch": "215.285",
#        "I1": "0",
#        "I2": "0",
#        "I3": "0",
#        "Seconds": "1",
#        "Time": "2.09808e-05",
#        "date": "Sat Oct 19 01:20:11 2024",
#        "diode": "95221"
#    },
#    "filename": "KV0002B_redo_35C_060MPa_up_2_data_000001_00001.h5",
#    "history": {},
#    "imageHeader": {},
#    "load_path": "/nfs/chess/daq/2024-3/id7a/Venkatraman_10_18_2024/KV0002B/KV0002B_redo_35C_060MPa_up_2_data_000001.h5",
#    "normalizations": {
#        "Absolute_scale": {
#            "Absolute_scale_factor": 0.049803809341568875,
#            "Method": "Water"
#        },
#        "Counter_norms": [
#            [
#                "/",
#                "diode/150000"
#            ]
#        ],
#        "Polarization": {
#            "Used": false
#        },
#        "Solid_Angle_Correction": "On"
#    },
#    "raw_version": "2.1.4"
#}

