### DATA:
#
# 1802
#      Q             I(Q)           Error     
1.16130467E-02  1.46215277E+01  1.20584473E-01
1.19070479E-02  1.31645699E+01  9.56143737E-02
1.22010491E-02  1.28548470E+01  1.14968531E-01
1.24950503E-02  1.20704832E+01  1.15790568E-01
1.27890515E-02  1.12796431E+01  1.04070745E-01
1.30830527E-02  1.08442879E+01  8.79652873E-02
1.33770538E-02  1.00646763E+01  8.17149654E-02
1.36710550E-02  9.82098198E+00  8.83030370E-02
1.39650562E-02  8.96807194E+00  7.40099549E-02
1.42590574E-02  8.40828323E+00  6.71595559E-02
1.45530586E-02  8.03764439E+00  6.57404512E-02
1.48470598E-02  7.63440943E+00  5.38912266E-02
1.51410609E-02  7.05744886E+00  5.42602837E-02
1.54350621E-02  6.85656738E+00  4.82766591E-02
1.57290633E-02  6.44039249E+00  4.77540046E-02
1.60230645E-02  6.31855392E+00  4.39069979E-02
1.63170657E-02  5.78905916E+00  4.14244495E-02
1.66110669E-02  5.54493761E+00  3.76029201E-02
1.69050680E-02  5.24015474E+00  3.40802409E-02
1.71990692E-02  5.03746319E+00  3.32347602E-02
1.74930704E-02  4.76379347E+00  3.51293124E-02
1.77870716E-02  4.48196411E+00  2.77201068E-02
1.80810728E-02  4.25485706E+00  2.87297983E-02
1.83750740E-02  4.01477671E+00  2.52752863E-02
1.86690751E-02  3.91120434E+00  2.38180477E-02
1.89630763E-02  3.52398133E+00  2.30088662E-02
1.92570775E-02  3.25003171E+00  2.14141104E-02
1.95510787E-02  3.04745793E+00  2.18805857E-02
1.98450799E-02  2.93807387E+00  2.01864243E-02
2.01390811E-02  2.74726725E+00  1.80751998E-02
2.04330822E-02  2.67483258E+00  1.75213423E-02
2.07270834E-02  2.54463625E+00  1.63971949E-02
2.10210846E-02  2.46131921E+00  1.59102567E-02
2.13150858E-02  2.37882400E+00  1.40452348E-02
2.16090870E-02  2.19772053E+00  1.34364432E-02
2.19030882E-02  2.15705395E+00  1.29876239E-02
2.21970893E-02  2.08539295E+00  1.23931104E-02
2.24910905E-02  2.02289057E+00  1.24590425E-02
2.27850917E-02  1.95686221E+00  1.08191902E-02
2.30790929E-02  1.89826322E+00  1.07494779E-02
2.33730941E-02  1.89771879E+00  9.93729848E-03
2.36670953E-02  1.81269515E+00  8.78553092E-03
2.39610964E-02  1.72445285E+00  8.94732587E-03
2.42550976E-02  1.70390153E+00  8.98389984E-03
2.45490988E-02  1.67473388E+00  7.85050634E-03
2.48431000E-02  1.63756990E+00  7.78012397E-03
2.51371012E-02  1.59535205E+00  7.73485471E-03
2.54311024E-02  1.57167315E+00  7.38684740E-03
2.57251035E-02  1.52844584E+00  6.84309332E-03
2.60191047E-02  1.51045263E+00  6.80328533E-03
2.63131059E-02  1.49207425E+00  6.76522497E-03
2.66071071E-02  1.42784417E+00  6.17691223E-03
2.69011083E-02  1.42656553E+00  5.84559236E-03
2.71951094E-02  1.42015433E+00  5.99421235E-03
2.74891106E-02  1.37263143E+00  5.85259544E-03
2.77831118E-02  1.39148068E+00  5.95547305E-03
2.80771130E-02  1.36223114E+00  6.10390166E-03
2.83711142E-02  1.35133696E+00  5.90545870E-03
2.86651154E-02  1.32214618E+00  5.89063065E-03
2.89591165E-02  1.29462874E+00  5.15944464E-03
2.92531177E-02  1.29399800E+00  5.13494853E-03
2.95471189E-02  1.26180077E+00  5.26141282E-03
2.98411201E-02  1.25089037E+00  5.04945172E-03
3.01351213E-02  1.23409450E+00  5.03752381E-03
3.04291225E-02  1.22844398E+00  4.62752022E-03
3.07231236E-02  1.20831442E+00  4.45900392E-03
3.10171248E-02  1.19124866E+00  5.11734001E-03
3.13111260E-02  1.20744014E+00  4.73662186E-03
3.16051272E-02  1.18810177E+00  4.65085777E-03
3.18991284E-02  1.19439006E+00  4.88862116E-03
3.21931296E-02  1.18769610E+00  4.31721425E-03
3.24871307E-02  1.17492151E+00  4.67687147E-03
3.27811319E-02  1.13913798E+00  4.27385140E-03
3.30751331E-02  1.15682185E+00  4.23831865E-03
3.33691343E-02  1.15591645E+00  4.16702451E-03
3.36631355E-02  1.13655078E+00  3.98139888E-03
3.39571367E-02  1.15464675E+00  4.23753448E-03
3.42511378E-02  1.14153266E+00  3.96041572E-03
3.45451390E-02  1.12308300E+00  4.33691777E-03
3.48391402E-02  1.15020692E+00  3.92358750E-03
3.51331414E-02  1.11574757E+00  4.01493628E-03
3.54271426E-02  1.12128437E+00  3.73155600E-03
3.57211438E-02  1.13836265E+00  3.77195491E-03
3.60151449E-02  1.11587489E+00  3.78409913E-03
3.63091461E-02  1.10010612E+00  3.48398602E-03
3.66031473E-02  1.10551131E+00  3.36067379E-03
3.68971485E-02  1.11599743E+00  3.24946200E-03
3.71911497E-02  1.11544883E+00  3.29173030E-03
3.74851509E-02  1.10498703E+00  3.57706449E-03
3.77791520E-02  1.11569226E+00  3.40878405E-03
3.80731532E-02  1.11871266E+00  3.32625350E-03
3.83671544E-02  1.13296068E+00  3.47785745E-03
3.86611556E-02  1.13291371E+00  3.36723565E-03
3.89551568E-02  1.12340784E+00  3.56726302E-03
3.92491580E-02  1.13423777E+00  3.39419767E-03
3.95431591E-02  1.13864028E+00  3.26441880E-03
3.98371603E-02  1.15239894E+00  3.39171151E-03
4.01311615E-02  1.16260922E+00  3.32849263E-03
4.04251627E-02  1.15837038E+00  3.37579404E-03
4.07191639E-02  1.18133080E+00  3.40181147E-03
4.10131651E-02  1.20396960E+00  3.48647544E-03
4.13071662E-02  1.18505847E+00  3.35617433E-03
4.16011674E-02  1.17918956E+00  3.25646647E-03
4.18951686E-02  1.21147871E+00  3.27924266E-03
4.21891698E-02  1.17996430E+00  3.30847106E-03
4.24831710E-02  1.21770024E+00  3.36670759E-03
4.27771722E-02  1.24138010E+00  3.39742890E-03
4.30711733E-02  1.22087812E+00  3.34556005E-03
4.33651745E-02  1.23577547E+00  3.32045904E-03
4.36591757E-02  1.25557482E+00  3.41052376E-03
4.39531769E-02  1.24739003E+00  3.52048082E-03
4.42471781E-02  1.26334882E+00  3.24601796E-03
4.45411793E-02  1.26859748E+00  3.33001721E-03
4.48351804E-02  1.31679642E+00  3.53480177E-03
4.51291816E-02  1.30901182E+00  3.50310118E-03
4.54231828E-02  1.29777443E+00  3.51905823E-03
4.57171840E-02  1.33914471E+00  3.40683293E-03
4.60111852E-02  1.35103393E+00  3.40408809E-03
4.63051864E-02  1.36357951E+00  3.38634267E-03
4.65991875E-02  1.35333109E+00  3.48478672E-03
4.68931887E-02  1.39168763E+00  3.46905855E-03
4.71871899E-02  1.41628206E+00  3.38728819E-03
4.74811911E-02  1.40228629E+00  3.54801235E-03
4.77751923E-02  1.43694711E+00  3.46626737E-03
4.80691935E-02  1.42961693E+00  3.59097542E-03
4.83631946E-02  1.48806477E+00  3.79043492E-03
4.86571958E-02  1.46676600E+00  3.78476665E-03
4.89511970E-02  1.50194252E+00  3.78794502E-03
4.92451982E-02  1.52209258E+00  3.67238931E-03
4.95391994E-02  1.55134976E+00  3.99537245E-03
4.98332006E-02  1.54513407E+00  3.64215346E-03
5.01272017E-02  1.58047879E+00  4.02533589E-03
5.04212029E-02  1.60538483E+00  4.18558717E-03
5.07152041E-02  1.59821093E+00  3.97734344E-03
5.10092053E-02  1.65930271E+00  4.22371924E-03
5.13032065E-02  1.69683790E+00  4.21559392E-03
5.15972077E-02  1.67995822E+00  4.03738907E-03
5.18912088E-02  1.72582686E+00  4.29056026E-03
5.21852100E-02  1.77490652E+00  4.33787657E-03
5.24792112E-02  1.75095940E+00  4.21591429E-03
5.27732124E-02  1.79183125E+00  4.09538951E-03
5.30672136E-02  1.84632397E+00  4.46531083E-03
5.33612148E-02  1.86832345E+00  4.49505495E-03
5.36552159E-02  1.88094139E+00  4.49080300E-03
5.39492171E-02  1.91850936E+00  4.48963745E-03
5.42432183E-02  1.94323659E+00  4.57718037E-03
5.45372195E-02  1.97866702E+00  4.75364923E-03
5.48312207E-02  2.03791523E+00  4.78820223E-03
5.51252219E-02  2.03433609E+00  4.75321338E-03
5.54192230E-02  2.07888603E+00  4.77456674E-03
5.57132242E-02  2.13914585E+00  4.96686017E-03
5.60072254E-02  2.17438364E+00  4.98057995E-03
5.63012266E-02  2.18446445E+00  4.92910622E-03
5.65952278E-02  2.25712752E+00  5.24652423E-03
5.68892290E-02  2.27840829E+00  5.08418540E-03
5.71832301E-02  2.31938815E+00  4.94373264E-03
5.74772313E-02  2.36864448E+00  5.20401634E-03
5.77712325E-02  2.40851641E+00  5.07873250E-03
5.80652337E-02  2.46897840E+00  5.64299384E-03
5.83592349E-02  2.49348593E+00  5.40313637E-03
5.86532361E-02  2.54191351E+00  5.43304905E-03
5.89472372E-02  2.60172486E+00  5.55529213E-03
5.92412384E-02  2.64726925E+00  5.93350548E-03
5.95352396E-02  2.68890119E+00  5.90708060E-03
5.98292408E-02  2.75721502E+00  5.67650981E-03
6.01232420E-02  2.80090284E+00  5.94375888E-03
6.04172432E-02  2.85026765E+00  5.94946742E-03
6.07112443E-02  2.92025471E+00  5.80028724E-03
6.10052455E-02  2.98431993E+00  6.12399541E-03
6.12992467E-02  3.05947685E+00  6.35616668E-03
6.15932479E-02  3.11761928E+00  6.35622442E-03
6.18872491E-02  3.19584894E+00  6.55082986E-03
6.21812503E-02  3.22769451E+00  6.80674752E-03
6.24752514E-02  3.28144193E+00  6.47749426E-03
6.27692526E-02  3.39529228E+00  6.89474447E-03
6.30632538E-02  3.44464183E+00  7.14038918E-03
6.33572550E-02  3.52801895E+00  7.24016968E-03
6.36512562E-02  3.57363510E+00  7.27037014E-03
6.39452574E-02  3.67157841E+00  7.16861570E-03
6.42392585E-02  3.75912929E+00  7.92937540E-03
6.45332597E-02  3.79116702E+00  7.75748631E-03
6.48272609E-02  3.88832641E+00  7.70969503E-03
6.51212621E-02  4.04147768E+00  7.90138170E-03
6.54152633E-02  4.08043003E+00  7.94583093E-03
6.57092645E-02  4.15050173E+00  8.22368171E-03
6.60032656E-02  4.31004238E+00  8.83231591E-03
6.62972668E-02  4.39531422E+00  9.08905733E-03
6.65912680E-02  4.44572353E+00  8.80233850E-03
6.68852692E-02  4.56791162E+00  9.38955043E-03
6.71792704E-02  4.69218111E+00  9.46644600E-03
6.74732716E-02  4.83336926E+00  1.03568425E-02
6.77672727E-02  4.97004461E+00  1.04725752E-02
6.80612739E-02  5.05684137E+00  1.03462730E-02
6.83552751E-02  5.19259167E+00  1.08147627E-02
6.86492763E-02  5.30661345E+00  1.11119524E-02
6.89432775E-02  5.47437239E+00  1.19678769E-02
6.92372787E-02  5.61633825E+00  1.20959384E-02
6.95312798E-02  5.78338242E+00  1.24241579E-02
6.98252810E-02  5.92968845E+00  1.29106501E-02
7.01192822E-02  6.08799410E+00  1.30308019E-02
7.04132834E-02  6.29968357E+00  1.39395110E-02
7.07072846E-02  6.47275639E+00  1.43051464E-02
7.10012858E-02  6.63375139E+00  1.53931174E-02
7.12952869E-02  6.83363581E+00  1.57220922E-02
7.15892881E-02  6.97582865E+00  1.56104518E-02
7.18832893E-02  7.26169014E+00  1.65742077E-02
7.21772905E-02  7.42208481E+00  1.65268853E-02
7.24712917E-02  7.69041824E+00  1.79024637E-02
7.27652929E-02  7.88765240E+00  1.79737154E-02
7.30592940E-02  8.12185574E+00  1.75156109E-02
7.33532952E-02  8.41880608E+00  1.82809308E-02
7.36472964E-02  8.60490227E+00  1.79343857E-02
7.39412976E-02  8.83359528E+00  1.82918198E-02
7.42352988E-02  9.07581234E+00  1.81703549E-02
7.45293000E-02  9.31461334E+00  1.75629556E-02
7.48233011E-02  9.57980251E+00  1.68971792E-02
7.51173023E-02  9.76986980E+00  1.63420141E-02
7.54113035E-02  1.00138912E+01  1.55103356E-02
7.57053047E-02  1.01594286E+01  1.42383762E-02
7.59993059E-02  1.03568640E+01  1.32028284E-02
7.62933071E-02  1.05318460E+01  1.11954082E-02
7.65873082E-02  1.06345615E+01  1.06779085E-02
7.68813094E-02  1.08449755E+01  9.12713166E-03
7.71753106E-02  1.09350891E+01  8.57596193E-03
7.74693118E-02  1.10533409E+01  8.39576032E-03
7.77633130E-02  1.10948858E+01  1.00163799E-02
7.80573141E-02  1.11887455E+01  1.11291846E-02
7.83513153E-02  1.12323694E+01  1.37287248E-02
7.86453165E-02  1.12147379E+01  1.50447451E-02
7.89393177E-02  1.12240677E+01  1.74171589E-02
7.92333189E-02  1.12025223E+01  1.98199116E-02
7.95273201E-02  1.11634626E+01  2.16648430E-02
7.98213212E-02  1.10817957E+01  2.37649791E-02
8.01153224E-02  1.09855156E+01  2.53224615E-02
8.04093236E-02  1.08147650E+01  2.68060323E-02
8.07033248E-02  1.06720390E+01  2.80289110E-02
8.09973260E-02  1.04542999E+01  2.84537934E-02
8.12913272E-02  1.03004742E+01  3.03317718E-02
8.15853283E-02  1.00281372E+01  2.97305696E-02
8.18793295E-02  9.71279144E+00  3.01667359E-02
8.21733307E-02  9.49126148E+00  3.06176487E-02
8.24673319E-02  9.18443108E+00  2.96021402E-02
8.27613331E-02  8.85669231E+00  2.87994146E-02
8.30553343E-02  8.55483437E+00  2.76837423E-02
8.33493354E-02  8.14329052E+00  2.70569026E-02
8.36433366E-02  7.84747314E+00  2.58063693E-02
8.39373378E-02  7.55122805E+00  2.39842348E-02
8.42313390E-02  7.16017628E+00  2.28411462E-02
8.45253402E-02  6.85014963E+00  2.11609211E-02
8.48193414E-02  6.53300285E+00  1.97370127E-02
8.51133425E-02  6.27535343E+00  1.84319410E-02
8.54073437E-02  5.98754025E+00  1.67990886E-02
8.57013449E-02  5.71741247E+00  1.55325104E-02
8.59953461E-02  5.51041555E+00  1.44051490E-02
8.62893473E-02  5.27340651E+00  1.34290131E-02
8.65833485E-02  5.09593868E+00  1.22157661E-02
8.68773496E-02  4.87296581E+00  1.15816090E-02
8.71713508E-02  4.72797537E+00  1.05474284E-02
8.74653520E-02  4.59846783E+00  1.00771943E-02
8.77593532E-02  4.39918804E+00  9.02991556E-03
8.80533544E-02  4.31152773E+00  8.86296853E-03
8.83473556E-02  4.16514444E+00  8.17682035E-03
8.86413567E-02  4.06874704E+00  7.78323738E-03
8.89353579E-02  3.97637916E+00  7.42317131E-03
8.92293591E-02  3.87639928E+00  6.87714620E-03
8.95233603E-02  3.78491282E+00  6.68048440E-03
8.98173615E-02  3.70775509E+00  6.66870549E-03
9.01113627E-02  3.64180017E+00  6.27055392E-03
9.04053638E-02  3.58119607E+00  6.12399913E-03
9.06993650E-02  3.49483538E+00  5.59464796E-03
9.09933662E-02  3.44692230E+00  5.66638121E-03
9.12873674E-02  3.39562416E+00  5.36375865E-03
9.15813686E-02  3.32813549E+00  5.41046541E-03
9.18753698E-02  3.29053736E+00  5.13049634E-03
9.21693709E-02  3.23657370E+00  4.99013904E-03
9.24633721E-02  3.20272565E+00  4.68952209E-03
9.27573733E-02  3.15428400E+00  4.66487091E-03
9.30513745E-02  3.14990354E+00  4.68752626E-03
9.33453757E-02  3.08067775E+00  4.47147107E-03
9.36393769E-02  3.03708839E+00  4.47960012E-03
9.39333780E-02  3.02681804E+00  4.30328073E-03
9.42273792E-02  2.99898863E+00  4.35238099E-03
9.45213804E-02  2.96296263E+00  4.17899434E-03
9.48153816E-02  2.91154814E+00  4.11877548E-03
9.51093828E-02  2.90303469E+00  4.08151653E-03
9.54033840E-02  2.88689899E+00  3.94365611E-03
9.56973851E-02  2.88194680E+00  4.03173827E-03
9.59913863E-02  2.83125091E+00  3.96536058E-03
9.62853875E-02  2.82624006E+00  3.92045220E-03
9.65793887E-02  2.82289004E+00  3.90982721E-03
9.68733899E-02  2.78219104E+00  3.89516680E-03
9.71673911E-02  2.77427483E+00  3.67211574E-03
9.74613922E-02  2.75964808E+00  3.82852717E-03
9.77553934E-02  2.76173735E+00  3.86300008E-03
9.80493946E-02  2.72076273E+00  3.72883142E-03
9.83433958E-02  2.73722577E+00  3.55570344E-03
9.86373970E-02  2.69299197E+00  3.54642863E-03
9.89313982E-02  2.68648243E+00  3.62437428E-03
9.92253993E-02  2.65632939E+00  3.67533951E-03
9.95194005E-02  2.65148401E+00  3.51093081E-03
9.98134017E-02  2.64439988E+00  3.50322481E-03
1.00107403E-01  2.65459299E+00  3.60573502E-03
1.00401404E-01  2.65591407E+00  3.50991543E-03
1.00695405E-01  2.62628651E+00  3.56129860E-03
1.00989406E-01  2.62535620E+00  3.43034347E-03
1.01283408E-01  2.60006738E+00  3.44827375E-03
1.01577409E-01  2.61650777E+00  3.45484097E-03
1.01871410E-01  2.59842753E+00  3.36853205E-03
1.02165411E-01  2.59509468E+00  3.42479115E-03
1.02459412E-01  2.60433888E+00  3.35875945E-03
1.02753414E-01  2.59845543E+00  3.42526776E-03
1.03047415E-01  2.59472299E+00  3.40270693E-03
1.03341416E-01  2.54830647E+00  3.42316157E-03
1.03635417E-01  2.55887532E+00  3.46439355E-03
1.03929418E-01  2.55398250E+00  3.38253612E-03
1.04223419E-01  2.56687260E+00  3.41616757E-03
1.04517421E-01  2.54471087E+00  3.34695168E-03
1.04811422E-01  2.56574559E+00  3.30830202E-03
1.05105423E-01  2.55187225E+00  3.32486117E-03
1.05399424E-01  2.56171918E+00  3.46698076E-03
1.05693425E-01  2.57882595E+00  3.25409928E-03
1.05987427E-01  2.53456807E+00  3.32617247E-03
1.06281428E-01  2.56756496E+00  3.41833849E-03
1.06575429E-01  2.52726197E+00  3.35795502E-03
1.06869430E-01  2.55753803E+00  3.27536883E-03
1.07163431E-01  2.57363248E+00  3.45725240E-03
1.07457432E-01  2.55178642E+00  3.28246853E-03
1.07751434E-01  2.56882024E+00  3.32897902E-03
1.08045435E-01  2.54628825E+00  3.22685926E-03
1.08339436E-01  2.55604029E+00  3.33472923E-03
1.08633437E-01  2.53077483E+00  3.29495943E-03
1.08927438E-01  2.56585073E+00  3.35635059E-03
1.09221440E-01  2.55661821E+00  3.33296787E-03
1.09515441E-01  2.54649615E+00  3.35150049E-03
1.09809442E-01  2.55496216E+00  3.23507865E-03
1.10103443E-01  2.54615903E+00  3.30482400E-03
1.10397444E-01  2.55718875E+00  3.16532911E-03
1.10691445E-01  2.55377102E+00  3.27001116E-03
1.10985447E-01  2.55703473E+00  3.13911308E-03
1.11279448E-01  2.56636357E+00  3.13483831E-03
1.11573449E-01  2.59225655E+00  3.29432264E-03
1.11867450E-01  2.56323934E+00  3.19836754E-03
1.12161451E-01  2.59079623E+00  3.18109780E-03
1.12455453E-01  2.57831073E+00  3.34203732E-03
1.12749454E-01  2.58203697E+00  3.28862714E-03
1.13043455E-01  2.58731914E+00  3.41261434E-03
1.13337456E-01  2.57008600E+00  3.26058711E-03
1.13631457E-01  2.61896253E+00  3.21731670E-03
1.13925459E-01  2.59195590E+00  3.25280195E-03
1.14219460E-01  2.62332225E+00  3.29270074E-03
1.14513461E-01  2.62616158E+00  3.32046277E-03
1.14807462E-01  2.63220453E+00  3.21843429E-03
1.15101463E-01  2.63619518E+00  3.28546879E-03
1.15395464E-01  2.63260865E+00  3.24779050E-03
1.15689466E-01  2.64195180E+00  3.28385876E-03
1.15983467E-01  2.63808918E+00  3.12530436E-03
1.16277468E-01  2.65501714E+00  3.39726103E-03
1.16571469E-01  2.64860678E+00  3.22768348E-03
1.16865470E-01  2.66292596E+00  3.36260023E-03
1.17159472E-01  2.71814203E+00  3.36025609E-03
1.17453473E-01  2.68183970E+00  3.18833743E-03
1.17747474E-01  2.68894577E+00  3.21973860E-03
1.18041475E-01  2.72686648E+00  3.37091438E-03
1.18335476E-01  2.72052598E+00  3.15689645E-03
1.18629477E-01  2.76312280E+00  3.22535192E-03
1.18923479E-01  2.75799584E+00  3.15080117E-03
1.19217480E-01  2.77649903E+00  3.18748900E-03
1.19511481E-01  2.79140162E+00  3.31405131E-03
1.19805482E-01  2.78899503E+00  3.24715814E-03
1.20099483E-01  2.80302691E+00  3.29243415E-03
1.20393485E-01  2.81984115E+00  3.34934006E-03
1.20687486E-01  2.82868981E+00  3.37042566E-03
1.20981487E-01  2.83337593E+00  3.36032896E-03
1.21275488E-01  2.84810376E+00  3.36471852E-03
1.21569489E-01  2.88557982E+00  3.35148396E-03
1.21863490E-01  2.86654568E+00  3.47510166E-03
1.22157492E-01  2.89842558E+00  3.38776107E-03
1.22451493E-01  2.91976762E+00  3.35008022E-03
1.22745494E-01  2.95426202E+00  3.51003604E-03
1.23039495E-01  2.98093128E+00  3.40110064E-03
1.23333496E-01  2.99523640E+00  3.45017249E-03
1.23627498E-01  3.01509857E+00  3.64611694E-03
1.23921499E-01  3.03799701E+00  3.57802934E-03
1.24215500E-01  3.06285715E+00  3.70302261E-03
1.24509501E-01  3.06085324E+00  3.61903082E-03
1.24803502E-01  3.10104442E+00  3.63716134E-03
1.25097503E-01  3.13869977E+00  3.75169911E-03
1.25391505E-01  3.17206335E+00  3.89587786E-03
1.25685506E-01  3.18861890E+00  3.75759555E-03
1.25979507E-01  3.20645809E+00  3.97513108E-03
1.26273508E-01  3.25920892E+00  3.97145422E-03
1.26567509E-01  3.26889205E+00  3.91833019E-03
1.26861511E-01  3.31190062E+00  3.90164624E-03
1.27155512E-01  3.35591841E+00  4.05977434E-03
1.27449513E-01  3.36864614E+00  3.98487877E-03
1.27743514E-01  3.42570519E+00  4.10525873E-03
1.28037515E-01  3.44271040E+00  4.12859209E-03
1.28331516E-01  3.48036337E+00  4.06114198E-03
1.28625518E-01  3.54803514E+00  4.39531868E-03
1.28919519E-01  3.58607626E+00  4.21353616E-03
1.29213520E-01  3.59105396E+00  4.27143974E-03
1.29507521E-01  3.63357592E+00  4.38173395E-03
1.29801522E-01  3.68682003E+00  4.25088545E-03
1.30095524E-01  3.67311049E+00  4.24845004E-03
1.30389525E-01  3.72897482E+00  4.45172004E-03
1.30683526E-01  3.78666854E+00  4.47572721E-03
1.30977527E-01  3.80608892E+00  4.30456921E-03
1.31271528E-01  3.85708380E+00  4.42201085E-03
1.31565529E-01  3.91036153E+00  4.30199085E-03
1.31859531E-01  3.92715359E+00  4.37260512E-03
1.32153532E-01  3.95606303E+00  4.22884570E-03
1.32447533E-01  3.95644689E+00  4.42553824E-03
1.32741534E-01  3.98173594E+00  4.27670311E-03
1.33035535E-01  3.98909736E+00  4.39195149E-03
1.33329537E-01  4.02298784E+00  4.45539644E-03
1.33623538E-01  4.03322601E+00  4.50088177E-03
1.33917539E-01  4.06535101E+00  4.59986273E-03
1.34211540E-01  4.06837749E+00  4.49210592E-03
1.34505541E-01  4.06117344E+00  4.57888329E-03
1.34799543E-01  4.07847261E+00  4.78371512E-03
1.35093544E-01  4.06220436E+00  4.91903350E-03
1.35387545E-01  4.09615183E+00  5.03033912E-03
1.35681546E-01  4.06508970E+00  5.35292411E-03
1.35975547E-01  4.05808020E+00  5.32117998E-03
1.36269548E-01  4.05283546E+00  5.48562082E-03
1.36563550E-01  4.02590752E+00  5.62193990E-03
1.36857551E-01  3.98949218E+00  5.84455626E-03
1.37151552E-01  3.96109295E+00  5.86005766E-03
1.37445553E-01  3.96094084E+00  6.05304493E-03
1.37739554E-01  3.89310837E+00  6.02273969E-03
1.38033556E-01  3.88143396E+00  6.20618556E-03
1.38327557E-01  3.84481025E+00  6.21420285E-03
1.38621558E-01  3.79042840E+00  6.43950561E-03
1.38915559E-01  3.73818970E+00  6.46255491E-03
1.39209560E-01  3.71108365E+00  6.19639875E-03
1.39503561E-01  3.64874101E+00  6.33553136E-03
1.39797563E-01  3.58025551E+00  6.22862764E-03
1.40091564E-01  3.52871227E+00  6.08023955E-03
1.40385565E-01  3.48042011E+00  6.10281015E-03
1.40679566E-01  3.45197225E+00  6.00970490E-03
1.40973567E-01  3.39246368E+00  5.99817140E-03
1.41267569E-01  3.32027221E+00  5.72741823E-03
1.41561570E-01  3.26206875E+00  5.51126013E-03
1.41855571E-01  3.22456884E+00  5.40590612E-03
1.42149572E-01  3.15823770E+00  5.22304187E-03
1.42443573E-01  3.13176894E+00  5.28697437E-03
1.42737574E-01  3.07646918E+00  5.03235031E-03
1.43031576E-01  3.00442505E+00  4.75040730E-03
1.43325577E-01  2.96555209E+00  4.51339502E-03
1.43619578E-01  2.93352461E+00  4.55062557E-03
1.43913579E-01  2.85916209E+00  4.42059292E-03
1.44207580E-01  2.84519315E+00  4.22069663E-03
1.44501582E-01  2.81485748E+00  4.03152360E-03
1.44795583E-01  2.76001954E+00  3.94862611E-03
1.45089584E-01  2.74320388E+00  4.00489289E-03
1.45383585E-01  2.68540263E+00  3.61017487E-03
1.45677586E-01  2.68883443E+00  3.68202222E-03
1.45971587E-01  2.66617656E+00  3.56597151E-03
1.46265589E-01  2.65605569E+00  3.47323739E-03
1.46559590E-01  2.61614728E+00  3.38191586E-03
1.46853591E-01  2.62944126E+00  3.36296973E-03
1.47147592E-01  2.60029459E+00  3.24332528E-03
1.47441593E-01  2.57421279E+00  3.26971663E-03
1.47735595E-01  2.57033610E+00  3.15185264E-03
1.48029596E-01  2.54749250E+00  3.18445265E-03
1.48323597E-01  2.58183956E+00  3.18084378E-03
1.48617598E-01  2.53496122E+00  3.15152784E-03
1.48911599E-01  2.54841924E+00  3.22920713E-03
1.49205600E-01  2.55486631E+00  3.15356092E-03
1.49499602E-01  2.53304529E+00  3.02015129E-03
1.49793603E-01  2.52093506E+00  3.06405383E-03
1.50087604E-01  2.52532911E+00  3.16095958E-03
1.50381605E-01  2.51152372E+00  3.09262797E-03
1.50675606E-01  2.52831030E+00  2.98115285E-03
1.50969608E-01  2.52606273E+00  3.05531849E-03
1.51263609E-01  2.51454997E+00  2.99994531E-03
1.51557610E-01  2.51854491E+00  3.06409248E-03
1.51851611E-01  2.54302216E+00  2.98287673E-03
1.52145612E-01  2.53592873E+00  3.07290652E-03
1.52439614E-01  2.52661300E+00  3.01923789E-03
1.52733615E-01  2.51795554E+00  3.06740496E-03
1.53027616E-01  2.56018138E+00  3.07761854E-03
1.53321617E-01  2.54497337E+00  3.03378119E-03
1.53615618E-01  2.55164695E+00  3.15542170E-03
1.53909619E-01  2.56416869E+00  3.05408170E-03
1.54203621E-01  2.55587888E+00  3.11101042E-03
1.54497622E-01  2.55835247E+00  3.13022779E-03
1.54791623E-01  2.52172470E+00  3.00826831E-03
1.55085624E-01  2.53509641E+00  3.07984184E-03
1.55379625E-01  2.56008577E+00  3.17688426E-03
1.55673627E-01  2.51902652E+00  3.17334034E-03
1.55967628E-01  2.53229165E+00  3.26672196E-03
1.56261629E-01  2.51082182E+00  3.16864275E-03
1.56555630E-01  2.53113651E+00  3.32794804E-03
1.56849631E-01  2.49298668E+00  3.20655899E-03
1.57143632E-01  2.47643495E+00  3.26948892E-03
1.57437634E-01  2.46724033E+00  3.32173333E-03
1.57731635E-01  2.48269582E+00  3.35327582E-03
1.58025636E-01  2.46279526E+00  3.30598908E-03
1.58319637E-01  2.44853187E+00  3.43643758E-03
1.58613638E-01  2.42409372E+00  3.34562454E-03
1.58907640E-01  2.39475799E+00  3.44939530E-03
1.59201641E-01  2.38546848E+00  3.41174472E-03
1.59495642E-01  2.37127566E+00  3.48978327E-03
1.59789643E-01  2.33431935E+00  3.52594466E-03
1.60083644E-01  2.31304383E+00  3.40802432E-03
1.60377645E-01  2.31818485E+00  3.48355412E-03
1.60671647E-01  2.28539705E+00  3.44332098E-03
1.60965648E-01  2.24770164E+00  3.40136397E-03
1.61259649E-01  2.23506093E+00  3.42895859E-03
1.61553650E-01  2.19781399E+00  3.39552271E-03
1.61847651E-01  2.16732097E+00  3.35781928E-03
1.62141653E-01  2.14715648E+00  3.33975279E-03
1.62435654E-01  2.10481644E+00  3.41949170E-03
1.62729655E-01  2.07994294E+00  3.25499848E-03
1.63023656E-01  2.05287886E+00  3.27293389E-03
1.63317657E-01  2.02917981E+00  3.25616053E-03
1.63611658E-01  1.99862182E+00  3.10939178E-03
1.63905660E-01  1.95867026E+00  3.19770118E-03
1.64199661E-01  1.93259203E+00  3.09921545E-03
1.64493662E-01  1.91704333E+00  3.05387611E-03
1.64787663E-01  1.88844717E+00  2.90619815E-03
1.65081664E-01  1.85982585E+00  2.88311066E-03
1.65375666E-01  1.85048151E+00  2.93324050E-03
1.65669667E-01  1.81299675E+00  2.78590992E-03
1.65963668E-01  1.79355347E+00  2.81426520E-03
1.66257669E-01  1.75963438E+00  2.70652096E-03
1.66551670E-01  1.75294256E+00  2.74641463E-03
1.66845671E-01  1.69884098E+00  2.64162687E-03
1.67139673E-01  1.68618357E+00  2.70381267E-03
1.67433674E-01  1.66714001E+00  2.61794846E-03
1.67727675E-01  1.65922999E+00  2.54917121E-03
1.68021676E-01  1.63691783E+00  2.48258468E-03
1.68315677E-01  1.59980106E+00  2.41628615E-03
1.68609679E-01  1.60005772E+00  2.46605114E-03
1.68903680E-01  1.59382105E+00  2.45548505E-03
1.69197681E-01  1.57444596E+00  2.45170714E-03
1.69491682E-01  1.53733087E+00  2.42705503E-03
1.69785683E-01  1.53194106E+00  2.34749867E-03
1.70079685E-01  1.50571382E+00  2.35876301E-03
1.70373686E-01  1.50835621E+00  2.40014656E-03
1.70667687E-01  1.48726308E+00  2.27549998E-03
1.70961688E-01  1.46430230E+00  2.26702751E-03
1.71255689E-01  1.45704162E+00  2.21878989E-03
1.71549690E-01  1.44417918E+00  2.22548144E-03
1.71843692E-01  1.42944443E+00  2.26975791E-03
1.72137693E-01  1.41200650E+00  2.23464309E-03
1.72431694E-01  1.41075993E+00  2.19830824E-03
1.72725695E-01  1.39310014E+00  2.13802909E-03
1.73019696E-01  1.39388287E+00  2.09868699E-03
1.73313698E-01  1.35887563E+00  2.13095942E-03
1.73607699E-01  1.35165441E+00  2.14511598E-03
1.73901700E-01  1.34706807E+00  2.10718461E-03
1.74195701E-01  1.32790136E+00  2.00255588E-03
1.74489702E-01  1.33052194E+00  2.10979185E-03
1.74783703E-01  1.30862808E+00  2.02536234E-03
1.75077705E-01  1.30956519E+00  2.07578274E-03
1.75371706E-01  1.30306411E+00  2.02470389E-03
1.75665707E-01  1.28364563E+00  2.02850392E-03
1.75959708E-01  1.27771688E+00  2.02143984E-03
1.76253709E-01  1.26545966E+00  2.01698905E-03
1.76547711E-01  1.26711679E+00  2.04033707E-03
1.76841712E-01  1.25111604E+00  1.97436125E-03
1.77135713E-01  1.22533667E+00  1.98603771E-03
1.77429714E-01  1.22575319E+00  1.98820210E-03
1.77723715E-01  1.22514808E+00  2.00916175E-03
1.78017716E-01  1.21218574E+00  1.98901002E-03
1.78311718E-01  1.20503771E+00  1.95761304E-03
1.78605719E-01  1.19725323E+00  1.95583235E-03
1.78899720E-01  1.18748260E+00  1.93632208E-03
1.79193721E-01  1.17596829E+00  1.89065572E-03
1.79487722E-01  1.16695786E+00  1.91974815E-03
1.79781724E-01  1.15506995E+00  1.84507947E-03
1.80075725E-01  1.15139890E+00  1.84618728E-03
1.80369726E-01  1.15304029E+00  1.88619411E-03
1.80663727E-01  1.13308871E+00  1.78771710E-03
1.80957728E-01  1.13693333E+00  1.86531188E-03
1.81251729E-01  1.13479030E+00  1.86991063E-03
1.81545731E-01  1.12456453E+00  1.82218710E-03
1.81839732E-01  1.10996759E+00  1.81110238E-03
1.82133733E-01  1.11665952E+00  1.84998347E-03
1.82427734E-01  1.10233843E+00  1.79427292E-03
1.82721735E-01  1.09022653E+00  1.82866410E-03
1.83015737E-01  1.09843993E+00  1.79218710E-03
1.83309738E-01  1.08669066E+00  1.78375375E-03
1.83603739E-01  1.08131397E+00  1.77154364E-03
1.83897740E-01  1.07510948E+00  1.81557238E-03
1.84191741E-01  1.07245779E+00  1.81968033E-03
1.84485742E-01  1.05867839E+00  1.75475085E-03
1.84779744E-01  1.05239403E+00  1.75348914E-03
1.85073745E-01  1.04845715E+00  1.80723111E-03
1.85367746E-01  1.03760648E+00  1.73768029E-03
1.85661747E-01  1.02844381E+00  1.73778879E-03
1.85955748E-01  1.02216017E+00  1.74596091E-03
1.86249750E-01  1.02722418E+00  1.73913245E-03
1.86543751E-01  1.02279317E+00  1.71801436E-03
1.86837752E-01  1.01379502E+00  1.70906237E-03
1.87131753E-01  1.02017117E+00  1.71903777E-03
1.87425754E-01  1.00500357E+00  1.73864397E-03
1.87719755E-01  9.99385059E-01  1.69111928E-03
1.88013757E-01  9.96738970E-01  1.71003863E-03
1.88307758E-01  9.90274131E-01  1.69996056E-03
1.88601759E-01  9.90110815E-01  1.68759585E-03
1.88895760E-01  9.91533399E-01  1.69587962E-03
1.89189761E-01  9.78163004E-01  1.65202946E-03
1.89483763E-01  9.69530642E-01  1.66497810E-03
1.89777764E-01  9.74552929E-01  1.66168611E-03
1.90071765E-01  9.66454268E-01  1.66115258E-03
1.90365766E-01  9.63300407E-01  1.65806874E-03
1.90659767E-01  9.52721834E-01  1.64060551E-03
1.90953769E-01  9.60794091E-01  1.63398683E-03
1.91247770E-01  9.57771838E-01  1.67202996E-03
1.91541771E-01  9.53098893E-01  1.60867698E-03
1.91835772E-01  9.52757537E-01  1.63424178E-03
1.92129773E-01  9.36843455E-01  1.64942944E-03
1.92423774E-01  9.35985386E-01  1.60306750E-03
1.92717776E-01  9.39726651E-01  1.61437632E-03
1.93011777E-01  9.18806970E-01  1.59638631E-03
1.93305778E-01  9.36352789E-01  1.56653323E-03
1.93599779E-01  9.24448252E-01  1.54819852E-03
1.93893780E-01  9.21445668E-01  1.58600160E-03
1.94187782E-01  9.11468208E-01  1.56297558E-03
1.94481783E-01  9.13447499E-01  1.56692637E-03
1.94775784E-01  9.17664170E-01  1.56976329E-03
1.95069785E-01  9.09172297E-01  1.55904563E-03
1.95363786E-01  9.04107571E-01  1.56375393E-03
1.95657787E-01  9.08765197E-01  1.54923112E-03
1.95951789E-01  8.97998750E-01  1.57643622E-03
1.96245790E-01  9.05306876E-01  1.54674565E-03
1.96539791E-01  9.08498228E-01  1.54141663E-03
1.96833792E-01  8.82844567E-01  1.56742707E-03
1.97127793E-01  9.02712882E-01  1.56816584E-03
1.97421795E-01  8.89374077E-01  1.53737550E-03
1.97715796E-01  8.88390362E-01  1.54479360E-03
1.98009797E-01  8.79193902E-01  1.52209366E-03
1.98303798E-01  8.77689123E-01  1.48844486E-03
1.98597799E-01  8.86086762E-01  1.56462635E-03
1.98891800E-01  8.71032417E-01  1.55917194E-03
1.99185802E-01  8.66168559E-01  1.52907067E-03
1.99479803E-01  8.71571422E-01  1.52277725E-03
1.99773804E-01  8.58679712E-01  1.49603502E-03
2.00067805E-01  8.72976363E-01  1.51136692E-03
2.00361806E-01  8.60616982E-01  1.50531146E-03
2.00655808E-01  8.56813312E-01  1.50723627E-03
2.00949809E-01  8.50956857E-01  1.51156541E-03
2.01243810E-01  8.44159424E-01  1.51178963E-03
2.01537811E-01  8.44332516E-01  1.45768281E-03
2.01831812E-01  8.33762109E-01  1.47424371E-03
2.02125813E-01  8.38460505E-01  1.51875615E-03
2.02419815E-01  8.34359646E-01  1.48912671E-03
2.02713816E-01  8.45003664E-01  1.48338557E-03
2.03007817E-01  8.24890077E-01  1.51214888E-03
2.03301818E-01  8.30258012E-01  1.50438957E-03
2.03595819E-01  8.22509885E-01  1.43910770E-03
2.03889821E-01  8.29565227E-01  1.50710298E-03
2.04183822E-01  8.17680597E-01  1.48632901E-03
2.04477823E-01  8.09633970E-01  1.49318797E-03
2.04771824E-01  8.08764577E-01  1.43157563E-03
2.05065825E-01  7.99649775E-01  1.47545733E-03
2.05359826E-01  7.96335518E-01  1.41602487E-03
2.05653828E-01  7.91180968E-01  1.42558024E-03
2.05947829E-01  7.78741956E-01  1.46347680E-03
2.06241830E-01  7.81087279E-01  1.44836307E-03
2.06535831E-01  7.71906495E-01  1.42607500E-03
2.06829832E-01  7.63873219E-01  1.45134737E-03
2.07123834E-01  7.73477018E-01  1.42404099E-03
2.07417835E-01  7.64461637E-01  1.43912889E-03
2.07711836E-01  7.57559717E-01  1.41324056E-03
2.08005837E-01  7.50751376E-01  1.38547667E-03
2.08299838E-01  7.41543055E-01  1.42508280E-03
2.08593840E-01  7.33728588E-01  1.38079782E-03
2.08887841E-01  7.29386032E-01  1.40674377E-03
2.09181842E-01  7.30552912E-01  1.36910076E-03
2.09475843E-01  7.20183432E-01  1.37844891E-03
2.09769844E-01  7.21956849E-01  1.36835664E-03
2.10063845E-01  7.05822468E-01  1.33852090E-03
2.10357847E-01  7.04826593E-01  1.33656396E-03
2.10651848E-01  6.94381416E-01  1.32619299E-03
2.10945849E-01  6.89341724E-01  1.35218061E-03
2.11239850E-01  6.84749067E-01  1.34235737E-03
2.11533851E-01  6.69736147E-01  1.34591688E-03
2.11827853E-01  6.74513042E-01  1.31809188E-03
2.12121854E-01  6.63892686E-01  1.31207961E-03
2.12415855E-01  6.59659743E-01  1.25231151E-03
2.12709856E-01  6.42344236E-01  1.26775703E-03
2.13003857E-01  6.44524097E-01  1.27555733E-03
2.13297858E-01  6.39733791E-01  1.28948840E-03
2.13591860E-01  6.31014645E-01  1.26531010E-03
2.13885861E-01  6.28773451E-01  1.28078763E-03
2.14179862E-01  6.24485075E-01  1.27414672E-03
2.14473863E-01  6.16249144E-01  1.26230030E-03
2.14767864E-01  6.17604375E-01  1.25458173E-03
2.15061866E-01  6.04162812E-01  1.24002306E-03
2.15355867E-01  5.98485947E-01  1.23330986E-03
2.15649868E-01  5.95840335E-01  1.23144314E-03
2.15943869E-01  5.91941535E-01  1.22679002E-03
2.16237870E-01  5.90415180E-01  1.20511546E-03
2.16531871E-01  5.81227005E-01  1.19205599E-03
2.16825873E-01  5.84858894E-01  1.23123790E-03
2.17119874E-01  5.67878187E-01  1.18344033E-03
2.17413875E-01  5.73796034E-01  1.16631296E-03
2.17707876E-01  5.57520986E-01  1.15447491E-03
2.18001877E-01  5.59669137E-01  1.16969901E-03
2.18295879E-01  5.56178451E-01  1.15891511E-03
2.18589880E-01  5.51395714E-01  1.14766823E-03
2.18883881E-01  5.46425164E-01  1.15016894E-03
2.19177882E-01  5.48487782E-01  1.16101780E-03
2.19471883E-01  5.39748371E-01  1.13146205E-03
2.19765884E-01  5.37380755E-01  1.14797824E-03
2.20059886E-01  5.42140543E-01  1.12276291E-03
2.20353887E-01  5.31906605E-01  1.12941233E-03
2.20647888E-01  5.28300762E-01  1.08532957E-03
2.20941889E-01  5.29630423E-01  1.12184195E-03
2.21235890E-01  5.25293767E-01  1.14597962E-03
2.21529892E-01  5.15747428E-01  1.09514757E-03
2.21823893E-01  5.22672415E-01  1.06904539E-03
2.22117894E-01  5.16404033E-01  1.11156772E-03
2.22411895E-01  5.09823442E-01  1.08120940E-03
2.22705896E-01  5.11327147E-01  1.10920158E-03
2.22999897E-01  5.05620658E-01  1.08141988E-03
2.23293899E-01  5.00880837E-01  1.09205372E-03
2.23587900E-01  5.03091156E-01  1.07721204E-03
2.23881901E-01  5.06355405E-01  1.06074847E-03
2.24175902E-01  5.01725733E-01  1.07648957E-03
2.24469903E-01  5.05890131E-01  1.08262431E-03
2.24763905E-01  5.01129746E-01  1.05909572E-03
2.25057906E-01  4.93623197E-01  1.04324694E-03
2.25351907E-01  4.92204070E-01  1.04265870E-03
2.25645908E-01  4.93843913E-01  1.05465262E-03
2.25939909E-01  4.95030403E-01  1.06521370E-03
2.26233911E-01  4.88058329E-01  1.08172826E-03
2.26527912E-01  4.84225780E-01  1.07891927E-03
2.26821913E-01  4.81440514E-01  1.03498262E-03
2.27115914E-01  4.89866704E-01  1.01798074E-03
2.27409915E-01  4.89158869E-01  1.04994769E-03
2.27703916E-01  4.84773815E-01  1.03953073E-03
2.27997918E-01  4.79362935E-01  9.94400703E-04
2.28291919E-01  4.77683544E-01  1.04730087E-03
2.28585920E-01  4.80470240E-01  1.03882339E-03
2.28879921E-01  4.78274524E-01  1.03219296E-03
2.29173922E-01  4.76197720E-01  1.03784620E-03
2.29467924E-01  4.75316316E-01  1.03738066E-03
2.29761925E-01  4.75110680E-01  1.02347089E-03
2.30055926E-01  4.67199326E-01  1.01166894E-03
2.30349927E-01  4.69387352E-01  1.02769246E-03
2.30643928E-01  4.71242309E-01  1.02606963E-03
2.30937929E-01  4.65101451E-01  1.01992430E-03
2.31231931E-01  4.59536582E-01  1.02832913E-03
2.31525932E-01  4.67066556E-01  1.04132562E-03
2.31819933E-01  4.57975984E-01  1.01500540E-03
2.32113934E-01  4.63680506E-01  1.02725776E-03
2.32407935E-01  4.57362503E-01  1.01988832E-03
2.32701937E-01  4.55474824E-01  1.01689820E-03
2.32995938E-01  4.50563699E-01  1.01271621E-03
2.33289939E-01  4.54620451E-01  1.00070017E-03
2.33583940E-01  4.47432041E-01  1.03394198E-03
2.33877941E-01  4.48708922E-01  9.99492244E-04
2.34171942E-01  4.48936313E-01  9.97695723E-04
2.34465944E-01  4.52855498E-01  9.96131683E-04
2.34759945E-01  4.45350140E-01  9.85625782E-04
2.35053946E-01  4.43968147E-01  9.87132546E-04
2.35347947E-01  4.37420785E-01  9.90054337E-04
2.35641948E-01  4.39016581E-01  9.79746226E-04
2.35935950E-01  4.39825326E-01  9.64518229E-04
2.36229951E-01  4.33514684E-01  9.82519356E-04
2.36523952E-01  4.28754628E-01  9.73712245E-04
2.36817953E-01  4.31184322E-01  9.70424328E-04
2.37111954E-01  4.28469926E-01  9.65862651E-04
2.37405955E-01  4.27676946E-01  9.63108672E-04
2.37699957E-01  4.16675031E-01  9.64584178E-04
2.37993958E-01  4.17494178E-01  9.55177995E-04
2.38287959E-01  4.15535241E-01  9.62392951E-04
2.38581960E-01  4.11799222E-01  9.49053618E-04
2.38875961E-01  4.13220704E-01  9.74579481E-04
2.39169963E-01  4.12940383E-01  9.54865071E-04
2.39463964E-01  4.09652859E-01  9.39557969E-04
2.39757965E-01  4.03866708E-01  9.40509548E-04
2.40051966E-01  4.02194440E-01  9.40841099E-04
2.40345967E-01  3.98305357E-01  9.38839454E-04
2.40639968E-01  3.96636367E-01  9.28761205E-04
2.40933970E-01  3.92179459E-01  9.23800864E-04
2.41227971E-01  3.85389715E-01  8.99514533E-04
2.41521972E-01  3.88421386E-01  9.06360277E-04
2.41815973E-01  3.83626908E-01  8.94569326E-04
2.42109974E-01  3.79225522E-01  8.89889488E-04
2.42403976E-01  3.79984945E-01  8.97689199E-04
2.42697977E-01  3.75577599E-01  9.25325963E-04
2.42991978E-01  3.77600014E-01  9.10181843E-04
2.43285979E-01  3.68474543E-01  8.89613992E-04
2.43579980E-01  3.68817925E-01  9.03532200E-04
2.43873981E-01  3.62154901E-01  8.78027349E-04
2.44167983E-01  3.63281608E-01  8.92588345E-04
2.44461984E-01  3.67228538E-01  8.90374649E-04
2.44755985E-01  3.63535792E-01  9.06305911E-04
2.45049986E-01  3.58763576E-01  8.63032124E-04
2.45343987E-01  3.57107162E-01  8.80243897E-04
2.45637989E-01  3.56313139E-01  8.81148037E-04
2.45931990E-01  3.52545142E-01  8.44019232E-04
2.46225991E-01  3.48409176E-01  8.57279811E-04
2.46519992E-01  3.46775472E-01  8.34744831E-04
2.46813993E-01  3.40160698E-01  8.45287694E-04
2.47107995E-01  3.37958544E-01  8.33384518E-04
2.47401996E-01  3.40506941E-01  8.22137692E-04
2.47695997E-01  3.37618232E-01  8.23054521E-04
2.47989998E-01  3.33909065E-01  8.30824603E-04
2.48283999E-01  3.38587999E-01  8.28361895E-04
2.48578000E-01  3.36189538E-01  8.23903829E-04
2.48872002E-01  3.30740839E-01  8.22706381E-04
2.49166003E-01  3.29611033E-01  8.18804954E-04
2.49460004E-01  3.34239483E-01  8.11098609E-04
2.49754005E-01  3.32018048E-01  8.15186300E-04
2.50048006E-01  3.30761284E-01  8.28515622E-04
2.50342008E-01  3.26123774E-01  8.23521288E-04
2.50636009E-01  3.20298225E-01  8.00065580E-04
2.50930010E-01  3.25061530E-01  8.19690118E-04
2.51224011E-01  3.18867356E-01  7.98838330E-04
2.51518012E-01  3.21302235E-01  8.00768088E-04
2.51812013E-01  3.18321735E-01  8.05812771E-04
2.52106015E-01  3.13411891E-01  8.00536771E-04
2.52400016E-01  3.17524403E-01  7.95548840E-04
2.52694017E-01  3.13954949E-01  8.18734174E-04
2.52988018E-01  3.09587032E-01  7.98452238E-04
2.53282019E-01  3.10906917E-01  8.25888535E-04
2.53576021E-01  3.06525737E-01  8.00902490E-04
2.53870022E-01  3.09268922E-01  8.13585415E-04
2.54164023E-01  3.09960246E-01  7.93828047E-04
2.54458024E-01  3.08293849E-01  7.96236971E-04
2.54752025E-01  3.06424946E-01  8.02892842E-04
2.55046026E-01  3.04724693E-01  7.74834247E-04
2.55340028E-01  2.98257202E-01  7.66750367E-04
2.55634029E-01  3.06271106E-01  8.02256574E-04
2.55928030E-01  3.03199679E-01  7.99628964E-04
2.56222031E-01  2.98072726E-01  7.67959398E-04
2.56516032E-01  2.98286378E-01  7.85514596E-04
2.56810034E-01  2.99400955E-01  7.66250887E-04
2.57104035E-01  2.98365861E-01  7.59208982E-04
2.57398036E-01  2.93464512E-01  7.73741805E-04
2.57692037E-01  2.96756089E-01  7.96171895E-04
2.57986038E-01  2.97466874E-01  7.78544869E-04
2.58280039E-01  2.99878746E-01  7.92433217E-04
2.58574041E-01  2.99510807E-01  7.79300346E-04
2.58868042E-01  2.97827929E-01  7.83538504E-04
2.59162043E-01  2.99584299E-01  7.81229115E-04
2.59456044E-01  2.91128695E-01  7.43860670E-04
2.59750045E-01  2.94895381E-01  7.61731120E-04
2.60044047E-01  2.93208987E-01  7.80237606E-04
2.60338048E-01  2.87282914E-01  7.53252709E-04
2.60632049E-01  2.95039803E-01  7.95713742E-04
2.60926050E-01  2.87269861E-01  7.51088490E-04
2.61220051E-01  2.92474002E-01  7.49560189E-04
2.61514052E-01  2.89091229E-01  7.51288899E-04
2.61808054E-01  2.96826512E-01  7.55184563E-04
2.62102055E-01  2.88212270E-01  7.73231150E-04
2.62396056E-01  2.93245077E-01  7.63060118E-04
2.62690057E-01  2.89347500E-01  7.76832341E-04
2.62984058E-01  2.89311618E-01  7.57236907E-04
2.63278060E-01  2.84099638E-01  7.68407073E-04
2.63572061E-01  2.88843989E-01  7.51075509E-04
2.63866062E-01  2.88484782E-01  7.59133836E-04
2.64160063E-01  2.85847783E-01  7.64272234E-04
2.64454064E-01  2.90876210E-01  7.79492373E-04
2.64748066E-01  2.84834027E-01  7.37715629E-04
2.65042067E-01  2.86539495E-01  7.34414149E-04
2.65336068E-01  2.85757393E-01  7.58591574E-04
2.65630069E-01  2.87816584E-01  7.48284278E-04
2.65924070E-01  2.85114169E-01  7.46646780E-04
2.66218071E-01  2.90437728E-01  7.80293078E-04
2.66512073E-01  2.88142502E-01  7.44810619E-04
2.66806074E-01  2.84109563E-01  7.50231964E-04
2.67100075E-01  2.85379648E-01  7.57300877E-04
2.67394076E-01  2.86727518E-01  7.54445500E-04
2.67688077E-01  2.84501851E-01  7.49968283E-04
2.67982079E-01  2.91039854E-01  7.46877166E-04
2.68276080E-01  2.82422662E-01  7.58419337E-04
2.68570081E-01  2.87974000E-01  7.32694869E-04
2.68864082E-01  2.82773137E-01  7.52710795E-04
2.69158083E-01  2.87661314E-01  7.64580851E-04
2.69452084E-01  2.86455661E-01  7.42033822E-04
2.69746086E-01  2.82165855E-01  7.55586603E-04
2.70040087E-01  2.86512375E-01  7.31801731E-04
2.70334088E-01  2.82888055E-01  7.60151597E-04
2.70628089E-01  2.81640887E-01  7.34976726E-04
2.70922090E-01  2.84252673E-01  7.45299913E-04
2.71216092E-01  2.82949299E-01  7.68131926E-04
2.71510093E-01  2.84549206E-01  7.47804472E-04
2.71804094E-01  2.81634003E-01  7.38928444E-04
2.72098095E-01  2.82178670E-01  7.35413458E-04
2.72392096E-01  2.81027943E-01  7.42152915E-04
2.72686097E-01  2.88269311E-01  7.40670017E-04
2.72980099E-01  2.85623789E-01  7.37856200E-04
2.73274100E-01  2.82677770E-01  7.35603913E-04
2.73568101E-01  2.84833282E-01  7.44252175E-04
2.73862102E-01  2.83347338E-01  7.32107379E-04
2.74156103E-01  2.84081638E-01  7.45787343E-04
2.74450105E-01  2.79403865E-01  7.22244673E-04
2.74744106E-01  2.86323369E-01  7.44795660E-04
2.75038107E-01  2.82320529E-01  7.43389770E-04
2.75332108E-01  2.82422096E-01  7.37009454E-04
2.75626109E-01  2.76606530E-01  7.19346805E-04
2.75920110E-01  2.81369835E-01  7.27595587E-04
2.76214112E-01  2.80719697E-01  7.45109282E-04
2.76508113E-01  2.85717607E-01  7.37556780E-04
2.76802114E-01  2.86435634E-01  7.25801161E-04
2.77096115E-01  2.80649662E-01  7.39775423E-04
2.77390116E-01  2.82753587E-01  7.23782345E-04
2.77684118E-01  2.80525714E-01  7.37865514E-04
2.77978119E-01  2.77863830E-01  7.08028208E-04
2.78272120E-01  2.81560332E-01  7.29740190E-04
2.78566121E-01  2.81834215E-01  7.24401674E-04
2.78860122E-01  2.76222467E-01  7.31810404E-04
2.79154123E-01  2.80426800E-01  7.30454165E-04
2.79448125E-01  2.79956490E-01  7.16995855E-04
2.79742126E-01  2.79727787E-01  7.30136933E-04
2.80036127E-01  2.79526681E-01  7.41564203E-04
2.80330128E-01  2.88517565E-01  7.39291252E-04
2.80624129E-01  2.75672764E-01  7.17154122E-04
2.80918131E-01  2.82730907E-01  7.31076696E-04
2.81212132E-01  2.84688294E-01  7.35840353E-04
2.81506133E-01  2.79340446E-01  7.14113237E-04
2.81800134E-01  2.80296862E-01  7.21169927E-04
2.82094135E-01  2.81342238E-01  7.10881723E-04
2.82388137E-01  2.80520916E-01  7.27743551E-04
2.82682138E-01  2.81254649E-01  7.27946637E-04
2.82976139E-01  2.77050108E-01  7.11333065E-04
2.83270140E-01  2.80239433E-01  7.19542964E-04
2.83564141E-01  2.84453750E-01  7.30909116E-04
2.83858142E-01  2.84675926E-01  7.13834481E-04
2.84152144E-01  2.77852803E-01  7.12315436E-04
2.84446145E-01  2.82845348E-01  7.15804694E-04
2.84740146E-01  2.82338679E-01  7.17063318E-04
2.85034147E-01  2.78094202E-01  7.11343659E-04
2.85328148E-01  2.79253095E-01  7.10264489E-04
2.85622150E-01  2.81092286E-01  7.27792853E-04
2.85916151E-01  2.78507262E-01  7.16022390E-04
2.86210152E-01  2.84779996E-01  7.07216153E-04
2.86504153E-01  2.81880915E-01  7.28284242E-04
2.86798154E-01  2.78281212E-01  7.21955381E-04
2.87092155E-01  2.80565113E-01  7.18209194E-04
2.87386157E-01  2.82891959E-01  7.12421432E-04
2.87680158E-01  2.80618489E-01  7.31878739E-04
2.87974159E-01  2.80703366E-01  7.35605427E-04
2.88268160E-01  2.81895936E-01  7.46960577E-04
2.88562161E-01  2.80408174E-01  7.67831225E-04
2.88856163E-01  2.83914775E-01  7.49668689E-04
2.89150164E-01  2.80645967E-01  7.75495311E-04
2.89444165E-01  2.78739274E-01  7.72322353E-04
2.89738166E-01  2.79781520E-01  7.80372065E-04
2.90032167E-01  2.84932643E-01  7.92753010E-04
2.90326168E-01  2.83739865E-01  7.93335086E-04
2.90620170E-01  2.78877705E-01  7.90274004E-04
2.90914171E-01  2.85441011E-01  7.95158034E-04
2.91208172E-01  2.83069223E-01  7.92198116E-04
2.91502173E-01  2.84871072E-01  7.76644505E-04
2.91796174E-01  2.87643492E-01  7.99090078E-04
2.92090176E-01  2.77669042E-01  7.94101623E-04
2.92384177E-01  2.77320862E-01  7.85454526E-04
2.92678178E-01  2.79629678E-01  7.98950728E-04
2.92972179E-01  2.85734236E-01  7.84657081E-04
2.93266180E-01  2.81390578E-01  8.09454941E-04
2.93560181E-01  2.85577387E-01  8.13136750E-04
2.93854183E-01  2.81396806E-01  8.05680524E-04
2.94148184E-01  2.82207489E-01  7.99663947E-04
2.94442185E-01  2.81437904E-01  7.92851031E-04
2.94736186E-01  2.81623811E-01  8.01090151E-04
2.95030187E-01  2.82031119E-01  7.92878796E-04
2.95324189E-01  2.82377332E-01  8.20684480E-04
2.95618190E-01  2.84893215E-01  8.08296027E-04
2.95912191E-01  2.81637460E-01  8.35580053E-04
2.96206192E-01  2.83128440E-01  8.31588637E-04
2.96500193E-01  2.79292136E-01  8.03064962E-04
2.96794194E-01  2.84477144E-01  7.96677952E-04
2.97088196E-01  2.79726893E-01  8.00898764E-04
2.97382197E-01  2.80608445E-01  7.89472833E-04
2.97676198E-01  2.83118069E-01  8.11547565E-04
2.97970199E-01  2.83128351E-01  7.92034145E-04
2.98264200E-01  2.84666330E-01  7.72128347E-04
2.98558202E-01  2.83456177E-01  7.85564713E-04
2.98852203E-01  2.85070717E-01  7.88340287E-04
2.99146204E-01  2.83518255E-01  7.83010444E-04
2.99440205E-01  2.81911373E-01  7.78886606E-04
2.99734206E-01  2.79754162E-01  7.82162067E-04
3.00028207E-01  2.88170993E-01  7.89301586E-04
3.00322209E-01  2.80919641E-01  7.53073080E-04
3.00616210E-01  2.78745532E-01  7.72526313E-04
3.00910211E-01  2.82184422E-01  7.78822927E-04
3.01204212E-01  2.82643706E-01  7.81516661E-04
3.01498213E-01  2.87559658E-01  7.75194436E-04
3.01792215E-01  2.85241246E-01  7.84702948E-04
3.02086216E-01  2.82385886E-01  7.71949592E-04
3.02380217E-01  2.80708134E-01  7.75654509E-04
3.02674218E-01  2.80462623E-01  7.64955126E-04
3.02968219E-01  2.84609318E-01  7.86093471E-04
3.03262221E-01  2.84180075E-01  7.70098413E-04
3.03556222E-01  2.83416092E-01  7.90920516E-04
3.03850223E-01  2.84478962E-01  7.79911818E-04
3.04144224E-01  2.83986747E-01  7.81476498E-04
3.04438225E-01  2.80314207E-01  7.79243943E-04
3.04732226E-01  2.89120466E-01  7.85639277E-04
3.05026228E-01  2.83497036E-01  7.76634668E-04
3.05320229E-01  2.85451561E-01  7.65481032E-04
3.05614230E-01  2.83406168E-01  7.74815737E-04
3.05908231E-01  2.79616028E-01  7.62150215E-04
3.06202232E-01  2.87544042E-01  7.77606154E-04
3.06496234E-01  2.90154368E-01  7.99419824E-04
3.06790235E-01  2.88134396E-01  7.92761508E-04
3.07084236E-01  2.83433199E-01  7.88512698E-04
3.07378237E-01  2.83880353E-01  7.94538821E-04
3.07672238E-01  2.84184307E-01  7.68724363E-04
3.07966239E-01  2.88127929E-01  7.73064094E-04
3.08260241E-01  2.87830234E-01  7.85791955E-04
3.08554242E-01  2.80180335E-01  7.69765174E-04
3.08848243E-01  2.85731137E-01  7.80145579E-04
3.09142244E-01  2.85782695E-01  7.63436838E-04
3.09436245E-01  2.84743994E-01  7.73492327E-04
3.09730247E-01  2.81455845E-01  7.69848528E-04
3.10024248E-01  2.83106327E-01  7.53945904E-04
3.10318249E-01  2.85606861E-01  7.83454627E-04
3.10612250E-01  2.84740299E-01  7.80611823E-04
3.10906251E-01  2.82925874E-01  7.69111095E-04
3.11200252E-01  2.79165834E-01  7.51824700E-04
3.11494254E-01  2.78639406E-01  7.68217607E-04
3.11788255E-01  2.78092176E-01  7.59170041E-04
3.12082256E-01  2.83391267E-01  7.49672181E-04
3.12376257E-01  2.86587328E-01  7.66556943E-04
3.12670258E-01  2.80535042E-01  7.83275987E-04
3.12964260E-01  2.84314156E-01  7.65455829E-04
3.13258261E-01  2.83761561E-01  7.64280383E-04
3.13552262E-01  2.80385792E-01  7.42025324E-04
3.13846263E-01  2.83568501E-01  7.68294791E-04
3.14140264E-01  2.79228479E-01  7.44204619E-04
3.14434265E-01  2.83128202E-01  7.67462247E-04
3.14728267E-01  2.84281790E-01  7.54472858E-04
3.15022268E-01  2.82477409E-01  7.82585354E-04
3.15316269E-01  2.82144904E-01  7.62958080E-04
3.15610270E-01  2.76849031E-01  7.57832546E-04
3.15904271E-01  2.79978961E-01  7.69894512E-04
3.16198273E-01  2.85593212E-01  7.64246506E-04
3.16492274E-01  2.83290237E-01  7.84516218E-04
3.16786275E-01  2.81112909E-01  7.62364420E-04
3.17080276E-01  2.81044394E-01  7.65937788E-04
3.17374277E-01  2.81174392E-01  7.52471853E-04
3.17668278E-01  2.80132800E-01  7.60679890E-04
3.17962280E-01  2.80467093E-01  7.55305169E-04
3.18256281E-01  2.88230538E-01  7.66140467E-04
3.18550282E-01  2.82556057E-01  7.44714867E-04
3.18844283E-01  2.79507995E-01  7.50567298E-04
3.19138284E-01  2.86978334E-01  7.79614144E-04
3.19432286E-01  2.79381394E-01  7.54333218E-04
3.19726287E-01  2.83846855E-01  7.85917277E-04
3.20020288E-01  2.80173779E-01  7.71776307E-04
3.20314289E-01  2.82037824E-01  7.62673968E-04
3.20608290E-01  2.80890256E-01  7.58568640E-04
3.20902292E-01  2.78272063E-01  7.61046540E-04
3.21196293E-01  2.85990596E-01  7.64079625E-04
3.21490294E-01  2.84709632E-01  7.59447576E-04
3.21784295E-01  2.80036688E-01  7.58262991E-04
3.22078296E-01  2.82242447E-01  7.67659862E-04
3.22372297E-01  2.78638661E-01  7.41054246E-04
3.22666299E-01  2.81614840E-01  7.71769381E-04
3.22960300E-01  2.83690751E-01  7.68871454E-04
3.23254301E-01  2.78778553E-01  7.78610061E-04
3.23548302E-01  2.85316974E-01  7.86934514E-04
3.23842303E-01  2.82406688E-01  7.80421193E-04
3.24136305E-01  2.86029130E-01  8.07317556E-04
3.24430306E-01  2.73687184E-01  7.75166322E-04
3.24724307E-01  2.79491574E-01  7.97122135E-04
3.25018308E-01  2.81511784E-01  8.05306656E-04
3.25312309E-01  2.79056340E-01  7.67170219E-04
3.25606310E-01  2.81227529E-01  7.73111649E-04
3.25900312E-01  2.77158558E-01  7.94057793E-04
3.26194313E-01  2.82934874E-01  7.75624881E-04
3.26488314E-01  2.84661055E-01  7.87235331E-04
3.26782315E-01  2.82156646E-01  7.98602705E-04
3.27076316E-01  2.83399910E-01  7.85154058E-04
3.27370318E-01  2.77449369E-01  8.01919843E-04
3.27664319E-01  2.85088748E-01  7.90968654E-04
3.27958320E-01  2.86898613E-01  8.08343408E-04
3.28252321E-01  2.79489189E-01  8.01957503E-04
3.28546322E-01  2.81188816E-01  7.97954039E-04
3.28840323E-01  2.82667488E-01  8.15874722E-04
3.29134325E-01  2.78057098E-01  8.06439552E-04
3.29428326E-01  2.83239633E-01  8.08756682E-04
3.29722327E-01  2.81934351E-01  7.89322716E-04
3.30016328E-01  2.85848796E-01  7.92035426E-04
3.30310329E-01  2.81975925E-01  8.04447220E-04
3.30604331E-01  2.77878761E-01  7.92964885E-04
3.30898332E-01  2.84379184E-01  8.01329210E-04
3.31192333E-01  2.80492932E-01  8.16093001E-04
3.31486334E-01  2.83005893E-01  7.98378198E-04
3.31780335E-01  2.80519664E-01  7.91686005E-04
3.32074336E-01  2.80124545E-01  7.92687642E-04
3.32368338E-01  2.79159725E-01  7.98775000E-04
3.32662339E-01  2.80167729E-01  8.20934598E-04
3.32956340E-01  2.85609752E-01  8.16999003E-04
3.33250341E-01  2.75905132E-01  7.95071304E-04
3.33544342E-01  2.81683832E-01  7.98532332E-04
3.33838344E-01  2.84843326E-01  8.13847815E-04
3.34132345E-01  2.82417506E-01  8.20918474E-04
3.34426346E-01  2.87264377E-01  8.15859181E-04
3.34720347E-01  2.83463389E-01  8.18606524E-04
3.35014348E-01  2.81747431E-01  7.95445521E-04
3.35308349E-01  2.80366302E-01  8.15203297E-04
3.35602351E-01  2.78864354E-01  8.01305578E-04
3.35896352E-01  2.81774253E-01  8.33844591E-04
3.36190353E-01  2.80719072E-01  8.31584679E-04
3.36484354E-01  2.85890341E-01  8.16079322E-04
3.36778355E-01  2.81136513E-01  8.24470422E-04
3.37072357E-01  2.83984244E-01  8.66963586E-04
3.37366358E-01  2.82993555E-01  8.52974830E-04
3.37660359E-01  2.77170837E-01  8.21167137E-04
3.37954360E-01  2.82130510E-01  8.00189504E-04
3.38248361E-01  2.78498054E-01  8.28084827E-04
3.38542362E-01  2.81098127E-01  8.38384149E-04
3.38836364E-01  2.77306616E-01  8.26160423E-04
3.39130365E-01  2.73999244E-01  8.12443672E-04
3.39424366E-01  2.81668872E-01  7.89580110E-04
3.39718367E-01  2.74383128E-01  8.01150978E-04
3.40012368E-01  2.74041712E-01  7.88664562E-04
3.40306370E-01  2.84928739E-01  8.21850088E-04
3.40600371E-01  2.74731159E-01  8.05520278E-04
3.40894372E-01  2.76155502E-01  8.02995171E-04
3.41188373E-01  2.76065052E-01  8.35856656E-04
3.41482374E-01  2.79489011E-01  7.91019993E-04
3.41776376E-01  2.84465671E-01  8.51434015E-04
3.42070377E-01  2.76221722E-01  8.09339515E-04
3.42364378E-01  2.76433170E-01  8.01790156E-04
3.42658379E-01  2.77002513E-01  7.96095526E-04
3.42952380E-01  2.79261023E-01  8.32657097E-04
3.43246381E-01  2.77725697E-01  8.03315139E-04
3.43540383E-01  2.75107533E-01  8.21593567E-04
3.43834384E-01  2.76366115E-01  8.07165925E-04
3.44128385E-01  2.80318677E-01  8.27616779E-04
3.44422386E-01  2.78133482E-01  8.10781086E-04
3.44716387E-01  2.78813273E-01  8.32365069E-04
3.45010389E-01  2.74422586E-01  8.07266217E-04
3.45304390E-01  2.69455343E-01  8.05511256E-04
3.45598391E-01  2.70193130E-01  7.98718829E-04
3.45892392E-01  2.76978940E-01  8.07463541E-04
3.46186393E-01  2.74932384E-01  8.19647219E-04
3.46480394E-01  2.75915027E-01  7.91953644E-04
3.46774396E-01  2.74879515E-01  8.28481629E-04
3.47068397E-01  2.72222608E-01  8.10000580E-04
3.47362398E-01  2.72143662E-01  7.96825916E-04
3.47656399E-01  2.75607795E-01  8.02965311E-04
3.47950400E-01  2.69206196E-01  7.89333659E-04
3.48244402E-01  2.70196170E-01  8.07907840E-04
3.48538403E-01  2.73771197E-01  8.19737907E-04
3.48832404E-01  2.67803103E-01  7.85811222E-04
3.49126405E-01  2.73665309E-01  8.06458411E-04
3.49420406E-01  2.70511478E-01  8.00532755E-04
3.49714407E-01  2.70710528E-01  8.08661047E-04
3.50008409E-01  2.69775540E-01  7.90571561E-04
3.50302410E-01  2.75473475E-01  7.89691287E-04
3.50596411E-01  2.74686933E-01  8.06901720E-04
3.50890412E-01  2.71771014E-01  7.98420690E-04
3.51184413E-01  2.68228054E-01  7.90895720E-04
3.51478415E-01  2.76196063E-01  8.10136204E-04
3.51772416E-01  2.73166895E-01  8.18850938E-04
3.52066417E-01  2.71481454E-01  8.10229976E-04
3.52360418E-01  2.70041257E-01  8.12899554E-04
3.52654419E-01  2.71364391E-01  7.98694382E-04
3.52948420E-01  2.65789360E-01  8.08388228E-04
3.53242422E-01  2.65717596E-01  8.01261282E-04
3.53536423E-01  2.61563152E-01  7.88774865E-04
3.53830424E-01  2.66643822E-01  8.05044780E-04
3.54124425E-01  2.69189805E-01  7.94535328E-04
3.54418426E-01  2.67586231E-01  8.05712189E-04
3.54712428E-01  2.65405804E-01  7.88488833E-04
3.55006429E-01  2.64362425E-01  7.98440364E-04
3.55300430E-01  2.70279616E-01  8.00818147E-04
3.55594431E-01  2.65406877E-01  7.78912567E-04
3.55888432E-01  2.70419180E-01  8.08942306E-04
3.56182433E-01  2.72233456E-01  8.04743846E-04
3.56476435E-01  2.61388272E-01  7.80545350E-04
3.56770436E-01  2.68381387E-01  8.10316065E-04
3.57064437E-01  2.65980512E-01  8.22916802E-04
3.57358438E-01  2.64864773E-01  8.09384859E-04
3.57652439E-01  2.64409393E-01  8.10708676E-04
3.57946441E-01  2.65677780E-01  7.98634370E-04
3.58240442E-01  2.68128037E-01  8.03014613E-04
3.58534443E-01  2.65431345E-01  7.96541048E-04
3.58828444E-01  2.59827346E-01  7.80145463E-04
3.59122445E-01  2.60086089E-01  7.79818802E-04
3.59416447E-01  2.59990245E-01  8.00024078E-04
3.59710448E-01  2.61754185E-01  8.04724637E-04
3.60004449E-01  2.66780645E-01  8.06090073E-04
3.60298450E-01  2.66702175E-01  8.22957372E-04
3.60592451E-01  2.64123589E-01  8.08752317E-04
3.60886452E-01  2.58379400E-01  7.91653292E-04
3.61180454E-01  2.61011660E-01  8.05370335E-04
3.61474455E-01  2.59765804E-01  7.81425566E-04
3.61768456E-01  2.64303952E-01  8.05871561E-04
3.62062457E-01  2.61475354E-01  8.03515664E-04
3.62356458E-01  2.55860925E-01  7.98552239E-04
3.62650460E-01  2.61305362E-01  8.03269329E-04
3.62944461E-01  2.59782672E-01  7.82945543E-04
3.63238462E-01  2.57314920E-01  8.06886703E-04
3.63532463E-01  2.63279647E-01  7.89261365E-04
3.63826464E-01  2.63756245E-01  8.08231765E-04
3.64120465E-01  2.58554459E-01  7.85176642E-04
3.64414467E-01  2.56433606E-01  7.89592450E-04
3.64708468E-01  2.61236310E-01  8.02803785E-04
3.65002469E-01  2.64263272E-01  8.09594989E-04
3.65296470E-01  2.55641431E-01  7.91366212E-04
3.65590471E-01  2.60163486E-01  8.05209274E-04
3.65884473E-01  2.56604701E-01  7.84918666E-04
3.66178474E-01  2.63509482E-01  8.15493346E-04
3.66472475E-01  2.58917361E-01  7.89780112E-04
3.66766476E-01  2.59680390E-01  8.15746374E-04
3.67060477E-01  2.57749170E-01  7.89728947E-04
3.67354478E-01  2.58792818E-01  7.82371208E-04
3.67648480E-01  2.60464191E-01  8.08538578E-04
3.67942481E-01  2.56046355E-01  8.02484050E-04
3.68236482E-01  2.61970013E-01  8.06797936E-04
3.68530483E-01  2.63796151E-01  8.05200776E-04
3.68824484E-01  2.55707264E-01  7.79308903E-04
3.69118486E-01  2.58012384E-01  7.84148753E-04
3.69412487E-01  2.59573996E-01  8.27898446E-04
3.69706488E-01  2.60534912E-01  7.96119857E-04
3.70000489E-01  2.58903593E-01  7.96584936E-04
3.70294490E-01  2.56403834E-01  7.76908826E-04
3.70588491E-01  2.61950970E-01  8.11544072E-04
3.70882493E-01  2.62895137E-01  8.07559234E-04
3.71176494E-01  2.54886895E-01  8.10195343E-04
3.71470495E-01  2.52972543E-01  7.95277418E-04
3.71764496E-01  2.57705063E-01  8.05665099E-04
3.72058497E-01  2.57655948E-01  7.80050061E-04
3.72352499E-01  2.60775626E-01  8.19663284E-04
3.72646500E-01  2.58380324E-01  7.86218618E-04
3.72940501E-01  2.60229766E-01  7.84161442E-04
3.73234502E-01  2.59105444E-01  8.00071342E-04
3.73528503E-01  2.62010068E-01  8.01440503E-04
3.73822504E-01  2.58388668E-01  7.72781612E-04
3.74116506E-01  2.56961673E-01  7.85752316E-04
3.74410507E-01  2.62245446E-01  8.11604084E-04
3.74704508E-01  2.56925553E-01  7.94147840E-04
3.74998509E-01  2.58719027E-01  7.87353376E-04
3.75292510E-01  2.62896895E-01  8.08322744E-04
3.75586512E-01  2.53829449E-01  7.83720694E-04
3.75880513E-01  2.57820040E-01  8.03699717E-04
3.76174514E-01  2.57122844E-01  8.04993266E-04
3.76468515E-01  2.57520705E-01  7.91296363E-04
3.76762516E-01  2.57699192E-01  8.02156050E-04
3.77056518E-01  2.56872147E-01  7.97638437E-04
3.77350519E-01  2.54549354E-01  8.05636635E-04
3.77644520E-01  2.59819776E-01  7.88629812E-04
3.77938521E-01  2.56701708E-01  8.05865799E-04
3.78232522E-01  2.58073300E-01  7.87725614E-04
3.78526523E-01  2.56409436E-01  7.95724045E-04
3.78820525E-01  2.55542994E-01  8.01469781E-04
3.79114526E-01  2.54779398E-01  7.90000951E-04
3.79408527E-01  2.58042455E-01  7.98991416E-04
3.79702528E-01  2.55474687E-01  8.09696678E-04
3.79996529E-01  2.55313009E-01  8.27452168E-04
3.80290531E-01  2.57122815E-01  8.10603844E-04
3.80584532E-01  2.55788922E-01  8.03889998E-04
3.80878533E-01  2.56936044E-01  7.97412649E-04
3.81172534E-01  2.56400496E-01  7.79984635E-04
3.81466535E-01  2.59076208E-01  7.98098044E-04
3.81760536E-01  2.58859098E-01  8.27785465E-04
3.82054538E-01  2.58293450E-01  7.94472464E-04
3.82348539E-01  2.55134255E-01  8.04643321E-04
3.82642540E-01  2.55388111E-01  7.98625988E-04
3.82936541E-01  2.54386276E-01  8.00134847E-04
3.83230542E-01  2.57551730E-01  7.95988541E-04
3.83524544E-01  2.56832957E-01  7.97910965E-04
3.83818545E-01  2.51849204E-01  7.98335124E-04
3.84112546E-01  2.53075451E-01  7.74337852E-04
3.84406547E-01  2.56299555E-01  8.21807771E-04
3.84700548E-01  2.54391938E-01  7.86140445E-04
3.84994549E-01  2.51775414E-01  7.96081789E-04
3.85288551E-01  2.57909626E-01  8.04181036E-04
3.85582552E-01  2.57081449E-01  7.89675687E-04
3.85876553E-01  2.61021912E-01  7.98228022E-04
3.86170554E-01  2.52064615E-01  7.81433424E-04
3.86464555E-01  2.55265385E-01  8.13297054E-04
3.86758557E-01  2.58473098E-01  7.92097591E-04
3.87052558E-01  2.55395263E-01  8.03235918E-04
3.87346559E-01  2.56134480E-01  8.02960014E-04
3.87640560E-01  2.58876592E-01  7.85888871E-04
3.87934561E-01  2.56658196E-01  7.91544386E-04
3.88228562E-01  2.60763019E-01  7.85638811E-04
3.88522564E-01  2.62588590E-01  8.08420940E-04
3.88816565E-01  2.55734622E-01  8.13045772E-04
3.89110566E-01  2.59497046E-01  7.99005851E-04
3.89404567E-01  2.67227560E-01  8.17010470E-04
3.89698568E-01  2.58262932E-01  8.08613142E-04
3.89992570E-01  2.56236970E-01  8.11420148E-04
3.90286571E-01  2.54648745E-01  8.07129254E-04
3.90580572E-01  2.61061043E-01  8.16040963E-04
3.90874573E-01  2.54240334E-01  7.96655309E-04
3.91168574E-01  2.60673940E-01  8.00728041E-04
3.91462575E-01  2.57344574E-01  7.92556268E-04
3.91756577E-01  2.59603053E-01  8.01894581E-04
3.92050578E-01  2.57969588E-01  7.92320643E-04
3.92344579E-01  2.57592112E-01  8.20872490E-04
3.92638580E-01  2.54239440E-01  7.84643518E-04
3.92932581E-01  2.60185272E-01  8.01531482E-04
3.93226583E-01  2.61930943E-01  8.15638283E-04
3.93520584E-01  2.59132773E-01  8.00758717E-04
3.93814585E-01  2.66229689E-01  8.19254550E-04
3.94108586E-01  2.56104112E-01  7.83802418E-04
3.94402587E-01  2.59594858E-01  8.17727647E-04
3.94696588E-01  2.58466095E-01  7.94750697E-04
3.94990590E-01  2.57678956E-01  7.88660487E-04
3.95284591E-01  2.61239767E-01  8.01813148E-04
3.95578592E-01  2.57381886E-01  7.94120424E-04
3.95872593E-01  2.58189470E-01  8.18543660E-04
3.96166594E-01  2.54593015E-01  7.98786059E-04
3.96460596E-01  2.63277769E-01  7.90183141E-04
3.96754597E-01  2.64717698E-01  8.35791870E-04
3.97048598E-01  2.63673306E-01  8.22450558E-04
3.97342599E-01  2.57740706E-01  8.11803329E-04
3.97636600E-01  2.60584563E-01  8.11783189E-04
3.97930602E-01  2.60643005E-01  8.07131175E-04
3.98224603E-01  2.58931398E-01  8.15486885E-04
3.98518604E-01  2.62605399E-01  8.00455688E-04
3.98812605E-01  2.63141304E-01  8.27180280E-04
3.99106606E-01  2.64750212E-01  8.16734100E-04
3.99400607E-01  2.65018523E-01  8.37345375E-04
3.99694609E-01  2.63502538E-01  8.11562233E-04
3.99988610E-01  2.61690259E-01  8.21986119E-04
4.00282611E-01  2.64941812E-01  8.22516042E-04
4.00576612E-01  2.67145693E-01  8.15788517E-04
4.00870613E-01  2.62376815E-01  8.19315261E-04
4.01164615E-01  2.65440017E-01  8.12495826E-04
4.01458616E-01  2.58885235E-01  8.09671998E-04
4.01752617E-01  2.68167287E-01  8.23036127E-04
4.02046618E-01  2.61174679E-01  8.11609323E-04
4.02340619E-01  2.56221086E-01  8.18968983E-04
4.02634620E-01  2.68659562E-01  8.28038610E-04
4.02928622E-01  2.59457201E-01  8.33110535E-04
4.03222623E-01  2.59028018E-01  8.16953601E-04
4.03516624E-01  2.59546071E-01  8.03143717E-04
4.03810625E-01  2.56510079E-01  8.04570212E-04
4.04104626E-01  2.56435990E-01  7.87000987E-04
4.04398628E-01  2.60872990E-01  8.28973309E-04
4.04692629E-01  2.64933288E-01  8.22890375E-04
4.04986630E-01  2.57777274E-01  8.04199371E-04
4.05280631E-01  2.59752035E-01  8.36674997E-04
4.05574632E-01  2.59710073E-01  8.15743522E-04
4.05868633E-01  2.61876792E-01  8.31737358E-04
4.06162635E-01  2.59599119E-01  7.89073936E-04
4.06456636E-01  2.55658478E-01  8.17219494E-04
4.06750637E-01  2.54955649E-01  7.92891136E-04
4.07044638E-01  2.54866123E-01  7.93436659E-04
4.07338639E-01  2.54284143E-01  8.03298957E-04
4.07632641E-01  2.54616082E-01  7.95196218E-04
4.07926642E-01  2.57638514E-01  8.09060526E-04
4.08220643E-01  2.54158944E-01  8.00135313E-04
4.08514644E-01  2.58246332E-01  8.04906304E-04
4.08808645E-01  2.57382959E-01  8.05924588E-04
4.09102646E-01  2.56290913E-01  8.20714165E-04
4.09396648E-01  2.55466431E-01  7.92349863E-04
4.09690649E-01  2.51261503E-01  8.04601528E-04
4.09984650E-01  2.51466185E-01  7.93477928E-04
4.10278651E-01  2.55070925E-01  7.88006466E-04
4.10572652E-01  2.52103835E-01  7.85206212E-04
4.10866654E-01  2.57947177E-01  7.89614161E-04
4.11160655E-01  2.47949585E-01  7.86710996E-04
4.11454656E-01  2.51431048E-01  7.79421709E-04
4.11748657E-01  2.48544186E-01  7.68547296E-04
4.12042658E-01  2.54370451E-01  7.96520093E-04
4.12336659E-01  2.52219141E-01  7.76620756E-04
4.12630661E-01  2.50603646E-01  7.80354138E-04
4.12924662E-01  2.48474747E-01  7.95692147E-04
4.13218663E-01  2.55305767E-01  8.07664532E-04
4.13512664E-01  2.55152464E-01  7.86007440E-04
4.13806665E-01  2.44381458E-01  7.47203594E-04
4.14100667E-01  2.46422723E-01  7.85191369E-04
4.14394668E-01  2.48906463E-01  7.82611547E-04
4.14688669E-01  2.49582931E-01  7.84896256E-04
4.14982670E-01  2.43162662E-01  7.65891280E-04
4.15276671E-01  2.47972280E-01  7.74285872E-04
4.15570673E-01  2.46017769E-01  7.75903114E-04
4.15864674E-01  2.44681016E-01  7.86197488E-04
4.16158675E-01  2.51643807E-01  8.09126883E-04
4.16452676E-01  2.55783945E-01  7.99640547E-04
4.16746677E-01  2.44329497E-01  7.52913416E-04
4.17040678E-01  2.44721904E-01  7.89554848E-04
4.17334680E-01  2.47788757E-01  7.87740631E-04
4.17628681E-01  2.46028081E-01  7.66613928E-04
4.17922682E-01  2.44291395E-01  7.76939210E-04
4.18216683E-01  2.39611328E-01  7.72175612E-04
4.18510684E-01  2.43237510E-01  7.76397006E-04
4.18804686E-01  2.50055403E-01  8.05014104E-04
4.19098687E-01  2.42854565E-01  7.72351632E-04
4.19392688E-01  2.46152148E-01  7.86754361E-04
4.19686689E-01  2.40245402E-01  7.80130154E-04
4.19980690E-01  2.45861396E-01  7.77264650E-04
4.20274691E-01  2.38883391E-01  7.73074978E-04
4.20568693E-01  2.43908480E-01  7.84255506E-04
4.20862694E-01  2.35670403E-01  7.71544816E-04
4.21156695E-01  2.42454275E-01  7.74898799E-04
4.21450696E-01  2.41997391E-01  7.55902089E-04
4.21744697E-01  2.38064259E-01  7.67941703E-04
4.22038699E-01  2.40770191E-01  7.85289856E-04
4.22332700E-01  2.36393094E-01  7.64941098E-04
4.22626701E-01  2.38202095E-01  7.71530147E-04
4.22920702E-01  2.41029635E-01  7.91079830E-04
4.23214703E-01  2.34010503E-01  7.71608669E-04
4.23508704E-01  2.36450464E-01  7.68738042E-04
4.23802706E-01  2.35788390E-01  7.63331074E-04
4.24096707E-01  2.38899454E-01  7.77436246E-04
4.24390708E-01  2.40772679E-01  7.66576093E-04
4.24684709E-01  2.38982156E-01  7.83053634E-04
4.24978710E-01  2.37101793E-01  7.69538863E-04
4.25272712E-01  2.39122078E-01  7.67983438E-04
4.25566713E-01  2.36252710E-01  7.56049471E-04
4.25860714E-01  2.37528220E-01  7.80734175E-04
4.26154715E-01  2.39251286E-01  7.71831605E-04
4.26448716E-01  2.40488037E-01  7.66505313E-04
4.26742717E-01  2.36533165E-01  7.48669903E-04
4.27036719E-01  2.30673775E-01  7.46558944E-04
4.27330720E-01  2.36297622E-01  7.76114583E-04
4.27624721E-01  2.35083699E-01  7.72963918E-04
4.27918722E-01  2.34124184E-01  7.75508408E-04
4.28212723E-01  2.30992258E-01  7.64543714E-04
4.28506725E-01  2.30765879E-01  7.61529664E-04
4.28800726E-01  2.30494976E-01  7.46029720E-04
4.29094727E-01  2.40561873E-01  7.90555321E-04
4.29388728E-01  2.34714836E-01  7.77516805E-04
4.29682729E-01  2.33465254E-01  7.51685293E-04
4.29976730E-01  2.26157054E-01  7.38944509E-04
4.30270732E-01  2.29304850E-01  7.43509619E-04
4.30564733E-01  2.33409911E-01  7.81002687E-04
4.30858734E-01  2.33508900E-01  7.54912966E-04
4.31152735E-01  2.34628275E-01  7.74565444E-04
4.31446736E-01  2.30698183E-01  7.71309715E-04
4.31740738E-01  2.28943005E-01  7.59705377E-04
4.32034739E-01  2.30859905E-01  7.61358300E-04
4.32328740E-01  2.25968197E-01  7.66202225E-04
4.32622741E-01  2.32554004E-01  7.57954374E-04
4.32916742E-01  2.28521690E-01  7.56178808E-04
4.33210744E-01  2.27734700E-01  7.35979935E-04
4.33504745E-01  2.26444662E-01  7.49346160E-04
4.33798746E-01  2.27664456E-01  7.47367856E-04
4.34092747E-01  2.30606064E-01  7.52703985E-04
4.34386748E-01  2.25282222E-01  7.48062681E-04
4.34680749E-01  2.29894355E-01  7.74252869E-04
4.34974751E-01  2.26116031E-01  7.44575169E-04
4.35268752E-01  2.25886390E-01  7.43357639E-04
4.35562753E-01  2.28725702E-01  7.44578429E-04
4.35856754E-01  2.29824170E-01  7.46237638E-04
4.36150755E-01  2.26947799E-01  7.37335940E-04
4.36444757E-01  2.26550981E-01  7.41205469E-04
4.36738758E-01  2.26829216E-01  7.38246599E-04
4.37032759E-01  2.27262393E-01  7.42992153E-04
4.37326760E-01  2.28247195E-01  7.33276189E-04
4.37620761E-01  2.27321193E-01  7.75951601E-04
4.37914762E-01  2.25607961E-01  7.51958869E-04
4.38208764E-01  2.29173124E-01  7.47259648E-04
4.38502765E-01  2.31692508E-01  7.51237618E-04
4.38796766E-01  2.31069684E-01  7.58783659E-04
4.39090767E-01  2.29300424E-01  7.63520948E-04
4.39384768E-01  2.26933509E-01  7.42707285E-04
4.39678770E-01  2.25354075E-01  7.46795500E-04
4.39972771E-01  2.27367297E-01  7.48026359E-04
4.40266772E-01  2.23643765E-01  7.50298379E-04
4.40560773E-01  2.29859948E-01  7.71144463E-04
4.40854774E-01  2.25326002E-01  7.48297432E-04
4.41148775E-01  2.33216390E-01  7.72944477E-04
4.41442777E-01  2.23416686E-01  7.42453791E-04
4.41736778E-01  2.25038156E-01  7.33188703E-04
4.42030779E-01  2.22706050E-01  7.62202602E-04
4.42324780E-01  2.24367991E-01  7.19408505E-04
4.42618781E-01  2.26460248E-01  7.42926379E-04
4.42912783E-01  2.24975199E-01  7.53760338E-04
4.43206784E-01  2.27295488E-01  7.55665009E-04
4.43500785E-01  2.26134747E-01  7.45269936E-04
4.43794786E-01  2.30119571E-01  7.50604901E-04
4.44088787E-01  2.17171043E-01  7.27168925E-04
4.44382788E-01  2.28716806E-01  7.50016421E-04
4.44676790E-01  2.26502314E-01  7.35570909E-04
4.44970791E-01  2.17832953E-01  7.28267594E-04
4.45264792E-01  2.29134798E-01  7.72259955E-04
4.45558793E-01  2.29275092E-01  7.58477196E-04
4.45852794E-01  2.23105416E-01  7.50238483E-04
4.46146796E-01  2.27112412E-01  7.44486635E-04
4.46440797E-01  2.20847845E-01  7.29570864E-04
4.46734798E-01  2.28401959E-01  7.37950613E-04
4.47028799E-01  2.28884935E-01  7.48721883E-04
4.47322800E-01  2.22980589E-01  7.48171064E-04
4.47616801E-01  2.24797726E-01  7.44207820E-04
4.47910803E-01  2.26130456E-01  7.61324482E-04
4.48204804E-01  2.24118620E-01  7.79105118E-04
4.48498805E-01  2.29952976E-01  7.85708369E-04
4.48792806E-01  2.28056967E-01  7.55099056E-04
4.49086807E-01  2.29528427E-01  8.17421824E-04
4.49380809E-01  2.19025657E-01  7.92231760E-04
4.49674810E-01  2.24439800E-01  8.08813435E-04
4.49968811E-01  2.25307077E-01  8.14536877E-04
4.50262812E-01  2.22751424E-01  8.07875069E-04
4.50556813E-01  2.26896390E-01  8.07486766E-04
4.50850814E-01  2.30720833E-01  8.19203560E-04
4.51144816E-01  2.20339105E-01  8.01341957E-04
4.51438817E-01  2.23284200E-01  7.93742831E-04
4.51732818E-01  2.19015315E-01  8.14315223E-04
4.52026819E-01  2.26281494E-01  8.21310503E-04
4.52320820E-01  2.18417153E-01  8.11496691E-04
4.52614822E-01  2.27821112E-01  8.37096188E-04
4.52908823E-01  2.25587264E-01  8.24993418E-04
4.53202824E-01  2.21883938E-01  8.32161750E-04
4.53496825E-01  2.24230722E-01  8.31517973E-04
4.53790826E-01  2.18446225E-01  8.21718306E-04
4.54084828E-01  2.20674589E-01  8.44599796E-04
4.54378829E-01  2.22227529E-01  8.48783064E-04
4.54672830E-01  2.25265801E-01  8.57300067E-04
4.54966831E-01  2.22484559E-01  8.34640115E-04
4.55260832E-01  2.23818749E-01  8.44510330E-04
4.55554833E-01  2.22665668E-01  8.68232630E-04
4.55848835E-01  2.24371925E-01  8.82697990E-04
4.56142836E-01  2.20985115E-01  8.34621897E-04
4.56436837E-01  2.25054428E-01  8.80892389E-04
4.56730838E-01  2.20241278E-01  8.62972869E-04
4.57024839E-01  2.30591670E-01  8.91737815E-04
4.57318841E-01  2.25373313E-01  8.80276726E-04
4.57612842E-01  2.22726896E-01  9.03241336E-04
4.57906843E-01  2.24878937E-01  8.79549480E-04
4.58200844E-01  2.23807886E-01  8.97613878E-04
4.58494845E-01  2.22945154E-01  8.92988872E-04
4.58788846E-01  2.22100496E-01  8.55501567E-04
4.59082848E-01  2.23158181E-01  8.65743612E-04
4.59376849E-01  2.21214488E-01  8.26147327E-04
4.59670850E-01  2.26168573E-01  8.46669835E-04
4.59964851E-01  2.19312876E-01  8.06731987E-04
4.60258852E-01  2.28779316E-01  8.39588523E-04
4.60552854E-01  2.21627906E-01  8.24238814E-04
4.60846855E-01  2.26749003E-01  8.41285102E-04
4.61140856E-01  2.24182904E-01  8.31948943E-04
4.61434857E-01  2.27843106E-01  8.28366145E-04
4.61728858E-01  2.28869766E-01  8.60696833E-04
4.62022859E-01  2.25859150E-01  8.16823391E-04
4.62316861E-01  2.18878463E-01  8.29251599E-04
4.62610862E-01  2.22579509E-01  8.38898588E-04
4.62904863E-01  2.22421229E-01  8.07911216E-04
4.63198864E-01  2.22977385E-01  8.16396030E-04
4.63492865E-01  2.19250888E-01  8.24161281E-04
4.63786867E-01  2.25228488E-01  8.02105642E-04
4.64080868E-01  2.27192774E-01  8.35574174E-04
4.64374869E-01  2.23185554E-01  8.07348930E-04
4.64668870E-01  2.26120993E-01  8.15473089E-04
4.64962871E-01  2.18012393E-01  8.05991527E-04
4.65256872E-01  2.24722400E-01  8.28856195E-04
4.65550874E-01  2.23180354E-01  7.96806591E-04
4.65844875E-01  2.30562419E-01  8.07781995E-04
4.66138876E-01  2.28835419E-01  8.02207913E-04
4.66432877E-01  2.19605371E-01  8.04842275E-04
4.66726878E-01  2.18080759E-01  7.95437430E-04
4.67020880E-01  2.21053720E-01  7.91903585E-04
4.67314881E-01  2.21990988E-01  8.07408069E-04
4.67608882E-01  2.22857207E-01  8.13849852E-04
4.67902883E-01  2.24354208E-01  8.09003541E-04
4.68196884E-01  2.25144461E-01  8.25285737E-04
4.68490885E-01  2.24247411E-01  8.00664013E-04
4.68784887E-01  2.26226598E-01  8.21129594E-04
4.69078888E-01  2.18409956E-01  8.13553634E-04
4.69372889E-01  2.28407860E-01  8.07522272E-04
4.69666890E-01  2.26308793E-01  7.88627076E-04
4.69960891E-01  2.24143714E-01  8.36835010E-04
4.70254893E-01  2.18721837E-01  7.87746510E-04
4.70548894E-01  2.26934418E-01  8.03049305E-04
4.70842895E-01  2.20725521E-01  7.90295890E-04
4.71136896E-01  2.22315148E-01  7.94119434E-04
4.71430897E-01  2.23125428E-01  8.07593751E-04
4.71724899E-01  2.24604428E-01  8.06834432E-04
4.72018900E-01  2.22380951E-01  7.70671119E-04
4.72312901E-01  2.22438529E-01  7.98454392E-04
4.72606902E-01  2.30833575E-01  8.12612474E-04
4.72900903E-01  2.21156344E-01  7.84452423E-04
4.73194904E-01  2.22777143E-01  7.97830347E-04
4.73488906E-01  2.20232621E-01  8.07120581E-04
4.73782907E-01  2.24523783E-01  8.15699634E-04
4.74076908E-01  2.18095958E-01  7.88200006E-04
4.74370909E-01  2.23876208E-01  7.85492477E-04
4.74664910E-01  2.23848730E-01  8.05949967E-04
4.74958912E-01  2.23982185E-01  7.86785036E-04
4.75252913E-01  2.25811347E-01  8.00820300E-04
4.75546914E-01  2.24284574E-01  7.85526645E-04
4.75840915E-01  2.26577669E-01  7.92405044E-04
4.76134916E-01  2.21659467E-01  7.85987650E-04
4.76428917E-01  2.22594082E-01  7.91224244E-04
4.76722919E-01  2.26315737E-01  7.92818493E-04
4.77016920E-01  2.23046347E-01  8.16277636E-04
4.77310921E-01  2.24012285E-01  7.95015367E-04
4.77604922E-01  2.24199146E-01  7.96710898E-04
4.77898923E-01  2.23197833E-01  8.01698712E-04
4.78192925E-01  2.21917167E-01  8.02952389E-04
4.78486926E-01  2.22222507E-01  7.97138666E-04
4.78780927E-01  2.29132980E-01  7.88748963E-04
4.79074928E-01  2.25733072E-01  7.83801661E-04
4.79368929E-01  2.20976993E-01  7.67162594E-04
4.79662930E-01  2.22119331E-01  7.78262503E-04
4.79956932E-01  2.27909833E-01  8.05803400E-04
4.80250933E-01  2.22163185E-01  7.91956962E-04
4.80544934E-01  2.24029690E-01  8.03349190E-04
4.80838935E-01  2.25592032E-01  7.86557270E-04
4.81132936E-01  2.23050013E-01  7.79913680E-04
4.81426938E-01  2.19475031E-01  7.87150871E-04
4.81720939E-01  2.21037447E-01  7.98681634E-04
4.82014940E-01  2.23613322E-01  7.81526382E-04
4.82308941E-01  2.17287704E-01  7.72360305E-04
4.82602942E-01  2.19954446E-01  8.01391201E-04
4.82896943E-01  2.22055539E-01  7.85964250E-04
4.83190945E-01  2.20993698E-01  7.74900662E-04
4.83484946E-01  2.19617590E-01  7.64058961E-04
4.83778947E-01  2.24121064E-01  7.80910545E-04
4.84072948E-01  2.23099649E-01  7.79150869E-04
4.84366949E-01  2.23416790E-01  7.85894401E-04
4.84660951E-01  2.22007558E-01  8.08934099E-04
4.84954952E-01  2.22531945E-01  8.18509492E-04
4.85248953E-01  2.23492995E-01  8.04462004E-04
4.85542954E-01  2.26003289E-01  7.96305249E-04
4.85836955E-01  2.26338252E-01  8.04807176E-04
4.86130956E-01  2.25892901E-01  7.83114985E-04
4.86424958E-01  2.28586525E-01  7.94280029E-04
4.86718959E-01  2.17738464E-01  7.82715098E-04
4.87012960E-01  2.24580124E-01  8.02896917E-04
4.87306961E-01  2.21003890E-01  7.74464454E-04
4.87600962E-01  2.21940383E-01  7.86926772E-04
4.87894964E-01  2.25281000E-01  7.52642460E-04
4.88188965E-01  2.25389048E-01  7.79835158E-04
4.88482966E-01  2.25083455E-01  7.82092742E-04
4.88776967E-01  2.20487282E-01  7.75614928E-04
4.89070968E-01  2.18151271E-01  7.74738321E-04
4.89364970E-01  2.24153653E-01  7.83193391E-04
4.89658971E-01  2.26737753E-01  7.96900305E-04
4.89952972E-01  2.25846455E-01  7.87084864E-04
4.90246973E-01  2.22569197E-01  7.77208887E-04
4.90540974E-01  2.20334753E-01  7.88193778E-04
4.90834975E-01  2.24270523E-01  8.07284901E-04
4.91128977E-01  2.30985269E-01  8.04295705E-04
4.91422978E-01  2.21384302E-01  7.71573803E-04
4.91716979E-01  2.24389970E-01  8.08043464E-04
4.92010980E-01  2.22177148E-01  7.84906384E-04
4.92304981E-01  2.26307511E-01  7.81494018E-04
4.92598983E-01  2.23536775E-01  7.78948481E-04
4.92892984E-01  2.19562575E-01  7.82136107E-04
4.93186985E-01  2.23827705E-01  7.64625380E-04
4.93480986E-01  2.22480595E-01  7.99250847E-04
4.93774987E-01  2.22388640E-01  7.83300318E-04
4.94068988E-01  2.24275708E-01  7.72472878E-04
4.94362990E-01  2.28311732E-01  8.01709015E-04
4.94656991E-01  2.16788143E-01  7.88445002E-04
4.94950992E-01  2.25173414E-01  7.81292445E-04
4.95244993E-01  2.26659060E-01  7.91088038E-04
4.95538994E-01  2.24014923E-01  7.93815416E-04
4.95832996E-01  2.21920490E-01  7.70664483E-04
4.96126997E-01  2.22645313E-01  7.84297474E-04
4.96420998E-01  2.29686096E-01  7.97703397E-04
4.96714999E-01  2.20671296E-01  7.82904273E-04
4.97009000E-01  2.24887073E-01  7.70494225E-04
4.97303001E-01  2.24153325E-01  7.97783490E-04
4.97597003E-01  2.22527683E-01  7.66469457E-04
4.97891004E-01  2.22058997E-01  7.92608946E-04
4.98185005E-01  2.16445029E-01  7.79003429E-04
4.98479006E-01  2.25152045E-01  7.86112796E-04
4.98773007E-01  2.26462513E-01  7.59916205E-04
4.99067009E-01  2.21555904E-01  7.87856348E-04
4.99361010E-01  2.23873064E-01  8.07246834E-04
4.99655011E-01  2.24595308E-01  7.83348281E-04
4.99949012E-01  2.22065732E-01  7.82690069E-04
5.00243013E-01  2.24481523E-01  7.68669473E-04
5.00537014E-01  2.19447598E-01  7.88924983E-04
5.00831016E-01  2.22469136E-01  7.79075315E-04
5.01125017E-01  2.24825695E-01  7.84976990E-04
5.01419018E-01  2.22856492E-01  7.66538084E-04
5.01713019E-01  2.23408848E-01  7.78065412E-04
5.02007020E-01  2.22616121E-01  8.02698953E-04
5.02301022E-01  2.27517754E-01  8.12749611E-04
5.02595023E-01  2.27085650E-01  8.03463685E-04
5.02889024E-01  2.23571792E-01  7.80431845E-04
5.03183025E-01  2.21167952E-01  7.77464476E-04
5.03477026E-01  2.25027561E-01  7.66307581E-04
5.03771027E-01  2.22176120E-01  7.73509732E-04
5.04065029E-01  2.20701143E-01  7.74425280E-04
5.04359030E-01  2.18694404E-01  7.82326621E-04
5.04653031E-01  2.26392373E-01  7.83771917E-04
5.04947032E-01  2.22016856E-01  7.88908917E-04
5.05241033E-01  2.27462605E-01  7.81184644E-04
5.05535035E-01  2.26657987E-01  8.01587943E-04
5.05829036E-01  2.21802130E-01  7.80430040E-04
5.06123037E-01  2.22520649E-01  7.86643825E-04
5.06417038E-01  2.17756465E-01  7.93769432E-04
5.06711039E-01  2.23971426E-01  7.80686154E-04
5.07005040E-01  2.23849893E-01  7.95879343E-04
5.07299042E-01  2.26668537E-01  7.80865550E-04
5.07593043E-01  2.23415002E-01  7.79300346E-04
5.07887044E-01  2.25821882E-01  7.91429135E-04
5.08181045E-01  2.27001593E-01  7.89324869E-04
5.08475046E-01  2.21718684E-01  8.05895077E-04
5.08769048E-01  2.25430980E-01  7.67046527E-04
5.09063049E-01  2.21360937E-01  7.90919410E-04
5.09357050E-01  2.23926380E-01  8.09814373E-04
5.09651051E-01  2.20781282E-01  7.57909031E-04
5.09945052E-01  2.25652665E-01  7.81738490E-04
5.10239054E-01  2.19406366E-01  7.71111343E-04
5.10533055E-01  2.24599466E-01  7.76987581E-04
5.10827056E-01  2.24648669E-01  7.77827110E-04
5.11121057E-01  2.21477732E-01  7.58857524E-04
5.11415058E-01  2.19311878E-01  7.90596532E-04
5.11709059E-01  2.21161515E-01  7.46723555E-04
5.12003061E-01  2.22285956E-01  7.77991314E-04
5.12297062E-01  2.25231081E-01  7.86740391E-04
5.12591063E-01  2.23034456E-01  7.64102908E-04
5.12885064E-01  2.22051650E-01  7.79552734E-04
5.13179065E-01  2.24753469E-01  7.96125270E-04
5.13473067E-01  2.23981813E-01  7.97433313E-04
5.13767068E-01  2.19601423E-01  7.88365433E-04
5.14061069E-01  2.20119700E-01  7.77272508E-04
5.14355070E-01  2.25870103E-01  8.02399067E-04
5.14649071E-01  2.22672254E-01  7.81435927E-04
5.14943072E-01  2.23989621E-01  7.85234326E-04
5.15237074E-01  2.20854551E-01  7.83835421E-04
5.15531075E-01  2.23848134E-01  7.82759977E-04
5.15825076E-01  2.18170226E-01  7.67795776E-04
5.16119077E-01  2.29095802E-01  7.93240150E-04
5.16413078E-01  2.19519630E-01  7.61590316E-04
5.16707080E-01  2.23823458E-01  7.92534614E-04
5.17001081E-01  2.24428698E-01  8.07679549E-04
5.17295082E-01  2.24328458E-01  7.85784039E-04
5.17589083E-01  2.18658656E-01  7.88010249E-04
5.17883084E-01  2.22412512E-01  7.89078069E-04
5.18177085E-01  2.20878869E-01  7.92082923E-04
5.18471087E-01  2.20300600E-01  7.84058357E-04
5.18765088E-01  2.20422149E-01  7.74624175E-04
5.19059089E-01  2.25234762E-01  7.81424344E-04
5.19353090E-01  2.18874365E-01  7.74602406E-04
5.19647091E-01  2.24477902E-01  7.84124772E-04
5.19941093E-01  2.19187543E-01  7.84491131E-04
5.20235094E-01  2.22819895E-01  7.79484457E-04
5.20529095E-01  2.22949788E-01  7.81739014E-04
5.20823096E-01  2.22767457E-01  7.78727408E-04
5.21117097E-01  2.23959997E-01  7.77284964E-04
5.21411098E-01  2.19811827E-01  7.81022245E-04
5.21705100E-01  2.23925918E-01  7.86713732E-04
5.21999101E-01  2.23076388E-01  8.01553484E-04
5.22293102E-01  2.19125897E-01  7.92337174E-04
5.22587103E-01  2.20891625E-01  7.65217352E-04
5.22881104E-01  2.25007445E-01  7.89166661E-04
5.23175106E-01  2.21497908E-01  7.83256197E-04
5.23469107E-01  2.20019817E-01  7.78118323E-04
5.23763108E-01  2.24703744E-01  7.91860512E-04
5.24057109E-01  2.20130011E-01  7.67133024E-04
5.24351110E-01  2.21977875E-01  7.63278978E-04
5.24645111E-01  2.19212979E-01  7.65189645E-04
5.24939113E-01  2.16309249E-01  7.99023430E-04
5.25233114E-01  2.29055658E-01  7.92999286E-04
5.25527115E-01  2.19009191E-01  7.74243439E-04
5.25821116E-01  2.19835088E-01  7.87269149E-04
5.26115117E-01  2.23070368E-01  7.71254126E-04
5.26409119E-01  2.17233449E-01  7.62799580E-04
5.26703120E-01  2.26659015E-01  7.65911711E-04
5.26997121E-01  2.20575422E-01  7.72226253E-04
5.27291122E-01  2.19725683E-01  7.68323313E-04
5.27585123E-01  2.23365322E-01  8.13790422E-04
5.27879125E-01  2.26118058E-01  7.97458459E-04
5.28173126E-01  2.21755728E-01  7.95088126E-04
5.28467127E-01  2.23863274E-01  8.01055110E-04
5.28761128E-01  2.21264735E-01  7.66533893E-04
5.29055129E-01  2.21977964E-01  7.91477505E-04
5.29349130E-01  2.22365394E-01  7.74794491E-04
5.29643132E-01  2.23149613E-01  7.91562372E-04
5.29937133E-01  2.19301432E-01  7.88236037E-04
5.30231134E-01  2.24732623E-01  7.76283618E-04
5.30525135E-01  2.20785424E-01  7.55298999E-04
5.30819136E-01  2.25474179E-01  7.66019046E-04
5.31113138E-01  2.19059005E-01  7.58525624E-04
5.31407139E-01  2.16835976E-01  7.52050313E-04
5.31701140E-01  2.20192224E-01  7.82762421E-04
5.31995141E-01  2.23393559E-01  7.86013843E-04
5.32289142E-01  2.17117846E-01  7.70718150E-04
5.32583143E-01  2.20139876E-01  7.66399549E-04
5.32877145E-01  2.21822217E-01  7.67890015E-04
5.33171146E-01  2.24697575E-01  7.87621539E-04
5.33465147E-01  2.22752854E-01  7.71545456E-04
5.33759148E-01  2.26489484E-01  7.75606255E-04
5.34053149E-01  2.27321520E-01  7.57663744E-04
5.34347151E-01  2.18930379E-01  7.57010013E-04
5.34641152E-01  2.20319718E-01  7.76358240E-04
5.34935153E-01  2.19766781E-01  7.62954936E-04
5.35229154E-01  2.21352205E-01  7.88736972E-04
5.35523155E-01  2.15217248E-01  7.53489265E-04
5.35817156E-01  2.21934572E-01  7.59059563E-04
5.36111158E-01  2.19425425E-01  7.52944616E-04
5.36405159E-01  2.18996629E-01  7.49055180E-04
5.36699160E-01  2.20446572E-01  7.53891480E-04
5.36993161E-01  2.26625860E-01  7.77389738E-04
5.37287162E-01  2.20390633E-01  7.65140343E-04
5.37581164E-01  2.21322298E-01  7.54933339E-04
5.37875165E-01  2.20658764E-01  7.67932332E-04
5.38169166E-01  2.21492246E-01  7.98176625E-04
5.38463167E-01  2.21613169E-01  7.88298203E-04
5.38757168E-01  2.20991701E-01  7.37617956E-04
5.39051169E-01  2.19057024E-01  7.41237251E-04
5.39345171E-01  2.21462607E-01  7.66593148E-04
5.39639172E-01  2.16408685E-01  7.63306918E-04
5.39933173E-01  2.20752209E-01  7.70070765E-04
5.40227174E-01  2.20254079E-01  7.73563224E-04
5.40521175E-01  2.17989966E-01  7.60289317E-04
5.40815177E-01  2.22501740E-01  7.65819801E-04
5.41109178E-01  2.25051105E-01  7.69783859E-04


### HEADER:
#
#{
#    "analysis": {},
#    "calibration_params": {
#        "Beam_Center_X": 1093.5,
#        "Beam_Center_Y": 2070.0,
#        "Detector Tilt": 0.0,
#        "Detector Tilt Plane Rotation": 0.0,
#        "Detector_X_Pixel_Size": 75.0,
#        "Detector_Y_Pixel_Size": 75.0,
#        "Integration Method": "nosplit_csr",
#        "Radial_Average_Method": "pyFAI",
#        "Sample-to-detector distance (mm)": 1790.0,
#        "Wavelength (A)": 0.8922346081119231
#    },
#    "config_file": "/nfs/chess/daq/2024-3/id7a/Winnikoff_10_17_24/HP-SAXS_10_20_24.cfg",
#    "counters": {
#        "Epoch": "99.242",
#        "I1": "0",
#        "I2": "0",
#        "I3": "0",
#        "Seconds": "1",
#        "Time": "2.00272e-05",
#        "date": "Fri Oct 18 20:54:52 2024",
#        "diode": "99729"
#    },
#    "filename": "KV0002A_repeat_35C_080MPa_up_1_data_000001_00001.h5",
#    "history": {},
#    "imageHeader": {},
#    "load_path": "/nfs/chess/daq/2024-3/id7a/Venkatraman_10_18_2024/KV0002A_repeat/KV0002A_repeat_35C_080MPa_up_1_data_000001.h5",
#    "normalizations": {
#        "Absolute_scale": {
#            "Absolute_scale_factor": 0.049803809341568875,
#            "Method": "Water"
#        },
#        "Counter_norms": [
#            [
#                "/",
#                "diode/150000"
#            ]
#        ],
#        "Polarization": {
#            "Used": false
#        },
#        "Solid_Angle_Correction": "On"
#    },
#    "raw_version": "2.1.4"
#}

