### DATA:
#
# 1802
#      Q             I(Q)           Error     
1.16130467E-02  2.29479618E+01  2.82794654E-01
1.19070479E-02  2.12094517E+01  2.86460668E-01
1.22010491E-02  1.93925152E+01  2.48662055E-01
1.24950503E-02  1.79935722E+01  2.00668618E-01
1.27890515E-02  1.60096245E+01  1.74016997E-01
1.30830527E-02  1.50213280E+01  1.43637121E-01
1.33770538E-02  1.38836918E+01  1.12313241E-01
1.36710550E-02  1.27365608E+01  1.12207673E-01
1.39650562E-02  1.19380941E+01  1.04459643E-01
1.42590574E-02  1.09940958E+01  8.69288892E-02
1.45530586E-02  9.93055248E+00  8.73779058E-02
1.48470598E-02  9.42190075E+00  8.35974216E-02
1.51410609E-02  8.72143936E+00  6.58994839E-02
1.54350621E-02  8.24120808E+00  6.37001321E-02
1.57290633E-02  7.61668015E+00  6.50049001E-02
1.60230645E-02  7.31241608E+00  5.26045710E-02
1.63170657E-02  7.01900959E+00  4.91686054E-02
1.66110669E-02  6.71683979E+00  4.89205569E-02
1.69050680E-02  6.23117876E+00  4.45707627E-02
1.71990692E-02  5.82071972E+00  3.99712622E-02
1.74930704E-02  5.69323683E+00  3.85318398E-02
1.77870716E-02  5.37269449E+00  3.61868367E-02
1.80810728E-02  5.11558151E+00  3.61009128E-02
1.83750740E-02  4.78431988E+00  3.66032459E-02
1.86690751E-02  4.78043461E+00  3.64272334E-02
1.89630763E-02  4.22466660E+00  3.55904475E-02
1.92570775E-02  3.96780992E+00  3.06817386E-02
1.95510787E-02  3.75370741E+00  3.34926173E-02
1.98450799E-02  3.62745118E+00  2.83453781E-02
2.01390811E-02  3.53594255E+00  2.81569771E-02
2.04330822E-02  3.45938921E+00  2.60018334E-02
2.07270834E-02  3.29199648E+00  2.32984759E-02
2.10210846E-02  3.17825270E+00  2.47171056E-02
2.13150858E-02  3.15629053E+00  2.07766630E-02
2.16090870E-02  2.96088457E+00  2.11012550E-02
2.19030882E-02  2.99139953E+00  1.99455433E-02
2.21970893E-02  2.90947723E+00  2.06624568E-02
2.24910905E-02  2.83646536E+00  1.97682679E-02
2.27850917E-02  2.77872372E+00  1.84625387E-02
2.30790929E-02  2.67824697E+00  1.67641155E-02
2.33730941E-02  2.64857984E+00  1.68995485E-02
2.36670953E-02  2.60716534E+00  1.76663939E-02
2.39610964E-02  2.54506207E+00  1.69757418E-02
2.42550976E-02  2.48369360E+00  1.45306401E-02
2.45490988E-02  2.47724509E+00  1.44836791E-02
2.48431000E-02  2.45573306E+00  1.57272704E-02
2.51371012E-02  2.37681174E+00  1.48025565E-02
2.54311024E-02  2.37493658E+00  1.40273497E-02
2.57251035E-02  2.37074709E+00  1.33831250E-02
2.60191047E-02  2.26026535E+00  1.32250674E-02
2.63131059E-02  2.29325223E+00  1.32212313E-02
2.66071071E-02  2.31482410E+00  1.26997791E-02
2.69011083E-02  2.26810598E+00  1.33016910E-02
2.71951094E-02  2.28712606E+00  1.21311247E-02
2.74891106E-02  2.23581481E+00  1.24530373E-02
2.77831118E-02  2.24941111E+00  1.28831333E-02
2.80771130E-02  2.25436234E+00  1.28382500E-02
2.83711142E-02  2.24747324E+00  1.24861654E-02
2.86651154E-02  2.18902659E+00  1.22707579E-02
2.89591165E-02  2.20082712E+00  1.26943402E-02
2.92531177E-02  2.17245269E+00  1.21245738E-02
2.95471189E-02  2.16185379E+00  1.15057165E-02
2.98411201E-02  2.16776085E+00  1.20762847E-02
3.01351213E-02  2.17542124E+00  1.16810612E-02
3.04291225E-02  2.17609167E+00  1.09374961E-02
3.07231236E-02  2.11493278E+00  1.15056597E-02
3.10171248E-02  2.14489627E+00  1.16637684E-02
3.13111260E-02  2.13274312E+00  1.08856298E-02
3.16051272E-02  2.10082865E+00  1.09906122E-02
3.18991284E-02  2.13366818E+00  1.08738588E-02
3.21931296E-02  2.12057757E+00  1.01957880E-02
3.24871307E-02  2.09644294E+00  9.98554844E-03
3.27811319E-02  2.13459897E+00  1.13947233E-02
3.30751331E-02  2.13546109E+00  1.00989137E-02
3.33691343E-02  2.11148715E+00  1.12259695E-02
3.36631355E-02  2.19229865E+00  1.08165592E-02
3.39571367E-02  2.15869379E+00  1.03147011E-02
3.42511378E-02  2.14018440E+00  9.55194514E-03
3.45451390E-02  2.17661166E+00  1.05877304E-02
3.48391402E-02  2.15934849E+00  1.02348905E-02
3.51331414E-02  2.16183352E+00  9.52949282E-03
3.54271426E-02  2.20092487E+00  1.03042880E-02
3.57211438E-02  2.18151116E+00  9.47998464E-03
3.60151449E-02  2.21629596E+00  1.01427669E-02
3.63091461E-02  2.25191188E+00  9.69420280E-03
3.66031473E-02  2.21325994E+00  9.44289193E-03
3.68971485E-02  2.18907881E+00  9.30744037E-03
3.71911497E-02  2.25254035E+00  9.61424038E-03
3.74851509E-02  2.25078225E+00  9.59625654E-03
3.77791520E-02  2.27914119E+00  9.24915541E-03
3.80731532E-02  2.32963872E+00  8.98953062E-03
3.83671544E-02  2.30616975E+00  9.55157448E-03
3.86611556E-02  2.27225876E+00  8.94036703E-03
3.89551568E-02  2.35517573E+00  9.21029132E-03
3.92491580E-02  2.36137366E+00  9.29131638E-03
3.95431591E-02  2.34887290E+00  8.67617410E-03
3.98371603E-02  2.37270379E+00  9.07157268E-03
4.01311615E-02  2.46797299E+00  9.07016546E-03
4.04251627E-02  2.41010737E+00  9.29430500E-03
4.07191639E-02  2.42680335E+00  9.48045682E-03
4.10131651E-02  2.43453860E+00  9.19988286E-03
4.13071662E-02  2.45211387E+00  9.19214264E-03
4.16011674E-02  2.47425628E+00  8.81990418E-03
4.18951686E-02  2.48757911E+00  8.82095285E-03
4.21891698E-02  2.50410891E+00  8.99494812E-03
4.24831710E-02  2.58302784E+00  9.15913563E-03
4.27771722E-02  2.59820890E+00  9.56774596E-03
4.30711733E-02  2.59484696E+00  9.84121952E-03
4.33651745E-02  2.62350202E+00  9.29306168E-03
4.36591757E-02  2.62174797E+00  9.13307723E-03
4.39531769E-02  2.70195150E+00  9.63203702E-03
4.42471781E-02  2.73927903E+00  9.34811588E-03
4.45411793E-02  2.71329951E+00  9.28157847E-03
4.48351804E-02  2.69599676E+00  9.27951373E-03
4.51291816E-02  2.75665903E+00  9.20620840E-03
4.54231828E-02  2.80668044E+00  9.93589405E-03
4.57171840E-02  2.78245425E+00  8.81324150E-03
4.60111852E-02  2.81991935E+00  9.31546558E-03
4.63051864E-02  2.89796352E+00  8.99880379E-03
4.65991875E-02  2.87649369E+00  9.37517360E-03
4.68931887E-02  2.88372898E+00  9.55362152E-03
4.71871899E-02  2.93739724E+00  8.93578492E-03
4.74811911E-02  2.94687867E+00  9.05744266E-03
4.77751923E-02  2.96348023E+00  9.03232675E-03
4.80691935E-02  3.04389620E+00  9.45806224E-03
4.83631946E-02  3.03967714E+00  9.37132258E-03
4.86571958E-02  3.06437039E+00  8.90346803E-03
4.89511970E-02  3.13961864E+00  9.78446659E-03
4.92451982E-02  3.13710260E+00  9.92694031E-03
4.95391994E-02  3.17065430E+00  9.65077430E-03
4.98332006E-02  3.24174380E+00  9.28684510E-03
5.01272017E-02  3.23324132E+00  9.57082212E-03
5.04212029E-02  3.24818444E+00  9.89463925E-03
5.07152041E-02  3.33252168E+00  1.00127533E-02
5.10092053E-02  3.33195138E+00  9.82215814E-03
5.13032065E-02  3.39547205E+00  9.81799047E-03
5.15972077E-02  3.39183664E+00  9.84616950E-03
5.18912088E-02  3.41340971E+00  1.02830753E-02
5.21852100E-02  3.44878173E+00  9.66263283E-03
5.24792112E-02  3.47393036E+00  1.03113176E-02
5.27732124E-02  3.53591418E+00  1.02006001E-02
5.30672136E-02  3.51561713E+00  1.02602458E-02
5.33612148E-02  3.58513069E+00  1.02919675E-02
5.36552159E-02  3.62347007E+00  1.02042388E-02
5.39492171E-02  3.68312120E+00  1.04909856E-02
5.42432183E-02  3.77567029E+00  1.06473211E-02
5.45372195E-02  3.72755003E+00  1.08193019E-02
5.48312207E-02  3.78462648E+00  1.06005985E-02
5.51252219E-02  3.87158585E+00  1.08284811E-02
5.54192230E-02  3.90967751E+00  1.04585681E-02
5.57132242E-02  3.90248871E+00  1.09365471E-02
5.60072254E-02  3.92703533E+00  1.05220238E-02
5.63012266E-02  4.00423241E+00  1.13005377E-02
5.65952278E-02  4.08130598E+00  1.08785462E-02
5.68892290E-02  4.09037018E+00  1.10182343E-02
5.71832301E-02  4.13768721E+00  1.11916615E-02
5.74772313E-02  4.20445585E+00  1.06204497E-02
5.77712325E-02  4.25111246E+00  1.08751385E-02
5.80652337E-02  4.30831146E+00  1.15014417E-02
5.83592349E-02  4.33170366E+00  1.19301826E-02
5.86532361E-02  4.37752104E+00  1.13725178E-02
5.89472372E-02  4.48272085E+00  1.22469468E-02
5.92412384E-02  4.47362709E+00  1.19725820E-02
5.95352396E-02  4.57628870E+00  1.18331248E-02
5.98292408E-02  4.65918493E+00  1.20246010E-02
6.01232420E-02  4.68620014E+00  1.17016789E-02
6.04172432E-02  4.77635908E+00  1.23761110E-02
6.07112443E-02  4.84454727E+00  1.21537801E-02
6.10052455E-02  4.84669733E+00  1.28432196E-02
6.12992467E-02  4.98080826E+00  1.23032751E-02
6.15932479E-02  4.97944546E+00  1.25536574E-02
6.18872491E-02  5.05371714E+00  1.26236705E-02
6.21812503E-02  5.08234787E+00  1.29467705E-02
6.24752514E-02  5.20947504E+00  1.34115173E-02
6.27692526E-02  5.27325392E+00  1.36761460E-02
6.30632538E-02  5.37090588E+00  1.32947695E-02
6.33572550E-02  5.41414070E+00  1.34941656E-02
6.36512562E-02  5.50626516E+00  1.34968590E-02
6.39452574E-02  5.63665867E+00  1.40070496E-02
6.42392585E-02  5.65608644E+00  1.43228108E-02
6.45332597E-02  5.79441643E+00  1.46706831E-02
6.48272609E-02  5.82403231E+00  1.45022906E-02
6.51212621E-02  5.94906330E+00  1.41073484E-02
6.54152633E-02  5.99666643E+00  1.53300697E-02
6.57092645E-02  6.13864851E+00  1.46813123E-02
6.60032656E-02  6.20515251E+00  1.51484134E-02
6.62972668E-02  6.30765724E+00  1.54860895E-02
6.65912680E-02  6.38461256E+00  1.51855815E-02
6.68852692E-02  6.45262718E+00  1.55193964E-02
6.71792704E-02  6.57039881E+00  1.55073442E-02
6.74732716E-02  6.63203430E+00  1.57158412E-02
6.77672727E-02  6.79673147E+00  1.66305881E-02
6.80612739E-02  6.90884352E+00  1.57460198E-02
6.83552751E-02  7.03565454E+00  1.59216430E-02
6.86492763E-02  7.07235050E+00  1.59318820E-02
6.89432775E-02  7.18370724E+00  1.62643660E-02
6.92372787E-02  7.31683493E+00  1.68455765E-02
6.95312798E-02  7.44863749E+00  1.64681822E-02
6.98252810E-02  7.56460714E+00  1.68290325E-02
7.01192822E-02  7.63280439E+00  1.61206052E-02
7.04132834E-02  7.80126524E+00  1.64990462E-02
7.07072846E-02  7.86407185E+00  1.64902695E-02
7.10012858E-02  8.00437355E+00  1.65945664E-02
7.12952869E-02  7.97742271E+00  1.61489099E-02
7.15892881E-02  8.18163490E+00  1.56283900E-02
7.18832893E-02  8.35028267E+00  1.57997999E-02
7.21772905E-02  8.33752155E+00  1.56069901E-02
7.24712917E-02  8.44449234E+00  1.55427754E-02
7.27652929E-02  8.57279587E+00  1.43519547E-02
7.30592940E-02  8.67389202E+00  1.50750754E-02
7.33532952E-02  8.76521873E+00  1.47134103E-02
7.36472964E-02  8.81614590E+00  1.48441065E-02
7.39412976E-02  8.88210106E+00  1.45815592E-02
7.42352988E-02  8.90661144E+00  1.40405744E-02
7.45293000E-02  9.05239105E+00  1.43821370E-02
7.48233011E-02  9.03489113E+00  1.35767525E-02
7.51173023E-02  9.13415527E+00  1.39290076E-02
7.54113035E-02  9.18448067E+00  1.45911127E-02
7.57053047E-02  9.12743378E+00  1.36550674E-02
7.59993059E-02  9.21550751E+00  1.41160712E-02
7.62933071E-02  9.19009399E+00  1.44354161E-02
7.65873082E-02  9.15001392E+00  1.49369668E-02
7.68813094E-02  9.20190811E+00  1.52388215E-02
7.71753106E-02  9.14100266E+00  1.56477056E-02
7.74693118E-02  9.11693192E+00  1.59477927E-02
7.77633130E-02  9.08917618E+00  1.70355123E-02
7.80573141E-02  8.95799637E+00  1.75338294E-02
7.83513153E-02  8.93360519E+00  1.92827638E-02
7.86453165E-02  8.77863121E+00  1.87408030E-02
7.89393177E-02  8.77307892E+00  2.02533137E-02
7.92333189E-02  8.60882378E+00  2.05817521E-02
7.95273201E-02  8.51196289E+00  2.05207001E-02
7.98213212E-02  8.30257034E+00  2.13661026E-02
8.01153224E-02  8.20051956E+00  2.16863062E-02
8.04093236E-02  8.04060555E+00  2.27488466E-02
8.07033248E-02  7.78321028E+00  2.21403930E-02
8.09973260E-02  7.68708324E+00  2.25260798E-02
8.12913272E-02  7.50793600E+00  2.24845596E-02
8.15853283E-02  7.27636576E+00  2.15920676E-02
8.18793295E-02  7.05086851E+00  2.07775310E-02
8.21733307E-02  6.88282490E+00  2.11680513E-02
8.24673319E-02  6.67072773E+00  2.01736167E-02
8.27613331E-02  6.42995691E+00  1.83571205E-02
8.30553343E-02  6.22624826E+00  1.84993744E-02
8.33493354E-02  5.99230814E+00  1.75760724E-02
8.36433366E-02  5.85032558E+00  1.60273258E-02
8.39373378E-02  5.65943336E+00  1.56817101E-02
8.42313390E-02  5.43462229E+00  1.48455892E-02
8.45253402E-02  5.32568884E+00  1.37182400E-02
8.48193414E-02  5.10270548E+00  1.31956451E-02
8.51133425E-02  4.97898912E+00  1.22057935E-02
8.54073437E-02  4.82720041E+00  1.19020268E-02
8.57013449E-02  4.68262339E+00  1.12308124E-02
8.59953461E-02  4.64854002E+00  1.06025077E-02
8.62893473E-02  4.52459383E+00  1.08431550E-02
8.65833485E-02  4.42827749E+00  9.74354148E-03
8.68773496E-02  4.34201431E+00  9.36961919E-03
8.71713508E-02  4.30648327E+00  9.15440451E-03
8.74653520E-02  4.21049881E+00  9.06119123E-03
8.77593532E-02  4.17740297E+00  9.12193302E-03
8.80533544E-02  4.08023310E+00  8.81062541E-03
8.83473556E-02  4.04613018E+00  8.81804340E-03
8.86413567E-02  4.02529335E+00  8.57316237E-03
8.89353579E-02  4.00688362E+00  8.46507587E-03
8.92293591E-02  3.99688268E+00  8.50060023E-03
8.95233603E-02  3.92567229E+00  8.27455427E-03
8.98173615E-02  3.91081357E+00  8.63627158E-03
9.01113627E-02  3.89299750E+00  8.27854592E-03
9.04053638E-02  3.87965679E+00  8.41233134E-03
9.06993650E-02  3.88837171E+00  8.09154846E-03
9.09933662E-02  3.80303073E+00  8.15715920E-03
9.12873674E-02  3.76526570E+00  7.84571748E-03
9.15813686E-02  3.76852179E+00  8.25554505E-03
9.18753698E-02  3.76755190E+00  7.92742614E-03
9.21693709E-02  3.75324202E+00  8.24601762E-03
9.24633721E-02  3.77801204E+00  7.67624611E-03
9.27573733E-02  3.72625279E+00  7.74358353E-03
9.30513745E-02  3.75553250E+00  7.79185956E-03
9.33453757E-02  3.72768354E+00  8.01755115E-03
9.36393769E-02  3.68017316E+00  7.65585946E-03
9.39333780E-02  3.64533925E+00  7.51499273E-03
9.42273792E-02  3.66329432E+00  7.51353009E-03
9.45213804E-02  3.60878968E+00  7.43462797E-03
9.48153816E-02  3.62579584E+00  7.41283037E-03
9.51093828E-02  3.63784409E+00  7.58463657E-03
9.54033840E-02  3.61527348E+00  7.62350485E-03
9.56973851E-02  3.61413121E+00  7.85017386E-03
9.59913863E-02  3.60032606E+00  7.44583923E-03
9.62853875E-02  3.60101175E+00  7.40738958E-03
9.65793887E-02  3.60507560E+00  7.71764526E-03
9.68733899E-02  3.58200836E+00  7.42024649E-03
9.71673911E-02  3.57724643E+00  7.62473373E-03
9.74613922E-02  3.55234122E+00  7.25462986E-03
9.77553934E-02  3.54318476E+00  7.86773209E-03
9.80493946E-02  3.56274247E+00  7.19963480E-03
9.83433958E-02  3.54568410E+00  7.47061800E-03
9.86373970E-02  3.53337026E+00  7.28634372E-03
9.89313982E-02  3.52093458E+00  7.35896779E-03
9.92253993E-02  3.54389429E+00  7.45752128E-03
9.95194005E-02  3.54570866E+00  7.43114529E-03
9.98134017E-02  3.49408627E+00  7.28956051E-03
1.00107403E-01  3.45528793E+00  7.34214718E-03
1.00401404E-01  3.49793434E+00  6.96739228E-03
1.00695405E-01  3.47391295E+00  7.39556411E-03
1.00989406E-01  3.47188807E+00  7.31816050E-03
1.01283408E-01  3.46780682E+00  7.25972047E-03
1.01577409E-01  3.47871208E+00  7.17700319E-03
1.01871410E-01  3.45951438E+00  6.97240466E-03
1.02165411E-01  3.48590827E+00  7.39211263E-03
1.02459412E-01  3.46135378E+00  7.16797262E-03
1.02753414E-01  3.43644619E+00  7.42631638E-03
1.03047415E-01  3.38937616E+00  7.18597928E-03
1.03341416E-01  3.42470026E+00  6.98203919E-03
1.03635417E-01  3.47258139E+00  7.23699480E-03
1.03929418E-01  3.41119432E+00  7.01458612E-03
1.04223419E-01  3.45740342E+00  7.24331383E-03
1.04517421E-01  3.42417192E+00  6.99448958E-03
1.04811422E-01  3.42678499E+00  7.13162916E-03
1.05105423E-01  3.41905665E+00  7.05675920E-03
1.05399424E-01  3.44638181E+00  6.94707688E-03
1.05693425E-01  3.41619277E+00  6.91788411E-03
1.05987427E-01  3.43262434E+00  6.82656094E-03
1.06281428E-01  3.40882587E+00  6.99537899E-03
1.06575429E-01  3.37547326E+00  7.05614779E-03
1.06869430E-01  3.44055939E+00  7.06148241E-03
1.07163431E-01  3.40823150E+00  7.14153098E-03
1.07457432E-01  3.38728619E+00  6.89076353E-03
1.07751434E-01  3.41262054E+00  7.08238315E-03
1.08045435E-01  3.39827991E+00  6.81472011E-03
1.08339436E-01  3.38911581E+00  7.09774951E-03
1.08633437E-01  3.43758035E+00  7.08368607E-03
1.08927438E-01  3.40931606E+00  6.95179496E-03
1.09221440E-01  3.44186664E+00  7.20272493E-03
1.09515441E-01  3.44760966E+00  6.77702669E-03
1.09809442E-01  3.45151234E+00  7.23411283E-03
1.10103443E-01  3.42893147E+00  7.03854393E-03
1.10397444E-01  3.43425822E+00  6.86318334E-03
1.10691445E-01  3.44743395E+00  6.90752361E-03
1.10985447E-01  3.43578434E+00  6.88771065E-03
1.11279448E-01  3.48467398E+00  6.91740774E-03
1.11573449E-01  3.44211817E+00  7.19831465E-03
1.11867450E-01  3.46512032E+00  6.81454921E-03
1.12161451E-01  3.46530342E+00  6.97209826E-03
1.12455453E-01  3.46516013E+00  7.11133052E-03
1.12749454E-01  3.48584318E+00  6.75917650E-03
1.13043455E-01  3.46815395E+00  7.01425225E-03
1.13337456E-01  3.52304506E+00  7.08579319E-03
1.13631457E-01  3.51912189E+00  6.91081770E-03
1.13925459E-01  3.48792505E+00  7.14243390E-03
1.14219460E-01  3.50436735E+00  6.86988141E-03
1.14513461E-01  3.52827930E+00  7.11370166E-03
1.14807462E-01  3.51157403E+00  7.04216864E-03
1.15101463E-01  3.50799751E+00  7.00012082E-03
1.15395464E-01  3.55925632E+00  7.13279657E-03
1.15689466E-01  3.57630301E+00  7.31407013E-03
1.15983467E-01  3.55057120E+00  6.72772573E-03
1.16277468E-01  3.54174137E+00  6.77109091E-03
1.16571469E-01  3.56035018E+00  6.80275448E-03
1.16865470E-01  3.52512336E+00  6.82919938E-03
1.17159472E-01  3.57226396E+00  6.92033954E-03
1.17453473E-01  3.56436610E+00  6.80304039E-03
1.17747474E-01  3.56033683E+00  6.95843017E-03
1.18041475E-01  3.56088471E+00  6.85379561E-03
1.18335476E-01  3.60246921E+00  6.76736934E-03
1.18629477E-01  3.61453629E+00  6.91184448E-03
1.18923479E-01  3.58744431E+00  6.93070283E-03
1.19217480E-01  3.62059331E+00  6.95273513E-03
1.19511481E-01  3.63036513E+00  6.89058937E-03
1.19805482E-01  3.63617277E+00  7.00207381E-03
1.20099483E-01  3.63189554E+00  7.05243507E-03
1.20393485E-01  3.64168382E+00  6.85766153E-03
1.20687486E-01  3.66515875E+00  6.96109189E-03
1.20981487E-01  3.67397070E+00  6.96552638E-03
1.21275488E-01  3.67200828E+00  6.82735164E-03
1.21569489E-01  3.73402333E+00  7.00848736E-03
1.21863490E-01  3.67415786E+00  6.86591677E-03
1.22157492E-01  3.72011805E+00  6.86820736E-03
1.22451493E-01  3.75380087E+00  6.80894963E-03
1.22745494E-01  3.70962334E+00  6.93963049E-03
1.23039495E-01  3.75137591E+00  7.10217701E-03
1.23333496E-01  3.72751045E+00  6.80954056E-03
1.23627498E-01  3.72993517E+00  7.09739886E-03
1.23921499E-01  3.75635099E+00  6.91020582E-03
1.24215500E-01  3.77202582E+00  7.10084010E-03
1.24509501E-01  3.72141910E+00  7.24303583E-03
1.24803502E-01  3.76438904E+00  7.04090670E-03
1.25097503E-01  3.79219723E+00  7.10278563E-03
1.25391505E-01  3.78153157E+00  7.17029488E-03
1.25685506E-01  3.75806022E+00  7.10773468E-03
1.25979507E-01  3.74908376E+00  7.26571679E-03
1.26273508E-01  3.78152323E+00  7.14705372E-03
1.26567509E-01  3.73823476E+00  7.45957391E-03
1.26861511E-01  3.81106496E+00  7.16202194E-03
1.27155512E-01  3.79093099E+00  7.38510769E-03
1.27449513E-01  3.78308225E+00  7.41096400E-03
1.27743514E-01  3.77744842E+00  7.33972993E-03
1.28037515E-01  3.81376386E+00  7.56570976E-03
1.28331516E-01  3.81763148E+00  7.54009280E-03
1.28625518E-01  3.80935049E+00  7.44048739E-03
1.28919519E-01  3.78943872E+00  7.31903082E-03
1.29213520E-01  3.79089928E+00  7.31211156E-03
1.29507521E-01  3.78981113E+00  7.62726087E-03
1.29801522E-01  3.80790949E+00  7.65540032E-03
1.30095524E-01  3.82865167E+00  7.35574961E-03
1.30389525E-01  3.74708962E+00  7.64008285E-03
1.30683526E-01  3.79383278E+00  7.71943480E-03
1.30977527E-01  3.79655004E+00  7.69770751E-03
1.31271528E-01  3.74131727E+00  7.44847115E-03
1.31565529E-01  3.75504994E+00  7.57611217E-03
1.31859531E-01  3.78485918E+00  7.43927527E-03
1.32153532E-01  3.76138878E+00  7.86496047E-03
1.32447533E-01  3.74458790E+00  7.81373587E-03
1.32741534E-01  3.70772362E+00  7.50205014E-03
1.33035535E-01  3.72882032E+00  7.66107067E-03
1.33329537E-01  3.68231893E+00  7.73118809E-03
1.33623538E-01  3.67973876E+00  7.68641615E-03
1.33917539E-01  3.64117908E+00  7.63712591E-03
1.34211540E-01  3.62628865E+00  7.72814546E-03
1.34505541E-01  3.65070438E+00  7.60659855E-03
1.34799543E-01  3.62274599E+00  7.43992487E-03
1.35093544E-01  3.62739611E+00  7.41966115E-03
1.35387545E-01  3.59775853E+00  7.22488621E-03
1.35681546E-01  3.55479097E+00  7.27907522E-03
1.35975547E-01  3.56234908E+00  7.23807560E-03
1.36269548E-01  3.57342052E+00  7.21105980E-03
1.36563550E-01  3.49447203E+00  6.99270330E-03
1.36857551E-01  3.45194316E+00  6.96039852E-03
1.37151552E-01  3.43799591E+00  6.75175665E-03
1.37445553E-01  3.44544077E+00  7.19517330E-03
1.37739554E-01  3.41666818E+00  7.00215064E-03
1.38033556E-01  3.39516616E+00  6.79497980E-03
1.38327557E-01  3.36598563E+00  6.95135631E-03
1.38621558E-01  3.35519433E+00  7.15355296E-03
1.38915559E-01  3.26954556E+00  6.71231933E-03
1.39209560E-01  3.27980852E+00  6.78589335E-03
1.39503561E-01  3.20693898E+00  6.89944020E-03
1.39797563E-01  3.16258264E+00  6.85474789E-03
1.40091564E-01  3.14494562E+00  7.03207823E-03
1.40385565E-01  3.12719178E+00  6.70968648E-03
1.40679566E-01  3.08953476E+00  6.62936177E-03
1.40973567E-01  3.08678770E+00  6.63154246E-03
1.41267569E-01  3.00762010E+00  6.45749085E-03
1.41561570E-01  2.98481774E+00  6.63649570E-03
1.41855571E-01  2.94737267E+00  6.25023991E-03
1.42149572E-01  2.92220569E+00  6.23768941E-03
1.42443573E-01  2.92016315E+00  6.19467534E-03
1.42737574E-01  2.86852145E+00  6.25055050E-03
1.43031576E-01  2.86129236E+00  6.19866187E-03
1.43325577E-01  2.82745647E+00  6.17250940E-03
1.43619578E-01  2.76919127E+00  6.00611791E-03
1.43913579E-01  2.76815200E+00  6.01256546E-03
1.44207580E-01  2.76974368E+00  6.04698341E-03
1.44501582E-01  2.73802924E+00  5.82190836E-03
1.44795583E-01  2.71784663E+00  5.93641400E-03
1.45089584E-01  2.69211936E+00  5.74260298E-03
1.45383585E-01  2.66595697E+00  5.73867839E-03
1.45677586E-01  2.64202428E+00  5.78958262E-03
1.45971587E-01  2.64746428E+00  5.69657423E-03
1.46265589E-01  2.63254070E+00  5.60061634E-03
1.46559590E-01  2.60729265E+00  5.82796987E-03
1.46853591E-01  2.60031104E+00  5.33772400E-03
1.47147592E-01  2.58286428E+00  5.67229465E-03
1.47441593E-01  2.53871608E+00  5.64673357E-03
1.47735595E-01  2.56871152E+00  5.56757906E-03
1.48029596E-01  2.55675149E+00  5.69191668E-03
1.48323597E-01  2.51144505E+00  5.43940021E-03
1.48617598E-01  2.51391339E+00  5.35076112E-03
1.48911599E-01  2.51569939E+00  5.54065965E-03
1.49205600E-01  2.51639724E+00  5.52930217E-03
1.49499602E-01  2.48525000E+00  5.40503534E-03
1.49793603E-01  2.48749614E+00  5.32700773E-03
1.50087604E-01  2.48826933E+00  5.51104685E-03
1.50381605E-01  2.45404649E+00  5.45124011E-03
1.50675606E-01  2.46295071E+00  5.32582821E-03
1.50969608E-01  2.48604155E+00  5.40431030E-03
1.51263609E-01  2.45532966E+00  5.37756551E-03
1.51557610E-01  2.44247293E+00  5.28228702E-03
1.51851611E-01  2.41244960E+00  5.35857771E-03
1.52145612E-01  2.40212107E+00  5.34349633E-03
1.52439614E-01  2.42596126E+00  5.36452560E-03
1.52733615E-01  2.39357424E+00  5.12830727E-03
1.53027616E-01  2.41291642E+00  5.27144596E-03
1.53321617E-01  2.37950015E+00  5.28062601E-03
1.53615618E-01  2.34059620E+00  5.17692370E-03
1.53909619E-01  2.38349342E+00  5.22058504E-03
1.54203621E-01  2.34338427E+00  5.29900612E-03
1.54497622E-01  2.33771682E+00  5.36204036E-03
1.54791623E-01  2.34112692E+00  5.18392632E-03
1.55085624E-01  2.31172681E+00  5.07156691E-03
1.55379625E-01  2.30683017E+00  5.14544500E-03
1.55673627E-01  2.31421375E+00  5.07966802E-03
1.55967628E-01  2.27783108E+00  5.22775436E-03
1.56261629E-01  2.28983426E+00  5.03995921E-03
1.56555630E-01  2.26190543E+00  4.98384563E-03
1.56849631E-01  2.24668193E+00  5.20118652E-03
1.57143632E-01  2.24449658E+00  4.95567219E-03
1.57437634E-01  2.21998167E+00  5.02463663E-03
1.57731635E-01  2.21205568E+00  4.99653211E-03
1.58025636E-01  2.18171835E+00  5.02997870E-03
1.58319637E-01  2.17829251E+00  5.01469569E-03
1.58613638E-01  2.15046310E+00  4.98013245E-03
1.58907640E-01  2.13226557E+00  5.11312438E-03
1.59201641E-01  2.11243105E+00  4.99906298E-03
1.59495642E-01  2.08440495E+00  4.99012275E-03
1.59789643E-01  2.10556197E+00  5.01129264E-03
1.60083644E-01  2.05520535E+00  4.83527407E-03
1.60377645E-01  2.05623698E+00  4.85676434E-03
1.60671647E-01  2.04854918E+00  4.85654688E-03
1.60965648E-01  2.02880836E+00  4.81709093E-03
1.61259649E-01  2.00960922E+00  4.86854510E-03
1.61553650E-01  1.97791541E+00  4.81442548E-03
1.61847651E-01  1.96533656E+00  4.93934145E-03
1.62141653E-01  1.93261898E+00  4.53912979E-03
1.62435654E-01  1.92646205E+00  4.66591679E-03
1.62729655E-01  1.89412415E+00  4.85424325E-03
1.63023656E-01  1.88493395E+00  4.68333485E-03
1.63317657E-01  1.88251519E+00  4.62479796E-03
1.63611658E-01  1.84943950E+00  4.68374044E-03
1.63905660E-01  1.82508779E+00  4.45135869E-03
1.64199661E-01  1.81928349E+00  4.48918808E-03
1.64493662E-01  1.78293514E+00  4.49059531E-03
1.64787663E-01  1.76180112E+00  4.50528506E-03
1.65081664E-01  1.76842248E+00  4.52262396E-03
1.65375666E-01  1.74928558E+00  4.41820640E-03
1.65669667E-01  1.73189771E+00  4.34218347E-03
1.65963668E-01  1.70599437E+00  4.23348695E-03
1.66257669E-01  1.70071387E+00  4.37495112E-03
1.66551670E-01  1.68128741E+00  4.18394618E-03
1.66845671E-01  1.66520071E+00  4.29493655E-03
1.67139673E-01  1.65773523E+00  4.20807954E-03
1.67433674E-01  1.64627063E+00  4.34429524E-03
1.67727675E-01  1.61476672E+00  4.07576514E-03
1.68021676E-01  1.61151743E+00  4.16647177E-03
1.68315677E-01  1.58837295E+00  4.07585269E-03
1.68609679E-01  1.57123244E+00  4.11312003E-03
1.68903680E-01  1.57495821E+00  4.15688660E-03
1.69197681E-01  1.56716716E+00  4.10127360E-03
1.69491682E-01  1.53121221E+00  3.98852676E-03
1.69785683E-01  1.52847207E+00  4.00105957E-03
1.70079685E-01  1.52131033E+00  3.97267658E-03
1.70373686E-01  1.52602494E+00  4.03927686E-03
1.70667687E-01  1.51066768E+00  3.85401980E-03
1.70961688E-01  1.49195910E+00  3.99697619E-03
1.71255689E-01  1.49924493E+00  3.78878927E-03
1.71549690E-01  1.48120153E+00  3.80121614E-03
1.71843692E-01  1.47599912E+00  3.83912958E-03
1.72137693E-01  1.46675861E+00  3.74519289E-03
1.72431694E-01  1.44604623E+00  3.89539823E-03
1.72725695E-01  1.46923506E+00  3.93468188E-03
1.73019696E-01  1.42467892E+00  3.87333380E-03
1.73313698E-01  1.42158079E+00  3.90984863E-03
1.73607699E-01  1.40986967E+00  3.80142312E-03
1.73901700E-01  1.40133274E+00  3.70648014E-03
1.74195701E-01  1.41271687E+00  3.76771158E-03
1.74489702E-01  1.38225162E+00  3.70337861E-03
1.74783703E-01  1.39858258E+00  3.71600688E-03
1.75077705E-01  1.37703872E+00  3.79877607E-03
1.75371706E-01  1.36366189E+00  3.74382688E-03
1.75665707E-01  1.35379529E+00  3.58102238E-03
1.75959708E-01  1.35303676E+00  3.68196797E-03
1.76253709E-01  1.35477912E+00  3.64553346E-03
1.76547711E-01  1.34537959E+00  3.69831291E-03
1.76841712E-01  1.31464839E+00  3.70592135E-03
1.77135713E-01  1.32877016E+00  3.72326933E-03
1.77429714E-01  1.30570543E+00  3.55353439E-03
1.77723715E-01  1.30655551E+00  3.67731717E-03
1.78017716E-01  1.28611946E+00  3.41824256E-03
1.78311718E-01  1.30935311E+00  3.52499378E-03
1.78605719E-01  1.28220129E+00  3.58877238E-03
1.78899720E-01  1.28126132E+00  3.60111170E-03
1.79193721E-01  1.26233470E+00  3.57649475E-03
1.79487722E-01  1.25570393E+00  3.58991046E-03
1.79781724E-01  1.27702200E+00  3.57278925E-03
1.80075725E-01  1.25187361E+00  3.42601724E-03
1.80369726E-01  1.27363002E+00  3.50097031E-03
1.80663727E-01  1.23542082E+00  3.45264352E-03
1.80957728E-01  1.23502731E+00  3.41977249E-03
1.81251729E-01  1.22787559E+00  3.47260828E-03
1.81545731E-01  1.23211324E+00  3.52715375E-03
1.81839732E-01  1.20531440E+00  3.40527808E-03
1.82133733E-01  1.21384442E+00  3.47185135E-03
1.82427734E-01  1.20742953E+00  3.37798032E-03
1.82721735E-01  1.19951594E+00  3.30890878E-03
1.83015737E-01  1.18228412E+00  3.32692685E-03
1.83309738E-01  1.17578614E+00  3.28462082E-03
1.83603739E-01  1.17521632E+00  3.39281792E-03
1.83897740E-01  1.17935216E+00  3.21270735E-03
1.84191741E-01  1.17453706E+00  3.29734408E-03
1.84485742E-01  1.15404809E+00  3.40540591E-03
1.84779744E-01  1.15161824E+00  3.28571489E-03
1.85073745E-01  1.14343262E+00  3.20441183E-03
1.85367746E-01  1.14286995E+00  3.28131043E-03
1.85661747E-01  1.15012813E+00  3.23131331E-03
1.85955748E-01  1.12960804E+00  3.36455763E-03
1.86249750E-01  1.11666298E+00  3.29496409E-03
1.86543751E-01  1.11628485E+00  3.25148529E-03
1.86837752E-01  1.10690999E+00  3.27916397E-03
1.87131753E-01  1.09421790E+00  3.27111082E-03
1.87425754E-01  1.10009658E+00  3.12888366E-03
1.87719755E-01  1.09438121E+00  3.14706867E-03
1.88013757E-01  1.08326709E+00  3.18418094E-03
1.88307758E-01  1.07275617E+00  3.12905828E-03
1.88601759E-01  1.07470167E+00  3.08923377E-03
1.88895760E-01  1.07381058E+00  3.22967581E-03
1.89189761E-01  1.06098080E+00  3.08359670E-03
1.89483763E-01  1.05986190E+00  3.16914544E-03
1.89777764E-01  1.05758977E+00  3.06413998E-03
1.90071765E-01  1.05622900E+00  3.13295959E-03
1.90365766E-01  1.05288088E+00  3.03770928E-03
1.90659767E-01  1.04011393E+00  3.11833457E-03
1.90953769E-01  1.00914776E+00  2.98329047E-03
1.91247770E-01  1.01351810E+00  3.05951224E-03
1.91541771E-01  1.03192496E+00  3.01421690E-03
1.91835772E-01  1.03059614E+00  3.12527944E-03
1.92129773E-01  1.00191414E+00  2.98437895E-03
1.92423774E-01  1.00632954E+00  3.07013118E-03
1.92717776E-01  1.00273800E+00  2.97507015E-03
1.93011777E-01  9.87681806E-01  3.02409078E-03
1.93305778E-01  9.95620191E-01  3.04595358E-03
1.93599779E-01  9.82814312E-01  2.99165910E-03
1.93893780E-01  9.71816719E-01  2.97278981E-03
1.94187782E-01  9.71196294E-01  2.95522925E-03
1.94481783E-01  9.62702334E-01  2.91383965E-03
1.94775784E-01  9.57346976E-01  2.91900733E-03
1.95069785E-01  9.66934383E-01  2.95860181E-03
1.95363786E-01  9.48959231E-01  2.98785535E-03
1.95657787E-01  9.33840454E-01  2.84208753E-03
1.95951789E-01  9.39331770E-01  3.00649391E-03
1.96245790E-01  9.26644444E-01  2.84275832E-03
1.96539791E-01  9.13591981E-01  2.86963070E-03
1.96833792E-01  9.13098514E-01  2.79593375E-03
1.97127793E-01  9.08113003E-01  2.83345091E-03
1.97421795E-01  9.07542944E-01  2.81076040E-03
1.97715796E-01  8.95885706E-01  2.81997165E-03
1.98009797E-01  8.78488600E-01  2.85728252E-03
1.98303798E-01  8.97119164E-01  2.78633111E-03
1.98597799E-01  8.80619645E-01  2.75283703E-03
1.98891800E-01  8.82013321E-01  2.81489547E-03
1.99185802E-01  8.75744879E-01  2.77782069E-03
1.99479803E-01  8.60914469E-01  2.80997506E-03
1.99773804E-01  8.45401764E-01  2.61218520E-03
2.00067805E-01  8.61677885E-01  2.78357486E-03
2.00361806E-01  8.57302845E-01  2.74619646E-03
2.00655808E-01  8.40500593E-01  2.66584242E-03
2.00949809E-01  8.34005058E-01  2.78076087E-03
2.01243810E-01  8.31761360E-01  2.67361267E-03
2.01537811E-01  8.30133677E-01  2.67505087E-03
2.01831812E-01  8.22871149E-01  2.66442937E-03
2.02125813E-01  8.07433486E-01  2.66268733E-03
2.02419815E-01  8.06288660E-01  2.66301283E-03
2.02713816E-01  8.04709613E-01  2.61823577E-03
2.03007817E-01  8.11028361E-01  2.71223160E-03
2.03301818E-01  7.82117426E-01  2.61930120E-03
2.03595819E-01  7.91640639E-01  2.59360415E-03
2.03889821E-01  7.96279490E-01  2.60847807E-03
2.04183822E-01  7.92539835E-01  2.56509264E-03
2.04477823E-01  7.71496832E-01  2.52518198E-03
2.04771824E-01  7.75239110E-01  2.65716552E-03
2.05065825E-01  7.70580709E-01  2.58356519E-03
2.05359826E-01  7.49706089E-01  2.52391957E-03
2.05653828E-01  7.45837569E-01  2.47688591E-03
2.05947829E-01  7.55666196E-01  2.53587961E-03
2.06241830E-01  7.38026738E-01  2.50262092E-03
2.06535831E-01  7.42515743E-01  2.43362598E-03
2.06829832E-01  7.32303917E-01  2.49872170E-03
2.07123834E-01  7.33360112E-01  2.47509102E-03
2.07417835E-01  7.20137179E-01  2.42377073E-03
2.07711836E-01  7.20707595E-01  2.45192670E-03
2.08005837E-01  7.20604897E-01  2.45956006E-03
2.08299838E-01  6.99944735E-01  2.44803401E-03
2.08593840E-01  7.01762736E-01  2.44347262E-03
2.08887841E-01  6.99171007E-01  2.41949316E-03
2.09181842E-01  6.86636150E-01  2.34587118E-03
2.09475843E-01  6.90175116E-01  2.40468420E-03
2.09769844E-01  6.76555097E-01  2.37125112E-03
2.10063845E-01  6.78174078E-01  2.31458177E-03
2.10357847E-01  6.82020962E-01  2.34885118E-03
2.10651848E-01  6.80706978E-01  2.31036963E-03
2.10945849E-01  6.53159678E-01  2.31860322E-03
2.11239850E-01  6.62300825E-01  2.34232843E-03
2.11533851E-01  6.60537779E-01  2.31364835E-03
2.11827853E-01  6.48375332E-01  2.37241387E-03
2.12121854E-01  6.33174598E-01  2.22958624E-03
2.12415855E-01  6.41647518E-01  2.24600662E-03
2.12709856E-01  6.39194846E-01  2.28113704E-03
2.13003857E-01  6.40702426E-01  2.26769131E-03
2.13297858E-01  6.32546484E-01  2.22391635E-03
2.13591860E-01  6.23276711E-01  2.22344650E-03
2.13885861E-01  6.28415883E-01  2.25958531E-03
2.14179862E-01  6.13838673E-01  2.20272946E-03
2.14473863E-01  6.06040895E-01  2.21922481E-03
2.14767864E-01  6.10734344E-01  2.19709822E-03
2.15061866E-01  6.10585153E-01  2.24396121E-03
2.15355867E-01  5.92407286E-01  2.17831903E-03
2.15649868E-01  5.98566711E-01  2.19322206E-03
2.15943869E-01  5.87029159E-01  2.15710606E-03
2.16237870E-01  5.94473481E-01  2.26964080E-03
2.16531871E-01  5.85873485E-01  2.16474058E-03
2.16825873E-01  5.82621932E-01  2.19808589E-03
2.17119874E-01  5.78408659E-01  2.10501999E-03
2.17413875E-01  5.73077381E-01  2.10378156E-03
2.17707876E-01  5.68962157E-01  2.12731003E-03
2.18001877E-01  5.61186910E-01  2.13110959E-03
2.18295879E-01  5.52983522E-01  2.11490691E-03
2.18589880E-01  5.60138226E-01  2.15947651E-03
2.18883881E-01  5.69435060E-01  2.15026666E-03
2.19177882E-01  5.50420761E-01  2.05305684E-03
2.19471883E-01  5.48897624E-01  2.04079063E-03
2.19765884E-01  5.41482866E-01  2.07858696E-03
2.20059886E-01  5.37539065E-01  2.04938930E-03
2.20353887E-01  5.41167438E-01  2.08603870E-03
2.20647888E-01  5.29252172E-01  2.01828266E-03
2.20941889E-01  5.31730473E-01  2.07417947E-03
2.21235890E-01  5.28683364E-01  2.06064596E-03
2.21529892E-01  5.18017411E-01  1.99601683E-03
2.21823893E-01  5.32353520E-01  2.02258094E-03
2.22117894E-01  5.16846001E-01  1.98111194E-03
2.22411895E-01  5.17714381E-01  2.01397319E-03
2.22705896E-01  5.08804023E-01  2.05587852E-03
2.22999897E-01  5.10125399E-01  2.00352352E-03
2.23293899E-01  5.06707668E-01  1.93694618E-03
2.23587900E-01  5.09178340E-01  1.95930689E-03
2.23881901E-01  5.03349841E-01  2.00610026E-03
2.24175902E-01  4.95365500E-01  1.97360734E-03
2.24469903E-01  4.94643211E-01  1.96680916E-03
2.24763905E-01  4.89643633E-01  1.96694047E-03
2.25057906E-01  4.92008120E-01  1.92998443E-03
2.25351907E-01  4.96453345E-01  1.92897441E-03
2.25645908E-01  4.76114482E-01  1.95668312E-03
2.25939909E-01  4.96352613E-01  1.93509215E-03
2.26233911E-01  4.72993672E-01  1.88403518E-03
2.26527912E-01  4.82530504E-01  1.90180156E-03
2.26821913E-01  4.83935475E-01  1.96393998E-03
2.27115914E-01  4.79175985E-01  1.87931338E-03
2.27409915E-01  4.78243649E-01  1.90861896E-03
2.27703916E-01  4.72102880E-01  1.91903068E-03
2.27997918E-01  4.63708311E-01  1.91030046E-03
2.28291919E-01  4.73574787E-01  1.86495238E-03
2.28585920E-01  4.69342560E-01  1.85067463E-03
2.28879921E-01  4.56727564E-01  1.83642027E-03
2.29173922E-01  4.52478468E-01  1.82063098E-03
2.29467924E-01  4.68889207E-01  1.86862843E-03
2.29761925E-01  4.63467121E-01  1.87310751E-03
2.30055926E-01  4.59623992E-01  1.88230653E-03
2.30349927E-01  4.51700658E-01  1.87723746E-03
2.30643928E-01  4.48915064E-01  1.85871299E-03
2.30937929E-01  4.52400714E-01  1.85430748E-03
2.31231931E-01  4.50790256E-01  1.87169795E-03
2.31525932E-01  4.44322288E-01  1.81124476E-03
2.31819933E-01  4.37781364E-01  1.82537979E-03
2.32113934E-01  4.36721236E-01  1.84048736E-03
2.32407935E-01  4.37839329E-01  1.80654542E-03
2.32701937E-01  4.29863900E-01  1.78469706E-03
2.32995938E-01  4.31821913E-01  1.80919841E-03
2.33289939E-01  4.30211186E-01  1.79613975E-03
2.33583940E-01  4.24879640E-01  1.79415266E-03
2.33877941E-01  4.19502169E-01  1.75654958E-03
2.34171942E-01  4.29905832E-01  1.82944699E-03
2.34465944E-01  4.19959396E-01  1.82838971E-03
2.34759945E-01  4.16696817E-01  1.72408239E-03
2.35053946E-01  4.13243026E-01  1.72761991E-03
2.35347947E-01  4.21793371E-01  1.74453773E-03
2.35641948E-01  4.17617261E-01  1.77239720E-03
2.35935950E-01  4.01382208E-01  1.69342803E-03
2.36229951E-01  4.06057000E-01  1.74858444E-03
2.36523952E-01  4.11502570E-01  1.74481678E-03
2.36817953E-01  4.09122288E-01  1.71731610E-03
2.37111954E-01  4.05883402E-01  1.76351878E-03
2.37405955E-01  4.03629690E-01  1.73715223E-03
2.37699957E-01  4.10647601E-01  1.75001624E-03
2.37993958E-01  4.01196688E-01  1.68300851E-03
2.38287959E-01  3.99468541E-01  1.69724948E-03
2.38581960E-01  3.88791203E-01  1.66447985E-03
2.38875961E-01  3.90917003E-01  1.68294227E-03
2.39169963E-01  3.84204417E-01  1.65197754E-03
2.39463964E-01  3.86445433E-01  1.70453661E-03
2.39757965E-01  3.90975058E-01  1.66721689E-03
2.40051966E-01  3.73104602E-01  1.63427473E-03
2.40345967E-01  3.81647766E-01  1.65320595E-03
2.40639968E-01  3.85539800E-01  1.69885124E-03
2.40933970E-01  3.65114927E-01  1.67742616E-03
2.41227971E-01  3.77102762E-01  1.65806327E-03
2.41521972E-01  3.76137257E-01  1.64087559E-03
2.41815973E-01  3.72221202E-01  1.66281685E-03
2.42109974E-01  3.71538401E-01  1.61559111E-03
2.42403976E-01  3.67608368E-01  1.64999650E-03
2.42697977E-01  3.67534578E-01  1.67148327E-03
2.42991978E-01  3.68797004E-01  1.60914136E-03
2.43285979E-01  3.70926350E-01  1.62259082E-03
2.43579980E-01  3.56822580E-01  1.64122670E-03
2.43873981E-01  3.54918391E-01  1.56130665E-03
2.44167983E-01  3.60505760E-01  1.58741896E-03
2.44461984E-01  3.49938065E-01  1.55137351E-03
2.44755985E-01  3.50734472E-01  1.59533881E-03
2.45049986E-01  3.56405526E-01  1.56612415E-03
2.45343987E-01  3.50370765E-01  1.59197079E-03
2.45637989E-01  3.49129915E-01  1.56980450E-03
2.45931990E-01  3.46101582E-01  1.57029903E-03
2.46225991E-01  3.45317066E-01  1.53069093E-03
2.46519992E-01  3.50018501E-01  1.52625528E-03
2.46813993E-01  3.46348077E-01  1.54085667E-03
2.47107995E-01  3.44396859E-01  1.53748901E-03
2.47401996E-01  3.41902733E-01  1.55597215E-03
2.47695997E-01  3.36490512E-01  1.50720228E-03
2.47989998E-01  3.35014135E-01  1.50633010E-03
2.48283999E-01  3.32893550E-01  1.49660429E-03
2.48578000E-01  3.42733800E-01  1.50570855E-03
2.48872002E-01  3.39060575E-01  1.51204609E-03
2.49166003E-01  3.27562362E-01  1.49902189E-03
2.49460004E-01  3.35287333E-01  1.49838079E-03
2.49754005E-01  3.30905467E-01  1.50706258E-03
2.50048006E-01  3.35655063E-01  1.50509656E-03
2.50342008E-01  3.29857975E-01  1.49629207E-03
2.50636009E-01  3.17928940E-01  1.44091924E-03
2.50930010E-01  3.24185252E-01  1.49887521E-03
2.51224011E-01  3.31625819E-01  1.52184744E-03
2.51518012E-01  3.21011484E-01  1.47126941E-03
2.51812013E-01  3.22562039E-01  1.49934995E-03
2.52106015E-01  3.20315748E-01  1.48073945E-03
2.52400016E-01  3.25353265E-01  1.54423469E-03
2.52694017E-01  3.21149468E-01  1.50996505E-03
2.52988018E-01  3.21091354E-01  1.47942908E-03
2.53282019E-01  3.29121411E-01  1.51825044E-03
2.53576021E-01  3.18258971E-01  1.52354443E-03
2.53870022E-01  3.17549556E-01  1.46612257E-03
2.54164023E-01  3.12083095E-01  1.50801742E-03
2.54458024E-01  3.16952854E-01  1.52673165E-03
2.54752025E-01  3.17074090E-01  1.49646262E-03
2.55046026E-01  3.17229986E-01  1.48814532E-03
2.55340028E-01  3.06321710E-01  1.46154442E-03
2.55634029E-01  3.14049333E-01  1.45846885E-03
2.55928030E-01  3.10467720E-01  1.48485997E-03
2.56222031E-01  3.12505156E-01  1.47885841E-03
2.56516032E-01  3.08626413E-01  1.45429291E-03
2.56810034E-01  3.18315148E-01  1.48483645E-03
2.57104035E-01  3.15540671E-01  1.47551741E-03
2.57398036E-01  3.02907199E-01  1.42768060E-03
2.57692037E-01  3.22131783E-01  1.49521464E-03
2.57986038E-01  3.12821567E-01  1.45951519E-03
2.58280039E-01  3.07799906E-01  1.42812904E-03
2.58574041E-01  3.08963567E-01  1.42473856E-03
2.58868042E-01  3.09343278E-01  1.43550453E-03
2.59162043E-01  3.13998848E-01  1.49334525E-03
2.59456044E-01  3.10611874E-01  1.43146410E-03
2.59750045E-01  3.11970174E-01  1.45462691E-03
2.60044047E-01  3.02964300E-01  1.46155455E-03
2.60338048E-01  3.03461343E-01  1.51029916E-03
2.60632049E-01  3.06642890E-01  1.45338674E-03
2.60926050E-01  3.08536142E-01  1.45891856E-03
2.61220051E-01  3.04953665E-01  1.42694381E-03
2.61514052E-01  3.08513999E-01  1.44732674E-03
2.61808054E-01  3.07061344E-01  1.46911724E-03
2.62102055E-01  3.09131175E-01  1.48559827E-03
2.62396056E-01  3.10055405E-01  1.45255774E-03
2.62690057E-01  3.05753946E-01  1.47064868E-03
2.62984058E-01  3.04373831E-01  1.41724781E-03
2.63278060E-01  2.99670160E-01  1.42647442E-03
2.63572061E-01  3.06225479E-01  1.45907223E-03
2.63866062E-01  2.96445012E-01  1.43287878E-03
2.64160063E-01  3.04863513E-01  1.47316663E-03
2.64454064E-01  3.00909728E-01  1.41093787E-03
2.64748066E-01  3.05358857E-01  1.46062009E-03
2.65042067E-01  3.12807709E-01  1.46392721E-03
2.65336068E-01  3.05442363E-01  1.44053425E-03
2.65630069E-01  3.06711286E-01  1.42174645E-03
2.65924070E-01  3.13967854E-01  1.45483471E-03
2.66218071E-01  3.04094374E-01  1.42824603E-03
2.66512073E-01  3.01035285E-01  1.43735926E-03
2.66806074E-01  3.03908408E-01  1.41984038E-03
2.67100075E-01  2.99629331E-01  1.43436959E-03
2.67394076E-01  3.02741677E-01  1.43387297E-03
2.67688077E-01  2.96272933E-01  1.40311010E-03
2.67982079E-01  3.04053485E-01  1.43826508E-03
2.68276080E-01  3.03493321E-01  1.43260509E-03
2.68570081E-01  3.04380536E-01  1.39533845E-03
2.68864082E-01  2.99561769E-01  1.40034722E-03
2.69158083E-01  3.03968966E-01  1.41976075E-03
2.69452084E-01  3.01934749E-01  1.41710020E-03
2.69746086E-01  3.02679032E-01  1.45324797E-03
2.70040087E-01  3.06931674E-01  1.43083499E-03
2.70334088E-01  2.97674894E-01  1.40245981E-03
2.70628089E-01  3.00469637E-01  1.38136989E-03
2.70922090E-01  3.01962525E-01  1.44279073E-03
2.71216092E-01  2.97613621E-01  1.43127271E-03
2.71510093E-01  3.07897240E-01  1.44165440E-03
2.71804094E-01  3.02785575E-01  1.38435268E-03
2.72098095E-01  3.05337399E-01  1.41338992E-03
2.72392096E-01  3.00094813E-01  1.45253877E-03
2.72686097E-01  3.02611321E-01  1.42660004E-03
2.72980099E-01  3.02926600E-01  1.41884550E-03
2.73274100E-01  2.98703551E-01  1.44462951E-03
2.73568101E-01  2.96910793E-01  1.39769644E-03
2.73862102E-01  3.03979725E-01  1.39749516E-03
2.74156103E-01  3.09138179E-01  1.44229853E-03
2.74450105E-01  3.06217194E-01  1.42449385E-03
2.74744106E-01  2.98900843E-01  1.38970942E-03
2.75038107E-01  2.98685223E-01  1.36788876E-03
2.75332108E-01  2.96855092E-01  1.41216896E-03
2.75626109E-01  3.00929278E-01  1.42282422E-03
2.75920110E-01  3.07005227E-01  1.40744215E-03
2.76214112E-01  2.96340555E-01  1.38060562E-03
2.76508113E-01  3.01095515E-01  1.35978637E-03
2.76802114E-01  3.02008390E-01  1.41296675E-03
2.77096115E-01  3.05032343E-01  1.43936637E-03
2.77390116E-01  3.03694159E-01  1.42635661E-03
2.77684118E-01  3.05158079E-01  1.42716046E-03
2.77978119E-01  3.01911801E-01  1.39037985E-03
2.78272120E-01  2.99542040E-01  1.38648960E-03
2.78566121E-01  3.01223069E-01  1.38571148E-03
2.78860122E-01  3.00413191E-01  1.35653024E-03
2.79154123E-01  3.00806671E-01  1.37645542E-03
2.79448125E-01  2.96707332E-01  1.35381427E-03
2.79742126E-01  2.99800456E-01  1.38790859E-03
2.80036127E-01  3.02393734E-01  1.36552495E-03
2.80330128E-01  2.99018174E-01  1.35435630E-03
2.80624129E-01  3.00869524E-01  1.37773226E-03
2.80918131E-01  3.00326705E-01  1.36120780E-03
2.81212132E-01  3.06166619E-01  1.38687226E-03
2.81506133E-01  2.98919857E-01  1.39223936E-03
2.81800134E-01  3.03108692E-01  1.38464512E-03
2.82094135E-01  3.01512331E-01  1.41922792E-03
2.82388137E-01  2.98405647E-01  1.40720361E-03
2.82682138E-01  2.93414295E-01  1.36849482E-03
2.82976139E-01  3.01762998E-01  1.37112394E-03
2.83270140E-01  2.99826890E-01  1.37605402E-03
2.83564141E-01  3.07063699E-01  1.41395954E-03
2.83858142E-01  2.95631230E-01  1.35009619E-03
2.84152144E-01  3.03598493E-01  1.42888492E-03
2.84446145E-01  3.02677810E-01  1.38100190E-03
2.84740146E-01  3.00803304E-01  1.37377193E-03
2.85034147E-01  2.96106726E-01  1.35936204E-03
2.85328148E-01  3.02144289E-01  1.36810157E-03
2.85622150E-01  2.98404187E-01  1.36879610E-03
2.85916151E-01  3.04739237E-01  1.37390499E-03
2.86210152E-01  3.05417567E-01  1.37907756E-03
2.86504153E-01  3.08680385E-01  1.37229916E-03
2.86798154E-01  3.02760065E-01  1.37297285E-03
2.87092155E-01  2.99915433E-01  1.40898628E-03
2.87386157E-01  3.04944247E-01  1.42350420E-03
2.87680158E-01  3.01777780E-01  1.38876191E-03
2.87974159E-01  2.96130627E-01  1.39872951E-03
2.88268160E-01  3.05380940E-01  1.40559836E-03
2.88562161E-01  3.01752031E-01  1.41998171E-03
2.88856163E-01  2.99770981E-01  1.44280936E-03
2.89150164E-01  3.02883714E-01  1.44681626E-03
2.89444165E-01  2.98897445E-01  1.46616355E-03
2.89738166E-01  3.08382720E-01  1.49412756E-03
2.90032167E-01  3.01416576E-01  1.47734652E-03
2.90326168E-01  3.11846703E-01  1.51940703E-03
2.90620170E-01  3.00159305E-01  1.45665649E-03
2.90914171E-01  2.95038640E-01  1.45778665E-03
2.91208172E-01  3.02325547E-01  1.49158190E-03
2.91502173E-01  3.02400082E-01  1.50211353E-03
2.91796174E-01  2.96541661E-01  1.50976586E-03
2.92090176E-01  3.02959561E-01  1.48988236E-03
2.92384177E-01  3.02943826E-01  1.52312277E-03
2.92678178E-01  3.08876216E-01  1.55734678E-03
2.92972179E-01  3.12518150E-01  1.55850407E-03
2.93266180E-01  3.07382435E-01  1.53404160E-03
2.93560181E-01  3.00979584E-01  1.50483882E-03
2.93854183E-01  3.01523000E-01  1.53112656E-03
2.94148184E-01  3.08034092E-01  1.54144072E-03
2.94442185E-01  3.03207576E-01  1.51566754E-03
2.94736186E-01  3.01978767E-01  1.55725621E-03
2.95030187E-01  3.02171439E-01  1.53616513E-03
2.95324189E-01  3.02759081E-01  1.51513412E-03
2.95618190E-01  3.05054009E-01  1.59594533E-03
2.95912191E-01  3.03494781E-01  1.56004238E-03
2.96206192E-01  3.07455361E-01  1.60086760E-03
2.96500193E-01  2.95128971E-01  1.52281066E-03
2.96794194E-01  3.03338021E-01  1.57294772E-03
2.97088196E-01  3.02694440E-01  1.52396155E-03
2.97382197E-01  3.03886563E-01  1.50760345E-03
2.97676198E-01  3.03905994E-01  1.52089645E-03
2.97970199E-01  3.03643107E-01  1.44998881E-03
2.98264200E-01  3.03351730E-01  1.55102042E-03
2.98558202E-01  3.07776093E-01  1.51782692E-03
2.98852203E-01  3.05929571E-01  1.51089800E-03
2.99146204E-01  3.02419513E-01  1.48700725E-03
2.99440205E-01  3.03051084E-01  1.49127352E-03
2.99734206E-01  3.02612633E-01  1.48917735E-03
3.00028207E-01  3.04417521E-01  1.49611325E-03
3.00322209E-01  3.02665740E-01  1.48378499E-03
3.00616210E-01  2.96124399E-01  1.44687167E-03
3.00910211E-01  3.09928268E-01  1.46862597E-03
3.01204212E-01  3.05759788E-01  1.50489132E-03
3.01498213E-01  2.96718627E-01  1.43040961E-03
3.01792215E-01  3.07013214E-01  1.52767636E-03
3.02086216E-01  3.00678164E-01  1.44043413E-03
3.02380217E-01  3.10544401E-01  1.49934611E-03
3.02674218E-01  2.99390703E-01  1.49145979E-03
3.02968219E-01  3.01767319E-01  1.48714858E-03
3.03262221E-01  2.98600554E-01  1.50342053E-03
3.03556222E-01  2.95321912E-01  1.44737156E-03
3.03850223E-01  3.07280391E-01  1.48894289E-03
3.04144224E-01  3.09529066E-01  1.52595434E-03
3.04438225E-01  3.00619185E-01  1.45537371E-03
3.04732226E-01  3.04185420E-01  1.52043870E-03
3.05026228E-01  2.99322069E-01  1.50231039E-03
3.05320229E-01  3.03245097E-01  1.47579191E-03
3.05614230E-01  3.06077987E-01  1.46344397E-03
3.05908231E-01  3.04212779E-01  1.48105330E-03
3.06202232E-01  3.06597799E-01  1.50403776E-03
3.06496234E-01  3.04487675E-01  1.48012547E-03
3.06790235E-01  3.03554922E-01  1.47022237E-03
3.07084236E-01  3.02581817E-01  1.48274261E-03
3.07378237E-01  3.02278608E-01  1.47248770E-03
3.07672238E-01  3.10057908E-01  1.47744222E-03
3.07966239E-01  3.02815497E-01  1.46174140E-03
3.08260241E-01  3.01200390E-01  1.45384634E-03
3.08554242E-01  3.07910860E-01  1.48956617E-03
3.08848243E-01  3.03628623E-01  1.47926516E-03
3.09142244E-01  3.02864254E-01  1.47942512E-03
3.09436245E-01  3.00241619E-01  1.46258692E-03
3.09730247E-01  3.03923935E-01  1.49727205E-03
3.10024248E-01  3.03221881E-01  1.44791743E-03
3.10318249E-01  2.99196929E-01  1.43004302E-03
3.10612250E-01  3.00067723E-01  1.49278494E-03
3.10906251E-01  3.05156291E-01  1.47498690E-03
3.11200252E-01  3.10979158E-01  1.45001593E-03
3.11494254E-01  3.04984450E-01  1.47267804E-03
3.11788255E-01  3.04352909E-01  1.42619654E-03
3.12082256E-01  3.02747905E-01  1.47971616E-03
3.12376257E-01  2.99138874E-01  1.46362965E-03
3.12670258E-01  3.04910839E-01  1.50782720E-03
3.12964260E-01  3.01909715E-01  1.46755646E-03
3.13258261E-01  3.06330442E-01  1.46061194E-03
3.13552262E-01  2.98121512E-01  1.43419171E-03
3.13846263E-01  2.97661573E-01  1.49689976E-03
3.14140264E-01  3.03908616E-01  1.47655641E-03
3.14434265E-01  3.03501725E-01  1.46198715E-03
3.14728267E-01  2.99103767E-01  1.44492893E-03
3.15022268E-01  2.98297822E-01  1.46618928E-03
3.15316269E-01  2.97273606E-01  1.43223081E-03
3.15610270E-01  2.99910575E-01  1.45505893E-03
3.15904271E-01  2.92715013E-01  1.43260299E-03
3.16198273E-01  3.02202106E-01  1.45917828E-03
3.16492274E-01  2.98984408E-01  1.48277404E-03
3.16786275E-01  2.97133833E-01  1.44984550E-03
3.17080276E-01  3.02138418E-01  1.42587547E-03
3.17374277E-01  2.99183667E-01  1.45631167E-03
3.17668278E-01  3.03044260E-01  1.49300310E-03
3.17962280E-01  2.97347397E-01  1.36708084E-03
3.18256281E-01  3.03818196E-01  1.51142525E-03
3.18550282E-01  2.98558146E-01  1.48196332E-03
3.18844283E-01  2.99248129E-01  1.42513926E-03
3.19138284E-01  2.98978806E-01  1.47217058E-03
3.19432286E-01  2.99860746E-01  1.45145145E-03
3.19726287E-01  3.03751826E-01  1.46771723E-03
3.20020288E-01  3.02325785E-01  1.48229883E-03
3.20314289E-01  2.95744807E-01  1.42494356E-03
3.20608290E-01  2.98574269E-01  1.45117776E-03
3.20902292E-01  3.03438842E-01  1.47614803E-03
3.21196293E-01  2.97054440E-01  1.45121268E-03
3.21490294E-01  3.04605633E-01  1.45233551E-03
3.21784295E-01  2.99995661E-01  1.43356598E-03
3.22078296E-01  2.96433359E-01  1.42326450E-03
3.22372297E-01  2.91496068E-01  1.42838899E-03
3.22666299E-01  2.98374802E-01  1.41441450E-03
3.22960300E-01  2.99584955E-01  1.44248526E-03
3.23254301E-01  2.94808209E-01  1.44396478E-03
3.23548302E-01  2.99919069E-01  1.46947138E-03
3.23842303E-01  2.93511063E-01  1.49268401E-03
3.24136305E-01  2.94526160E-01  1.49149296E-03
3.24430306E-01  3.00755560E-01  1.48685218E-03
3.24724307E-01  3.01115483E-01  1.53986202E-03
3.25018308E-01  3.02479684E-01  1.49934716E-03
3.25312309E-01  2.94854194E-01  1.47526129E-03
3.25606310E-01  3.00168037E-01  1.51778117E-03
3.25900312E-01  2.93329448E-01  1.48143154E-03
3.26194313E-01  3.06868792E-01  1.52771478E-03
3.26488314E-01  2.92321503E-01  1.49059074E-03
3.26782315E-01  2.97876775E-01  1.52678636E-03
3.27076316E-01  3.02680731E-01  1.48660026E-03
3.27370318E-01  2.91472912E-01  1.52990443E-03
3.27664319E-01  2.99555480E-01  1.54738454E-03
3.27958320E-01  2.98719198E-01  1.49975566E-03
3.28252321E-01  2.98643529E-01  1.54262641E-03
3.28546322E-01  2.99168795E-01  1.51776907E-03
3.28840323E-01  3.01864654E-01  1.54412165E-03
3.29134325E-01  2.94984728E-01  1.52823841E-03
3.29428326E-01  2.93877631E-01  1.46988907E-03
3.29722327E-01  2.95910776E-01  1.52163464E-03
3.30016328E-01  3.01455379E-01  1.49515888E-03
3.30310329E-01  2.91266233E-01  1.49623316E-03
3.30604331E-01  2.94576705E-01  1.52800290E-03
3.30898332E-01  2.94969261E-01  1.54589326E-03
3.31192333E-01  2.90349513E-01  1.53568794E-03
3.31486334E-01  3.03153574E-01  1.52328808E-03
3.31780335E-01  3.01490724E-01  1.55266526E-03
3.32074336E-01  2.92862952E-01  1.50458317E-03
3.32368338E-01  2.94473499E-01  1.50458841E-03
3.32662339E-01  2.93661892E-01  1.52000750E-03
3.32956340E-01  2.93332398E-01  1.50701508E-03
3.33250341E-01  2.95261592E-01  1.55233359E-03
3.33544342E-01  2.92754412E-01  1.52450625E-03
3.33838344E-01  2.97181576E-01  1.57588511E-03
3.34132345E-01  2.93355286E-01  1.51388370E-03
3.34426346E-01  2.92954326E-01  1.53932662E-03
3.34720347E-01  2.90383339E-01  1.52083230E-03
3.35014348E-01  2.98808008E-01  1.53325638E-03
3.35308349E-01  2.97282428E-01  1.51584542E-03
3.35602351E-01  2.95598090E-01  1.54246180E-03
3.35896352E-01  2.85740405E-01  1.51608314E-03
3.36190353E-01  2.92877674E-01  1.54388312E-03
3.36484354E-01  2.96080023E-01  1.59592880E-03
3.36778355E-01  2.97143728E-01  1.55119796E-03
3.37072357E-01  2.94913560E-01  1.62734394E-03
3.37366358E-01  2.93082982E-01  1.56400772E-03
3.37660359E-01  2.92088538E-01  1.57284853E-03
3.37954360E-01  2.89596707E-01  1.53077079E-03
3.38248361E-01  2.93593198E-01  1.57451606E-03
3.38542362E-01  2.91693330E-01  1.58749952E-03
3.38836364E-01  2.97152638E-01  1.54547580E-03
3.39130365E-01  2.94878125E-01  1.56097312E-03
3.39424366E-01  2.90359765E-01  1.49622001E-03
3.39718367E-01  2.89742440E-01  1.55466108E-03
3.40012368E-01  2.86897093E-01  1.50340877E-03
3.40306370E-01  2.94152468E-01  1.54088845E-03
3.40600371E-01  2.93145657E-01  1.54148741E-03
3.40894372E-01  2.86788553E-01  1.52928615E-03
3.41188373E-01  2.96789974E-01  1.58291892E-03
3.41482374E-01  2.87605554E-01  1.54446380E-03
3.41776376E-01  2.89571345E-01  1.53355428E-03
3.42070377E-01  2.84556687E-01  1.51404145E-03
3.42364378E-01  2.80760884E-01  1.52358925E-03
3.42658379E-01  2.83023953E-01  1.52686203E-03
3.42952380E-01  2.85656631E-01  1.51414587E-03
3.43246381E-01  2.84373671E-01  1.52701698E-03
3.43540383E-01  2.82278270E-01  1.52076886E-03
3.43834384E-01  2.82490402E-01  1.54092279E-03
3.44128385E-01  2.88624257E-01  1.52985344E-03
3.44422386E-01  2.88256615E-01  1.51772134E-03
3.44716387E-01  2.82280475E-01  1.52575399E-03
3.45010389E-01  2.79864848E-01  1.54204783E-03
3.45304390E-01  2.86071986E-01  1.54363131E-03
3.45598391E-01  2.80240983E-01  1.51132117E-03
3.45892392E-01  2.88163096E-01  1.52140076E-03
3.46186393E-01  2.80342489E-01  1.54771819E-03
3.46480394E-01  2.87439138E-01  1.47675199E-03
3.46774396E-01  2.82901883E-01  1.55709975E-03
3.47068397E-01  2.82590717E-01  1.51457358E-03
3.47362398E-01  2.83712804E-01  1.53424544E-03
3.47656399E-01  2.83578157E-01  1.52680476E-03
3.47950400E-01  2.81962484E-01  1.50661741E-03
3.48244402E-01  2.78535724E-01  1.51970785E-03
3.48538403E-01  2.73595095E-01  1.50517072E-03
3.48832404E-01  2.86689818E-01  1.52547460E-03
3.49126405E-01  2.81959325E-01  1.53596851E-03
3.49420406E-01  2.80419171E-01  1.49703468E-03
3.49714407E-01  2.78182328E-01  1.49513641E-03
3.50008409E-01  2.79482812E-01  1.48851692E-03
3.50302410E-01  2.80686885E-01  1.49760896E-03
3.50596411E-01  2.84236699E-01  1.50370551E-03
3.50890412E-01  2.84115255E-01  1.53396546E-03
3.51184413E-01  2.79945850E-01  1.54679676E-03
3.51478415E-01  2.75010407E-01  1.49913866E-03
3.51772416E-01  2.70448506E-01  1.47885527E-03
3.52066417E-01  2.80210763E-01  1.50443730E-03
3.52360418E-01  2.74614781E-01  1.47037720E-03
3.52654419E-01  2.80570090E-01  1.51440490E-03
3.52948420E-01  2.79102474E-01  1.52504700E-03
3.53242422E-01  2.77371794E-01  1.51474471E-03
3.53536423E-01  2.73839593E-01  1.48849643E-03
3.53830424E-01  2.72985429E-01  1.48071290E-03
3.54124425E-01  2.76551098E-01  1.54497602E-03
3.54418426E-01  2.76180118E-01  1.54979830E-03
3.54712428E-01  2.82605290E-01  1.53239630E-03
3.55006429E-01  2.77926087E-01  1.48428336E-03
3.55300430E-01  2.77489901E-01  1.51489011E-03
3.55594431E-01  2.81894386E-01  1.45792088E-03
3.55888432E-01  2.75186777E-01  1.51392876E-03
3.56182433E-01  2.78403401E-01  1.55114429E-03
3.56476435E-01  2.77225435E-01  1.49312289E-03
3.56770436E-01  2.69429594E-01  1.53652928E-03
3.57064437E-01  2.74376184E-01  1.46949058E-03
3.57358438E-01  2.67679155E-01  1.49790256E-03
3.57652439E-01  2.72665560E-01  1.47568306E-03
3.57946441E-01  2.72711992E-01  1.48949493E-03
3.58240442E-01  2.66102791E-01  1.47649273E-03
3.58534443E-01  2.75508165E-01  1.50512706E-03
3.58828444E-01  2.72764653E-01  1.49697997E-03
3.59122445E-01  2.68487245E-01  1.50247139E-03
3.59416447E-01  2.73846686E-01  1.52093603E-03
3.59710448E-01  2.67455131E-01  1.48163573E-03
3.60004449E-01  2.66923279E-01  1.50029187E-03
3.60298450E-01  2.72083580E-01  1.49880373E-03
3.60592451E-01  2.71872908E-01  1.52766588E-03
3.60886452E-01  2.70044297E-01  1.48435426E-03
3.61180454E-01  2.80686915E-01  1.59344450E-03
3.61474455E-01  2.67075747E-01  1.48209126E-03
3.61768456E-01  2.70654529E-01  1.47674931E-03
3.62062457E-01  2.71005690E-01  1.48241280E-03
3.62356458E-01  2.66192764E-01  1.49828603E-03
3.62650460E-01  2.63846725E-01  1.48886826E-03
3.62944461E-01  2.64408439E-01  1.47036079E-03
3.63238462E-01  2.73317397E-01  1.56233413E-03
3.63532463E-01  2.70274669E-01  1.47475197E-03
3.63826464E-01  2.69483030E-01  1.44959218E-03
3.64120465E-01  2.65084922E-01  1.48468523E-03
3.64414467E-01  2.70089686E-01  1.49592024E-03
3.64708468E-01  2.66253740E-01  1.49983738E-03
3.65002469E-01  2.68225312E-01  1.50316535E-03
3.65296470E-01  2.71873564E-01  1.50197966E-03
3.65590471E-01  2.68431425E-01  1.51320628E-03
3.65884473E-01  2.76065409E-01  1.58699008E-03
3.66178474E-01  2.62947321E-01  1.47710647E-03
3.66472475E-01  2.67625779E-01  1.45270070E-03
3.66766476E-01  2.65914589E-01  1.51118555E-03
3.67060477E-01  2.61278957E-01  1.47043273E-03
3.67354478E-01  2.77413219E-01  1.54459930E-03
3.67648480E-01  2.64606744E-01  1.51961937E-03
3.67942481E-01  2.71424949E-01  1.53754407E-03
3.68236482E-01  2.61852860E-01  1.48962694E-03
3.68530483E-01  2.60197431E-01  1.46024767E-03
3.68824484E-01  2.69740671E-01  1.51679770E-03
3.69118486E-01  2.69296825E-01  1.48964999E-03
3.69412487E-01  2.70787567E-01  1.50656060E-03
3.69706488E-01  2.66885966E-01  1.48626242E-03
3.70000489E-01  2.70855606E-01  1.50784489E-03
3.70294490E-01  2.70065457E-01  1.51765998E-03
3.70588491E-01  2.64102966E-01  1.50958577E-03
3.70882493E-01  2.71037400E-01  1.49594632E-03
3.71176494E-01  2.72851348E-01  1.51422841E-03
3.71470495E-01  2.70895243E-01  1.51667441E-03
3.71764496E-01  2.71525055E-01  1.53060153E-03
3.72058497E-01  2.58506417E-01  1.45381270E-03
3.72352499E-01  2.62534946E-01  1.50228594E-03
3.72646500E-01  2.73148984E-01  1.46281009E-03
3.72940501E-01  2.72100478E-01  1.47288654E-03
3.73234502E-01  2.72551298E-01  1.50856155E-03
3.73528503E-01  2.67077655E-01  1.45830610E-03
3.73822504E-01  2.69886255E-01  1.51495356E-03
3.74116506E-01  2.69919544E-01  1.48502330E-03
3.74410507E-01  2.74250001E-01  1.48215145E-03
3.74704508E-01  2.67541885E-01  1.55741733E-03
3.74998509E-01  2.67734826E-01  1.49569730E-03
3.75292510E-01  2.71035373E-01  1.51704776E-03
3.75586512E-01  2.67105222E-01  1.49366644E-03
3.75880513E-01  2.66177863E-01  1.45603705E-03
3.76174514E-01  2.62776852E-01  1.51499559E-03
3.76468515E-01  2.66709745E-01  1.50577538E-03
3.76762516E-01  2.71573424E-01  1.48287578E-03
3.77056518E-01  2.65506715E-01  1.49285118E-03
3.77350519E-01  2.71346509E-01  1.54073432E-03
3.77644520E-01  2.70431668E-01  1.47233484E-03
3.77938521E-01  2.64407158E-01  1.46758824E-03
3.78232522E-01  2.66528696E-01  1.45112071E-03
3.78526523E-01  2.69097626E-01  1.48632482E-03
3.78820525E-01  2.59490311E-01  1.49115513E-03
3.79114526E-01  2.77078480E-01  1.53390353E-03
3.79408527E-01  2.70028532E-01  1.54786697E-03
3.79702528E-01  2.70461619E-01  1.52824470E-03
3.79996529E-01  2.66654998E-01  1.46898651E-03
3.80290531E-01  2.65483588E-01  1.52632222E-03
3.80584532E-01  2.74515092E-01  1.48565916E-03
3.80878533E-01  2.60431260E-01  1.45743112E-03
3.81172534E-01  2.64745802E-01  1.47192879E-03
3.81466535E-01  2.58370370E-01  1.47585943E-03
3.81760536E-01  2.69221127E-01  1.48148427E-03
3.82054538E-01  2.68259019E-01  1.49443746E-03
3.82348539E-01  2.71282941E-01  1.52243546E-03
3.82642540E-01  2.64563859E-01  1.49217353E-03
3.82936541E-01  2.71041304E-01  1.53720635E-03
3.83230542E-01  2.68418372E-01  1.49668544E-03
3.83524544E-01  2.68132091E-01  1.53911242E-03
3.83818545E-01  2.72049844E-01  1.52489578E-03
3.84112546E-01  2.72196263E-01  1.52815017E-03
3.84406547E-01  2.65437216E-01  1.52650976E-03
3.84700548E-01  2.66903043E-01  1.51474436E-03
3.84994549E-01  2.70693034E-01  1.56631810E-03
3.85288551E-01  2.73279518E-01  1.52723107E-03
3.85582552E-01  2.63929784E-01  1.52417854E-03
3.85876553E-01  2.65874565E-01  1.49408018E-03
3.86170554E-01  2.73360193E-01  1.55595678E-03
3.86464555E-01  2.72855997E-01  1.50387804E-03
3.86758557E-01  2.69202739E-01  1.51452550E-03
3.87052558E-01  2.74028242E-01  1.55348389E-03
3.87346559E-01  2.71412402E-01  1.51035539E-03
3.87640560E-01  2.77070850E-01  1.52500346E-03
3.87934561E-01  2.71195173E-01  1.54091429E-03
3.88228562E-01  2.71842808E-01  1.53661508E-03
3.88522564E-01  2.69289225E-01  1.50087278E-03
3.88816565E-01  2.61038989E-01  1.50918844E-03
3.89110566E-01  2.72259742E-01  1.48828002E-03
3.89404567E-01  2.67836779E-01  1.48751913E-03
3.89698568E-01  2.73626477E-01  1.50211144E-03
3.89992570E-01  2.76853710E-01  1.54640572E-03
3.90286571E-01  2.80373305E-01  1.54410605E-03
3.90580572E-01  2.75033861E-01  1.56864082E-03
3.90874573E-01  2.77096301E-01  1.56122388E-03
3.91168574E-01  2.75190890E-01  1.59852859E-03
3.91462575E-01  2.70370185E-01  1.51711260E-03
3.91756577E-01  2.75555402E-01  1.55677961E-03
3.92050578E-01  2.63069212E-01  1.49752281E-03
3.92344579E-01  2.72248894E-01  1.54025247E-03
3.92638580E-01  2.68514186E-01  1.51513284E-03
3.92932581E-01  2.69135982E-01  1.51275983E-03
3.93226583E-01  2.66421258E-01  1.51968317E-03
3.93520584E-01  2.68902004E-01  1.52554072E-03
3.93814585E-01  2.73987591E-01  1.54907152E-03
3.94108586E-01  2.76405573E-01  1.54090021E-03
3.94402587E-01  2.67837226E-01  1.49898231E-03
3.94696588E-01  2.74969995E-01  1.53838086E-03
3.94990590E-01  2.67378002E-01  1.54024595E-03
3.95284591E-01  2.66162544E-01  1.53690495E-03
3.95578592E-01  2.68484890E-01  1.51592493E-03
3.95872593E-01  2.69805104E-01  1.50965853E-03
3.96166594E-01  2.70854175E-01  1.54231430E-03
3.96460596E-01  2.74424851E-01  1.52366096E-03
3.96754597E-01  2.71324903E-01  1.51949527E-03
3.97048598E-01  2.76569605E-01  1.55814248E-03
3.97342599E-01  2.72788435E-01  1.58700976E-03
3.97636600E-01  2.76620895E-01  1.52045221E-03
3.97930602E-01  2.69947916E-01  1.53831567E-03
3.98224603E-01  2.73176402E-01  1.52522919E-03
3.98518604E-01  2.75872648E-01  1.52148178E-03
3.98812605E-01  2.76785791E-01  1.54261477E-03
3.99106606E-01  2.73279488E-01  1.53355848E-03
3.99400607E-01  2.74962515E-01  1.52809219E-03
3.99694609E-01  2.77411461E-01  1.54680270E-03
3.99988610E-01  2.68813461E-01  1.54509710E-03
4.00282611E-01  2.68288255E-01  1.53596350E-03
4.00576612E-01  2.74691164E-01  1.51188695E-03
4.00870613E-01  2.71040887E-01  1.52681640E-03
4.01164615E-01  2.75710166E-01  1.50034344E-03
4.01458616E-01  2.70958573E-01  1.53166044E-03
4.01752617E-01  2.69440353E-01  1.53716258E-03
4.02046618E-01  2.72398353E-01  1.56779867E-03
4.02340619E-01  2.87490577E-01  1.57270860E-03
4.02634620E-01  2.72014618E-01  1.51957921E-03
4.02928622E-01  2.69324809E-01  1.55721954E-03
4.03222623E-01  2.73163497E-01  1.51440781E-03
4.03516624E-01  2.74681896E-01  1.53793779E-03
4.03810625E-01  2.81138629E-01  1.54598756E-03
4.04104626E-01  2.72101998E-01  1.55416119E-03
4.04398628E-01  2.76068509E-01  1.55381579E-03
4.04692629E-01  2.69985616E-01  1.57041394E-03
4.04986630E-01  2.71805972E-01  1.52416294E-03
4.05280631E-01  2.78522879E-01  1.58143579E-03
4.05574632E-01  2.68570960E-01  1.51911099E-03
4.05868633E-01  2.66122192E-01  1.55602570E-03
4.06162635E-01  2.68600255E-01  1.51583995E-03
4.06456636E-01  2.66189605E-01  1.47176697E-03
4.06750637E-01  2.68152565E-01  1.54107576E-03
4.07044638E-01  2.71163166E-01  1.51069870E-03
4.07338639E-01  2.66843170E-01  1.50775898E-03
4.07632641E-01  2.70899951E-01  1.57176354E-03
4.07926642E-01  2.70348102E-01  1.48174888E-03
4.08220643E-01  2.67709434E-01  1.52861548E-03
4.08514644E-01  2.68423796E-01  1.50847074E-03
4.08808645E-01  2.65450388E-01  1.48741505E-03
4.09102646E-01  2.56754577E-01  1.51213340E-03
4.09396648E-01  2.75230885E-01  1.50682766E-03
4.09690649E-01  2.67814487E-01  1.56307523E-03
4.09984650E-01  2.66235590E-01  1.50123856E-03
4.10278651E-01  2.62263715E-01  1.52759242E-03
4.10572652E-01  2.68670946E-01  1.49167189E-03
4.10866654E-01  2.67902225E-01  1.51964941E-03
4.11160655E-01  2.66321957E-01  1.53241109E-03
4.11454656E-01  2.71768421E-01  1.49485609E-03
4.11748657E-01  2.61323839E-01  1.48322410E-03
4.12042658E-01  2.71946877E-01  1.53481425E-03
4.12336659E-01  2.67880946E-01  1.50356779E-03
4.12630661E-01  2.66623139E-01  1.45398185E-03
4.12924662E-01  2.59940416E-01  1.49667298E-03
4.13218663E-01  2.66899943E-01  1.48828409E-03
4.13512664E-01  2.63354421E-01  1.47379481E-03
4.13806665E-01  2.59702325E-01  1.49719708E-03
4.14100667E-01  2.68684775E-01  1.48003327E-03
4.14394668E-01  2.59149432E-01  1.52549346E-03
4.14688669E-01  2.59692848E-01  1.50512671E-03
4.14982670E-01  2.64056444E-01  1.48051302E-03
4.15276671E-01  2.65666276E-01  1.49904331E-03
4.15570673E-01  2.60371983E-01  1.48659735E-03
4.15864674E-01  2.63383895E-01  1.51724182E-03
4.16158675E-01  2.63570249E-01  1.44157768E-03
4.16452676E-01  2.58247286E-01  1.48183189E-03
4.16746677E-01  2.55391359E-01  1.46452547E-03
4.17040678E-01  2.54208148E-01  1.46064162E-03
4.17334680E-01  2.54534185E-01  1.49240962E-03
4.17628681E-01  2.57608682E-01  1.45169732E-03
4.17922682E-01  2.65074492E-01  1.47103413E-03
4.18216683E-01  2.59629726E-01  1.48145971E-03
4.18510684E-01  2.64506549E-01  1.49547239E-03
4.18804686E-01  2.58662313E-01  1.49656110E-03
4.19098687E-01  2.54078031E-01  1.46511453E-03
4.19392688E-01  2.56954432E-01  1.48004107E-03
4.19686689E-01  2.58323312E-01  1.47668528E-03
4.19980690E-01  2.60540515E-01  1.46053417E-03
4.20274691E-01  2.55443752E-01  1.47823826E-03
4.20568693E-01  2.61799544E-01  1.50304683E-03
4.20862694E-01  2.52358526E-01  1.45697675E-03
4.21156695E-01  2.53644973E-01  1.47291971E-03
4.21450696E-01  2.54531443E-01  1.48790958E-03
4.21744697E-01  2.49767214E-01  1.43674354E-03
4.22038699E-01  2.51361638E-01  1.46005163E-03
4.22332700E-01  2.53495693E-01  1.46505085E-03
4.22626701E-01  2.52355307E-01  1.46523782E-03
4.22920702E-01  2.53078133E-01  1.50073622E-03
4.23214703E-01  2.50814468E-01  1.43729313E-03
4.23508704E-01  2.51993656E-01  1.47986226E-03
4.23802706E-01  2.51174629E-01  1.46793528E-03
4.24096707E-01  2.54299939E-01  1.52994110E-03
4.24390708E-01  2.47030631E-01  1.45651074E-03
4.24684709E-01  2.42217630E-01  1.43766473E-03
4.24978710E-01  2.47017220E-01  1.47697539E-03
4.25272712E-01  2.52220005E-01  1.49941619E-03
4.25566713E-01  2.49882832E-01  1.46155455E-03
4.25860714E-01  2.49595478E-01  1.47082657E-03
4.26154715E-01  2.44180158E-01  1.45432062E-03
4.26448716E-01  2.53950536E-01  1.49469019E-03
4.26742717E-01  2.49076158E-01  1.49234105E-03
4.27036719E-01  2.51472414E-01  1.44308840E-03
4.27330720E-01  2.52018899E-01  1.47187582E-03
4.27624721E-01  2.51820356E-01  1.49347982E-03
4.27918722E-01  2.48370379E-01  1.44673022E-03
4.28212723E-01  2.53836483E-01  1.47967797E-03
4.28506725E-01  2.46950492E-01  1.43332325E-03
4.28800726E-01  2.44822264E-01  1.43029564E-03
4.29094727E-01  2.40932465E-01  1.44277967E-03
4.29388728E-01  2.49544576E-01  1.45350071E-03
4.29682729E-01  2.33424917E-01  1.40014559E-03
4.29976730E-01  2.41645515E-01  1.43229833E-03
4.30270732E-01  2.49963820E-01  1.44535606E-03
4.30564733E-01  2.46555537E-01  1.44261203E-03
4.30858734E-01  2.45840698E-01  1.47492462E-03
4.31152735E-01  2.47828290E-01  1.45457685E-03
4.31446736E-01  2.37899244E-01  1.40644622E-03
4.31740738E-01  2.44122609E-01  1.43438054E-03
4.32034739E-01  2.39763066E-01  1.40782760E-03
4.32328740E-01  2.35878527E-01  1.39653555E-03
4.32622741E-01  2.50839829E-01  1.43366936E-03
4.32916742E-01  2.44533956E-01  1.44866703E-03
4.33210744E-01  2.42347419E-01  1.42639747E-03
4.33504745E-01  2.39813566E-01  1.41247641E-03
4.33798746E-01  2.41225526E-01  1.41062716E-03
4.34092747E-01  2.43891418E-01  1.45275053E-03
4.34386748E-01  2.44986877E-01  1.42612343E-03
4.34680749E-01  2.32651398E-01  1.42120174E-03
4.34974751E-01  2.41260022E-01  1.45059265E-03
4.35268752E-01  2.41675869E-01  1.46231765E-03
4.35562753E-01  2.34079525E-01  1.38715445E-03
4.35856754E-01  2.45864585E-01  1.41494267E-03
4.36150755E-01  2.39829004E-01  1.39820669E-03
4.36444757E-01  2.43318558E-01  1.41296908E-03
4.36738758E-01  2.40149304E-01  1.46529498E-03
4.37032759E-01  2.45360598E-01  1.45269383E-03
4.37326760E-01  2.41761059E-01  1.40638382E-03
4.37620761E-01  2.48780966E-01  1.45469734E-03
4.37914762E-01  2.42156997E-01  1.41859206E-03
4.38208764E-01  2.38833368E-01  1.35546923E-03
4.38502765E-01  2.40529135E-01  1.38762221E-03
4.38796766E-01  2.37999141E-01  1.38507423E-03
4.39090767E-01  2.42984816E-01  1.43423490E-03
4.39384768E-01  2.45317832E-01  1.42038579E-03
4.39678770E-01  2.41339728E-01  1.40241266E-03
4.39972771E-01  2.41731361E-01  1.42598548E-03
4.40266772E-01  2.36733243E-01  1.41982490E-03
4.40560773E-01  2.32171848E-01  1.38774805E-03
4.40854774E-01  2.41598308E-01  1.43010681E-03
4.41148775E-01  2.38376349E-01  1.42498896E-03
4.41442777E-01  2.37968296E-01  1.41979568E-03
4.41736778E-01  2.39253610E-01  1.42106891E-03
4.42030779E-01  2.34312102E-01  1.41929416E-03
4.42324780E-01  2.44238392E-01  1.46989408E-03
4.42618781E-01  2.39013910E-01  1.43221149E-03
4.42912783E-01  2.35800728E-01  1.45195529E-03
4.43206784E-01  2.40721658E-01  1.43734296E-03
4.43500785E-01  2.45780185E-01  1.44643581E-03
4.43794786E-01  2.37768397E-01  1.40662072E-03
4.44088787E-01  2.35726312E-01  1.41830067E-03
4.44382788E-01  2.42277876E-01  1.38919090E-03
4.44676790E-01  2.42156103E-01  1.40199251E-03
4.44970791E-01  2.45512605E-01  1.43809605E-03
4.45264792E-01  2.42642179E-01  1.40317471E-03
4.45558793E-01  2.39991069E-01  1.46530801E-03
4.45852794E-01  2.35681951E-01  1.40555808E-03
4.46146796E-01  2.39641517E-01  1.40320451E-03
4.46440797E-01  2.39029258E-01  1.40926614E-03
4.46734798E-01  2.41664812E-01  1.41984411E-03
4.47028799E-01  2.39692435E-01  1.42766908E-03
4.47322800E-01  2.35672221E-01  1.38480833E-03
4.47616801E-01  2.39597380E-01  1.43973134E-03
4.47910803E-01  2.37195358E-01  1.40718522E-03
4.48204804E-01  2.41891727E-01  1.50880567E-03
4.48498805E-01  2.43119463E-01  1.45964988E-03
4.48792806E-01  2.39354596E-01  1.49093859E-03
4.49086807E-01  2.37070695E-01  1.46348274E-03
4.49380809E-01  2.37495974E-01  1.48096704E-03
4.49674810E-01  2.36073807E-01  1.56291947E-03
4.49968811E-01  2.33933032E-01  1.50523672E-03
4.50262812E-01  2.32927814E-01  1.51548791E-03
4.50556813E-01  2.42233515E-01  1.54050812E-03
4.50850814E-01  2.36994103E-01  1.55805820E-03
4.51144816E-01  2.29967847E-01  1.54805998E-03
4.51438817E-01  2.46121198E-01  1.60266634E-03
4.51732818E-01  2.37082198E-01  1.56430004E-03
4.52026819E-01  2.36146197E-01  1.54890446E-03
4.52320820E-01  2.33231246E-01  1.55906682E-03
4.52614822E-01  2.39013553E-01  1.60280894E-03
4.52908823E-01  2.40460321E-01  1.62302703E-03
4.53202824E-01  2.38837525E-01  1.58283347E-03
4.53496825E-01  2.44928986E-01  1.63719675E-03
4.53790826E-01  2.36933157E-01  1.59959414E-03
4.54084828E-01  2.41151243E-01  1.61557330E-03
4.54378829E-01  2.33973026E-01  1.62583275E-03
4.54672830E-01  2.40032569E-01  1.62508292E-03
4.54966831E-01  2.38643393E-01  1.66958116E-03
4.55260832E-01  2.42617413E-01  1.67621346E-03
4.55554833E-01  2.33353555E-01  1.66368729E-03
4.55848835E-01  2.44379029E-01  1.63953495E-03
4.56142836E-01  2.41781667E-01  1.66151847E-03
4.56436837E-01  2.34273925E-01  1.66131905E-03
4.56730838E-01  2.39340782E-01  1.69967045E-03
4.57024839E-01  2.33493000E-01  1.63060473E-03
4.57318841E-01  2.32505083E-01  1.68690446E-03
4.57612842E-01  2.45958269E-01  1.76152878E-03
4.57906843E-01  2.37355277E-01  1.71714986E-03
4.58200844E-01  2.39996985E-01  1.70589401E-03
4.58494845E-01  2.30928943E-01  1.63779804E-03
4.58788846E-01  2.43801221E-01  1.68838946E-03
4.59082848E-01  2.41698086E-01  1.64692965E-03
4.59376849E-01  2.42519110E-01  1.60118635E-03
4.59670850E-01  2.35411614E-01  1.60710874E-03
4.59964851E-01  2.49923989E-01  1.65616442E-03
4.60258852E-01  2.29188368E-01  1.54516788E-03
4.60552854E-01  2.41875768E-01  1.61750079E-03
4.60846855E-01  2.38668352E-01  1.58003729E-03
4.61140856E-01  2.43355155E-01  1.60875916E-03
4.61434857E-01  2.39023641E-01  1.62640144E-03
4.61728858E-01  2.33960643E-01  1.56643381E-03
4.62022859E-01  2.38994405E-01  1.55166956E-03
4.62316861E-01  2.26463154E-01  1.53437769E-03
4.62610862E-01  2.32916385E-01  1.51958491E-03
4.62904863E-01  2.33093336E-01  1.56857830E-03
4.63198864E-01  2.32447624E-01  1.57852995E-03
4.63492865E-01  2.33763024E-01  1.54535274E-03
4.63786867E-01  2.43909255E-01  1.57505041E-03
4.64080868E-01  2.39247277E-01  1.54321489E-03
4.64374869E-01  2.42030114E-01  1.57893228E-03
4.64668870E-01  2.37427935E-01  1.54032966E-03
4.64962871E-01  2.37765446E-01  1.50787691E-03
4.65256872E-01  2.36319169E-01  1.53577654E-03
4.65550874E-01  2.32470065E-01  1.54253666E-03
4.65844875E-01  2.32472494E-01  1.51666196E-03
4.66138876E-01  2.37314448E-01  1.54355285E-03
4.66432877E-01  2.37135738E-01  1.54953799E-03
4.66726878E-01  2.37156555E-01  1.58250728E-03
4.67020880E-01  2.36653090E-01  1.56021654E-03
4.67314881E-01  2.40142211E-01  1.58913608E-03
4.67608882E-01  2.45325983E-01  1.57043221E-03
4.67902883E-01  2.47016340E-01  1.58938579E-03
4.68196884E-01  2.37059459E-01  1.51937478E-03
4.68490885E-01  2.42236733E-01  1.51396706E-03
4.68784887E-01  2.40023568E-01  1.52804004E-03
4.69078888E-01  2.36936286E-01  1.51751691E-03
4.69372889E-01  2.42788270E-01  1.51689397E-03
4.69666890E-01  2.46561691E-01  1.54228671E-03
4.69960891E-01  2.39794239E-01  1.53390120E-03
4.70254893E-01  2.46616602E-01  1.57273549E-03
4.70548894E-01  2.41395369E-01  1.56288873E-03
4.70842895E-01  2.41344273E-01  1.50259282E-03
4.71136896E-01  2.48082429E-01  1.56559120E-03
4.71430897E-01  2.41381437E-01  1.56682613E-03
4.71724899E-01  2.34852925E-01  1.51678792E-03
4.72018900E-01  2.38335773E-01  1.51069742E-03
4.72312901E-01  2.37183288E-01  1.47450750E-03
4.72606902E-01  2.39504740E-01  1.50786410E-03
4.72900903E-01  2.40713596E-01  1.49996160E-03
4.73194904E-01  2.38158077E-01  1.49465806E-03
4.73488906E-01  2.37876236E-01  1.55039062E-03
4.73782907E-01  2.34839886E-01  1.47600344E-03
4.74076908E-01  2.44026855E-01  1.57529849E-03
4.74370909E-01  2.44959801E-01  1.55912561E-03
4.74664910E-01  2.43474349E-01  1.52614911E-03
4.74958912E-01  2.41969064E-01  1.52267539E-03
4.75252913E-01  2.37012953E-01  1.49440079E-03
4.75546914E-01  2.37016127E-01  1.52717414E-03
4.75840915E-01  2.47748941E-01  1.59061467E-03
4.76134916E-01  2.39488810E-01  1.53004541E-03
4.76428917E-01  2.42443979E-01  1.54391106E-03
4.76722919E-01  2.42862731E-01  1.47721509E-03
4.77016920E-01  2.32559934E-01  1.50665746E-03
4.77310921E-01  2.29757324E-01  1.49837683E-03
4.77604922E-01  2.41454825E-01  1.55171880E-03
4.77898923E-01  2.39959508E-01  1.51051418E-03
4.78192925E-01  2.37568945E-01  1.51491258E-03
4.78486926E-01  2.36964062E-01  1.54477183E-03
4.78780927E-01  2.36639857E-01  1.50581298E-03
4.79074928E-01  2.37304762E-01  1.48679432E-03
4.79368929E-01  2.40393549E-01  1.56454078E-03
4.79662930E-01  2.39211693E-01  1.49218435E-03
4.79956932E-01  2.39218205E-01  1.54105143E-03
4.80250933E-01  2.38673449E-01  1.52750826E-03
4.80544934E-01  2.40042448E-01  1.51005096E-03
4.80838935E-01  2.34347478E-01  1.52845855E-03
4.81132936E-01  2.40772009E-01  1.50918786E-03
4.81426938E-01  2.41145387E-01  1.52315351E-03
4.81720939E-01  2.41022348E-01  1.53523835E-03
4.82014940E-01  2.35511616E-01  1.54116633E-03
4.82308941E-01  2.39581540E-01  1.52141252E-03
4.82602942E-01  2.34723493E-01  1.52088609E-03
4.82896943E-01  2.36701250E-01  1.49023137E-03
4.83190945E-01  2.38833323E-01  1.53740461E-03
4.83484946E-01  2.36259252E-01  1.52401987E-03
4.83778947E-01  2.40609705E-01  1.47967553E-03
4.84072948E-01  2.37718970E-01  1.47770578E-03
4.84366949E-01  2.48792514E-01  1.54197810E-03
4.84660951E-01  2.38553718E-01  1.54515950E-03
4.84954952E-01  2.34681398E-01  1.51949935E-03
4.85248953E-01  2.32202053E-01  1.50996237E-03
4.85542954E-01  2.37488970E-01  1.46624108E-03
4.85836955E-01  2.35785589E-01  1.50491286E-03
4.86130956E-01  2.37112671E-01  1.51170639E-03
4.86424958E-01  2.39877716E-01  1.52668287E-03
4.86718959E-01  2.36500695E-01  1.47096009E-03
4.87012960E-01  2.43323460E-01  1.53479062E-03
4.87306961E-01  2.37308577E-01  1.54297496E-03
4.87600962E-01  2.44632438E-01  1.54410140E-03
4.87894964E-01  2.41623923E-01  1.49120728E-03
4.88188965E-01  2.44464487E-01  1.52743887E-03
4.88482966E-01  2.34811768E-01  1.46491698E-03
4.88776967E-01  2.30804220E-01  1.53543218E-03
4.89070968E-01  2.39754662E-01  1.46821619E-03
4.89364970E-01  2.37660393E-01  1.52174709E-03
4.89658971E-01  2.36872822E-01  1.51737244E-03
4.89952972E-01  2.35836178E-01  1.53823558E-03
4.90246973E-01  2.46478364E-01  1.55175431E-03
4.90540974E-01  2.37229183E-01  1.53420132E-03
4.90834975E-01  2.40902886E-01  1.53208640E-03
4.91128977E-01  2.37941161E-01  1.48000626E-03
4.91422978E-01  2.42772698E-01  1.52262126E-03
4.91716979E-01  2.38566384E-01  1.48593448E-03
4.92010980E-01  2.35674039E-01  1.49496295E-03
4.92304981E-01  2.37110555E-01  1.46002264E-03
4.92598983E-01  2.33196720E-01  1.48564426E-03
4.92892984E-01  2.34161094E-01  1.49089785E-03
4.93186985E-01  2.43212327E-01  1.53250014E-03
4.93480986E-01  2.43226841E-01  1.52665528E-03
4.93774987E-01  2.38583639E-01  1.54186948E-03
4.94068988E-01  2.33666942E-01  1.47465209E-03
4.94362990E-01  2.39988357E-01  1.54636835E-03
4.94656991E-01  2.37243831E-01  1.52223220E-03
4.94950992E-01  2.36563936E-01  1.53299654E-03
4.95244993E-01  2.39458770E-01  1.53671624E-03
4.95538994E-01  2.36860588E-01  1.50484603E-03
4.95832996E-01  2.43816629E-01  1.57158915E-03
4.96126997E-01  2.35431105E-01  1.54789980E-03
4.96420998E-01  2.38405168E-01  1.47840963E-03
4.96714999E-01  2.35223800E-01  1.49308401E-03
4.97009000E-01  2.36631617E-01  1.49866252E-03
4.97303001E-01  2.37901792E-01  1.51569187E-03
4.97597003E-01  2.36101151E-01  1.50886155E-03
4.97891004E-01  2.45225325E-01  1.52531266E-03
4.98185005E-01  2.36671552E-01  1.50463334E-03
4.98479006E-01  2.33055785E-01  1.51935662E-03
4.98773007E-01  2.41745338E-01  1.51807838E-03
4.99067009E-01  2.31555268E-01  1.45040336E-03
4.99361010E-01  2.47635081E-01  1.52506051E-03
4.99655011E-01  2.36827835E-01  1.48779177E-03
4.99949012E-01  2.36425579E-01  1.46508892E-03
5.00243013E-01  2.30244458E-01  1.50260667E-03
5.00537014E-01  2.35411778E-01  1.47873128E-03
5.00831016E-01  2.40312576E-01  1.51432573E-03
5.01125017E-01  2.38879517E-01  1.52864202E-03
5.01419018E-01  2.34002292E-01  1.44484523E-03
5.01713019E-01  2.35593781E-01  1.50893442E-03
5.02007020E-01  2.36020699E-01  1.46661303E-03
5.02301022E-01  2.33059376E-01  1.47382671E-03
5.02595023E-01  2.28550568E-01  1.49251893E-03
5.02889024E-01  2.29166180E-01  1.49956683E-03
5.03183025E-01  2.33295828E-01  1.45623926E-03
5.03477026E-01  2.33588532E-01  1.50061422E-03
5.03771027E-01  2.33343527E-01  1.48472865E-03
5.04065029E-01  2.38970071E-01  1.57001149E-03
5.04359030E-01  2.31709793E-01  1.46032509E-03
5.04653031E-01  2.39321306E-01  1.50527945E-03
5.04947032E-01  2.39188507E-01  1.52554724E-03
5.05241033E-01  2.40863979E-01  1.52955099E-03
5.05535035E-01  2.40465298E-01  1.52866426E-03
5.05829036E-01  2.31903270E-01  1.48187799E-03
5.06123037E-01  2.37971678E-01  1.50227547E-03
5.06417038E-01  2.33654305E-01  1.44736038E-03
5.06711039E-01  2.36758903E-01  1.47917203E-03
5.07005040E-01  2.31124118E-01  1.51334354E-03
5.07299042E-01  2.38319829E-01  1.49070006E-03
5.07593043E-01  2.41917521E-01  1.44656224E-03
5.07887044E-01  2.38039955E-01  1.50334067E-03
5.08181045E-01  2.34340325E-01  1.43285282E-03
5.08475046E-01  2.37056822E-01  1.48477487E-03
5.08769048E-01  2.37363964E-01  1.46610499E-03
5.09063049E-01  2.37977728E-01  1.52282277E-03
5.09357050E-01  2.36402109E-01  1.49148260E-03
5.09651051E-01  2.42795542E-01  1.54298788E-03
5.09945052E-01  2.35808045E-01  1.51177065E-03
5.10239054E-01  2.40870699E-01  1.50930823E-03
5.10533055E-01  2.37173051E-01  1.47176057E-03
5.10827056E-01  2.34843910E-01  1.46915740E-03
5.11121057E-01  2.33984560E-01  1.48329604E-03
5.11415058E-01  2.34958485E-01  1.51539105E-03
5.11709059E-01  2.38560870E-01  1.48206495E-03
5.12003061E-01  2.41898790E-01  1.51296810E-03
5.12297062E-01  2.39563972E-01  1.51049253E-03
5.12591063E-01  2.34243706E-01  1.47696584E-03
5.12885064E-01  2.33523354E-01  1.45964592E-03
5.13179065E-01  2.36785263E-01  1.54773518E-03
5.13473067E-01  2.35070720E-01  1.50074402E-03
5.13767068E-01  2.35475346E-01  1.53425487E-03
5.14061069E-01  2.35510349E-01  1.50327536E-03
5.14355070E-01  2.31779411E-01  1.48866046E-03
5.14649071E-01  2.35715672E-01  1.45975524E-03
5.14943072E-01  2.34633759E-01  1.47966598E-03
5.15237074E-01  2.38590792E-01  1.50605373E-03
5.15531075E-01  2.32995078E-01  1.46067678E-03
5.15825076E-01  2.36001566E-01  1.49665703E-03
5.16119077E-01  2.36512244E-01  1.50742789E-03
5.16413078E-01  2.40773186E-01  1.49636075E-03
5.16707080E-01  2.36622140E-01  1.55252893E-03
5.17001081E-01  2.36489311E-01  1.45990204E-03
5.17295082E-01  2.32851729E-01  1.45862973E-03
5.17589083E-01  2.32916817E-01  1.48267101E-03
5.17883084E-01  2.35324159E-01  1.49288471E-03
5.18177085E-01  2.36659750E-01  1.45978015E-03
5.18471087E-01  2.28467509E-01  1.48521096E-03
5.18765088E-01  2.39174590E-01  1.50109106E-03
5.19059089E-01  2.28837356E-01  1.46948837E-03
5.19353090E-01  2.37843335E-01  1.53060455E-03
5.19647091E-01  2.35225931E-01  1.46958453E-03
5.19941093E-01  2.32594028E-01  1.48785545E-03
5.20235094E-01  2.31301844E-01  1.46793970E-03
5.20529095E-01  2.34677151E-01  1.48459605E-03
5.20823096E-01  2.27744892E-01  1.45567954E-03
5.21117097E-01  2.29866162E-01  1.51761633E-03
5.21411098E-01  2.31061354E-01  1.51427626E-03
5.21705100E-01  2.33815938E-01  1.46650127E-03
5.21999101E-01  2.30317622E-01  1.46386132E-03
5.22293102E-01  2.38471746E-01  1.52264989E-03
5.22587103E-01  2.34610096E-01  1.50705175E-03
5.22881104E-01  2.37357140E-01  1.48586719E-03
5.23175106E-01  2.34977350E-01  1.49950094E-03
5.23469107E-01  2.39181578E-01  1.51685998E-03
5.23763108E-01  2.31908068E-01  1.44581369E-03
5.24057109E-01  2.36392066E-01  1.44102506E-03
5.24351110E-01  2.34749079E-01  1.45751180E-03
5.24645111E-01  2.32924908E-01  1.51371199E-03
5.24939113E-01  2.34705552E-01  1.47730880E-03
5.25233114E-01  2.40610838E-01  1.49989233E-03
5.25527115E-01  2.34485999E-01  1.47157500E-03
5.25821116E-01  2.39127830E-01  1.48450548E-03
5.26115117E-01  2.37066194E-01  1.50842650E-03
5.26409119E-01  2.34013781E-01  1.51842728E-03
5.26703120E-01  2.40622789E-01  1.49286247E-03
5.26997121E-01  2.39021450E-01  1.52851408E-03
5.27291122E-01  2.35497192E-01  1.48341060E-03
5.27585123E-01  2.33976379E-01  1.50036300E-03
5.27879125E-01  2.32974097E-01  1.50773418E-03
5.28173126E-01  2.35036582E-01  1.49829232E-03
5.28467127E-01  2.35851690E-01  1.52950175E-03
5.28761128E-01  2.34854341E-01  1.45684590E-03
5.29055129E-01  2.30467662E-01  1.47945737E-03
5.29349130E-01  2.33233914E-01  1.53080048E-03
5.29643132E-01  2.37982601E-01  1.48720143E-03
5.29937133E-01  2.32714191E-01  1.52708788E-03
5.30231134E-01  2.30352029E-01  1.44459703E-03
5.30525135E-01  2.34277368E-01  1.47179863E-03
5.30819136E-01  2.32835755E-01  1.49029156E-03
5.31113138E-01  2.34221384E-01  1.48060173E-03
5.31407139E-01  2.36832514E-01  1.51206006E-03
5.31701140E-01  2.32529700E-01  1.47428224E-03
5.31995141E-01  2.38422081E-01  1.51817675E-03
5.32289142E-01  2.38968387E-01  1.48341979E-03
5.32583143E-01  2.31492639E-01  1.45633216E-03
5.32877145E-01  2.30246261E-01  1.46961538E-03
5.33171146E-01  2.37095878E-01  1.47590716E-03
5.33465147E-01  2.29307398E-01  1.47168897E-03
5.33759148E-01  2.29988351E-01  1.44154904E-03
5.34053149E-01  2.37077788E-01  1.51766883E-03
5.34347151E-01  2.32712686E-01  1.44533813E-03
5.34641152E-01  2.35305190E-01  1.44528644E-03
5.34935153E-01  2.36077547E-01  1.45012210E-03
5.35229154E-01  2.40221664E-01  1.48625136E-03
5.35523155E-01  2.27022499E-01  1.43991632E-03
5.35817156E-01  2.33954951E-01  1.46686938E-03
5.36111158E-01  2.31961444E-01  1.45949062E-03
5.36405159E-01  2.32176751E-01  1.46959024E-03
5.36699160E-01  2.35854194E-01  1.48040580E-03
5.36993161E-01  2.34910443E-01  1.45414704E-03
5.37287162E-01  2.32737303E-01  1.42932741E-03
5.37581164E-01  2.39695936E-01  1.46536250E-03
5.37875165E-01  2.42696896E-01  1.48552144E-03
5.38169166E-01  2.26772144E-01  1.46919116E-03
5.38463167E-01  2.24728391E-01  1.48527161E-03
5.38757168E-01  2.34992877E-01  1.46039168E-03
5.39051169E-01  2.33176559E-01  1.43507042E-03
5.39345171E-01  2.27617428E-01  1.45815208E-03
5.39639172E-01  2.27146298E-01  1.46054314E-03
5.39933173E-01  2.38476694E-01  1.44678389E-03
5.40227174E-01  2.36493304E-01  1.46236026E-03
5.40521175E-01  2.34815240E-01  1.45734218E-03
5.40815177E-01  2.31917962E-01  1.43414631E-03
5.41109178E-01  2.24862546E-01  1.44110399E-03


### HEADER:
#
#{
#    "analysis": {},
#    "calibration_params": {
#        "Beam_Center_X": 1093.5,
#        "Beam_Center_Y": 2070.0,
#        "Detector Tilt": 0.0,
#        "Detector Tilt Plane Rotation": 0.0,
#        "Detector_X_Pixel_Size": 75.0,
#        "Detector_Y_Pixel_Size": 75.0,
#        "Integration Method": "nosplit_csr",
#        "Radial_Average_Method": "pyFAI",
#        "Sample-to-detector distance (mm)": 1790.0,
#        "Wavelength (A)": 0.8922346081119231
#    },
#    "config_file": "/nfs/chess/daq/2024-3/id7a/Winnikoff_10_17_24/HP-SAXS_10_20_24.cfg",
#    "counters": {
#        "Epoch": "250.092",
#        "I1": "0",
#        "I2": "0",
#        "I3": "0",
#        "Seconds": "1",
#        "Time": "1.81198e-05",
#        "date": "Sat Oct 19 21:53:23 2024",
#        "diode": "53839"
#    },
#    "filename": "KV0003A_redo_35C_040MPa_up_3_data_000001_00001.h5",
#    "history": {},
#    "imageHeader": {},
#    "load_path": "/nfs/chess/daq/2024-3/id7a/Venkatraman_10_18_2024/KV0003A_repeat/KV0003A_redo_35C_040MPa_up_3_data_000001.h5",
#    "normalizations": {
#        "Absolute_scale": {
#            "Absolute_scale_factor": 0.049803809341568875,
#            "Method": "Water"
#        },
#        "Counter_norms": [
#            [
#                "/",
#                "diode/150000"
#            ]
#        ],
#        "Polarization": {
#            "Used": false
#        },
#        "Solid_Angle_Correction": "On"
#    },
#    "raw_version": "2.1.4"
#}

