### DATA:
#
# 1802
#      Q             I(Q)           Error     
1.16130467E-02  1.41842709E+01  1.04738228E-01
1.19070479E-02  1.30065460E+01  1.14656582E-01
1.22010491E-02  1.24058084E+01  1.20623551E-01
1.24950503E-02  1.17523556E+01  1.03233106E-01
1.27890515E-02  1.13073969E+01  9.67591479E-02
1.30830527E-02  1.05884705E+01  7.87081942E-02
1.33770538E-02  9.90977001E+00  7.79693723E-02
1.36710550E-02  9.15209103E+00  7.26764277E-02
1.39650562E-02  8.79973316E+00  7.34080672E-02
1.42590574E-02  8.33299255E+00  6.52063563E-02
1.45530586E-02  7.79174805E+00  5.66416346E-02
1.48470598E-02  7.47826672E+00  6.02294616E-02
1.51410609E-02  7.02304983E+00  5.77680320E-02
1.54350621E-02  6.62826777E+00  4.89896648E-02
1.57290633E-02  6.37615347E+00  5.15020192E-02
1.60230645E-02  5.96405649E+00  4.03712243E-02
1.63170657E-02  5.63070583E+00  4.02454846E-02
1.66110669E-02  5.30864906E+00  3.69984619E-02
1.69050680E-02  4.95587301E+00  3.37242335E-02
1.71990692E-02  4.86352015E+00  3.70350219E-02
1.74930704E-02  4.65520763E+00  3.05100270E-02
1.77870716E-02  4.38993502E+00  3.02944332E-02
1.80810728E-02  4.09890032E+00  2.69686915E-02
1.83750740E-02  3.99183846E+00  2.60204375E-02
1.86690751E-02  3.75058246E+00  2.54872516E-02
1.89630763E-02  3.31738114E+00  2.41498072E-02
1.92570775E-02  3.15596652E+00  2.06952468E-02
1.95510787E-02  2.91532350E+00  1.96777415E-02
1.98450799E-02  2.83277011E+00  1.87604930E-02
2.01390811E-02  2.64403534E+00  1.75962821E-02
2.04330822E-02  2.47885466E+00  1.63753778E-02
2.07270834E-02  2.41735721E+00  1.55342631E-02
2.10210846E-02  2.30394173E+00  1.54490937E-02
2.13150858E-02  2.31481934E+00  1.43219847E-02
2.16090870E-02  2.20893192E+00  1.40179638E-02
2.19030882E-02  2.14684033E+00  1.31713226E-02
2.21970893E-02  1.97569382E+00  1.14711626E-02
2.24910905E-02  1.97918475E+00  1.15172714E-02
2.27850917E-02  1.86302698E+00  1.01935817E-02
2.30790929E-02  1.88535523E+00  1.01833548E-02
2.33730941E-02  1.81247211E+00  9.57335439E-03
2.36670953E-02  1.71466875E+00  9.35494713E-03
2.39610964E-02  1.68631470E+00  8.81064963E-03
2.42550976E-02  1.66875803E+00  8.27213190E-03
2.45490988E-02  1.62573516E+00  7.96848070E-03
2.48431000E-02  1.63275981E+00  7.62774702E-03
2.51371012E-02  1.55142796E+00  7.98200630E-03
2.54311024E-02  1.53191674E+00  7.69542065E-03
2.57251035E-02  1.49895036E+00  7.23489560E-03
2.60191047E-02  1.44324338E+00  6.24808436E-03
2.63131059E-02  1.40776026E+00  6.76823780E-03
2.66071071E-02  1.42222703E+00  6.40807860E-03
2.69011083E-02  1.37148118E+00  5.99687779E-03
2.71951094E-02  1.34460557E+00  6.01408817E-03
2.74891106E-02  1.34594738E+00  6.05450524E-03
2.77831118E-02  1.30155015E+00  5.08608948E-03
2.80771130E-02  1.32164812E+00  5.44537930E-03
2.83711142E-02  1.26381648E+00  5.34479506E-03
2.86651154E-02  1.26333296E+00  5.15022781E-03
2.89591165E-02  1.26538825E+00  5.19743981E-03
2.92531177E-02  1.24851513E+00  5.05486922E-03
2.95471189E-02  1.22347438E+00  5.04727010E-03
2.98411201E-02  1.19685137E+00  4.62952256E-03
3.01351213E-02  1.19764459E+00  5.10385912E-03
3.04291225E-02  1.17918611E+00  4.67796344E-03
3.07231236E-02  1.18988550E+00  4.51449398E-03
3.10171248E-02  1.16191053E+00  4.62600030E-03
3.13111260E-02  1.15003812E+00  4.17695101E-03
3.16051272E-02  1.16887593E+00  4.42631822E-03
3.18991284E-02  1.13683414E+00  4.54704976E-03
3.21931296E-02  1.10625088E+00  4.50996775E-03
3.24871307E-02  1.15557730E+00  4.62129666E-03
3.27811319E-02  1.10614777E+00  4.22366988E-03
3.30751331E-02  1.09327698E+00  4.05132631E-03
3.33691343E-02  1.08234656E+00  3.76806851E-03
3.36631355E-02  1.10065758E+00  4.11139196E-03
3.39571367E-02  1.09670198E+00  4.23013419E-03
3.42511378E-02  1.08283246E+00  3.81150818E-03
3.45451390E-02  1.11127281E+00  3.96746071E-03
3.48391402E-02  1.11733782E+00  3.73707106E-03
3.51331414E-02  1.11835730E+00  4.11087507E-03
3.54271426E-02  1.12316275E+00  3.96059407E-03
3.57211438E-02  1.06155694E+00  3.64375301E-03
3.60151449E-02  1.09658980E+00  3.92862177E-03
3.63091461E-02  1.09040678E+00  3.23822745E-03
3.66031473E-02  1.08526266E+00  3.56108556E-03
3.68971485E-02  1.10400033E+00  3.71522596E-03
3.71911497E-02  1.11732519E+00  3.56615148E-03
3.74851509E-02  1.08832371E+00  3.58133926E-03
3.77791520E-02  1.10014880E+00  3.43469693E-03
3.80731532E-02  1.09568703E+00  3.40261264E-03
3.83671544E-02  1.12273407E+00  3.36941704E-03
3.86611556E-02  1.10165644E+00  3.30295367E-03
3.89551568E-02  1.13083386E+00  3.40337213E-03
3.92491580E-02  1.13561654E+00  3.28998407E-03
3.95431591E-02  1.10864353E+00  3.37938126E-03
3.98371603E-02  1.13687909E+00  3.32438992E-03
4.01311615E-02  1.14807117E+00  3.49485152E-03
4.04251627E-02  1.14550221E+00  3.29876319E-03
4.07191639E-02  1.14366865E+00  3.19459103E-03
4.10131651E-02  1.14049757E+00  3.32923094E-03
4.13071662E-02  1.13472879E+00  3.27264518E-03
4.16011674E-02  1.16537642E+00  3.33491340E-03
4.18951686E-02  1.17570376E+00  3.31940548E-03
4.21891698E-02  1.19316709E+00  3.29994294E-03
4.24831710E-02  1.17446792E+00  3.37326876E-03
4.27771722E-02  1.19684887E+00  3.55967134E-03
4.30711733E-02  1.19854915E+00  3.32273659E-03
4.33651745E-02  1.21734524E+00  3.38553241E-03
4.36591757E-02  1.22274315E+00  3.39349732E-03
4.39531769E-02  1.22993052E+00  3.27503518E-03
4.42471781E-02  1.26721203E+00  3.46857635E-03
4.45411793E-02  1.25420845E+00  3.38896015E-03
4.48351804E-02  1.28930354E+00  3.44835222E-03
4.51291816E-02  1.29128671E+00  3.52257583E-03
4.54231828E-02  1.30372965E+00  3.40419798E-03
4.57171840E-02  1.32126498E+00  3.30846966E-03
4.60111852E-02  1.31816351E+00  3.45972925E-03
4.63051864E-02  1.35380590E+00  3.55284219E-03
4.65991875E-02  1.34692824E+00  3.57486028E-03
4.68931887E-02  1.35454452E+00  3.53608839E-03
4.71871899E-02  1.39997780E+00  3.59008601E-03
4.74811911E-02  1.38780749E+00  3.42068169E-03
4.77751923E-02  1.39922667E+00  3.52361891E-03
4.80691935E-02  1.45480120E+00  3.98657285E-03
4.83631946E-02  1.46977639E+00  3.69509915E-03
4.86571958E-02  1.47980189E+00  3.71540175E-03
4.89511970E-02  1.47376227E+00  3.81393079E-03
4.92451982E-02  1.48570192E+00  3.74987209E-03
4.95391994E-02  1.55227387E+00  3.96760833E-03
4.98332006E-02  1.55587995E+00  3.80949909E-03
5.01272017E-02  1.56930780E+00  3.92445130E-03
5.04212029E-02  1.58773458E+00  4.01071087E-03
5.07152041E-02  1.61824393E+00  4.13877750E-03
5.10092053E-02  1.63614559E+00  4.00029402E-03
5.13032065E-02  1.64825141E+00  4.26227180E-03
5.15972077E-02  1.66914606E+00  3.97471664E-03
5.18912088E-02  1.70805693E+00  4.23863204E-03
5.21852100E-02  1.72682178E+00  4.07636352E-03
5.24792112E-02  1.80337679E+00  4.45547514E-03
5.27732124E-02  1.78825378E+00  4.23928071E-03
5.30672136E-02  1.83894515E+00  4.59595816E-03
5.33612148E-02  1.87585640E+00  4.52009868E-03
5.36552159E-02  1.88473856E+00  4.49148379E-03
5.39492171E-02  1.93248367E+00  4.79710707E-03
5.42432183E-02  1.93906868E+00  4.50836541E-03
5.45372195E-02  1.97761178E+00  4.63761296E-03
5.48312207E-02  2.02058506E+00  4.80774464E-03
5.51252219E-02  2.05902600E+00  4.85504558E-03
5.54192230E-02  2.10286903E+00  4.89281630E-03
5.57132242E-02  2.13977122E+00  4.77911159E-03
5.60072254E-02  2.16014099E+00  5.00197522E-03
5.63012266E-02  2.20033884E+00  5.14586130E-03
5.65952278E-02  2.24678683E+00  5.25135454E-03
5.68892290E-02  2.24156570E+00  5.11035556E-03
5.71832301E-02  2.32970214E+00  5.17332042E-03
5.74772313E-02  2.39613414E+00  5.20384545E-03
5.77712325E-02  2.41302872E+00  5.55983605E-03
5.80652337E-02  2.46920061E+00  5.34827355E-03
5.83592349E-02  2.50055408E+00  5.65927057E-03
5.86532361E-02  2.56991029E+00  5.67350211E-03
5.89472372E-02  2.63162756E+00  5.75159723E-03
5.92412384E-02  2.64702845E+00  5.86470822E-03
5.95352396E-02  2.72554779E+00  6.18603220E-03
5.98292408E-02  2.78825474E+00  6.18751068E-03
6.01232420E-02  2.85126066E+00  6.11062814E-03
6.04172432E-02  2.89879203E+00  6.37834426E-03
6.07112443E-02  2.97495461E+00  6.16717478E-03
6.10052455E-02  3.01836920E+00  6.31791353E-03
6.12992467E-02  3.08797908E+00  6.34496007E-03
6.15932479E-02  3.15496182E+00  6.71093119E-03
6.18872491E-02  3.22473025E+00  6.87754434E-03
6.21812503E-02  3.29461503E+00  6.66739605E-03
6.24752514E-02  3.36007357E+00  6.95332559E-03
6.27692526E-02  3.46018028E+00  7.47926859E-03
6.30632538E-02  3.47471976E+00  7.08269980E-03
6.33572550E-02  3.59835291E+00  7.57738296E-03
6.36512562E-02  3.66834545E+00  7.65665481E-03
6.39452574E-02  3.75689721E+00  7.85524212E-03
6.42392585E-02  3.83441234E+00  8.08932725E-03
6.45332597E-02  3.91130519E+00  8.16617999E-03
6.48272609E-02  4.00431490E+00  8.26394279E-03
6.51212621E-02  4.09530067E+00  8.40647426E-03
6.54152633E-02  4.24739885E+00  8.66559427E-03
6.57092645E-02  4.29479885E+00  9.07159410E-03
6.60032656E-02  4.46195221E+00  9.40499175E-03
6.62972668E-02  4.53592110E+00  9.82387736E-03
6.65912680E-02  4.63700962E+00  1.00249695E-02
6.68852692E-02  4.82014942E+00  1.05215153E-02
6.71792704E-02  4.89812183E+00  1.06497174E-02
6.74732716E-02  4.98606920E+00  1.10414680E-02
6.77672727E-02  5.17303896E+00  1.14576463E-02
6.80612739E-02  5.35027218E+00  1.17683038E-02
6.83552751E-02  5.48608303E+00  1.22362468E-02
6.86492763E-02  5.58596659E+00  1.23584978E-02
6.89432775E-02  5.74754524E+00  1.32299671E-02
6.92372787E-02  5.94088078E+00  1.35596525E-02
6.95312798E-02  6.12674856E+00  1.38636250E-02
6.98252810E-02  6.31714725E+00  1.47117516E-02
7.01192822E-02  6.46564341E+00  1.50152436E-02
7.04132834E-02  6.65863037E+00  1.55439610E-02
7.07072846E-02  6.87379408E+00  1.63296591E-02
7.10012858E-02  7.09866190E+00  1.64713375E-02
7.12952869E-02  7.32538319E+00  1.70814339E-02
7.15892881E-02  7.50987005E+00  1.70810986E-02
7.18832893E-02  7.72569132E+00  1.80723630E-02
7.21772905E-02  7.94951344E+00  1.77283213E-02
7.24712917E-02  8.26120949E+00  1.84456669E-02
7.27652929E-02  8.41510391E+00  1.81691218E-02
7.30592940E-02  8.71974945E+00  1.77315958E-02
7.33532952E-02  8.84029961E+00  1.81510691E-02
7.36472964E-02  9.13185787E+00  1.75749306E-02
7.39412976E-02  9.33057404E+00  1.64443422E-02
7.42352988E-02  9.58410835E+00  1.58026721E-02
7.45293000E-02  9.75122452E+00  1.49309030E-02
7.48233011E-02  9.90731430E+00  1.33686233E-02
7.51173023E-02  1.01271133E+01  1.25175845E-02
7.54113035E-02  1.03221045E+01  1.17543219E-02
7.57053047E-02  1.04477110E+01  1.02290437E-02
7.59993059E-02  1.05804243E+01  9.26618278E-03
7.62933071E-02  1.07070580E+01  8.68058670E-03
7.65873082E-02  1.07639942E+01  9.27750580E-03
7.68813094E-02  1.08199434E+01  9.84001812E-03
7.71753106E-02  1.08760681E+01  1.15537476E-02
7.74693118E-02  1.09487629E+01  1.33986063E-02
7.77633130E-02  1.09440060E+01  1.52834468E-02
7.80573141E-02  1.09399309E+01  1.72816999E-02
7.83513153E-02  1.09075727E+01  1.98876075E-02
7.86453165E-02  1.08283205E+01  2.11521927E-02
7.89393177E-02  1.07226744E+01  2.29839180E-02
7.92333189E-02  1.06344261E+01  2.47662757E-02
7.95273201E-02  1.04539690E+01  2.61581037E-02
7.98213212E-02  1.02961721E+01  2.78111491E-02
8.01153224E-02  1.01473093E+01  2.80442145E-02
8.04093236E-02  9.90172672E+00  2.88431924E-02
8.07033248E-02  9.70412636E+00  2.94390265E-02
8.09973260E-02  9.41233730E+00  2.91380696E-02
8.12913272E-02  9.14268017E+00  2.96022557E-02
8.15853283E-02  8.85953236E+00  2.84746513E-02
8.18793295E-02  8.50636864E+00  2.77358629E-02
8.21733307E-02  8.20871258E+00  2.73779128E-02
8.24673319E-02  7.93479490E+00  2.60888077E-02
8.27613331E-02  7.53775835E+00  2.48516034E-02
8.30553343E-02  7.22037363E+00  2.31991280E-02
8.33493354E-02  6.88149595E+00  2.18982566E-02
8.36433366E-02  6.59526777E+00  2.05697939E-02
8.39373378E-02  6.29918480E+00  1.89677943E-02
8.42313390E-02  5.99267530E+00  1.74822323E-02
8.45253402E-02  5.76270103E+00  1.64519418E-02
8.48193414E-02  5.49452257E+00  1.51706766E-02
8.51133425E-02  5.24342394E+00  1.38599332E-02
8.54073437E-02  5.04531288E+00  1.27639957E-02
8.57013449E-02  4.84139967E+00  1.16276080E-02
8.59953461E-02  4.67095280E+00  1.10128233E-02
8.62893473E-02  4.48270941E+00  1.02632567E-02
8.65833485E-02  4.36798096E+00  9.44152195E-03
8.68773496E-02  4.21987438E+00  8.89819395E-03
8.71713508E-02  4.08020115E+00  8.14627483E-03
8.74653520E-02  3.98980212E+00  7.80374371E-03
8.77593532E-02  3.89132786E+00  7.52833718E-03
8.80533544E-02  3.78199697E+00  6.94839982E-03
8.83473556E-02  3.70110655E+00  6.77706953E-03
8.86413567E-02  3.63075757E+00  6.40716217E-03
8.89353579E-02  3.56167746E+00  5.97583922E-03
8.92293591E-02  3.50285196E+00  5.92374196E-03
8.95233603E-02  3.42675328E+00  5.62340207E-03
8.98173615E-02  3.37287974E+00  5.53637603E-03
9.01113627E-02  3.29351735E+00  5.25791105E-03
9.04053638E-02  3.23249221E+00  5.01707010E-03
9.06993650E-02  3.21282196E+00  5.16237179E-03
9.09933662E-02  3.17091084E+00  4.76205768E-03
9.12873674E-02  3.13875771E+00  4.78821574E-03
9.15813686E-02  3.07345867E+00  4.64745844E-03
9.18753698E-02  3.06495190E+00  4.56445292E-03
9.21693709E-02  3.01630139E+00  4.47519030E-03
9.24633721E-02  2.99221039E+00  4.30569053E-03
9.27573733E-02  2.94365072E+00  4.44733026E-03
9.30513745E-02  2.91975045E+00  4.23243409E-03
9.33453757E-02  2.87410378E+00  4.20861738E-03
9.36393769E-02  2.88708138E+00  4.19057300E-03
9.39333780E-02  2.82542562E+00  4.06816136E-03
9.42273792E-02  2.82353473E+00  3.97943333E-03
9.45213804E-02  2.82074642E+00  4.04299144E-03
9.48153816E-02  2.74167705E+00  3.88748478E-03
9.51093828E-02  2.75060534E+00  3.97034734E-03
9.54033840E-02  2.73050117E+00  3.86354444E-03
9.56973851E-02  2.71605206E+00  3.83498357E-03
9.59913863E-02  2.68537498E+00  3.61941149E-03
9.62853875E-02  2.66787338E+00  3.76933650E-03
9.65793887E-02  2.66578031E+00  3.64944339E-03
9.68733899E-02  2.66163874E+00  3.72346910E-03
9.71673911E-02  2.64494133E+00  3.63909476E-03
9.74613922E-02  2.62740064E+00  3.61585757E-03
9.77553934E-02  2.61899233E+00  3.71423853E-03
9.80493946E-02  2.59649372E+00  3.58005590E-03
9.83433958E-02  2.60465002E+00  3.63778416E-03
9.86373970E-02  2.59493685E+00  3.56245344E-03
9.89313982E-02  2.56292582E+00  3.44070373E-03
9.92253993E-02  2.56425524E+00  3.44343204E-03
9.95194005E-02  2.59230018E+00  3.64826107E-03
9.98134017E-02  2.56079030E+00  3.50019522E-03
1.00107403E-01  2.56056380E+00  3.48851620E-03
1.00401404E-01  2.53396988E+00  3.54936859E-03
1.00695405E-01  2.53181434E+00  3.47488048E-03
1.00989406E-01  2.54273653E+00  3.39151593E-03
1.01283408E-01  2.51800585E+00  3.42321140E-03
1.01577409E-01  2.50992894E+00  3.41453031E-03
1.01871410E-01  2.50552773E+00  3.34103382E-03
1.02165411E-01  2.50485182E+00  3.37097514E-03
1.02459412E-01  2.49643588E+00  3.36463284E-03
1.02753414E-01  2.51153302E+00  3.42085445E-03
1.03047415E-01  2.50309730E+00  3.30213108E-03
1.03341416E-01  2.48531818E+00  3.35925049E-03
1.03635417E-01  2.50830460E+00  3.41403694E-03
1.03929418E-01  2.48647499E+00  3.27208964E-03
1.04223419E-01  2.50196481E+00  3.38339969E-03
1.04517421E-01  2.47966099E+00  3.25919432E-03
1.04811422E-01  2.49403548E+00  3.39438953E-03
1.05105423E-01  2.47986197E+00  3.23818810E-03
1.05399424E-01  2.47294378E+00  3.36295506E-03
1.05693425E-01  2.50239468E+00  3.39657837E-03
1.05987427E-01  2.49775076E+00  3.31283291E-03
1.06281428E-01  2.52599955E+00  3.23579251E-03
1.06575429E-01  2.47780657E+00  3.32401274E-03
1.06869430E-01  2.48343611E+00  3.32003622E-03
1.07163431E-01  2.50786567E+00  3.30832251E-03
1.07457432E-01  2.49288654E+00  3.29439505E-03
1.07751434E-01  2.49443603E+00  3.25011951E-03
1.08045435E-01  2.48720860E+00  3.25777661E-03
1.08339436E-01  2.48997903E+00  3.17935483E-03
1.08633437E-01  2.50337982E+00  3.27770249E-03
1.08927438E-01  2.48842955E+00  3.27103306E-03
1.09221440E-01  2.51026344E+00  3.36918561E-03
1.09515441E-01  2.50576162E+00  3.29446350E-03
1.09809442E-01  2.53524017E+00  3.26776993E-03
1.10103443E-01  2.54633284E+00  3.40084429E-03
1.10397444E-01  2.54329681E+00  3.38454312E-03
1.10691445E-01  2.53975153E+00  3.17716505E-03
1.10985447E-01  2.55815816E+00  3.33878095E-03
1.11279448E-01  2.53895402E+00  3.35285813E-03
1.11573449E-01  2.54768372E+00  3.26888333E-03
1.11867450E-01  2.55763602E+00  3.34044616E-03
1.12161451E-01  2.54960465E+00  3.11488286E-03
1.12455453E-01  2.58216906E+00  3.20777600E-03
1.12749454E-01  2.57319641E+00  3.25071951E-03
1.13043455E-01  2.59011698E+00  3.24211037E-03
1.13337456E-01  2.60780144E+00  3.20605515E-03
1.13631457E-01  2.58053493E+00  3.26221576E-03
1.13925459E-01  2.61013484E+00  3.31341894E-03
1.14219460E-01  2.62422395E+00  3.37364245E-03
1.14513461E-01  2.62707472E+00  3.26548377E-03
1.14807462E-01  2.63693643E+00  3.36059113E-03
1.15101463E-01  2.65024948E+00  3.21045774E-03
1.15395464E-01  2.63186574E+00  3.06892465E-03
1.15689466E-01  2.65609193E+00  3.35131097E-03
1.15983467E-01  2.66015053E+00  3.38809006E-03
1.16277468E-01  2.71355486E+00  3.38360947E-03
1.16571469E-01  2.69096947E+00  3.35332286E-03
1.16865470E-01  2.70029831E+00  3.22357472E-03
1.17159472E-01  2.73238063E+00  3.38087697E-03
1.17453473E-01  2.72957444E+00  3.17065744E-03
1.17747474E-01  2.73365211E+00  3.29742255E-03
1.18041475E-01  2.77351785E+00  3.33500328E-03
1.18335476E-01  2.78127527E+00  3.30830715E-03
1.18629477E-01  2.78035569E+00  3.29746795E-03
1.18923479E-01  2.80638933E+00  3.40749230E-03
1.19217480E-01  2.79568267E+00  3.34664900E-03
1.19511481E-01  2.82160091E+00  3.31135117E-03
1.19805482E-01  2.86491203E+00  3.38090165E-03
1.20099483E-01  2.88857913E+00  3.47688422E-03
1.20393485E-01  2.88681507E+00  3.45599093E-03
1.20687486E-01  2.90377402E+00  3.50469048E-03
1.20981487E-01  2.94642353E+00  3.49881407E-03
1.21275488E-01  2.93486667E+00  3.44150048E-03
1.21569489E-01  2.97268796E+00  3.54561652E-03
1.21863490E-01  3.00461411E+00  3.52399983E-03
1.22157492E-01  3.03090286E+00  3.66845657E-03
1.22451493E-01  3.04867649E+00  3.48303863E-03
1.22745494E-01  3.07997036E+00  3.62908747E-03
1.23039495E-01  3.09175110E+00  3.59039707E-03
1.23333496E-01  3.12947226E+00  3.46750184E-03
1.23627498E-01  3.13494658E+00  3.64503311E-03
1.23921499E-01  3.18996477E+00  3.70892603E-03
1.24215500E-01  3.22912765E+00  3.91400186E-03
1.24509501E-01  3.23840308E+00  3.80297471E-03
1.24803502E-01  3.28529596E+00  4.00157413E-03
1.25097503E-01  3.34357834E+00  3.93499900E-03
1.25391505E-01  3.34451151E+00  3.95599147E-03
1.25685506E-01  3.37566614E+00  3.95196257E-03
1.25979507E-01  3.42400646E+00  4.14000172E-03
1.26273508E-01  3.45412374E+00  4.03192639E-03
1.26567509E-01  3.47883725E+00  4.09282930E-03
1.26861511E-01  3.53532481E+00  4.16907156E-03
1.27155512E-01  3.56476545E+00  4.26099915E-03
1.27449513E-01  3.61366463E+00  4.11581434E-03
1.27743514E-01  3.64553595E+00  4.30929009E-03
1.28037515E-01  3.67035270E+00  4.25298372E-03
1.28331516E-01  3.71571159E+00  4.39434871E-03
1.28625518E-01  3.74365902E+00  4.22652625E-03
1.28919519E-01  3.77359986E+00  4.14388441E-03
1.29213520E-01  3.79167366E+00  4.29841643E-03
1.29507521E-01  3.83903837E+00  4.34503611E-03
1.29801522E-01  3.88928032E+00  4.52514691E-03
1.30095524E-01  3.91835642E+00  4.35342360E-03
1.30389525E-01  3.94395638E+00  4.20265459E-03
1.30683526E-01  3.96512890E+00  4.16004797E-03
1.30977527E-01  3.98473310E+00  4.29166947E-03
1.31271528E-01  4.02380705E+00  4.29811748E-03
1.31565529E-01  4.03268814E+00  4.49943030E-03
1.31859531E-01  4.02025127E+00  4.36361134E-03
1.32153532E-01  4.07986355E+00  4.42215241E-03
1.32447533E-01  4.07729292E+00  4.49797139E-03
1.32741534E-01  4.04699087E+00  4.49013105E-03
1.33035535E-01  4.05153561E+00  4.76616528E-03
1.33329537E-01  4.05431795E+00  4.79605794E-03
1.33623538E-01  4.09044838E+00  5.07304026E-03
1.33917539E-01  4.04567146E+00  5.13293175E-03
1.34211540E-01  4.05958366E+00  5.40941581E-03
1.34505541E-01  4.04856777E+00  5.32545801E-03
1.34799543E-01  4.03128958E+00  5.65716112E-03
1.35093544E-01  4.02694464E+00  5.77790290E-03
1.35387545E-01  3.99084115E+00  5.88070322E-03
1.35681546E-01  3.97457552E+00  6.08280580E-03
1.35975547E-01  3.91575217E+00  6.09389134E-03
1.36269548E-01  3.92636585E+00  6.21158397E-03
1.36563550E-01  3.88323975E+00  6.25015050E-03
1.36857551E-01  3.81467152E+00  6.40381500E-03
1.37151552E-01  3.79456997E+00  6.35593291E-03
1.37445553E-01  3.73098969E+00  6.27902010E-03
1.37739554E-01  3.68842411E+00  6.37642108E-03
1.38033556E-01  3.64457512E+00  6.51161000E-03
1.38327557E-01  3.60475326E+00  6.30313624E-03
1.38621558E-01  3.54316354E+00  6.34272164E-03
1.38915559E-01  3.48648620E+00  6.21870300E-03
1.39209560E-01  3.43864965E+00  5.98282693E-03
1.39503561E-01  3.36504769E+00  5.88059006E-03
1.39797563E-01  3.31296682E+00  5.76772867E-03
1.40091564E-01  3.25829482E+00  5.55882370E-03
1.40385565E-01  3.20889878E+00  5.38541609E-03
1.40679566E-01  3.14347482E+00  5.34587400E-03
1.40973567E-01  3.11230397E+00  5.22274431E-03
1.41267569E-01  3.06100798E+00  5.04824007E-03
1.41561570E-01  3.01380777E+00  4.80002537E-03
1.41855571E-01  2.94615149E+00  4.71124519E-03
1.42149572E-01  2.93572211E+00  4.61242814E-03
1.42443573E-01  2.87626815E+00  4.34845407E-03
1.42737574E-01  2.83152270E+00  4.15187655E-03
1.43031576E-01  2.79756641E+00  4.06350102E-03
1.43325577E-01  2.74671698E+00  3.89780593E-03
1.43619578E-01  2.72860575E+00  3.74271371E-03
1.43913579E-01  2.70204878E+00  3.74831166E-03
1.44207580E-01  2.67805958E+00  3.59942066E-03
1.44501582E-01  2.65540385E+00  3.59496218E-03
1.44795583E-01  2.63380814E+00  3.39845917E-03
1.45089584E-01  2.62468314E+00  3.40856658E-03
1.45383585E-01  2.60389447E+00  3.40012903E-03
1.45677586E-01  2.59818435E+00  3.33844335E-03
1.45971587E-01  2.58257747E+00  3.24964826E-03
1.46265589E-01  2.56014323E+00  3.26913944E-03
1.46559590E-01  2.55555034E+00  3.21499375E-03
1.46853591E-01  2.54942250E+00  3.14877206E-03
1.47147592E-01  2.53683114E+00  2.97428900E-03
1.47441593E-01  2.54392052E+00  3.16067645E-03
1.47735595E-01  2.53317404E+00  3.07446276E-03
1.48029596E-01  2.50443602E+00  3.10862879E-03
1.48323597E-01  2.55178213E+00  3.09006963E-03
1.48617598E-01  2.52466655E+00  3.16522829E-03
1.48911599E-01  2.51648355E+00  3.00298538E-03
1.49205600E-01  2.50801706E+00  3.08347913E-03
1.49499602E-01  2.51723790E+00  3.16203432E-03
1.49793603E-01  2.52749109E+00  3.06061492E-03
1.50087604E-01  2.53381419E+00  3.02082580E-03
1.50381605E-01  2.54442525E+00  2.96650850E-03
1.50675606E-01  2.53396940E+00  3.00989416E-03
1.50969608E-01  2.52972341E+00  3.07993311E-03
1.51263609E-01  2.52909589E+00  3.07038892E-03
1.51557610E-01  2.54775357E+00  3.03361914E-03
1.51851611E-01  2.55110812E+00  3.06925038E-03
1.52145612E-01  2.53395438E+00  3.15358886E-03
1.52439614E-01  2.52737617E+00  3.13240942E-03
1.52733615E-01  2.53461170E+00  3.07056890E-03
1.53027616E-01  2.52454281E+00  3.09990556E-03
1.53321617E-01  2.52284694E+00  3.14083067E-03
1.53615618E-01  2.53037071E+00  3.20785167E-03
1.53909619E-01  2.51692820E+00  3.08194244E-03
1.54203621E-01  2.50031710E+00  3.15755256E-03
1.54497622E-01  2.50636911E+00  3.22329788E-03
1.54791623E-01  2.50024605E+00  3.27195018E-03
1.55085624E-01  2.48500967E+00  3.22459731E-03
1.55379625E-01  2.48292470E+00  3.16534936E-03
1.55673627E-01  2.47338605E+00  3.28252511E-03
1.55967628E-01  2.46141672E+00  3.40786530E-03
1.56261629E-01  2.45330143E+00  3.29540879E-03
1.56555630E-01  2.44350171E+00  3.31196608E-03
1.56849631E-01  2.40175819E+00  3.47899715E-03
1.57143632E-01  2.37766171E+00  3.42155667E-03
1.57437634E-01  2.36711669E+00  3.46159958E-03
1.57731635E-01  2.35565257E+00  3.30894277E-03
1.58025636E-01  2.33186030E+00  3.50291794E-03
1.58319637E-01  2.33092475E+00  3.39267612E-03
1.58613638E-01  2.28853559E+00  3.35187209E-03
1.58907640E-01  2.25759387E+00  3.46604222E-03
1.59201641E-01  2.23063350E+00  3.38567537E-03
1.59495642E-01  2.19281816E+00  3.40610673E-03
1.59789643E-01  2.17836404E+00  3.39550129E-03
1.60083644E-01  2.16116953E+00  3.28135374E-03
1.60377645E-01  2.13232422E+00  3.24704056E-03
1.60671647E-01  2.11087990E+00  3.33996629E-03
1.60965648E-01  2.07866907E+00  3.29708564E-03
1.61259649E-01  2.03307986E+00  3.15616513E-03
1.61553650E-01  2.02516651E+00  3.21028708E-03
1.61847651E-01  1.98154354E+00  3.19642178E-03
1.62141653E-01  1.96749890E+00  3.09918961E-03
1.62435654E-01  1.93802035E+00  3.15913651E-03
1.62729655E-01  1.92046964E+00  3.05604469E-03
1.63023656E-01  1.90955830E+00  3.02050752E-03
1.63317657E-01  1.86271894E+00  2.92659248E-03
1.63611658E-01  1.83603609E+00  2.96677998E-03
1.63905660E-01  1.79925549E+00  2.88275722E-03
1.64199661E-01  1.78120279E+00  2.74011889E-03
1.64493662E-01  1.76754951E+00  2.75648898E-03
1.64787663E-01  1.74396098E+00  2.65986309E-03
1.65081664E-01  1.72354496E+00  2.72549246E-03
1.65375666E-01  1.71751487E+00  2.62252893E-03
1.65669667E-01  1.67852509E+00  2.60562287E-03
1.65963668E-01  1.64924407E+00  2.62722094E-03
1.66257669E-01  1.63303244E+00  2.51064776E-03
1.66551670E-01  1.62154746E+00  2.53639952E-03
1.66845671E-01  1.60955608E+00  2.50269729E-03
1.67139673E-01  1.57814801E+00  2.43485975E-03
1.67433674E-01  1.56097472E+00  2.46515987E-03
1.67727675E-01  1.54584527E+00  2.34070001E-03
1.68021676E-01  1.53631508E+00  2.34026974E-03
1.68315677E-01  1.51642549E+00  2.32163863E-03
1.68609679E-01  1.50702715E+00  2.37521506E-03
1.68903680E-01  1.49257958E+00  2.30107037E-03
1.69197681E-01  1.47098196E+00  2.26714578E-03
1.69491682E-01  1.46750748E+00  2.27721501E-03
1.69785683E-01  1.45065570E+00  2.22538132E-03
1.70079685E-01  1.43967986E+00  2.26199860E-03
1.70373686E-01  1.42933249E+00  2.25386419E-03
1.70667687E-01  1.42142165E+00  2.18769186E-03
1.70961688E-01  1.40602183E+00  2.19631265E-03
1.71255689E-01  1.39939117E+00  2.13148235E-03
1.71549690E-01  1.38778710E+00  2.18438101E-03
1.71843692E-01  1.36747193E+00  2.08568620E-03
1.72137693E-01  1.36067331E+00  2.18103919E-03
1.72431694E-01  1.34403348E+00  2.14102655E-03
1.72725695E-01  1.35861254E+00  2.12045666E-03
1.73019696E-01  1.33943963E+00  2.07487214E-03
1.73313698E-01  1.32413864E+00  2.11393414E-03
1.73607699E-01  1.30575848E+00  2.07367376E-03
1.73901700E-01  1.30002320E+00  2.11388059E-03
1.74195701E-01  1.28363478E+00  2.04773829E-03
1.74489702E-01  1.27853453E+00  2.04524049E-03
1.74783703E-01  1.27455044E+00  2.03575077E-03
1.75077705E-01  1.26181221E+00  2.03712774E-03
1.75371706E-01  1.25600946E+00  2.02799216E-03
1.75665707E-01  1.23459852E+00  1.94855675E-03
1.75959708E-01  1.23754835E+00  2.02475465E-03
1.76253709E-01  1.22966778E+00  2.00684369E-03
1.76547711E-01  1.21144414E+00  1.97803206E-03
1.76841712E-01  1.21596801E+00  1.96639332E-03
1.77135713E-01  1.20501208E+00  1.95661234E-03
1.77429714E-01  1.21054053E+00  1.93657679E-03
1.77723715E-01  1.20252621E+00  1.89964590E-03
1.78017716E-01  1.18331933E+00  1.92288030E-03
1.78311718E-01  1.17673063E+00  1.94591784E-03
1.78605719E-01  1.17323256E+00  1.95346097E-03
1.78899720E-01  1.17085218E+00  1.91196648E-03
1.79193721E-01  1.15840423E+00  1.86740200E-03
1.79487722E-01  1.14206064E+00  1.92104338E-03
1.79781724E-01  1.13665462E+00  1.82332145E-03
1.80075725E-01  1.14333975E+00  1.85875839E-03
1.80369726E-01  1.12846279E+00  1.85245567E-03
1.80663727E-01  1.12951016E+00  1.80800608E-03
1.80957728E-01  1.11761248E+00  1.85085682E-03
1.81251729E-01  1.11586046E+00  1.84568053E-03
1.81545731E-01  1.10749769E+00  1.82038173E-03
1.81839732E-01  1.10943556E+00  1.83137681E-03
1.82133733E-01  1.09985781E+00  1.82611495E-03
1.82427734E-01  1.09606194E+00  1.77058589E-03
1.82721735E-01  1.08588207E+00  1.85608061E-03
1.83015737E-01  1.08345222E+00  1.79083541E-03
1.83309738E-01  1.07310236E+00  1.75423839E-03
1.83603739E-01  1.06536734E+00  1.75066269E-03
1.83897740E-01  1.05941737E+00  1.75410509E-03
1.84191741E-01  1.06799090E+00  1.80011895E-03
1.84485742E-01  1.04891968E+00  1.75184000E-03
1.84779744E-01  1.05932224E+00  1.76311075E-03
1.85073745E-01  1.04365766E+00  1.79444952E-03
1.85367746E-01  1.04748631E+00  1.76448259E-03
1.85661747E-01  1.04011416E+00  1.78411673E-03
1.85955748E-01  1.03732622E+00  1.78064243E-03
1.86249750E-01  1.01155412E+00  1.69438520E-03
1.86543751E-01  1.02184403E+00  1.74794905E-03
1.86837752E-01  1.02925873E+00  1.76826282E-03
1.87131753E-01  1.00897145E+00  1.70958415E-03
1.87425754E-01  1.00515330E+00  1.73781009E-03
1.87719755E-01  1.01383066E+00  1.70179037E-03
1.88013757E-01  1.00278771E+00  1.68571842E-03
1.88307758E-01  1.00879836E+00  1.71646290E-03
1.88601759E-01  9.95500982E-01  1.64741464E-03
1.88895760E-01  9.86748219E-01  1.65917701E-03
1.89189761E-01  9.86855924E-01  1.67476293E-03
1.89483763E-01  9.79689479E-01  1.65962160E-03
1.89777764E-01  9.78059232E-01  1.64566026E-03
1.90071765E-01  9.74801898E-01  1.70023751E-03
1.90365766E-01  9.77565765E-01  1.64262182E-03
1.90659767E-01  9.79565382E-01  1.71068881E-03
1.90953769E-01  9.73217249E-01  1.64948218E-03
1.91247770E-01  9.67050195E-01  1.65812718E-03
1.91541771E-01  9.57653344E-01  1.63296738E-03
1.91835772E-01  9.67868626E-01  1.62818958E-03
1.92129773E-01  9.54284370E-01  1.63557322E-03
1.92423774E-01  9.50073779E-01  1.61940209E-03
1.92717776E-01  9.47599888E-01  1.58792548E-03
1.93011777E-01  9.47287202E-01  1.59031665E-03
1.93305778E-01  9.40159559E-01  1.65638339E-03
1.93599779E-01  9.45866227E-01  1.55335432E-03
1.93893780E-01  9.38483894E-01  1.63815019E-03
1.94187782E-01  9.39409792E-01  1.59641157E-03
1.94481783E-01  9.38033104E-01  1.59633544E-03
1.94775784E-01  9.31464076E-01  1.60917151E-03
1.95069785E-01  9.23357904E-01  1.59472693E-03
1.95363786E-01  9.32155311E-01  1.59320550E-03
1.95657787E-01  9.30876493E-01  1.63737428E-03
1.95951789E-01  9.23724234E-01  1.55593338E-03
1.96245790E-01  9.16126788E-01  1.58949231E-03
1.96539791E-01  9.09128964E-01  1.58213126E-03
1.96833792E-01  9.13087010E-01  1.61322788E-03
1.97127793E-01  9.13645744E-01  1.56593160E-03
1.97421795E-01  9.07132804E-01  1.57825020E-03
1.97715796E-01  9.08947468E-01  1.55066047E-03
1.98009797E-01  9.01894808E-01  1.54918642E-03
1.98303798E-01  8.97997200E-01  1.56568561E-03
1.98597799E-01  9.04658675E-01  1.58174045E-03
1.98891800E-01  9.01506782E-01  1.58970815E-03
1.99185802E-01  8.89698863E-01  1.57592818E-03
1.99479803E-01  8.91953051E-01  1.57628232E-03
1.99773804E-01  8.81536543E-01  1.54477905E-03
2.00067805E-01  8.71953607E-01  1.53532461E-03
2.00361806E-01  8.85319591E-01  1.57380220E-03
2.00655808E-01  8.72134387E-01  1.55496516E-03
2.00949809E-01  8.67381334E-01  1.54134235E-03
2.01243810E-01  8.58096957E-01  1.52278051E-03
2.01537811E-01  8.57753515E-01  1.49138668E-03
2.01831812E-01  8.55488122E-01  1.50811614E-03
2.02125813E-01  8.55260730E-01  1.54151244E-03
2.02419815E-01  8.47012222E-01  1.51996734E-03
2.02713816E-01  8.38708520E-01  1.53581263E-03
2.03007817E-01  8.34696949E-01  1.52146851E-03
2.03301818E-01  8.33275437E-01  1.52276596E-03
2.03595819E-01  8.35310519E-01  1.50762126E-03
2.03889821E-01  8.24801683E-01  1.53932790E-03
2.04183822E-01  8.23960245E-01  1.51975057E-03
2.04477823E-01  8.05029273E-01  1.50700193E-03
2.04771824E-01  8.04789841E-01  1.49615691E-03
2.05065825E-01  7.94939518E-01  1.46801665E-03
2.05359826E-01  7.98892736E-01  1.49562117E-03
2.05653828E-01  7.84222245E-01  1.45780132E-03
2.05947829E-01  7.70083606E-01  1.45300478E-03
2.06241830E-01  7.79479146E-01  1.46402093E-03
2.06535831E-01  7.69521654E-01  1.46575144E-03
2.06829832E-01  7.67306030E-01  1.48736313E-03
2.07123834E-01  7.51831770E-01  1.39004353E-03
2.07417835E-01  7.53033757E-01  1.44022808E-03
2.07711836E-01  7.46383607E-01  1.43093930E-03
2.08005837E-01  7.32042909E-01  1.43954973E-03
2.08299838E-01  7.21495211E-01  1.42365170E-03
2.08593840E-01  7.21013010E-01  1.39829144E-03
2.08887841E-01  7.21171081E-01  1.37468521E-03
2.09181842E-01  7.11061060E-01  1.42333482E-03
2.09475843E-01  6.98907852E-01  1.37405877E-03
2.09769844E-01  6.99189365E-01  1.39933277E-03
2.10063845E-01  6.85566783E-01  1.33359921E-03
2.10357847E-01  6.78242147E-01  1.32705714E-03
2.10651848E-01  6.73740208E-01  1.29642873E-03
2.10945849E-01  6.61610663E-01  1.33525685E-03
2.11239850E-01  6.62560582E-01  1.31220114E-03
2.11533851E-01  6.53734267E-01  1.27774104E-03
2.11827853E-01  6.53196156E-01  1.28798059E-03
2.12121854E-01  6.45668268E-01  1.25777617E-03
2.12415855E-01  6.33107364E-01  1.27749867E-03
2.12709856E-01  6.27835274E-01  1.26025942E-03
2.13003857E-01  6.26378119E-01  1.25228462E-03
2.13297858E-01  6.08365715E-01  1.20691874E-03
2.13591860E-01  6.17265582E-01  1.22346275E-03
2.13885861E-01  6.05943620E-01  1.28511735E-03
2.14179862E-01  6.07237339E-01  1.23749860E-03
2.14473863E-01  6.01410389E-01  1.21232425E-03
2.14767864E-01  5.88990092E-01  1.19318557E-03
2.15061866E-01  5.85154116E-01  1.20276969E-03
2.15355867E-01  5.85297287E-01  1.22924347E-03
2.15649868E-01  5.85211992E-01  1.19749014E-03
2.15943869E-01  5.78656137E-01  1.19995407E-03
2.16237870E-01  5.65808892E-01  1.17192196E-03
2.16531871E-01  5.67093730E-01  1.15679216E-03
2.16825873E-01  5.61085999E-01  1.20323687E-03
2.17119874E-01  5.61452091E-01  1.15451543E-03
2.17413875E-01  5.51442981E-01  1.15816505E-03
2.17707876E-01  5.54562926E-01  1.15983025E-03
2.18001877E-01  5.53969443E-01  1.14239228E-03
2.18295879E-01  5.43277800E-01  1.13644404E-03
2.18589880E-01  5.40639341E-01  1.15419470E-03
2.18883881E-01  5.44610262E-01  1.15551997E-03
2.19177882E-01  5.41624069E-01  1.15497236E-03
2.19471883E-01  5.39154768E-01  1.13353156E-03
2.19765884E-01  5.34193635E-01  1.13733218E-03
2.20059886E-01  5.29466331E-01  1.13103481E-03
2.20353887E-01  5.31256318E-01  1.11739710E-03
2.20647888E-01  5.30834854E-01  1.12560007E-03
2.20941889E-01  5.26929200E-01  1.15716178E-03
2.21235890E-01  5.18553913E-01  1.07816828E-03
2.21529892E-01  5.19548655E-01  1.12546422E-03
2.21823893E-01  5.22914231E-01  1.12612196E-03
2.22117894E-01  5.18803835E-01  1.10127882E-03
2.22411895E-01  5.15150368E-01  1.11554191E-03
2.22705896E-01  5.10518909E-01  1.08640268E-03
2.22999897E-01  5.12709081E-01  1.11056597E-03
2.23293899E-01  5.07032394E-01  1.09730521E-03
2.23587900E-01  5.11835515E-01  1.11803098E-03
2.23881901E-01  5.10818958E-01  1.08653237E-03
2.24175902E-01  4.99824405E-01  1.05284585E-03
2.24469903E-01  5.01520336E-01  1.09992677E-03
2.24763905E-01  4.93861586E-01  1.06954400E-03
2.25057906E-01  4.96057749E-01  1.04427699E-03
2.25351907E-01  4.94748682E-01  1.05716777E-03
2.25645908E-01  4.93275076E-01  1.06863992E-03
2.25939909E-01  4.94701594E-01  1.05861749E-03
2.26233911E-01  4.85602498E-01  1.04943151E-03
2.26527912E-01  4.85973328E-01  1.07081002E-03
2.26821913E-01  4.88721937E-01  1.06698298E-03
2.27115914E-01  4.89062488E-01  1.06664037E-03
2.27409915E-01  4.83173817E-01  1.05258566E-03
2.27703916E-01  4.74763274E-01  1.03199878E-03
2.27997918E-01  4.82259989E-01  1.05228741E-03
2.28291919E-01  4.81182814E-01  1.04798470E-03
2.28585920E-01  4.79106069E-01  1.05562317E-03
2.28879921E-01  4.76153493E-01  1.04431622E-03
2.29173922E-01  4.68955398E-01  1.02177216E-03
2.29467924E-01  4.75523442E-01  1.00919069E-03
2.29761925E-01  4.71836627E-01  1.04422669E-03
2.30055926E-01  4.69831079E-01  1.02189719E-03
2.30349927E-01  4.68728483E-01  1.00504979E-03
2.30643928E-01  4.63099778E-01  1.02798396E-03
2.30937929E-01  4.65565383E-01  1.02621352E-03
2.31231931E-01  4.61679190E-01  1.02712889E-03
2.31525932E-01  4.54445630E-01  1.01523637E-03
2.31819933E-01  4.52162534E-01  9.98747186E-04
2.32113934E-01  4.53059733E-01  1.02673937E-03
2.32407935E-01  4.54333723E-01  1.02019252E-03
2.32701937E-01  4.50024515E-01  1.02937547E-03
2.32995938E-01  4.44619030E-01  9.70420602E-04
2.33289939E-01  4.42547828E-01  9.96021205E-04
2.33583940E-01  4.41292644E-01  9.86408792E-04
2.33877941E-01  4.41461444E-01  9.82555212E-04
2.34171942E-01  4.38752711E-01  9.90127213E-04
2.34465944E-01  4.39997911E-01  9.76152602E-04
2.34759945E-01  4.23058093E-01  9.81832272E-04
2.35053946E-01  4.30616587E-01  9.83646140E-04
2.35347947E-01  4.31953520E-01  9.93853319E-04
2.35641948E-01  4.29888219E-01  9.80106182E-04
2.35935950E-01  4.23589140E-01  9.83182574E-04
2.36229951E-01  4.24000889E-01  9.98633914E-04
2.36523952E-01  4.20050889E-01  9.60202480E-04
2.36817953E-01  4.08993155E-01  9.47377994E-04
2.37111954E-01  4.20355886E-01  9.70760535E-04
2.37405955E-01  4.07207757E-01  9.56437609E-04
2.37699957E-01  4.11342978E-01  9.64663108E-04
2.37993958E-01  3.97485137E-01  9.49569105E-04
2.38287959E-01  3.97934169E-01  9.39348072E-04
2.38581960E-01  3.99505258E-01  9.47313034E-04
2.38875961E-01  3.90851647E-01  9.40497092E-04
2.39169963E-01  3.95331264E-01  9.49702109E-04
2.39463964E-01  3.86322796E-01  9.25770786E-04
2.39757965E-01  3.89535069E-01  9.27005836E-04
2.40051966E-01  3.82479072E-01  9.22538165E-04
2.40345967E-01  3.85322601E-01  9.24626598E-04
2.40639968E-01  3.76030803E-01  9.12566204E-04
2.40933970E-01  3.76507491E-01  9.01399762E-04
2.41227971E-01  3.66975516E-01  9.11985757E-04
2.41521972E-01  3.70770723E-01  8.97901366E-04
2.41815973E-01  3.66668612E-01  8.99003237E-04
2.42109974E-01  3.63012642E-01  8.95390578E-04
2.42403976E-01  3.66465092E-01  9.04572080E-04
2.42697977E-01  3.64609748E-01  8.85193993E-04
2.42991978E-01  3.66760463E-01  9.01916355E-04
2.43285979E-01  3.61869186E-01  8.98171798E-04
2.43579980E-01  3.53538156E-01  8.82998283E-04
2.43873981E-01  3.48255187E-01  8.56821716E-04
2.44167983E-01  3.44403118E-01  8.64007161E-04
2.44461984E-01  3.46627086E-01  8.38498061E-04
2.44755985E-01  3.44589561E-01  8.73875921E-04
2.45049986E-01  3.36872250E-01  8.75503523E-04
2.45343987E-01  3.39436501E-01  8.56891158E-04
2.45637989E-01  3.37807745E-01  8.38891545E-04
2.45931990E-01  3.40646029E-01  8.48805532E-04
2.46225991E-01  3.39277118E-01  8.64260830E-04
2.46519992E-01  3.34684521E-01  8.32511752E-04
2.46813993E-01  3.32937300E-01  8.46681010E-04
2.47107995E-01  3.29052776E-01  8.17445049E-04
2.47401996E-01  3.32878262E-01  8.59525637E-04
2.47695997E-01  3.29264402E-01  8.43803107E-04
2.47989998E-01  3.29274327E-01  8.33322352E-04
2.48283999E-01  3.21281075E-01  8.25344177E-04
2.48578000E-01  3.21952671E-01  8.29544035E-04
2.48872002E-01  3.25031579E-01  8.24613846E-04
2.49166003E-01  3.16188961E-01  8.24815128E-04
2.49460004E-01  3.17894280E-01  8.03324278E-04
2.49754005E-01  3.13548118E-01  8.28524120E-04
2.50048006E-01  3.19105238E-01  8.05716962E-04
2.50342008E-01  3.12664449E-01  8.11340287E-04
2.50636009E-01  3.12257260E-01  8.04447918E-04
2.50930010E-01  3.10050637E-01  8.03066650E-04
2.51224011E-01  3.15664560E-01  8.03206756E-04
2.51518012E-01  3.07623327E-01  7.82114628E-04
2.51812013E-01  3.08732122E-01  7.93758489E-04
2.52106015E-01  3.05725336E-01  8.07651784E-04
2.52400016E-01  3.06581199E-01  7.92861567E-04
2.52694017E-01  3.05182785E-01  8.25615134E-04
2.52988018E-01  3.02159578E-01  7.72958389E-04
2.53282019E-01  3.04791451E-01  8.13906372E-04
2.53576021E-01  3.03220212E-01  8.03410599E-04
2.53870022E-01  3.00718784E-01  7.99504924E-04
2.54164023E-01  3.01018029E-01  7.79794413E-04
2.54458024E-01  2.98951119E-01  8.05362710E-04
2.54752025E-01  3.00306171E-01  8.10058264E-04
2.55046026E-01  2.97858357E-01  8.07405449E-04
2.55340028E-01  2.98032552E-01  7.82339252E-04
2.55634029E-01  2.91521162E-01  7.74261833E-04
2.55928030E-01  2.90477902E-01  7.76192406E-04
2.56222031E-01  2.96040654E-01  7.80314382E-04
2.56516032E-01  2.94364303E-01  7.72646978E-04
2.56810034E-01  2.93282926E-01  7.95804313E-04
2.57104035E-01  2.91129261E-01  7.84881238E-04
2.57398036E-01  2.92950928E-01  7.68542406E-04
2.57692037E-01  2.85391808E-01  7.63249060E-04
2.57986038E-01  2.86489487E-01  7.62177981E-04
2.58280039E-01  2.89008051E-01  7.87388359E-04
2.58574041E-01  2.88008720E-01  7.66671961E-04
2.58868042E-01  2.84404308E-01  7.68106664E-04
2.59162043E-01  2.87276566E-01  7.76769069E-04
2.59456044E-01  2.87049800E-01  7.58090173E-04
2.59750045E-01  2.86345094E-01  7.67887861E-04
2.60044047E-01  2.83065617E-01  7.45843921E-04
2.60338048E-01  2.88203746E-01  7.66628829E-04
2.60632049E-01  2.85700858E-01  7.75784836E-04
2.60926050E-01  2.82239288E-01  7.60960393E-04
2.61220051E-01  2.85813630E-01  7.63495394E-04
2.61514052E-01  2.81979918E-01  7.66489946E-04
2.61808054E-01  2.82419115E-01  7.62356329E-04
2.62102055E-01  2.82294810E-01  7.60943687E-04
2.62396056E-01  2.86342859E-01  7.63575954E-04
2.62690057E-01  2.83825696E-01  7.48216989E-04
2.62984058E-01  2.82341599E-01  7.61391595E-04
2.63278060E-01  2.85847217E-01  7.51445012E-04
2.63572061E-01  2.81514943E-01  7.60912022E-04
2.63866062E-01  2.81855196E-01  7.76874775E-04
2.64160063E-01  2.81549543E-01  7.57072121E-04
2.64454064E-01  2.81397760E-01  7.37467490E-04
2.64748066E-01  2.78836340E-01  7.35545414E-04
2.65042067E-01  2.83327341E-01  7.40726828E-04
2.65336068E-01  2.81754702E-01  7.52840773E-04
2.65630069E-01  2.83750117E-01  7.50548264E-04
2.65924070E-01  2.78311282E-01  7.46468431E-04
2.66218071E-01  2.78585106E-01  7.42243486E-04
2.66512073E-01  2.78496832E-01  7.36062706E-04
2.66806074E-01  2.80805737E-01  7.50736741E-04
2.67100075E-01  2.76052326E-01  7.20450713E-04
2.67394076E-01  2.80315697E-01  7.50853796E-04
2.67688077E-01  2.81868488E-01  7.56981142E-04
2.67982079E-01  2.77033836E-01  7.42920674E-04
2.68276080E-01  2.75226623E-01  7.45182391E-04
2.68570081E-01  2.83136308E-01  7.57383124E-04
2.68864082E-01  2.76473701E-01  7.54146138E-04
2.69158083E-01  2.78898686E-01  7.49798026E-04
2.69452084E-01  2.82990575E-01  7.35921843E-04
2.69746086E-01  2.79100984E-01  7.53071625E-04
2.70040087E-01  2.81101465E-01  7.46003760E-04
2.70334088E-01  2.81950414E-01  7.62800628E-04
2.70628089E-01  2.72276133E-01  7.26599596E-04
2.70922090E-01  2.77862936E-01  7.13218702E-04
2.71216092E-01  2.80205250E-01  7.59117655E-04
2.71510093E-01  2.83140719E-01  7.71779160E-04
2.71804094E-01  2.78233618E-01  7.45540019E-04
2.72098095E-01  2.78761536E-01  7.35012465E-04
2.72392096E-01  2.75596917E-01  7.31699285E-04
2.72686097E-01  2.78061867E-01  7.42678356E-04
2.72980099E-01  2.75238603E-01  7.23121862E-04
2.73274100E-01  2.76877910E-01  7.41365366E-04
2.73568101E-01  2.75353044E-01  7.26611295E-04
2.73862102E-01  2.77195483E-01  7.27920618E-04
2.74156103E-01  2.75626928E-01  7.49290397E-04
2.74450105E-01  2.76051849E-01  7.22248107E-04
2.74744106E-01  2.67376393E-01  7.25110527E-04
2.75038107E-01  2.73831069E-01  7.26154249E-04
2.75332108E-01  2.79245377E-01  7.48642546E-04
2.75626109E-01  2.74281710E-01  7.31704873E-04
2.75920110E-01  2.74728566E-01  7.24907848E-04
2.76214112E-01  2.74039835E-01  7.26486440E-04
2.76508113E-01  2.77068675E-01  7.34319270E-04
2.76802114E-01  2.75379658E-01  7.46618374E-04
2.77096115E-01  2.76434630E-01  7.18795462E-04
2.77390116E-01  2.75760442E-01  7.23376172E-04
2.77684118E-01  2.77742207E-01  7.30994041E-04
2.77978119E-01  2.74198651E-01  7.08700449E-04
2.78272120E-01  2.69977421E-01  7.17227871E-04
2.78566121E-01  2.75851369E-01  7.34294648E-04
2.78860122E-01  2.73988456E-01  7.31826120E-04
2.79154123E-01  2.71888793E-01  7.30814063E-04
2.79448125E-01  2.70616025E-01  7.21869641E-04
2.79742126E-01  2.70084113E-01  7.13284186E-04
2.80036127E-01  2.73644745E-01  7.11129571E-04
2.80330128E-01  2.80184478E-01  7.47623330E-04
2.80624129E-01  2.74141103E-01  7.35499780E-04
2.80918131E-01  2.72017390E-01  7.21342454E-04
2.81212132E-01  2.73483932E-01  7.40753487E-04
2.81506133E-01  2.77652144E-01  7.33797555E-04
2.81800134E-01  2.74558216E-01  7.24254060E-04
2.82094135E-01  2.77662456E-01  7.13407469E-04
2.82388137E-01  2.73812234E-01  7.15395436E-04
2.82682138E-01  2.73663074E-01  7.18633179E-04
2.82976139E-01  2.70696193E-01  7.18611351E-04
2.83270140E-01  2.72002965E-01  7.16727518E-04
2.83564141E-01  2.79856682E-01  7.07959116E-04
2.83858142E-01  2.82609522E-01  7.23980484E-04
2.84152144E-01  2.75162935E-01  6.99021388E-04
2.84446145E-01  2.74083108E-01  7.28354498E-04
2.84740146E-01  2.74721146E-01  7.22122088E-04
2.85034147E-01  2.75224775E-01  7.21204677E-04
2.85328148E-01  2.72514701E-01  7.14102411E-04
2.85622150E-01  2.75407732E-01  7.28655083E-04
2.85916151E-01  2.78347641E-01  7.19095522E-04
2.86210152E-01  2.74017781E-01  7.23674195E-04
2.86504153E-01  2.68851399E-01  7.19210017E-04
2.86798154E-01  2.81371117E-01  7.36578775E-04
2.87092155E-01  2.70018160E-01  7.20679120E-04
2.87386157E-01  2.73784459E-01  7.17115472E-04
2.87680158E-01  2.73749292E-01  7.22707191E-04
2.87974159E-01  2.71799684E-01  7.25865946E-04
2.88268160E-01  2.77181178E-01  7.27577775E-04
2.88562161E-01  2.75334597E-01  7.42746983E-04
2.88856163E-01  2.76443630E-01  7.41253840E-04
2.89150164E-01  2.78018594E-01  7.51391402E-04
2.89444165E-01  2.76205331E-01  7.80068338E-04
2.89738166E-01  2.74103254E-01  7.58400711E-04
2.90032167E-01  2.78298050E-01  7.71382882E-04
2.90326168E-01  2.75825679E-01  7.63446093E-04
2.90620170E-01  2.74484366E-01  7.81713054E-04
2.90914171E-01  2.72048503E-01  7.68146594E-04
2.91208172E-01  2.75688142E-01  7.90884777E-04
2.91502173E-01  2.73958057E-01  7.76428380E-04
2.91796174E-01  2.78025866E-01  7.74761487E-04
2.92090176E-01  2.79285133E-01  7.65898731E-04
2.92384177E-01  2.71299243E-01  7.97339482E-04
2.92678178E-01  2.77489960E-01  7.94759777E-04
2.92972179E-01  2.80234843E-01  7.99943286E-04
2.93266180E-01  2.75473982E-01  7.92834267E-04
2.93560181E-01  2.78731048E-01  7.96920620E-04
2.93854183E-01  2.78712958E-01  8.13724881E-04
2.94148184E-01  2.80067861E-01  8.24242190E-04
2.94442185E-01  2.74778545E-01  7.99348811E-04
2.94736186E-01  2.74892360E-01  8.11195176E-04
2.95030187E-01  2.74899125E-01  7.97752000E-04
2.95324189E-01  2.76995897E-01  8.11963168E-04
2.95618190E-01  2.77722746E-01  7.88189180E-04
2.95912191E-01  2.74315387E-01  8.03771894E-04
2.96206192E-01  2.77793407E-01  8.14027269E-04
2.96500193E-01  2.78476894E-01  8.25746451E-04
2.96794194E-01  2.78310120E-01  8.17276887E-04
2.97088196E-01  2.76386231E-01  7.91079714E-04
2.97382197E-01  2.81500638E-01  7.90762948E-04
2.97676198E-01  2.81715095E-01  8.07842123E-04
2.97970199E-01  2.77627498E-01  7.74652464E-04
2.98264200E-01  2.73768067E-01  7.84848118E-04
2.98558202E-01  2.76279628E-01  7.85539683E-04
2.98852203E-01  2.79488653E-01  7.93475017E-04
2.99146204E-01  2.79100418E-01  7.90274702E-04
2.99440205E-01  2.78662682E-01  7.65033532E-04
2.99734206E-01  2.78307825E-01  7.79065536E-04
3.00028207E-01  2.78057784E-01  7.86476128E-04
3.00322209E-01  2.71964312E-01  7.93133746E-04
3.00616210E-01  2.76079953E-01  7.90498103E-04
3.00910211E-01  2.80410171E-01  7.95597152E-04
3.01204212E-01  2.79566616E-01  7.74289016E-04
3.01498213E-01  2.79008985E-01  7.79443595E-04
3.01792215E-01  2.77529091E-01  7.58130162E-04
3.02086216E-01  2.76559144E-01  7.95238651E-04
3.02380217E-01  2.79346585E-01  7.61556788E-04
3.02674218E-01  2.80154020E-01  7.64942728E-04
3.02968219E-01  2.83381045E-01  7.74802058E-04
3.03262221E-01  2.75796771E-01  7.68457074E-04
3.03556222E-01  2.79351711E-01  7.57364149E-04
3.03850223E-01  2.75688201E-01  7.68626865E-04
3.04144224E-01  2.83168703E-01  7.85688113E-04
3.04438225E-01  2.79402584E-01  7.79195805E-04
3.04732226E-01  2.83590257E-01  7.80412869E-04
3.05026228E-01  2.77338624E-01  7.69079954E-04
3.05320229E-01  2.80594170E-01  7.79833877E-04
3.05614230E-01  2.79255241E-01  7.65642268E-04
3.05908231E-01  2.75050223E-01  7.71210005E-04
3.06202232E-01  2.80716807E-01  7.82875461E-04
3.06496234E-01  2.81169683E-01  7.69069709E-04
3.06790235E-01  2.77804345E-01  7.75425578E-04
3.07084236E-01  2.80566573E-01  7.85788696E-04
3.07378237E-01  2.79990166E-01  7.80130038E-04
3.07672238E-01  2.76341826E-01  7.57143251E-04
3.07966239E-01  2.78766662E-01  7.70180486E-04
3.08260241E-01  2.80703813E-01  7.73883832E-04
3.08554242E-01  2.79325634E-01  7.85153417E-04
3.08848243E-01  2.79434323E-01  7.68452941E-04
3.09142244E-01  2.81907439E-01  7.83539377E-04
3.09436245E-01  2.76542872E-01  7.62481824E-04
3.09730247E-01  2.79053718E-01  7.52348162E-04
3.10024248E-01  2.82606423E-01  7.64734694E-04
3.10318249E-01  2.81794190E-01  7.57171016E-04
3.10612250E-01  2.81502277E-01  7.75959808E-04
3.10906251E-01  2.86109239E-01  7.71956635E-04
3.11200252E-01  2.82270402E-01  7.63083168E-04
3.11494254E-01  2.81956911E-01  7.56550755E-04
3.11788255E-01  2.82174408E-01  7.46404519E-04
3.12082256E-01  2.76791871E-01  7.56799593E-04
3.12376257E-01  2.80162156E-01  7.74320913E-04
3.12670258E-01  2.77082533E-01  7.85369601E-04
3.12964260E-01  2.80778915E-01  7.53439439E-04
3.13258261E-01  2.76753128E-01  7.69882405E-04
3.13552262E-01  2.78780937E-01  7.68601894E-04
3.13846263E-01  2.73619622E-01  7.33192370E-04
3.14140264E-01  2.75781006E-01  7.63053249E-04
3.14434265E-01  2.79935807E-01  7.73929001E-04
3.14728267E-01  2.77907610E-01  7.57436326E-04
3.15022268E-01  2.75486767E-01  7.54623266E-04
3.15316269E-01  2.84617066E-01  7.63970602E-04
3.15610270E-01  2.80530721E-01  7.63191492E-04
3.15904271E-01  2.77895600E-01  7.55611050E-04
3.16198273E-01  2.75477976E-01  7.58950307E-04
3.16492274E-01  2.78906494E-01  7.74612592E-04
3.16786275E-01  2.79186517E-01  7.80968694E-04
3.17080276E-01  2.78347105E-01  7.48497783E-04
3.17374277E-01  2.82250315E-01  7.64286262E-04
3.17668278E-01  2.78534859E-01  7.67411490E-04
3.17962280E-01  2.80008703E-01  7.57968635E-04
3.18256281E-01  2.79670566E-01  7.68055557E-04
3.18550282E-01  2.79729545E-01  7.72009545E-04
3.18844283E-01  2.74995655E-01  7.51893327E-04
3.19138284E-01  2.81167001E-01  7.66275334E-04
3.19432286E-01  2.83367217E-01  7.91116443E-04
3.19726287E-01  2.77375877E-01  7.63628166E-04
3.20020288E-01  2.77005047E-01  7.67711550E-04
3.20314289E-01  2.77601957E-01  7.69115752E-04
3.20608290E-01  2.77468145E-01  7.80524337E-04
3.20902292E-01  2.76830137E-01  7.69902894E-04
3.21196293E-01  2.77384520E-01  7.72203202E-04
3.21490294E-01  2.71834284E-01  7.37859111E-04
3.21784295E-01  2.76139170E-01  7.62915413E-04
3.22078296E-01  2.79084086E-01  7.75228953E-04
3.22372297E-01  2.75964946E-01  7.61574018E-04
3.22666299E-01  2.82064646E-01  7.73641514E-04
3.22960300E-01  2.79397309E-01  7.79199821E-04
3.23254301E-01  2.79626966E-01  7.79816124E-04
3.23548302E-01  2.79820621E-01  7.78092537E-04
3.23842303E-01  2.71902531E-01  7.86214310E-04
3.24136305E-01  2.78633028E-01  7.85977289E-04
3.24430306E-01  2.79071242E-01  8.03955016E-04
3.24724307E-01  2.75507838E-01  7.76427274E-04
3.25018308E-01  2.79972434E-01  7.96450186E-04
3.25312309E-01  2.77740955E-01  7.95236439E-04
3.25606310E-01  2.80665219E-01  7.98444788E-04
3.25900312E-01  2.74196476E-01  7.77889218E-04
3.26194313E-01  2.76971996E-01  7.98448338E-04
3.26488314E-01  2.75634885E-01  7.90649618E-04
3.26782315E-01  2.80356169E-01  7.83951138E-04
3.27076316E-01  2.81698793E-01  7.88092671E-04
3.27370318E-01  2.77783006E-01  8.02189985E-04
3.27664319E-01  2.78516531E-01  7.99372152E-04
3.27958320E-01  2.78620631E-01  7.88797741E-04
3.28252321E-01  2.77860701E-01  7.98646826E-04
3.28546322E-01  2.80371577E-01  7.99939386E-04
3.28840323E-01  2.81225771E-01  8.09955876E-04
3.29134325E-01  2.78481960E-01  7.99476227E-04
3.29428326E-01  2.78377235E-01  7.81117007E-04
3.29722327E-01  2.75261998E-01  8.29907658E-04
3.30016328E-01  2.78974682E-01  7.97354034E-04
3.30310329E-01  2.77425587E-01  7.90689839E-04
3.30604331E-01  2.70722628E-01  8.00228678E-04
3.30898332E-01  2.80936033E-01  8.26970849E-04
3.31192333E-01  2.79565096E-01  8.20167654E-04
3.31486334E-01  2.80940503E-01  7.94037187E-04
3.31780335E-01  2.78950244E-01  8.19644309E-04
3.32074336E-01  2.77435809E-01  7.94147025E-04
3.32368338E-01  2.80105889E-01  8.18228407E-04
3.32662339E-01  2.80488431E-01  8.29085999E-04
3.32956340E-01  2.79261470E-01  8.05389893E-04
3.33250341E-01  2.79913157E-01  8.26667820E-04
3.33544342E-01  2.73413777E-01  8.05570045E-04
3.33838344E-01  2.79648751E-01  8.16981541E-04
3.34132345E-01  2.78499454E-01  8.18108849E-04
3.34426346E-01  2.79189885E-01  8.21108290E-04
3.34720347E-01  2.72390753E-01  7.90085061E-04
3.35014348E-01  2.76224911E-01  8.08995566E-04
3.35308349E-01  2.80309200E-01  8.30561214E-04
3.35602351E-01  2.77892977E-01  8.00194102E-04
3.35896352E-01  2.78633893E-01  8.12085113E-04
3.36190353E-01  2.70407498E-01  8.00461858E-04
3.36484354E-01  2.74338007E-01  8.40206980E-04
3.36778355E-01  2.72766590E-01  8.38640321E-04
3.37072357E-01  2.80566752E-01  8.58542277E-04
3.37366358E-01  2.77871996E-01  8.42897745E-04
3.37660359E-01  2.74513781E-01  8.41597968E-04
3.37954360E-01  2.77569830E-01  8.48172756E-04
3.38248361E-01  2.75103718E-01  8.10183177E-04
3.38542362E-01  2.78363854E-01  8.13421328E-04
3.38836364E-01  2.80252367E-01  8.41944304E-04
3.39130365E-01  2.73742527E-01  8.19583423E-04
3.39424366E-01  2.79129118E-01  8.11169622E-04
3.39718367E-01  2.72323012E-01  8.29372264E-04
3.40012368E-01  2.70764828E-01  7.98100373E-04
3.40306370E-01  2.72541106E-01  7.97159679E-04
3.40600371E-01  2.74741530E-01  8.22332571E-04
3.40894372E-01  2.73550689E-01  8.00805923E-04
3.41188373E-01  2.73904175E-01  8.01084621E-04
3.41482374E-01  2.76568770E-01  7.77998590E-04
3.41776376E-01  2.69172966E-01  8.03475559E-04
3.42070377E-01  2.74965793E-01  8.08095967E-04
3.42364378E-01  2.73619890E-01  8.05731048E-04
3.42658379E-01  2.73867905E-01  8.00550799E-04
3.42952380E-01  2.68716723E-01  8.18542263E-04
3.43246381E-01  2.72151619E-01  8.17485154E-04
3.43540383E-01  2.71272451E-01  8.25838477E-04
3.43834384E-01  2.71843046E-01  8.15607258E-04
3.44128385E-01  2.76692420E-01  8.35759041E-04
3.44422386E-01  2.70229965E-01  8.03968695E-04
3.44716387E-01  2.74126977E-01  8.30364239E-04
3.45010389E-01  2.64201790E-01  7.91298226E-04
3.45304390E-01  2.68926471E-01  8.24835268E-04
3.45598391E-01  2.64951199E-01  7.88424630E-04
3.45892392E-01  2.68530488E-01  7.93491025E-04
3.46186393E-01  2.70029038E-01  8.06742930E-04
3.46480394E-01  2.70206958E-01  7.99139321E-04
3.46774396E-01  2.66786158E-01  8.26604781E-04
3.47068397E-01  2.67759860E-01  7.95483356E-04
3.47362398E-01  2.71556020E-01  8.04152922E-04
3.47656399E-01  2.66206205E-01  7.84459000E-04
3.47950400E-01  2.62536824E-01  8.04178708E-04
3.48244402E-01  2.68426597E-01  8.01902148E-04
3.48538403E-01  2.63689220E-01  7.95918691E-04
3.48832404E-01  2.64472336E-01  8.17678461E-04
3.49126405E-01  2.67730862E-01  7.85136013E-04
3.49420406E-01  2.66571224E-01  8.02845461E-04
3.49714407E-01  2.66168028E-01  8.01236718E-04
3.50008409E-01  2.62908846E-01  7.92218838E-04
3.50302410E-01  2.67062545E-01  8.01992719E-04
3.50596411E-01  2.67139405E-01  8.01561750E-04
3.50890412E-01  2.64498353E-01  7.93278916E-04
3.51184413E-01  2.66245425E-01  8.10987956E-04
3.51478415E-01  2.67550856E-01  7.94100459E-04
3.51772416E-01  2.65472651E-01  8.12724407E-04
3.52066417E-01  2.67670453E-01  8.01537710E-04
3.52360418E-01  2.64320254E-01  8.22879199E-04
3.52654419E-01  2.61408210E-01  7.81857583E-04
3.52948420E-01  2.66342163E-01  8.14434607E-04
3.53242422E-01  2.64391780E-01  8.19107518E-04
3.53536423E-01  2.62520909E-01  7.99589150E-04
3.53830424E-01  2.61841655E-01  7.76565052E-04
3.54124425E-01  2.64029205E-01  7.90358405E-04
3.54418426E-01  2.60344952E-01  8.04262410E-04
3.54712428E-01  2.64474779E-01  8.00862908E-04
3.55006429E-01  2.57982075E-01  7.89603160E-04
3.55300430E-01  2.64770597E-01  8.22968897E-04
3.55594431E-01  2.59596527E-01  7.90767372E-04
3.55888432E-01  2.64525026E-01  8.03940115E-04
3.56182433E-01  2.58708507E-01  7.87805766E-04
3.56476435E-01  2.57649481E-01  7.93325831E-04
3.56770436E-01  2.60883421E-01  8.11678881E-04
3.57064437E-01  2.59963900E-01  7.79342663E-04
3.57358438E-01  2.58761168E-01  8.00543756E-04
3.57652439E-01  2.56124347E-01  8.00796028E-04
3.57946441E-01  2.57898450E-01  7.75338674E-04
3.58240442E-01  2.56865829E-01  7.87738420E-04
3.58534443E-01  2.60466397E-01  8.06691183E-04
3.58828444E-01  2.59703875E-01  8.09593883E-04
3.59122445E-01  2.58357644E-01  7.89182377E-04
3.59416447E-01  2.61274725E-01  8.13694322E-04
3.59710448E-01  2.61238843E-01  8.09705874E-04
3.60004449E-01  2.62806386E-01  8.18286848E-04
3.60298450E-01  2.59556442E-01  7.92991603E-04
3.60592451E-01  2.62037694E-01  8.13058927E-04
3.60886452E-01  2.57088602E-01  7.90368416E-04
3.61180454E-01  2.54594028E-01  7.81447394E-04
3.61474455E-01  2.60988772E-01  7.84019532E-04
3.61768456E-01  2.55064666E-01  7.92862033E-04
3.62062457E-01  2.56838441E-01  7.65631325E-04
3.62356458E-01  2.56051391E-01  7.98750727E-04
3.62650460E-01  2.61614412E-01  7.90790014E-04
3.62944461E-01  2.57309198E-01  7.86234392E-04
3.63238462E-01  2.61110842E-01  8.25036201E-04
3.63532463E-01  2.53753692E-01  7.84046948E-04
3.63826464E-01  2.61572093E-01  8.23849055E-04
3.64120465E-01  2.53275216E-01  7.87087425E-04
3.64414467E-01  2.54922897E-01  7.79859431E-04
3.64708468E-01  2.58213967E-01  7.99626345E-04
3.65002469E-01  2.64173895E-01  8.24621296E-04
3.65296470E-01  2.55123913E-01  7.97910616E-04
3.65590471E-01  2.58967817E-01  7.95417582E-04
3.65884473E-01  2.57513404E-01  7.84763601E-04
3.66178474E-01  2.53656983E-01  7.94455758E-04
3.66472475E-01  2.56564468E-01  8.05018994E-04
3.66766476E-01  2.55221605E-01  8.17170832E-04
3.67060477E-01  2.55765140E-01  8.03333183E-04
3.67354478E-01  2.60247707E-01  8.04436975E-04
3.67648480E-01  2.53139019E-01  7.98609632E-04
3.67942481E-01  2.55851835E-01  8.06632976E-04
3.68236482E-01  2.57274508E-01  7.92482868E-04
3.68530483E-01  2.51924932E-01  7.75922672E-04
3.68824484E-01  2.52421558E-01  8.08996963E-04
3.69118486E-01  2.53590286E-01  7.95992848E-04
3.69412487E-01  2.53667504E-01  7.91115977E-04
3.69706488E-01  2.53762752E-01  8.21120804E-04
3.70000489E-01  2.57578164E-01  8.14664469E-04
3.70294490E-01  2.54942954E-01  8.01819668E-04
3.70588491E-01  2.48807490E-01  7.92212377E-04
3.70882493E-01  2.51460284E-01  8.03751522E-04
3.71176494E-01  2.53114194E-01  8.02255119E-04
3.71470495E-01  2.58923948E-01  7.98713358E-04
3.71764496E-01  2.51430660E-01  7.99629837E-04
3.72058497E-01  2.50213742E-01  7.58992857E-04
3.72352499E-01  2.51623303E-01  7.85318145E-04
3.72646500E-01  2.51696855E-01  7.77465524E-04
3.72940501E-01  2.50814885E-01  7.78626243E-04
3.73234502E-01  2.56986588E-01  7.83735712E-04
3.73528503E-01  2.53477365E-01  7.75364169E-04
3.73822504E-01  2.52572536E-01  7.86209828E-04
3.74116506E-01  2.54764348E-01  7.84461503E-04
3.74410507E-01  2.60067374E-01  8.11533886E-04
3.74704508E-01  2.52130270E-01  7.75519351E-04
3.74998509E-01  2.50013769E-01  7.81125738E-04
3.75292510E-01  2.51934469E-01  7.83229014E-04
3.75586512E-01  2.55522341E-01  7.83093856E-04
3.75880513E-01  2.56244779E-01  7.83906144E-04
3.76174514E-01  2.52719939E-01  7.85753480E-04
3.76468515E-01  2.55130589E-01  7.83499388E-04
3.76762516E-01  2.53960431E-01  8.04005889E-04
3.77056518E-01  2.56732464E-01  8.07639444E-04
3.77350519E-01  2.56916434E-01  7.94525258E-04
3.77644520E-01  2.57414639E-01  8.12332262E-04
3.77938521E-01  2.53699571E-01  7.96352630E-04
3.78232522E-01  2.54067451E-01  7.79402442E-04
3.78526523E-01  2.53886133E-01  8.22720292E-04
3.78820525E-01  2.53547758E-01  7.82961550E-04
3.79114526E-01  2.53025115E-01  7.76369532E-04
3.79408527E-01  2.54958540E-01  7.95169501E-04
3.79702528E-01  2.52604753E-01  8.03367642E-04
3.79996529E-01  2.51613468E-01  8.09755002E-04
3.80290531E-01  2.52471179E-01  8.10956757E-04
3.80584532E-01  2.54698157E-01  7.98261317E-04
3.80878533E-01  2.55977243E-01  7.91123486E-04
3.81172534E-01  2.56151587E-01  7.92771229E-04
3.81466535E-01  2.54974127E-01  8.03933304E-04
3.81760536E-01  2.58296221E-01  8.02572700E-04
3.82054538E-01  2.53110290E-01  7.88189122E-04
3.82348539E-01  2.48333439E-01  7.75071385E-04
3.82642540E-01  2.47757465E-01  7.86787597E-04
3.82936541E-01  2.52251536E-01  8.07241711E-04
3.83230542E-01  2.55301088E-01  7.94488704E-04
3.83524544E-01  2.50208855E-01  7.90950260E-04
3.83818545E-01  2.53786832E-01  8.23000970E-04
3.84112546E-01  2.48717934E-01  7.81436393E-04
3.84406547E-01  2.49689579E-01  8.00660171E-04
3.84700548E-01  2.51755863E-01  8.11528531E-04
3.84994549E-01  2.50138193E-01  7.85387470E-04
3.85288551E-01  2.55621940E-01  8.14885658E-04
3.85582552E-01  2.54773825E-01  7.97680113E-04
3.85876553E-01  2.52148241E-01  7.91553233E-04
3.86170554E-01  2.59124160E-01  7.92573206E-04
3.86464555E-01  2.51469225E-01  7.88971374E-04
3.86758557E-01  2.56616712E-01  8.03720090E-04
3.87052558E-01  2.48929933E-01  8.04992742E-04
3.87346559E-01  2.55947620E-01  8.10135040E-04
3.87640560E-01  2.52399892E-01  7.90138904E-04
3.87934561E-01  2.48090804E-01  7.79619382E-04
3.88228562E-01  2.56544471E-01  7.88931386E-04
3.88522564E-01  2.54310340E-01  7.99225818E-04
3.88816565E-01  2.48458087E-01  8.09283520E-04
3.89110566E-01  2.58840531E-01  8.14681815E-04
3.89404567E-01  2.47600466E-01  8.04781914E-04
3.89698568E-01  2.51816422E-01  8.08643003E-04
3.89992570E-01  2.53061742E-01  8.03244358E-04
3.90286571E-01  2.50915796E-01  7.86876713E-04
3.90580572E-01  2.56253511E-01  7.99295784E-04
3.90874573E-01  2.53137529E-01  7.87302677E-04
3.91168574E-01  2.56208420E-01  7.93873682E-04
3.91462575E-01  2.59598166E-01  8.19936919E-04
3.91756577E-01  2.56701976E-01  8.32954422E-04
3.92050578E-01  2.54325479E-01  7.99009460E-04
3.92344579E-01  2.53333718E-01  8.02262803E-04
3.92638580E-01  2.57798821E-01  8.09527701E-04
3.92932581E-01  2.56067008E-01  8.14822211E-04
3.93226583E-01  2.51950026E-01  8.15702544E-04
3.93520584E-01  2.60852873E-01  8.11162987E-04
3.93814585E-01  2.50180870E-01  7.87903438E-04
3.94108586E-01  2.46574074E-01  8.02436960E-04
3.94402587E-01  2.52227157E-01  8.01387592E-04
3.94696588E-01  2.57308692E-01  8.08332697E-04
3.94990590E-01  2.50708044E-01  7.72454601E-04
3.95284591E-01  2.57518858E-01  8.18411470E-04
3.95578592E-01  2.55336583E-01  8.08681478E-04
3.95872593E-01  2.54426152E-01  7.81408569E-04
3.96166594E-01  2.60122657E-01  8.10028287E-04
3.96460596E-01  2.57860124E-01  8.12023995E-04
3.96754597E-01  2.53125161E-01  7.90605263E-04
3.97048598E-01  2.59244919E-01  8.04655778E-04
3.97342599E-01  2.52369791E-01  8.15423147E-04
3.97636600E-01  2.60607660E-01  7.94922060E-04
3.97930602E-01  2.55972743E-01  8.18023924E-04
3.98224603E-01  2.55802244E-01  8.16266111E-04
3.98518604E-01  2.55864471E-01  8.08837533E-04
3.98812605E-01  2.53706485E-01  8.14299157E-04
3.99106606E-01  2.54685432E-01  8.12574930E-04
3.99400607E-01  2.57536769E-01  7.93678279E-04
3.99694609E-01  2.62035578E-01  8.04782321E-04
3.99988610E-01  2.52803773E-01  7.96590117E-04
4.00282611E-01  2.50876248E-01  8.09722813E-04
4.00576612E-01  2.55572140E-01  7.79685623E-04
4.00870613E-01  2.52172977E-01  7.75496126E-04
4.01164615E-01  2.54759371E-01  8.00249632E-04
4.01458616E-01  2.58486301E-01  7.95929926E-04
4.01752617E-01  2.60994077E-01  8.14143626E-04
4.02046618E-01  2.54698634E-01  7.96861248E-04
4.02340619E-01  2.57951617E-01  8.22236820E-04
4.02634620E-01  2.51575321E-01  8.15431355E-04
4.02928622E-01  2.64175683E-01  8.20439134E-04
4.03222623E-01  2.58285791E-01  8.21413938E-04
4.03516624E-01  2.55978644E-01  8.27352284E-04
4.03810625E-01  2.58144915E-01  7.93548883E-04
4.04104626E-01  2.58715570E-01  7.93422572E-04
4.04398628E-01  2.60526061E-01  8.12685874E-04
4.04692629E-01  2.51330853E-01  8.08194978E-04
4.04986630E-01  2.56107330E-01  8.08033743E-04
4.05280631E-01  2.51666903E-01  7.89539015E-04
4.05574632E-01  2.58527845E-01  8.15340900E-04
4.05868633E-01  2.54849702E-01  8.34181556E-04
4.06162635E-01  2.51166016E-01  7.99137750E-04
4.06456636E-01  2.48783022E-01  7.97407527E-04
4.06750637E-01  2.51065195E-01  7.95725849E-04
4.07044638E-01  2.53928035E-01  7.79831549E-04
4.07338639E-01  2.54709959E-01  7.96838023E-04
4.07632641E-01  2.53356218E-01  8.28179996E-04
4.07926642E-01  2.50365108E-01  7.95075845E-04
4.08220643E-01  2.52434820E-01  7.98494555E-04
4.08514644E-01  2.54693121E-01  7.91309751E-04
4.08808645E-01  2.50093251E-01  7.90379534E-04
4.09102646E-01  2.47851893E-01  7.82420277E-04
4.09396648E-01  2.53780335E-01  8.12757353E-04
4.09690649E-01  2.49845728E-01  8.15589039E-04
4.09984650E-01  2.49864653E-01  8.06667726E-04
4.10278651E-01  2.47427046E-01  7.83277501E-04
4.10572652E-01  2.50963628E-01  7.96787557E-04
4.10866654E-01  2.52362311E-01  7.85476121E-04
4.11160655E-01  2.48948351E-01  7.96539942E-04
4.11454656E-01  2.46427998E-01  7.81713985E-04
4.11748657E-01  2.46924117E-01  7.93183688E-04
4.12042658E-01  2.44466245E-01  7.68175931E-04
4.12336659E-01  2.45750278E-01  7.82198738E-04
4.12630661E-01  2.48172045E-01  7.83594500E-04
4.12924662E-01  2.48846725E-01  7.99586182E-04
4.13218663E-01  2.45660126E-01  7.99244794E-04
4.13512664E-01  2.43824795E-01  7.78116053E-04
4.13806665E-01  2.45730966E-01  7.80940580E-04
4.14100667E-01  2.43296430E-01  8.07160977E-04
4.14394668E-01  2.49291688E-01  7.68408878E-04
4.14688669E-01  2.42534250E-01  7.91608123E-04
4.14982670E-01  2.43288964E-01  8.15260806E-04
4.15276671E-01  2.42045060E-01  7.77375244E-04
4.15570673E-01  2.42917076E-01  8.10593308E-04
4.15864674E-01  2.41932362E-01  7.82851886E-04
4.16158675E-01  2.46425509E-01  8.03107745E-04
4.16452676E-01  2.43486524E-01  7.82949268E-04
4.16746677E-01  2.43695050E-01  7.94353604E-04
4.17040678E-01  2.43208557E-01  7.74351822E-04
4.17334680E-01  2.41861150E-01  7.86326826E-04
4.17628681E-01  2.40908831E-01  7.72699714E-04
4.17922682E-01  2.38700539E-01  8.02591967E-04
4.18216683E-01  2.40286246E-01  7.92983919E-04
4.18510684E-01  2.40168422E-01  7.94938765E-04
4.18804686E-01  2.36052439E-01  7.62077514E-04
4.19098687E-01  2.39044726E-01  7.47963670E-04
4.19392688E-01  2.39957705E-01  7.76733563E-04
4.19686689E-01  2.39948839E-01  7.91469705E-04
4.19980690E-01  2.37774149E-01  7.58760900E-04
4.20274691E-01  2.39137188E-01  7.77524081E-04
4.20568693E-01  2.36623228E-01  7.80267699E-04
4.20862694E-01  2.39098653E-01  7.75408465E-04
4.21156695E-01  2.36512691E-01  7.76955450E-04
4.21450696E-01  2.37854466E-01  7.61691364E-04
4.21744697E-01  2.36770675E-01  7.83691299E-04
4.22038699E-01  2.33261704E-01  7.52512948E-04
4.22332700E-01  2.37705544E-01  7.73854088E-04
4.22626701E-01  2.34780148E-01  7.77029723E-04
4.22920702E-01  2.38707259E-01  7.77393929E-04
4.23214703E-01  2.40221858E-01  7.88674399E-04
4.23508704E-01  2.35290214E-01  7.56870257E-04
4.23802706E-01  2.35195830E-01  7.76015862E-04
4.24096707E-01  2.31354922E-01  7.67848571E-04
4.24390708E-01  2.36260518E-01  7.82597403E-04
4.24684709E-01  2.37926304E-01  7.71290564E-04
4.24978710E-01  2.32663557E-01  7.75101362E-04
4.25272712E-01  2.30015010E-01  7.65366887E-04
4.25566713E-01  2.30627581E-01  7.76132045E-04
4.25860714E-01  2.32902884E-01  7.90671795E-04
4.26154715E-01  2.29016095E-01  7.64341268E-04
4.26448716E-01  2.34256774E-01  7.92829960E-04
4.26742717E-01  2.30700046E-01  7.37562892E-04
4.27036719E-01  2.26576239E-01  7.70895043E-04
4.27330720E-01  2.27204651E-01  7.48932885E-04
4.27624721E-01  2.30575502E-01  7.71570485E-04
4.27918722E-01  2.37550110E-01  7.78924208E-04
4.28212723E-01  2.30689451E-01  7.57508737E-04
4.28506725E-01  2.33258620E-01  7.86309771E-04
4.28800726E-01  2.31334314E-01  7.42384989E-04
4.29094727E-01  2.32442603E-01  7.47923157E-04
4.29388728E-01  2.28261441E-01  7.66798563E-04
4.29682729E-01  2.29064584E-01  7.67190475E-04
4.29976730E-01  2.32195526E-01  7.80652743E-04
4.30270732E-01  2.29426712E-01  7.62727577E-04
4.30564733E-01  2.34625980E-01  7.66370445E-04
4.30858734E-01  2.27929145E-01  7.45563302E-04
4.31152735E-01  2.28757650E-01  7.51349900E-04
4.31446736E-01  2.30335116E-01  7.82837335E-04
4.31740738E-01  2.27595508E-01  7.65839301E-04
4.32034739E-01  2.24567726E-01  7.41184980E-04
4.32328740E-01  2.23815456E-01  7.63959426E-04
4.32622741E-01  2.29904115E-01  7.39588635E-04
4.32916742E-01  2.26113722E-01  7.48146616E-04
4.33210744E-01  2.28342608E-01  7.61256495E-04
4.33504745E-01  2.26996645E-01  7.43203855E-04
4.33798746E-01  2.24241808E-01  7.53801200E-04
4.34092747E-01  2.22140983E-01  7.48167629E-04
4.34386748E-01  2.25367352E-01  7.28944840E-04
4.34680749E-01  2.27646947E-01  7.63385731E-04
4.34974751E-01  2.21937448E-01  7.14457885E-04
4.35268752E-01  2.25047261E-01  7.49434868E-04
4.35562753E-01  2.24791244E-01  7.42349715E-04
4.35856754E-01  2.23124146E-01  7.24108773E-04
4.36150755E-01  2.21373945E-01  7.48513557E-04
4.36444757E-01  2.21244022E-01  7.33607158E-04
4.36738758E-01  2.24966556E-01  7.55448593E-04
4.37032759E-01  2.27090687E-01  7.40715186E-04
4.37326760E-01  2.20604926E-01  7.17752555E-04
4.37620761E-01  2.24470466E-01  7.43961835E-04
4.37914762E-01  2.22937435E-01  7.47704413E-04
4.38208764E-01  2.27466777E-01  7.39597308E-04
4.38502765E-01  2.19985440E-01  7.21593795E-04
4.38796766E-01  2.23099813E-01  7.38542120E-04
4.39090767E-01  2.21608117E-01  7.58337672E-04
4.39384768E-01  2.25784048E-01  7.51131156E-04
4.39678770E-01  2.23499104E-01  7.34225090E-04
4.39972771E-01  2.29544088E-01  7.72290980E-04
4.40266772E-01  2.17952862E-01  7.34067173E-04
4.40560773E-01  2.25392312E-01  7.50915031E-04
4.40854774E-01  2.19332457E-01  7.30419706E-04
4.41148775E-01  2.20801711E-01  7.41931144E-04
4.41442777E-01  2.20540509E-01  7.56777299E-04
4.41736778E-01  2.25205973E-01  7.38391478E-04
4.42030779E-01  2.21234754E-01  7.56177353E-04
4.42324780E-01  2.19623029E-01  7.25257501E-04
4.42618781E-01  2.21158758E-01  7.32766755E-04
4.42912783E-01  2.25069478E-01  7.37566443E-04
4.43206784E-01  2.25825176E-01  7.48338527E-04
4.43500785E-01  2.20386907E-01  7.44688907E-04
4.43794786E-01  2.23158717E-01  7.43609737E-04
4.44088787E-01  2.21700177E-01  7.48306571E-04
4.44382788E-01  2.22812712E-01  7.42653268E-04
4.44676790E-01  2.23641545E-01  7.34365196E-04
4.44970791E-01  2.20402211E-01  7.48162216E-04
4.45264792E-01  2.21318260E-01  7.36921153E-04
4.45558793E-01  2.20168173E-01  7.48093415E-04
4.45852794E-01  2.20280632E-01  7.47262267E-04
4.46146796E-01  2.24610150E-01  7.58851296E-04
4.46440797E-01  2.22673610E-01  7.34518224E-04
4.46734798E-01  2.20725685E-01  7.66996935E-04
4.47028799E-01  2.25006402E-01  7.33378925E-04
4.47322800E-01  2.18584612E-01  7.08120584E-04
4.47616801E-01  2.22463325E-01  7.55220419E-04
4.47910803E-01  2.25069493E-01  8.02986498E-04
4.48204804E-01  2.24199340E-01  7.82548974E-04
4.48498805E-01  2.15850130E-01  7.55913963E-04
4.48792806E-01  2.22730458E-01  7.96469918E-04
4.49086807E-01  2.18444958E-01  7.63760181E-04
4.49380809E-01  2.25692168E-01  7.78113608E-04
4.49674810E-01  2.19393939E-01  7.85007200E-04
4.49968811E-01  2.18489572E-01  7.91048107E-04
4.50262812E-01  2.18975350E-01  8.05954682E-04
4.50556813E-01  2.21149907E-01  8.18314147E-04
4.50850814E-01  2.23984808E-01  8.08101846E-04
4.51144816E-01  2.16797352E-01  8.00435606E-04
4.51438817E-01  2.20316738E-01  8.16276995E-04
4.51732818E-01  2.21342444E-01  8.34740815E-04
4.52026819E-01  2.19012186E-01  8.09435674E-04
4.52320820E-01  2.17843190E-01  8.25686206E-04
4.52614822E-01  2.23136857E-01  8.56397557E-04
4.52908823E-01  2.21240669E-01  8.23749870E-04
4.53202824E-01  2.18175337E-01  8.17011693E-04
4.53496825E-01  2.20401257E-01  8.41928297E-04
4.53790826E-01  2.21803471E-01  8.48347438E-04
4.54084828E-01  2.20231131E-01  8.53443693E-04
4.54378829E-01  2.15813085E-01  8.39012151E-04
4.54672830E-01  2.15157926E-01  8.36452818E-04
4.54966831E-01  2.24655941E-01  8.89828429E-04
4.55260832E-01  2.23035634E-01  8.50426557E-04
4.55554833E-01  2.19406590E-01  8.43370683E-04
4.55848835E-01  2.20262617E-01  8.50269629E-04
4.56142836E-01  2.18044713E-01  8.69766809E-04
4.56436837E-01  2.20691025E-01  8.75029364E-04
4.56730838E-01  2.18970910E-01  9.01866879E-04
4.57024839E-01  2.20386952E-01  8.37376574E-04
4.57318841E-01  2.19255090E-01  8.51367018E-04
4.57612842E-01  2.19908506E-01  8.76609818E-04
4.57906843E-01  2.16933027E-01  8.54245678E-04
4.58200844E-01  2.22035155E-01  8.85014422E-04
4.58494845E-01  2.16283008E-01  8.90031457E-04
4.58788846E-01  2.14376688E-01  8.53157660E-04
4.59082848E-01  2.20790654E-01  8.69406154E-04
4.59376849E-01  2.22129524E-01  8.56220722E-04
4.59670850E-01  2.18878910E-01  8.36597406E-04
4.59964851E-01  2.20454752E-01  8.32332007E-04
4.60258852E-01  2.24871904E-01  8.44992523E-04
4.60552854E-01  2.19828919E-01  8.31470999E-04
4.60846855E-01  2.16920897E-01  8.23957031E-04
4.61140856E-01  2.25172430E-01  8.31530779E-04
4.61434857E-01  2.17460185E-01  8.31977406E-04
4.61728858E-01  2.21604943E-01  8.24858900E-04
4.62022859E-01  2.18587622E-01  7.92565406E-04
4.62316861E-01  2.14902490E-01  8.04870564E-04
4.62610862E-01  2.26926282E-01  8.32103193E-04
4.62904863E-01  2.23171771E-01  8.35534127E-04
4.63198864E-01  2.21838072E-01  8.12414335E-04
4.63492865E-01  2.14040369E-01  8.06948054E-04
4.63786867E-01  2.20895335E-01  8.37424537E-04
4.64080868E-01  2.19642892E-01  8.12024169E-04
4.64374869E-01  2.16292232E-01  8.06617260E-04
4.64668870E-01  2.18017474E-01  7.96772656E-04
4.64962871E-01  2.18439043E-01  7.99426925E-04
4.65256872E-01  2.14403540E-01  8.10430676E-04
4.65550874E-01  2.18462586E-01  8.21346301E-04
4.65844875E-01  2.22591847E-01  8.00011214E-04
4.66138876E-01  2.22717851E-01  8.01074377E-04
4.66432877E-01  2.26279512E-01  8.11632548E-04
4.66726878E-01  2.18186125E-01  8.01608490E-04
4.67020880E-01  2.18276635E-01  8.11993610E-04
4.67314881E-01  2.23009601E-01  8.03404662E-04
4.67608882E-01  2.22662017E-01  7.81105773E-04
4.67902883E-01  2.19124377E-01  7.94478226E-04
4.68196884E-01  2.19367832E-01  7.96701177E-04
4.68490885E-01  2.16419950E-01  7.88317760E-04
4.68784887E-01  2.19926417E-01  8.07574135E-04
4.69078888E-01  2.17351794E-01  8.03094765E-04
4.69372889E-01  2.20793039E-01  7.88748323E-04
4.69666890E-01  2.21478045E-01  8.10390571E-04
4.69960891E-01  2.15822563E-01  8.00208421E-04
4.70254893E-01  2.20502660E-01  7.86400225E-04
4.70548894E-01  2.14584395E-01  8.08532408E-04
4.70842895E-01  2.20260158E-01  7.95542728E-04
4.71136896E-01  2.20166683E-01  7.86587829E-04
4.71430897E-01  2.24630877E-01  8.20921676E-04
4.71724899E-01  2.17045173E-01  7.99263245E-04
4.72018900E-01  2.20795020E-01  7.94436084E-04
4.72312901E-01  2.21060336E-01  7.91485247E-04
4.72606902E-01  2.23742336E-01  8.13869643E-04
4.72900903E-01  2.24308297E-01  8.08860641E-04
4.73194904E-01  2.20664740E-01  8.06517317E-04
4.73488906E-01  2.20526204E-01  8.03839415E-04
4.73782907E-01  2.20404461E-01  8.08825251E-04
4.74076908E-01  2.25077108E-01  7.87601864E-04
4.74370909E-01  2.16609970E-01  7.82089191E-04
4.74664910E-01  2.18135864E-01  7.86396093E-04
4.74958912E-01  2.15404540E-01  7.82791059E-04
4.75252913E-01  2.24998891E-01  8.21043504E-04
4.75546914E-01  2.17384547E-01  8.08026816E-04
4.75840915E-01  2.18186587E-01  7.82255607E-04
4.76134916E-01  2.18735218E-01  7.88163336E-04
4.76428917E-01  2.19125047E-01  7.81432667E-04
4.76722919E-01  2.20371217E-01  7.81360315E-04
4.77016920E-01  2.18531370E-01  7.93550222E-04
4.77310921E-01  2.21907318E-01  7.91418192E-04
4.77604922E-01  2.14752376E-01  7.65893084E-04
4.77898923E-01  2.15334192E-01  7.68940197E-04
4.78192925E-01  2.24292234E-01  7.97012588E-04
4.78486926E-01  2.21600994E-01  7.90509337E-04
4.78780927E-01  2.18356013E-01  7.91226223E-04
4.79074928E-01  2.19509706E-01  7.86039687E-04
4.79368929E-01  2.21113607E-01  7.83847878E-04
4.79662930E-01  2.22165570E-01  8.35170213E-04
4.79956932E-01  2.18814462E-01  7.81233190E-04
4.80250933E-01  2.21904486E-01  8.10263562E-04
4.80544934E-01  2.21756727E-01  7.77871872E-04
4.80838935E-01  2.18423322E-01  7.85831478E-04
4.81132936E-01  2.22071812E-01  7.97441578E-04
4.81426938E-01  2.24288732E-01  8.02459195E-04
4.81720939E-01  2.19518110E-01  7.93064071E-04
4.82014940E-01  2.19309673E-01  7.80694885E-04
4.82308941E-01  2.21698880E-01  7.78930611E-04
4.82602942E-01  2.20293865E-01  7.95261585E-04
4.82896943E-01  2.19601676E-01  7.70554529E-04
4.83190945E-01  2.20674098E-01  7.99263362E-04
4.83484946E-01  2.21102402E-01  7.60463474E-04
4.83778947E-01  2.20899314E-01  7.85915239E-04
4.84072948E-01  2.18034863E-01  7.85295153E-04
4.84366949E-01  2.18159959E-01  7.73566309E-04
4.84660951E-01  2.21275002E-01  7.85422337E-04
4.84954952E-01  2.21876904E-01  7.87379977E-04
4.85248953E-01  2.19997272E-01  8.00024834E-04
4.85542954E-01  2.22395360E-01  7.81135750E-04
4.85836955E-01  2.19770834E-01  8.09486082E-04
4.86130956E-01  2.18336344E-01  7.96503329E-04
4.86424958E-01  2.21697524E-01  7.93655752E-04
4.86718959E-01  2.25193113E-01  7.89421960E-04
4.87012960E-01  2.18339622E-01  7.74686574E-04
4.87306961E-01  2.19247714E-01  7.86875084E-04
4.87600962E-01  2.23481998E-01  8.01026472E-04
4.87894964E-01  2.24469453E-01  7.98639550E-04
4.88188965E-01  2.20113859E-01  7.86237884E-04
4.88482966E-01  2.18010813E-01  7.73869688E-04
4.88776967E-01  2.21067443E-01  8.21926398E-04
4.89070968E-01  2.19777912E-01  7.66230223E-04
4.89364970E-01  2.23901719E-01  7.97700253E-04
4.89658971E-01  2.17086241E-01  7.90283782E-04
4.89952972E-01  2.18259677E-01  7.57260364E-04
4.90246973E-01  2.22111404E-01  7.99908012E-04
4.90540974E-01  2.17387289E-01  7.76365632E-04
4.90834975E-01  2.20421359E-01  7.83201715E-04
4.91128977E-01  2.13707104E-01  7.65342265E-04
4.91422978E-01  2.16340616E-01  7.82886404E-04
4.91716979E-01  2.20241979E-01  7.95513683E-04
4.92010980E-01  2.22072303E-01  7.92361854E-04
4.92304981E-01  2.21569002E-01  7.75353401E-04
4.92598983E-01  2.25466177E-01  8.19952867E-04
4.92892984E-01  2.18881726E-01  7.81987503E-04
4.93186985E-01  2.20337525E-01  7.86030316E-04
4.93480986E-01  2.21625730E-01  7.87366997E-04
4.93774987E-01  2.21283108E-01  7.92805280E-04
4.94068988E-01  2.16099620E-01  7.67965859E-04
4.94362990E-01  2.13862017E-01  7.74011714E-04
4.94656991E-01  2.24386171E-01  8.22236296E-04
4.94950992E-01  2.20412463E-01  7.85515702E-04
4.95244993E-01  2.19085470E-01  7.91861909E-04
4.95538994E-01  2.16694862E-01  8.00209993E-04
4.95832996E-01  2.21931919E-01  7.81272305E-04
4.96126997E-01  2.20701396E-01  7.82958581E-04
4.96420998E-01  2.21088126E-01  7.93040381E-04
4.96714999E-01  2.19721243E-01  7.88787496E-04
4.97009000E-01  2.19322383E-01  7.95707980E-04
4.97303001E-01  2.17751846E-01  7.75792985E-04
4.97597003E-01  2.22577706E-01  7.67641177E-04
4.97891004E-01  2.17516214E-01  7.88913923E-04
4.98185005E-01  2.21421227E-01  7.97064858E-04
4.98479006E-01  2.21516654E-01  7.76044617E-04
4.98773007E-01  2.15976611E-01  7.95942149E-04
4.99067009E-01  2.19749123E-01  7.98547349E-04
4.99361010E-01  2.17887715E-01  7.77963782E-04
4.99655011E-01  2.17424959E-01  7.70427752E-04
4.99949012E-01  2.22192630E-01  7.96855718E-04
5.00243013E-01  2.16977760E-01  7.84095668E-04
5.00537014E-01  2.20183447E-01  7.93511164E-04
5.00831016E-01  2.20837131E-01  8.00417387E-04
5.01125017E-01  2.13991538E-01  7.82856543E-04
5.01419018E-01  2.18211263E-01  7.78298767E-04
5.01713019E-01  2.15145782E-01  7.72000814E-04
5.02007020E-01  2.16477007E-01  7.95111933E-04
5.02301022E-01  2.17044935E-01  7.85518030E-04
5.02595023E-01  2.19275579E-01  7.94367108E-04
5.02889024E-01  2.20387876E-01  7.82173127E-04
5.03183025E-01  2.27659032E-01  8.19724693E-04
5.03477026E-01  2.23492339E-01  7.75524590E-04
5.03771027E-01  2.19590291E-01  7.87805242E-04
5.04065029E-01  2.18675077E-01  7.90922786E-04
5.04359030E-01  2.22143546E-01  7.65603501E-04
5.04653031E-01  2.20828295E-01  7.91721221E-04
5.04947032E-01  2.19112858E-01  7.62929674E-04
5.05241033E-01  2.20420346E-01  7.74082320E-04
5.05535035E-01  2.22137764E-01  7.80632370E-04
5.05829036E-01  2.18377143E-01  7.92491075E-04
5.06123037E-01  2.22541466E-01  7.82336050E-04
5.06417038E-01  2.20968321E-01  7.71792198E-04
5.06711039E-01  2.18577176E-01  7.78892136E-04
5.07005040E-01  2.19166845E-01  7.75021210E-04
5.07299042E-01  2.19277009E-01  7.79092370E-04
5.07593043E-01  2.17995018E-01  7.71459658E-04
5.07887044E-01  2.17389449E-01  7.70955521E-04
5.08181045E-01  2.21122459E-01  7.69678736E-04
5.08475046E-01  2.20574871E-01  7.67592515E-04
5.08769048E-01  2.18573675E-01  7.60026916E-04
5.09063049E-01  2.16615841E-01  7.43852463E-04
5.09357050E-01  2.25672245E-01  7.83087104E-04
5.09651051E-01  2.16142073E-01  8.01844464E-04
5.09945052E-01  2.18803540E-01  7.75470166E-04
5.10239054E-01  2.17264250E-01  7.74056243E-04
5.10533055E-01  2.27275774E-01  7.82901421E-04
5.10827056E-01  2.18486086E-01  7.79854250E-04
5.11121057E-01  2.19241992E-01  7.88723002E-04
5.11415058E-01  2.22442985E-01  8.07311095E-04
5.11709059E-01  2.17674196E-01  7.85223267E-04
5.12003061E-01  2.19345987E-01  7.70020182E-04
5.12297062E-01  2.14964911E-01  7.98025634E-04
5.12591063E-01  2.19593808E-01  7.85966695E-04
5.12885064E-01  2.14208707E-01  7.65291450E-04
5.13179065E-01  2.19881549E-01  7.91991304E-04
5.13473067E-01  2.21439555E-01  7.80121132E-04
5.13767068E-01  2.22284064E-01  8.01206683E-04
5.14061069E-01  2.17118144E-01  7.72720203E-04
5.14355070E-01  2.19154209E-01  7.65946636E-04
5.14649071E-01  2.13540569E-01  7.75127322E-04
5.14943072E-01  2.12378353E-01  7.60900497E-04
5.15237074E-01  2.22875729E-01  7.91198283E-04
5.15531075E-01  2.26040170E-01  7.78699003E-04
5.15825076E-01  2.22782910E-01  7.85745273E-04
5.16119077E-01  2.20865816E-01  8.07753589E-04
5.16413078E-01  2.12439507E-01  7.45007361E-04
5.16707080E-01  2.20256612E-01  7.95675383E-04
5.17001081E-01  2.20826522E-01  7.77907611E-04
5.17295082E-01  2.22546414E-01  7.79270777E-04
5.17589083E-01  2.17508540E-01  7.82492920E-04
5.17883084E-01  2.23000288E-01  8.05663818E-04
5.18177085E-01  2.21788123E-01  7.89628364E-04
5.18471087E-01  2.20049977E-01  7.83568074E-04
5.18765088E-01  2.21176535E-01  7.84313830E-04
5.19059089E-01  2.12550133E-01  7.71818974E-04
5.19353090E-01  2.20580637E-01  7.63253134E-04
5.19647091E-01  2.10751846E-01  7.79604772E-04
5.19941093E-01  2.13339239E-01  7.66139769E-04
5.20235094E-01  2.17542291E-01  7.68715690E-04
5.20529095E-01  2.17635140E-01  7.71561346E-04
5.20823096E-01  2.17258245E-01  7.62120762E-04
5.21117097E-01  2.21723199E-01  7.80584232E-04
5.21411098E-01  2.17741162E-01  7.86074321E-04
5.21705100E-01  2.16658637E-01  7.50446110E-04
5.21999101E-01  2.17590317E-01  7.90861901E-04
5.22293102E-01  2.17386976E-01  7.59698974E-04
5.22587103E-01  2.04697594E-01  7.73761130E-04
5.22881104E-01  2.17682853E-01  8.04358569E-04
5.23175106E-01  2.24112451E-01  7.82444258E-04
5.23469107E-01  2.18660071E-01  7.66172889E-04
5.23763108E-01  2.19872922E-01  7.64592667E-04
5.24057109E-01  2.19385117E-01  7.88847858E-04
5.24351110E-01  2.19485372E-01  7.71570485E-04
5.24645111E-01  2.21070677E-01  8.01959657E-04
5.24939113E-01  2.14012995E-01  7.65369681E-04
5.25233114E-01  2.22855508E-01  8.01450340E-04
5.25527115E-01  2.13564947E-01  7.66599085E-04
5.25821116E-01  2.16625065E-01  7.86037068E-04
5.26115117E-01  2.17434034E-01  7.77973561E-04
5.26409119E-01  2.17617273E-01  7.93053070E-04
5.26703120E-01  2.15964317E-01  7.85012031E-04
5.26997121E-01  2.14985996E-01  7.90662249E-04
5.27291122E-01  2.14370891E-01  7.63731194E-04
5.27585123E-01  2.16135532E-01  7.80254544E-04
5.27879125E-01  2.11818382E-01  7.61448988E-04
5.28173126E-01  2.16055125E-01  7.76984030E-04
5.28467127E-01  2.14544579E-01  7.52970984E-04
5.28761128E-01  2.18643069E-01  8.03921488E-04
5.29055129E-01  2.18301401E-01  7.99466041E-04
5.29349130E-01  2.14115828E-01  7.65353267E-04
5.29643132E-01  2.19736516E-01  7.96418986E-04
5.29937133E-01  2.16323510E-01  7.86390097E-04
5.30231134E-01  2.18873963E-01  8.03600880E-04
5.30525135E-01  2.16155037E-01  7.60731113E-04
5.30819136E-01  2.19439447E-01  7.77264184E-04
5.31113138E-01  2.15366796E-01  7.79920665E-04
5.31407139E-01  2.18600437E-01  7.69534847E-04
5.31701140E-01  2.18484342E-01  7.72036903E-04
5.31995141E-01  2.16772720E-01  7.72431260E-04
5.32289142E-01  2.22251505E-01  7.84552249E-04
5.32583143E-01  2.14909330E-01  7.68503873E-04
5.32877145E-01  2.16832399E-01  7.63758202E-04
5.33171146E-01  2.16622278E-01  7.75879424E-04
5.33465147E-01  2.15851530E-01  7.58793496E-04
5.33759148E-01  2.15878814E-01  7.66162528E-04
5.34053149E-01  2.18215793E-01  7.60208350E-04
5.34347151E-01  2.17608601E-01  7.70520244E-04
5.34641152E-01  2.14336649E-01  7.63850519E-04
5.34935153E-01  2.17054293E-01  7.56207970E-04
5.35229154E-01  2.16094792E-01  7.58486043E-04
5.35523155E-01  2.15840667E-01  7.55643297E-04
5.35817156E-01  2.16678292E-01  7.78828457E-04
5.36111158E-01  2.16449291E-01  7.64913682E-04
5.36405159E-01  2.16825545E-01  7.77091424E-04
5.36699160E-01  2.12918088E-01  7.54113426E-04
5.36993161E-01  2.18511611E-01  7.62847078E-04
5.37287162E-01  2.19965503E-01  7.73146341E-04
5.37581164E-01  2.14842677E-01  7.67276739E-04
5.37875165E-01  2.19151750E-01  7.53406261E-04
5.38169166E-01  2.18949571E-01  7.78501388E-04
5.38463167E-01  2.13142425E-01  7.66962999E-04
5.38757168E-01  2.17059702E-01  7.55745627E-04
5.39051169E-01  2.18774676E-01  7.56754191E-04
5.39345171E-01  2.13322058E-01  7.65448960E-04
5.39639172E-01  2.16466844E-01  7.48978637E-04
5.39933173E-01  2.20133275E-01  7.64794939E-04
5.40227174E-01  2.10446849E-01  7.51479703E-04
5.40521175E-01  2.16456279E-01  7.59746123E-04
5.40815177E-01  2.22270116E-01  7.64232303E-04
5.41109178E-01  2.18355298E-01  7.99427973E-04


### HEADER:
#
#{
#    "analysis": {},
#    "calibration_params": {
#        "Beam_Center_X": 1093.5,
#        "Beam_Center_Y": 2070.0,
#        "Detector Tilt": 0.0,
#        "Detector Tilt Plane Rotation": 0.0,
#        "Detector_X_Pixel_Size": 75.0,
#        "Detector_Y_Pixel_Size": 75.0,
#        "Integration Method": "nosplit_csr",
#        "Radial_Average_Method": "pyFAI",
#        "Sample-to-detector distance (mm)": 1790.0,
#        "Wavelength (A)": 0.8922346081119231
#    },
#    "config_file": "/nfs/chess/daq/2024-3/id7a/Winnikoff_10_17_24/HP-SAXS_10_20_24.cfg",
#    "counters": {
#        "Epoch": "96.318",
#        "I1": "0",
#        "I2": "0",
#        "I3": "0",
#        "Seconds": "1",
#        "Time": "1.90735e-05",
#        "date": "Fri Oct 18 20:56:46 2024",
#        "diode": "98941"
#    },
#    "filename": "KV0002A_repeat_35C_100MPa_up_3_data_000001_00001.h5",
#    "history": {},
#    "imageHeader": {},
#    "load_path": "/nfs/chess/daq/2024-3/id7a/Venkatraman_10_18_2024/KV0002A_repeat/KV0002A_repeat_35C_100MPa_up_3_data_000001.h5",
#    "normalizations": {
#        "Absolute_scale": {
#            "Absolute_scale_factor": 0.049803809341568875,
#            "Method": "Water"
#        },
#        "Counter_norms": [
#            [
#                "/",
#                "diode/150000"
#            ]
#        ],
#        "Polarization": {
#            "Used": false
#        },
#        "Solid_Angle_Correction": "On"
#    },
#    "raw_version": "2.1.4"
#}

