### DATA:
#
# 1802
#      Q             I(Q)           Error     
1.16130467E-02  2.85091972E+01  8.03079903E-01
1.19070479E-02  2.61757603E+01  7.63211429E-01
1.22010491E-02  2.44941082E+01  6.23989999E-01
1.24950503E-02  2.16664543E+01  4.78478432E-01
1.27890515E-02  1.97795448E+01  3.56493831E-01
1.30830527E-02  1.78985519E+01  2.49889299E-01
1.33770538E-02  1.61668854E+01  2.43810683E-01
1.36710550E-02  1.46038818E+01  2.03803286E-01
1.39650562E-02  1.34540157E+01  1.84951395E-01
1.42590574E-02  1.21828184E+01  1.67537853E-01
1.45530586E-02  1.14067373E+01  1.51851729E-01
1.48470598E-02  1.05986395E+01  1.42990604E-01
1.51410609E-02  9.72215652E+00  1.18326224E-01
1.54350621E-02  9.13401794E+00  1.08243778E-01
1.57290633E-02  8.41632462E+00  9.41631794E-02
1.60230645E-02  7.86877251E+00  8.52536261E-02
1.63170657E-02  7.35740089E+00  8.38460624E-02
1.66110669E-02  7.07679272E+00  7.05854818E-02
1.69050680E-02  6.49966478E+00  6.12679198E-02
1.71990692E-02  6.26136732E+00  6.19199239E-02
1.74930704E-02  5.82361031E+00  5.81748225E-02
1.77870716E-02  5.63863420E+00  5.82774952E-02
1.80810728E-02  5.44423532E+00  5.49976900E-02
1.83750740E-02  5.05649805E+00  4.94566709E-02
1.86690751E-02  4.91379976E+00  4.54057977E-02
1.89630763E-02  4.38613319E+00  4.12044972E-02
1.92570775E-02  4.08175611E+00  3.87960486E-02
1.95510787E-02  3.94084692E+00  3.87175828E-02
1.98450799E-02  3.75477219E+00  3.54260355E-02
2.01390811E-02  3.62280250E+00  3.29252668E-02
2.04330822E-02  3.43781734E+00  3.24673802E-02
2.07270834E-02  3.24229121E+00  2.83300132E-02
2.10210846E-02  3.23396754E+00  2.87727937E-02
2.13150858E-02  3.13229585E+00  2.41230447E-02
2.16090870E-02  3.13181686E+00  2.46781446E-02
2.19030882E-02  2.92844605E+00  2.27615871E-02
2.21970893E-02  2.90858054E+00  2.24844031E-02
2.24910905E-02  2.87484169E+00  2.09455341E-02
2.27850917E-02  2.73795366E+00  2.07571294E-02
2.30790929E-02  2.74874377E+00  2.11643409E-02
2.33730941E-02  2.69812012E+00  1.97843295E-02
2.36670953E-02  2.58747530E+00  1.91490836E-02
2.39610964E-02  2.69515324E+00  1.80144049E-02
2.42550976E-02  2.50761628E+00  1.75577831E-02
2.45490988E-02  2.48112369E+00  1.62431393E-02
2.48431000E-02  2.41042399E+00  1.57961417E-02
2.51371012E-02  2.41717958E+00  1.57861318E-02
2.54311024E-02  2.35502195E+00  1.61492899E-02
2.57251035E-02  2.43440700E+00  1.64816082E-02
2.60191047E-02  2.37283134E+00  1.62126049E-02
2.63131059E-02  2.29840302E+00  1.56660397E-02
2.66071071E-02  2.22214365E+00  1.45896040E-02
2.69011083E-02  2.26479578E+00  1.42693194E-02
2.71951094E-02  2.27768254E+00  1.34802964E-02
2.74891106E-02  2.25299335E+00  1.37795284E-02
2.77831118E-02  2.24431443E+00  1.40104787E-02
2.80771130E-02  2.17986250E+00  1.33933872E-02
2.83711142E-02  2.22449422E+00  1.33892642E-02
2.86651154E-02  2.20361710E+00  1.43462559E-02
2.89591165E-02  2.18574095E+00  1.36210518E-02
2.92531177E-02  2.21932292E+00  1.39955385E-02
2.95471189E-02  2.15684938E+00  1.26457568E-02
2.98411201E-02  2.12149191E+00  1.27066998E-02
3.01351213E-02  2.18812346E+00  1.40488455E-02
3.04291225E-02  2.15311289E+00  1.19470591E-02
3.07231236E-02  2.14073920E+00  1.17535237E-02
3.10171248E-02  2.20076513E+00  1.31153697E-02
3.13111260E-02  2.08964396E+00  1.21672284E-02
3.16051272E-02  2.15150738E+00  1.29485186E-02
3.18991284E-02  2.17328811E+00  1.21857338E-02
3.21931296E-02  2.19442248E+00  1.17895594E-02
3.24871307E-02  2.09956074E+00  1.21176019E-02
3.27811319E-02  2.17260003E+00  1.25357844E-02
3.30751331E-02  2.17502522E+00  1.24098323E-02
3.33691343E-02  2.19148111E+00  1.18536754E-02
3.36631355E-02  2.20673418E+00  1.12524005E-02
3.39571367E-02  2.20723724E+00  1.15202563E-02
3.42511378E-02  2.16119623E+00  1.02025829E-02
3.45451390E-02  2.25202107E+00  1.24244383E-02
3.48391402E-02  2.21970987E+00  1.26067419E-02
3.51331414E-02  2.25493622E+00  1.25373630E-02
3.54271426E-02  2.23111582E+00  1.13914646E-02
3.57211438E-02  2.32250309E+00  1.08942855E-02
3.60151449E-02  2.31846452E+00  1.11272670E-02
3.63091461E-02  2.29804540E+00  9.93273500E-03
3.66031473E-02  2.31756377E+00  1.04523581E-02
3.68971485E-02  2.32717681E+00  1.06913904E-02
3.71911497E-02  2.29245591E+00  1.06606800E-02
3.74851509E-02  2.35888577E+00  1.12315211E-02
3.77791520E-02  2.34438419E+00  1.07020587E-02
3.80731532E-02  2.41882157E+00  1.10404054E-02
3.83671544E-02  2.41705990E+00  1.04897739E-02
3.86611556E-02  2.34739089E+00  9.90242418E-03
3.89551568E-02  2.47736692E+00  1.05428323E-02
3.92491580E-02  2.48243570E+00  1.05782496E-02
3.95431591E-02  2.48602057E+00  1.09707639E-02
3.98371603E-02  2.53397942E+00  1.04778726E-02
4.01311615E-02  2.55531287E+00  1.10837026E-02
4.04251627E-02  2.53886580E+00  1.06222015E-02
4.07191639E-02  2.56526327E+00  1.04480777E-02
4.10131651E-02  2.58025551E+00  1.06308497E-02
4.13071662E-02  2.64109802E+00  1.09865339E-02
4.16011674E-02  2.59821987E+00  1.08543746E-02
4.18951686E-02  2.64129472E+00  9.81840398E-03
4.21891698E-02  2.66209435E+00  1.06057730E-02
4.24831710E-02  2.73789310E+00  1.11338766E-02
4.27771722E-02  2.72511101E+00  1.04631511E-02
4.30711733E-02  2.77867460E+00  1.06257638E-02
4.33651745E-02  2.81500363E+00  1.10414075E-02
4.36591757E-02  2.79790282E+00  1.08883753E-02
4.39531769E-02  2.84612679E+00  1.07353646E-02
4.42471781E-02  2.84099054E+00  1.07750855E-02
4.45411793E-02  2.88406014E+00  1.09512126E-02
4.48351804E-02  2.91713643E+00  1.09517183E-02
4.51291816E-02  2.94760871E+00  1.09386696E-02
4.54231828E-02  3.00683928E+00  1.09885130E-02
4.57171840E-02  2.98683596E+00  1.03129866E-02
4.60111852E-02  3.00671840E+00  1.09290704E-02
4.63051864E-02  3.07878017E+00  1.09915584E-02
4.65991875E-02  3.08330131E+00  1.09642427E-02
4.68931887E-02  3.18661165E+00  1.09414645E-02
4.71871899E-02  3.16224742E+00  1.04378397E-02
4.74811911E-02  3.18399143E+00  1.13734920E-02
4.77751923E-02  3.16296291E+00  1.04157506E-02
4.80691935E-02  3.27822757E+00  1.11997817E-02
4.83631946E-02  3.29099894E+00  1.08939102E-02
4.86571958E-02  3.28949738E+00  1.14160562E-02
4.89511970E-02  3.35481977E+00  1.14573473E-02
4.92451982E-02  3.37751627E+00  1.03247818E-02
4.95391994E-02  3.39308143E+00  1.12044588E-02
4.98332006E-02  3.48662925E+00  1.19002787E-02
5.01272017E-02  3.51628852E+00  1.15643935E-02
5.04212029E-02  3.53234124E+00  1.15888864E-02
5.07152041E-02  3.56953096E+00  1.20232832E-02
5.10092053E-02  3.61961031E+00  1.17960032E-02
5.13032065E-02  3.65215182E+00  1.16399499E-02
5.15972077E-02  3.68101382E+00  1.16689736E-02
5.18912088E-02  3.77773786E+00  1.24229267E-02
5.21852100E-02  3.80597901E+00  1.23929065E-02
5.24792112E-02  3.86001897E+00  1.25662554E-02
5.27732124E-02  3.92968965E+00  1.25798397E-02
5.30672136E-02  3.93484902E+00  1.32166054E-02
5.33612148E-02  3.95217252E+00  1.25338528E-02
5.36552159E-02  4.05114698E+00  1.20474137E-02
5.39492171E-02  4.08009481E+00  1.23517159E-02
5.42432183E-02  4.10832548E+00  1.27116479E-02
5.45372195E-02  4.20661974E+00  1.36769740E-02
5.48312207E-02  4.33624029E+00  1.33122001E-02
5.51252219E-02  4.32066536E+00  1.34003693E-02
5.54192230E-02  4.36222363E+00  1.35675669E-02
5.57132242E-02  4.47568369E+00  1.33202020E-02
5.60072254E-02  4.49971342E+00  1.42612755E-02
5.63012266E-02  4.57372427E+00  1.36832418E-02
5.65952278E-02  4.64177132E+00  1.42701827E-02
5.68892290E-02  4.70644903E+00  1.44324265E-02
5.71832301E-02  4.76159239E+00  1.43841179E-02
5.74772313E-02  4.88508463E+00  1.45535339E-02
5.77712325E-02  4.98442793E+00  1.46410270E-02
5.80652337E-02  4.98342562E+00  1.52791589E-02
5.83592349E-02  5.08810711E+00  1.55672021E-02
5.86532361E-02  5.15621042E+00  1.51313506E-02
5.89472372E-02  5.20795727E+00  1.54405283E-02
5.92412384E-02  5.28162336E+00  1.54164629E-02
5.95352396E-02  5.37953091E+00  1.53080570E-02
5.98292408E-02  5.48071289E+00  1.53678870E-02
6.01232420E-02  5.55584764E+00  1.58825684E-02
6.04172432E-02  5.59834433E+00  1.52751198E-02
6.07112443E-02  5.75496387E+00  1.59363318E-02
6.10052455E-02  5.81828642E+00  1.57068670E-02
6.12992467E-02  5.90491390E+00  1.60968918E-02
6.15932479E-02  5.97183084E+00  1.63326561E-02
6.18872491E-02  6.10839605E+00  1.60427839E-02
6.21812503E-02  6.15582180E+00  1.64378881E-02
6.24752514E-02  6.22763300E+00  1.58585478E-02
6.27692526E-02  6.25504732E+00  1.64053012E-02
6.30632538E-02  6.38384628E+00  1.65990610E-02
6.33572550E-02  6.47088242E+00  1.62754692E-02
6.36512562E-02  6.54920530E+00  1.58537272E-02
6.39452574E-02  6.63581467E+00  1.53715909E-02
6.42392585E-02  6.69896984E+00  1.59506127E-02
6.45332597E-02  6.75482035E+00  1.58240590E-02
6.48272609E-02  6.87790918E+00  1.55569809E-02
6.51212621E-02  6.93241215E+00  1.46074304E-02
6.54152633E-02  7.00708199E+00  1.58513971E-02
6.57092645E-02  7.11562252E+00  1.49432765E-02
6.60032656E-02  7.15964842E+00  1.61855631E-02
6.62972668E-02  7.22672129E+00  1.49944406E-02
6.65912680E-02  7.27871132E+00  1.49232531E-02
6.68852692E-02  7.42263746E+00  1.46965915E-02
6.71792704E-02  7.41423225E+00  1.47985928E-02
6.74732716E-02  7.51032400E+00  1.55676827E-02
6.77672727E-02  7.54137087E+00  1.50129246E-02
6.80612739E-02  7.66290951E+00  1.53968548E-02
6.83552751E-02  7.68267012E+00  1.58729982E-02
6.86492763E-02  7.75272369E+00  1.47965234E-02
6.89432775E-02  7.79978991E+00  1.61653180E-02
6.92372787E-02  7.86222124E+00  1.55627830E-02
6.95312798E-02  7.89929914E+00  1.56447906E-02
6.98252810E-02  8.01461315E+00  1.60254240E-02
7.01192822E-02  7.99655056E+00  1.60332657E-02
7.04132834E-02  8.15348530E+00  1.58763565E-02
7.07072846E-02  8.14571762E+00  1.60722993E-02
7.10012858E-02  8.23136711E+00  1.59719605E-02
7.12952869E-02  8.27248764E+00  1.64212268E-02
7.15892881E-02  8.38681602E+00  1.60321277E-02
7.18832893E-02  8.47392368E+00  1.64069328E-02
7.21772905E-02  8.47723961E+00  1.61098354E-02
7.24712917E-02  8.55924988E+00  1.62436776E-02
7.27652929E-02  8.58238792E+00  1.59782525E-02
7.30592940E-02  8.58186054E+00  1.50944535E-02
7.33532952E-02  8.68088722E+00  1.59658454E-02
7.36472964E-02  8.68274117E+00  1.49176335E-02
7.39412976E-02  8.66615009E+00  1.49578983E-02
7.42352988E-02  8.80228806E+00  1.58369057E-02
7.45293000E-02  8.82266426E+00  1.57642737E-02
7.48233011E-02  8.75706673E+00  1.51975201E-02
7.51173023E-02  8.75473690E+00  1.58071872E-02
7.54113035E-02  8.77691936E+00  1.60984099E-02
7.57053047E-02  8.73374748E+00  1.76092274E-02
7.59993059E-02  8.71454430E+00  1.84608363E-02
7.62933071E-02  8.66909218E+00  1.90242287E-02
7.65873082E-02  8.57096577E+00  2.04021335E-02
7.68813094E-02  8.39807987E+00  2.10244376E-02
7.71753106E-02  8.37773132E+00  2.30132882E-02
7.74693118E-02  8.26299095E+00  2.30916943E-02
7.77633130E-02  8.12392330E+00  2.43712850E-02
7.80573141E-02  8.03756714E+00  2.46299691E-02
7.83513153E-02  7.81235361E+00  2.48582847E-02
7.86453165E-02  7.67774439E+00  2.49013342E-02
7.89393177E-02  7.54910612E+00  2.57624052E-02
7.92333189E-02  7.22937965E+00  2.48012226E-02
7.95273201E-02  7.13613796E+00  2.46146489E-02
7.98213212E-02  6.93867207E+00  2.42360123E-02
8.01153224E-02  6.67550564E+00  2.29810085E-02
8.04093236E-02  6.41665030E+00  2.18499564E-02
8.07033248E-02  6.23518324E+00  2.09439788E-02
8.09973260E-02  6.02302313E+00  1.97611675E-02
8.12913272E-02  5.89332008E+00  1.93197858E-02
8.15853283E-02  5.62445688E+00  1.75977871E-02
8.18793295E-02  5.47071552E+00  1.73479263E-02
8.21733307E-02  5.30251503E+00  1.61290839E-02
8.24673319E-02  5.06606007E+00  1.46301650E-02
8.27613331E-02  5.00529289E+00  1.40062794E-02
8.30553343E-02  4.90180016E+00  1.32866604E-02
8.33493354E-02  4.67523289E+00  1.27700735E-02
8.36433366E-02  4.63637638E+00  1.16070053E-02
8.39373378E-02  4.51700592E+00  1.13503886E-02
8.42313390E-02  4.45241165E+00  1.11431004E-02
8.45253402E-02  4.35802317E+00  1.09184394E-02
8.48193414E-02  4.28774834E+00  1.05505260E-02
8.51133425E-02  4.24895144E+00  1.03021162E-02
8.54073437E-02  4.16023064E+00  1.03538362E-02
8.57013449E-02  4.12400484E+00  9.94354580E-03
8.59953461E-02  4.13833666E+00  9.62345675E-03
8.62893473E-02  4.03069830E+00  9.59827937E-03
8.65833485E-02  4.01946163E+00  9.11225379E-03
8.68773496E-02  3.97960544E+00  9.64643247E-03
8.71713508E-02  3.98471451E+00  9.37333796E-03
8.74653520E-02  3.94858909E+00  9.52476822E-03
8.77593532E-02  3.91302156E+00  9.11452621E-03
8.80533544E-02  3.89967370E+00  9.08777863E-03
8.83473556E-02  3.94529223E+00  9.29529965E-03
8.86413567E-02  3.87956381E+00  8.71344469E-03
8.89353579E-02  3.82916284E+00  8.89787823E-03
8.92293591E-02  3.82265854E+00  8.68470315E-03
8.95233603E-02  3.83887696E+00  8.99210200E-03
8.98173615E-02  3.81094337E+00  8.76699388E-03
9.01113627E-02  3.84168720E+00  9.01836064E-03
9.04053638E-02  3.80658078E+00  8.81573465E-03
9.06993650E-02  3.81054616E+00  8.91926605E-03
9.09933662E-02  3.78017569E+00  8.72872770E-03
9.12873674E-02  3.75351858E+00  8.76136683E-03
9.15813686E-02  3.80100441E+00  8.70387722E-03
9.18753698E-02  3.78170419E+00  8.95731244E-03
9.21693709E-02  3.77954769E+00  8.96433648E-03
9.24633721E-02  3.71947670E+00  8.35170876E-03
9.27573733E-02  3.75861907E+00  8.91578570E-03
9.30513745E-02  3.72815895E+00  8.68239999E-03
9.33453757E-02  3.74711442E+00  8.56007542E-03
9.36393769E-02  3.76342154E+00  8.61369632E-03
9.39333780E-02  3.73077130E+00  8.68908502E-03
9.42273792E-02  3.68533468E+00  8.50760844E-03
9.45213804E-02  3.71417999E+00  8.27772729E-03
9.48153816E-02  3.68370271E+00  8.32703151E-03
9.51093828E-02  3.68184423E+00  8.51678103E-03
9.54033840E-02  3.70040751E+00  8.14853329E-03
9.56973851E-02  3.66937828E+00  8.52236338E-03
9.59913863E-02  3.66556501E+00  8.40139855E-03
9.62853875E-02  3.69420695E+00  8.32310691E-03
9.65793887E-02  3.66649508E+00  8.11816659E-03
9.68733899E-02  3.65547800E+00  8.07586964E-03
9.71673911E-02  3.67297792E+00  8.58554989E-03
9.74613922E-02  3.68676996E+00  8.55834782E-03
9.77553934E-02  3.66832924E+00  8.65589641E-03
9.80493946E-02  3.67534971E+00  8.24681576E-03
9.83433958E-02  3.66367507E+00  8.46999604E-03
9.86373970E-02  3.66393328E+00  8.40219203E-03
9.89313982E-02  3.67689133E+00  8.14569276E-03
9.92253993E-02  3.71003199E+00  8.59320536E-03
9.95194005E-02  3.73219895E+00  8.39725696E-03
9.98134017E-02  3.69737983E+00  8.75169132E-03
1.00107403E-01  3.71862912E+00  8.22898466E-03
1.00401404E-01  3.72589135E+00  8.44458118E-03
1.00695405E-01  3.71020174E+00  8.67406931E-03
1.00989406E-01  3.72510266E+00  8.31945240E-03
1.01283408E-01  3.72585917E+00  8.14350881E-03
1.01577409E-01  3.76659703E+00  8.67880043E-03
1.01871410E-01  3.75339389E+00  8.34358390E-03
1.02165411E-01  3.74951935E+00  8.29173438E-03
1.02459412E-01  3.75162220E+00  8.32693093E-03
1.02753414E-01  3.74206996E+00  8.37894809E-03
1.03047415E-01  3.76923323E+00  8.36184621E-03
1.03341416E-01  3.79584050E+00  8.47022794E-03
1.03635417E-01  3.75801611E+00  8.26792046E-03
1.03929418E-01  3.78159499E+00  8.49490613E-03
1.04223419E-01  3.79062366E+00  8.41906946E-03
1.04517421E-01  3.81193042E+00  8.69998336E-03
1.04811422E-01  3.82804608E+00  8.69325828E-03
1.05105423E-01  3.84830999E+00  8.36389791E-03
1.05399424E-01  3.87466359E+00  8.19492526E-03
1.05693425E-01  3.86475039E+00  8.35274626E-03
1.05987427E-01  3.83615828E+00  8.31968710E-03
1.06281428E-01  3.87058640E+00  8.42735637E-03
1.06575429E-01  3.83002186E+00  8.08595773E-03
1.06869430E-01  3.85863090E+00  8.05585366E-03
1.07163431E-01  3.87984061E+00  8.50754511E-03
1.07457432E-01  3.89307141E+00  8.14010389E-03
1.07751434E-01  3.90295196E+00  8.04422144E-03
1.08045435E-01  3.92752647E+00  8.48015025E-03
1.08339436E-01  3.91724110E+00  8.40956997E-03
1.08633437E-01  3.91486287E+00  8.76216032E-03
1.08927438E-01  3.92649674E+00  8.59396253E-03
1.09221440E-01  3.93030286E+00  8.42841249E-03
1.09515441E-01  3.92137241E+00  8.26745853E-03
1.09809442E-01  3.97568941E+00  8.32346547E-03
1.10103443E-01  3.96250868E+00  8.09871685E-03
1.10397444E-01  3.95605159E+00  8.22280440E-03
1.10691445E-01  3.92405105E+00  8.37686192E-03
1.10985447E-01  3.99045587E+00  8.37642513E-03
1.11279448E-01  3.96586204E+00  8.77594668E-03
1.11573449E-01  3.95668745E+00  8.33209418E-03
1.11867450E-01  3.98080802E+00  8.06969125E-03
1.12161451E-01  3.99909759E+00  8.44489038E-03
1.12455453E-01  3.96194625E+00  7.95996655E-03
1.12749454E-01  3.96939325E+00  8.27713031E-03
1.13043455E-01  3.98599648E+00  8.23608600E-03
1.13337456E-01  3.95104694E+00  8.37962329E-03
1.13631457E-01  3.97155356E+00  8.24440736E-03
1.13925459E-01  3.99643564E+00  8.30726791E-03
1.14219460E-01  4.01592541E+00  8.37016292E-03
1.14513461E-01  3.98051190E+00  8.01777095E-03
1.14807462E-01  3.96739626E+00  8.11433978E-03
1.15101463E-01  3.99250841E+00  8.16259347E-03
1.15395464E-01  3.98221636E+00  8.05304572E-03
1.15689466E-01  3.97855783E+00  8.33758619E-03
1.15983467E-01  3.96964955E+00  8.03000852E-03
1.16277468E-01  3.93824840E+00  8.40928499E-03
1.16571469E-01  4.00188351E+00  8.11615586E-03
1.16865470E-01  3.97025347E+00  7.94727355E-03
1.17159472E-01  3.96630597E+00  8.15850962E-03
1.17453473E-01  3.94046831E+00  7.99871515E-03
1.17747474E-01  3.91897321E+00  8.30094423E-03
1.18041475E-01  3.93248248E+00  8.17339867E-03
1.18335476E-01  3.93186069E+00  8.17996543E-03
1.18629477E-01  3.96657324E+00  8.10973719E-03
1.18923479E-01  3.93880582E+00  7.90854637E-03
1.19217480E-01  3.92893529E+00  8.20990652E-03
1.19511481E-01  3.91935825E+00  8.06111377E-03
1.19805482E-01  3.90909219E+00  7.92495254E-03
1.20099483E-01  3.92958355E+00  8.21970589E-03
1.20393485E-01  3.93087339E+00  7.99444411E-03
1.20687486E-01  3.88236284E+00  7.97304697E-03
1.20981487E-01  3.92551208E+00  8.11133441E-03
1.21275488E-01  3.86970639E+00  7.84651376E-03
1.21569489E-01  3.91223979E+00  7.85820838E-03
1.21863490E-01  3.88932419E+00  7.64757441E-03
1.22157492E-01  3.90413117E+00  7.88775180E-03
1.22451493E-01  3.91524100E+00  7.63845444E-03
1.22745494E-01  3.91891718E+00  8.10625032E-03
1.23039495E-01  3.87667918E+00  7.94909988E-03
1.23333496E-01  3.90195775E+00  7.92106893E-03
1.23627498E-01  3.90290403E+00  7.96172395E-03
1.23921499E-01  3.90560293E+00  8.00764654E-03
1.24215500E-01  3.91013932E+00  7.99083710E-03
1.24509501E-01  3.97446084E+00  8.38625897E-03
1.24803502E-01  3.94071651E+00  8.07416160E-03
1.25097503E-01  3.91906762E+00  8.19835067E-03
1.25391505E-01  3.97357726E+00  8.18127859E-03
1.25685506E-01  3.97398257E+00  8.16527009E-03
1.25979507E-01  3.94692993E+00  8.36769585E-03
1.26273508E-01  3.96833229E+00  8.21612217E-03
1.26567509E-01  3.98938274E+00  8.35900102E-03
1.26861511E-01  3.97469020E+00  8.37030727E-03
1.27155512E-01  3.93583584E+00  8.12568981E-03
1.27449513E-01  3.99760985E+00  8.54730885E-03
1.27743514E-01  3.92793179E+00  8.31802748E-03
1.28037515E-01  3.98170877E+00  8.43487307E-03
1.28331516E-01  3.96380043E+00  8.54371674E-03
1.28625518E-01  3.92471600E+00  8.33249092E-03
1.28919519E-01  3.98874927E+00  8.73002317E-03
1.29213520E-01  3.90884280E+00  8.67028441E-03
1.29507521E-01  3.94921756E+00  8.68413690E-03
1.29801522E-01  3.91931319E+00  8.49542394E-03
1.30095524E-01  3.94225073E+00  8.42976943E-03
1.30389525E-01  3.89003825E+00  8.63237027E-03
1.30683526E-01  3.88860631E+00  8.87845084E-03
1.30977527E-01  3.89278865E+00  8.62251315E-03
1.31271528E-01  3.85743213E+00  8.82133655E-03
1.31565529E-01  3.83550811E+00  8.83695018E-03
1.31859531E-01  3.80266595E+00  8.44263565E-03
1.32153532E-01  3.77935934E+00  8.74184538E-03
1.32447533E-01  3.78088808E+00  8.65229592E-03
1.32741534E-01  3.74118614E+00  8.74675438E-03
1.33035535E-01  3.70209932E+00  8.93661380E-03
1.33329537E-01  3.68914247E+00  9.04853269E-03
1.33623538E-01  3.69113326E+00  8.67296010E-03
1.33917539E-01  3.62715149E+00  8.96598026E-03
1.34211540E-01  3.60922194E+00  9.00745578E-03
1.34505541E-01  3.55197930E+00  8.88376031E-03
1.34799543E-01  3.55823255E+00  8.33722390E-03
1.35093544E-01  3.45811272E+00  8.61676130E-03
1.35387545E-01  3.45440269E+00  8.57629627E-03
1.35681546E-01  3.46419048E+00  8.41484126E-03
1.35975547E-01  3.36184812E+00  8.27296637E-03
1.36269548E-01  3.33968377E+00  7.99562037E-03
1.36563550E-01  3.30222511E+00  8.09441879E-03
1.36857551E-01  3.28098011E+00  7.73497578E-03
1.37151552E-01  3.20815444E+00  7.91485328E-03
1.37445553E-01  3.20900035E+00  7.82030635E-03
1.37739554E-01  3.15732408E+00  7.53787486E-03
1.38033556E-01  3.13697410E+00  7.69944116E-03
1.38327557E-01  3.07405496E+00  7.35718757E-03
1.38621558E-01  3.03540826E+00  7.54462555E-03
1.38915559E-01  3.01153278E+00  7.24870898E-03
1.39209560E-01  2.98577213E+00  7.04332534E-03
1.39503561E-01  2.94507194E+00  7.21610617E-03
1.39797563E-01  2.94217110E+00  7.09303701E-03
1.40091564E-01  2.91564894E+00  7.04261335E-03
1.40385565E-01  2.86844850E+00  6.75930921E-03
1.40679566E-01  2.86218619E+00  6.90702675E-03
1.40973567E-01  2.83890414E+00  6.80914894E-03
1.41267569E-01  2.83218598E+00  6.61565177E-03
1.41561570E-01  2.76935768E+00  6.74523134E-03
1.41855571E-01  2.77700305E+00  6.90322416E-03
1.42149572E-01  2.76103377E+00  6.71657873E-03
1.42443573E-01  2.74802756E+00  6.39888225E-03
1.42737574E-01  2.73794484E+00  6.46507787E-03
1.43031576E-01  2.68594670E+00  6.38447516E-03
1.43325577E-01  2.67650938E+00  6.35030493E-03
1.43619578E-01  2.66671777E+00  6.32569706E-03
1.43913579E-01  2.68883872E+00  6.42148778E-03
1.44207580E-01  2.65858269E+00  6.24240143E-03
1.44501582E-01  2.66249490E+00  6.29414292E-03
1.44795583E-01  2.65270996E+00  6.31784089E-03
1.45089584E-01  2.62825680E+00  6.40934752E-03
1.45383585E-01  2.63518834E+00  6.20312290E-03
1.45677586E-01  2.58690119E+00  6.23203721E-03
1.45971587E-01  2.60769463E+00  6.37326902E-03
1.46265589E-01  2.61137366E+00  6.33624475E-03
1.46559590E-01  2.58528495E+00  6.30326895E-03
1.46853591E-01  2.58135629E+00  6.17689779E-03
1.47147592E-01  2.59048057E+00  6.47728564E-03
1.47441593E-01  2.58788681E+00  6.32481324E-03
1.47735595E-01  2.56549263E+00  6.08158158E-03
1.48029596E-01  2.52168751E+00  6.09877612E-03
1.48323597E-01  2.53721261E+00  6.08066143E-03
1.48617598E-01  2.53505492E+00  6.10061130E-03
1.48911599E-01  2.57362056E+00  6.16195099E-03
1.49205600E-01  2.52906680E+00  6.02076482E-03
1.49499602E-01  2.55404735E+00  6.22452423E-03
1.49793603E-01  2.49993944E+00  6.00125873E-03
1.50087604E-01  2.51054001E+00  6.20453898E-03
1.50381605E-01  2.47629786E+00  5.90155274E-03
1.50675606E-01  2.49437189E+00  5.93376998E-03
1.50969608E-01  2.50198913E+00  5.99733926E-03
1.51263609E-01  2.47722793E+00  5.90362214E-03
1.51557610E-01  2.46630478E+00  6.11284375E-03
1.51851611E-01  2.44861221E+00  6.05035061E-03
1.52145612E-01  2.45913982E+00  6.06042286E-03
1.52439614E-01  2.41820621E+00  5.89916296E-03
1.52733615E-01  2.40235877E+00  5.86030027E-03
1.53027616E-01  2.40846562E+00  6.13512192E-03
1.53321617E-01  2.38467526E+00  6.03914727E-03
1.53615618E-01  2.37723374E+00  5.99937979E-03
1.53909619E-01  2.35665560E+00  5.81132388E-03
1.54203621E-01  2.36913109E+00  5.98262856E-03
1.54497622E-01  2.30487776E+00  5.83671965E-03
1.54791623E-01  2.32330561E+00  5.74172614E-03
1.55085624E-01  2.29803801E+00  5.80196222E-03
1.55379625E-01  2.30506158E+00  5.89943631E-03
1.55673627E-01  2.25968266E+00  5.85496984E-03
1.55967628E-01  2.23530626E+00  5.76680154E-03
1.56261629E-01  2.22776556E+00  5.47571247E-03
1.56555630E-01  2.18935251E+00  5.65975904E-03
1.56849631E-01  2.19167328E+00  5.68849361E-03
1.57143632E-01  2.12488079E+00  5.60631789E-03
1.57437634E-01  2.11208344E+00  5.67729259E-03
1.57731635E-01  2.14538431E+00  5.53816603E-03
1.58025636E-01  2.09240031E+00  5.56706265E-03
1.58319637E-01  2.10387325E+00  5.52600715E-03
1.58613638E-01  2.07000208E+00  5.64499944E-03
1.58907640E-01  2.04373717E+00  5.49741276E-03
1.59201641E-01  2.05512619E+00  5.23721334E-03
1.59495642E-01  2.00032473E+00  5.33965277E-03
1.59789643E-01  1.99847376E+00  5.19059459E-03
1.60083644E-01  1.98995519E+00  5.52224228E-03
1.60377645E-01  1.97208524E+00  5.24267275E-03
1.60671647E-01  1.93324149E+00  5.20798378E-03
1.60965648E-01  1.93201268E+00  5.28997788E-03
1.61259649E-01  1.90560687E+00  5.16329706E-03
1.61553650E-01  1.90202069E+00  5.20420773E-03
1.61847651E-01  1.86819720E+00  5.19337784E-03
1.62141653E-01  1.86087060E+00  5.09334868E-03
1.62435654E-01  1.85220516E+00  5.03068278E-03
1.62729655E-01  1.86656570E+00  4.98557184E-03
1.63023656E-01  1.82001173E+00  4.99144243E-03
1.63317657E-01  1.80630386E+00  4.98257298E-03
1.63611658E-01  1.78712201E+00  4.90914611E-03
1.63905660E-01  1.77424169E+00  4.87095444E-03
1.64199661E-01  1.76710403E+00  4.89258021E-03
1.64493662E-01  1.74523616E+00  4.88576526E-03
1.64787663E-01  1.73572147E+00  4.74320445E-03
1.65081664E-01  1.75407386E+00  4.91670705E-03
1.65375666E-01  1.71875536E+00  4.69912263E-03
1.65669667E-01  1.71023452E+00  4.67877183E-03
1.65963668E-01  1.71732581E+00  4.80534229E-03
1.66257669E-01  1.69921100E+00  4.69190301E-03
1.66551670E-01  1.68084788E+00  4.68880730E-03
1.66845671E-01  1.68071067E+00  4.71544405E-03
1.67139673E-01  1.65350819E+00  4.53192089E-03
1.67433674E-01  1.65836990E+00  4.71726758E-03
1.67727675E-01  1.64976454E+00  4.61290637E-03
1.68021676E-01  1.61239612E+00  4.58144769E-03
1.68315677E-01  1.63803577E+00  4.62585269E-03
1.68609679E-01  1.62673390E+00  4.52957908E-03
1.68903680E-01  1.61144948E+00  4.53189807E-03
1.69197681E-01  1.59329689E+00  4.61241230E-03
1.69491682E-01  1.59386754E+00  4.54956992E-03
1.69785683E-01  1.57729721E+00  4.46225284E-03
1.70079685E-01  1.56248260E+00  4.48819576E-03
1.70373686E-01  1.57707143E+00  4.54139477E-03
1.70667687E-01  1.55345869E+00  4.36225720E-03
1.70961688E-01  1.53083932E+00  4.45531355E-03
1.71255689E-01  1.54863310E+00  4.33959952E-03
1.71549690E-01  1.51408803E+00  4.42076800E-03
1.71843692E-01  1.51033044E+00  4.29904368E-03
1.72137693E-01  1.50451398E+00  4.39059641E-03
1.72431694E-01  1.49999857E+00  4.38805670E-03
1.72725695E-01  1.48319650E+00  4.21357434E-03
1.73019696E-01  1.49425876E+00  4.36909264E-03
1.73313698E-01  1.49531114E+00  4.30177012E-03
1.73607699E-01  1.49247587E+00  4.30164905E-03
1.73901700E-01  1.45855260E+00  4.18072660E-03
1.74195701E-01  1.45392764E+00  4.18482535E-03
1.74489702E-01  1.42484236E+00  4.34337975E-03
1.74783703E-01  1.41878402E+00  4.13853722E-03
1.75077705E-01  1.43395138E+00  4.22168663E-03
1.75371706E-01  1.40279758E+00  4.07270156E-03
1.75665707E-01  1.41348696E+00  4.14720504E-03
1.75959708E-01  1.37806869E+00  4.21301788E-03
1.76253709E-01  1.38866329E+00  4.02274029E-03
1.76547711E-01  1.39500892E+00  4.11881693E-03
1.76841712E-01  1.38225365E+00  4.05230932E-03
1.77135713E-01  1.38485777E+00  4.13082214E-03
1.77429714E-01  1.37511456E+00  4.11087647E-03
1.77723715E-01  1.35006392E+00  3.99567746E-03
1.78017716E-01  1.35533655E+00  4.01438819E-03
1.78311718E-01  1.34663379E+00  4.07652464E-03
1.78605719E-01  1.35010457E+00  4.10110550E-03
1.78899720E-01  1.33248734E+00  4.07915004E-03
1.79193721E-01  1.29780769E+00  3.96693265E-03
1.79487722E-01  1.31923068E+00  3.96660110E-03
1.79781724E-01  1.30030799E+00  3.90362879E-03
1.80075725E-01  1.28575182E+00  4.02279710E-03
1.80369726E-01  1.27093565E+00  3.97626776E-03
1.80663727E-01  1.27417433E+00  3.88362445E-03
1.80957728E-01  1.26738429E+00  3.96906864E-03
1.81251729E-01  1.24309361E+00  4.06029075E-03
1.81545731E-01  1.26969016E+00  3.92682292E-03
1.81839732E-01  1.25167608E+00  3.75764258E-03
1.82133733E-01  1.24512649E+00  3.85214132E-03
1.82427734E-01  1.23487759E+00  3.84724932E-03
1.82721735E-01  1.23475218E+00  3.84949194E-03
1.83015737E-01  1.21295071E+00  3.79937096E-03
1.83309738E-01  1.20591927E+00  3.68888304E-03
1.83603739E-01  1.22520304E+00  3.88839678E-03
1.83897740E-01  1.20169353E+00  3.83481127E-03
1.84191741E-01  1.18227887E+00  3.78105510E-03
1.84485742E-01  1.19581366E+00  3.79998959E-03
1.84779744E-01  1.17161644E+00  3.81138036E-03
1.85073745E-01  1.17141545E+00  3.69253359E-03
1.85367746E-01  1.17469597E+00  3.66874621E-03
1.85661747E-01  1.15730560E+00  3.79573368E-03
1.85955748E-01  1.14102745E+00  3.61851091E-03
1.86249750E-01  1.13210630E+00  3.61241912E-03
1.86543751E-01  1.13050544E+00  3.62278428E-03
1.86837752E-01  1.10796952E+00  3.59899295E-03
1.87131753E-01  1.10956168E+00  3.57173430E-03
1.87425754E-01  1.11492658E+00  3.65739805E-03
1.87719755E-01  1.11452961E+00  3.64603451E-03
1.88013757E-01  1.11350155E+00  3.69372824E-03
1.88307758E-01  1.09444880E+00  3.57520464E-03
1.88601759E-01  1.08707941E+00  3.59504437E-03
1.88895760E-01  1.08737528E+00  3.61322588E-03
1.89189761E-01  1.08271921E+00  3.55606899E-03
1.89483763E-01  1.05434585E+00  3.62473098E-03
1.89777764E-01  1.05947030E+00  3.47244926E-03
1.90071765E-01  1.03435194E+00  3.49435979E-03
1.90365766E-01  1.04895234E+00  3.42734996E-03
1.90659767E-01  1.03832722E+00  3.51661025E-03
1.90953769E-01  1.05082119E+00  3.47471540E-03
1.91247770E-01  1.03251064E+00  3.45342420E-03
1.91541771E-01  1.02900016E+00  3.38360318E-03
1.91835772E-01  1.02534783E+00  3.39754787E-03
1.92129773E-01  1.02024174E+00  3.41555127E-03
1.92423774E-01  1.00259650E+00  3.35799949E-03
1.92717776E-01  9.99606192E-01  3.41444789E-03
1.93011777E-01  9.89895344E-01  3.32857878E-03
1.93305778E-01  9.95212317E-01  3.34174349E-03
1.93599779E-01  9.91597831E-01  3.38937528E-03
1.93893780E-01  9.92434740E-01  3.37223033E-03
1.94187782E-01  9.77656782E-01  3.30524333E-03
1.94481783E-01  9.73062813E-01  3.28985788E-03
1.94775784E-01  9.53698695E-01  3.25862365E-03
1.95069785E-01  9.55991924E-01  3.29205720E-03
1.95363786E-01  9.48847890E-01  3.24765313E-03
1.95657787E-01  9.34361875E-01  3.24860588E-03
1.95951789E-01  9.33162034E-01  3.26361484E-03
1.96245790E-01  9.42412257E-01  3.26803420E-03
1.96539791E-01  9.34019446E-01  3.17164743E-03
1.96833792E-01  9.14932787E-01  3.15634999E-03
1.97127793E-01  9.13886011E-01  3.13141686E-03
1.97421795E-01  9.10696030E-01  3.08372872E-03
1.97715796E-01  9.09824073E-01  3.08464142E-03
1.98009797E-01  8.89239967E-01  3.18990415E-03
1.98303798E-01  9.02034223E-01  3.20308493E-03
1.98597799E-01  8.89603257E-01  3.04897595E-03
1.98891800E-01  8.92099559E-01  3.17704375E-03
1.99185802E-01  8.69185209E-01  2.98369280E-03
1.99479803E-01  8.77672076E-01  3.18217906E-03
1.99773804E-01  8.49254251E-01  3.06462450E-03
2.00067805E-01  8.55828822E-01  3.07262805E-03
2.00361806E-01  8.48545909E-01  3.04582971E-03
2.00655808E-01  8.44602466E-01  2.99428147E-03
2.00949809E-01  8.38721693E-01  3.01283249E-03
2.01243810E-01  8.35703135E-01  2.96425633E-03
2.01537811E-01  8.17556560E-01  2.96144397E-03
2.01831812E-01  8.13176394E-01  2.91719683E-03
2.02125813E-01  8.10073316E-01  2.93589407E-03
2.02419815E-01  8.11449289E-01  2.93973763E-03
2.02713816E-01  7.99637079E-01  2.90561351E-03
2.03007817E-01  7.79251933E-01  2.95908889E-03
2.03301818E-01  7.85646379E-01  2.98128556E-03
2.03595819E-01  7.90363014E-01  2.89416336E-03
2.03889821E-01  7.78171122E-01  2.82025174E-03
2.04183822E-01  7.73810387E-01  2.82050809E-03
2.04477823E-01  7.51047730E-01  2.85304757E-03
2.04771824E-01  7.53326178E-01  2.87935021E-03
2.05065825E-01  7.56418586E-01  2.80370936E-03
2.05359826E-01  7.37406850E-01  2.79996148E-03
2.05653828E-01  7.41545796E-01  2.80471914E-03
2.05947829E-01  7.31534123E-01  2.75351247E-03
2.06241830E-01  7.25746095E-01  2.79322150E-03
2.06535831E-01  7.37406552E-01  2.76518380E-03
2.06829832E-01  7.16745675E-01  2.66534672E-03
2.07123834E-01  7.07437515E-01  2.72182911E-03
2.07417835E-01  7.02802837E-01  2.73167319E-03
2.07711836E-01  6.91209435E-01  2.72952323E-03
2.08005837E-01  6.87462389E-01  2.70989444E-03
2.08299838E-01  6.99787855E-01  2.74528749E-03
2.08593840E-01  6.83063686E-01  2.65889848E-03
2.08887841E-01  6.76292598E-01  2.59707076E-03
2.09181842E-01  6.63099468E-01  2.57282332E-03
2.09475843E-01  6.59692585E-01  2.66352831E-03
2.09769844E-01  6.64878488E-01  2.64749769E-03
2.10063845E-01  6.54686272E-01  2.57726014E-03
2.10357847E-01  6.47572994E-01  2.60089757E-03
2.10651848E-01  6.39725387E-01  2.54429295E-03
2.10945849E-01  6.47097766E-01  2.54670391E-03
2.11239850E-01  6.38556540E-01  2.51353788E-03
2.11533851E-01  6.32448435E-01  2.58073700E-03
2.11827853E-01  6.27358317E-01  2.47717439E-03
2.12121854E-01  6.28830969E-01  2.43081735E-03
2.12415855E-01  6.23282433E-01  2.54758354E-03
2.12709856E-01  6.11541569E-01  2.47639371E-03
2.13003857E-01  6.16597354E-01  2.51960754E-03
2.13297858E-01  6.03489578E-01  2.42623850E-03
2.13591860E-01  5.99827170E-01  2.42371112E-03
2.13885861E-01  5.99036992E-01  2.49636592E-03
2.14179862E-01  5.95196009E-01  2.43961182E-03
2.14473863E-01  5.94492555E-01  2.42309365E-03
2.14767864E-01  5.90206921E-01  2.40441714E-03
2.15061866E-01  5.85141957E-01  2.41590384E-03
2.15355867E-01  5.76973081E-01  2.38938862E-03
2.15649868E-01  5.76325774E-01  2.34621554E-03
2.15943869E-01  5.68785191E-01  2.35724077E-03
2.16237870E-01  5.65365851E-01  2.36316933E-03
2.16531871E-01  5.76754928E-01  2.33005593E-03
2.16825873E-01  5.50300181E-01  2.36131949E-03
2.17119874E-01  5.64794600E-01  2.33262917E-03
2.17413875E-01  5.58224738E-01  2.34285812E-03
2.17707876E-01  5.54451942E-01  2.36165617E-03
2.18001877E-01  5.54133236E-01  2.29301071E-03
2.18295879E-01  5.50520778E-01  2.33306084E-03
2.18589880E-01  5.47026098E-01  2.33504153E-03
2.18883881E-01  5.35892725E-01  2.31914828E-03
2.19177882E-01  5.40072143E-01  2.30845925E-03
2.19471883E-01  5.49681902E-01  2.31227232E-03
2.19765884E-01  5.28922677E-01  2.32398487E-03
2.20059886E-01  5.30397892E-01  2.34053563E-03
2.20353887E-01  5.24704993E-01  2.26919586E-03
2.20647888E-01  5.40497243E-01  2.26655602E-03
2.20941889E-01  5.11562347E-01  2.23639794E-03
2.21235890E-01  5.24964809E-01  2.21464760E-03
2.21529892E-01  5.11852503E-01  2.16970127E-03
2.21823893E-01  5.15144408E-01  2.23799585E-03
2.22117894E-01  5.05579829E-01  2.17739400E-03
2.22411895E-01  5.13763785E-01  2.23188451E-03
2.22705896E-01  5.12501001E-01  2.27456936E-03
2.22999897E-01  5.06496608E-01  2.23272690E-03
2.23293899E-01  5.09912193E-01  2.24055653E-03
2.23587900E-01  5.10159135E-01  2.23276601E-03
2.23881901E-01  4.92599547E-01  2.16353894E-03
2.24175902E-01  4.93058830E-01  2.10072799E-03
2.24469903E-01  4.90210354E-01  2.14695325E-03
2.24763905E-01  4.94169921E-01  2.18482292E-03
2.25057906E-01  4.87068892E-01  2.18550046E-03
2.25351907E-01  4.92740184E-01  2.18980806E-03
2.25645908E-01  4.82890517E-01  2.13292986E-03
2.25939909E-01  4.79361683E-01  2.14643148E-03
2.26233911E-01  4.70890284E-01  2.14657909E-03
2.26527912E-01  4.75565016E-01  2.20324332E-03
2.26821913E-01  4.73192632E-01  2.14083609E-03
2.27115914E-01  4.58722800E-01  2.09024618E-03
2.27409915E-01  4.60717291E-01  2.13635969E-03
2.27703916E-01  4.66836423E-01  2.10505957E-03
2.27997918E-01  4.57296073E-01  2.05422519E-03
2.28291919E-01  4.57038552E-01  2.06614938E-03
2.28585920E-01  4.63192910E-01  2.09982903E-03
2.28879921E-01  4.65826362E-01  2.05459748E-03
2.29173922E-01  4.50236738E-01  2.05745827E-03
2.29467924E-01  4.62954879E-01  2.06297915E-03
2.29761925E-01  4.38473493E-01  2.00039777E-03
2.30055926E-01  4.37726021E-01  2.02188618E-03
2.30349927E-01  4.37171370E-01  2.00407673E-03
2.30643928E-01  4.36177433E-01  1.99635886E-03
2.30937929E-01  4.36433792E-01  1.99292460E-03
2.31231931E-01  4.30200785E-01  2.00353423E-03
2.31525932E-01  4.32308406E-01  2.02351250E-03
2.31819933E-01  4.13576007E-01  1.93690357E-03
2.32113934E-01  4.33192015E-01  2.01975857E-03
2.32407935E-01  4.18751270E-01  1.98865705E-03
2.32701937E-01  4.15998459E-01  1.98280532E-03
2.32995938E-01  4.20738757E-01  1.96573371E-03
2.33289939E-01  4.09203380E-01  1.95804262E-03
2.33583940E-01  4.17697102E-01  1.94880180E-03
2.33877941E-01  4.13339168E-01  1.97726721E-03
2.34171942E-01  4.07629132E-01  1.95841864E-03
2.34465944E-01  4.05496687E-01  1.88860635E-03
2.34759945E-01  4.05342877E-01  1.92095374E-03
2.35053946E-01  4.06578958E-01  1.88878400E-03
2.35347947E-01  3.96769702E-01  1.88440864E-03
2.35641948E-01  3.95896316E-01  1.88353925E-03
2.35935950E-01  3.89490575E-01  1.84051658E-03
2.36229951E-01  3.85965973E-01  1.84463558E-03
2.36523952E-01  3.79657298E-01  1.86759152E-03
2.36817953E-01  3.83618206E-01  1.86324143E-03
2.37111954E-01  3.81611139E-01  1.85829739E-03
2.37405955E-01  3.74743581E-01  1.83897372E-03
2.37699957E-01  3.77898574E-01  1.85084622E-03
2.37993958E-01  3.75583261E-01  1.80387951E-03
2.38287959E-01  3.77740294E-01  1.86105573E-03
2.38581960E-01  3.78736436E-01  1.85609621E-03
2.38875961E-01  3.74996185E-01  1.86669745E-03
2.39169963E-01  3.62453759E-01  1.81775226E-03
2.39463964E-01  3.56538713E-01  1.76255149E-03
2.39757965E-01  3.70228291E-01  1.81753677E-03
2.40051966E-01  3.58542591E-01  1.83097157E-03
2.40345967E-01  3.52359086E-01  1.77801750E-03
2.40639968E-01  3.55624080E-01  1.79085426E-03
2.40933970E-01  3.61205339E-01  1.78792037E-03
2.41227971E-01  3.58517081E-01  1.82964152E-03
2.41521972E-01  3.55412275E-01  1.78509962E-03
2.41815973E-01  3.52208495E-01  1.76730112E-03
2.42109974E-01  3.53000313E-01  1.79403462E-03
2.42403976E-01  3.48366946E-01  1.73698762E-03
2.42697977E-01  3.47874939E-01  1.75738567E-03
2.42991978E-01  3.43044907E-01  1.75738742E-03
2.43285979E-01  3.39156866E-01  1.71572866E-03
2.43579980E-01  3.41626555E-01  1.73014391E-03
2.43873981E-01  3.45236689E-01  1.74962974E-03
2.44167983E-01  3.38880897E-01  1.70083262E-03
2.44461984E-01  3.31140012E-01  1.73732056E-03
2.44755985E-01  3.41513604E-01  1.78464002E-03
2.45049986E-01  3.43635172E-01  1.72905624E-03
2.45343987E-01  3.35938454E-01  1.73555268E-03
2.45637989E-01  3.37014258E-01  1.71230745E-03
2.45931990E-01  3.37166637E-01  1.76337047E-03
2.46225991E-01  3.30778927E-01  1.65330607E-03
2.46519992E-01  3.29060078E-01  1.68356928E-03
2.46813993E-01  3.34259629E-01  1.69033383E-03
2.47107995E-01  3.27328831E-01  1.64991897E-03
2.47401996E-01  3.25939983E-01  1.68707129E-03
2.47695997E-01  3.27695489E-01  1.70939649E-03
2.47989998E-01  3.24446440E-01  1.69806334E-03
2.48283999E-01  3.22781801E-01  1.71934918E-03
2.48578000E-01  3.31058323E-01  1.67742348E-03
2.48872002E-01  3.25854480E-01  1.70699193E-03
2.49166003E-01  3.21813345E-01  1.67642231E-03
2.49460004E-01  3.25911194E-01  1.66707428E-03
2.49754005E-01  3.20960552E-01  1.64703140E-03
2.50048006E-01  3.22381318E-01  1.67495129E-03
2.50342008E-01  3.16412896E-01  1.67448120E-03
2.50636009E-01  3.14568192E-01  1.65065215E-03
2.50930010E-01  3.19162458E-01  1.63696823E-03
2.51224011E-01  3.10036123E-01  1.64835423E-03
2.51518012E-01  3.21761191E-01  1.65421527E-03
2.51812013E-01  3.06897193E-01  1.59385323E-03
2.52106015E-01  3.15426648E-01  1.60891516E-03
2.52400016E-01  3.12854141E-01  1.66333711E-03
2.52694017E-01  3.12020540E-01  1.63325982E-03
2.52988018E-01  3.09874922E-01  1.64603465E-03
2.53282019E-01  3.14986497E-01  1.66054245E-03
2.53576021E-01  3.09649616E-01  1.61145080E-03
2.53870022E-01  3.06180239E-01  1.64741138E-03
2.54164023E-01  3.05758029E-01  1.66113873E-03
2.54458024E-01  3.07363540E-01  1.65857328E-03
2.54752025E-01  3.05849224E-01  1.65249081E-03
2.55046026E-01  3.02706748E-01  1.63521676E-03
2.55340028E-01  3.13549399E-01  1.65662356E-03
2.55634029E-01  3.04989845E-01  1.63295667E-03
2.55928030E-01  3.07561040E-01  1.62375171E-03
2.56222031E-01  3.02925020E-01  1.61972118E-03
2.56516032E-01  3.09607714E-01  1.58608484E-03
2.56810034E-01  3.00502568E-01  1.66400638E-03
2.57104035E-01  3.03541481E-01  1.60921423E-03
2.57398036E-01  3.02991092E-01  1.64032343E-03
2.57692037E-01  3.01104486E-01  1.66687905E-03
2.57986038E-01  3.11061770E-01  1.59884233E-03
2.58280039E-01  3.05079967E-01  1.61921803E-03
2.58574041E-01  2.92862386E-01  1.58707763E-03
2.58868042E-01  2.95120478E-01  1.64616178E-03
2.59162043E-01  3.02354723E-01  1.61157735E-03
2.59456044E-01  2.98303396E-01  1.58287771E-03
2.59750045E-01  2.98805445E-01  1.61188806E-03
2.60044047E-01  3.01835299E-01  1.61769229E-03
2.60338048E-01  2.95800745E-01  1.59142748E-03
2.60632049E-01  2.97916681E-01  1.61100109E-03
2.60926050E-01  3.04228812E-01  1.58510508E-03
2.61220051E-01  2.97772914E-01  1.60832924E-03
2.61514052E-01  2.99057692E-01  1.55636389E-03
2.61808054E-01  2.94140130E-01  1.56061398E-03
2.62102055E-01  3.03157061E-01  1.65489689E-03
2.62396056E-01  3.05479974E-01  1.61526329E-03
2.62690057E-01  3.01628023E-01  1.62812241E-03
2.62984058E-01  2.99467295E-01  1.59891555E-03
2.63278060E-01  3.04482132E-01  1.62952032E-03
2.63572061E-01  3.00945848E-01  1.59941928E-03
2.63866062E-01  2.93419808E-01  1.56347675E-03
2.64160063E-01  2.94184864E-01  1.57874322E-03
2.64454064E-01  3.00671667E-01  1.57623191E-03
2.64748066E-01  2.99199045E-01  1.57249009E-03
2.65042067E-01  2.99444407E-01  1.56829902E-03
2.65336068E-01  2.99228340E-01  1.61129702E-03
2.65630069E-01  3.00507694E-01  1.57375273E-03
2.65924070E-01  2.91301996E-01  1.57540326E-03
2.66218071E-01  2.97442913E-01  1.59797817E-03
2.66512073E-01  2.97003329E-01  1.59875804E-03
2.66806074E-01  2.99412996E-01  1.59050850E-03
2.67100075E-01  3.00034285E-01  1.57765241E-03
2.67394076E-01  2.96628088E-01  1.55325921E-03
2.67688077E-01  2.93023497E-01  1.55753084E-03
2.67982079E-01  2.97867298E-01  1.54553819E-03
2.68276080E-01  2.96140224E-01  1.59025670E-03
2.68570081E-01  2.97454029E-01  1.56145543E-03
2.68864082E-01  2.90709704E-01  1.55973877E-03
2.69158083E-01  2.94516712E-01  1.57562084E-03
2.69452084E-01  2.93744802E-01  1.55097246E-03
2.69746086E-01  2.99837202E-01  1.57251733E-03
2.70040087E-01  2.96666116E-01  1.54151779E-03
2.70334088E-01  2.97271073E-01  1.54269871E-03
2.70628089E-01  2.96816647E-01  1.59216812E-03
2.70922090E-01  2.96924770E-01  1.51956803E-03
2.71216092E-01  2.95741528E-01  1.52991491E-03
2.71510093E-01  2.93730289E-01  1.59196160E-03
2.71804094E-01  2.93570489E-01  1.56109361E-03
2.72098095E-01  2.90027738E-01  1.52812421E-03
2.72392096E-01  2.92232424E-01  1.55474560E-03
2.72686097E-01  2.95046240E-01  1.56160397E-03
2.72980099E-01  2.88965553E-01  1.54570281E-03
2.73274100E-01  2.94233799E-01  1.55116385E-03
2.73568101E-01  2.92529047E-01  1.57353794E-03
2.73862102E-01  2.92169303E-01  1.54300686E-03
2.74156103E-01  2.96689659E-01  1.55061076E-03
2.74450105E-01  2.97872126E-01  1.53719157E-03
2.74744106E-01  2.90648222E-01  1.53642264E-03
2.75038107E-01  3.02366912E-01  1.61297549E-03
2.75332108E-01  2.88026065E-01  1.58519961E-03
2.75626109E-01  2.97001064E-01  1.53849332E-03
2.75920110E-01  2.96288818E-01  1.53615198E-03
2.76214112E-01  2.91833967E-01  1.53747795E-03
2.76508113E-01  2.97231376E-01  1.56057510E-03
2.76802114E-01  2.95200348E-01  1.54452596E-03
2.77096115E-01  2.94833511E-01  1.52829988E-03
2.77390116E-01  2.96895653E-01  1.54207507E-03
2.77684118E-01  2.99344599E-01  1.54933613E-03
2.77978119E-01  2.89395362E-01  1.53759262E-03
2.78272120E-01  2.94324249E-01  1.56443764E-03
2.78566121E-01  2.98013508E-01  1.58638833E-03
2.78860122E-01  2.97838271E-01  1.53139303E-03
2.79154123E-01  2.95752347E-01  1.54226460E-03
2.79448125E-01  2.90170312E-01  1.52553036E-03
2.79742126E-01  2.95343161E-01  1.55577494E-03
2.80036127E-01  2.91805595E-01  1.53598539E-03
2.80330128E-01  2.93431044E-01  1.52207026E-03
2.80624129E-01  2.92457253E-01  1.53918914E-03
2.80918131E-01  2.99251735E-01  1.52176316E-03
2.81212132E-01  2.90246278E-01  1.53733848E-03
2.81506133E-01  2.95173198E-01  1.51676615E-03
2.81800134E-01  2.99958199E-01  1.55812176E-03
2.82094135E-01  2.95936614E-01  1.53005670E-03
2.82388137E-01  2.94222414E-01  1.52117969E-03
2.82682138E-01  2.90507883E-01  1.50327676E-03
2.82976139E-01  2.97268093E-01  1.52312580E-03
2.83270140E-01  2.97475159E-01  1.52376189E-03
2.83564141E-01  2.93857694E-01  1.51135167E-03
2.83858142E-01  2.94364035E-01  1.50718889E-03
2.84152144E-01  2.86272705E-01  1.49434293E-03
2.84446145E-01  2.95545548E-01  1.53529400E-03
2.84740146E-01  2.88950861E-01  1.50165940E-03
2.85034147E-01  2.98798889E-01  1.53920066E-03
2.85328148E-01  2.92346001E-01  1.50853861E-03
2.85622150E-01  2.99989879E-01  1.53319538E-03
2.85916151E-01  2.94207454E-01  1.50474324E-03
2.86210152E-01  2.96616137E-01  1.53133506E-03
2.86504153E-01  3.01223606E-01  1.52917556E-03
2.86798154E-01  2.94624448E-01  1.53544277E-03
2.87092155E-01  2.92122781E-01  1.53777772E-03
2.87386157E-01  2.97779500E-01  1.52570440E-03
2.87680158E-01  2.96516478E-01  1.54197251E-03
2.87974159E-01  2.98132867E-01  1.52928033E-03
2.88268160E-01  3.01876277E-01  1.60390360E-03
2.88562161E-01  3.00696731E-01  1.58236048E-03
2.88856163E-01  2.92856187E-01  1.60022383E-03
2.89150164E-01  2.98592150E-01  1.65369164E-03
2.89444165E-01  2.90711105E-01  1.60860829E-03
2.89738166E-01  2.97091514E-01  1.55033451E-03
2.90032167E-01  3.00805241E-01  1.65065413E-03
2.90326168E-01  3.05098534E-01  1.66674622E-03
2.90620170E-01  3.03994060E-01  1.63930864E-03
2.90914171E-01  3.01397324E-01  1.65212934E-03
2.91208172E-01  2.93546855E-01  1.65989751E-03
2.91502173E-01  2.91060299E-01  1.65807828E-03
2.91796174E-01  2.97952473E-01  1.67089037E-03
2.92090176E-01  3.06547552E-01  1.70035451E-03
2.92384177E-01  2.97864735E-01  1.67474954E-03
2.92678178E-01  2.94459194E-01  1.69539684E-03
2.92972179E-01  2.95589864E-01  1.69871643E-03
2.93266180E-01  3.04482907E-01  1.67453079E-03
2.93560181E-01  3.04304391E-01  1.73987995E-03
2.93854183E-01  2.94496953E-01  1.73208944E-03
2.94148184E-01  3.00862402E-01  1.70910975E-03
2.94442185E-01  2.97655672E-01  1.67279970E-03
2.94736186E-01  3.04853529E-01  1.75939838E-03
2.95030187E-01  2.96271443E-01  1.68266473E-03
2.95324189E-01  2.99779028E-01  1.70734525E-03
2.95618190E-01  3.02223891E-01  1.72765192E-03
2.95912191E-01  2.92453527E-01  1.69714668E-03
2.96206192E-01  2.97882676E-01  1.73472578E-03
2.96500193E-01  2.93778926E-01  1.69932679E-03
2.96794194E-01  3.01610112E-01  1.69314363E-03
2.97088196E-01  3.04942012E-01  1.69038423E-03
2.97382197E-01  2.87749380E-01  1.65992824E-03
2.97676198E-01  2.95643359E-01  1.68668793E-03
2.97970199E-01  2.99916357E-01  1.66476332E-03
2.98264200E-01  2.95241833E-01  1.64587318E-03
2.98558202E-01  2.97705382E-01  1.64472882E-03
2.98852203E-01  2.97804236E-01  1.64627854E-03
2.99146204E-01  3.00928771E-01  1.68446149E-03
2.99440205E-01  2.95204848E-01  1.63453817E-03
2.99734206E-01  2.95807034E-01  1.68389769E-03
3.00028207E-01  2.89285481E-01  1.61279854E-03
3.00322209E-01  2.99508661E-01  1.65065716E-03
3.00616210E-01  3.08270931E-01  1.67647214E-03
3.00910211E-01  3.01596999E-01  1.66352314E-03
3.01204212E-01  3.03140759E-01  1.67121494E-03
3.01498213E-01  2.98620492E-01  1.61925820E-03
3.01792215E-01  2.97486812E-01  1.62546174E-03
3.02086216E-01  3.06613952E-01  1.66162720E-03
3.02380217E-01  2.97822118E-01  1.64948474E-03
3.02674218E-01  2.96319276E-01  1.67662615E-03
3.02968219E-01  2.91487902E-01  1.64421310E-03
3.03262221E-01  3.08003515E-01  1.65964419E-03
3.03556222E-01  2.97258109E-01  1.64819090E-03
3.03850223E-01  2.97286183E-01  1.62060931E-03
3.04144224E-01  2.96941489E-01  1.63190684E-03
3.04438225E-01  2.96102166E-01  1.62174518E-03
3.04732226E-01  2.94817477E-01  1.62081828E-03
3.05026228E-01  2.97767073E-01  1.63671060E-03
3.05320229E-01  2.98719019E-01  1.64024089E-03
3.05614230E-01  2.97093570E-01  1.65248022E-03
3.05908231E-01  3.06473613E-01  1.68173236E-03
3.06202232E-01  2.94954389E-01  1.58573349E-03
3.06496234E-01  2.96735585E-01  1.63683807E-03
3.06790235E-01  2.94546723E-01  1.62420445E-03
3.07084236E-01  2.92910665E-01  1.60352478E-03
3.07378237E-01  2.94888049E-01  1.63586601E-03
3.07672238E-01  3.02267432E-01  1.64195476E-03
3.07966239E-01  2.94484347E-01  1.58471265E-03
3.08260241E-01  2.99794585E-01  1.63039274E-03
3.08554242E-01  2.93166280E-01  1.61094463E-03
3.08848243E-01  2.93323636E-01  1.61617331E-03
3.09142244E-01  2.97404796E-01  1.66922447E-03
3.09436245E-01  2.97646791E-01  1.57929515E-03
3.09730247E-01  2.91045815E-01  1.62582938E-03
3.10024248E-01  2.96192974E-01  1.62406371E-03
3.10318249E-01  2.96446979E-01  1.63807743E-03
3.10612250E-01  2.90931761E-01  1.59713370E-03
3.10906251E-01  2.90680498E-01  1.59252877E-03
3.11200252E-01  3.00349861E-01  1.63328520E-03
3.11494254E-01  2.89487362E-01  1.57470559E-03
3.11788255E-01  3.02996397E-01  1.63634552E-03
3.12082256E-01  2.94466794E-01  1.58674060E-03
3.12376257E-01  2.99896836E-01  1.63679849E-03
3.12670258E-01  3.01067412E-01  1.65750575E-03
3.12964260E-01  3.00089270E-01  1.58930279E-03
3.13258261E-01  3.00940216E-01  1.62939588E-03
3.13552262E-01  2.94481486E-01  1.61705981E-03
3.13846263E-01  2.97067523E-01  1.60494528E-03
3.14140264E-01  2.96222091E-01  1.61933550E-03
3.14434265E-01  2.99221367E-01  1.63115200E-03
3.14728267E-01  2.97784209E-01  1.66490895E-03
3.15022268E-01  2.96928436E-01  1.57815032E-03
3.15316269E-01  2.97249079E-01  1.60338765E-03
3.15610270E-01  2.99199045E-01  1.63826940E-03
3.15904271E-01  3.05165023E-01  1.61672465E-03
3.16198273E-01  3.01757157E-01  1.65339594E-03
3.16492274E-01  2.93320745E-01  1.63710699E-03
3.16786275E-01  2.91490823E-01  1.56172749E-03
3.17080276E-01  2.92405933E-01  1.59977190E-03
3.17374277E-01  2.87136406E-01  1.59150898E-03
3.17668278E-01  3.01518321E-01  1.62101316E-03
3.17962280E-01  3.04653227E-01  1.57399266E-03
3.18256281E-01  2.93957531E-01  1.57216319E-03
3.18550282E-01  2.90289879E-01  1.57771062E-03
3.18844283E-01  2.88565457E-01  1.61082740E-03
3.19138284E-01  2.97070682E-01  1.58513035E-03
3.19432286E-01  2.85841912E-01  1.54322397E-03
3.19726287E-01  2.91671872E-01  1.60804309E-03
3.20020288E-01  2.92409360E-01  1.56746281E-03
3.20314289E-01  2.99533367E-01  1.64405734E-03
3.20608290E-01  2.93195248E-01  1.59216917E-03
3.20902292E-01  2.95658171E-01  1.59979181E-03
3.21196293E-01  2.97590613E-01  1.60325353E-03
3.21490294E-01  2.90040135E-01  1.56572077E-03
3.21784295E-01  2.93573827E-01  1.60588080E-03
3.22078296E-01  3.01154554E-01  1.59701530E-03
3.22372297E-01  2.95590401E-01  1.55983935E-03
3.22666299E-01  2.92374134E-01  1.61732000E-03
3.22960300E-01  2.94965625E-01  1.61050621E-03
3.23254301E-01  3.00579250E-01  1.68414984E-03
3.23548302E-01  2.96105087E-01  1.64841779E-03
3.23842303E-01  2.88060576E-01  1.60260464E-03
3.24136305E-01  2.93344676E-01  1.65369676E-03
3.24430306E-01  2.96845108E-01  1.68904883E-03
3.24724307E-01  2.89022356E-01  1.62907375E-03
3.25018308E-01  2.98447341E-01  1.65433111E-03
3.25312309E-01  2.98700213E-01  1.68183900E-03
3.25606310E-01  2.90168643E-01  1.66645891E-03
3.25900312E-01  2.88242638E-01  1.64061761E-03
3.26194313E-01  2.92836994E-01  1.67596771E-03
3.26488314E-01  2.92881191E-01  1.67167501E-03
3.26782315E-01  2.93837637E-01  1.67396269E-03
3.27076316E-01  2.89007813E-01  1.65890681E-03
3.27370318E-01  2.96061426E-01  1.67103985E-03
3.27664319E-01  2.96747893E-01  1.73738645E-03
3.27958320E-01  2.88852781E-01  1.66342827E-03
3.28252321E-01  2.91779667E-01  1.72553502E-03
3.28546322E-01  2.82476604E-01  1.63886964E-03
3.28840323E-01  2.90097773E-01  1.66740653E-03
3.29134325E-01  2.92740881E-01  1.71441701E-03
3.29428326E-01  2.92527378E-01  1.65073818E-03
3.29722327E-01  2.95125902E-01  1.67536607E-03
3.30016328E-01  2.95094013E-01  1.70893723E-03
3.30310329E-01  2.88228333E-01  1.71826105E-03
3.30604331E-01  2.88480133E-01  1.67095172E-03
3.30898332E-01  2.89800376E-01  1.68914231E-03
3.31192333E-01  2.83326000E-01  1.65702007E-03
3.31486334E-01  2.90623784E-01  1.67526572E-03
3.31780335E-01  2.88633823E-01  1.70062808E-03
3.32074336E-01  2.85014510E-01  1.65292283E-03
3.32368338E-01  2.81753361E-01  1.65920344E-03
3.32662339E-01  2.92334914E-01  1.70320913E-03
3.32956340E-01  2.93303132E-01  1.66025909E-03
3.33250341E-01  2.90432364E-01  1.72706274E-03
3.33544342E-01  2.88358539E-01  1.68534927E-03
3.33838344E-01  2.88699329E-01  1.67796738E-03
3.34132345E-01  2.90723473E-01  1.70298328E-03
3.34426346E-01  2.82585412E-01  1.68917968E-03
3.34720347E-01  2.86912709E-01  1.66531559E-03
3.35014348E-01  2.91375577E-01  1.65279128E-03
3.35308349E-01  2.81498611E-01  1.69362815E-03
3.35602351E-01  2.82650620E-01  1.65991252E-03
3.35896352E-01  2.85253346E-01  1.67643116E-03
3.36190353E-01  2.89512962E-01  1.73201947E-03
3.36484354E-01  2.86575437E-01  1.61045021E-03
3.36778355E-01  2.89551377E-01  1.69345306E-03
3.37072357E-01  2.93792456E-01  1.77611283E-03
3.37366358E-01  2.91402519E-01  1.77635590E-03
3.37660359E-01  2.82435447E-01  1.76732673E-03
3.37954360E-01  2.85002798E-01  1.70272391E-03
3.38248361E-01  2.82300681E-01  1.73899846E-03
3.38542362E-01  2.87408769E-01  1.70342531E-03
3.38836364E-01  2.79462934E-01  1.69898150E-03
3.39130365E-01  2.75154978E-01  1.63804472E-03
3.39424366E-01  2.82550246E-01  1.67344650E-03
3.39718367E-01  2.86556721E-01  1.68835965E-03
3.40012368E-01  2.83885002E-01  1.71315507E-03
3.40306370E-01  2.83346325E-01  1.72486762E-03
3.40600371E-01  2.78646767E-01  1.65343354E-03
3.40894372E-01  2.82790005E-01  1.67896855E-03
3.41188373E-01  2.79546827E-01  1.66614424E-03
3.41482374E-01  2.81232536E-01  1.68886909E-03
3.41776376E-01  2.77758151E-01  1.66348729E-03
3.42070377E-01  2.86674231E-01  1.70593173E-03
3.42364378E-01  2.77008325E-01  1.65050454E-03
3.42658379E-01  2.76796997E-01  1.70114555E-03
3.42952380E-01  2.86691040E-01  1.71237753E-03
3.43246381E-01  2.77985156E-01  1.63993624E-03
3.43540383E-01  2.80736953E-01  1.62782206E-03
3.43834384E-01  2.76317120E-01  1.67256035E-03
3.44128385E-01  2.84426391E-01  1.69016805E-03
3.44422386E-01  2.76320517E-01  1.66117598E-03
3.44716387E-01  2.78408617E-01  1.69049494E-03
3.45010389E-01  2.82657623E-01  1.68558047E-03
3.45304390E-01  2.74682969E-01  1.68570282E-03
3.45598391E-01  2.75841892E-01  1.68156007E-03
3.45892392E-01  2.73088574E-01  1.67873490E-03
3.46186393E-01  2.72529036E-01  1.73614593E-03
3.46480394E-01  2.77723223E-01  1.64619135E-03
3.46774396E-01  2.77797520E-01  1.68949668E-03
3.47068397E-01  2.74477690E-01  1.65447954E-03
3.47362398E-01  2.74458736E-01  1.66775542E-03
3.47656399E-01  2.75772989E-01  1.65934081E-03
3.47950400E-01  2.75789529E-01  1.66278647E-03
3.48244402E-01  2.71092653E-01  1.65705476E-03
3.48538403E-01  2.75428921E-01  1.65609084E-03
3.48832404E-01  2.70033717E-01  1.64592720E-03
3.49126405E-01  2.69989312E-01  1.61769614E-03
3.49420406E-01  2.70782620E-01  1.61003612E-03
3.49714407E-01  2.77233303E-01  1.71506358E-03
3.50008409E-01  2.73200303E-01  1.63947884E-03
3.50302410E-01  2.76487082E-01  1.70328072E-03
3.50596411E-01  2.73817688E-01  1.66919106E-03
3.50890412E-01  2.71872193E-01  1.68421667E-03
3.51184413E-01  2.70650715E-01  1.67675386E-03
3.51478415E-01  2.67273366E-01  1.61150587E-03
3.51772416E-01  2.74324536E-01  1.64192682E-03
3.52066417E-01  2.68114001E-01  1.67424488E-03
3.52360418E-01  2.70835280E-01  1.68006658E-03
3.52654419E-01  2.65844256E-01  1.60459348E-03
3.52948420E-01  2.80443549E-01  1.69599138E-03
3.53242422E-01  2.72171199E-01  1.65226252E-03
3.53536423E-01  2.68595368E-01  1.64079829E-03
3.53830424E-01  2.77963787E-01  1.68676057E-03
3.54124425E-01  2.55283505E-01  1.61999557E-03
3.54418426E-01  2.65766770E-01  1.63662503E-03
3.54712428E-01  2.61544228E-01  1.66636822E-03
3.55006429E-01  2.56578952E-01  1.61301030E-03
3.55300430E-01  2.64769137E-01  1.65908958E-03
3.55594431E-01  2.64249712E-01  1.62384612E-03
3.55888432E-01  2.70170778E-01  1.68798061E-03
3.56182433E-01  2.67690718E-01  1.66978082E-03
3.56476435E-01  2.64925510E-01  1.65737816E-03
3.56770436E-01  2.67929077E-01  1.67007453E-03
3.57064437E-01  2.67200053E-01  1.63238111E-03
3.57358438E-01  2.67410725E-01  1.63244817E-03
3.57652439E-01  2.58878261E-01  1.65184808E-03
3.57946441E-01  2.69845515E-01  1.65736803E-03
3.58240442E-01  2.70707488E-01  1.66222360E-03
3.58534443E-01  2.63381302E-01  1.63530349E-03
3.58828444E-01  2.63598740E-01  1.63219089E-03
3.59122445E-01  2.63828248E-01  1.60826114E-03
3.59416447E-01  2.64232308E-01  1.68573949E-03
3.59710448E-01  2.68131226E-01  1.70633837E-03
3.60004449E-01  2.58977264E-01  1.60609686E-03
3.60298450E-01  2.58155107E-01  1.65284681E-03
3.60592451E-01  2.65016019E-01  1.66764727E-03
3.60886452E-01  2.61922896E-01  1.66025863E-03
3.61180454E-01  2.64859468E-01  1.64254592E-03
3.61474455E-01  2.61297315E-01  1.62639050E-03
3.61768456E-01  2.58453786E-01  1.66290801E-03
3.62062457E-01  2.64245808E-01  1.64953910E-03
3.62356458E-01  2.52514541E-01  1.59175543E-03
3.62650460E-01  2.66388208E-01  1.61718111E-03
3.62944461E-01  2.63560593E-01  1.68142107E-03
3.63238462E-01  2.65770823E-01  1.71765545E-03
3.63532463E-01  2.57293284E-01  1.62717677E-03
3.63826464E-01  2.62020081E-01  1.64163101E-03
3.64120465E-01  2.61777937E-01  1.65431469E-03
3.64414467E-01  2.62275040E-01  1.64409005E-03
3.64708468E-01  2.59060591E-01  1.63122884E-03
3.65002469E-01  2.55636036E-01  1.63813913E-03
3.65296470E-01  2.52566546E-01  1.61341461E-03
3.65590471E-01  2.62982607E-01  1.65693846E-03
3.65884473E-01  2.62302607E-01  1.66494749E-03
3.66178474E-01  2.55451381E-01  1.61844469E-03
3.66472475E-01  2.55715817E-01  1.62368687E-03
3.66766476E-01  2.60261565E-01  1.66540069E-03
3.67060477E-01  2.58351177E-01  1.62341003E-03
3.67354478E-01  2.59952962E-01  1.64479529E-03
3.67648480E-01  2.54029453E-01  1.59382657E-03
3.67942481E-01  2.58419216E-01  1.66870316E-03
3.68236482E-01  2.49990195E-01  1.64694129E-03
3.68530483E-01  2.59119868E-01  1.58373173E-03
3.68824484E-01  2.61301428E-01  1.64494838E-03
3.69118486E-01  2.59753555E-01  1.62246893E-03
3.69412487E-01  2.65548021E-01  1.66216935E-03
3.69706488E-01  2.60342807E-01  1.64955144E-03
3.70000489E-01  2.62851536E-01  1.65069744E-03
3.70294490E-01  2.58108199E-01  1.64879288E-03
3.70588491E-01  2.53207892E-01  1.70395407E-03
3.70882493E-01  2.57030636E-01  1.64247886E-03
3.71176494E-01  2.49059096E-01  1.65103865E-03
3.71470495E-01  2.48960152E-01  1.60239253E-03
3.71764496E-01  2.58899182E-01  1.64156081E-03
3.72058497E-01  2.59435982E-01  1.62738189E-03
3.72352499E-01  2.58439988E-01  1.63410150E-03
3.72646500E-01  2.57714123E-01  1.61316153E-03
3.72940501E-01  2.58424133E-01  1.64291146E-03
3.73234502E-01  2.52462059E-01  1.64059771E-03
3.73528503E-01  2.59943783E-01  1.65258045E-03
3.73822504E-01  2.58406281E-01  1.62443914E-03
3.74116506E-01  2.56714433E-01  1.61745329E-03
3.74410507E-01  2.62742072E-01  1.64765608E-03
3.74704508E-01  2.63102889E-01  1.67971977E-03
3.74998509E-01  2.58892536E-01  1.65359513E-03
3.75292510E-01  2.57369608E-01  1.60424679E-03
3.75586512E-01  2.53286123E-01  1.62768119E-03
3.75880513E-01  2.58414507E-01  1.61060190E-03
3.76174514E-01  2.54911274E-01  1.64242764E-03
3.76468515E-01  2.55869567E-01  1.63403514E-03
3.76762516E-01  2.56860673E-01  1.66637672E-03
3.77056518E-01  2.58361280E-01  1.62453379E-03
3.77350519E-01  2.52904505E-01  1.62618211E-03
3.77644520E-01  2.57518411E-01  1.61535875E-03
3.77938521E-01  2.51862794E-01  1.62638829E-03
3.78232522E-01  2.59487748E-01  1.65782543E-03
3.78526523E-01  2.55180389E-01  1.60710642E-03
3.78820525E-01  2.66267776E-01  1.65881414E-03
3.79114526E-01  2.53163487E-01  1.62853196E-03
3.79408527E-01  2.63858438E-01  1.64037885E-03
3.79702528E-01  2.60169208E-01  1.64606259E-03
3.79996529E-01  2.61233836E-01  1.63395179E-03
3.80290531E-01  2.55794048E-01  1.63337216E-03
3.80584532E-01  2.59765565E-01  1.65464671E-03
3.80878533E-01  2.53284007E-01  1.66995695E-03
3.81172534E-01  2.63345212E-01  1.65233132E-03
3.81466535E-01  2.56518453E-01  1.66048249E-03
3.81760536E-01  2.52748936E-01  1.60892261E-03
3.82054538E-01  2.57181317E-01  1.59797235E-03
3.82348539E-01  2.51987070E-01  1.61013380E-03
3.82642540E-01  2.53168017E-01  1.62168790E-03
3.82936541E-01  2.59773105E-01  1.63127214E-03
3.83230542E-01  2.57418394E-01  1.62214099E-03
3.83524544E-01  2.57018268E-01  1.64576725E-03
3.83818545E-01  2.52665192E-01  1.64467189E-03
3.84112546E-01  2.53299832E-01  1.61800359E-03
3.84406547E-01  2.66653329E-01  1.65968051E-03
3.84700548E-01  2.62341529E-01  1.64761103E-03
3.84994549E-01  2.55772829E-01  1.62022072E-03
3.85288551E-01  2.59095550E-01  1.67112716E-03
3.85582552E-01  2.61174023E-01  1.63526856E-03
3.85876553E-01  2.55271226E-01  1.66592083E-03
3.86170554E-01  2.49941170E-01  1.65319769E-03
3.86464555E-01  2.59773135E-01  1.61581172E-03
3.86758557E-01  2.55922765E-01  1.64742221E-03
3.87052558E-01  2.64837533E-01  1.63821306E-03
3.87346559E-01  2.55580753E-01  1.69664400E-03
3.87640560E-01  2.55816072E-01  1.63855159E-03
3.87934561E-01  2.64748305E-01  1.64666842E-03
3.88228562E-01  2.53726780E-01  1.63739489E-03
3.88522564E-01  2.62271285E-01  1.64713594E-03
3.88816565E-01  2.62982517E-01  1.70309353E-03
3.89110566E-01  2.51633465E-01  1.59545534E-03
3.89404567E-01  2.56504983E-01  1.66452164E-03
3.89698568E-01  2.57804185E-01  1.66711281E-03
3.89992570E-01  2.60405242E-01  1.67453010E-03
3.90286571E-01  2.66641259E-01  1.74601364E-03
3.90580572E-01  2.60935932E-01  1.66923017E-03
3.90874573E-01  2.64504790E-01  1.65557477E-03
3.91168574E-01  2.58344680E-01  1.64294115E-03
3.91462575E-01  2.62846380E-01  1.68098393E-03
3.91756577E-01  2.60784864E-01  1.63076585E-03
3.92050578E-01  2.61979610E-01  1.67467352E-03
3.92344579E-01  2.66810983E-01  1.71451736E-03
3.92638580E-01  2.57815033E-01  1.65434694E-03
3.92932581E-01  2.62995809E-01  1.69552513E-03
3.93226583E-01  2.63700753E-01  1.66165689E-03
3.93520584E-01  2.68321425E-01  1.72728009E-03
3.93814585E-01  2.67183661E-01  1.72882923E-03
3.94108586E-01  2.64281005E-01  1.65380409E-03
3.94402587E-01  2.54652113E-01  1.62257906E-03
3.94696588E-01  2.67168701E-01  1.66798546E-03
3.94990590E-01  2.67823249E-01  1.69323292E-03
3.95284591E-01  2.59344876E-01  1.66386692E-03
3.95578592E-01  2.53408015E-01  1.66607439E-03
3.95872593E-01  2.63758391E-01  1.68482750E-03
3.96166594E-01  2.60515779E-01  1.64687331E-03
3.96460596E-01  2.58160621E-01  1.64826971E-03
3.96754597E-01  2.61586159E-01  1.68550946E-03
3.97048598E-01  2.61188120E-01  1.71282596E-03
3.97342599E-01  2.60857165E-01  1.68317719E-03
3.97636600E-01  2.67250717E-01  1.64674886E-03
3.97930602E-01  2.63759315E-01  1.72255957E-03
3.98224603E-01  2.62092650E-01  1.65772648E-03
3.98518604E-01  2.53013253E-01  1.65799062E-03
3.98812605E-01  2.61135966E-01  1.69744587E-03
3.99106606E-01  2.66744912E-01  1.69496227E-03
3.99400607E-01  2.58217365E-01  1.71043549E-03
3.99694609E-01  2.65317351E-01  1.70244661E-03
3.99988610E-01  2.58115470E-01  1.67579565E-03
4.00282611E-01  2.66811639E-01  1.67035637E-03
4.00576612E-01  2.64433116E-01  1.70478085E-03
4.00870613E-01  2.65862197E-01  1.72511616E-03
4.01164615E-01  2.60042638E-01  1.63023989E-03
4.01458616E-01  2.69390106E-01  1.67548854E-03
4.01752617E-01  2.63660759E-01  1.72455597E-03
4.02046618E-01  2.59108305E-01  1.64901512E-03
4.02340619E-01  2.69481689E-01  1.70244055E-03
4.02634620E-01  2.58530945E-01  1.64897146E-03
4.02928622E-01  2.53145009E-01  1.65537442E-03
4.03222623E-01  2.60679811E-01  1.66730047E-03
4.03516624E-01  2.62379676E-01  1.64595793E-03
4.03810625E-01  2.60278642E-01  1.68217870E-03
4.04104626E-01  2.61917681E-01  1.65129022E-03
4.04398628E-01  2.63434052E-01  1.69470382E-03
4.04692629E-01  2.54316092E-01  1.69854262E-03
4.04986630E-01  2.56999671E-01  1.60996057E-03
4.05280631E-01  2.61871666E-01  1.67017896E-03
4.05574632E-01  2.63703704E-01  1.67607889E-03
4.05868633E-01  2.59226233E-01  1.67716842E-03
4.06162635E-01  2.56790638E-01  1.58336619E-03
4.06456636E-01  2.62128085E-01  1.65983848E-03
4.06750637E-01  2.54213810E-01  1.62777677E-03
4.07044638E-01  2.54648834E-01  1.68053829E-03
4.07338639E-01  2.61671960E-01  1.67432567E-03
4.07632641E-01  2.58246750E-01  1.63822446E-03
4.07926642E-01  2.62163520E-01  1.68129522E-03
4.08220643E-01  2.51984298E-01  1.64933235E-03
4.08514644E-01  2.56433338E-01  1.64514524E-03
4.08808645E-01  2.63578504E-01  1.64297468E-03
4.09102646E-01  2.66853869E-01  1.70136080E-03
4.09396648E-01  2.53294766E-01  1.63187156E-03
4.09690649E-01  2.62957484E-01  1.71155762E-03
4.09984650E-01  2.62774795E-01  1.64860033E-03
4.10278651E-01  2.58606672E-01  1.64987554E-03
4.10572652E-01  2.58559734E-01  1.64762500E-03
4.10866654E-01  2.52693892E-01  1.67521834E-03
4.11160655E-01  2.54936963E-01  1.61022099E-03
4.11454656E-01  2.63283581E-01  1.66533259E-03
4.11748657E-01  2.57995814E-01  1.68052409E-03
4.12042658E-01  2.52384394E-01  1.63499953E-03
4.12336659E-01  2.49390423E-01  1.63503236E-03
4.12630661E-01  2.57860869E-01  1.58686377E-03
4.12924662E-01  2.54489690E-01  1.69622677E-03
4.13218663E-01  2.49652132E-01  1.58925739E-03
4.13512664E-01  2.47615486E-01  1.62384089E-03
4.13806665E-01  2.52524465E-01  1.63345761E-03
4.14100667E-01  2.53331959E-01  1.64707820E-03
4.14394668E-01  2.48713478E-01  1.60606438E-03
4.14688669E-01  2.46231481E-01  1.61136314E-03
4.14982670E-01  2.53741890E-01  1.63006352E-03
4.15276671E-01  2.50622064E-01  1.57075364E-03
4.15570673E-01  2.51918495E-01  1.62240816E-03
4.15864674E-01  2.53843933E-01  1.61704677E-03
4.16158675E-01  2.51708508E-01  1.64384500E-03
4.16452676E-01  2.49758124E-01  1.62267941E-03
4.16746677E-01  2.53915578E-01  1.63652992E-03
4.17040678E-01  2.46515006E-01  1.58970768E-03
4.17334680E-01  2.50931531E-01  1.67237513E-03
4.17628681E-01  2.50312090E-01  1.58107316E-03
4.17922682E-01  2.48391137E-01  1.58940838E-03
4.18216683E-01  2.44874761E-01  1.58670079E-03
4.18510684E-01  2.47785196E-01  1.59488828E-03
4.18804686E-01  2.47977227E-01  1.61192438E-03
4.19098687E-01  2.41687581E-01  1.57465588E-03
4.19392688E-01  2.40134865E-01  1.63206866E-03
4.19686689E-01  2.33967543E-01  1.59344543E-03
4.19980690E-01  2.44183600E-01  1.61544082E-03
4.20274691E-01  2.38487333E-01  1.58565887E-03
4.20568693E-01  2.44699270E-01  1.59536570E-03
4.20862694E-01  2.44820103E-01  1.60975335E-03
4.21156695E-01  2.45533198E-01  1.58811884E-03
4.21450696E-01  2.42683470E-01  1.57259940E-03
4.21744697E-01  2.48623148E-01  1.64000096E-03
4.22038699E-01  2.43152604E-01  1.54618535E-03
4.22332700E-01  2.39135683E-01  1.60185224E-03
4.22626701E-01  2.43225187E-01  1.59461133E-03
4.22920702E-01  2.44489372E-01  1.62395963E-03
4.23214703E-01  2.40663067E-01  1.61190738E-03
4.23508704E-01  2.37321839E-01  1.60719769E-03
4.23802706E-01  2.38534659E-01  1.59587536E-03
4.24096707E-01  2.41416037E-01  1.60780479E-03
4.24390708E-01  2.44279712E-01  1.60888466E-03
4.24684709E-01  2.41427109E-01  1.60588138E-03
4.24978710E-01  2.34388962E-01  1.56457897E-03
4.25272712E-01  2.43499145E-01  1.59279827E-03
4.25566713E-01  2.42052451E-01  1.60090253E-03
4.25860714E-01  2.43188679E-01  1.60721911E-03
4.26154715E-01  2.39692017E-01  1.57875102E-03
4.26448716E-01  2.43393376E-01  1.62649504E-03
4.26742717E-01  2.38637567E-01  1.60464994E-03
4.27036719E-01  2.33643398E-01  1.60300324E-03
4.27330720E-01  2.35410079E-01  1.54170336E-03
4.27624721E-01  2.37477824E-01  1.56782346E-03
4.27918722E-01  2.38197669E-01  1.62048056E-03
4.28212723E-01  2.34943673E-01  1.56319968E-03
4.28506725E-01  2.40607515E-01  1.63012336E-03
4.28800726E-01  2.39285097E-01  1.64869719E-03
4.29094727E-01  2.35604599E-01  1.59527536E-03
4.29388728E-01  2.38615721E-01  1.56759762E-03
4.29682729E-01  2.43299484E-01  1.60591444E-03
4.29976730E-01  2.33871982E-01  1.57955813E-03
4.30270732E-01  2.38989860E-01  1.60247111E-03
4.30564733E-01  2.38025159E-01  1.59231818E-03
4.30858734E-01  2.27204219E-01  1.58839067E-03
4.31152735E-01  2.31411502E-01  1.54793833E-03
4.31446736E-01  2.39592209E-01  1.60338962E-03
4.31740738E-01  2.35772923E-01  1.57931750E-03
4.32034739E-01  2.36667395E-01  1.55219738E-03
4.32328740E-01  2.28009373E-01  1.55277364E-03
4.32622741E-01  2.36704633E-01  1.55528355E-03
4.32916742E-01  2.33017221E-01  1.58057769E-03
4.33210744E-01  2.25888819E-01  1.57003722E-03
4.33504745E-01  2.25749746E-01  1.53827167E-03
4.33798746E-01  2.35687807E-01  1.57355599E-03
4.34092747E-01  2.33369291E-01  1.56022108E-03
4.34386748E-01  2.39854351E-01  1.60047843E-03
4.34680749E-01  2.38203987E-01  1.57452724E-03
4.34974751E-01  2.33270973E-01  1.59265404E-03
4.35268752E-01  2.35187456E-01  1.57560024E-03
4.35562753E-01  2.34860525E-01  1.59737177E-03
4.35856754E-01  2.33856469E-01  1.53246254E-03
4.36150755E-01  2.36273378E-01  1.60147529E-03
4.36444757E-01  2.33008876E-01  1.54447323E-03
4.36738758E-01  2.35350251E-01  1.59740704E-03
4.37032759E-01  2.33250022E-01  1.54176680E-03
4.37326760E-01  2.33217448E-01  1.53383904E-03
4.37620761E-01  2.35093758E-01  1.56163832E-03
4.37914762E-01  2.28986874E-01  1.55949884E-03
4.38208764E-01  2.26887956E-01  1.51435845E-03
4.38502765E-01  2.25152090E-01  1.56083738E-03
4.38796766E-01  2.28340298E-01  1.52305397E-03
4.39090767E-01  2.27670431E-01  1.53667107E-03
4.39384768E-01  2.29285225E-01  1.57077110E-03
4.39678770E-01  2.36458644E-01  1.54690898E-03
4.39972771E-01  2.28977159E-01  1.53316685E-03
4.40266772E-01  2.29394332E-01  1.58706040E-03
4.40560773E-01  2.27893576E-01  1.56836177E-03
4.40854774E-01  2.31467739E-01  1.57136179E-03
4.41148775E-01  2.37225592E-01  1.59146090E-03
4.41442777E-01  2.28817806E-01  1.53636921E-03
4.41736778E-01  2.34093279E-01  1.54694077E-03
4.42030779E-01  2.26222649E-01  1.52552652E-03
4.42324780E-01  2.30358958E-01  1.58367353E-03
4.42618781E-01  2.31372356E-01  1.61464908E-03
4.42912783E-01  2.28414103E-01  1.56737131E-03
4.43206784E-01  2.35549942E-01  1.58341159E-03
4.43500785E-01  2.25323424E-01  1.54923380E-03
4.43794786E-01  2.32884109E-01  1.53060188E-03
4.44088787E-01  2.19172865E-01  1.50002690E-03
4.44382788E-01  2.28659600E-01  1.50942930E-03
4.44676790E-01  2.32856899E-01  1.52686541E-03
4.44970791E-01  2.29780510E-01  1.58716296E-03
4.45264792E-01  2.33164191E-01  1.54725974E-03
4.45558793E-01  2.26162642E-01  1.56373018E-03
4.45852794E-01  2.31086120E-01  1.57831097E-03
4.46146796E-01  2.25028127E-01  1.56579993E-03
4.46440797E-01  2.39192635E-01  1.59006182E-03
4.46734798E-01  2.34026566E-01  1.52967963E-03
4.47028799E-01  2.28780776E-01  1.56776491E-03
4.47322800E-01  2.32494518E-01  1.52252614E-03
4.47616801E-01  2.31804013E-01  1.51655776E-03
4.47910803E-01  2.30751932E-01  1.57205819E-03
4.48204804E-01  2.30872884E-01  1.60597835E-03
4.48498805E-01  2.33802885E-01  1.63144711E-03
4.48792806E-01  2.29481101E-01  1.60443247E-03
4.49086807E-01  2.33060628E-01  1.65649445E-03
4.49380809E-01  2.26457864E-01  1.63068913E-03
4.49674810E-01  2.26260856E-01  1.63952226E-03
4.49968811E-01  2.27236077E-01  1.69764727E-03
4.50262812E-01  2.31606305E-01  1.69018656E-03
4.50556813E-01  2.36903444E-01  1.67117780E-03
4.50850814E-01  2.29808122E-01  1.70774641E-03
4.51144816E-01  2.23991945E-01  1.70601264E-03
4.51438817E-01  2.26842552E-01  1.69014488E-03
4.51732818E-01  2.22782508E-01  1.74455566E-03
4.52026819E-01  2.25184664E-01  1.69903471E-03
4.52320820E-01  2.28025571E-01  1.73187361E-03
4.52614822E-01  2.29243457E-01  1.68378314E-03
4.52908823E-01  2.27155373E-01  1.68298103E-03
4.53202824E-01  2.30777547E-01  1.80659711E-03
4.53496825E-01  2.28006691E-01  1.77366484E-03
4.53790826E-01  2.27613434E-01  1.69760792E-03
4.54084828E-01  2.26203531E-01  1.75567251E-03
4.54378829E-01  2.23737493E-01  1.69015606E-03
4.54672830E-01  2.30629429E-01  1.78229262E-03
4.54966831E-01  2.19427153E-01  1.74762204E-03
4.55260832E-01  2.24760428E-01  1.77269592E-03
4.55554833E-01  2.29514927E-01  1.81976205E-03
4.55848835E-01  2.21583113E-01  1.72659720E-03
4.56142836E-01  2.30860487E-01  1.82459876E-03
4.56436837E-01  2.20923617E-01  1.77315343E-03
4.56730838E-01  2.22051769E-01  1.84509286E-03
4.57024839E-01  2.29044482E-01  1.77586591E-03
4.57318841E-01  2.25385785E-01  1.77253794E-03
4.57612842E-01  2.33491212E-01  1.87797216E-03
4.57906843E-01  2.29536772E-01  1.86319777E-03
4.58200844E-01  2.21461356E-01  1.83147087E-03
4.58494845E-01  2.28081360E-01  1.87503593E-03
4.58788846E-01  2.27113560E-01  1.81670976E-03
4.59082848E-01  2.24732846E-01  1.76271342E-03
4.59376849E-01  2.32581705E-01  1.85761123E-03
4.59670850E-01  2.32869402E-01  1.79880694E-03
4.59964851E-01  2.36854658E-01  1.79611275E-03
4.60258852E-01  2.21809506E-01  1.73210620E-03
4.60552854E-01  2.24200562E-01  1.70541811E-03
4.60846855E-01  2.33028993E-01  1.70017499E-03
4.61140856E-01  2.30109677E-01  1.75543304E-03
4.61434857E-01  2.19425932E-01  1.73277513E-03
4.61728858E-01  2.31964424E-01  1.74645125E-03
4.62022859E-01  2.32119814E-01  1.73988822E-03
4.62316861E-01  2.35271752E-01  1.77114352E-03
4.62610862E-01  2.34214842E-01  1.80806825E-03
4.62904863E-01  2.33338490E-01  1.74100860E-03
4.63198864E-01  2.30688229E-01  1.77065283E-03
4.63492865E-01  2.30196178E-01  1.69495598E-03
4.63786867E-01  2.33593747E-01  1.74382643E-03
4.64080868E-01  2.31907725E-01  1.67139061E-03
4.64374869E-01  2.31099382E-01  1.72419101E-03
4.64668870E-01  2.28363454E-01  1.70835550E-03
4.64962871E-01  2.24740565E-01  1.66747230E-03
4.65256872E-01  2.30379641E-01  1.73950347E-03
4.65550874E-01  2.28411049E-01  1.72054314E-03
4.65844875E-01  2.35990226E-01  1.70960394E-03
4.66138876E-01  2.31945813E-01  1.67379959E-03
4.66432877E-01  2.25458011E-01  1.67202356E-03
4.66726878E-01  2.29006156E-01  1.70291367E-03
4.67020880E-01  2.27921546E-01  1.71213876E-03
4.67314881E-01  2.28523910E-01  1.67097943E-03
4.67608882E-01  2.19738111E-01  1.69380824E-03
4.67902883E-01  2.25749120E-01  1.66555936E-03
4.68196884E-01  2.32779354E-01  1.68928341E-03
4.68490885E-01  2.38577485E-01  1.72347273E-03
4.68784887E-01  2.24364340E-01  1.68183132E-03
4.69078888E-01  2.36204132E-01  1.68560632E-03
4.69372889E-01  2.32792273E-01  1.67509762E-03
4.69666890E-01  2.18384340E-01  1.63931947E-03
4.69960891E-01  2.26556674E-01  1.67622569E-03
4.70254893E-01  2.28617907E-01  1.66386564E-03
4.70548894E-01  2.29717910E-01  1.66081719E-03
4.70842895E-01  2.24917874E-01  1.67057011E-03
4.71136896E-01  2.29661286E-01  1.66258938E-03
4.71430897E-01  2.32681960E-01  1.62771880E-03
4.71724899E-01  2.36352652E-01  1.61062274E-03
4.72018900E-01  2.35889524E-01  1.66665367E-03
4.72312901E-01  2.33953699E-01  1.70450914E-03
4.72606902E-01  2.24027932E-01  1.67247560E-03
4.72900903E-01  2.25063905E-01  1.64912967E-03
4.73194904E-01  2.29820922E-01  1.68049114E-03
4.73488906E-01  2.22513586E-01  1.57993799E-03
4.73782907E-01  2.38067314E-01  1.73677388E-03
4.74076908E-01  2.25304201E-01  1.65540678E-03
4.74370909E-01  2.24114940E-01  1.67685270E-03
4.74664910E-01  2.25590676E-01  1.63032475E-03
4.74958912E-01  2.27607071E-01  1.63085875E-03
4.75252913E-01  2.22535908E-01  1.60099973E-03
4.75546914E-01  2.32729703E-01  1.66102895E-03
4.75840915E-01  2.24407986E-01  1.61210715E-03
4.76134916E-01  2.16920137E-01  1.60605600E-03
4.76428917E-01  2.32021019E-01  1.65575859E-03
4.76722919E-01  2.28807375E-01  1.65254320E-03
4.77016920E-01  2.26646051E-01  1.64270448E-03
4.77310921E-01  2.21142724E-01  1.62551401E-03
4.77604922E-01  2.30349436E-01  1.68079918E-03
4.77898923E-01  2.28778645E-01  1.65584427E-03
4.78192925E-01  2.26251379E-01  1.67680590E-03
4.78486926E-01  2.28238568E-01  1.65916211E-03
4.78780927E-01  2.25003496E-01  1.63851061E-03
4.79074928E-01  2.32755646E-01  1.67564559E-03
4.79368929E-01  2.28852734E-01  1.63067528E-03
4.79662930E-01  2.25497380E-01  1.61848555E-03
4.79956932E-01  2.30634317E-01  1.63160276E-03
4.80250933E-01  2.23977596E-01  1.61299855E-03
4.80544934E-01  2.26806894E-01  1.64874992E-03
4.80838935E-01  2.26375014E-01  1.65180617E-03
4.81132936E-01  2.25969732E-01  1.59464532E-03
4.81426938E-01  2.27886334E-01  1.62683416E-03
4.81720939E-01  2.29376972E-01  1.65471702E-03
4.82014940E-01  2.29794234E-01  1.66754227E-03
4.82308941E-01  2.26012409E-01  1.64934783E-03
4.82602942E-01  2.26478592E-01  1.63100963E-03
4.82896943E-01  2.30415866E-01  1.64712535E-03
4.83190945E-01  2.29606763E-01  1.69663294E-03
4.83484946E-01  2.29112118E-01  1.65198522E-03
4.83778947E-01  2.25196645E-01  1.59326219E-03
4.84072948E-01  2.22194299E-01  1.60591793E-03
4.84366949E-01  2.24395826E-01  1.60898501E-03
4.84660951E-01  2.21696675E-01  1.61033007E-03
4.84954952E-01  2.18658492E-01  1.63358985E-03
4.85248953E-01  2.25969598E-01  1.65440841E-03
4.85542954E-01  2.29829013E-01  1.65142631E-03
4.85836955E-01  2.32029095E-01  1.64974842E-03
4.86130956E-01  2.23382533E-01  1.58044824E-03
4.86424958E-01  2.29871795E-01  1.67242845E-03
4.86718959E-01  2.31626704E-01  1.66425458E-03
4.87012960E-01  2.25478485E-01  1.66695844E-03
4.87306961E-01  2.24086210E-01  1.67238200E-03
4.87600962E-01  2.32428238E-01  1.64447038E-03
4.87894964E-01  2.29928434E-01  1.69516914E-03
4.88188965E-01  2.32669756E-01  1.71169615E-03
4.88482966E-01  2.20500156E-01  1.65462994E-03
4.88776967E-01  2.29244560E-01  1.64667657E-03
4.89070968E-01  2.26183504E-01  1.59583509E-03
4.89364970E-01  2.28924543E-01  1.69199018E-03
4.89658971E-01  2.29779869E-01  1.65796943E-03
4.89952972E-01  2.27515027E-01  1.62264239E-03
4.90246973E-01  2.32347086E-01  1.67565315E-03
4.90540974E-01  2.24551141E-01  1.60519080E-03
4.90834975E-01  2.20754102E-01  1.61941932E-03
4.91128977E-01  2.33609244E-01  1.71825045E-03
4.91422978E-01  2.31528029E-01  1.66605564E-03
4.91716979E-01  2.22662434E-01  1.60129520E-03
4.92010980E-01  2.31696740E-01  1.63059786E-03
4.92304981E-01  2.28566974E-01  1.63244049E-03
4.92598983E-01  2.20725194E-01  1.56916538E-03
4.92892984E-01  2.33697966E-01  1.65690784E-03
4.93186985E-01  2.30599388E-01  1.62577676E-03
4.93480986E-01  2.29784429E-01  1.61094300E-03
4.93774987E-01  2.18750983E-01  1.59786060E-03
4.94068988E-01  2.23355234E-01  1.58817112E-03
4.94362990E-01  2.24392667E-01  1.61338144E-03
4.94656991E-01  2.31528297E-01  1.64718996E-03
4.94950992E-01  2.25354761E-01  1.60289160E-03
4.95244993E-01  2.26693347E-01  1.62530201E-03
4.95538994E-01  2.30828986E-01  1.67993142E-03
4.95832996E-01  2.25572199E-01  1.59260200E-03
4.96126997E-01  2.31760949E-01  1.63985440E-03
4.96420998E-01  2.26466700E-01  1.68484356E-03
4.96714999E-01  2.20055804E-01  1.60906266E-03
4.97009000E-01  2.30500281E-01  1.64742605E-03
4.97303001E-01  2.23090947E-01  1.64527923E-03
4.97597003E-01  2.26114064E-01  1.62059441E-03
4.97891004E-01  2.31041744E-01  1.66129624E-03
4.98185005E-01  2.29755357E-01  1.60152395E-03
4.98479006E-01  2.31692910E-01  1.67224149E-03
4.98773007E-01  2.29633808E-01  1.62016705E-03
4.99067009E-01  2.26886228E-01  1.59260014E-03
4.99361010E-01  2.26785302E-01  1.64709869E-03
4.99655011E-01  2.26771489E-01  1.60295214E-03
4.99949012E-01  2.17018411E-01  1.61689776E-03
5.00243013E-01  2.40901500E-01  1.71703368E-03
5.00537014E-01  2.24506319E-01  1.60364795E-03
5.00831016E-01  2.27283075E-01  1.63623807E-03
5.01125017E-01  2.29055479E-01  1.65204890E-03
5.01419018E-01  2.25107282E-01  1.61136140E-03
5.01713019E-01  2.27530956E-01  1.67306606E-03
5.02007020E-01  2.28235170E-01  1.64418411E-03
5.02301022E-01  2.24227533E-01  1.62907492E-03
5.02595023E-01  2.28459328E-01  1.60531327E-03
5.02889024E-01  2.26313189E-01  1.60253549E-03
5.03183025E-01  2.23089203E-01  1.64327235E-03
5.03477026E-01  2.25786015E-01  1.62729004E-03
5.03771027E-01  2.29316011E-01  1.61290448E-03
5.04065029E-01  2.24803388E-01  1.61696342E-03
5.04359030E-01  2.26597250E-01  1.64824235E-03
5.04653031E-01  2.27686554E-01  1.63412956E-03
5.04947032E-01  2.28278369E-01  1.61815388E-03
5.05241033E-01  2.26920515E-01  1.67622312E-03
5.05535035E-01  2.32484877E-01  1.65103073E-03
5.05829036E-01  2.28132695E-01  1.61095138E-03
5.06123037E-01  2.21241504E-01  1.63421594E-03
5.06417038E-01  2.22184032E-01  1.59118534E-03
5.06711039E-01  2.29950055E-01  1.64837192E-03
5.07005040E-01  2.29627728E-01  1.68089464E-03
5.07299042E-01  2.27080107E-01  1.62131409E-03
5.07593043E-01  2.26814210E-01  1.63663435E-03
5.07887044E-01  2.27344617E-01  1.60969759E-03
5.08181045E-01  2.24994510E-01  1.62811822E-03
5.08475046E-01  2.22009033E-01  1.63739361E-03
5.08769048E-01  2.30819121E-01  1.62838749E-03
5.09063049E-01  2.20071256E-01  1.59319874E-03
5.09357050E-01  2.26583287E-01  1.62466243E-03
5.09651051E-01  2.29133233E-01  1.66370987E-03
5.09945052E-01  2.32636124E-01  1.65186857E-03
5.10239054E-01  2.25968823E-01  1.65294285E-03
5.10533055E-01  2.28863314E-01  1.61495013E-03
5.10827056E-01  2.30677500E-01  1.67026068E-03
5.11121057E-01  2.26775378E-01  1.65489642E-03
5.11415058E-01  2.21764937E-01  1.64467574E-03
5.11709059E-01  2.32695490E-01  1.67399063E-03
5.12003061E-01  2.27796510E-01  1.64878636E-03
5.12297062E-01  2.23883256E-01  1.59093121E-03
5.12591063E-01  2.22171783E-01  1.57169555E-03
5.12885064E-01  2.29035109E-01  1.62374752E-03
5.13179065E-01  2.20050797E-01  1.61564304E-03
5.13473067E-01  2.27650240E-01  1.62330794E-03
5.13767068E-01  2.24251270E-01  1.58729951E-03
5.14061069E-01  2.24722490E-01  1.63472968E-03
5.14355070E-01  2.30805591E-01  1.62794825E-03
5.14649071E-01  2.28270918E-01  1.63817569E-03
5.14943072E-01  2.27880225E-01  1.67869788E-03
5.15237074E-01  2.30675295E-01  1.65510329E-03
5.15531075E-01  2.24300683E-01  1.61908125E-03
5.15825076E-01  2.29181558E-01  1.58150145E-03
5.16119077E-01  2.25896597E-01  1.63844810E-03
5.16413078E-01  2.25929290E-01  1.61659624E-03
5.16707080E-01  2.22383380E-01  1.59189815E-03
5.17001081E-01  2.22117037E-01  1.58206827E-03
5.17295082E-01  2.28146464E-01  1.65673310E-03
5.17589083E-01  2.25725830E-01  1.62406312E-03
5.17883084E-01  2.27552727E-01  1.66581280E-03
5.18177085E-01  2.26653054E-01  1.60236785E-03
5.18471087E-01  2.25936264E-01  1.62928342E-03
5.18765088E-01  2.27581888E-01  1.64686551E-03
5.19059089E-01  2.21318305E-01  1.62718748E-03
5.19353090E-01  2.23677963E-01  1.62649469E-03
5.19647091E-01  2.28165746E-01  1.63779815E-03
5.19941093E-01  2.30081066E-01  1.57088425E-03
5.20235094E-01  2.22115189E-01  1.62915979E-03
5.20529095E-01  2.30878457E-01  1.67205418E-03
5.20823096E-01  2.26965114E-01  1.63262954E-03
5.21117097E-01  2.26431355E-01  1.64214196E-03
5.21411098E-01  2.30749965E-01  1.67927868E-03
5.21705100E-01  2.30740219E-01  1.62566861E-03
5.21999101E-01  2.28562251E-01  1.59266789E-03
5.22293102E-01  2.19908163E-01  1.62636908E-03
5.22587103E-01  2.24684909E-01  1.64487294E-03
5.22881104E-01  2.25190595E-01  1.63445261E-03
5.23175106E-01  2.25663394E-01  1.62302202E-03
5.23469107E-01  2.21098751E-01  1.60817173E-03
5.23763108E-01  2.27103919E-01  1.67688378E-03
5.24057109E-01  2.23808154E-01  1.63853262E-03
5.24351110E-01  2.18733937E-01  1.63163629E-03
5.24645111E-01  2.26144299E-01  1.63991097E-03
5.24939113E-01  2.18653351E-01  1.62709167E-03
5.25233114E-01  2.27856472E-01  1.59491668E-03
5.25527115E-01  2.14446440E-01  1.53667945E-03
5.25821116E-01  2.20580086E-01  1.63475075E-03
5.26115117E-01  2.23680094E-01  1.61766121E-03
5.26409119E-01  2.23642334E-01  1.63747894E-03
5.26703120E-01  2.30166256E-01  1.60755753E-03
5.26997121E-01  2.28753790E-01  1.61860720E-03
5.27291122E-01  2.28996098E-01  1.62415416E-03
5.27585123E-01  2.22469538E-01  1.68841693E-03
5.27879125E-01  2.26502910E-01  1.63955265E-03
5.28173126E-01  2.26876304E-01  1.61980093E-03
5.28467127E-01  2.26595134E-01  1.60157401E-03
5.28761128E-01  2.23774180E-01  1.61470054E-03
5.29055129E-01  2.23309472E-01  1.63977768E-03
5.29349130E-01  2.23325863E-01  1.59351900E-03
5.29643132E-01  2.24665552E-01  1.63717009E-03
5.29937133E-01  2.21932560E-01  1.59628363E-03
5.30231134E-01  2.22033903E-01  1.63702399E-03
5.30525135E-01  2.30849311E-01  1.65781472E-03
5.30819136E-01  2.27172345E-01  1.64402765E-03
5.31113138E-01  2.21631825E-01  1.63596566E-03
5.31407139E-01  2.25226790E-01  1.66060147E-03
5.31701140E-01  2.28059828E-01  1.63920992E-03
5.31995141E-01  2.25533754E-01  1.55684655E-03
5.32289142E-01  2.16217488E-01  1.58858998E-03
5.32583143E-01  2.23469794E-01  1.60363072E-03
5.32877145E-01  2.22146362E-01  1.62825035E-03
5.33171146E-01  2.25473598E-01  1.60443445E-03
5.33465147E-01  2.20841005E-01  1.62127800E-03
5.33759148E-01  2.27450445E-01  1.59303215E-03
5.34053149E-01  2.19637424E-01  1.51588384E-03
5.34347151E-01  2.33025849E-01  1.60930329E-03
5.34641152E-01  2.25400776E-01  1.58535712E-03
5.34935153E-01  2.27282435E-01  1.56204682E-03
5.35229154E-01  2.29287967E-01  1.63165224E-03
5.35523155E-01  2.26041645E-01  1.58393930E-03
5.35817156E-01  2.15696767E-01  1.61123602E-03
5.36111158E-01  2.24002704E-01  1.63050229E-03
5.36405159E-01  2.24140868E-01  1.61033846E-03
5.36699160E-01  2.26448998E-01  1.64522603E-03
5.36993161E-01  2.16784686E-01  1.57678837E-03
5.37287162E-01  2.25500390E-01  1.61875808E-03
5.37581164E-01  2.20698774E-01  1.57539931E-03
5.37875165E-01  2.19505861E-01  1.63560221E-03
5.38169166E-01  2.27674887E-01  1.62272737E-03
5.38463167E-01  2.21772522E-01  1.57080893E-03
5.38757168E-01  2.22970456E-01  1.60621689E-03
5.39051169E-01  2.24092230E-01  1.58702093E-03
5.39345171E-01  2.26144090E-01  1.60162221E-03
5.39639172E-01  2.30293423E-01  1.63729244E-03
5.39933173E-01  2.25632280E-01  1.57800934E-03
5.40227174E-01  2.23053664E-01  1.59877038E-03
5.40521175E-01  2.21279159E-01  1.59279420E-03
5.40815177E-01  2.29575783E-01  1.58728159E-03
5.41109178E-01  2.18473375E-01  1.61663292E-03


### HEADER:
#
#{
#    "analysis": {},
#    "calibration_params": {
#        "Beam_Center_X": 1093.5,
#        "Beam_Center_Y": 2070.0,
#        "Detector Tilt": 0.0,
#        "Detector Tilt Plane Rotation": 0.0,
#        "Detector_X_Pixel_Size": 75.0,
#        "Detector_Y_Pixel_Size": 75.0,
#        "Integration Method": "nosplit_csr",
#        "Radial_Average_Method": "pyFAI",
#        "Sample-to-detector distance (mm)": 1790.0,
#        "Wavelength (A)": 0.8922346081119231
#    },
#    "config_file": "/nfs/chess/daq/2024-3/id7a/Winnikoff_10_17_24/HP-SAXS_10_20_24.cfg",
#    "counters": {
#        "Epoch": "87.802",
#        "I1": "0",
#        "I2": "0",
#        "I3": "0",
#        "Seconds": "1",
#        "Time": "1.78814e-05",
#        "date": "Sat Oct 19 22:07:30 2024",
#        "diode": "48328"
#    },
#    "filename": "KV0003A_redo_35C_100MPa_up_2_data_000001_00001.h5",
#    "history": {},
#    "imageHeader": {},
#    "load_path": "/nfs/chess/daq/2024-3/id7a/Venkatraman_10_18_2024/KV0003A_repeat/KV0003A_redo_35C_100MPa_up_2_data_000001.h5",
#    "normalizations": {
#        "Absolute_scale": {
#            "Absolute_scale_factor": 0.049803809341568875,
#            "Method": "Water"
#        },
#        "Counter_norms": [
#            [
#                "/",
#                "diode/150000"
#            ]
#        ],
#        "Polarization": {
#            "Used": false
#        },
#        "Solid_Angle_Correction": "On"
#    },
#    "raw_version": "2.1.4"
#}

