### DATA:
#
# 1823
#      Q             I(Q)           Error     
8.75701299E-03  2.66745128E-02  3.79611878E-03
9.00368942E-03  2.96383519E-02  3.46419308E-03
9.25036584E-03  3.30427624E-02  3.42981261E-03
9.49704226E-03  4.72361408E-02  4.11932915E-03
9.74371868E-03  5.55719435E-02  4.03868174E-03
9.99039511E-03  6.44634739E-02  4.45751520E-03
1.02370715E-02  8.68943557E-02  5.84923802E-03
1.04837480E-02  1.20254129E-01  7.40447082E-03
1.07304244E-02  1.67627007E-01  1.13518024E-02
1.09771008E-02  2.11868286E-01  1.58706829E-02
1.12237772E-02  2.93489754E-01  2.04590000E-02
1.14704536E-02  3.04933757E-01  2.26376411E-02
1.17171301E-02  5.49545884E-01  3.86891961E-02
1.19638065E-02  7.20271707E-01  5.18668927E-02
1.22104829E-02  1.14976728E+00  8.91935527E-02
1.24571593E-02  1.00424202E+02  1.03991308E+01
1.27038358E-02  1.86021423E+02  1.83933849E+01
1.29505122E-02  2.16442337E+02  1.85354881E+01
1.31971886E-02  1.57634201E+02  1.30375900E+01
1.34438650E-02  1.47828690E+02  1.19674654E+01
1.36905414E-02  1.31111450E+02  1.04436169E+01
1.39372179E-02  9.98235474E+01  7.69854069E+00
1.41838943E-02  9.15573654E+01  6.74731255E+00
1.44305707E-02  7.16716080E+01  5.18870640E+00
1.46772471E-02  6.36781349E+01  4.51137209E+00
1.49239236E-02  5.60743370E+01  3.85723877E+00
1.51706000E-02  4.53324547E+01  3.08714771E+00
1.54172764E-02  4.54524956E+01  3.11132479E+00
1.56639528E-02  3.79456100E+01  2.53583050E+00
1.59106292E-02  3.59015007E+01  2.33940148E+00
1.61573057E-02  3.29680786E+01  2.04157472E+00
1.64039821E-02  2.63042641E+01  1.59208882E+00
1.66506585E-02  2.68588123E+01  1.60139537E+00
1.68973349E-02  2.14141655E+01  1.26887476E+00
1.71440114E-02  2.18390923E+01  1.23332310E+00
1.73906878E-02  1.76665287E+01  9.58134711E-01
1.76373642E-02  1.74184780E+01  9.51821923E-01
1.78840406E-02  1.61560097E+01  8.69891047E-01
1.81307170E-02  1.36802273E+01  7.17951119E-01
1.83773935E-02  1.38327360E+01  7.16855466E-01
1.86240699E-02  1.17674952E+01  5.89759946E-01
1.88707463E-02  1.11383390E+01  5.52841187E-01
1.91174227E-02  1.00706329E+01  5.05846441E-01
1.93640992E-02  8.69611645E+00  4.34592634E-01
1.96107756E-02  8.33448696E+00  4.23791707E-01
1.98574520E-02  7.66637182E+00  3.76538277E-01
2.01041284E-02  6.78785610E+00  3.32841337E-01
2.03508048E-02  5.96405745E+00  2.91178316E-01
2.05974813E-02  5.09408569E+00  2.37779498E-01
2.08441577E-02  4.59116936E+00  2.09266946E-01
2.10908341E-02  3.98746586E+00  1.77139163E-01
2.13375105E-02  3.82423639E+00  1.68816760E-01
2.15841870E-02  3.54222488E+00  1.56123608E-01
2.18308634E-02  3.27110744E+00  1.41767159E-01
2.20775398E-02  3.06861091E+00  1.26609638E-01
2.23242162E-02  2.75680280E+00  1.10195853E-01
2.25708926E-02  2.74654126E+00  1.08216412E-01
2.28175691E-02  2.53192306E+00  9.76833180E-02
2.30642455E-02  2.30591154E+00  8.61275941E-02
2.33109219E-02  2.21995974E+00  8.14762339E-02
2.35575983E-02  1.97643960E+00  6.77637979E-02
2.38042748E-02  1.87415659E+00  6.56308010E-02
2.40509512E-02  1.68015707E+00  5.48354685E-02
2.42976276E-02  1.58593798E+00  4.97989617E-02
2.45443040E-02  1.47875750E+00  4.71200235E-02
2.47909804E-02  1.39888346E+00  4.19445969E-02
2.50376569E-02  1.38322246E+00  4.01253738E-02
2.52843333E-02  1.34155476E+00  3.77505235E-02
2.55310097E-02  1.22838795E+00  3.48410457E-02
2.57776861E-02  1.19503903E+00  3.36725898E-02
2.60243626E-02  1.12746286E+00  3.01372502E-02
2.62710390E-02  1.09590864E+00  2.86083259E-02
2.65177154E-02  1.00313354E+00  2.47034263E-02
2.67643918E-02  9.66185510E-01  2.44470034E-02
2.70110682E-02  9.30139720E-01  2.27988753E-02
2.72577447E-02  8.75284135E-01  2.01090854E-02
2.75044211E-02  8.63810360E-01  2.02841889E-02
2.77510975E-02  8.13627541E-01  1.71398968E-02
2.79977739E-02  8.28953981E-01  1.70028415E-02
2.82444504E-02  7.61493981E-01  1.55138830E-02
2.84911268E-02  7.27579355E-01  1.52551234E-02
2.87378032E-02  7.15752304E-01  1.32924775E-02
2.89844796E-02  6.75904214E-01  1.21463770E-02
2.92311561E-02  6.59590244E-01  1.17848292E-02
2.94778325E-02  6.44428313E-01  1.12678595E-02
2.97245089E-02  6.16951466E-01  1.04641095E-02
2.99711853E-02  5.90180159E-01  9.76522546E-03
3.02178617E-02  5.81389904E-01  9.07346606E-03
3.04645382E-02  5.75540364E-01  9.49427858E-03
3.07112146E-02  5.67118466E-01  9.42043215E-03
3.09578910E-02  5.32737851E-01  8.62979610E-03
3.12045674E-02  5.29814303E-01  8.19546450E-03
3.14512439E-02  4.94404793E-01  7.51134707E-03
3.16979203E-02  5.00920832E-01  6.89091347E-03
3.19445967E-02  4.83942658E-01  6.99248863E-03
3.21912731E-02  4.66906369E-01  6.96046837E-03
3.24379495E-02  4.55853254E-01  6.10818435E-03
3.26846260E-02  4.53407198E-01  6.41332474E-03
3.29313024E-02  4.49177146E-01  6.14199787E-03
3.31779788E-02  4.37376142E-01  5.40671125E-03
3.34246552E-02  4.20977235E-01  5.34135988E-03
3.36713317E-02  4.10082012E-01  5.20898728E-03
3.39180081E-02  4.20109808E-01  5.21195307E-03
3.41646845E-02  3.99557769E-01  5.14054717E-03
3.44113609E-02  4.02495712E-01  4.56973072E-03
3.46580373E-02  3.77141863E-01  4.42106975E-03
3.49047138E-02  3.73731256E-01  4.13999427E-03
3.51513902E-02  3.82491320E-01  4.46149101E-03
3.53980666E-02  3.76975268E-01  4.29673353E-03
3.56447430E-02  3.50805283E-01  3.85070127E-03
3.58914195E-02  3.69938552E-01  3.98626784E-03
3.61380959E-02  3.46751750E-01  3.72614176E-03
3.63847723E-02  3.53179187E-01  3.99519596E-03
3.66314487E-02  3.53206694E-01  3.65310977E-03
3.68781251E-02  3.25897127E-01  3.80424527E-03
3.71248016E-02  3.40187699E-01  3.72842117E-03
3.73714780E-02  3.29551578E-01  3.69431684E-03
3.76181544E-02  3.27912211E-01  3.37094092E-03
3.78648308E-02  3.18608493E-01  3.33932275E-03
3.81115073E-02  3.23443621E-01  3.31258425E-03
3.83581837E-02  3.21780980E-01  3.20725166E-03
3.86048601E-02  3.18689466E-01  3.07671377E-03
3.88515365E-02  3.16462070E-01  3.33973113E-03
3.90982129E-02  3.07310849E-01  3.18214204E-03
3.93448894E-02  2.98838705E-01  2.88393442E-03
3.95915658E-02  2.96120912E-01  2.81865126E-03
3.98382422E-02  2.95682967E-01  2.90057925E-03
4.00849186E-02  2.83375502E-01  2.98663066E-03
4.03315951E-02  2.79573649E-01  2.85698310E-03
4.05782715E-02  2.76134968E-01  2.53662746E-03
4.08249479E-02  2.74600714E-01  2.63832859E-03
4.10716243E-02  2.86360532E-01  2.70786672E-03
4.13183007E-02  2.79574692E-01  2.65674805E-03
4.15649772E-02  2.57238001E-01  2.61810864E-03
4.18116536E-02  2.73680300E-01  2.64587672E-03
4.20583300E-02  2.67905861E-01  2.73161428E-03
4.23050064E-02  2.80426204E-01  2.80977832E-03
4.25516829E-02  2.63055742E-01  2.59147654E-03
4.27983593E-02  2.56812155E-01  2.51006777E-03
4.30450357E-02  2.49935150E-01  2.38919514E-03
4.32917121E-02  2.43126631E-01  2.43654195E-03
4.35383885E-02  2.55795598E-01  2.50099925E-03
4.37850650E-02  2.42735401E-01  2.37891893E-03
4.40317414E-02  2.31427655E-01  2.32459372E-03
4.42784178E-02  2.29462624E-01  2.22926028E-03
4.45250942E-02  2.22466514E-01  2.19411403E-03
4.47717707E-02  2.29748517E-01  2.14775954E-03
4.50184471E-02  2.30541110E-01  2.09472724E-03
4.52651235E-02  2.24460080E-01  2.06285971E-03
4.55117999E-02  2.20258310E-01  2.06599338E-03
4.57584764E-02  2.18752488E-01  2.08745035E-03
4.60051528E-02  2.15029553E-01  2.07646191E-03
4.62518292E-02  2.18598351E-01  1.96076138E-03
4.64985056E-02  2.14432955E-01  1.96760590E-03
4.67451820E-02  2.14160845E-01  2.05738633E-03
4.69918585E-02  2.11845949E-01  2.02009943E-03
4.72385349E-02  2.09909841E-01  1.89629698E-03
4.74852113E-02  2.19107822E-01  1.92798895E-03
4.77318877E-02  2.09317923E-01  2.04049284E-03
4.79785642E-02  2.05026120E-01  1.95828476E-03
4.82252406E-02  2.07440764E-01  1.99473859E-03
4.84719170E-02  1.97995543E-01  1.92367053E-03
4.87185934E-02  1.94409043E-01  1.93221238E-03
4.89652698E-02  2.00343758E-01  1.91008055E-03
4.92119463E-02  2.00050682E-01  1.86183688E-03
4.94586227E-02  1.91143990E-01  1.82801113E-03
4.97052991E-02  1.98359698E-01  1.92882761E-03
4.99519755E-02  1.87402532E-01  1.77995465E-03
5.01986520E-02  1.97263226E-01  1.88755454E-03
5.04453284E-02  1.98896587E-01  1.70805899E-03
5.06920048E-02  1.93636641E-01  1.69194781E-03
5.09386812E-02  1.97500259E-01  1.84731698E-03
5.11853576E-02  1.96683764E-01  1.81452790E-03
5.14320341E-02  1.98572889E-01  1.81175594E-03
5.16787105E-02  1.95057169E-01  1.80287380E-03
5.19253869E-02  1.97209999E-01  1.69301301E-03
5.21720633E-02  1.92928180E-01  1.73535931E-03
5.24187398E-02  1.97567120E-01  1.74012990E-03
5.26654162E-02  1.90169916E-01  1.62558560E-03
5.29120926E-02  1.93317726E-01  1.73068454E-03
5.31587690E-02  1.96489766E-01  1.68945582E-03
5.34054454E-02  1.88774496E-01  1.66290568E-03
5.36521219E-02  1.89654261E-01  1.68964174E-03
5.38987983E-02  1.91175908E-01  1.72338961E-03
5.41454747E-02  1.95144683E-01  1.79761054E-03
5.43921511E-02  1.96268260E-01  1.69521582E-03
5.46388276E-02  1.95039093E-01  1.72254711E-03
5.48855040E-02  1.95932046E-01  1.69119716E-03
5.51321804E-02  1.96624815E-01  1.76446151E-03
5.53788568E-02  1.93509161E-01  1.75768207E-03
5.56255332E-02  2.01451436E-01  1.71550945E-03
5.58722097E-02  1.97291940E-01  1.69562479E-03
5.61188861E-02  2.02986881E-01  1.75192079E-03
5.63655625E-02  1.94922596E-01  1.66735949E-03
5.66122389E-02  2.04353005E-01  1.71543285E-03
5.68589154E-02  2.08504036E-01  1.73698342E-03
5.71055918E-02  2.09428161E-01  1.75144675E-03
5.73522682E-02  2.00465158E-01  1.68021664E-03
5.75989446E-02  2.02988446E-01  1.69806497E-03
5.78456210E-02  2.12007105E-01  1.68934476E-03
5.80922975E-02  2.04228222E-01  1.67844503E-03
5.83389739E-02  2.13671416E-01  1.70981174E-03
5.85856503E-02  2.07849711E-01  1.66326272E-03
5.88323267E-02  2.13090762E-01  1.80251291E-03
5.90790032E-02  2.15166658E-01  1.69814145E-03
5.93256796E-02  2.19760284E-01  1.73393195E-03
5.95723560E-02  2.13560313E-01  1.78956892E-03
5.98190324E-02  2.17320457E-01  1.75794133E-03
6.00657088E-02  2.14052305E-01  1.78993982E-03
6.03123853E-02  2.06408948E-01  1.63345155E-03
6.05590617E-02  2.21079424E-01  1.78121123E-03
6.08057381E-02  2.16895983E-01  1.70690427E-03
6.10524145E-02  2.15407029E-01  1.76342099E-03
6.12990910E-02  2.02157438E-01  1.68651342E-03
6.15457674E-02  2.10813478E-01  1.68684905E-03
6.17924438E-02  2.18657047E-01  1.70518702E-03
6.20391202E-02  2.19525710E-01  1.71385868E-03
6.22857966E-02  2.14813799E-01  1.70041609E-03
6.25324731E-02  2.17436492E-01  1.82981498E-03
6.27791495E-02  2.19177604E-01  1.70688867E-03
6.30258259E-02  2.28780463E-01  1.75449904E-03
6.32725023E-02  2.35956505E-01  1.72817893E-03
6.35191788E-02  2.31161460E-01  1.73217885E-03
6.37658552E-02  2.30302617E-01  1.71977049E-03
6.40125316E-02  2.37366483E-01  1.75151031E-03
6.42592080E-02  2.34042823E-01  1.79462857E-03
6.45058845E-02  2.35664442E-01  1.76814559E-03
6.47525609E-02  2.43729711E-01  1.82512274E-03
6.49992373E-02  2.45757759E-01  1.87217572E-03
6.52459137E-02  2.49432504E-01  1.81317690E-03
6.54925901E-02  2.67734528E-01  1.95733691E-03
6.57392666E-02  2.69267470E-01  1.91980519E-03
6.59859430E-02  2.59157032E-01  1.96408061E-03
6.62326194E-02  2.82374859E-01  2.05044099E-03
6.64792958E-02  2.72975475E-01  2.03908468E-03
6.67259723E-02  2.82669902E-01  2.05061259E-03
6.69726487E-02  2.86047161E-01  2.04505632E-03
6.72193251E-02  3.04130346E-01  2.21468881E-03
6.74660015E-02  3.04227889E-01  2.20537931E-03
6.77126779E-02  3.14446360E-01  2.26854696E-03
6.79593544E-02  3.23283792E-01  2.26008357E-03
6.82060308E-02  3.31869841E-01  2.40098080E-03
6.84527072E-02  3.40882838E-01  2.52067274E-03
6.86993836E-02  3.52898598E-01  2.54488364E-03
6.89460601E-02  3.66280496E-01  2.60136207E-03
6.91927365E-02  3.81003529E-01  2.92400294E-03
6.94394129E-02  3.85824710E-01  2.79828906E-03
6.96860893E-02  3.96563590E-01  3.17009771E-03
6.99327657E-02  4.17928606E-01  3.22093163E-03
7.01794422E-02  4.31917131E-01  3.42638674E-03
7.04261186E-02  4.63112622E-01  3.78367282E-03
7.06727950E-02  4.74715531E-01  3.90166347E-03
7.09194714E-02  5.09296775E-01  4.27763350E-03
7.11661479E-02  5.16795337E-01  4.44600498E-03
7.14128243E-02  5.46813369E-01  4.51308116E-03
7.16595007E-02  5.48602581E-01  4.59756749E-03
7.19061771E-02  5.65016508E-01  4.42658272E-03
7.21528535E-02  5.84466815E-01  4.46584541E-03
7.23995300E-02  5.95473766E-01  4.39591007E-03
7.26462064E-02  6.09065950E-01  4.37153829E-03
7.28928828E-02  6.22512937E-01  4.28083818E-03
7.31395592E-02  6.44212067E-01  4.37372504E-03
7.33862357E-02  6.37058496E-01  4.26373491E-03
7.36329121E-02  6.41793251E-01  4.28239303E-03
7.38795885E-02  6.69825017E-01  4.44687158E-03
7.41262649E-02  6.78030610E-01  4.68542706E-03
7.43729413E-02  6.89670265E-01  4.63722274E-03
7.46196178E-02  6.95156336E-01  4.78982693E-03
7.48662942E-02  7.14347839E-01  4.86562401E-03
7.51129706E-02  7.23926604E-01  5.17799286E-03
7.53596470E-02  7.02557504E-01  4.66020685E-03
7.56063235E-02  7.21375465E-01  4.97433776E-03
7.58529999E-02  7.22363532E-01  4.87280590E-03
7.60996763E-02  7.25940645E-01  4.68524499E-03
7.63463527E-02  7.18988061E-01  4.74894559E-03
7.65930291E-02  7.27930129E-01  4.73404257E-03
7.68397056E-02  7.16204464E-01  4.57561808E-03
7.70863820E-02  7.18127728E-01  4.39967820E-03
7.73330584E-02  7.26786137E-01  4.32841573E-03
7.75797348E-02  7.26292074E-01  4.18697903E-03
7.78264113E-02  7.44253039E-01  4.41432698E-03
7.80730877E-02  7.27489591E-01  4.33320319E-03
7.83197641E-02  7.42133856E-01  4.34185611E-03
7.85664405E-02  7.32474983E-01  4.25125472E-03
7.88131169E-02  7.15158105E-01  3.85773182E-03
7.90597934E-02  6.91854775E-01  3.80846672E-03
7.93064698E-02  6.62477553E-01  3.43233091E-03
7.95531462E-02  6.48080289E-01  3.27443215E-03
7.97998226E-02  6.24733865E-01  3.08322906E-03
8.00464991E-02  6.02245092E-01  3.05348914E-03
8.02931755E-02  5.79353213E-01  2.90389080E-03
8.05398519E-02  5.61235905E-01  2.77274824E-03
8.07865283E-02  5.54847240E-01  2.75001628E-03
8.10332047E-02  5.35645008E-01  2.68585631E-03
8.12798812E-02  5.26055276E-01  2.72693136E-03
8.15265576E-02  5.18951952E-01  2.67062406E-03
8.17732340E-02  4.98114228E-01  2.49730493E-03
8.20199104E-02  5.00068069E-01  2.45085056E-03
8.22665869E-02  4.89799112E-01  2.45775608E-03
8.25132633E-02  4.78520066E-01  2.50794552E-03
8.27599397E-02  4.70532566E-01  2.33077141E-03
8.30066161E-02  4.73329902E-01  2.40790355E-03
8.32532926E-02  4.75330949E-01  2.47225794E-03
8.34999690E-02  4.57489729E-01  2.33030668E-03
8.37466454E-02  4.49935615E-01  2.25052075E-03
8.39933218E-02  4.38041568E-01  2.32581887E-03
8.42399982E-02  4.51696336E-01  2.30864901E-03
8.44866747E-02  4.33794200E-01  2.21538357E-03
8.47333511E-02  4.33480471E-01  2.24992377E-03
8.49800275E-02  4.32214439E-01  2.21893308E-03
8.52267039E-02  4.32704836E-01  2.20249314E-03
8.54733804E-02  4.29089457E-01  2.21881736E-03
8.57200568E-02  4.27192330E-01  2.26805918E-03
8.59667332E-02  4.14292067E-01  2.24302593E-03
8.62134096E-02  4.21853304E-01  2.24941387E-03
8.64600860E-02  4.25581813E-01  2.21942784E-03
8.67067625E-02  4.15861756E-01  2.20679888E-03
8.69534389E-02  4.15055931E-01  2.17747572E-03
8.72001153E-02  4.15685356E-01  2.17315438E-03
8.74467917E-02  4.11490560E-01  2.16193241E-03
8.76934682E-02  4.22230452E-01  2.26253481E-03
8.79401446E-02  4.18198198E-01  2.15993938E-03
8.81868210E-02  4.07878071E-01  2.22830521E-03
8.84334974E-02  4.08315718E-01  2.11103819E-03
8.86801738E-02  3.99269760E-01  2.21836520E-03
8.89268503E-02  4.06127185E-01  2.16370192E-03
8.91735267E-02  4.02427018E-01  2.19640508E-03
8.94202031E-02  4.06720728E-01  2.11532577E-03
8.96668795E-02  4.09165770E-01  2.12087017E-03
8.99135560E-02  4.03453827E-01  2.12965324E-03
9.01602324E-02  4.04797673E-01  2.13477574E-03
9.04069088E-02  4.03120399E-01  2.10093916E-03
9.06535852E-02  4.07736629E-01  2.12082802E-03
9.09002616E-02  4.02324229E-01  2.11796770E-03
9.11469381E-02  4.01047677E-01  2.13863421E-03
9.13936145E-02  4.02777314E-01  2.16522370E-03
9.16402909E-02  3.93675506E-01  2.06114026E-03
9.18869673E-02  4.00983840E-01  2.14048056E-03
9.21336438E-02  4.00306970E-01  2.09572935E-03
9.23803202E-02  3.94307375E-01  2.10617715E-03
9.26269966E-02  3.96507502E-01  2.09133211E-03
9.28736730E-02  4.03117150E-01  2.03429232E-03
9.31203494E-02  3.94417435E-01  2.09901668E-03
9.33670259E-02  4.00448173E-01  2.13447632E-03
9.36137023E-02  4.04800773E-01  2.08535232E-03
9.38603787E-02  4.07107711E-01  2.12178472E-03
9.41070551E-02  4.03216064E-01  2.13837461E-03
9.43537316E-02  3.95282596E-01  2.07116408E-03
9.46004080E-02  4.11442220E-01  2.08927225E-03
9.48470844E-02  4.13369298E-01  2.05880799E-03
9.50937608E-02  4.06364292E-01  2.26130849E-03
9.53404372E-02  4.05572683E-01  2.06180895E-03
9.55871137E-02  4.03971046E-01  2.19638436E-03
9.58337901E-02  4.08408910E-01  2.16878112E-03
9.60804665E-02  4.06721115E-01  2.12757266E-03
9.63271429E-02  4.08474535E-01  2.13273545E-03
9.65738194E-02  4.10895050E-01  2.15613795E-03
9.68204958E-02  4.21894729E-01  2.12367321E-03
9.70671722E-02  4.09165889E-01  2.07121740E-03
9.73138486E-02  4.10262048E-01  2.17372342E-03
9.75605250E-02  4.21479970E-01  2.09252350E-03
9.78072015E-02  4.14510339E-01  2.14716280E-03
9.80538779E-02  4.19568449E-01  2.08418444E-03
9.83005543E-02  4.20390040E-01  2.12578941E-03
9.85472307E-02  4.18149352E-01  2.14354764E-03
9.87939072E-02  4.31990176E-01  2.17356766E-03
9.90405836E-02  4.26228553E-01  2.07168958E-03
9.92872600E-02  4.21612859E-01  2.10939650E-03
9.95339364E-02  4.24307346E-01  2.21886160E-03
9.97806128E-02  4.36131120E-01  2.23781774E-03
1.00027289E-01  4.29571807E-01  2.15033465E-03
1.00273966E-01  4.38967347E-01  2.14495440E-03
1.00520642E-01  4.38014299E-01  2.12597311E-03
1.00767319E-01  4.35169548E-01  2.15350767E-03
1.01013995E-01  4.45964038E-01  2.16840464E-03
1.01260671E-01  4.54329699E-01  2.25670729E-03
1.01507348E-01  4.47488546E-01  2.16111937E-03
1.01754024E-01  4.47096616E-01  2.21119239E-03
1.02000701E-01  4.60324764E-01  2.15548067E-03
1.02247377E-01  4.64018971E-01  2.24046595E-03
1.02494053E-01  4.60845709E-01  2.20253109E-03
1.02740730E-01  4.73497719E-01  2.23694486E-03
1.02987406E-01  4.73363429E-01  2.32992205E-03
1.03234083E-01  4.58967209E-01  2.25868425E-03
1.03480759E-01  4.66622561E-01  2.17075227E-03
1.03727436E-01  4.74221408E-01  2.23200931E-03
1.03974112E-01  4.76825625E-01  2.21503945E-03
1.04220788E-01  4.83145267E-01  2.32118554E-03
1.04467465E-01  4.86561358E-01  2.24293978E-03
1.04714141E-01  4.91326660E-01  2.29239301E-03
1.04960818E-01  4.97369766E-01  2.30105733E-03
1.05207494E-01  4.98866588E-01  2.29820213E-03
1.05454171E-01  5.08288145E-01  2.45375535E-03
1.05700847E-01  5.02243042E-01  2.36887974E-03
1.05947523E-01  5.07310271E-01  2.35920027E-03
1.06194200E-01  5.16105533E-01  2.39903270E-03
1.06440876E-01  5.15507460E-01  2.39957613E-03
1.06687553E-01  5.18327117E-01  2.42433907E-03
1.06934229E-01  5.34866452E-01  2.47687544E-03
1.07180906E-01  5.32154262E-01  2.53681908E-03
1.07427582E-01  5.45634687E-01  2.55114795E-03
1.07674258E-01  5.43155849E-01  2.53883516E-03
1.07920935E-01  5.47202528E-01  2.46313354E-03
1.08167611E-01  5.44902682E-01  2.48118630E-03
1.08414288E-01  5.54040730E-01  2.63094623E-03
1.08660964E-01  5.75413525E-01  2.58792052E-03
1.08907640E-01  5.64692020E-01  2.53147911E-03
1.09154317E-01  5.82413852E-01  2.71361065E-03
1.09400993E-01  5.86886168E-01  2.73777917E-03
1.09647670E-01  5.98356605E-01  2.84651387E-03
1.09894346E-01  6.06299222E-01  2.71184300E-03
1.10141023E-01  6.09344304E-01  2.84471223E-03
1.10387699E-01  6.01009190E-01  2.80754990E-03
1.10634375E-01  6.04514241E-01  2.81038950E-03
1.10881052E-01  6.31145239E-01  2.92656454E-03
1.11127728E-01  6.24704599E-01  2.85824249E-03
1.11374405E-01  6.26793921E-01  2.89877062E-03
1.11621081E-01  6.36200130E-01  2.91161379E-03
1.11867758E-01  6.37939155E-01  2.88406992E-03
1.12114434E-01  6.45340919E-01  2.91060912E-03
1.12361110E-01  6.35840476E-01  2.98374752E-03
1.12607787E-01  6.64052248E-01  3.03991372E-03
1.12854463E-01  6.51196420E-01  3.04820365E-03
1.13101140E-01  6.47417784E-01  2.96682236E-03
1.13347816E-01  6.53519332E-01  3.00395489E-03
1.13594493E-01  6.48523927E-01  3.00968252E-03
1.13841169E-01  6.45536780E-01  3.07136751E-03
1.14087845E-01  6.57794476E-01  3.06365336E-03
1.14334522E-01  6.46663249E-01  2.85876193E-03
1.14581198E-01  6.57409608E-01  2.97957589E-03
1.14827875E-01  6.51170313E-01  3.03965667E-03
1.15074551E-01  6.46661401E-01  2.90893577E-03
1.15321227E-01  6.41480863E-01  2.90993042E-03
1.15567904E-01  6.39036238E-01  2.88209668E-03
1.15814580E-01  6.39250755E-01  2.87617417E-03
1.16061257E-01  6.27874613E-01  2.83783674E-03
1.16307933E-01  6.14918292E-01  2.91072321E-03
1.16554610E-01  6.23314619E-01  2.92421505E-03
1.16801286E-01  6.13519490E-01  2.91499286E-03
1.17047962E-01  6.02902651E-01  2.75799981E-03
1.17294639E-01  5.86775184E-01  2.75606383E-03
1.17541315E-01  5.90194166E-01  2.81512411E-03
1.17787992E-01  5.99068165E-01  2.74842861E-03
1.18034668E-01  5.92747986E-01  2.77624512E-03
1.18281345E-01  5.80807030E-01  2.64262152E-03
1.18528021E-01  5.69506645E-01  2.53867893E-03
1.18774697E-01  5.62187910E-01  2.69161630E-03
1.19021374E-01  5.63821018E-01  2.61807395E-03
1.19268050E-01  5.59757411E-01  2.54091737E-03
1.19514727E-01  5.51311851E-01  2.52618012E-03
1.19761403E-01  5.45887649E-01  2.46190373E-03
1.20008079E-01  5.32645404E-01  2.37690052E-03
1.20254756E-01  5.50118446E-01  2.51350598E-03
1.20501432E-01  5.40563405E-01  2.51787785E-03
1.20748109E-01  5.33756018E-01  2.33207201E-03
1.20994785E-01  5.32774568E-01  2.48759566E-03
1.21241462E-01  5.19986391E-01  2.43049487E-03
1.21488138E-01  5.27355313E-01  2.41143070E-03
1.21734814E-01  5.16729176E-01  2.31160456E-03
1.21981491E-01  5.10971904E-01  2.34870194E-03
1.22228167E-01  5.18055618E-01  2.36965413E-03
1.22474844E-01  5.07109284E-01  2.29950342E-03
1.22721520E-01  5.13485789E-01  2.32934509E-03
1.22968197E-01  5.04254699E-01  2.27012299E-03
1.23214873E-01  4.95046437E-01  2.21348833E-03
1.23461549E-01  5.13442934E-01  2.33864831E-03
1.23708226E-01  4.96433228E-01  2.20902706E-03
1.23954902E-01  4.86457407E-01  2.08215462E-03
1.24201579E-01  4.98549134E-01  2.28250748E-03
1.24448255E-01  4.83292460E-01  2.18886952E-03
1.24694932E-01  4.81457561E-01  2.12903880E-03
1.24941608E-01  4.87399906E-01  2.24557798E-03
1.25188284E-01  4.85306084E-01  2.15793890E-03
1.25434961E-01  4.80393440E-01  2.21314095E-03
1.25681637E-01  4.68796790E-01  2.13565351E-03
1.25928314E-01  4.67488796E-01  2.20108824E-03
1.26174990E-01  4.62489694E-01  2.10193545E-03
1.26421666E-01  4.70381707E-01  2.15983391E-03
1.26668343E-01  4.70651239E-01  2.08188780E-03
1.26915019E-01  4.61593449E-01  2.08647875E-03
1.27161696E-01  4.67974007E-01  2.06777710E-03
1.27408372E-01  4.70920563E-01  2.17629108E-03
1.27655049E-01  4.62958574E-01  2.13387609E-03
1.27901725E-01  4.61065948E-01  2.05620052E-03
1.28148401E-01  4.56653953E-01  2.01086234E-03
1.28395078E-01  4.46217269E-01  2.06630048E-03
1.28641754E-01  4.55680102E-01  2.04265746E-03
1.28888431E-01  4.55679178E-01  2.18785880E-03
1.29135107E-01  4.46293354E-01  1.97645696E-03
1.29381784E-01  4.53854144E-01  2.03247531E-03
1.29628460E-01  4.49076861E-01  2.01499369E-03
1.29875136E-01  4.47394490E-01  2.01821839E-03
1.30121813E-01  4.41892773E-01  2.07018433E-03
1.30368489E-01  4.53430176E-01  1.97187020E-03
1.30615166E-01  4.32116598E-01  1.99991069E-03
1.30861842E-01  4.32784140E-01  1.90576876E-03
1.31108518E-01  4.28356946E-01  1.93687703E-03
1.31355195E-01  4.34495926E-01  1.99533324E-03
1.31601871E-01  4.29619014E-01  1.93783140E-03
1.31848548E-01  4.26648557E-01  1.97390839E-03
1.32095224E-01  4.35666233E-01  1.94902276E-03
1.32341901E-01  4.16206747E-01  1.93235977E-03
1.32588577E-01  4.35337901E-01  1.97298988E-03
1.32835253E-01  4.31995302E-01  1.97233865E-03
1.33081930E-01  4.21028405E-01  1.94004877E-03
1.33328606E-01  4.11639869E-01  1.88044051E-03
1.33575283E-01  4.23009157E-01  2.00569816E-03
1.33821959E-01  4.29289907E-01  1.88245170E-03
1.34068636E-01  4.15973932E-01  1.88794616E-03
1.34315312E-01  4.21176672E-01  1.86941400E-03
1.34561988E-01  4.09324467E-01  1.86982902E-03
1.34808665E-01  4.12726015E-01  1.91029033E-03
1.35055341E-01  4.09391731E-01  1.90182030E-03
1.35302018E-01  4.21041101E-01  1.95062498E-03
1.35548694E-01  4.07145381E-01  1.90468668E-03
1.35795371E-01  4.08597708E-01  1.91255822E-03
1.36042047E-01  4.06703651E-01  1.83704158E-03
1.36288723E-01  3.92977357E-01  1.81932002E-03
1.36535400E-01  4.03988719E-01  1.87723071E-03
1.36782076E-01  3.99151504E-01  1.83374109E-03
1.37028753E-01  3.99215668E-01  1.83686719E-03
1.37275429E-01  3.93037975E-01  1.81272952E-03
1.37522105E-01  3.96335959E-01  1.77657721E-03
1.37768782E-01  3.93130511E-01  1.78800244E-03
1.38015458E-01  3.99411827E-01  1.84907997E-03
1.38262135E-01  3.93022269E-01  1.74499955E-03
1.38508811E-01  3.91151518E-01  1.77708454E-03
1.38755488E-01  4.07001942E-01  1.81900384E-03
1.39002164E-01  3.94380838E-01  1.77081383E-03
1.39248840E-01  3.93226147E-01  1.70941360E-03
1.39495517E-01  3.86382818E-01  1.79789029E-03
1.39742193E-01  3.87542367E-01  1.76827144E-03
1.39988870E-01  3.80811691E-01  1.72422908E-03
1.40235546E-01  3.88325095E-01  1.80542457E-03
1.40482223E-01  3.82530421E-01  1.78732595E-03
1.40728899E-01  3.90245616E-01  1.75348413E-03
1.40975575E-01  3.78207386E-01  1.77694391E-03
1.41222252E-01  3.82516772E-01  1.80287776E-03
1.41468928E-01  3.81002426E-01  1.74450059E-03
1.41715605E-01  3.78811181E-01  1.75192568E-03
1.41962281E-01  3.74163687E-01  1.74828491E-03
1.42208957E-01  3.69642079E-01  1.71885220E-03
1.42455634E-01  3.70803326E-01  1.73370785E-03
1.42702310E-01  3.77183974E-01  1.73946295E-03
1.42948987E-01  3.74544233E-01  1.73053390E-03
1.43195663E-01  3.69245142E-01  1.71404670E-03
1.43442340E-01  3.68612558E-01  1.70667854E-03
1.43689016E-01  3.76877606E-01  1.73504534E-03
1.43935692E-01  3.68630320E-01  1.70578144E-03
1.44182369E-01  3.78945708E-01  1.69562700E-03
1.44429045E-01  3.58644873E-01  1.67821045E-03
1.44675722E-01  3.65459323E-01  1.67506386E-03
1.44922398E-01  3.67969096E-01  1.67791103E-03
1.45169075E-01  3.64099830E-01  1.66422606E-03
1.45415751E-01  3.62965107E-01  1.64785015E-03
1.45662427E-01  3.74183625E-01  1.65313156E-03
1.45909104E-01  3.61084580E-01  1.61060388E-03
1.46155780E-01  3.57351005E-01  1.68573239E-03
1.46402457E-01  3.60055804E-01  1.69173779E-03
1.46649133E-01  3.68140638E-01  1.72083371E-03
1.46895810E-01  3.48752022E-01  1.66435202E-03
1.47142486E-01  3.58217865E-01  1.67150295E-03
1.47389162E-01  3.59944016E-01  1.66748138E-03
1.47635839E-01  3.61622036E-01  1.61021505E-03
1.47882515E-01  3.60033035E-01  1.66259380E-03
1.48129192E-01  3.55290264E-01  1.64716761E-03
1.48375868E-01  3.56602728E-01  1.65003270E-03
1.48622544E-01  3.50156128E-01  1.54303026E-03
1.48869221E-01  3.49885553E-01  1.57347089E-03
1.49115897E-01  3.49822611E-01  1.59167242E-03
1.49362574E-01  3.47832352E-01  1.56801322E-03
1.49609250E-01  3.42318118E-01  1.61270169E-03
1.49855927E-01  3.41559440E-01  1.60980341E-03
1.50102603E-01  3.38590324E-01  1.55918219E-03
1.50349279E-01  3.51704538E-01  1.65415287E-03
1.50595956E-01  3.41067672E-01  1.59510970E-03
1.50842632E-01  3.54190797E-01  1.55691081E-03
1.51089309E-01  3.37003231E-01  1.51688152E-03
1.51335985E-01  3.35203886E-01  1.54202909E-03
1.51582662E-01  3.35922986E-01  1.56074576E-03
1.51829338E-01  3.42031360E-01  1.58910127E-03
1.52076014E-01  3.30267489E-01  1.55830511E-03
1.52322691E-01  3.28509152E-01  1.50674046E-03
1.52569367E-01  3.27942908E-01  1.54326973E-03
1.52816044E-01  3.22333664E-01  1.51305995E-03
1.53062720E-01  3.27885866E-01  1.50488864E-03
1.53309397E-01  3.27065945E-01  1.47861475E-03
1.53556073E-01  3.26106429E-01  1.53112761E-03
1.53802749E-01  3.25480133E-01  1.50123343E-03
1.54049426E-01  3.27262193E-01  1.55261764E-03
1.54296102E-01  3.22448164E-01  1.45798491E-03
1.54542779E-01  3.14475298E-01  1.51557848E-03
1.54789455E-01  3.13004673E-01  1.51806918E-03
1.55036131E-01  3.18305731E-01  1.51888269E-03
1.55282808E-01  3.08453441E-01  1.43195130E-03
1.55529484E-01  3.12078089E-01  1.43556646E-03
1.55776161E-01  3.12404454E-01  1.46253279E-03
1.56022837E-01  3.14318776E-01  1.46208890E-03
1.56269514E-01  3.08488846E-01  1.48144888E-03
1.56516190E-01  3.06099057E-01  1.47211086E-03
1.56762866E-01  3.10308635E-01  1.43745414E-03
1.57009543E-01  3.03351223E-01  1.42633531E-03
1.57256219E-01  2.98077285E-01  1.37906347E-03
1.57502896E-01  3.02965313E-01  1.41624000E-03
1.57749572E-01  2.97088385E-01  1.42008124E-03
1.57996249E-01  3.03140104E-01  1.44976669E-03
1.58242925E-01  2.95316130E-01  1.39845861E-03
1.58489601E-01  2.88875341E-01  1.41247711E-03
1.58736278E-01  2.94415385E-01  1.40492152E-03
1.58982954E-01  2.89971352E-01  1.37491163E-03
1.59229631E-01  2.83713043E-01  1.36951392E-03
1.59476307E-01  2.84002542E-01  1.38614711E-03
1.59722983E-01  2.82538444E-01  1.34836999E-03
1.59969660E-01  2.85218596E-01  1.39696291E-03
1.60216336E-01  2.79875517E-01  1.32571894E-03
1.60463013E-01  2.79093087E-01  1.36921601E-03
1.60709689E-01  2.73470551E-01  1.34097470E-03
1.60956366E-01  2.70615727E-01  1.32533803E-03
1.61203042E-01  2.75517523E-01  1.33026915E-03
1.61449718E-01  2.77572840E-01  1.34630932E-03
1.61696395E-01  2.66851693E-01  1.32514688E-03
1.61943071E-01  2.65967131E-01  1.27375242E-03
1.62189748E-01  2.73136348E-01  1.30786037E-03
1.62436424E-01  2.65235424E-01  1.31363689E-03
1.62683101E-01  2.62997955E-01  1.28328905E-03
1.62929777E-01  2.61289001E-01  1.29140564E-03
1.63176453E-01  2.66013294E-01  1.31624588E-03
1.63423130E-01  2.58089066E-01  1.28318195E-03
1.63669806E-01  2.57318825E-01  1.29582791E-03
1.63916483E-01  2.54668474E-01  1.29371951E-03
1.64163159E-01  2.54689962E-01  1.28595508E-03
1.64409836E-01  2.51987040E-01  1.31401781E-03
1.64656512E-01  2.43366584E-01  1.21199922E-03
1.64903188E-01  2.43881822E-01  1.26178504E-03
1.65149865E-01  2.51782894E-01  1.22142467E-03
1.65396541E-01  2.40269214E-01  1.22775254E-03
1.65643218E-01  2.40787730E-01  1.26501592E-03
1.65889894E-01  2.39451304E-01  1.20757089E-03
1.66136570E-01  2.43399322E-01  1.23184710E-03
1.66383247E-01  2.44972110E-01  1.22905744E-03
1.66629923E-01  2.42582038E-01  1.25873822E-03
1.66876600E-01  2.37767965E-01  1.24694861E-03
1.67123276E-01  2.39015043E-01  1.17102906E-03
1.67369953E-01  2.31946662E-01  1.17887114E-03
1.67616629E-01  2.30548277E-01  1.17756822E-03
1.67863305E-01  2.32335806E-01  1.21001829E-03
1.68109982E-01  2.30282009E-01  1.18678610E-03
1.68356658E-01  2.27669656E-01  1.19100686E-03
1.68603335E-01  2.20505774E-01  1.15286501E-03
1.68850011E-01  2.28451520E-01  1.17215875E-03
1.69096688E-01  2.23202094E-01  1.17881654E-03
1.69343364E-01  2.23333761E-01  1.15119771E-03
1.69590040E-01  2.29362860E-01  1.18555350E-03
1.69836717E-01  2.22581476E-01  1.16900331E-03
1.70083393E-01  2.25509718E-01  1.15953793E-03
1.70330070E-01  2.13447705E-01  1.10157509E-03
1.70576746E-01  2.15110362E-01  1.13867631E-03
1.70823422E-01  2.13584438E-01  1.12850743E-03
1.71070099E-01  2.14020818E-01  1.14890945E-03
1.71316775E-01  2.12835401E-01  1.13601598E-03
1.71563452E-01  2.12332115E-01  1.13537151E-03
1.71810128E-01  2.08372146E-01  1.11356936E-03
1.72056805E-01  2.08759725E-01  1.11116283E-03
1.72303481E-01  2.12670222E-01  1.11802144E-03
1.72550157E-01  2.10808486E-01  1.12194405E-03
1.72796834E-01  2.06627056E-01  1.11393735E-03
1.73043510E-01  1.99691832E-01  1.07499980E-03
1.73290187E-01  2.05866024E-01  1.09369715E-03
1.73536863E-01  2.02890188E-01  1.09869847E-03
1.73783540E-01  2.02191606E-01  1.07935723E-03
1.74030216E-01  2.02030808E-01  1.10207382E-03
1.74276892E-01  1.97891250E-01  1.08642259E-03
1.74523569E-01  1.93345353E-01  1.04426360E-03
1.74770245E-01  2.03911424E-01  1.07369735E-03
1.75016922E-01  1.95822671E-01  1.06216781E-03
1.75263598E-01  2.02075362E-01  1.11777813E-03
1.75510275E-01  1.94715366E-01  1.05865486E-03
1.75756951E-01  1.93434477E-01  1.05825008E-03
1.76003627E-01  1.88522339E-01  1.03434292E-03
1.76250304E-01  1.91040158E-01  1.03216548E-03
1.76496980E-01  1.89725861E-01  1.09038979E-03
1.76743657E-01  1.85281932E-01  1.01203320E-03
1.76990333E-01  1.86255872E-01  1.02276390E-03
1.77237009E-01  1.87297210E-01  1.02865486E-03
1.77483686E-01  1.83713272E-01  1.01030665E-03
1.77730362E-01  1.82045981E-01  1.02255435E-03
1.77977039E-01  1.80626452E-01  9.96818184E-04
1.78223715E-01  1.79010063E-01  1.00638764E-03
1.78470392E-01  1.77771896E-01  9.77936434E-04
1.78717068E-01  1.80438936E-01  1.00745878E-03
1.78963744E-01  1.79839984E-01  9.95198963E-04
1.79210421E-01  1.75472945E-01  9.69821529E-04
1.79457097E-01  1.73453614E-01  9.56284639E-04
1.79703774E-01  1.76006064E-01  9.79339704E-04
1.79950450E-01  1.74749583E-01  9.84337414E-04
1.80197127E-01  1.75125331E-01  9.82598634E-04
1.80443803E-01  1.73810363E-01  1.00381661E-03
1.80690479E-01  1.68694600E-01  9.82252299E-04
1.80937156E-01  1.66232094E-01  9.36069002E-04
1.81183832E-01  1.69253215E-01  9.36295313E-04
1.81430509E-01  1.68704346E-01  9.65287734E-04
1.81677185E-01  1.67701900E-01  9.34485695E-04
1.81923861E-01  1.64638698E-01  9.17439116E-04
1.82170538E-01  1.62626401E-01  9.29625705E-04
1.82417214E-01  1.62619695E-01  9.31344053E-04
1.82663891E-01  1.60591692E-01  9.17649653E-04
1.82910567E-01  1.59161180E-01  9.13053052E-04
1.83157244E-01  1.60432547E-01  9.12764168E-04
1.83403920E-01  1.65349022E-01  9.39958903E-04
1.83650596E-01  1.56843215E-01  9.30030772E-04
1.83897273E-01  1.62068784E-01  9.27745423E-04
1.84143949E-01  1.55710474E-01  9.37615638E-04
1.84390626E-01  1.63061246E-01  9.40360187E-04
1.84637302E-01  1.56224608E-01  9.19203041E-04
1.84883979E-01  1.53085917E-01  9.10282426E-04
1.85130655E-01  1.57456771E-01  9.20324528E-04
1.85377331E-01  1.51718840E-01  9.27549670E-04
1.85624008E-01  1.51026621E-01  8.90386640E-04
1.85870684E-01  1.50153503E-01  9.04540182E-04
1.86117361E-01  1.45774439E-01  8.82184540E-04
1.86364037E-01  1.44744486E-01  8.58320505E-04
1.86610714E-01  1.41538426E-01  8.43411370E-04
1.86857390E-01  1.49506405E-01  8.85955291E-04
1.87104066E-01  1.43494427E-01  8.73978832E-04
1.87350743E-01  1.44124821E-01  8.82387860E-04
1.87597419E-01  1.39209956E-01  8.28711025E-04
1.87844096E-01  1.45245150E-01  8.84050387E-04
1.88090772E-01  1.43772691E-01  8.64440459E-04
1.88337448E-01  1.37434378E-01  8.50480574E-04
1.88584125E-01  1.44046426E-01  8.50275217E-04
1.88830801E-01  1.42562792E-01  8.48808791E-04
1.89077478E-01  1.35717452E-01  8.51062126E-04
1.89324154E-01  1.40352398E-01  8.39104876E-04
1.89570831E-01  1.33075863E-01  8.24484858E-04
1.89817507E-01  1.37681454E-01  8.47709656E-04
1.90064183E-01  1.32557109E-01  8.11141625E-04
1.90310860E-01  1.35530278E-01  8.37519357E-04
1.90557536E-01  1.33184895E-01  8.22055910E-04
1.90804213E-01  1.30806521E-01  8.21425754E-04
1.91050889E-01  1.35324568E-01  8.27389827E-04
1.91297566E-01  1.29423261E-01  8.07952427E-04
1.91544242E-01  1.32185593E-01  8.08444223E-04
1.91790918E-01  1.29701674E-01  8.13591643E-04
1.92037595E-01  1.30818292E-01  8.16446613E-04
1.92284271E-01  1.28754362E-01  8.03619914E-04
1.92530948E-01  1.32431239E-01  8.29326164E-04
1.92777624E-01  1.27048314E-01  7.96094129E-04
1.93024301E-01  1.27712980E-01  8.09285615E-04
1.93270977E-01  1.26259983E-01  7.98237976E-04
1.93517653E-01  1.26482323E-01  8.14996252E-04
1.93764330E-01  1.21678337E-01  7.94285501E-04
1.94011006E-01  1.24682091E-01  7.70885265E-04
1.94257683E-01  1.25891119E-01  7.77748763E-04
1.94504359E-01  1.21600203E-01  7.79516762E-04
1.94751035E-01  1.19911790E-01  7.60494790E-04
1.94997712E-01  1.20968819E-01  7.85766577E-04
1.95244388E-01  1.24646053E-01  7.97158689E-04
1.95491065E-01  1.18947029E-01  7.66702055E-04
1.95737741E-01  1.18161306E-01  7.61795964E-04
1.95984418E-01  1.16717964E-01  7.48114428E-04
1.96231094E-01  1.15179464E-01  7.51128246E-04
1.96477770E-01  1.16765499E-01  7.59369868E-04
1.96724447E-01  1.17854133E-01  7.65689765E-04
1.96971123E-01  1.16044976E-01  7.52833032E-04
1.97217800E-01  1.16243444E-01  7.46459642E-04
1.97464476E-01  1.15227185E-01  7.55913497E-04
1.97711153E-01  1.16406158E-01  7.46917212E-04
1.97957829E-01  1.18028678E-01  7.70440791E-04
1.98204505E-01  1.16162740E-01  7.54092529E-04
1.98451182E-01  1.08143315E-01  7.24442885E-04
1.98697858E-01  1.13743871E-01  7.49141502E-04
1.98944535E-01  1.14426687E-01  7.48261518E-04
1.99191211E-01  1.14362590E-01  7.41981377E-04
1.99437887E-01  1.12768091E-01  7.43609970E-04
1.99684564E-01  1.09082751E-01  7.31597072E-04
1.99931240E-01  1.07123666E-01  7.22070457E-04
2.00177917E-01  1.09798662E-01  7.16324081E-04
2.00424593E-01  1.07388653E-01  7.02103716E-04
2.00671270E-01  1.10245444E-01  7.40917341E-04
2.00917946E-01  1.08965777E-01  7.19953503E-04
2.01164622E-01  1.06929116E-01  7.32078392E-04
2.01411299E-01  1.04325145E-01  7.00112199E-04
2.01657975E-01  1.06493019E-01  7.20192969E-04
2.01904652E-01  1.07517868E-01  7.48796039E-04
2.02151328E-01  1.03216104E-01  7.09872984E-04
2.02398005E-01  1.02685824E-01  6.92226924E-04
2.02644681E-01  9.96584147E-02  6.86965999E-04
2.02891357E-01  1.01165079E-01  6.97475451E-04
2.03138034E-01  1.06023252E-01  7.20772892E-04
2.03384710E-01  1.03379428E-01  7.06012070E-04
2.03631387E-01  1.05386078E-01  6.96085510E-04
2.03878063E-01  1.02942072E-01  7.14009919E-04
2.04124740E-01  1.03417546E-01  6.94367045E-04
2.04371416E-01  1.01418033E-01  7.07635016E-04
2.04618092E-01  1.01203054E-01  6.98784948E-04
2.04864769E-01  9.76816118E-02  6.61152415E-04
2.05111445E-01  9.92532969E-02  7.02940742E-04
2.05358122E-01  9.54385549E-02  6.84047001E-04
2.05604798E-01  9.84797031E-02  6.85680541E-04
2.05851474E-01  9.57703963E-02  6.77557953E-04
2.06098151E-01  1.01479359E-01  6.88657223E-04
2.06344827E-01  9.64959636E-02  6.61751663E-04
2.06591504E-01  9.65020433E-02  6.84508239E-04
2.06838180E-01  9.51959118E-02  6.40261394E-04
2.07084857E-01  9.70863774E-02  6.66708278E-04
2.07331533E-01  9.73704606E-02  6.71757909E-04
2.07578209E-01  9.76599082E-02  6.75451360E-04
2.07824886E-01  9.34021622E-02  6.73488772E-04
2.08071562E-01  9.45956111E-02  6.56625780E-04
2.08318239E-01  9.50111374E-02  6.77480479E-04
2.08564915E-01  9.28115621E-02  6.48122863E-04
2.08811592E-01  9.33000594E-02  6.66959560E-04
2.09058268E-01  9.46373194E-02  6.65358792E-04
2.09304944E-01  9.08740461E-02  6.50076428E-04
2.09551621E-01  9.31878537E-02  6.54969190E-04
2.09798297E-01  9.15685967E-02  6.40239508E-04
2.10044974E-01  9.18539539E-02  6.42623403E-04
2.10291650E-01  8.88269618E-02  6.31376228E-04
2.10538326E-01  9.19617489E-02  6.84346131E-04
2.10785003E-01  9.04342979E-02  6.50723348E-04
2.11031679E-01  9.07902494E-02  6.45598688E-04
2.11278356E-01  8.96805748E-02  6.36461366E-04
2.11525032E-01  8.63989443E-02  6.23718894E-04
2.11771709E-01  8.93054754E-02  6.61069178E-04
2.12018385E-01  8.93952847E-02  6.23462896E-04
2.12265061E-01  8.75515118E-02  6.37694262E-04
2.12511738E-01  8.91321301E-02  6.45037391E-04
2.12758414E-01  9.04894695E-02  6.27909147E-04
2.13005091E-01  8.76951143E-02  6.35202567E-04
2.13251767E-01  8.79957005E-02  6.35638833E-04
2.13498444E-01  8.52316692E-02  6.16813137E-04
2.13745120E-01  8.45593736E-02  6.19307451E-04
2.13991796E-01  8.40110853E-02  6.10689225E-04
2.14238473E-01  8.83079693E-02  6.28601352E-04
2.14485149E-01  8.55953395E-02  6.15543802E-04
2.14731826E-01  8.41841772E-02  6.14822144E-04
2.14978502E-01  8.36063847E-02  6.13358396E-04
2.15225179E-01  8.45612362E-02  6.27603091E-04
2.15471855E-01  8.26243609E-02  6.06755144E-04
2.15718531E-01  8.44169185E-02  6.06733025E-04
2.15965208E-01  8.49795714E-02  6.05389476E-04
2.16211884E-01  8.12473670E-02  5.90385753E-04
2.16458561E-01  8.43523890E-02  5.99877851E-04
2.16705237E-01  8.20782632E-02  6.01761567E-04
2.16951913E-01  8.37930664E-02  6.33158488E-04
2.17198590E-01  8.05733800E-02  5.93577919E-04
2.17445266E-01  8.16905871E-02  6.09665585E-04
2.17691943E-01  8.23142901E-02  6.13390759E-04
2.17938619E-01  7.92539418E-02  6.07769354E-04
2.18185296E-01  8.02389383E-02  5.97856997E-04
2.18431972E-01  8.32520947E-02  6.29494782E-04
2.18678648E-01  8.09797570E-02  5.95094694E-04
2.18925325E-01  8.17122012E-02  6.26184337E-04
2.19172001E-01  7.91989192E-02  6.03865308E-04
2.19418678E-01  7.98816979E-02  5.99856605E-04
2.19665354E-01  8.20066631E-02  6.06453745E-04
2.19912031E-01  7.83694983E-02  5.99150080E-04
2.20158707E-01  7.99939260E-02  6.07256021E-04
2.20405383E-01  8.17036033E-02  6.21326792E-04
2.20652060E-01  7.94509575E-02  6.10321527E-04
2.20898736E-01  8.05298463E-02  6.03060762E-04
2.21145413E-01  8.17261934E-02  6.03667286E-04
2.21392089E-01  7.84492493E-02  5.90226438E-04
2.21638766E-01  7.96135813E-02  5.87852090E-04
2.21885442E-01  8.16708803E-02  6.23917032E-04
2.22132118E-01  8.21684450E-02  6.22337044E-04
2.22378795E-01  7.81381726E-02  5.87535382E-04
2.22625471E-01  7.92092308E-02  5.95683698E-04
2.22872148E-01  8.01710859E-02  5.87282761E-04
2.23118824E-01  7.81138688E-02  5.93110628E-04
2.23365500E-01  7.79989660E-02  5.93259232E-04
2.23612177E-01  8.08638334E-02  5.97936625E-04
2.23858853E-01  7.94852972E-02  5.96004538E-04
2.24105530E-01  7.98882097E-02  5.90439478E-04
2.24352206E-01  7.79406875E-02  5.90352050E-04
2.24598883E-01  7.71636143E-02  5.92144730E-04
2.24845559E-01  7.69145712E-02  5.89191855E-04
2.25092235E-01  7.96574205E-02  6.03820255E-04
2.25338912E-01  7.98663795E-02  5.98561659E-04
2.25585588E-01  7.78375790E-02  5.74768172E-04
2.25832265E-01  7.57279769E-02  5.69468306E-04
2.26078941E-01  7.68267289E-02  5.85743343E-04
2.26325618E-01  7.85438493E-02  5.83128713E-04
2.26572294E-01  7.68424496E-02  5.82240056E-04
2.26818970E-01  7.89986923E-02  5.95509598E-04
2.27065647E-01  7.49705061E-02  5.72720135E-04
2.27312323E-01  7.63494894E-02  5.85966103E-04
2.27559000E-01  7.40101784E-02  5.79073909E-04
2.27805676E-01  7.59640113E-02  5.80813270E-04
2.28052352E-01  7.93987066E-02  5.86672919E-04
2.28299029E-01  7.54886940E-02  5.75774000E-04
2.28545705E-01  7.66686797E-02  5.69471158E-04
2.28792382E-01  7.47524202E-02  5.67367882E-04
2.29039058E-01  7.69270286E-02  5.84106834E-04
2.29285735E-01  7.73198679E-02  5.84995374E-04
2.29532411E-01  7.70811513E-02  5.71830373E-04
2.29779087E-01  7.51647428E-02  5.92207070E-04
2.30025764E-01  7.48307928E-02  5.62753470E-04
2.30272440E-01  7.45870844E-02  5.72399818E-04
2.30519117E-01  7.55501539E-02  5.57534804E-04
2.30765793E-01  7.59929270E-02  5.72822522E-04
2.31012470E-01  7.77258798E-02  5.95725607E-04
2.31259146E-01  7.44685158E-02  5.71985089E-04
2.31505822E-01  7.33272880E-02  5.54132741E-04
2.31752499E-01  7.64982253E-02  5.76647755E-04
2.31999175E-01  7.63008446E-02  5.74178586E-04
2.32245852E-01  7.61234164E-02  5.87769668E-04
2.32492528E-01  7.54598454E-02  5.64492773E-04
2.32739205E-01  7.55817890E-02  5.69106196E-04
2.32985881E-01  7.33194128E-02  5.54694270E-04
2.33232557E-01  7.60465190E-02  5.74310485E-04
2.33479234E-01  7.77823478E-02  5.69077325E-04
2.33725910E-01  7.52518773E-02  5.55452541E-04
2.33972587E-01  7.50762224E-02  5.78617444E-04
2.34219263E-01  7.49007463E-02  5.63111273E-04
2.34465939E-01  7.36360326E-02  5.56353072E-04
2.34712616E-01  7.65565485E-02  5.73982077E-04
2.34959292E-01  7.56860450E-02  5.65852562E-04
2.35205969E-01  7.31823072E-02  5.60356595E-04
2.35452645E-01  7.44595006E-02  5.57574618E-04
2.35699322E-01  7.74999186E-02  5.89483476E-04
2.35945998E-01  7.77113587E-02  5.88391791E-04
2.36192674E-01  7.75024295E-02  5.65821014E-04
2.36439351E-01  7.57000074E-02  5.71486424E-04
2.36686027E-01  7.80973583E-02  5.61468885E-04
2.36932704E-01  7.61766359E-02  5.67704381E-04
2.37179380E-01  7.80016929E-02  5.83649962E-04
2.37426057E-01  7.27640092E-02  5.46607422E-04
2.37672733E-01  7.69592747E-02  5.70724718E-04
2.37919409E-01  7.23387673E-02  5.36907115E-04
2.38166086E-01  7.77170733E-02  5.72454243E-04
2.38412762E-01  7.31872618E-02  5.55044971E-04
2.38659439E-01  7.72781149E-02  5.76529186E-04
2.38906115E-01  7.44541585E-02  5.55214996E-04
2.39152791E-01  7.53483176E-02  5.58426487E-04
2.39399468E-01  7.36262873E-02  5.68634423E-04
2.39646144E-01  7.48124272E-02  5.61269582E-04
2.39892821E-01  7.17121735E-02  5.42910770E-04
2.40139497E-01  7.56938905E-02  5.67309908E-04
2.40386174E-01  7.32668191E-02  5.50321245E-04
2.40632850E-01  7.37808570E-02  5.55677747E-04
2.40879526E-01  7.63802603E-02  5.56701387E-04
2.41126203E-01  7.40479305E-02  5.53523656E-04
2.41372879E-01  7.46551901E-02  5.50518220E-04
2.41619556E-01  7.54195228E-02  5.62048517E-04
2.41866232E-01  7.38673061E-02  5.52112411E-04
2.42112909E-01  7.17699528E-02  5.49700111E-04
2.42359585E-01  7.48406127E-02  5.72642719E-04
2.42606261E-01  7.74069577E-02  5.81933360E-04
2.42852938E-01  7.24061951E-02  5.54272789E-04
2.43099614E-01  7.70193487E-02  5.71135432E-04
2.43346291E-01  7.63298199E-02  5.78891078E-04
2.43592967E-01  7.53481388E-02  5.66853967E-04
2.43839644E-01  7.72707239E-02  5.68805204E-04
2.44086320E-01  7.44806528E-02  5.66180563E-04
2.44332996E-01  7.78270364E-02  5.91967138E-04
2.44579673E-01  7.34825879E-02  5.55771228E-04
2.44826349E-01  7.77009651E-02  5.94552257E-04
2.45073026E-01  7.67157450E-02  5.80139458E-04
2.45319702E-01  7.52866864E-02  5.62521163E-04
2.45566378E-01  7.86502883E-02  5.91088727E-04
2.45813055E-01  7.45708719E-02  5.75152808E-04
2.46059731E-01  7.70554245E-02  5.91493328E-04
2.46306408E-01  7.47156441E-02  5.91464282E-04
2.46553084E-01  7.78416917E-02  5.89349307E-04
2.46799761E-01  7.79678449E-02  6.12664386E-04
2.47046437E-01  7.61943907E-02  5.95466292E-04
2.47293113E-01  7.59658962E-02  5.96524565E-04
2.47539790E-01  7.91162699E-02  6.21691172E-04
2.47786466E-01  7.57464543E-02  5.98485116E-04
2.48033143E-01  7.58563057E-02  6.07254216E-04
2.48279819E-01  7.46401772E-02  6.08766335E-04
2.48526496E-01  7.62387961E-02  5.88686846E-04
2.48773172E-01  7.58296028E-02  6.20169565E-04
2.49019848E-01  7.54955411E-02  5.93237637E-04
2.49266525E-01  7.69949928E-02  6.16846897E-04
2.49513201E-01  7.52132908E-02  6.09603943E-04
2.49759878E-01  8.03760216E-02  6.40175771E-04
2.50006554E-01  7.83533901E-02  6.23119355E-04
2.50253230E-01  8.13725144E-02  6.36809273E-04
2.50499907E-01  7.66177252E-02  6.20404724E-04
2.50746583E-01  7.40817115E-02  6.14938675E-04
2.50993260E-01  7.52187967E-02  6.17209414E-04
2.51239936E-01  7.82234818E-02  6.35765318E-04
2.51486613E-01  8.18569809E-02  6.44334126E-04
2.51733289E-01  7.83102587E-02  6.28660317E-04
2.51979965E-01  7.94717371E-02  6.44530635E-04
2.52226642E-01  7.98233226E-02  6.41240040E-04
2.52473318E-01  7.67626017E-02  6.36374636E-04
2.52719995E-01  7.49085769E-02  6.22641121E-04
2.52966671E-01  7.73860738E-02  6.34110416E-04
2.53213348E-01  7.77728707E-02  6.55205979E-04
2.53460024E-01  7.93256462E-02  6.43825508E-04
2.53706700E-01  7.81687573E-02  6.53182098E-04
2.53953377E-01  7.48442262E-02  6.20675739E-04
2.54200053E-01  7.50074163E-02  6.21482555E-04
2.54446730E-01  7.86906183E-02  6.36339944E-04
2.54693406E-01  7.64875636E-02  6.18377759E-04
2.54940083E-01  7.87986964E-02  6.23100554E-04
2.55186759E-01  7.94589892E-02  6.31216390E-04
2.55433435E-01  7.96971098E-02  6.23776577E-04
2.55680112E-01  7.68127814E-02  6.16873498E-04
2.55926788E-01  7.93966800E-02  6.19243016E-04
2.56173465E-01  8.04529116E-02  6.31398230E-04
2.56420141E-01  7.72682726E-02  6.18453487E-04
2.56666817E-01  7.69182891E-02  6.23055326E-04
2.56913494E-01  7.77763724E-02  6.23021217E-04
2.57160170E-01  7.85671622E-02  6.19603379E-04
2.57406847E-01  7.77979195E-02  6.07296359E-04
2.57653523E-01  7.55302981E-02  5.96911064E-04
2.57900200E-01  7.91187659E-02  6.23191765E-04
2.58146876E-01  7.80648440E-02  6.17392012E-04
2.58393552E-01  8.22895169E-02  6.27445814E-04
2.58640229E-01  8.03487226E-02  6.25804940E-04
2.58886905E-01  7.76564553E-02  6.03595690E-04
2.59133582E-01  8.19844976E-02  6.33330084E-04
2.59380258E-01  7.67835304E-02  6.07736292E-04
2.59626935E-01  7.58153945E-02  6.00429717E-04
2.59873611E-01  7.92673379E-02  6.00512314E-04
2.60120287E-01  7.86202028E-02  5.86663547E-04
2.60366964E-01  7.73251727E-02  6.06471091E-04
2.60613640E-01  7.88541362E-02  6.14745659E-04
2.60860317E-01  7.87477791E-02  6.12131145E-04
2.61106993E-01  7.76546746E-02  6.09506271E-04
2.61353670E-01  7.80656710E-02  5.87538525E-04
2.61600346E-01  7.72599727E-02  6.10338349E-04
2.61847022E-01  8.14601332E-02  6.30985713E-04
2.62093699E-01  7.88909569E-02  6.03628461E-04
2.62340375E-01  7.99120888E-02  5.96885453E-04
2.62587052E-01  8.06729048E-02  6.27500413E-04
2.62833728E-01  7.88056850E-02  6.17900980E-04
2.63080404E-01  8.18567127E-02  6.19675266E-04
2.63327081E-01  7.97500163E-02  6.02706219E-04
2.63573757E-01  8.08004662E-02  6.08812436E-04
2.63820434E-01  8.03531259E-02  6.07363123E-04
2.64067110E-01  7.67802000E-02  6.01417734E-04
2.64313787E-01  7.70210698E-02  5.93148055E-04
2.64560463E-01  8.00663531E-02  6.16631645E-04
2.64807139E-01  7.84258768E-02  6.08937000E-04
2.65053816E-01  7.64783397E-02  6.10138872E-04
2.65300492E-01  7.81151280E-02  6.06913061E-04
2.65547169E-01  7.82839358E-02  6.02105749E-04
2.65793845E-01  7.93618932E-02  6.06957532E-04
2.66040522E-01  7.69520774E-02  6.07959460E-04
2.66287198E-01  7.64601007E-02  6.07325754E-04
2.66533874E-01  8.12975839E-02  6.14993158E-04
2.66780551E-01  8.07180628E-02  6.10643241E-04
2.67027227E-01  8.18373188E-02  6.33426476E-04
2.67273904E-01  8.12621191E-02  6.07166730E-04
2.67520580E-01  7.73924291E-02  5.88988012E-04
2.67767256E-01  8.04151595E-02  6.24945504E-04
2.68013933E-01  8.09123069E-02  6.32012496E-04
2.68260609E-01  8.00938904E-02  6.22243737E-04
2.68507286E-01  8.13880190E-02  6.09967683E-04
2.68753962E-01  8.19261000E-02  6.19770144E-04
2.69000639E-01  8.07313621E-02  6.22210850E-04
2.69247315E-01  7.65719712E-02  6.03903551E-04
2.69493991E-01  7.98721164E-02  5.92488330E-04
2.69740668E-01  7.89407417E-02  5.92455326E-04
2.69987344E-01  7.93050528E-02  6.08900911E-04
2.70234021E-01  8.04200619E-02  5.94097888E-04
2.70480697E-01  8.10839534E-02  6.30012539E-04
2.70727374E-01  7.96006918E-02  6.01200853E-04
2.70974050E-01  8.17393437E-02  6.16182282E-04
2.71220726E-01  8.01328346E-02  6.12825912E-04
2.71467403E-01  8.10305849E-02  6.10278454E-04
2.71714079E-01  8.01502243E-02  6.23969478E-04
2.71960756E-01  7.94055983E-02  6.31432456E-04
2.72207432E-01  8.31170306E-02  6.40480721E-04
2.72454109E-01  8.00782815E-02  6.19079103E-04
2.72700785E-01  8.10125694E-02  6.02117274E-04
2.72947461E-01  8.22684690E-02  6.41304010E-04
2.73194138E-01  8.47145244E-02  6.22952008E-04
2.73440814E-01  8.43488201E-02  6.32045150E-04
2.73687491E-01  8.07683319E-02  6.42672239E-04
2.73934167E-01  8.12696591E-02  6.48023793E-04
2.74180843E-01  8.24633613E-02  6.61149155E-04
2.74427520E-01  8.22473392E-02  6.42823230E-04
2.74674196E-01  8.04548934E-02  6.41517399E-04
2.74920873E-01  8.32980052E-02  6.44924061E-04
2.75167549E-01  8.28357041E-02  6.46221742E-04
2.75414226E-01  8.20204541E-02  6.33065589E-04
2.75660902E-01  8.72348547E-02  6.55532931E-04
2.75907578E-01  8.24473500E-02  6.46567554E-04
2.76154255E-01  8.31867307E-02  6.53206720E-04
2.76400931E-01  8.21443722E-02  6.44881220E-04
2.76647608E-01  8.24147314E-02  6.51559036E-04
2.76894284E-01  8.48818794E-02  6.50076370E-04
2.77140961E-01  8.40361193E-02  6.54034258E-04
2.77387637E-01  8.39584321E-02  6.50929112E-04
2.77634313E-01  8.29929560E-02  6.65708096E-04
2.77880990E-01  8.33790898E-02  6.69309753E-04
2.78127666E-01  7.89013878E-02  6.34546333E-04
2.78374343E-01  8.24792832E-02  6.49611291E-04
2.78621019E-01  8.23264495E-02  6.43522188E-04
2.78867695E-01  8.42902213E-02  6.64691033E-04
2.79114372E-01  8.54087248E-02  6.54254982E-04
2.79361048E-01  8.33465084E-02  6.45580469E-04
2.79607725E-01  8.06879178E-02  6.56570366E-04
2.79854401E-01  7.99672455E-02  6.43277890E-04
2.80101078E-01  8.30582455E-02  6.51902810E-04
2.80347754E-01  8.13274682E-02  6.43375039E-04
2.80594430E-01  8.36828575E-02  6.60606311E-04
2.80841107E-01  8.30049962E-02  6.51070091E-04
2.81087783E-01  8.22936967E-02  6.54164120E-04
2.81334460E-01  8.39080289E-02  6.54198171E-04
2.81581136E-01  7.95713365E-02  6.44810032E-04
2.81827813E-01  8.39677379E-02  6.75345422E-04
2.82074489E-01  8.44834149E-02  6.89416891E-04
2.82321165E-01  8.25810283E-02  6.41236024E-04
2.82567842E-01  8.19439068E-02  6.40676939E-04
2.82814518E-01  8.29094425E-02  6.61407772E-04
2.83061195E-01  8.37117806E-02  6.65726664E-04
2.83307871E-01  8.28646123E-02  6.48656336E-04
2.83554548E-01  8.18441883E-02  6.55795564E-04
2.83801224E-01  8.57275873E-02  6.70462556E-04
2.84047900E-01  8.11615735E-02  6.48383924E-04
2.84294577E-01  8.00812468E-02  6.31012255E-04
2.84541253E-01  8.46871212E-02  6.51943963E-04
2.84787930E-01  8.59236643E-02  6.79748075E-04
2.85034606E-01  8.10205489E-02  6.61112485E-04
2.85281282E-01  8.31971243E-02  6.73473405E-04
2.85527959E-01  8.49695057E-02  6.68656081E-04
2.85774635E-01  8.49062726E-02  6.67846296E-04
2.86021312E-01  7.93614462E-02  6.45986758E-04
2.86267988E-01  8.56045559E-02  6.80204306E-04
2.86514665E-01  8.36013407E-02  6.54055621E-04
2.86761341E-01  8.54748413E-02  6.57781726E-04
2.87008017E-01  8.30952823E-02  6.57268392E-04
2.87254694E-01  8.54053795E-02  6.79653313E-04
2.87501370E-01  8.10234472E-02  6.49235968E-04
2.87748047E-01  8.53664130E-02  6.69207657E-04
2.87994723E-01  8.26571658E-02  6.56060292E-04
2.88241400E-01  8.29648376E-02  6.60997932E-04
2.88488076E-01  8.44346657E-02  6.73183531E-04
2.88734752E-01  8.30508024E-02  6.74111303E-04
2.88981429E-01  8.28093886E-02  6.56016462E-04
2.89228105E-01  8.24216902E-02  6.66045875E-04
2.89474782E-01  8.26478079E-02  6.72682654E-04
2.89721458E-01  8.39077979E-02  6.67127082E-04
2.89968134E-01  8.21392089E-02  6.54489617E-04
2.90214811E-01  8.04005712E-02  6.58939884E-04
2.90461487E-01  8.12066793E-02  6.44419750E-04
2.90708164E-01  8.84302855E-02  6.76009222E-04
2.90954840E-01  8.24969858E-02  6.40064478E-04
2.91201517E-01  8.42346251E-02  6.55651500E-04
2.91448193E-01  8.38059783E-02  6.72177644E-04
2.91694869E-01  8.31751823E-02  6.74466777E-04
2.91941546E-01  8.74489918E-02  6.87337655E-04
2.92188222E-01  8.33584294E-02  6.63865241E-04
2.92434899E-01  8.01350027E-02  6.49480266E-04
2.92681575E-01  8.49054977E-02  6.67358050E-04
2.92928252E-01  8.42983946E-02  6.60010090E-04
2.93174928E-01  8.35783929E-02  6.59997168E-04
2.93421604E-01  8.49821046E-02  6.61836762E-04
2.93668281E-01  8.35817307E-02  6.70769019E-04
2.93914957E-01  8.64943713E-02  6.78316806E-04
2.94161634E-01  8.37603807E-02  6.47823268E-04
2.94408310E-01  8.43338743E-02  6.71835034E-04
2.94654987E-01  8.24487656E-02  6.51841401E-04
2.94901663E-01  8.51336643E-02  6.48748595E-04
2.95148339E-01  8.08912367E-02  6.71250047E-04
2.95395016E-01  8.04200768E-02  6.28175912E-04
2.95641692E-01  8.28889608E-02  6.46534842E-04
2.95888369E-01  8.37054104E-02  6.43733365E-04
2.96135045E-01  8.47036317E-02  6.67209213E-04
2.96381721E-01  8.22596401E-02  6.67350658E-04
2.96628398E-01  8.16619694E-02  6.53812720E-04
2.96875074E-01  8.23429301E-02  6.67279470E-04
2.97121751E-01  8.40759426E-02  6.71521062E-04
2.97368427E-01  8.03318769E-02  6.46023429E-04
2.97615104E-01  8.41334239E-02  6.50344009E-04
2.97861780E-01  8.24829563E-02  6.71965769E-04
2.98108456E-01  8.27630460E-02  6.60401187E-04
2.98355133E-01  8.39971453E-02  6.68446184E-04
2.98601809E-01  8.06051046E-02  6.74820854E-04
2.98848486E-01  8.37490261E-02  6.68545836E-04
2.99095162E-01  8.35332572E-02  6.62569306E-04
2.99341839E-01  8.05479214E-02  6.57583121E-04
2.99588515E-01  7.92638436E-02  6.51626906E-04
2.99835191E-01  8.27790573E-02  6.63960935E-04
3.00081868E-01  8.42087194E-02  6.66552107E-04
3.00328544E-01  8.26508701E-02  6.38332334E-04
3.00575221E-01  8.52217674E-02  6.91397116E-04
3.00821897E-01  8.06047022E-02  6.66683540E-04
3.01068574E-01  8.15535486E-02  6.61445258E-04
3.01315250E-01  8.44293758E-02  6.48230547E-04
3.01561926E-01  8.37675557E-02  6.74101175E-04
3.01808603E-01  8.17791149E-02  6.67858461E-04
3.02055279E-01  8.15595314E-02  6.57677418E-04
3.02301956E-01  8.28679502E-02  6.59523299E-04
3.02548632E-01  8.16030130E-02  6.67441811E-04
3.02795308E-01  7.96114653E-02  6.50712464E-04
3.03041985E-01  8.54055658E-02  6.64139050E-04
3.03288661E-01  8.32861885E-02  6.63392828E-04
3.03535338E-01  8.42376798E-02  6.71820540E-04
3.03782014E-01  8.37117732E-02  6.61307480E-04
3.04028691E-01  8.37245658E-02  6.93589682E-04
3.04275367E-01  8.12690184E-02  6.47975889E-04
3.04522043E-01  8.32079053E-02  6.56208955E-04
3.04768720E-01  8.46662223E-02  6.76680007E-04
3.05015396E-01  8.27734992E-02  6.79702614E-04
3.05262073E-01  8.29630494E-02  6.65684522E-04
3.05508749E-01  8.32850337E-02  6.62389561E-04
3.05755426E-01  8.14391598E-02  6.64810708E-04
3.06002102E-01  8.33918005E-02  6.62809645E-04
3.06248778E-01  8.36928040E-02  6.66122127E-04
3.06495455E-01  8.38749930E-02  6.65195170E-04
3.06742131E-01  8.39979202E-02  6.62954699E-04
3.06988808E-01  8.51945952E-02  6.99947122E-04
3.07235484E-01  8.35876390E-02  6.61461207E-04
3.07482160E-01  8.28949809E-02  6.66605309E-04
3.07728837E-01  8.56109858E-02  6.55315584E-04
3.07975513E-01  8.37818757E-02  6.96045696E-04
3.08222190E-01  8.36475492E-02  6.91346009E-04
3.08468866E-01  7.95055032E-02  6.68799214E-04
3.08715543E-01  8.19311589E-02  6.46649802E-04
3.08962219E-01  8.06984082E-02  6.42899016E-04
3.09208895E-01  8.25474337E-02  6.88376138E-04
3.09455572E-01  8.32725987E-02  6.78465818E-04
3.09702248E-01  8.41918886E-02  6.77505624E-04
3.09948925E-01  8.17630365E-02  6.67630928E-04
3.10195601E-01  8.24583396E-02  6.59329176E-04
3.10442278E-01  8.21060389E-02  6.75312767E-04
3.10688954E-01  8.34668055E-02  6.62936014E-04
3.10935630E-01  8.16279799E-02  6.69413945E-04
3.11182307E-01  8.26992765E-02  6.69182802E-04
3.11428983E-01  8.29729214E-02  6.67276501E-04
3.11675660E-01  8.15453380E-02  6.62625767E-04
3.11922336E-01  8.40152353E-02  6.70891488E-04
3.12169013E-01  8.04075375E-02  6.42829167E-04
3.12415689E-01  8.29548612E-02  6.87898311E-04
3.12662365E-01  8.30508992E-02  6.71191781E-04
3.12909042E-01  8.13438743E-02  6.70752081E-04
3.13155718E-01  8.33995491E-02  6.83452352E-04
3.13402395E-01  8.59117806E-02  6.91780762E-04
3.13649071E-01  8.55710283E-02  6.86193933E-04
3.13895747E-01  8.29866752E-02  6.54961506E-04
3.14142424E-01  8.36866722E-02  6.98885124E-04
3.14389100E-01  8.53818282E-02  6.73872535E-04
3.14635777E-01  8.08994696E-02  6.44998741E-04
3.14882453E-01  7.88475722E-02  6.72626775E-04
3.15129130E-01  8.13386142E-02  6.59294834E-04
3.15375806E-01  8.33153501E-02  6.80393016E-04
3.15622482E-01  8.21721181E-02  6.72978291E-04
3.15869159E-01  8.15668106E-02  6.78429788E-04
3.16115835E-01  7.92069361E-02  6.54383039E-04
3.16362512E-01  8.16002339E-02  6.76528725E-04
3.16609188E-01  8.57586414E-02  7.02036603E-04
3.16855865E-01  8.07125941E-02  6.86420768E-04
3.17102541E-01  8.32369775E-02  6.80321886E-04
3.17349217E-01  8.02210048E-02  6.73761300E-04
3.17595894E-01  8.64962935E-02  6.79785619E-04
3.17842570E-01  8.22177231E-02  6.71064830E-04
3.18089247E-01  8.31273049E-02  6.79466641E-04
3.18335923E-01  8.49289671E-02  6.86784100E-04
3.18582599E-01  8.48658606E-02  6.91727037E-04
3.18829276E-01  7.97884017E-02  6.52582152E-04
3.19075952E-01  8.44426304E-02  6.95746741E-04
3.19322629E-01  8.30849633E-02  6.71008485E-04
3.19569305E-01  8.51004645E-02  6.73032890E-04
3.19815982E-01  8.26870129E-02  6.61017082E-04
3.20062658E-01  8.55168253E-02  7.02675607E-04
3.20309334E-01  8.38133320E-02  6.68854278E-04
3.20556011E-01  8.53619948E-02  6.99599914E-04
3.20802687E-01  8.84725824E-02  7.14256079E-04
3.21049364E-01  8.51251036E-02  6.81783305E-04
3.21296040E-01  8.18762556E-02  6.71973510E-04
3.21542717E-01  7.94489980E-02  6.62210223E-04
3.21789393E-01  8.59991536E-02  6.84448460E-04
3.22036069E-01  8.20714533E-02  6.67648623E-04
3.22282746E-01  8.43691602E-02  6.77612785E-04
3.22529422E-01  8.34562406E-02  6.85893232E-04
3.22776099E-01  8.33873227E-02  6.74606476E-04
3.23022775E-01  8.52792636E-02  6.87283173E-04
3.23269452E-01  8.39706212E-02  6.75669406E-04
3.23516128E-01  8.41084421E-02  6.79750927E-04
3.23762804E-01  8.41895938E-02  6.94677641E-04
3.24009481E-01  8.46112221E-02  6.86540850E-04
3.24256157E-01  8.05465132E-02  6.78343233E-04
3.24502834E-01  8.71064365E-02  6.94841438E-04
3.24749510E-01  8.00164342E-02  6.42642321E-04
3.24996186E-01  8.86784568E-02  7.17373448E-04
3.25242863E-01  8.34165961E-02  6.84508530E-04
3.25489539E-01  8.02193880E-02  6.44863001E-04
3.25736216E-01  8.31961781E-02  6.81771315E-04
3.25982892E-01  8.41710120E-02  6.79786899E-04
3.26229569E-01  8.50377232E-02  6.90215849E-04
3.26476245E-01  8.17153677E-02  6.82298734E-04
3.26722921E-01  8.56188312E-02  6.98925578E-04
3.26969598E-01  8.16711336E-02  6.55216514E-04
3.27216274E-01  8.30422938E-02  6.78023731E-04
3.27462951E-01  8.55825320E-02  6.73653558E-04
3.27709627E-01  8.08280408E-02  6.68649038E-04
3.27956304E-01  8.27044174E-02  7.03044061E-04
3.28202980E-01  8.45569149E-02  6.88998203E-04
3.28449656E-01  8.59354883E-02  6.97655894E-04
3.28696333E-01  8.46427530E-02  6.73137431E-04
3.28943009E-01  8.48221183E-02  6.87664666E-04
3.29189686E-01  8.06738138E-02  6.80262048E-04
3.29436362E-01  8.83827880E-02  6.89017063E-04
3.29683039E-01  8.30576420E-02  6.81121077E-04
3.29929715E-01  8.49745274E-02  6.86567742E-04
3.30176391E-01  8.56362209E-02  6.84365514E-04
3.30423068E-01  8.32847059E-02  6.82714337E-04
3.30669744E-01  8.78525898E-02  6.92500500E-04
3.30916421E-01  8.70270804E-02  7.11080153E-04
3.31163097E-01  8.91737193E-02  6.91036636E-04
3.31409773E-01  8.64110366E-02  6.97718409E-04
3.31656450E-01  8.79255459E-02  6.74237672E-04
3.31903126E-01  8.28505680E-02  6.76655327E-04
3.32149803E-01  8.44474062E-02  6.86385261E-04
3.32396479E-01  8.11387599E-02  6.56062854E-04
3.32643156E-01  8.85287821E-02  6.90734247E-04
3.32889832E-01  9.08085182E-02  6.81829697E-04
3.33136508E-01  8.64979401E-02  6.85173494E-04
3.33383185E-01  8.65543559E-02  6.90347457E-04
3.33629861E-01  8.55077803E-02  6.64597726E-04
3.33876538E-01  8.57896358E-02  7.04152219E-04
3.34123214E-01  8.76021311E-02  7.00759818E-04
3.34369891E-01  8.75902176E-02  6.97813055E-04
3.34616567E-01  8.62277597E-02  6.81831210E-04
3.34863243E-01  8.80907997E-02  6.85996551E-04
3.35109920E-01  8.75659212E-02  7.10355351E-04
3.35356596E-01  8.62901285E-02  6.91967260E-04
3.35603273E-01  8.73768926E-02  7.03981379E-04
3.35849949E-01  8.56024697E-02  6.81955949E-04
3.36096625E-01  8.66868794E-02  7.10824621E-04
3.36343302E-01  9.09418911E-02  7.19411823E-04
3.36589978E-01  8.71782526E-02  6.85481355E-04
3.36836655E-01  8.47985968E-02  6.88461703E-04
3.37083331E-01  8.91082287E-02  7.01138284E-04
3.37330008E-01  8.71787295E-02  7.17318908E-04
3.37576684E-01  8.83518681E-02  7.04767881E-04
3.37823360E-01  8.87604654E-02  7.03976199E-04
3.38070037E-01  8.76632929E-02  6.88105822E-04
3.38316713E-01  9.02120396E-02  7.19482370E-04
3.38563390E-01  8.67434517E-02  6.94143004E-04
3.38810066E-01  8.48481953E-02  6.95407332E-04
3.39056743E-01  8.42918307E-02  6.80230965E-04
3.39303419E-01  9.30514559E-02  7.34545290E-04
3.39550095E-01  8.21869224E-02  6.68887515E-04
3.39796772E-01  8.20408538E-02  6.88403321E-04
3.40043448E-01  8.78319666E-02  6.81554549E-04
3.40290125E-01  8.70647281E-02  7.04844773E-04
3.40536801E-01  8.86616930E-02  7.36684538E-04
3.40783478E-01  8.82676020E-02  7.02577992E-04
3.41030154E-01  8.75724703E-02  7.18250812E-04
3.41276830E-01  9.16671902E-02  7.04945473E-04
3.41523507E-01  8.72496590E-02  7.01324199E-04
3.41770183E-01  8.94034356E-02  7.05443614E-04
3.42016860E-01  8.32952484E-02  6.69091183E-04
3.42263536E-01  8.69283006E-02  6.87092368E-04
3.42510212E-01  8.54901746E-02  6.85856445E-04
3.42756889E-01  8.82411599E-02  6.94548420E-04
3.43003565E-01  8.94573107E-02  7.00290781E-04
3.43250242E-01  8.64135697E-02  6.93150330E-04
3.43496918E-01  8.19245502E-02  6.91588735E-04
3.43743595E-01  8.37485045E-02  6.78145909E-04
3.43990271E-01  8.90873447E-02  7.07615924E-04
3.44236947E-01  8.54269415E-02  6.80761295E-04
3.44483624E-01  8.08023885E-02  6.68908760E-04
3.44730300E-01  8.66618231E-02  6.88745582E-04
3.44976977E-01  8.30309391E-02  6.94519898E-04
3.45223653E-01  8.96322653E-02  7.09017273E-04
3.45470330E-01  8.59267488E-02  7.02124846E-04
3.45717006E-01  8.56118724E-02  6.90011424E-04
3.45963682E-01  8.87375325E-02  7.04868638E-04
3.46210359E-01  8.76439437E-02  6.92584610E-04
3.46457035E-01  8.45535994E-02  6.67744200E-04
3.46703712E-01  8.51188600E-02  6.92963251E-04
3.46950388E-01  8.99885669E-02  7.15026457E-04
3.47197064E-01  8.83632749E-02  7.11863686E-04
3.47443741E-01  8.85734335E-02  6.96164905E-04
3.47690417E-01  8.54626223E-02  6.81754784E-04
3.47937094E-01  8.69829208E-02  6.86235901E-04
3.48183770E-01  8.35838392E-02  6.85845793E-04
3.48430447E-01  8.80530477E-02  6.78287062E-04
3.48677123E-01  8.34150016E-02  6.98386633E-04
3.48923799E-01  8.41470361E-02  6.62357663E-04
3.49170476E-01  8.98731947E-02  7.28131214E-04
3.49417152E-01  8.66778642E-02  6.97925454E-04
3.49663829E-01  8.51131305E-02  6.80198718E-04
3.49910505E-01  8.62216204E-02  6.91695313E-04
3.50157182E-01  8.62719119E-02  6.97536394E-04
3.50403858E-01  8.98046941E-02  7.03357393E-04
3.50650534E-01  8.56649205E-02  6.80678291E-04
3.50897211E-01  8.19248110E-02  6.71834976E-04
3.51143887E-01  8.47552493E-02  6.99357828E-04
3.51390564E-01  8.65441263E-02  7.10462104E-04
3.51637240E-01  8.37713182E-02  6.74888375E-04
3.51883917E-01  8.47162753E-02  6.75223535E-04
3.52130593E-01  8.44174325E-02  6.86557090E-04
3.52377269E-01  8.69229436E-02  6.75600313E-04
3.52623946E-01  8.53345469E-02  7.04717881E-04
3.52870622E-01  8.32008496E-02  6.73362287E-04
3.53117299E-01  8.65218118E-02  6.98885182E-04
3.53363975E-01  8.49451944E-02  6.87520020E-04
3.53610651E-01  8.69430974E-02  6.87431602E-04
3.53857328E-01  8.88610259E-02  7.08974199E-04
3.54104004E-01  8.44944268E-02  6.75768533E-04
3.54350681E-01  8.60552192E-02  6.82292739E-04
3.54597357E-01  8.61378536E-02  6.71423681E-04
3.54844034E-01  8.54415298E-02  6.93960756E-04
3.55090710E-01  8.49638730E-02  6.90787681E-04
3.55337386E-01  8.46698582E-02  6.73734234E-04
3.55584063E-01  8.30732659E-02  6.93254697E-04
3.55830739E-01  8.35477933E-02  6.80610538E-04
3.56077416E-01  8.23503807E-02  6.67883374E-04
3.56324092E-01  7.98170343E-02  6.58356119E-04
3.56570769E-01  8.03306922E-02  6.75879826E-04
3.56817445E-01  8.33171159E-02  6.79398945E-04
3.57064121E-01  8.53801146E-02  6.94519316E-04
3.57310798E-01  8.39100555E-02  6.83389313E-04
3.57557474E-01  8.10613856E-02  6.92747592E-04
3.57804151E-01  8.11964199E-02  6.81336969E-04
3.58050827E-01  8.04862753E-02  6.49465539E-04
3.58297503E-01  8.34976956E-02  6.99007884E-04
3.58544180E-01  8.54811594E-02  6.65724045E-04
3.58790856E-01  8.32914636E-02  6.73330331E-04
3.59037533E-01  8.36543217E-02  6.79244404E-04
3.59284209E-01  8.29214677E-02  6.70474663E-04
3.59530886E-01  8.52380097E-02  6.87669264E-04
3.59777562E-01  8.25580359E-02  6.76550902E-04
3.60024238E-01  8.21330100E-02  6.95328694E-04
3.60270915E-01  8.06593075E-02  6.83507940E-04
3.60517591E-01  8.00194442E-02  6.65490748E-04
3.60764268E-01  7.86997154E-02  6.55913027E-04
3.61010944E-01  8.21298659E-02  6.65383704E-04
3.61257621E-01  8.21714923E-02  6.74854557E-04
3.61504297E-01  8.27514827E-02  6.88754430E-04
3.61750973E-01  7.96579644E-02  6.51094073E-04
3.61997650E-01  7.92932138E-02  6.68350316E-04
3.62244326E-01  8.07117447E-02  6.66547799E-04
3.62491003E-01  7.99915567E-02  6.56536198E-04
3.62737679E-01  8.55604410E-02  7.01571815E-04
3.62984356E-01  8.48073065E-02  6.64266350E-04
3.63231032E-01  8.10054317E-02  6.64024788E-04
3.63477708E-01  8.32831487E-02  6.72760303E-04
3.63724385E-01  8.28769654E-02  6.96980685E-04
3.63971061E-01  8.31345916E-02  6.72890630E-04
3.64217738E-01  8.20609182E-02  6.87250111E-04
3.64464414E-01  8.09035897E-02  6.67804445E-04
3.64711090E-01  8.06516632E-02  6.44851592E-04
3.64957767E-01  7.94305354E-02  6.74920913E-04
3.65204443E-01  7.90994614E-02  6.45439955E-04
3.65451120E-01  8.16873014E-02  6.76185184E-04
3.65697796E-01  8.00352544E-02  6.75331685E-04
3.65944473E-01  8.10517445E-02  6.60817837E-04
3.66191149E-01  7.91598558E-02  6.58205303E-04
3.66437825E-01  7.92077929E-02  6.80320198E-04
3.66684502E-01  7.65722096E-02  6.41858787E-04
3.66931178E-01  8.20740610E-02  6.53176627E-04
3.67177855E-01  8.04162920E-02  6.66251755E-04
3.67424531E-01  7.91221932E-02  6.56502321E-04
3.67671208E-01  8.05361047E-02  6.55180833E-04
3.67917884E-01  7.53930360E-02  6.32795040E-04
3.68164560E-01  8.10862631E-02  6.55530952E-04
3.68411237E-01  7.83021152E-02  6.33085030E-04
3.68657913E-01  8.26919675E-02  6.65460131E-04
3.68904590E-01  7.94724301E-02  6.87641557E-04
3.69151266E-01  8.21307674E-02  6.60309044E-04
3.69397943E-01  7.95358792E-02  6.54361735E-04
3.69644619E-01  8.05910304E-02  6.68233726E-04
3.69891295E-01  7.85604194E-02  6.63246319E-04
3.70137972E-01  7.79694766E-02  6.63942425E-04
3.70384648E-01  8.12543109E-02  6.61409518E-04
3.70631325E-01  7.79453442E-02  6.42190105E-04
3.70878001E-01  8.10802057E-02  6.58369681E-04
3.71124677E-01  7.72572309E-02  6.67166198E-04
3.71371354E-01  7.67743960E-02  6.46093569E-04
3.71618030E-01  8.04174766E-02  6.59332960E-04
3.71864707E-01  7.90297017E-02  6.55681069E-04
3.72111383E-01  7.84566477E-02  6.61791186E-04
3.72358060E-01  7.80117437E-02  6.37747755E-04
3.72604736E-01  8.08060765E-02  6.69870351E-04
3.72851412E-01  7.96254128E-02  6.57698722E-04
3.73098089E-01  8.31134543E-02  6.88541448E-04
3.73344765E-01  8.01023915E-02  6.61497354E-04
3.73591442E-01  7.94952586E-02  6.55687065E-04
3.73838118E-01  7.98359513E-02  6.55933516E-04
3.74084795E-01  7.97524974E-02  6.58208388E-04
3.74331471E-01  7.66620934E-02  6.54557138E-04
3.74578147E-01  7.70751238E-02  6.48852671E-04
3.74824824E-01  7.81915560E-02  6.56159944E-04
3.75071500E-01  8.09421688E-02  6.73845643E-04
3.75318177E-01  7.93361217E-02  6.56032295E-04
3.75564853E-01  7.80451521E-02  6.69939094E-04
3.75811529E-01  7.95752108E-02  6.40783168E-04
3.76058206E-01  8.01252127E-02  6.74655719E-04
3.76304882E-01  7.60691091E-02  6.46601955E-04
3.76551559E-01  7.92311057E-02  6.67993387E-04
3.76798235E-01  7.92911202E-02  6.60668302E-04
3.77044912E-01  7.69151449E-02  6.33448712E-04
3.77291588E-01  7.87236392E-02  6.58107805E-04
3.77538264E-01  8.39421973E-02  6.73901697E-04
3.77784941E-01  7.93069229E-02  6.70274894E-04
3.78031617E-01  7.69146979E-02  6.50828355E-04
3.78278294E-01  7.74838179E-02  6.63558545E-04
3.78524970E-01  7.84273073E-02  6.49644935E-04
3.78771647E-01  7.78692216E-02  6.59951416E-04
3.79018323E-01  7.99570158E-02  6.65661064E-04
3.79264999E-01  8.08463320E-02  6.72441558E-04
3.79511676E-01  7.90161416E-02  6.69473025E-04
3.79758352E-01  8.13155174E-02  6.57614262E-04
3.80005029E-01  8.04071724E-02  6.51745708E-04
3.80251705E-01  8.15742239E-02  6.51189359E-04
3.80498382E-01  7.77186751E-02  6.38598052E-04
3.80745058E-01  8.16877335E-02  6.88007043E-04
3.80991734E-01  7.82484636E-02  6.66898035E-04
3.81238411E-01  8.03288221E-02  7.12887908E-04
3.81485087E-01  7.79229999E-02  6.95854833E-04
3.81731764E-01  7.84950927E-02  6.86310697E-04
3.81978440E-01  7.59143382E-02  6.96521543E-04
3.82225116E-01  7.81103298E-02  7.01353420E-04
3.82471793E-01  7.99966380E-02  7.13764864E-04
3.82718469E-01  7.88577572E-02  6.89469627E-04
3.82965146E-01  7.88353011E-02  7.18990748E-04
3.83211822E-01  7.65883178E-02  7.06951309E-04
3.83458499E-01  7.84166157E-02  7.27185514E-04
3.83705175E-01  7.91749135E-02  7.12402049E-04
3.83951851E-01  7.77127370E-02  7.28345651E-04
3.84198528E-01  7.85242766E-02  7.21690070E-04
3.84445204E-01  7.77566135E-02  7.25988997E-04
3.84691881E-01  7.90327564E-02  7.51379936E-04
3.84938557E-01  7.87763074E-02  7.35415670E-04
3.85185234E-01  7.50393346E-02  6.99662371E-04
3.85431910E-01  7.78884366E-02  7.31991080E-04
3.85678586E-01  7.90592209E-02  7.36673537E-04
3.85925263E-01  7.44156241E-02  7.15948874E-04
3.86171939E-01  8.04017708E-02  7.53065397E-04
3.86418616E-01  7.55221769E-02  7.29137973E-04
3.86665292E-01  7.85321444E-02  7.45774538E-04
3.86911968E-01  7.62880147E-02  7.32084794E-04
3.87158645E-01  8.10878575E-02  7.82189250E-04
3.87405321E-01  7.79878348E-02  7.57808215E-04
3.87651998E-01  7.88362026E-02  7.72754604E-04
3.87898674E-01  7.57832900E-02  7.33027060E-04
3.88145351E-01  8.12204778E-02  7.63703720E-04
3.88392027E-01  7.90451691E-02  7.93300220E-04
3.88638703E-01  8.01564157E-02  7.47781887E-04
3.88885380E-01  7.95912445E-02  7.58479815E-04
3.89132056E-01  7.73213059E-02  7.81784242E-04
3.89378733E-01  8.05913359E-02  8.00954469E-04
3.89625409E-01  7.61838406E-02  7.61800446E-04
3.89872086E-01  7.81003311E-02  7.62990676E-04
3.90118762E-01  7.95949027E-02  7.88604491E-04
3.90365438E-01  8.04521739E-02  7.58278067E-04
3.90612115E-01  8.05786103E-02  7.63534452E-04
3.90858791E-01  8.09366107E-02  7.43012934E-04
3.91105468E-01  7.80413449E-02  7.45693105E-04
3.91352144E-01  7.97571987E-02  7.32683635E-04
3.91598821E-01  8.05363208E-02  7.39825715E-04
3.91845497E-01  8.02242085E-02  7.42010190E-04
3.92092173E-01  7.61996582E-02  7.14408641E-04
3.92338850E-01  7.98809379E-02  7.38333154E-04
3.92585526E-01  8.10087025E-02  7.40055926E-04
3.92832203E-01  7.76064172E-02  7.03392434E-04
3.93078879E-01  7.98076764E-02  7.22647354E-04
3.93325555E-01  7.95483068E-02  7.01695564E-04
3.93572232E-01  7.64230788E-02  7.21486227E-04
3.93818908E-01  8.19680095E-02  7.57863338E-04
3.94065585E-01  7.93678090E-02  7.30986765E-04
3.94312261E-01  7.70113841E-02  7.07098050E-04
3.94558938E-01  8.27577561E-02  7.36142043E-04
3.94805614E-01  8.24622810E-02  7.25257501E-04
3.95052290E-01  8.04135799E-02  6.94465474E-04
3.95298967E-01  7.51044005E-02  6.90620858E-04
3.95545643E-01  8.03652406E-02  7.35171488E-04
3.95792320E-01  8.09131637E-02  7.49381143E-04
3.96038996E-01  7.76335672E-02  7.09030486E-04
3.96285673E-01  8.31849277E-02  7.34843547E-04
3.96532349E-01  7.67487511E-02  7.06936815E-04
3.96779025E-01  8.02000090E-02  7.20920099E-04
3.97025702E-01  7.87486732E-02  7.23641948E-04
3.97272378E-01  7.96056390E-02  7.10348715E-04
3.97519055E-01  8.01901445E-02  7.18946627E-04
3.97765731E-01  7.77302682E-02  7.20400712E-04
3.98012407E-01  7.88543150E-02  6.94130140E-04
3.98259084E-01  8.29649270E-02  7.12431327E-04
3.98505760E-01  7.92816952E-02  7.13717076E-04
3.98752437E-01  7.77459741E-02  6.81650126E-04
3.98999113E-01  8.04422274E-02  7.17679912E-04
3.99245790E-01  8.09869245E-02  7.11085566E-04
3.99492466E-01  7.74900168E-02  6.95690978E-04
3.99739142E-01  8.00479725E-02  6.99317723E-04
3.99985819E-01  7.80232325E-02  7.06469582E-04
4.00232495E-01  7.40919188E-02  6.99006720E-04
4.00479172E-01  7.80507177E-02  6.95196213E-04
4.00725848E-01  8.01069140E-02  7.23292527E-04
4.00972525E-01  8.21021646E-02  7.16126175E-04
4.01219201E-01  7.75777176E-02  6.97929878E-04
4.01465877E-01  8.10331702E-02  7.31104927E-04
4.01712554E-01  8.21884722E-02  7.18037656E-04
4.01959230E-01  7.92540759E-02  7.21408753E-04
4.02205907E-01  7.79387206E-02  6.87954540E-04
4.02452583E-01  7.99167827E-02  6.97384879E-04
4.02699260E-01  8.04040581E-02  7.37187569E-04
4.02945936E-01  8.08525309E-02  7.15210277E-04
4.03192612E-01  7.57344440E-02  6.76267897E-04
4.03439289E-01  7.95338303E-02  7.22947356E-04
4.03685965E-01  7.97072500E-02  6.90765097E-04
4.03932642E-01  8.23483914E-02  6.98084536E-04
4.04179318E-01  7.84889162E-02  6.92704401E-04
4.04425994E-01  8.00112858E-02  7.04930746E-04
4.04672671E-01  7.96250775E-02  6.94710761E-04
4.04919347E-01  7.37472028E-02  6.76284952E-04
4.05166024E-01  7.73983672E-02  7.00362085E-04
4.05412700E-01  7.33530745E-02  6.58469799E-04
4.05659377E-01  7.99751282E-02  7.10660766E-04
4.05906053E-01  7.67727122E-02  6.96251518E-04
4.06152729E-01  7.81428069E-02  7.09529617E-04
4.06399406E-01  7.90325552E-02  6.89551991E-04
4.06646082E-01  8.32438916E-02  7.15542643E-04
4.06892759E-01  7.94333741E-02  7.03265076E-04
4.07139435E-01  7.76893049E-02  6.87319261E-04
4.07386112E-01  7.73203969E-02  6.97896699E-04
4.07632788E-01  7.73411021E-02  6.88086438E-04
4.07879464E-01  7.97104314E-02  6.99295953E-04
4.08126141E-01  7.81170800E-02  6.91493682E-04
4.08372817E-01  7.83712715E-02  6.85148116E-04
4.08619494E-01  7.78522268E-02  6.95998955E-04
4.08866170E-01  7.47790709E-02  6.66730455E-04
4.09112847E-01  8.18561763E-02  7.11429457E-04
4.09359523E-01  7.81066418E-02  7.13895424E-04
4.09606199E-01  7.96126500E-02  7.07778672E-04
4.09852876E-01  8.11841637E-02  7.02694408E-04
4.10099552E-01  7.73778632E-02  6.82156358E-04
4.10346229E-01  8.12883899E-02  7.09578337E-04
4.10592905E-01  7.65083656E-02  6.91230816E-04
4.10839581E-01  7.97684044E-02  6.98839605E-04
4.11086258E-01  7.44871497E-02  7.02329446E-04
4.11332934E-01  8.23202729E-02  7.16389855E-04
4.11579611E-01  7.62283653E-02  7.01401441E-04
4.11826287E-01  7.54033700E-02  6.95540046E-04
4.12072964E-01  8.02575350E-02  6.97842741E-04
4.12319640E-01  8.11917409E-02  7.14131922E-04
4.12566316E-01  8.08033645E-02  7.07376399E-04
4.12812993E-01  7.98868686E-02  7.06606894E-04
4.13059669E-01  8.03661421E-02  7.06476043E-04
4.13306346E-01  7.81572238E-02  6.88951579E-04
4.13553022E-01  7.84644112E-02  7.01447134E-04
4.13799699E-01  7.84320235E-02  6.91642053E-04
4.14046375E-01  7.53851011E-02  6.98197866E-04
4.14293051E-01  7.59607032E-02  6.93416863E-04
4.14539728E-01  7.84673616E-02  6.99033961E-04
4.14786404E-01  8.25426355E-02  7.39066338E-04
4.15033081E-01  7.76935741E-02  6.81514503E-04
4.15279757E-01  7.75065944E-02  6.96551113E-04
4.15526433E-01  7.73509145E-02  6.79094344E-04
4.15773110E-01  7.60185942E-02  6.90027839E-04
4.16019786E-01  7.58922249E-02  6.90891698E-04
4.16266463E-01  7.73717016E-02  7.08137057E-04
4.16513139E-01  7.56997913E-02  6.74852694E-04
4.16759816E-01  8.36152360E-02  7.35270733E-04
4.17006492E-01  7.75075182E-02  6.93256035E-04
4.17253168E-01  8.17072242E-02  7.06651597E-04
4.17499845E-01  8.10813978E-02  7.31639157E-04
4.17746521E-01  8.09448287E-02  7.28595653E-04
4.17993198E-01  7.73963183E-02  6.82909333E-04
4.18239874E-01  7.94060379E-02  7.02092715E-04
4.18486551E-01  7.57443681E-02  6.90987392E-04
4.18733227E-01  7.99679905E-02  7.02659599E-04
4.18979903E-01  8.16930756E-02  7.19820848E-04
4.19226580E-01  8.27631652E-02  7.18040566E-04
4.19473256E-01  7.95837268E-02  7.02554069E-04
4.19719933E-01  7.97228366E-02  7.20070442E-04
4.19966609E-01  7.92604238E-02  6.85015519E-04
4.20213286E-01  8.20213258E-02  7.19783129E-04
4.20459962E-01  7.64358565E-02  6.76829368E-04
4.20706638E-01  7.74731785E-02  6.88435917E-04
4.20953315E-01  7.75706321E-02  7.03748083E-04
4.21199991E-01  8.15729499E-02  6.98137912E-04
4.21446668E-01  8.23361799E-02  7.06220686E-04
4.21693344E-01  7.83292651E-02  6.77896256E-04
4.21940020E-01  8.19529295E-02  7.14206719E-04
4.22186697E-01  7.76601285E-02  6.93179143E-04
4.22433373E-01  7.85897672E-02  6.97910902E-04
4.22680050E-01  8.09384733E-02  6.94786140E-04
4.22926726E-01  7.84539133E-02  6.85391482E-04
4.23173403E-01  7.97927976E-02  7.04673876E-04
4.23420079E-01  8.14446956E-02  7.35238020E-04
4.23666755E-01  8.11407790E-02  6.86540909E-04
4.23913432E-01  8.16712081E-02  6.91833091E-04
4.24160108E-01  7.71461427E-02  6.85318839E-04
4.24406785E-01  7.95443952E-02  6.94598770E-04
4.24653461E-01  8.05374086E-02  6.92224072E-04
4.24900138E-01  7.84653276E-02  7.01954123E-04
4.25146814E-01  7.64120370E-02  6.76290249E-04
4.25393490E-01  8.22082236E-02  7.03256170E-04
4.25640167E-01  8.05388391E-02  7.00937177E-04
4.25886843E-01  7.97398612E-02  7.02903664E-04
4.26133520E-01  8.14843178E-02  7.19118747E-04
4.26380196E-01  8.19294453E-02  7.36563292E-04
4.26626872E-01  8.06647688E-02  6.90520101E-04
4.26873549E-01  7.99230859E-02  6.99917378E-04
4.27120225E-01  7.99629465E-02  7.11594184E-04
4.27366902E-01  7.91546255E-02  6.92249043E-04
4.27613578E-01  7.63098747E-02  6.83414459E-04
4.27860255E-01  7.85081610E-02  6.96072355E-04
4.28106931E-01  8.02228451E-02  6.85759180E-04
4.28353607E-01  8.13467875E-02  7.10875727E-04
4.28600284E-01  7.79944584E-02  6.98941702E-04
4.28846960E-01  8.15933645E-02  7.19598902E-04
4.29093637E-01  8.04184377E-02  7.15497823E-04
4.29340313E-01  8.21006224E-02  7.13968882E-04
4.29586990E-01  7.93213770E-02  6.78628159E-04
4.29833666E-01  8.11454430E-02  6.95260183E-04
4.30080342E-01  7.80108720E-02  6.96377712E-04
4.30327019E-01  7.89478272E-02  6.82912010E-04
4.30573695E-01  7.79237151E-02  7.06300081E-04
4.30820372E-01  7.94173852E-02  7.02988531E-04
4.31067048E-01  8.04546028E-02  6.80141558E-04
4.31313725E-01  7.82891065E-02  6.82935410E-04
4.31560401E-01  7.93536752E-02  7.01715122E-04
4.31807077E-01  8.14371929E-02  6.91443158E-04
4.32053754E-01  7.90785253E-02  6.91273890E-04
4.32300430E-01  8.09112415E-02  6.88869390E-04
4.32547107E-01  8.55167881E-02  7.28637562E-04
4.32793783E-01  7.79576600E-02  6.81423990E-04
4.33040459E-01  7.64906704E-02  6.77927339E-04
4.33287136E-01  8.01702216E-02  7.00026518E-04
4.33533812E-01  7.70124793E-02  6.74292445E-04
4.33780489E-01  8.28778073E-02  7.22304161E-04
4.34027165E-01  8.19204450E-02  7.09258718E-04
4.34273842E-01  8.10208172E-02  7.23913137E-04
4.34520518E-01  8.10980499E-02  7.07608648E-04
4.34767194E-01  7.86216334E-02  7.02329795E-04
4.35013871E-01  7.91591778E-02  6.80202967E-04
4.35260547E-01  7.86525980E-02  6.89596927E-04
4.35507224E-01  8.21612552E-02  7.13197631E-04
4.35753900E-01  8.02181736E-02  7.03994185E-04
4.36000577E-01  8.08755606E-02  6.92921749E-04
4.36247253E-01  8.59626085E-02  7.32533576E-04
4.36493929E-01  8.21046904E-02  6.86445273E-04
4.36740606E-01  7.66262040E-02  6.78249111E-04
4.36987282E-01  7.92428330E-02  6.84155908E-04
4.37233959E-01  7.58956596E-02  6.93650567E-04
4.37480635E-01  7.94247985E-02  6.99128432E-04
4.37727311E-01  8.06633681E-02  7.32302142E-04
4.37973988E-01  8.26786757E-02  7.10659253E-04
4.38220664E-01  8.19846317E-02  7.14063819E-04
4.38467341E-01  8.07077289E-02  6.98059739E-04
4.38714017E-01  8.26232061E-02  7.19647855E-04
4.38960694E-01  8.10788199E-02  6.87621417E-04
4.39207370E-01  8.23329091E-02  7.09115935E-04
4.39454046E-01  7.88689107E-02  6.94208662E-04
4.39700723E-01  8.31447169E-02  7.10132648E-04
4.39947399E-01  7.75392279E-02  6.84408355E-04
4.40194076E-01  8.03305432E-02  6.88648084E-04
4.40440752E-01  7.80194178E-02  6.92547765E-04
4.40687429E-01  8.12146887E-02  7.10996741E-04
4.40934105E-01  8.35424438E-02  7.31014821E-04
4.41180781E-01  8.11787248E-02  6.92292582E-04
4.41427458E-01  8.07108060E-02  7.11671950E-04
4.41674134E-01  7.82113895E-02  6.86377403E-04
4.41920811E-01  8.54737908E-02  7.14724883E-04
4.42167487E-01  8.33846107E-02  7.02797959E-04
4.42414164E-01  7.88304806E-02  6.94756454E-04
4.42660840E-01  8.01782385E-02  6.99464697E-04
4.42907516E-01  8.23163465E-02  7.05704733E-04
4.43154193E-01  7.65740573E-02  6.92144095E-04
4.43400869E-01  8.52754936E-02  7.22142751E-04
4.43647546E-01  7.88094178E-02  6.94838818E-04
4.43894222E-01  7.82374442E-02  7.15174712E-04
4.44140898E-01  8.31568316E-02  7.30495143E-04
4.44387575E-01  7.97865242E-02  6.86394866E-04
4.44634251E-01  8.39812905E-02  7.03122758E-04
4.44880928E-01  8.00748467E-02  6.95963157E-04
4.45127604E-01  7.80034587E-02  6.84947416E-04
4.45374281E-01  7.95002654E-02  6.95030089E-04
4.45620957E-01  8.07026699E-02  7.04395643E-04
4.45867633E-01  8.34378600E-02  7.00529199E-04
4.46114310E-01  8.07349682E-02  6.99469121E-04
4.46360986E-01  8.09970126E-02  6.99866854E-04
4.46607663E-01  8.45790878E-02  7.19135278E-04
4.46854339E-01  7.88720846E-02  6.97381794E-04
4.47101016E-01  8.22941065E-02  7.00712088E-04
4.47347692E-01  7.92979822E-02  6.99588796E-04
4.47594368E-01  8.28054175E-02  7.15827162E-04
4.47841045E-01  8.11023265E-02  6.88177708E-04
4.48087721E-01  8.35680217E-02  7.14155263E-04
4.48334398E-01  8.27962533E-02  6.97037263E-04
4.48581074E-01  8.07780996E-02  6.99524360E-04
4.48827751E-01  7.87994489E-02  6.75796007E-04
4.49074427E-01  8.48682523E-02  6.99908182E-04
4.49321103E-01  8.38089958E-02  7.10647320E-04
4.49567780E-01  7.76807591E-02  6.78633805E-04
4.49814456E-01  7.76857883E-02  6.88296510E-04
4.50061133E-01  7.90210143E-02  6.76155963E-04
4.50307809E-01  8.40978771E-02  6.99685479E-04
4.50554485E-01  8.38941112E-02  7.14206835E-04
4.50801162E-01  8.19256902E-02  7.31054752E-04
4.51047838E-01  8.09298456E-02  7.10138760E-04
4.51294515E-01  8.06157291E-02  6.80913974E-04
4.51541191E-01  8.68449435E-02  7.29691703E-04
4.51787868E-01  8.44317451E-02  7.07123836E-04
4.52034544E-01  8.38453323E-02  6.95254712E-04
4.52281220E-01  8.18374902E-02  7.14218011E-04
4.52527897E-01  8.02863911E-02  6.77865348E-04
4.52774573E-01  8.03553164E-02  6.76969823E-04
4.53021250E-01  8.17524195E-02  6.76677621E-04
4.53267926E-01  8.06310028E-02  6.77720527E-04
4.53514603E-01  8.51957127E-02  6.94314309E-04
4.53761279E-01  8.16593915E-02  6.93338574E-04
4.54007955E-01  8.05539116E-02  6.85265928E-04
4.54254632E-01  8.05754364E-02  6.88977423E-04
4.54501308E-01  8.07167962E-02  6.91922032E-04
4.54747985E-01  8.12933967E-02  7.18183932E-04
4.54994661E-01  8.11067745E-02  6.88552856E-04
4.55241337E-01  7.94671401E-02  6.77996024E-04
4.55488014E-01  8.30783099E-02  6.93438633E-04
4.55734690E-01  7.89745674E-02  6.92247180E-04
4.55981367E-01  8.23529661E-02  7.15947943E-04
4.56228043E-01  8.43329206E-02  7.12123408E-04
4.56474720E-01  8.30306411E-02  6.96103205E-04
4.56721396E-01  8.56038556E-02  7.12393841E-04
4.56968072E-01  8.29792023E-02  6.94410002E-04
4.57214749E-01  8.21399465E-02  6.96519855E-04
4.57461425E-01  8.19447115E-02  6.87843654E-04
4.57708102E-01  8.26656818E-02  7.07922794E-04
4.57954778E-01  8.29247907E-02  7.05066253E-04
4.58201455E-01  7.98603967E-02  6.97348907E-04


### HEADER:
#
#{
#    "analysis": {},
#    "calibration_params": {
#        "Beam_Center_X": 1092.0,
#        "Beam_Center_Y": 2091.0,
#        "Detector Tilt": 0.0,
#        "Detector Tilt Plane Rotation": 0.0,
#        "Detector_X_Pixel_Size": 75.0,
#        "Detector_Y_Pixel_Size": 75.0,
#        "Integration Method": "nosplit_csr",
#        "Radial_Average_Method": "pyFAI",
#        "Sample-to-detector distance (mm)": 1731.0,
#        "Wavelength (A)": 1.0993212460550197
#    },
#    "config_file": "/mnt/home/chess_id7a/.RAW/backup.cfg",
#    "counters": {
#        "Epoch": "47.049",
#        "I1": "0",
#        "I2": "0",
#        "I3": "0",
#        "Seconds": "0.5",
#        "Time": "1.40667e-05",
#        "date": "Sat May 18 00:09:00 2024",
#        "diode": "15003"
#    },
#    "filename": "D1M0008_80C_100MPa_up_1_data_000001_00001.h5",
#    "history": {},
#    "imageHeader": {},
#    "load_path": "/nfs/chess/daq/current/id7a/Budin_05_16_24/D1M0008/D1M0008_80C_100MPa_up_1_data_000001.h5",
#    "normalizations": {
#        "Absolute_scale": {
#            "Absolute_scale_factor": 0.01111656324368444,
#            "Method": "Water"
#        },
#        "Counter_norms": [
#            [
#                "/",
#                "diode/150000"
#            ]
#        ],
#        "Polarization": {
#            "Used": false
#        },
#        "Solid_Angle_Correction": "On"
#    },
#    "raw_version": "2.1.4"
#}

