### DATA:
#
# 1823
#      Q             I(Q)           Error     
8.75701299E-03  2.72827968E-02  2.18436122E-03
9.00368942E-03  4.54713367E-02  2.66464869E-03
9.25036584E-03  3.68686579E-02  2.14908621E-03
9.49704226E-03  5.68391904E-02  2.34710472E-03
9.74371868E-03  6.71736076E-02  3.02611385E-03
9.99039511E-03  7.50277713E-02  3.50109837E-03
1.02370715E-02  8.99093300E-02  3.71524505E-03
1.04837480E-02  8.94519240E-02  3.80203128E-03
1.07304244E-02  1.61199868E-01  7.81115657E-03
1.09771008E-02  2.07818598E-01  9.72239301E-03
1.12237772E-02  2.80643970E-01  1.37477107E-02
1.14704536E-02  3.51237744E-01  1.76519100E-02
1.17171301E-02  5.09185553E-01  2.72356793E-02
1.19638065E-02  6.75428391E-01  3.71655151E-02
1.22104829E-02  1.07472098E+00  5.81980459E-02
1.24571593E-02  9.61597290E+01  7.14001799E+00
1.27038358E-02  1.79244720E+02  1.27628822E+01
1.29505122E-02  2.07816193E+02  1.28737364E+01
1.31971886E-02  1.49983612E+02  8.96461105E+00
1.34438650E-02  1.38366119E+02  8.04078293E+00
1.36905414E-02  1.22728874E+02  7.02522755E+00
1.39372179E-02  9.62621994E+01  5.39470434E+00
1.41838943E-02  8.72846756E+01  4.67206049E+00
1.44305707E-02  6.78962784E+01  3.56962633E+00
1.46772471E-02  5.92336388E+01  3.05013800E+00
1.49239236E-02  5.26686935E+01  2.65343714E+00
1.51706000E-02  4.13940659E+01  2.03882003E+00
1.54172764E-02  4.14495392E+01  2.02987814E+00
1.56639528E-02  3.42224922E+01  1.66451955E+00
1.59106292E-02  3.25424881E+01  1.56652999E+00
1.61573057E-02  2.99945583E+01  1.38399160E+00
1.64039821E-02  2.40526485E+01  1.07525790E+00
1.66506585E-02  2.40468235E+01  1.05305326E+00
1.68973349E-02  1.92451401E+01  8.36723089E-01
1.71440114E-02  2.02466717E+01  8.67579758E-01
1.73906878E-02  1.64029026E+01  6.76985800E-01
1.76373642E-02  1.54877844E+01  6.28146708E-01
1.78840406E-02  1.40553770E+01  5.58893800E-01
1.81307170E-02  1.22194529E+01  4.82035488E-01
1.83773935E-02  1.25529547E+01  4.90814447E-01
1.86240699E-02  1.07797546E+01  4.16076630E-01
1.88707463E-02  9.90195179E+00  3.71472806E-01
1.91174227E-02  8.88411522E+00  3.35025579E-01
1.93640992E-02  7.65353155E+00  2.86357313E-01
1.96107756E-02  7.29470301E+00  2.80046195E-01
1.98574520E-02  6.82079840E+00  2.56523639E-01
2.01041284E-02  5.90508080E+00  2.13429987E-01
2.03508048E-02  5.02471733E+00  1.80449113E-01
2.05974813E-02  4.40444422E+00  1.56429574E-01
2.08441577E-02  3.92736745E+00  1.38084382E-01
2.10908341E-02  3.32397246E+00  1.13937773E-01
2.13375105E-02  3.16223025E+00  1.06798477E-01
2.15841870E-02  2.91719890E+00  9.97961760E-02
2.18308634E-02  2.79369593E+00  9.43693146E-02
2.20775398E-02  2.54627442E+00  8.46060887E-02
2.23242162E-02  2.22539401E+00  7.14430511E-02
2.25708926E-02  2.23592854E+00  7.30294660E-02
2.28175691E-02  2.07487321E+00  6.45583495E-02
2.30642455E-02  1.96876013E+00  5.87286837E-02
2.33109219E-02  1.80449247E+00  5.29905148E-02
2.35575983E-02  1.60551739E+00  4.50752825E-02
2.38042748E-02  1.48515689E+00  4.19864245E-02
2.40509512E-02  1.35025108E+00  3.70691791E-02
2.42976276E-02  1.26673114E+00  3.31214480E-02
2.45443040E-02  1.16484785E+00  2.98176352E-02
2.47909804E-02  1.11179543E+00  2.80400366E-02
2.50376569E-02  1.07773936E+00  2.64338013E-02
2.52843333E-02  9.96408820E-01  2.37862989E-02
2.55310097E-02  9.36763585E-01  2.18546353E-02
2.57776861E-02  8.99665833E-01  2.01264545E-02
2.60243626E-02  8.70356262E-01  1.94182806E-02
2.62710390E-02  8.42664242E-01  1.83102973E-02
2.65177154E-02  7.78000176E-01  1.57083031E-02
2.67643918E-02  7.52328932E-01  1.53985461E-02
2.70110682E-02  7.27990031E-01  1.45157231E-02
2.72577447E-02  6.85906470E-01  1.33585129E-02
2.75044211E-02  6.56546175E-01  1.33335888E-02
2.77510975E-02  6.30575597E-01  1.17070051E-02
2.79977739E-02  5.97331345E-01  1.11634452E-02
2.82444504E-02  5.93410492E-01  1.07129654E-02
2.84911268E-02  5.55892944E-01  1.01114102E-02
2.87378032E-02  5.38153052E-01  8.96986388E-03
2.89844796E-02  5.11570334E-01  7.78350094E-03
2.92311561E-02  4.91918832E-01  7.57112261E-03
2.94778325E-02  4.77817893E-01  6.99330866E-03
2.97245089E-02  4.50022757E-01  6.59014238E-03
2.99711853E-02  4.45237815E-01  6.29671151E-03
3.02178617E-02  4.30567414E-01  6.06510555E-03
3.04645382E-02  4.16529953E-01  5.70145948E-03
3.07112146E-02  3.99792105E-01  5.36359055E-03
3.09578910E-02  3.84806782E-01  4.99025779E-03
3.12045674E-02  3.64959359E-01  4.50770883E-03
3.14512439E-02  3.81785661E-01  4.87093441E-03
3.16979203E-02  3.56771618E-01  4.19592205E-03
3.19445967E-02  3.46028537E-01  4.11657197E-03
3.21912731E-02  3.53821009E-01  4.26389836E-03
3.24379495E-02  3.43981266E-01  3.74233723E-03
3.26846260E-02  3.33164304E-01  3.57222231E-03
3.29313024E-02  3.35142434E-01  3.40965413E-03
3.31779788E-02  3.24241340E-01  3.30092199E-03
3.34246552E-02  3.17603946E-01  3.23915365E-03
3.36713317E-02  3.22203904E-01  3.02297040E-03
3.39180081E-02  3.14538538E-01  2.81788595E-03
3.41646845E-02  3.17524374E-01  2.77706143E-03
3.44113609E-02  3.08037966E-01  2.59815459E-03
3.46580373E-02  3.22039843E-01  2.55478197E-03
3.49047138E-02  3.06146413E-01  2.41125794E-03
3.51513902E-02  3.05901945E-01  2.38641235E-03
3.53980666E-02  2.91758239E-01  2.21021567E-03
3.56447430E-02  2.90915340E-01  1.93531311E-03
3.58914195E-02  3.02489161E-01  2.07924796E-03
3.61380959E-02  2.89057404E-01  2.06382480E-03
3.63847723E-02  2.84662485E-01  1.92062173E-03
3.66314487E-02  2.91954964E-01  1.89726718E-03
3.68781251E-02  2.83016831E-01  1.88395649E-03
3.71248016E-02  2.80193597E-01  1.86346122E-03
3.73714780E-02  2.77323008E-01  1.71215425E-03
3.76181544E-02  2.76902288E-01  1.81087363E-03
3.78648308E-02  2.86924601E-01  1.72104046E-03
3.81115073E-02  2.71282673E-01  1.63741456E-03
3.83581837E-02  2.76683927E-01  1.75166503E-03
3.86048601E-02  2.71543920E-01  1.67318224E-03
3.88515365E-02  2.68374503E-01  1.63101382E-03
3.90982129E-02  2.79576331E-01  1.74022757E-03
3.93448894E-02  2.68914521E-01  1.65097404E-03
3.95915658E-02  2.60783762E-01  1.55836693E-03
3.98382422E-02  2.70430207E-01  1.64179201E-03
4.00849186E-02  2.65208542E-01  1.60171103E-03
4.03315951E-02  2.55967706E-01  1.53129210E-03
4.05782715E-02  2.66627997E-01  1.48794195E-03
4.08249479E-02  2.57213801E-01  1.49753911E-03
4.10716243E-02  2.70911247E-01  1.53263577E-03
4.13183007E-02  2.69919574E-01  1.51469698E-03
4.15649772E-02  2.62676656E-01  1.45376532E-03
4.18116536E-02  2.56539434E-01  1.48718827E-03
4.20583300E-02  2.54295677E-01  1.49700791E-03
4.23050064E-02  2.55754352E-01  1.45672390E-03
4.25516829E-02  2.59396940E-01  1.52047619E-03
4.27983593E-02  2.56569386E-01  1.51636079E-03
4.30450357E-02  2.58639246E-01  1.53687969E-03
4.32917121E-02  2.58647889E-01  1.66976207E-03
4.35383885E-02  2.52249926E-01  1.64824829E-03
4.37850650E-02  2.41031557E-01  1.55305350E-03
4.40317414E-02  2.43978634E-01  1.58611720E-03
4.42784178E-02  2.19000131E-01  1.27108570E-03
4.45250942E-02  2.15877205E-01  1.22090033E-03
4.47717707E-02  2.07318768E-01  1.17219309E-03
4.50184471E-02  2.04452142E-01  1.14382606E-03
4.52651235E-02  1.95692226E-01  1.07852509E-03
4.55117999E-02  1.92867681E-01  1.09629706E-03
4.57584764E-02  1.92274868E-01  1.06292858E-03
4.60051528E-02  1.84570074E-01  1.02251314E-03
4.62518292E-02  1.83341429E-01  1.00231788E-03
4.64985056E-02  1.86644837E-01  1.00391137E-03
4.67451820E-02  1.81305379E-01  9.68079374E-04
4.69918585E-02  1.78987190E-01  1.01150828E-03
4.72385349E-02  1.78007960E-01  9.32113966E-04
4.74852113E-02  1.73965484E-01  9.57286917E-04
4.77318877E-02  1.75480962E-01  9.41166712E-04
4.79785642E-02  1.73354283E-01  9.31199756E-04
4.82252406E-02  1.75654903E-01  9.59651195E-04
4.84719170E-02  1.75494418E-01  8.93091899E-04
4.87185934E-02  1.68144405E-01  9.12409683E-04
4.89652698E-02  1.83043092E-01  9.10907052E-04
4.92119463E-02  1.70459941E-01  8.74385762E-04
4.94586227E-02  1.71029717E-01  8.77135433E-04
4.97052991E-02  1.71783149E-01  8.74512189E-04
4.99519755E-02  1.69938818E-01  8.89049261E-04
5.01986520E-02  1.66751757E-01  8.76070408E-04
5.04453284E-02  1.71258196E-01  8.71916476E-04
5.06920048E-02  1.67705595E-01  8.74952762E-04
5.09386812E-02  1.68776810E-01  8.31978221E-04
5.11853576E-02  1.70827046E-01  8.29816214E-04
5.14320341E-02  1.68923438E-01  8.33670609E-04
5.16787105E-02  1.60228565E-01  8.10830563E-04
5.19253869E-02  1.76579595E-01  8.44014343E-04
5.21720633E-02  1.69449180E-01  8.62833287E-04
5.24187398E-02  1.67568818E-01  8.61850567E-04
5.26654162E-02  1.71920031E-01  8.38033564E-04
5.29120926E-02  1.74281463E-01  8.78338760E-04
5.31587690E-02  1.73398346E-01  8.27327312E-04
5.34054454E-02  1.75004706E-01  8.82362656E-04
5.36521219E-02  1.68339789E-01  7.92579376E-04
5.38987983E-02  1.70470387E-01  8.35118233E-04
5.41454747E-02  1.71171457E-01  7.99844274E-04
5.43921511E-02  1.70803830E-01  8.20338260E-04
5.46388276E-02  1.73609272E-01  8.66314804E-04
5.48855040E-02  1.72811657E-01  7.87798082E-04
5.51321804E-02  1.80412292E-01  8.60730885E-04
5.53788568E-02  1.79992214E-01  8.69443524E-04
5.56255332E-02  1.79668844E-01  8.36433785E-04
5.58722097E-02  1.81326032E-01  8.49065371E-04
5.61188861E-02  1.74415961E-01  8.57110135E-04
5.63655625E-02  1.79323584E-01  8.49792792E-04
5.66122389E-02  1.78870767E-01  8.61148350E-04
5.68589154E-02  1.86228707E-01  8.56489234E-04
5.71055918E-02  1.81037322E-01  8.12718004E-04
5.73522682E-02  1.90326855E-01  8.22873961E-04
5.75989446E-02  1.90182328E-01  8.95106001E-04
5.78456210E-02  1.92162126E-01  8.62451619E-04
5.80922975E-02  1.88478544E-01  8.07203294E-04
5.83389739E-02  1.90681264E-01  8.64673930E-04
5.85856503E-02  1.92300364E-01  8.58718238E-04
5.88323267E-02  1.94607660E-01  8.93931428E-04
5.90790032E-02  1.92059398E-01  8.52044031E-04
5.93256796E-02  1.93009123E-01  8.47642717E-04
5.95723560E-02  1.99096814E-01  8.55044054E-04
5.98190324E-02  1.97315395E-01  8.50675453E-04
6.00657088E-02  1.94515020E-01  8.40361638E-04
6.03123853E-02  1.98441491E-01  8.52343976E-04
6.05590617E-02  1.99256331E-01  8.90915166E-04
6.08057381E-02  1.90673128E-01  8.16259242E-04
6.10524145E-02  1.94090679E-01  8.22970818E-04
6.12990910E-02  1.99707389E-01  8.24832940E-04
6.15457674E-02  1.94524854E-01  8.31530371E-04
6.17924438E-02  1.93436444E-01  8.48070660E-04
6.20391202E-02  2.02925414E-01  8.93465418E-04
6.22857966E-02  1.97020799E-01  8.46733223E-04
6.25324731E-02  2.07511649E-01  8.41261994E-04
6.27791495E-02  2.05504358E-01  8.41169443E-04
6.30258259E-02  2.17746004E-01  8.95549252E-04
6.32725023E-02  2.15882286E-01  8.85329791E-04
6.35191788E-02  2.15194970E-01  8.70132062E-04
6.37658552E-02  2.16624871E-01  8.88170500E-04
6.40125316E-02  2.25387290E-01  8.76636012E-04
6.42592080E-02  2.26799905E-01  9.36820521E-04
6.45058845E-02  2.28045970E-01  8.93258140E-04
6.47525609E-02  2.29470104E-01  9.17767233E-04
6.49992373E-02  2.34109327E-01  9.17783647E-04
6.52459137E-02  2.34154165E-01  9.53165116E-04
6.54925901E-02  2.41145253E-01  9.81362769E-04
6.57392666E-02  2.48648018E-01  9.21100378E-04
6.59859430E-02  2.49460861E-01  1.01223111E-03
6.62326194E-02  2.57990897E-01  9.87238251E-04
6.64792958E-02  2.50165403E-01  9.79149132E-04
6.67259723E-02  2.59822190E-01  1.03136199E-03
6.69726487E-02  2.63860017E-01  1.03916274E-03
6.72193251E-02  2.68882334E-01  1.02769246E-03
6.74660015E-02  2.78597683E-01  1.06481125E-03
6.77126779E-02  2.86983013E-01  1.12596527E-03
6.79593544E-02  2.86924392E-01  1.08052196E-03
6.82060308E-02  2.90485770E-01  1.10904616E-03
6.84527072E-02  3.03012788E-01  1.14483119E-03
6.86993836E-02  2.97179699E-01  1.18823943E-03
6.89460601E-02  3.26841116E-01  1.22427742E-03
6.91927365E-02  3.28449726E-01  1.22460607E-03
6.94394129E-02  3.36513013E-01  1.29597029E-03
6.96860893E-02  3.59792084E-01  1.36404240E-03
6.99327657E-02  3.67036939E-01  1.40345364E-03
7.01794422E-02  3.77020180E-01  1.45956583E-03
7.04261186E-02  3.96854043E-01  1.63131696E-03
7.06727950E-02  4.06618893E-01  1.70483661E-03
7.09194714E-02  4.27706927E-01  1.81352987E-03
7.11661479E-02  4.35276181E-01  1.89078005E-03
7.14128243E-02  4.63677555E-01  2.12171301E-03
7.16595007E-02  4.93974030E-01  2.34409864E-03
7.19061771E-02  5.00948250E-01  2.35854532E-03
7.21528535E-02  5.34740388E-01  2.53410125E-03
7.23995300E-02  5.48735619E-01  2.54200655E-03
7.26462064E-02  5.71599007E-01  2.71746493E-03
7.28928828E-02  6.02081656E-01  2.82352767E-03
7.31395592E-02  6.12290680E-01  2.89946026E-03
7.33862357E-02  6.39850974E-01  3.00701545E-03
7.36329121E-02  6.50240958E-01  3.07525438E-03
7.38795885E-02  6.67296648E-01  3.03904084E-03
7.41262649E-02  6.97028995E-01  3.15038417E-03
7.43729413E-02  7.10797250E-01  3.10290582E-03
7.46196178E-02  7.41815150E-01  3.24919331E-03
7.48662942E-02  7.61243403E-01  3.23539344E-03
7.51129706E-02  7.62363553E-01  3.25775333E-03
7.53596470E-02  7.78502762E-01  3.21231200E-03
7.56063235E-02  7.79841483E-01  3.14329378E-03
7.58529999E-02  8.10341716E-01  3.22554191E-03
7.60996763E-02  8.10891986E-01  3.04885861E-03
7.63463527E-02  8.19800496E-01  3.07478383E-03
7.65930291E-02  8.33728731E-01  2.99204839E-03
7.68397056E-02  8.26690495E-01  2.92386999E-03
7.70863820E-02  8.45988274E-01  2.89540831E-03
7.73330584E-02  8.50318313E-01  2.69085704E-03
7.75797348E-02  8.50823402E-01  2.68784724E-03
7.78264113E-02  8.56615245E-01  2.61233072E-03
7.80730877E-02  8.69494438E-01  2.64043221E-03
7.83197641E-02  8.67640734E-01  2.47121858E-03
7.85664405E-02  8.96248102E-01  2.38898164E-03
7.88131169E-02  8.79830062E-01  2.30212952E-03
7.90597934E-02  8.71979833E-01  2.17194180E-03
7.93064698E-02  8.94800067E-01  2.14353902E-03
7.95531462E-02  8.60261321E-01  2.13405886E-03
7.97998226E-02  8.94161522E-01  2.11315462E-03
8.00464991E-02  8.74830902E-01  2.12809280E-03
8.02931755E-02  8.62765610E-01  2.12794845E-03
8.05398519E-02  8.53082776E-01  2.07993318E-03
8.07865283E-02  8.29182088E-01  2.06113816E-03
8.10332047E-02  8.16301465E-01  2.06337823E-03
8.12798812E-02  7.89764285E-01  2.05623056E-03
8.15265576E-02  7.76861310E-01  1.96408737E-03
8.17732340E-02  7.60386288E-01  1.95827754E-03
8.20199104E-02  7.37522483E-01  1.77586393E-03
8.22665869E-02  7.10349798E-01  1.73515291E-03
8.25132633E-02  6.78378344E-01  1.62851287E-03
8.27599397E-02  6.76549375E-01  1.64775958E-03
8.30066161E-02  6.53495014E-01  1.53555174E-03
8.32532926E-02  6.40989959E-01  1.48305180E-03
8.34999690E-02  6.19863987E-01  1.48066529E-03
8.37466454E-02  6.13324523E-01  1.44749286E-03
8.39933218E-02  5.96706569E-01  1.36407826E-03
8.42399982E-02  5.91175079E-01  1.39330386E-03
8.44866747E-02  5.85759997E-01  1.37504435E-03
8.47333511E-02  5.64026475E-01  1.36208546E-03
8.49800275E-02  5.64298451E-01  1.28360128E-03
8.52267039E-02  5.52145481E-01  1.29653758E-03
8.54733804E-02  5.47605395E-01  1.29479333E-03
8.57200568E-02  5.48042953E-01  1.19924976E-03
8.59667332E-02  5.37312865E-01  1.24611240E-03
8.62134096E-02  5.35344720E-01  1.25046319E-03
8.64600860E-02  5.21700621E-01  1.19154982E-03
8.67067625E-02  5.23648500E-01  1.26538170E-03
8.69534389E-02  5.12676656E-01  1.17240415E-03
8.72001153E-02  5.10893822E-01  1.21431926E-03
8.74467917E-02  5.05003572E-01  1.21211284E-03
8.76934682E-02  5.06472409E-01  1.19849504E-03
8.79401446E-02  5.04736423E-01  1.19647081E-03
8.81868210E-02  4.96510446E-01  1.15873280E-03
8.84334974E-02  4.91539627E-01  1.14667031E-03
8.86801738E-02  4.90351945E-01  1.15513930E-03
8.89268503E-02  4.92887676E-01  1.18195754E-03
8.91735267E-02  4.89688873E-01  1.17728603E-03
8.94202031E-02  4.99310106E-01  1.16401492E-03
8.96668795E-02  4.89515305E-01  1.20293302E-03
8.99135560E-02  4.80533630E-01  1.16060418E-03
9.01602324E-02  4.86265004E-01  1.19836838E-03
9.04069088E-02  4.87547696E-01  1.16764917E-03
9.06535852E-02  4.84471679E-01  1.18517503E-03
9.09002616E-02  4.74677175E-01  1.13192317E-03
9.11469381E-02  4.81125146E-01  1.12675806E-03
9.13936145E-02  4.76837844E-01  1.15438108E-03
9.16402909E-02  4.77242231E-01  1.15360611E-03
9.18869673E-02  4.70805615E-01  1.09522755E-03
9.21336438E-02  4.68072206E-01  1.13082549E-03
9.23803202E-02  4.78971303E-01  1.09905633E-03
9.26269966E-02  4.71425921E-01  1.10085751E-03
9.28736730E-02  4.74600941E-01  1.08098763E-03
9.31203494E-02  4.72713113E-01  1.11961155E-03
9.33670259E-02  4.66661245E-01  1.12654746E-03
9.36137023E-02  4.63675112E-01  1.14133907E-03
9.38603787E-02  4.62306887E-01  1.07982766E-03
9.41070551E-02  4.72362936E-01  1.13650109E-03
9.43537316E-02  4.68612671E-01  1.13956293E-03
9.46004080E-02  4.60214406E-01  1.14314537E-03
9.48470844E-02  4.72519457E-01  1.11909502E-03
9.50937608E-02  4.68757778E-01  1.15753361E-03
9.53404372E-02  4.62694854E-01  1.11423747E-03
9.55871137E-02  4.71411049E-01  1.14582933E-03
9.58337901E-02  4.60988432E-01  1.09252986E-03
9.60804665E-02  4.66943592E-01  1.09315407E-03
9.63271429E-02  4.67560589E-01  1.15611148E-03
9.65738194E-02  4.58686262E-01  1.10760692E-03
9.68204958E-02  4.69027579E-01  1.13442005E-03
9.70671722E-02  4.64452535E-01  1.11271767E-03
9.73138486E-02  4.74286139E-01  1.15869672E-03
9.75605250E-02  4.65729654E-01  1.14387763E-03
9.78072015E-02  4.66475576E-01  1.12791662E-03
9.80538779E-02  4.76735711E-01  1.11800199E-03
9.83005543E-02  4.67872441E-01  1.14636426E-03
9.85472307E-02  4.74766016E-01  1.13479455E-03
9.87939072E-02  4.76580113E-01  1.12140796E-03
9.90405836E-02  4.73362327E-01  1.07339758E-03
9.92872600E-02  4.78404224E-01  1.10197533E-03
9.95339364E-02  4.78117138E-01  1.11679721E-03
9.97806128E-02  4.80629563E-01  1.14518334E-03
1.00027289E-01  4.70797449E-01  1.08253094E-03
1.00273966E-01  4.77667719E-01  1.11435959E-03
1.00520642E-01  4.87324119E-01  1.14763668E-03
1.00767319E-01  4.87932056E-01  1.12465862E-03
1.01013995E-01  4.90349889E-01  1.12041715E-03
1.01260671E-01  4.89501446E-01  1.12512195E-03
1.01507348E-01  4.89623308E-01  1.13076437E-03
1.01754024E-01  4.91411805E-01  1.18733000E-03
1.02000701E-01  4.97568846E-01  1.13789516E-03
1.02247377E-01  4.98318344E-01  1.12855516E-03
1.02494053E-01  5.00771165E-01  1.11538265E-03
1.02740730E-01  5.00995159E-01  1.15620508E-03
1.02987406E-01  5.04940093E-01  1.17813062E-03
1.03234083E-01  4.98081237E-01  1.11555355E-03
1.03480759E-01  5.03002763E-01  1.15686120E-03
1.03727436E-01  5.04200220E-01  1.13890565E-03
1.03974112E-01  5.08815706E-01  1.14980212E-03
1.04220788E-01  5.22295117E-01  1.16200745E-03
1.04467465E-01  5.12455404E-01  1.11159566E-03
1.04714141E-01  5.14797211E-01  1.19820493E-03
1.04960818E-01  5.23970842E-01  1.16241421E-03
1.05207494E-01  5.20262480E-01  1.18123286E-03
1.05454171E-01  5.29615462E-01  1.17542048E-03
1.05700847E-01  5.39117336E-01  1.17685506E-03
1.05947523E-01  5.26216805E-01  1.23746193E-03
1.06194200E-01  5.38530529E-01  1.20614958E-03
1.06440876E-01  5.44141710E-01  1.17568218E-03
1.06687553E-01  5.49078166E-01  1.21875969E-03
1.06934229E-01  5.58482826E-01  1.17851270E-03
1.07180906E-01  5.59732556E-01  1.22355460E-03
1.07427582E-01  5.59469879E-01  1.20668078E-03
1.07674258E-01  5.58079720E-01  1.22338685E-03
1.07920935E-01  5.67241192E-01  1.24249933E-03
1.08167611E-01  5.79986691E-01  1.21256721E-03
1.08414288E-01  5.84128559E-01  1.32858730E-03
1.08660964E-01  5.91254234E-01  1.28473039E-03
1.08907640E-01  5.94563484E-01  1.33731391E-03
1.09154317E-01  6.04061902E-01  1.36869040E-03
1.09400993E-01  6.04906976E-01  1.40137470E-03
1.09647670E-01  6.18121505E-01  1.39477011E-03
1.09894346E-01  6.20638669E-01  1.36294577E-03
1.10141023E-01  6.27586067E-01  1.41134858E-03
1.10387699E-01  6.33397222E-01  1.47215754E-03
1.10634375E-01  6.36646390E-01  1.44660799E-03
1.10881052E-01  6.43953323E-01  1.57256448E-03
1.11127728E-01  6.53046608E-01  1.49514712E-03
1.11374405E-01  6.56375825E-01  1.50233903E-03
1.11621081E-01  6.67155743E-01  1.50291226E-03
1.11867758E-01  6.72852874E-01  1.53433136E-03
1.12114434E-01  6.72164083E-01  1.59664860E-03
1.12361110E-01  6.81191683E-01  1.54324085E-03
1.12607787E-01  6.97521687E-01  1.57730712E-03
1.12854463E-01  6.93498850E-01  1.56312983E-03
1.13101140E-01  6.97379887E-01  1.58599194E-03
1.13347816E-01  7.07841277E-01  1.56629342E-03
1.13594493E-01  7.05988944E-01  1.57804042E-03
1.13841169E-01  6.98513448E-01  1.58067641E-03
1.14087845E-01  7.06201136E-01  1.56173459E-03
1.14334522E-01  7.23918140E-01  1.61564979E-03
1.14581198E-01  7.14157820E-01  1.52023090E-03
1.14827875E-01  7.16055930E-01  1.53048383E-03
1.15074551E-01  7.14784324E-01  1.55171030E-03
1.15321227E-01  7.10061848E-01  1.51623820E-03
1.15567904E-01  7.15016723E-01  1.56502146E-03
1.15814580E-01  7.16665506E-01  1.50796550E-03
1.16061257E-01  7.03828335E-01  1.48934568E-03
1.16307933E-01  7.12451875E-01  1.51230337E-03
1.16554610E-01  7.12224901E-01  1.51151884E-03
1.16801286E-01  7.11922109E-01  1.46543025E-03
1.17047962E-01  7.05775917E-01  1.48269732E-03
1.17294639E-01  7.04681575E-01  1.55069772E-03
1.17541315E-01  6.94662035E-01  1.46832049E-03
1.17787992E-01  7.04177439E-01  1.46928034E-03
1.18034668E-01  6.87800825E-01  1.41986529E-03
1.18281345E-01  6.86707854E-01  1.42296730E-03
1.18528021E-01  6.88119829E-01  1.43875205E-03
1.18774697E-01  6.76842749E-01  1.37901574E-03
1.19021374E-01  6.73313856E-01  1.34971342E-03
1.19268050E-01  6.64250970E-01  1.41938194E-03
1.19514727E-01  6.70684457E-01  1.36624859E-03
1.19761403E-01  6.59312606E-01  1.35193276E-03
1.20008079E-01  6.56302512E-01  1.32777926E-03
1.20254756E-01  6.56559467E-01  1.36484206E-03
1.20501432E-01  6.52353704E-01  1.33486558E-03
1.20748109E-01  6.45433903E-01  1.27530552E-03
1.20994785E-01  6.39719248E-01  1.35197560E-03
1.21241462E-01  6.26119196E-01  1.28841342E-03
1.21488138E-01  6.18947208E-01  1.25914428E-03
1.21734814E-01  6.21197820E-01  1.25409255E-03
1.21981491E-01  6.20047688E-01  1.25377532E-03
1.22228167E-01  6.08629465E-01  1.27756200E-03
1.22474844E-01  6.16479337E-01  1.27279758E-03
1.22721520E-01  6.04556799E-01  1.21366000E-03
1.22968197E-01  6.08633578E-01  1.22301234E-03
1.23214873E-01  5.98478019E-01  1.18249014E-03
1.23461549E-01  6.00015879E-01  1.21347886E-03
1.23708226E-01  5.89646041E-01  1.16884639E-03
1.23954902E-01  5.83868086E-01  1.17595203E-03
1.24201579E-01  5.76095164E-01  1.15840766E-03
1.24448255E-01  5.83690047E-01  1.18020445E-03
1.24694932E-01  5.68758488E-01  1.16272073E-03
1.24941608E-01  5.75774014E-01  1.16613170E-03
1.25188284E-01  5.65031171E-01  1.18497130E-03
1.25434961E-01  5.62848270E-01  1.14816485E-03
1.25681637E-01  5.58530450E-01  1.16903137E-03
1.25928314E-01  5.61163008E-01  1.19695102E-03
1.26174990E-01  5.61296761E-01  1.13579328E-03
1.26421666E-01  5.60893714E-01  1.15805212E-03
1.26668343E-01  5.54688931E-01  1.10152073E-03
1.26915019E-01  5.47004580E-01  1.13459665E-03
1.27161696E-01  5.46002150E-01  1.14962878E-03
1.27408372E-01  5.48465669E-01  1.12341216E-03
1.27655049E-01  5.36503494E-01  1.13122677E-03
1.27901725E-01  5.41640341E-01  1.12081470E-03
1.28148401E-01  5.29347897E-01  1.10481319E-03
1.28395078E-01  5.31813323E-01  1.09021063E-03
1.28641754E-01  5.36774397E-01  1.14635739E-03
1.28888431E-01  5.28065443E-01  1.11306354E-03
1.29135107E-01  5.25449038E-01  1.09823828E-03
1.29381784E-01  5.27135670E-01  1.05894520E-03
1.29628460E-01  5.21606207E-01  1.08491338E-03
1.29875136E-01  5.17012715E-01  1.06335804E-03
1.30121813E-01  5.16592085E-01  1.08304189E-03
1.30368489E-01  5.10844827E-01  1.05145236E-03
1.30615166E-01  5.06865859E-01  1.07955106E-03
1.30861842E-01  5.08186400E-01  1.04315393E-03
1.31108518E-01  5.10793030E-01  1.06843689E-03
1.31355195E-01  5.06797612E-01  1.04030792E-03
1.31601871E-01  4.99324173E-01  1.02682633E-03
1.31848548E-01  5.00885904E-01  1.03687937E-03
1.32095224E-01  4.92289722E-01  1.03279797E-03
1.32341901E-01  4.96147662E-01  1.02821342E-03
1.32588577E-01  5.00728965E-01  1.03725481E-03
1.32835253E-01  4.92519766E-01  1.04243367E-03
1.33081930E-01  4.83778983E-01  1.03922258E-03
1.33328606E-01  4.83713388E-01  1.02836231E-03
1.33575283E-01  4.82053369E-01  1.02018192E-03
1.33821959E-01  4.79261398E-01  9.85529390E-04
1.34068636E-01  4.74204838E-01  9.82061261E-04
1.34315312E-01  4.79058355E-01  9.87780280E-04
1.34561988E-01  4.74709332E-01  9.93894762E-04
1.34808665E-01  4.73898143E-01  9.83044389E-04
1.35055341E-01  4.69750822E-01  1.00507447E-03
1.35302018E-01  4.70092446E-01  9.92048183E-04
1.35548694E-01  4.67119575E-01  1.00404036E-03
1.35795371E-01  4.59588856E-01  9.44867148E-04
1.36042047E-01  4.56076324E-01  9.45911917E-04
1.36288723E-01  4.55528438E-01  9.87976440E-04
1.36535400E-01  4.53717649E-01  9.86276311E-04
1.36782076E-01  4.52087522E-01  9.83464648E-04
1.37028753E-01  4.57838953E-01  9.45765350E-04
1.37275429E-01  4.48910952E-01  9.68565408E-04
1.37522105E-01  4.50088173E-01  9.51583090E-04
1.37768782E-01  4.47488010E-01  9.68040084E-04
1.38015458E-01  4.49878842E-01  9.54502495E-04
1.38262135E-01  4.41893786E-01  9.41904436E-04
1.38508811E-01  4.41550165E-01  9.62561229E-04
1.38755488E-01  4.47166860E-01  9.75789153E-04
1.39002164E-01  4.37868297E-01  9.34353098E-04
1.39248840E-01  4.41885889E-01  9.40905244E-04
1.39495517E-01  4.45088238E-01  9.55383643E-04
1.39742193E-01  4.34739232E-01  9.48998844E-04
1.39988870E-01  4.38381225E-01  9.59715049E-04
1.40235546E-01  4.32716995E-01  9.21052240E-04
1.40482223E-01  4.34439421E-01  9.38672340E-04
1.40728899E-01  4.29425776E-01  8.91664240E-04
1.40975575E-01  4.32415783E-01  9.43809166E-04
1.41222252E-01  4.26133662E-01  9.04152170E-04
1.41468928E-01  4.25823152E-01  9.11843497E-04
1.41715605E-01  4.25262511E-01  9.24844586E-04
1.41962281E-01  4.28305537E-01  9.32127645E-04
1.42208957E-01  4.26259458E-01  9.19049140E-04
1.42455634E-01  4.19975609E-01  8.99757899E-04
1.42702310E-01  4.12351489E-01  9.00560990E-04
1.42948987E-01  4.24072593E-01  8.89654970E-04
1.43195663E-01  4.17064637E-01  8.99202714E-04
1.43442340E-01  4.12464291E-01  8.58819461E-04
1.43689016E-01  4.17089462E-01  8.90992116E-04
1.43935692E-01  4.14418101E-01  9.11763171E-04
1.44182369E-01  4.11039114E-01  8.93479388E-04
1.44429045E-01  4.08169866E-01  9.01687366E-04
1.44675722E-01  4.03978586E-01  8.46457842E-04
1.44922398E-01  4.07574952E-01  8.81515618E-04
1.45169075E-01  4.01099533E-01  9.12532152E-04
1.45415751E-01  4.01788533E-01  8.74310615E-04
1.45662427E-01  4.03934956E-01  8.80301173E-04
1.45909104E-01  4.03100818E-01  8.66266084E-04
1.46155780E-01  4.01913911E-01  8.98009748E-04
1.46402457E-01  3.99646252E-01  8.79521132E-04
1.46649133E-01  3.96823198E-01  8.72529810E-04
1.46895810E-01  3.94705594E-01  8.58181622E-04
1.47142486E-01  3.93529743E-01  8.76558712E-04
1.47389162E-01  4.05340463E-01  8.75203987E-04
1.47635839E-01  3.89988333E-01  8.38050095E-04
1.47882515E-01  3.89357120E-01  8.56110419E-04
1.48129192E-01  3.85047048E-01  8.33895756E-04
1.48375868E-01  3.93526375E-01  8.67150375E-04
1.48622544E-01  3.94558609E-01  8.73392681E-04
1.48869221E-01  3.90507162E-01  8.48642259E-04
1.49115897E-01  3.91408741E-01  8.72391043E-04
1.49362574E-01  3.87121916E-01  8.29732395E-04
1.49609250E-01  3.88538212E-01  8.32548481E-04
1.49855927E-01  3.82565886E-01  8.32940917E-04
1.50102603E-01  3.91190737E-01  8.56368861E-04
1.50349279E-01  3.86660695E-01  8.55985854E-04
1.50595956E-01  3.83197337E-01  8.37552303E-04
1.50842632E-01  3.80351722E-01  8.14466912E-04
1.51089309E-01  3.70532513E-01  8.33175436E-04
1.51335985E-01  3.76928926E-01  8.01788468E-04
1.51582662E-01  3.75006527E-01  8.46919545E-04
1.51829338E-01  3.70065778E-01  8.00196605E-04
1.52076014E-01  3.72458130E-01  8.26861360E-04
1.52322691E-01  3.70006710E-01  8.36822321E-04
1.52569367E-01  3.72358263E-01  8.33907572E-04
1.52816044E-01  3.66243750E-01  8.20280460E-04
1.53062720E-01  3.65437537E-01  7.99965172E-04
1.53309397E-01  3.61861914E-01  7.96568173E-04
1.53556073E-01  3.62585634E-01  8.28351011E-04
1.53802749E-01  3.64067107E-01  8.10657046E-04
1.54049426E-01  3.58746052E-01  8.01355462E-04
1.54296102E-01  3.60702515E-01  8.21765861E-04
1.54542779E-01  3.50591302E-01  7.86644232E-04
1.54789455E-01  3.52014124E-01  7.92884268E-04
1.55036131E-01  3.49045336E-01  7.98034365E-04
1.55282808E-01  3.41868430E-01  7.86963035E-04
1.55529484E-01  3.49186361E-01  7.97248795E-04
1.55776161E-01  3.45935136E-01  7.84312491E-04
1.56022837E-01  3.52864265E-01  7.96538021E-04
1.56269514E-01  3.45442981E-01  7.60859111E-04
1.56516190E-01  3.46593231E-01  8.05919233E-04
1.56762866E-01  3.42810899E-01  7.64600001E-04
1.57009543E-01  3.40034962E-01  7.90181279E-04
1.57256219E-01  3.37451279E-01  7.71525083E-04
1.57502896E-01  3.33202153E-01  7.57172529E-04
1.57749572E-01  3.31400096E-01  7.62538693E-04
1.57996249E-01  3.31071049E-01  7.36372429E-04
1.58242925E-01  3.23954284E-01  7.75904744E-04
1.58489601E-01  3.32526594E-01  7.32958666E-04
1.58736278E-01  3.29790920E-01  7.58002338E-04
1.58982954E-01  3.28787416E-01  7.48485036E-04
1.59229631E-01  3.21463883E-01  7.38687580E-04
1.59476307E-01  3.18486601E-01  7.36497052E-04
1.59722983E-01  3.10479134E-01  7.18242780E-04
1.59969660E-01  3.15431118E-01  7.40918214E-04
1.60216336E-01  3.13737214E-01  7.38141825E-04
1.60463013E-01  3.14121157E-01  7.54899462E-04
1.60709689E-01  3.08496952E-01  6.99805736E-04
1.60956366E-01  3.10646147E-01  7.23708828E-04
1.61203042E-01  3.03447336E-01  7.10964727E-04
1.61449718E-01  3.05438727E-01  6.95397612E-04
1.61696395E-01  3.01826268E-01  7.23706093E-04
1.61943071E-01  3.01282734E-01  7.09772634E-04
1.62189748E-01  3.00551325E-01  6.97879121E-04
1.62436424E-01  2.95424938E-01  6.99008291E-04
1.62683101E-01  2.91850984E-01  6.90032321E-04
1.62929777E-01  2.89891839E-01  6.72182767E-04
1.63176453E-01  2.89192557E-01  6.92392001E-04
1.63423130E-01  2.87670761E-01  6.59348385E-04
1.63669806E-01  2.86076069E-01  6.82988844E-04
1.63916483E-01  2.87344515E-01  6.92958536E-04
1.64163159E-01  2.86146402E-01  6.83070568E-04
1.64409836E-01  2.84303814E-01  6.92248926E-04
1.64656512E-01  2.82825142E-01  7.02957506E-04
1.64903188E-01  2.74053037E-01  6.69088215E-04
1.65149865E-01  2.71470308E-01  6.50436676E-04
1.65396541E-01  2.73762882E-01  6.58320147E-04
1.65643218E-01  2.73176432E-01  6.70738576E-04
1.65889894E-01  2.71081656E-01  6.50351052E-04
1.66136570E-01  2.64299244E-01  6.51379582E-04
1.66383247E-01  2.68235236E-01  6.58153556E-04
1.66629923E-01  2.70522267E-01  6.54538570E-04
1.66876600E-01  2.63513714E-01  6.42212632E-04
1.67123276E-01  2.62337834E-01  6.39082573E-04
1.67369953E-01  2.58328348E-01  6.44387095E-04
1.67616629E-01  2.60975957E-01  6.38231228E-04
1.67863305E-01  2.56400168E-01  6.27754431E-04
1.68109982E-01  2.47667819E-01  6.16714125E-04
1.68356658E-01  2.49531597E-01  6.23596366E-04
1.68603335E-01  2.50561178E-01  6.18615421E-04
1.68850011E-01  2.49541506E-01  6.13303913E-04
1.69096688E-01  2.49113411E-01  6.30384951E-04
1.69343364E-01  2.49685824E-01  6.18313963E-04
1.69590040E-01  2.41214827E-01  6.10379560E-04
1.69836717E-01  2.40008280E-01  6.25629094E-04
1.70083393E-01  2.37621367E-01  6.12026139E-04
1.70330070E-01  2.43404105E-01  6.18096732E-04
1.70576746E-01  2.35642001E-01  5.94181765E-04
1.70823422E-01  2.31668845E-01  6.16789795E-04
1.71070099E-01  2.34865099E-01  5.92211960E-04
1.71316775E-01  2.33081818E-01  5.98268874E-04
1.71563452E-01  2.31022015E-01  6.08930248E-04
1.71810128E-01  2.28935286E-01  5.74273814E-04
1.72056805E-01  2.28545979E-01  6.08254399E-04
1.72303481E-01  2.23343596E-01  5.85685542E-04
1.72550157E-01  2.25306913E-01  5.82950423E-04
1.72796834E-01  2.24989682E-01  6.02962391E-04
1.73043510E-01  2.23125443E-01  5.71129203E-04
1.73290187E-01  2.21091211E-01  5.83101006E-04
1.73536863E-01  2.17643946E-01  5.72491088E-04
1.73783540E-01  2.16292933E-01  5.64998307E-04
1.74030216E-01  2.12248817E-01  5.86014474E-04
1.74276892E-01  2.13862672E-01  5.86234557E-04
1.74523569E-01  2.12511048E-01  5.67656884E-04
1.74770245E-01  2.07940832E-01  5.51979640E-04
1.75016922E-01  2.09997475E-01  5.64323564E-04
1.75263598E-01  2.07018763E-01  5.64208487E-04
1.75510275E-01  2.07682341E-01  5.64491202E-04
1.75756951E-01  2.01473892E-01  5.30751073E-04
1.76003627E-01  2.08146945E-01  5.58484287E-04
1.76250304E-01  2.02894643E-01  5.39733737E-04
1.76496980E-01  2.00300634E-01  5.54446247E-04
1.76743657E-01  2.00505048E-01  5.33997547E-04
1.76990333E-01  1.95632383E-01  5.38222899E-04
1.77237009E-01  1.94515526E-01  5.35840809E-04
1.77483686E-01  1.93407133E-01  5.41045389E-04
1.77730362E-01  1.95041224E-01  5.20806119E-04
1.77977039E-01  1.94090083E-01  5.23709692E-04
1.78223715E-01  1.90883905E-01  5.26864780E-04
1.78470392E-01  1.86875150E-01  5.18567220E-04
1.78717068E-01  1.86630383E-01  5.16266853E-04
1.78963744E-01  1.87687546E-01  5.12109662E-04
1.79210421E-01  1.85402334E-01  5.16304513E-04
1.79457097E-01  1.84993818E-01  5.12217288E-04
1.79703774E-01  1.85960785E-01  5.14118699E-04
1.79950450E-01  1.83880478E-01  5.19106223E-04
1.80197127E-01  1.83207467E-01  5.12922066E-04
1.80443803E-01  1.79125175E-01  5.09053876E-04
1.80690479E-01  1.79591656E-01  5.12719678E-04
1.80937156E-01  1.73654780E-01  4.88447549E-04
1.81183832E-01  1.78754702E-01  4.92789957E-04
1.81430509E-01  1.77151233E-01  5.05765143E-04
1.81677185E-01  1.74964443E-01  4.96228051E-04
1.81923861E-01  1.74584389E-01  4.90458100E-04
1.82170538E-01  1.73456669E-01  5.05360018E-04
1.82417214E-01  1.71817526E-01  4.90471430E-04
1.82663891E-01  1.69638395E-01  4.81612165E-04
1.82910567E-01  1.72194451E-01  4.78036527E-04
1.83157244E-01  1.67579785E-01  4.80346207E-04
1.83403920E-01  1.66471884E-01  4.78141621E-04
1.83650596E-01  1.67738020E-01  4.77610389E-04
1.83897273E-01  1.63159460E-01  4.80411458E-04
1.84143949E-01  1.60255760E-01  4.66572121E-04
1.84390626E-01  1.58867121E-01  4.64175391E-04
1.84637302E-01  1.55402601E-01  4.60427604E-04
1.84883979E-01  1.60757095E-01  4.73588239E-04
1.85130655E-01  1.55023605E-01  4.59859875E-04
1.85377331E-01  1.60892755E-01  4.71429608E-04
1.85624008E-01  1.55776873E-01  4.71237261E-04
1.85870684E-01  1.53673083E-01  4.60206444E-04
1.86117361E-01  1.56376451E-01  4.54230118E-04
1.86364037E-01  1.52995646E-01  4.51872707E-04
1.86610714E-01  1.51852682E-01  4.65478719E-04
1.86857390E-01  1.49940550E-01  4.70889383E-04
1.87104066E-01  1.50314406E-01  4.51667351E-04
1.87350743E-01  1.49288535E-01  4.53021436E-04
1.87597419E-01  1.47466376E-01  4.45456855E-04
1.87844096E-01  1.44926444E-01  4.56045644E-04
1.88090772E-01  1.45082474E-01  4.49262414E-04
1.88337448E-01  1.45507708E-01  4.51771222E-04
1.88584125E-01  1.41645029E-01  4.38251387E-04
1.88830801E-01  1.42130911E-01  4.38393065E-04
1.89077478E-01  1.39212459E-01  4.37933340E-04
1.89324154E-01  1.38829932E-01  4.35586408E-04
1.89570831E-01  1.38821617E-01  4.39988013E-04
1.89817507E-01  1.41513482E-01  4.43412137E-04
1.90064183E-01  1.34650037E-01  4.32372006E-04
1.90310860E-01  1.36734903E-01  4.37043316E-04
1.90557536E-01  1.36408329E-01  4.29833279E-04
1.90804213E-01  1.33744150E-01  4.09790082E-04
1.91050889E-01  1.35693863E-01  4.33264446E-04
1.91297566E-01  1.33978739E-01  4.30811400E-04
1.91544242E-01  1.33048415E-01  4.23142716E-04
1.91790918E-01  1.30662456E-01  4.11289337E-04
1.92037595E-01  1.29132360E-01  4.19531396E-04
1.92284271E-01  1.32690549E-01  4.16657160E-04
1.92530948E-01  1.28296599E-01  4.14221635E-04
1.92777624E-01  1.26255438E-01  4.05248429E-04
1.93024301E-01  1.28720582E-01  4.11615736E-04
1.93270977E-01  1.23881407E-01  4.10880835E-04
1.93517653E-01  1.25812337E-01  4.04726452E-04
1.93764330E-01  1.25169128E-01  4.12595400E-04
1.94011006E-01  1.21166855E-01  3.92570073E-04
1.94257683E-01  1.25176400E-01  4.01190191E-04
1.94504359E-01  1.22159556E-01  4.06775653E-04
1.94751035E-01  1.22465432E-01  3.96589312E-04
1.94997712E-01  1.23225726E-01  4.16687515E-04
1.95244388E-01  1.24007024E-01  4.08974593E-04
1.95491065E-01  1.18175752E-01  3.94592411E-04
1.95737741E-01  1.15998812E-01  3.95287061E-04
1.95984418E-01  1.15564413E-01  3.79236299E-04
1.96231094E-01  1.17219239E-01  3.99136537E-04
1.96477770E-01  1.18242435E-01  3.92533635E-04
1.96724447E-01  1.16599150E-01  3.97983415E-04
1.96971123E-01  1.13790751E-01  3.85467429E-04
1.97217800E-01  1.15123354E-01  3.77584220E-04
1.97464476E-01  1.11426383E-01  3.89120833E-04
1.97711153E-01  1.14634633E-01  3.76885408E-04
1.97957829E-01  1.12909161E-01  3.86513886E-04
1.98204505E-01  1.12607099E-01  3.74159368E-04
1.98451182E-01  1.06034324E-01  3.74527124E-04
1.98697858E-01  1.10538647E-01  3.75484175E-04
1.98944535E-01  1.07231997E-01  3.75210890E-04
1.99191211E-01  1.09257430E-01  3.82412400E-04
1.99437887E-01  1.06175922E-01  3.65871179E-04
1.99684564E-01  1.06871404E-01  3.65022337E-04
1.99931240E-01  1.06381953E-01  3.62088205E-04
2.00177917E-01  1.05963200E-01  3.80218582E-04
2.00424593E-01  1.03979826E-01  3.55707249E-04
2.00671270E-01  1.01969823E-01  3.65516753E-04
2.00917946E-01  1.01741925E-01  3.71512229E-04
2.01164622E-01  1.02695525E-01  3.58663878E-04
2.01411299E-01  1.00968547E-01  3.44059052E-04
2.01657975E-01  1.01665914E-01  3.62616498E-04
2.01904652E-01  1.00624025E-01  3.53162613E-04
2.02151328E-01  1.02515623E-01  3.63511790E-04
2.02398005E-01  9.73578990E-02  3.50500108E-04
2.02644681E-01  9.59502682E-02  3.38415528E-04
2.02891357E-01  9.88260061E-02  3.50097194E-04
2.03138034E-01  9.61617827E-02  3.50299117E-04
2.03384710E-01  9.62639824E-02  3.53169744E-04
2.03631387E-01  9.53421444E-02  3.46723944E-04
2.03878063E-01  9.57588553E-02  3.42426269E-04
2.04124740E-01  9.68920961E-02  3.53066484E-04
2.04371416E-01  9.53388736E-02  3.42773681E-04
2.04618092E-01  9.35161337E-02  3.41440522E-04
2.04864769E-01  9.25123915E-02  3.32971627E-04
2.05111445E-01  9.38758552E-02  3.41458130E-04
2.05358122E-01  9.28068385E-02  3.37553938E-04
2.05604798E-01  9.34116095E-02  3.40876286E-04
2.05851474E-01  8.98956284E-02  3.37912585E-04
2.06098151E-01  9.01689976E-02  3.41526233E-04
2.06344827E-01  9.14399996E-02  3.40070634E-04
2.06591504E-01  8.83186013E-02  3.23741318E-04
2.06838180E-01  9.14226100E-02  3.30719777E-04
2.07084857E-01  8.72249976E-02  3.24209948E-04
2.07331533E-01  8.78122300E-02  3.18827952E-04
2.07578209E-01  8.70387778E-02  3.35646735E-04
2.07824886E-01  8.67053121E-02  3.21295869E-04
2.08071562E-01  8.80921409E-02  3.29814298E-04
2.08318239E-01  8.54816213E-02  3.29577946E-04
2.08564915E-01  8.50841105E-02  3.18324077E-04
2.08811592E-01  8.31944495E-02  3.18724517E-04
2.09058268E-01  8.70950669E-02  3.23388056E-04
2.09304944E-01  8.44562501E-02  3.19712242E-04
2.09551621E-01  8.42923522E-02  3.23285582E-04
2.09798297E-01  8.33825022E-02  3.22528998E-04
2.10044974E-01  8.42798501E-02  3.13446624E-04
2.10291650E-01  8.44433680E-02  3.24262714E-04
2.10538326E-01  8.13670233E-02  3.20435152E-04
2.10785003E-01  8.30990821E-02  3.22539563E-04
2.11031679E-01  8.21905658E-02  3.13202996E-04
2.11278356E-01  8.15782622E-02  3.24292138E-04
2.11525032E-01  7.87907019E-02  3.02869157E-04
2.11771709E-01  8.17962661E-02  3.13806726E-04
2.12018385E-01  8.07686225E-02  3.09793890E-04
2.12265061E-01  7.90521726E-02  3.06269212E-04
2.12511738E-01  7.96015263E-02  3.11374984E-04
2.12758414E-01  7.69837052E-02  2.91419390E-04
2.13005091E-01  8.14313143E-02  3.09715688E-04
2.13251767E-01  7.82504529E-02  3.09464434E-04
2.13498444E-01  7.90707469E-02  3.06014728E-04
2.13745120E-01  7.80657232E-02  3.04669229E-04
2.13991796E-01  7.94894844E-02  3.04342393E-04
2.14238473E-01  7.81133249E-02  3.02584114E-04
2.14485149E-01  7.88254365E-02  3.01471737E-04
2.14731826E-01  7.65322596E-02  2.91898294E-04
2.14978502E-01  7.60021955E-02  2.98440282E-04
2.15225179E-01  7.80321732E-02  3.02942324E-04
2.15471855E-01  7.56808072E-02  2.93932768E-04
2.15718531E-01  7.73108825E-02  2.94675003E-04
2.15965208E-01  7.82669932E-02  3.03421431E-04
2.16211884E-01  7.53842816E-02  3.00319254E-04
2.16458561E-01  7.30954632E-02  2.91276257E-04
2.16705237E-01  7.53600225E-02  3.02726170E-04
2.16951913E-01  7.51422271E-02  3.03718203E-04
2.17198590E-01  7.45217353E-02  2.94294266E-04
2.17445266E-01  7.58660361E-02  3.05721886E-04
2.17691943E-01  7.29783922E-02  2.98656407E-04
2.17938619E-01  7.23156109E-02  3.00942193E-04
2.18185296E-01  7.29959905E-02  2.94318306E-04
2.18431972E-01  7.20683113E-02  2.96216953E-04
2.18678648E-01  7.55707845E-02  3.07585055E-04
2.18925325E-01  7.05641806E-02  2.89875694E-04
2.19172001E-01  6.96162730E-02  2.95946607E-04
2.19418678E-01  7.32640922E-02  2.96641112E-04
2.19665354E-01  7.09376484E-02  2.95921025E-04
2.19912031E-01  7.10000098E-02  2.93508841E-04
2.20158707E-01  7.09270090E-02  2.99872889E-04
2.20405383E-01  7.02454373E-02  2.83978385E-04
2.20652060E-01  7.24575743E-02  2.97798542E-04
2.20898736E-01  7.16001019E-02  3.00294982E-04
2.21145413E-01  7.19939470E-02  2.95235979E-04
2.21392089E-01  7.13730156E-02  2.88958690E-04
2.21638766E-01  6.86825886E-02  2.78268446E-04
2.21885442E-01  7.27049038E-02  2.95135338E-04
2.22132118E-01  7.04014227E-02  2.92023615E-04
2.22378795E-01  7.07269683E-02  2.90380587E-04
2.22625471E-01  6.91964924E-02  2.83394824E-04
2.22872148E-01  7.13532120E-02  2.91329867E-04
2.23118824E-01  6.98573738E-02  2.87332077E-04
2.23365500E-01  6.83427230E-02  2.86197261E-04
2.23612177E-01  6.99930638E-02  2.92682642E-04
2.23858853E-01  7.27790073E-02  2.93420337E-04
2.24105530E-01  6.86112791E-02  2.76136154E-04
2.24352206E-01  6.79983944E-02  2.88174517E-04
2.24598883E-01  6.90629184E-02  2.84502079E-04
2.24845559E-01  6.85581043E-02  2.83151225E-04
2.25092235E-01  6.78345934E-02  2.78787717E-04
2.25338912E-01  6.99344650E-02  2.79533589E-04
2.25585588E-01  7.03710988E-02  2.88052775E-04
2.25832265E-01  7.03383759E-02  2.86522787E-04
2.26078941E-01  6.87814951E-02  2.82342196E-04
2.26325618E-01  6.98643774E-02  2.82039779E-04
2.26572294E-01  6.74417168E-02  2.80706328E-04
2.26818970E-01  6.68202043E-02  2.80992565E-04
2.27065647E-01  6.69262633E-02  2.74751306E-04
2.27312323E-01  6.85069039E-02  2.85861985E-04
2.27559000E-01  6.79231957E-02  2.77142448E-04
2.27805676E-01  6.77946061E-02  2.86818045E-04
2.28052352E-01  6.80288449E-02  2.76997947E-04
2.28299029E-01  6.76084608E-02  2.77163461E-04
2.28545705E-01  6.70905709E-02  2.89716118E-04
2.28792382E-01  6.57840297E-02  2.74868391E-04
2.29039058E-01  6.66516572E-02  2.78342981E-04
2.29285735E-01  6.65983632E-02  2.79058499E-04
2.29532411E-01  6.58842549E-02  2.76316889E-04
2.29779087E-01  6.53630272E-02  2.70833523E-04
2.30025764E-01  6.73313811E-02  2.71301775E-04
2.30272440E-01  6.80234358E-02  2.74153484E-04
2.30519117E-01  6.60887510E-02  2.71039433E-04
2.30765793E-01  6.61820397E-02  2.70918477E-04
2.31012470E-01  6.69606850E-02  2.74852471E-04
2.31259146E-01  6.55197352E-02  2.73017446E-04
2.31505822E-01  6.63244277E-02  2.74510356E-04
2.31752499E-01  6.60073683E-02  2.73766607E-04
2.31999175E-01  6.41712770E-02  2.73699727E-04
2.32245852E-01  6.86150342E-02  2.78798980E-04
2.32492528E-01  6.76330999E-02  2.75824132E-04
2.32739205E-01  6.74790740E-02  2.85799440E-04
2.32985881E-01  6.55338988E-02  2.77261483E-04
2.33232557E-01  6.67284653E-02  2.83515226E-04
2.33479234E-01  6.65951446E-02  2.76811159E-04
2.33725910E-01  6.64529651E-02  2.73378479E-04
2.33972587E-01  6.68262169E-02  2.73673504E-04
2.34219263E-01  6.64858893E-02  2.71190598E-04
2.34465939E-01  6.61294907E-02  2.70586897E-04
2.34712616E-01  6.75047338E-02  2.85536546E-04
2.34959292E-01  6.71588704E-02  2.73456768E-04
2.35205969E-01  6.68706968E-02  2.74071266E-04
2.35452645E-01  6.41356334E-02  2.71480589E-04
2.35699322E-01  6.71972483E-02  2.73379381E-04
2.35945998E-01  6.55767843E-02  2.78040738E-04
2.36192674E-01  6.63923100E-02  2.72849895E-04
2.36439351E-01  6.62676618E-02  2.68619333E-04
2.36686027E-01  6.57553226E-02  2.70860241E-04
2.36932704E-01  6.86593503E-02  2.75515602E-04
2.37179380E-01  6.54092208E-02  2.71907367E-04
2.37426057E-01  6.67587072E-02  2.68772361E-04
2.37672733E-01  6.69999048E-02  2.77450279E-04
2.37919409E-01  6.74566478E-02  2.73402024E-04
2.38166086E-01  6.58686459E-02  2.76981969E-04
2.38412762E-01  6.58642575E-02  2.70343677E-04
2.38659439E-01  6.54375404E-02  2.66794843E-04
2.38906115E-01  6.51957244E-02  2.66379211E-04
2.39152791E-01  6.57632127E-02  2.67244177E-04
2.39399468E-01  6.32995144E-02  2.67804659E-04
2.39646144E-01  6.54975027E-02  2.65667710E-04
2.39892821E-01  6.54322952E-02  2.67814263E-04
2.40139497E-01  6.58991784E-02  2.66946619E-04
2.40386174E-01  6.69005364E-02  2.71197991E-04
2.40632850E-01  6.62651807E-02  2.70766875E-04
2.40879526E-01  6.49008006E-02  2.61072681E-04
2.41126203E-01  6.49870634E-02  2.64687609E-04
2.41372879E-01  6.57768026E-02  2.68934557E-04
2.41619556E-01  6.53771311E-02  2.67706520E-04
2.41866232E-01  6.67780191E-02  2.68844771E-04
2.42112909E-01  6.50085434E-02  2.66504998E-04
2.42359585E-01  6.62839562E-02  2.77424435E-04
2.42606261E-01  6.59437776E-02  2.75785540E-04
2.42852938E-01  6.60516769E-02  2.81588815E-04
2.43099614E-01  6.58862144E-02  2.73126556E-04
2.43346291E-01  6.80254847E-02  2.74343853E-04
2.43592967E-01  6.53492659E-02  2.76370236E-04
2.43839644E-01  6.78227618E-02  2.74704362E-04
2.44086320E-01  6.64872080E-02  2.73689046E-04
2.44332996E-01  6.76981583E-02  2.78689899E-04
2.44579673E-01  6.68626279E-02  2.74154678E-04
2.44826349E-01  6.75920621E-02  2.79694534E-04
2.45073026E-01  6.74083456E-02  2.75393424E-04
2.45319702E-01  6.72419369E-02  2.74273683E-04
2.45566378E-01  6.53528199E-02  2.77063431E-04
2.45813055E-01  6.82352036E-02  2.88375682E-04
2.46059731E-01  6.50256500E-02  2.80273554E-04
2.46306408E-01  6.82829842E-02  2.86585419E-04
2.46553084E-01  6.58651814E-02  2.79780594E-04
2.46799761E-01  6.72303364E-02  2.85680842E-04
2.47046437E-01  6.85800910E-02  2.92831071E-04
2.47293113E-01  6.84072822E-02  2.91915319E-04
2.47539790E-01  6.83464482E-02  2.86783092E-04
2.47786466E-01  6.77512363E-02  2.87983537E-04
2.48033143E-01  6.69327676E-02  2.88299285E-04
2.48279819E-01  6.91586882E-02  2.92932527E-04
2.48526496E-01  6.93476200E-02  2.91811244E-04
2.48773172E-01  6.83919564E-02  2.82099150E-04
2.49019848E-01  6.66813925E-02  2.93355784E-04
2.49266525E-01  6.59050718E-02  2.88337062E-04
2.49513201E-01  7.02558532E-02  3.03053443E-04
2.49759878E-01  6.84474632E-02  2.92810641E-04
2.50006554E-01  6.86289519E-02  3.03131470E-04
2.50253230E-01  6.85788691E-02  2.98370724E-04
2.50499907E-01  6.79695681E-02  2.90573749E-04
2.50746583E-01  6.86047971E-02  2.96264538E-04
2.50993260E-01  7.15217516E-02  3.06880916E-04
2.51239936E-01  6.79546073E-02  2.98632047E-04
2.51486613E-01  6.86524361E-02  3.13542259E-04
2.51733289E-01  6.84239864E-02  3.04519926E-04
2.51979965E-01  6.81067333E-02  3.05582973E-04
2.52226642E-01  6.83642328E-02  2.96964630E-04
2.52473318E-01  6.87171444E-02  3.14105913E-04
2.52719995E-01  6.55616745E-02  3.00171232E-04
2.52966671E-01  6.69468194E-02  2.94688129E-04
2.53213348E-01  6.83982223E-02  3.02903587E-04
2.53460024E-01  6.72575757E-02  3.07276583E-04
2.53706700E-01  6.73479140E-02  3.07613314E-04
2.53953377E-01  6.85861334E-02  3.08207702E-04
2.54200053E-01  6.99750111E-02  3.04856250E-04
2.54446730E-01  6.81615472E-02  3.10117786E-04
2.54693406E-01  6.99400455E-02  2.97829538E-04
2.54940083E-01  6.98977038E-02  3.04598012E-04
2.55186759E-01  6.89676404E-02  2.97265040E-04
2.55433435E-01  7.12390020E-02  3.05721565E-04
2.55680112E-01  7.19712749E-02  3.12180258E-04
2.55926788E-01  7.07828924E-02  3.02904693E-04
2.56173465E-01  6.97177574E-02  3.08925228E-04
2.56420141E-01  6.72777519E-02  2.95723468E-04
2.56666817E-01  7.02903345E-02  2.99819629E-04
2.56913494E-01  6.95780367E-02  2.98194558E-04
2.57160170E-01  7.01500028E-02  2.94366677E-04
2.57406847E-01  7.03574643E-02  3.06092406E-04
2.57653523E-01  6.84412643E-02  2.83378322E-04
2.57900200E-01  6.79278970E-02  2.95551523E-04
2.58146876E-01  6.83187321E-02  2.92342971E-04
2.58393552E-01  6.85308054E-02  2.97045248E-04
2.58640229E-01  7.11605549E-02  2.89242249E-04
2.58886905E-01  6.88355863E-02  2.80632172E-04
2.59133582E-01  6.96943030E-02  2.96616665E-04
2.59380258E-01  6.97478801E-02  2.92356504E-04
2.59626935E-01  6.95324168E-02  3.02674860E-04
2.59873611E-01  7.05726668E-02  3.05365509E-04
2.60120287E-01  6.83638528E-02  2.84689479E-04
2.60366964E-01  6.90697357E-02  3.02439032E-04
2.60613640E-01  7.17319548E-02  2.99019623E-04
2.60860317E-01  7.12382421E-02  3.05313792E-04
2.61106993E-01  7.17589557E-02  3.04668210E-04
2.61353670E-01  6.91856071E-02  2.90615048E-04
2.61600346E-01  6.93077967E-02  2.91602977E-04
2.61847022E-01  6.90198466E-02  2.87987379E-04
2.62093699E-01  7.16836378E-02  2.96638609E-04
2.62340375E-01  6.87262714E-02  2.94090598E-04
2.62587052E-01  6.77225813E-02  2.92992219E-04
2.62833728E-01  7.07277358E-02  2.96915910E-04
2.63080404E-01  7.02327043E-02  2.90452590E-04
2.63327081E-01  6.97154924E-02  2.90047290E-04
2.63573757E-01  7.22203776E-02  3.03288398E-04
2.63820434E-01  6.99774027E-02  2.89449381E-04
2.64067110E-01  6.93403631E-02  2.96201149E-04
2.64313787E-01  7.22443759E-02  2.98846338E-04
2.64560463E-01  6.91221878E-02  2.92385608E-04
2.64807139E-01  6.96609095E-02  2.83996196E-04
2.65053816E-01  6.98290244E-02  2.94716825E-04
2.65300492E-01  6.92621469E-02  2.87553208E-04
2.65547169E-01  7.09732324E-02  2.98541243E-04
2.65793845E-01  6.87186942E-02  2.93889199E-04
2.66040522E-01  6.97862059E-02  2.97342107E-04
2.66287198E-01  7.12158307E-02  3.00938234E-04
2.66533874E-01  7.03088343E-02  2.80937733E-04
2.66780551E-01  7.05366656E-02  2.93063029E-04
2.67027227E-01  7.03213289E-02  2.93857767E-04
2.67273904E-01  7.08923936E-02  2.87950999E-04
2.67520580E-01  7.07394332E-02  2.83106579E-04
2.67767256E-01  7.23128319E-02  3.00502550E-04
2.68013933E-01  7.34456107E-02  3.05099966E-04
2.68260609E-01  7.27728680E-02  2.88128125E-04
2.68507286E-01  7.11856708E-02  2.92793557E-04
2.68753962E-01  6.97717890E-02  2.91655830E-04
2.69000639E-01  7.06293806E-02  2.94814614E-04
2.69247315E-01  7.15208575E-02  2.93661928E-04
2.69493991E-01  7.15823099E-02  2.95263017E-04
2.69740668E-01  7.29346946E-02  2.94915080E-04
2.69987344E-01  7.30784908E-02  2.91279954E-04
2.70234021E-01  7.29542077E-02  2.93938152E-04
2.70480697E-01  7.13935196E-02  2.99766514E-04
2.70727374E-01  7.24087507E-02  2.99789361E-04
2.70974050E-01  7.21926019E-02  3.08030721E-04
2.71220726E-01  7.32171685E-02  3.01289547E-04
2.71467403E-01  7.09782541E-02  2.91224365E-04
2.71714079E-01  7.49958307E-02  3.10486299E-04
2.71960756E-01  7.20993131E-02  3.02938948E-04
2.72207432E-01  7.41631761E-02  3.11858690E-04
2.72454109E-01  7.54443184E-02  3.09064373E-04
2.72700785E-01  7.52375722E-02  3.09274707E-04
2.72947461E-01  7.42085427E-02  3.10887437E-04
2.73194138E-01  7.36881793E-02  3.09781230E-04
2.73440814E-01  7.34662637E-02  3.11091426E-04
2.73687491E-01  7.46880174E-02  3.08566436E-04
2.73934167E-01  7.34489411E-02  3.07072216E-04
2.74180843E-01  7.27832094E-02  3.07502574E-04
2.74427520E-01  7.41627887E-02  3.15049372E-04
2.74674196E-01  7.34895617E-02  3.11320036E-04
2.74920873E-01  7.31813088E-02  3.18325503E-04
2.75167549E-01  7.26245046E-02  3.13415541E-04
2.75414226E-01  7.29212165E-02  3.10395408E-04
2.75660902E-01  7.57109597E-02  3.11375858E-04
2.75907578E-01  7.45609999E-02  3.12687625E-04
2.76154255E-01  7.48644248E-02  3.17974773E-04
2.76400931E-01  7.40210935E-02  3.13929835E-04
2.76647608E-01  7.53115639E-02  3.14296311E-04
2.76894284E-01  7.40255713E-02  3.03776324E-04
2.77140961E-01  7.35783651E-02  3.14973731E-04
2.77387637E-01  7.50115141E-02  3.09220486E-04
2.77634313E-01  7.53590092E-02  3.30541021E-04
2.77880990E-01  7.37832934E-02  3.10426374E-04
2.78127666E-01  7.20844194E-02  3.09620809E-04
2.78374343E-01  7.52700195E-02  3.19047860E-04
2.78621019E-01  7.47006834E-02  3.11293843E-04
2.78867695E-01  7.34775439E-02  3.14685982E-04
2.79114372E-01  7.33746141E-02  3.07256094E-04
2.79361048E-01  7.45441988E-02  3.23799322E-04
2.79607725E-01  7.42267221E-02  3.13530851E-04
2.79854401E-01  7.38214552E-02  3.06466711E-04
2.80101078E-01  7.39720687E-02  3.21877014E-04
2.80347754E-01  7.20450133E-02  3.15162470E-04
2.80594430E-01  7.50703812E-02  3.19722109E-04
2.80841107E-01  7.42003173E-02  3.20700725E-04
2.81087783E-01  7.37538934E-02  3.07830778E-04
2.81334460E-01  7.49074742E-02  3.20526888E-04
2.81581136E-01  7.18026534E-02  3.10134346E-04
2.81827813E-01  7.54776224E-02  3.22285807E-04
2.82074489E-01  7.71656632E-02  3.21487460E-04
2.82321165E-01  7.58199319E-02  3.18376580E-04
2.82567842E-01  7.53682032E-02  3.21258878E-04
2.82814518E-01  7.32649788E-02  3.18789243E-04
2.83061195E-01  7.52591491E-02  3.17103550E-04
2.83307871E-01  7.47285113E-02  3.31987249E-04
2.83554548E-01  7.67585710E-02  3.33697768E-04
2.83801224E-01  7.39866942E-02  3.18212522E-04
2.84047900E-01  7.48692155E-02  3.15289042E-04
2.84294577E-01  7.42572546E-02  3.11052077E-04
2.84541253E-01  7.32159913E-02  3.18435224E-04
2.84787930E-01  7.65699372E-02  3.21862026E-04
2.85034606E-01  7.40174279E-02  3.15043028E-04
2.85281282E-01  7.43366852E-02  3.15125188E-04
2.85527959E-01  7.41703361E-02  3.17287369E-04
2.85774635E-01  7.51306489E-02  3.20960942E-04
2.86021312E-01  7.36418590E-02  3.16718011E-04
2.86267988E-01  7.52333477E-02  3.31247284E-04
2.86514665E-01  7.44854882E-02  3.21449974E-04
2.86761341E-01  7.28779137E-02  3.16460675E-04
2.87008017E-01  7.44388476E-02  3.13488563E-04
2.87254694E-01  7.38762096E-02  3.24113731E-04
2.87501370E-01  7.70137161E-02  3.23882676E-04
2.87748047E-01  7.30857477E-02  3.12567136E-04
2.87994723E-01  7.29572326E-02  3.14461649E-04
2.88241400E-01  7.50320107E-02  3.19780054E-04
2.88488076E-01  7.61494413E-02  3.20519175E-04
2.88734752E-01  7.58020133E-02  3.21383908E-04
2.88981429E-01  7.51470625E-02  3.25378845E-04
2.89228105E-01  7.59452805E-02  3.27253365E-04
2.89474782E-01  7.39843398E-02  3.12998542E-04
2.89721458E-01  7.47926906E-02  3.17892875E-04
2.89968134E-01  7.48242214E-02  3.28057242E-04
2.90214811E-01  7.56954625E-02  3.19891347E-04
2.90461487E-01  7.50475451E-02  3.21146363E-04
2.90708164E-01  7.54374564E-02  3.26806447E-04
2.90954840E-01  7.69054443E-02  3.26704117E-04
2.91201517E-01  7.45519921E-02  3.22270236E-04
2.91448193E-01  7.18901306E-02  3.15040612E-04
2.91694869E-01  7.50249922E-02  3.25622474E-04
2.91941546E-01  7.52270445E-02  3.27286310E-04
2.92188222E-01  7.49856383E-02  3.22853040E-04
2.92434899E-01  7.57921413E-02  3.26613605E-04
2.92681575E-01  7.41970167E-02  3.27006623E-04
2.92928252E-01  7.63573125E-02  3.22168926E-04
2.93174928E-01  7.16333762E-02  3.10951349E-04
2.93421604E-01  7.12567791E-02  3.13309545E-04
2.93668281E-01  7.47592822E-02  3.17210623E-04
2.93914957E-01  7.31969029E-02  3.21593456E-04
2.94161634E-01  7.49616474E-02  3.18368053E-04
2.94408310E-01  7.50773996E-02  3.21254309E-04
2.94654987E-01  7.35557377E-02  3.17817176E-04
2.94901663E-01  7.34740719E-02  3.19530198E-04
2.95148339E-01  7.32123256E-02  3.25089117E-04
2.95395016E-01  7.52951354E-02  3.23414279E-04
2.95641692E-01  7.51349702E-02  3.31110408E-04
2.95888369E-01  7.24446774E-02  3.24723573E-04
2.96135045E-01  7.45849982E-02  3.27474118E-04
2.96381721E-01  7.35874549E-02  3.27232003E-04
2.96628398E-01  7.50847161E-02  3.15662299E-04
2.96875074E-01  7.58684129E-02  3.26317328E-04
2.97121751E-01  7.30359927E-02  3.09992378E-04
2.97368427E-01  7.38155767E-02  3.17514263E-04
2.97615104E-01  7.43604228E-02  3.25114583E-04
2.97861780E-01  7.25509822E-02  3.23434710E-04
2.98108456E-01  7.59645104E-02  3.21007334E-04
2.98355133E-01  7.41374195E-02  3.25771718E-04
2.98601809E-01  7.18433782E-02  3.15785146E-04
2.98848486E-01  7.19633847E-02  3.13539495E-04
2.99095162E-01  7.28232861E-02  3.23047745E-04
2.99341839E-01  7.56875873E-02  3.23007785E-04
2.99588515E-01  7.12809712E-02  3.10236355E-04
2.99835191E-01  7.37043172E-02  3.17597151E-04
3.00081868E-01  7.44826347E-02  3.28642112E-04
3.00328544E-01  7.42807388E-02  3.24978580E-04
3.00575221E-01  7.30465055E-02  3.18681967E-04
3.00821897E-01  7.46016502E-02  3.17004364E-04
3.01068574E-01  7.38384277E-02  3.22821259E-04
3.01315250E-01  7.31104091E-02  3.24078777E-04
3.01561926E-01  7.33098686E-02  3.20356572E-04
3.01808603E-01  7.50365108E-02  3.30182229E-04
3.02055279E-01  7.16761425E-02  3.27769201E-04
3.02301956E-01  7.23006353E-02  3.15751502E-04
3.02548632E-01  7.52153993E-02  3.34367651E-04
3.02795308E-01  7.30940476E-02  3.16825492E-04
3.03041985E-01  7.37769902E-02  3.24016262E-04
3.03288661E-01  7.44442344E-02  3.27899790E-04
3.03535338E-01  7.23832697E-02  3.19742481E-04
3.03782014E-01  7.23068565E-02  3.22420790E-04
3.04028691E-01  7.32433945E-02  3.23490181E-04
3.04275367E-01  7.29247481E-02  3.21666681E-04
3.04522043E-01  7.38023147E-02  3.22255073E-04
3.04768720E-01  7.50357062E-02  3.33280856E-04
3.05015396E-01  7.29845390E-02  3.19181418E-04
3.05262073E-01  7.43615776E-02  3.28528462E-04
3.05508749E-01  7.03014955E-02  3.11282376E-04
3.05755426E-01  7.34004527E-02  3.28678900E-04
3.06002102E-01  7.52415508E-02  3.27874004E-04
3.06248778E-01  7.53190443E-02  3.26639070E-04
3.06495455E-01  7.55207911E-02  3.29883333E-04
3.06742131E-01  7.25546107E-02  3.22233391E-04
3.06988808E-01  7.46094733E-02  3.35116638E-04
3.07235484E-01  7.44258165E-02  3.19979037E-04
3.07482160E-01  7.36200660E-02  3.18078033E-04
3.07728837E-01  7.25258738E-02  3.25596280E-04
3.07975513E-01  7.47529715E-02  3.22925480E-04
3.08222190E-01  7.06593022E-02  3.12254677E-04
3.08468866E-01  7.17413574E-02  3.21942876E-04
3.08715543E-01  7.31250495E-02  3.23679240E-04
3.08962219E-01  7.62999803E-02  3.30661016E-04
3.09208895E-01  7.25655183E-02  3.32811032E-04
3.09455572E-01  7.52194300E-02  3.31180228E-04
3.09702248E-01  7.32023641E-02  3.18638165E-04
3.09948925E-01  7.39938691E-02  3.29990231E-04
3.10195601E-01  7.20871463E-02  3.22893495E-04
3.10442278E-01  7.40276203E-02  3.15773825E-04
3.10688954E-01  7.25417435E-02  3.20476713E-04
3.10935630E-01  7.51650333E-02  3.26099544E-04
3.11182307E-01  7.47862682E-02  3.22507985E-04
3.11428983E-01  7.45753348E-02  3.28576105E-04
3.11675660E-01  7.39824772E-02  3.20211751E-04
3.11922336E-01  7.34963790E-02  3.25801113E-04
3.12169013E-01  7.38340542E-02  3.14669043E-04
3.12415689E-01  7.15091377E-02  3.22679261E-04
3.12662365E-01  7.28133842E-02  3.17499886E-04
3.12909042E-01  7.21879676E-02  3.19866987E-04
3.13155718E-01  7.29598030E-02  3.35409859E-04
3.13402395E-01  7.23583922E-02  3.19106388E-04
3.13649071E-01  7.41104633E-02  3.22290260E-04
3.13895747E-01  6.94060847E-02  3.07271228E-04
3.14142424E-01  7.25420639E-02  3.20616557E-04
3.14389100E-01  7.33137578E-02  3.19582934E-04
3.14635777E-01  7.29755238E-02  3.24934343E-04
3.14882453E-01  7.43833557E-02  3.30241339E-04
3.15129130E-01  7.48691261E-02  3.19998449E-04
3.15375806E-01  7.32494146E-02  3.25922738E-04
3.15622482E-01  7.12420940E-02  3.17911035E-04
3.15869159E-01  7.44070560E-02  3.31306597E-04
3.16115835E-01  7.63373747E-02  3.34584940E-04
3.16362512E-01  7.24463835E-02  3.17225291E-04
3.16609188E-01  7.35990405E-02  3.22758133E-04
3.16855865E-01  7.25994110E-02  3.24056338E-04
3.17102541E-01  7.30523989E-02  3.27560614E-04
3.17349217E-01  7.26760551E-02  3.12984543E-04
3.17595894E-01  7.27091357E-02  3.19622399E-04
3.17842570E-01  7.38651380E-02  3.22260545E-04
3.18089247E-01  7.09020793E-02  3.16575519E-04
3.18335923E-01  7.20486194E-02  3.24977533E-04
3.18582599E-01  7.12155774E-02  3.13818775E-04
3.18829276E-01  7.26397112E-02  3.23924032E-04
3.19075952E-01  7.36640617E-02  3.18097853E-04
3.19322629E-01  7.33068809E-02  3.17043916E-04
3.19569305E-01  7.22528100E-02  3.24161316E-04
3.19815982E-01  7.19271824E-02  3.17853439E-04
3.20062658E-01  7.16081187E-02  3.16376303E-04
3.20309334E-01  7.43132159E-02  3.20703431E-04
3.20556011E-01  7.29358569E-02  3.18883889E-04
3.20802687E-01  7.19760954E-02  3.18755134E-04
3.21049364E-01  7.48810545E-02  3.25016037E-04
3.21296040E-01  7.28774443E-02  3.25295521E-04
3.21542717E-01  7.32356235E-02  3.25475034E-04
3.21789393E-01  7.27018639E-02  3.23706627E-04
3.22036069E-01  7.26931840E-02  3.26639449E-04
3.22282746E-01  7.40085021E-02  3.19883198E-04
3.22529422E-01  7.49009326E-02  3.22515873E-04
3.22776099E-01  7.45835826E-02  3.17125290E-04
3.23022775E-01  7.23094940E-02  3.26207926E-04
3.23269452E-01  7.29389489E-02  3.16995749E-04
3.23516128E-01  7.39919245E-02  3.23713059E-04
3.23762804E-01  7.38597885E-02  3.17694445E-04
3.24009481E-01  7.30754435E-02  3.21264728E-04
3.24256157E-01  7.41501451E-02  3.41137173E-04
3.24502834E-01  7.17607588E-02  3.22253414E-04
3.24749510E-01  7.56340772E-02  3.39225138E-04
3.24996186E-01  7.26382881E-02  3.31452698E-04
3.25242863E-01  7.29166567E-02  3.15343350E-04
3.25489539E-01  7.15940297E-02  3.21362808E-04
3.25736216E-01  7.50511438E-02  3.30917654E-04
3.25982892E-01  7.47136548E-02  3.40352621E-04
3.26229569E-01  7.41800815E-02  3.26454581E-04
3.26476245E-01  7.55375475E-02  3.23783606E-04
3.26722921E-01  7.43422061E-02  3.29546223E-04
3.26969598E-01  7.63341263E-02  3.22982291E-04
3.27216274E-01  7.27873743E-02  3.29113274E-04
3.27462951E-01  7.46419206E-02  3.25619330E-04
3.27709627E-01  7.41032213E-02  3.25811212E-04
3.27956304E-01  7.19200224E-02  3.23412445E-04
3.28202980E-01  7.32445046E-02  3.16920836E-04
3.28449656E-01  7.39662796E-02  3.23580054E-04
3.28696333E-01  7.29664415E-02  3.24056309E-04
3.28943009E-01  7.41108134E-02  3.15567246E-04
3.29189686E-01  7.32496455E-02  3.29052476E-04
3.29436362E-01  7.58754387E-02  3.18894454E-04
3.29683039E-01  7.22604170E-02  3.23481683E-04
3.29929715E-01  7.31422305E-02  3.40360741E-04
3.30176391E-01  7.32756034E-02  3.31505289E-04
3.30423068E-01  7.70011097E-02  3.32361873E-04
3.30669744E-01  7.39509091E-02  3.22600506E-04
3.30916421E-01  7.32367709E-02  3.19696323E-04
3.31163097E-01  7.62279406E-02  3.30172246E-04
3.31409773E-01  7.65694678E-02  3.32909345E-04
3.31656450E-01  7.50775784E-02  3.22991458E-04
3.31903126E-01  7.44302124E-02  3.29842675E-04
3.32149803E-01  7.61006027E-02  3.32587224E-04
3.32396479E-01  7.70976916E-02  3.28001333E-04
3.32643156E-01  7.45839998E-02  3.33527714E-04
3.32889832E-01  7.33030587E-02  3.26289126E-04
3.33136508E-01  7.61727840E-02  3.23136424E-04
3.33383185E-01  7.17894062E-02  3.20489751E-04
3.33629861E-01  7.52136186E-02  3.25480185E-04
3.33876538E-01  7.63820708E-02  3.33492499E-04
3.34123214E-01  7.75989294E-02  3.34890210E-04
3.34369891E-01  7.57827461E-02  3.25558474E-04
3.34616567E-01  7.51848146E-02  3.40369385E-04
3.34863243E-01  7.40231201E-02  3.29885370E-04
3.35109920E-01  7.62650073E-02  3.37938080E-04
3.35356596E-01  7.33191967E-02  3.18522070E-04
3.35603273E-01  7.53309578E-02  3.36582714E-04
3.35849949E-01  7.61791468E-02  3.35214339E-04
3.36096625E-01  7.32225478E-02  3.20701394E-04
3.36343302E-01  7.38128200E-02  3.42722720E-04
3.36589978E-01  7.49332681E-02  3.24181194E-04
3.36836655E-01  7.27021098E-02  3.28242226E-04
3.37083331E-01  7.54264146E-02  3.23651795E-04
3.37330008E-01  7.30485469E-02  3.29992879E-04
3.37576684E-01  7.68063813E-02  3.44263710E-04
3.37823360E-01  7.43202418E-02  3.32303520E-04
3.38070037E-01  7.57680833E-02  3.35426041E-04
3.38316713E-01  7.57113993E-02  3.39059188E-04
3.38563390E-01  7.49821737E-02  3.26189271E-04
3.38810066E-01  7.47371390E-02  3.28441092E-04
3.39056743E-01  7.47653320E-02  3.30929353E-04
3.39303419E-01  7.29159489E-02  3.22785112E-04
3.39550095E-01  7.48040751E-02  3.30398703E-04
3.39796772E-01  7.86411315E-02  3.46815970E-04
3.40043448E-01  7.70677850E-02  3.38386715E-04
3.40290125E-01  7.58333951E-02  3.30710580E-04
3.40536801E-01  7.30870515E-02  3.25274246E-04
3.40783478E-01  7.44749084E-02  3.38966696E-04
3.41030154E-01  7.42558166E-02  3.28849244E-04
3.41276830E-01  7.36925155E-02  3.27227026E-04
3.41523507E-01  7.51488805E-02  3.25707690E-04
3.41770183E-01  7.54695311E-02  3.25858011E-04
3.42016860E-01  7.57489800E-02  3.39123537E-04
3.42263536E-01  7.22559616E-02  3.16400197E-04
3.42510212E-01  7.46341720E-02  3.29401344E-04
3.42756889E-01  7.57465512E-02  3.30734299E-04
3.43003565E-01  7.62563348E-02  3.41201463E-04
3.43250242E-01  7.55566657E-02  3.21986328E-04
3.43496918E-01  7.60756880E-02  3.24780325E-04
3.43743595E-01  7.42749646E-02  3.32560332E-04
3.43990271E-01  7.50224218E-02  3.34906275E-04
3.44236947E-01  7.32527748E-02  3.31543997E-04
3.44483624E-01  7.44844601E-02  3.41128383E-04
3.44730300E-01  7.57555142E-02  3.27799440E-04
3.44976977E-01  7.30804801E-02  3.24094843E-04
3.45223653E-01  7.66176879E-02  3.33508826E-04
3.45470330E-01  7.45499954E-02  3.25585162E-04
3.45717006E-01  7.38062933E-02  3.32950352E-04
3.45963682E-01  7.31286779E-02  3.22430860E-04
3.46210359E-01  7.46592358E-02  3.31536954E-04
3.46457035E-01  7.49644414E-02  3.30364535E-04
3.46703712E-01  7.38705620E-02  3.22004373E-04
3.46950388E-01  7.54037201E-02  3.31070798E-04
3.47197064E-01  7.49758035E-02  3.29327508E-04
3.47443741E-01  7.47139901E-02  3.36869300E-04
3.47690417E-01  7.67329633E-02  3.30046198E-04
3.47937094E-01  7.26764798E-02  3.22713953E-04
3.48183770E-01  7.35274851E-02  3.20691150E-04
3.48430447E-01  7.50841796E-02  3.23018699E-04
3.48677123E-01  7.25196153E-02  3.28060880E-04
3.48923799E-01  7.16372207E-02  3.31867195E-04
3.49170476E-01  7.20281899E-02  3.17284168E-04
3.49417152E-01  7.08779246E-02  3.14045988E-04
3.49663829E-01  7.14743584E-02  3.20320425E-04
3.49910505E-01  7.29655251E-02  3.18702543E-04
3.50157182E-01  7.12408945E-02  3.13442288E-04
3.50403858E-01  6.98911548E-02  3.14589968E-04
3.50650534E-01  7.22008049E-02  3.15731711E-04
3.50897211E-01  7.21733868E-02  3.16542137E-04
3.51143887E-01  7.30999038E-02  3.14950914E-04
3.51390564E-01  7.21747875E-02  3.19125887E-04
3.51637240E-01  7.29146674E-02  3.16812919E-04
3.51883917E-01  7.16895089E-02  3.24134249E-04
3.52130593E-01  7.46354610E-02  3.35081946E-04
3.52377269E-01  7.43007511E-02  3.25839297E-04
3.52623946E-01  7.22477511E-02  3.20172432E-04
3.52870622E-01  7.33053461E-02  3.19890270E-04
3.53117299E-01  7.28811026E-02  3.19656538E-04
3.53363975E-01  7.06873387E-02  3.21203028E-04
3.53610651E-01  7.30334967E-02  3.20907246E-04
3.53857328E-01  7.42306486E-02  3.22810403E-04
3.54104004E-01  7.32229054E-02  3.18669656E-04
3.54350681E-01  7.21447468E-02  3.23427928E-04
3.54597357E-01  7.24719241E-02  3.29745002E-04
3.54844034E-01  7.11248517E-02  3.13129101E-04
3.55090710E-01  7.37123489E-02  3.28944123E-04
3.55337386E-01  7.39874244E-02  3.29131144E-04
3.55584063E-01  7.00525865E-02  3.10543051E-04
3.55830739E-01  6.95442110E-02  3.11986136E-04
3.56077416E-01  7.24302754E-02  3.27242393E-04
3.56324092E-01  7.31663629E-02  3.27022542E-04
3.56570769E-01  7.11973459E-02  3.23393353E-04
3.56817445E-01  7.10562244E-02  3.23955668E-04
3.57064121E-01  6.84648678E-02  3.22361186E-04
3.57310798E-01  6.95859641E-02  3.16454621E-04
3.57557474E-01  6.71395585E-02  3.04257992E-04
3.57804151E-01  6.99218884E-02  3.15043231E-04
3.58050827E-01  7.23793283E-02  3.18672479E-04
3.58297503E-01  7.04629123E-02  3.21124127E-04
3.58544180E-01  6.88432902E-02  3.21341795E-04
3.58790856E-01  7.12472796E-02  3.22310720E-04
3.59037533E-01  6.96936548E-02  3.19468352E-04
3.59284209E-01  7.06261620E-02  3.19059531E-04
3.59530886E-01  7.00696483E-02  3.31014948E-04
3.59777562E-01  6.94829151E-02  3.25367437E-04
3.60024238E-01  6.96277246E-02  3.18559323E-04
3.60270915E-01  7.27016255E-02  3.20737599E-04
3.60517591E-01  7.13351294E-02  3.16885242E-04
3.60764268E-01  6.99177310E-02  3.20978492E-04
3.61010944E-01  7.02127591E-02  3.09038616E-04
3.61257621E-01  7.00291246E-02  3.24759138E-04
3.61504297E-01  7.00535104E-02  3.24937981E-04
3.61750973E-01  6.82051927E-02  3.14937613E-04
3.61997650E-01  6.75421953E-02  3.06380098E-04
3.62244326E-01  7.08823279E-02  3.17823666E-04
3.62491003E-01  6.91254809E-02  3.23818502E-04
3.62737679E-01  6.72930181E-02  3.12829477E-04
3.62984356E-01  6.89664036E-02  3.25324654E-04
3.63231032E-01  6.93929493E-02  3.29011236E-04
3.63477708E-01  7.12470934E-02  3.20063729E-04
3.63724385E-01  6.99390844E-02  3.25611531E-04
3.63971061E-01  6.68567345E-02  3.15546349E-04
3.64217738E-01  6.98487759E-02  3.23205371E-04
3.64464414E-01  6.93664923E-02  3.11317475E-04
3.64711090E-01  6.75180107E-02  3.04247922E-04
3.64957767E-01  6.68753162E-02  3.12435033E-04
3.65204443E-01  6.78828806E-02  3.12989199E-04
3.65451120E-01  6.65354133E-02  3.20405263E-04
3.65697796E-01  6.78835884E-02  3.03132518E-04
3.65944473E-01  6.76915795E-02  3.04317713E-04
3.66191149E-01  6.82700649E-02  3.09644558E-04
3.66437825E-01  6.86087683E-02  3.06629459E-04
3.66684502E-01  6.79338872E-02  3.11722833E-04
3.66931178E-01  6.71514571E-02  3.09686759E-04
3.67177855E-01  6.95323125E-02  3.10519623E-04
3.67424531E-01  6.72203898E-02  3.05946567E-04
3.67671208E-01  6.53893873E-02  3.13390512E-04
3.67917884E-01  6.67887926E-02  3.18424107E-04
3.68164560E-01  6.79637045E-02  3.07985349E-04
3.68411237E-01  6.55930042E-02  3.12906777E-04
3.68657913E-01  6.67903051E-02  3.04254674E-04
3.68904590E-01  6.62386119E-02  3.03750538E-04
3.69151266E-01  6.49797469E-02  3.05834052E-04
3.69397943E-01  6.73715845E-02  3.12642020E-04
3.69644619E-01  6.69035390E-02  3.01355962E-04
3.69891295E-01  6.61839396E-02  3.07748036E-04
3.70137972E-01  6.71664625E-02  3.14894191E-04
3.70384648E-01  6.81349784E-02  3.13184690E-04
3.70631325E-01  6.80475011E-02  3.11637879E-04
3.70878001E-01  6.78488389E-02  3.13345663E-04
3.71124677E-01  6.55572489E-02  3.09177471E-04
3.71371354E-01  6.68341890E-02  3.09188268E-04
3.71618030E-01  6.73760772E-02  3.12218966E-04
3.71864707E-01  6.66888282E-02  3.06337344E-04
3.72111383E-01  6.69904351E-02  3.13862314E-04
3.72358060E-01  6.72939792E-02  3.06382310E-04
3.72604736E-01  6.58867732E-02  3.10910313E-04
3.72851412E-01  6.58062771E-02  2.97789695E-04
3.73098089E-01  6.57552928E-02  3.13345576E-04
3.73344765E-01  6.71495870E-02  3.04468849E-04
3.73591442E-01  6.64522722E-02  3.04395682E-04
3.73838118E-01  6.86818734E-02  3.20731779E-04
3.74084795E-01  6.69418275E-02  3.07748327E-04
3.74331471E-01  6.56977966E-02  2.96883547E-04
3.74578147E-01  6.71239123E-02  3.11337237E-04
3.74824824E-01  6.57167584E-02  2.99386738E-04
3.75071500E-01  6.78598285E-02  3.21632862E-04
3.75318177E-01  6.71694428E-02  3.11834476E-04
3.75564853E-01  6.64871261E-02  3.04905756E-04
3.75811529E-01  6.86208382E-02  3.04513873E-04
3.76058206E-01  6.66053072E-02  3.15106416E-04
3.76304882E-01  6.54475987E-02  3.10669973E-04
3.76551559E-01  6.54304028E-02  2.99799722E-04
3.76798235E-01  6.67463094E-02  3.05957510E-04
3.77044912E-01  6.85076937E-02  3.13471333E-04
3.77291588E-01  6.67686313E-02  3.08624149E-04
3.77538264E-01  6.84950054E-02  3.02285218E-04
3.77784941E-01  6.56297579E-02  3.14532954E-04
3.78031617E-01  6.61907047E-02  3.03967448E-04
3.78278294E-01  6.60592392E-02  3.05208261E-04
3.78524970E-01  6.47144020E-02  3.00216692E-04
3.78771647E-01  6.73648939E-02  3.03846726E-04
3.79018323E-01  6.51223361E-02  3.08247341E-04
3.79264999E-01  6.81477487E-02  3.14201490E-04
3.79511676E-01  6.43654168E-02  2.93003162E-04
3.79758352E-01  6.53728992E-02  3.02254542E-04
3.80005029E-01  6.67955503E-02  3.11763230E-04
3.80251705E-01  6.54901788E-02  3.08412709E-04
3.80498382E-01  6.49426207E-02  2.97128747E-04
3.80745058E-01  6.49923310E-02  3.07911076E-04
3.80991734E-01  6.59672618E-02  3.14861041E-04
3.81238411E-01  6.56689331E-02  3.15214857E-04
3.81485087E-01  6.50634393E-02  3.08229355E-04
3.81731764E-01  6.54032454E-02  3.20247054E-04
3.81978440E-01  6.88597411E-02  3.27031623E-04
3.82225116E-01  6.42881915E-02  3.19960935E-04
3.82471793E-01  6.56537190E-02  3.21824860E-04
3.82718469E-01  6.44843206E-02  3.26443987E-04
3.82965146E-01  6.44650683E-02  3.30885261E-04
3.83211822E-01  6.64468631E-02  3.29845730E-04
3.83458499E-01  6.76124319E-02  3.37246223E-04
3.83705175E-01  6.54258877E-02  3.25210625E-04
3.83951851E-01  6.54923692E-02  3.43312102E-04
3.84198528E-01  6.55739903E-02  3.31651943E-04
3.84445204E-01  6.47858381E-02  3.39655235E-04
3.84691881E-01  6.45557418E-02  3.25099536E-04
3.84938557E-01  6.58715069E-02  3.40416183E-04
3.85185234E-01  6.58408552E-02  3.43771535E-04
3.85431910E-01  6.72434270E-02  3.50307964E-04
3.85678586E-01  6.82878420E-02  3.52167350E-04
3.85925263E-01  6.61554411E-02  3.50542221E-04
3.86171939E-01  6.59916550E-02  3.53537733E-04
3.86418616E-01  6.30539060E-02  3.47551570E-04
3.86665292E-01  6.51834011E-02  3.41244799E-04
3.86911968E-01  6.64407387E-02  3.58707272E-04
3.87158645E-01  6.56754673E-02  3.52726929E-04
3.87405321E-01  6.58393651E-02  3.56852572E-04
3.87651998E-01  6.41297475E-02  3.44058237E-04
3.87898674E-01  6.66082203E-02  3.53717100E-04
3.88145351E-01  6.70276657E-02  3.54623538E-04
3.88392027E-01  6.49630949E-02  3.51695635E-04
3.88638703E-01  6.58114851E-02  3.59657337E-04
3.88885380E-01  6.66526705E-02  3.49423295E-04
3.89132056E-01  6.80528209E-02  3.75758274E-04
3.89378733E-01  6.41591251E-02  3.61845567E-04
3.89625409E-01  6.51896372E-02  3.73933668E-04
3.89872086E-01  6.63165748E-02  3.70355148E-04
3.90118762E-01  6.56659380E-02  3.64266714E-04
3.90365438E-01  6.52348474E-02  3.44278844E-04
3.90612115E-01  6.50689155E-02  3.52721458E-04
3.90858791E-01  6.79926425E-02  3.49011912E-04
3.91105468E-01  6.50514886E-02  3.40610568E-04
3.91352144E-01  6.56794608E-02  3.55868251E-04
3.91598821E-01  6.77718744E-02  3.39354941E-04
3.91845497E-01  6.91576898E-02  3.47411027E-04
3.92092173E-01  6.52308241E-02  3.30630224E-04
3.92338850E-01  6.70265779E-02  3.39665916E-04
3.92585526E-01  6.63478225E-02  3.46975517E-04
3.92832203E-01  6.74634576E-02  3.39085324E-04
3.93078879E-01  6.58138022E-02  3.30692186E-04
3.93325555E-01  6.48607537E-02  3.48326430E-04
3.93572232E-01  6.66362122E-02  3.35037883E-04
3.93818908E-01  6.66327253E-02  3.42948915E-04
3.94065585E-01  6.69654980E-02  3.47184192E-04
3.94312261E-01  6.76108450E-02  3.38844606E-04
3.94558938E-01  6.81879222E-02  3.46013083E-04
3.94805614E-01  6.56638294E-02  3.38598038E-04
3.95052290E-01  6.71455935E-02  3.34691285E-04
3.95298967E-01  6.58345446E-02  3.35375255E-04
3.95545643E-01  6.78855702E-02  3.34242359E-04
3.95792320E-01  6.73437342E-02  3.36797122E-04
3.96038996E-01  6.98923022E-02  3.42930580E-04
3.96285673E-01  6.69593140E-02  3.28520458E-04
3.96532349E-01  6.65077046E-02  3.36070021E-04
3.96779025E-01  6.41376898E-02  3.33255361E-04
3.97025702E-01  6.58757612E-02  3.37915175E-04
3.97272378E-01  6.49086013E-02  3.29423550E-04
3.97519055E-01  6.39107525E-02  3.22176405E-04
3.97765731E-01  6.54118359E-02  3.35485645E-04
3.98012407E-01  6.49060681E-02  3.31595948E-04
3.98259084E-01  6.48733005E-02  3.30005598E-04
3.98505760E-01  6.57740235E-02  3.34656244E-04
3.98752437E-01  6.52789176E-02  3.32041498E-04
3.98999113E-01  6.50641918E-02  3.34032899E-04
3.99245790E-01  6.76911548E-02  3.35528137E-04
3.99492466E-01  6.56173676E-02  3.25255358E-04
3.99739142E-01  6.49892166E-02  3.38131882E-04
3.99985819E-01  6.40954077E-02  3.31372721E-04
4.00232495E-01  6.42596856E-02  3.23541404E-04
4.00479172E-01  6.57857731E-02  3.34834418E-04
4.00725848E-01  6.74799383E-02  3.35640827E-04
4.00972525E-01  6.59588426E-02  3.33200675E-04
4.01219201E-01  6.40367866E-02  3.30249342E-04
4.01465877E-01  6.55901507E-02  3.23523011E-04
4.01712554E-01  6.40868247E-02  3.22963955E-04
4.01959230E-01  6.32197037E-02  3.26912472E-04
4.02205907E-01  6.47765324E-02  3.38583515E-04
4.02452583E-01  6.63587973E-02  3.28057475E-04
4.02699260E-01  6.47562966E-02  3.25062749E-04
4.02945936E-01  6.60748035E-02  3.28253576E-04
4.03192612E-01  6.70053363E-02  3.38359998E-04
4.03439289E-01  6.38912171E-02  3.30691255E-04
4.03685965E-01  6.63377345E-02  3.33701086E-04
4.03932642E-01  6.65035322E-02  3.25483183E-04
4.04179318E-01  6.61357939E-02  3.35823075E-04
4.04425994E-01  6.53146058E-02  3.24215420E-04
4.04672671E-01  6.63656294E-02  3.24968860E-04
4.04919347E-01  6.61310628E-02  3.35623889E-04
4.05166024E-01  6.57390058E-02  3.28642200E-04
4.05412700E-01  6.11586235E-02  3.06367525E-04
4.05659377E-01  6.52280450E-02  3.24784138E-04
4.05906053E-01  6.48860708E-02  3.22336331E-04
4.06152729E-01  6.54616430E-02  3.30242881E-04
4.06399406E-01  6.20472543E-02  3.16715799E-04
4.06646082E-01  6.37553483E-02  3.21188796E-04
4.06892759E-01  6.72637820E-02  3.30588868E-04
4.07139435E-01  6.43255189E-02  3.26543290E-04
4.07386112E-01  6.43730313E-02  3.26220470E-04
4.07632788E-01  6.68685287E-02  3.34091688E-04
4.07879464E-01  6.69593513E-02  3.21222469E-04
4.08126141E-01  6.75510392E-02  3.45986919E-04
4.08372817E-01  6.57607839E-02  3.31635587E-04
4.08619494E-01  6.64229989E-02  3.26682377E-04
4.08866170E-01  6.71953186E-02  3.30390787E-04
4.09112847E-01  6.63969293E-02  3.31670395E-04
4.09359523E-01  6.56322911E-02  3.23255314E-04
4.09606199E-01  6.76572025E-02  3.32475174E-04
4.09852876E-01  6.54746816E-02  3.36457539E-04
4.10099552E-01  6.84420168E-02  3.22561478E-04
4.10346229E-01  6.62698001E-02  3.24435357E-04
4.10592905E-01  6.43097833E-02  3.16424586E-04
4.10839581E-01  6.28820285E-02  3.26420763E-04
4.11086258E-01  6.48894459E-02  3.39529041E-04
4.11332934E-01  6.71582073E-02  3.31314543E-04
4.11579611E-01  6.43764138E-02  3.29818256E-04
4.11826287E-01  6.42690584E-02  3.24157474E-04
4.12072964E-01  6.70744628E-02  3.30766663E-04
4.12319640E-01  6.71370849E-02  3.30885785E-04
4.12566316E-01  6.74689859E-02  3.27599293E-04
4.12812993E-01  6.60928115E-02  3.09551717E-04
4.13059669E-01  6.66430295E-02  3.26477864E-04
4.13306346E-01  6.88415617E-02  3.34336975E-04
4.13553022E-01  6.44238517E-02  3.29172704E-04
4.13799699E-01  6.45525008E-02  3.21022788E-04
4.14046375E-01  6.63447976E-02  3.23495100E-04
4.14293051E-01  6.63259849E-02  3.34313227E-04
4.14539728E-01  6.63519800E-02  3.28546739E-04
4.14786404E-01  6.73140660E-02  3.30598996E-04
4.15033081E-01  6.69762716E-02  3.29031289E-04
4.15279757E-01  6.68305308E-02  3.41273990E-04
4.15526433E-01  6.52429461E-02  3.18037375E-04
4.15773110E-01  6.62028119E-02  3.30045586E-04
4.16019786E-01  6.78133816E-02  3.32304800E-04
4.16266463E-01  6.34403750E-02  3.18922248E-04
4.16513139E-01  6.65706098E-02  3.25757719E-04
4.16759816E-01  6.68438077E-02  3.33141797E-04
4.17006492E-01  6.65648431E-02  3.28763854E-04
4.17253168E-01  6.62235245E-02  3.30800220E-04
4.17499845E-01  6.35780767E-02  3.21437081E-04
4.17746521E-01  6.75172359E-02  3.44004657E-04
4.17993198E-01  6.41245767E-02  3.26465466E-04
4.18239874E-01  6.52332529E-02  3.22351640E-04
4.18486551E-01  6.42489046E-02  3.18381179E-04
4.18733227E-01  6.63713962E-02  3.24391323E-04
4.18979903E-01  6.51736781E-02  3.28939437E-04
4.19226580E-01  6.66241199E-02  3.28725408E-04
4.19473256E-01  6.58024326E-02  3.27868562E-04
4.19719933E-01  6.44534379E-02  3.09820258E-04
4.19966609E-01  6.64834976E-02  3.20205931E-04
4.20213286E-01  6.60043135E-02  3.15906742E-04
4.20459962E-01  6.81516007E-02  3.28316528E-04
4.20706638E-01  6.37108758E-02  3.29317234E-04
4.20953315E-01  6.58209547E-02  3.31359624E-04
4.21199991E-01  6.55028149E-02  3.25789180E-04
4.21446668E-01  6.46773055E-02  3.22723296E-04
4.21693344E-01  6.67160898E-02  3.22358654E-04
4.21940020E-01  6.77838847E-02  3.27840215E-04
4.22186697E-01  6.44914284E-02  3.16498947E-04
4.22433373E-01  6.59637675E-02  3.29438422E-04
4.22680050E-01  6.49844632E-02  3.14907433E-04
4.22926726E-01  6.39858767E-02  3.10367293E-04
4.23173403E-01  6.58137202E-02  3.23964865E-04
4.23420079E-01  6.52961358E-02  3.28233757E-04
4.23666755E-01  6.66485876E-02  3.26721754E-04
4.23913432E-01  6.32652715E-02  3.13546887E-04
4.24160108E-01  6.75280616E-02  3.31276591E-04
4.24406785E-01  6.44439086E-02  3.22358363E-04
4.24653461E-01  6.56003579E-02  3.38757673E-04
4.24900138E-01  6.45502210E-02  3.26519483E-04
4.25146814E-01  6.62048236E-02  3.24215012E-04
4.25393490E-01  6.61899224E-02  3.24659690E-04
4.25640167E-01  6.66139796E-02  3.26844194E-04
4.25886843E-01  6.49382994E-02  3.27464048E-04
4.26133520E-01  6.80076927E-02  3.35131248E-04
4.26380196E-01  6.48140907E-02  3.27443064E-04
4.26626872E-01  6.70913607E-02  3.36303056E-04
4.26873549E-01  6.68420568E-02  3.21336818E-04
4.27120225E-01  6.31196126E-02  3.21536936E-04
4.27366902E-01  6.71571717E-02  3.24299792E-04
4.27613578E-01  6.50510415E-02  3.28499736E-04
4.27860255E-01  6.46658838E-02  3.27719841E-04
4.28106931E-01  6.70629963E-02  3.27688991E-04
4.28353607E-01  6.32434860E-02  3.14019242E-04
4.28600284E-01  6.28710240E-02  3.16254125E-04
4.28846960E-01  6.50624931E-02  3.10033851E-04
4.29093637E-01  6.69041872E-02  3.26682290E-04
4.29340313E-01  6.69045150E-02  3.27087444E-04
4.29586990E-01  6.61553815E-02  3.23049841E-04
4.29833666E-01  6.85327947E-02  3.27470101E-04
4.30080342E-01  6.61931038E-02  3.17586469E-04
4.30327019E-01  6.50860369E-02  3.26817448E-04
4.30573695E-01  6.46895394E-02  3.22136184E-04
4.30820372E-01  6.53310195E-02  3.21475905E-04
4.31067048E-01  6.72047958E-02  3.17948987E-04
4.31313725E-01  6.69885352E-02  3.25662695E-04
4.31560401E-01  6.41937703E-02  3.12196906E-04
4.31807077E-01  6.67088851E-02  3.30844341E-04
4.32053754E-01  6.53211176E-02  3.22558044E-04
4.32300430E-01  6.58518448E-02  3.30122275E-04
4.32547107E-01  6.50675297E-02  3.27382033E-04
4.32793783E-01  6.52986318E-02  3.22327076E-04
4.33040459E-01  6.32716864E-02  3.15128040E-04
4.33287136E-01  6.59734905E-02  3.20057152E-04
4.33533812E-01  6.80786371E-02  3.31389514E-04
4.33780489E-01  6.60814717E-02  3.21699539E-04
4.34027165E-01  6.89128488E-02  3.34863231E-04
4.34273842E-01  6.73862770E-02  3.34818644E-04
4.34520518E-01  6.72826767E-02  3.30318086E-04
4.34767194E-01  6.72263131E-02  3.25771893E-04
4.35013871E-01  6.64624125E-02  3.18693084E-04
4.35260547E-01  6.71516359E-02  3.32478055E-04
4.35507224E-01  6.61344379E-02  3.17059748E-04
4.35753900E-01  6.57055974E-02  3.22973909E-04
4.36000577E-01  6.68249801E-02  3.19760700E-04
4.36247253E-01  6.69419318E-02  3.19300394E-04
4.36493929E-01  6.76951706E-02  3.30382463E-04
4.36740606E-01  6.55350834E-02  3.32273659E-04
4.36987282E-01  6.61402941E-02  3.28755123E-04
4.37233959E-01  6.62977323E-02  3.27664224E-04
4.37480635E-01  6.62213489E-02  3.22669453E-04
4.37727311E-01  6.67772964E-02  3.31391493E-04
4.37973988E-01  6.53654411E-02  3.34283395E-04
4.38220664E-01  6.71279728E-02  3.29282164E-04
4.38467341E-01  6.56987727E-02  3.34676326E-04
4.38714017E-01  6.50164932E-02  3.27830290E-04
4.38960694E-01  6.55369535E-02  3.26302747E-04
4.39207370E-01  6.62169829E-02  3.26236972E-04
4.39454046E-01  6.48381412E-02  3.16022866E-04
4.39700723E-01  6.66898489E-02  3.25818779E-04
4.39947399E-01  6.50275424E-02  3.24973313E-04
4.40194076E-01  6.64768517E-02  3.19057319E-04
4.40440752E-01  6.72119558E-02  3.28266033E-04
4.40687429E-01  6.75341412E-02  3.29986680E-04
4.40934105E-01  6.65185750E-02  3.32569442E-04
4.41180781E-01  6.68898374E-02  3.23911576E-04
4.41427458E-01  6.65043369E-02  3.17698577E-04
4.41674134E-01  6.41806647E-02  3.18584032E-04
4.41920811E-01  6.61224872E-02  3.25410801E-04
4.42167487E-01  6.71676248E-02  3.18637147E-04
4.42414164E-01  6.25035018E-02  3.16436868E-04
4.42660840E-01  6.79028481E-02  3.33245611E-04
4.42907516E-01  6.63469136E-02  3.28575115E-04
4.43154193E-01  6.34287670E-02  3.15428595E-04
4.43400869E-01  6.50658682E-02  3.15874640E-04
4.43647546E-01  6.49564490E-02  3.21789557E-04
4.43894222E-01  6.51943758E-02  3.20384395E-04
4.44140898E-01  6.69579059E-02  3.23198154E-04
4.44387575E-01  6.43015057E-02  3.15242243E-04
4.44634251E-01  6.59139454E-02  3.27077869E-04
4.44880928E-01  6.58853203E-02  3.23751563E-04
4.45127604E-01  6.51974902E-02  3.23883694E-04
4.45374281E-01  6.85417727E-02  3.21735366E-04
4.45620957E-01  6.68458492E-02  3.25064728E-04
4.45867633E-01  6.64165020E-02  3.23278364E-04
4.46114310E-01  6.55800328E-02  3.22606909E-04
4.46360986E-01  6.55408353E-02  3.30598385E-04
4.46607663E-01  6.64969161E-02  3.20940919E-04
4.46854339E-01  6.74329922E-02  3.34606448E-04
4.47101016E-01  6.77810535E-02  3.38920712E-04
4.47347692E-01  6.47403002E-02  3.26100271E-04
4.47594368E-01  6.59349188E-02  3.20304913E-04
4.47841045E-01  6.59130365E-02  3.29479517E-04
4.48087721E-01  6.96649998E-02  3.23663990E-04
4.48334398E-01  6.55899420E-02  3.21768486E-04
4.48581074E-01  6.68128729E-02  3.21462139E-04
4.48827751E-01  6.61981478E-02  3.22862674E-04
4.49074427E-01  6.53576627E-02  3.25617148E-04
4.49321103E-01  6.39843866E-02  3.14141071E-04
4.49567780E-01  6.48794398E-02  3.25649366E-04
4.49814456E-01  6.76309913E-02  3.28430731E-04
4.50061133E-01  6.49830401E-02  3.18237959E-04
4.50307809E-01  6.66884705E-02  3.28847033E-04
4.50554485E-01  6.72128722E-02  3.30138544E-04
4.50801162E-01  6.52793497E-02  3.31568037E-04
4.51047838E-01  6.63950890E-02  3.26925656E-04
4.51294515E-01  6.60576001E-02  3.12942488E-04
4.51541191E-01  6.67710155E-02  3.28356546E-04
4.51787868E-01  6.53991103E-02  3.28266353E-04
4.52034544E-01  6.67805374E-02  3.33957112E-04
4.52281220E-01  6.57076910E-02  3.22234380E-04
4.52527897E-01  6.59375936E-02  3.30143434E-04
4.52774573E-01  6.65093511E-02  3.12885531E-04
4.53021250E-01  6.62828982E-02  3.20194900E-04
4.53267926E-01  6.75846636E-02  3.19393555E-04
4.53514603E-01  6.55483902E-02  3.14605684E-04
4.53761279E-01  6.77923933E-02  3.24028864E-04
4.54007955E-01  6.63442835E-02  3.13197088E-04
4.54254632E-01  6.53581396E-02  3.15025070E-04
4.54501308E-01  6.72720671E-02  3.15753132E-04
4.54747985E-01  6.74496368E-02  3.35572375E-04
4.54994661E-01  6.64749369E-02  3.13129858E-04
4.55241337E-01  6.77418858E-02  3.24246677E-04
4.55488014E-01  6.40019700E-02  3.24305729E-04
4.55734690E-01  6.70851991E-02  3.18605977E-04
4.55981367E-01  6.63980097E-02  3.21002561E-04
4.56228043E-01  6.61806241E-02  3.23774439E-04
4.56474720E-01  6.61396459E-02  3.13725963E-04
4.56721396E-01  6.49291426E-02  3.08285758E-04
4.56968072E-01  6.29603788E-02  3.05531779E-04
4.57214749E-01  6.78420514E-02  3.22020031E-04
4.57461425E-01  6.40623793E-02  3.08949733E-04
4.57708102E-01  6.62622005E-02  3.14876641E-04
4.57954778E-01  6.36937246E-02  3.14048026E-04
4.58201455E-01  6.61713406E-02  3.21567291E-04


### HEADER:
#
#{
#    "analysis": {},
#    "calibration_params": {
#        "Beam_Center_X": 1092.0,
#        "Beam_Center_Y": 2091.0,
#        "Detector Tilt": 0.0,
#        "Detector Tilt Plane Rotation": 0.0,
#        "Detector_X_Pixel_Size": 75.0,
#        "Detector_Y_Pixel_Size": 75.0,
#        "Integration Method": "nosplit_csr",
#        "Radial_Average_Method": "pyFAI",
#        "Sample-to-detector distance (mm)": 1731.0,
#        "Wavelength (A)": 1.0993212460550197
#    },
#    "config_file": "/mnt/home/chess_id7a/.RAW/backup.cfg",
#    "counters": {
#        "Epoch": "152.348",
#        "I1": "0",
#        "I2": "0",
#        "I3": "0",
#        "Seconds": "1",
#        "Time": "5.96046e-06",
#        "date": "Fri May 17 19:50:43 2024",
#        "diode": "29337"
#    },
#    "filename": "D1M0008_85C_250MPa_up_2_data_000001_00001.h5",
#    "history": {},
#    "imageHeader": {},
#    "load_path": "/nfs/chess/daq/current/id7a/Budin_05_16_24/D1M0008/D1M0008_85C_250MPa_up_2_data_000001.h5",
#    "normalizations": {
#        "Absolute_scale": {
#            "Absolute_scale_factor": 0.01111656324368444,
#            "Method": "Water"
#        },
#        "Counter_norms": [
#            [
#                "/",
#                "diode/150000"
#            ]
#        ],
#        "Polarization": {
#            "Used": false
#        },
#        "Solid_Angle_Correction": "On"
#    },
#    "raw_version": "2.1.4"
#}

