### DATA:
#
# 1823
#      Q             I(Q)           Error     
8.75701299E-03  2.93166712E-02  3.04235704E-03
9.00368942E-03  6.98016118E-03  1.54293340E-03
9.25036584E-03  1.98085681E-02  2.53683212E-03
9.49704226E-03  1.83229297E-02  2.03540735E-03
9.74371868E-03  1.90368146E-02  2.25086976E-03
9.99039511E-03  2.51286011E-02  2.96284934E-03
1.02370715E-02  5.90141527E-02  3.87276802E-03
1.04837480E-02  5.66423647E-02  4.04899893E-03
1.07304244E-02  7.20902979E-02  5.06243715E-03
1.09771008E-02  8.50708634E-02  6.81526959E-03
1.12237772E-02  1.16154477E-01  9.01842769E-03
1.14704536E-02  1.31549492E-01  9.89400130E-03
1.17171301E-02  1.99225932E-01  1.63972378E-02
1.19638065E-02  2.67875761E-01  2.12156549E-02
1.22104829E-02  4.24828351E-01  3.18532698E-02
1.24571593E-02  3.87195969E+01  3.90099597E+00
1.27038358E-02  7.12684174E+01  6.90077782E+00
1.29505122E-02  8.42796173E+01  7.09600019E+00
1.31971886E-02  6.22468796E+01  5.02994728E+00
1.34438650E-02  5.71318207E+01  4.50413656E+00
1.36905414E-02  5.05306778E+01  3.90902209E+00
1.39372179E-02  3.87438354E+01  2.91257024E+00
1.41838943E-02  3.59242020E+01  2.59872866E+00
1.44305707E-02  2.75791435E+01  1.93281734E+00
1.46772471E-02  2.40889244E+01  1.63111460E+00
1.49239236E-02  2.14578152E+01  1.41552150E+00
1.51706000E-02  1.71584263E+01  1.10892773E+00
1.54172764E-02  1.69370689E+01  1.08423078E+00
1.56639528E-02  1.39759388E+01  8.80001068E-01
1.59106292E-02  1.35873232E+01  8.35412621E-01
1.61573057E-02  1.25309229E+01  7.40432560E-01
1.64039821E-02  1.01524286E+01  5.92598975E-01
1.66506585E-02  1.01193705E+01  5.75450599E-01
1.68973349E-02  8.27156830E+00  4.67960924E-01
1.71440114E-02  8.48014736E+00  4.66365576E-01
1.73906878E-02  7.03072691E+00  3.65520477E-01
1.76373642E-02  6.61338425E+00  3.45537394E-01
1.78840406E-02  6.15265226E+00  3.16814542E-01
1.81307170E-02  5.32288647E+00  2.71012008E-01
1.83773935E-02  5.40134239E+00  2.68058151E-01
1.86240699E-02  4.54014492E+00  2.27209806E-01
1.88707463E-02  4.26293802E+00  2.02823654E-01
1.91174227E-02  3.99858952E+00  1.92324921E-01
1.93640992E-02  3.35241461E+00  1.55478343E-01
1.96107756E-02  3.13177943E+00  1.44563183E-01
1.98574520E-02  2.96744704E+00  1.29677355E-01
2.01041284E-02  2.66445565E+00  1.19579650E-01
2.03508048E-02  2.27744508E+00  1.03910401E-01
2.05974813E-02  1.99424720E+00  8.83839652E-02
2.08441577E-02  1.76244032E+00  7.65698850E-02
2.10908341E-02  1.52470028E+00  6.46023899E-02
2.13375105E-02  1.47361481E+00  6.21832460E-02
2.15841870E-02  1.38959873E+00  5.65900095E-02
2.18308634E-02  1.27135193E+00  5.20703234E-02
2.20775398E-02  1.22979331E+00  5.00558391E-02
2.23242162E-02  1.06690192E+00  3.99196297E-02
2.25708926E-02  1.13740087E+00  4.54472750E-02
2.28175691E-02  1.00471795E+00  3.70247476E-02
2.30642455E-02  9.62584138E-01  3.17362063E-02
2.33109219E-02  9.03252006E-01  3.11688036E-02
2.35575983E-02  8.00644100E-01  2.62869671E-02
2.38042748E-02  7.47703493E-01  2.36066319E-02
2.40509512E-02  6.65470779E-01  2.05433834E-02
2.42976276E-02  6.31748676E-01  1.89573299E-02
2.45443040E-02  6.00853860E-01  1.73266158E-02
2.47909804E-02  5.75877368E-01  1.58132482E-02
2.50376569E-02  5.66558421E-01  1.56055037E-02
2.52843333E-02  5.41202962E-01  1.38058998E-02
2.55310097E-02  5.12103379E-01  1.28293829E-02
2.57776861E-02  4.75017101E-01  1.19426837E-02
2.60243626E-02  4.53808010E-01  1.08838864E-02
2.62710390E-02  4.51280028E-01  1.08727580E-02
2.65177154E-02  4.24357772E-01  9.61762294E-03
2.67643918E-02  4.12838697E-01  9.48212761E-03
2.70110682E-02  3.94489139E-01  8.64602905E-03
2.72577447E-02  3.75922173E-01  7.96284713E-03
2.75044211E-02  3.81128609E-01  7.74059352E-03
2.77510975E-02  3.70233983E-01  7.14141922E-03
2.79977739E-02  3.48711818E-01  7.01835612E-03
2.82444504E-02  3.18929017E-01  5.87237487E-03
2.84911268E-02  3.22117776E-01  5.87954791E-03
2.87378032E-02  3.01255375E-01  5.13841957E-03
2.89844796E-02  2.96277821E-01  5.04161976E-03
2.92311561E-02  2.83416808E-01  5.17520076E-03
2.94778325E-02  2.81519353E-01  4.51544393E-03
2.97245089E-02  2.96776175E-01  4.70602605E-03
2.99711853E-02  2.78093308E-01  4.08924976E-03
3.02178617E-02  2.61766046E-01  4.33637900E-03
3.04645382E-02  2.60494471E-01  4.00826056E-03
3.07112146E-02  2.48368904E-01  3.60321836E-03
3.09578910E-02  2.37969607E-01  3.40057421E-03
3.12045674E-02  2.34438911E-01  3.35692940E-03
3.14512439E-02  2.39856079E-01  3.26468213E-03
3.16979203E-02  2.23995700E-01  3.25963949E-03
3.19445967E-02  2.20687047E-01  3.06820008E-03
3.21912731E-02  2.17705727E-01  2.91708158E-03
3.24379495E-02  2.31589690E-01  2.85301683E-03
3.26846260E-02  2.12244228E-01  2.91282497E-03
3.29313024E-02  2.06224456E-01  2.53899232E-03
3.31779788E-02  1.97422504E-01  2.50678090E-03
3.34246552E-02  1.98009163E-01  2.49780202E-03
3.36713317E-02  1.97842017E-01  2.51771929E-03
3.39180081E-02  2.00584337E-01  2.25622556E-03
3.41646845E-02  1.97396651E-01  2.23326893E-03
3.44113609E-02  2.01306745E-01  2.30179750E-03
3.46580373E-02  1.89376682E-01  2.29822146E-03
3.49047138E-02  1.84117213E-01  2.21142429E-03
3.51513902E-02  1.83551088E-01  2.06925394E-03
3.53980666E-02  1.96745530E-01  2.19017779E-03
3.56447430E-02  1.84543729E-01  2.03944347E-03
3.58914195E-02  1.85971662E-01  2.05443124E-03
3.61380959E-02  1.85213536E-01  2.01681815E-03
3.63847723E-02  1.81538790E-01  1.99130131E-03
3.66314487E-02  1.84370399E-01  2.00065994E-03
3.68781251E-02  1.82138681E-01  1.92520197E-03
3.71248016E-02  1.72575369E-01  1.96891814E-03
3.73714780E-02  1.66665584E-01  1.76887936E-03
3.76181544E-02  1.80799484E-01  1.86926906E-03
3.78648308E-02  1.73127621E-01  1.83658511E-03
3.81115073E-02  1.71537504E-01  1.83571212E-03
3.83581837E-02  1.72034174E-01  1.76701415E-03
3.86048601E-02  1.70252338E-01  1.71828119E-03
3.88515365E-02  1.78239197E-01  1.79699098E-03
3.90982129E-02  1.76749423E-01  1.82411494E-03
3.93448894E-02  1.65175498E-01  1.72139658E-03
3.95915658E-02  1.73450187E-01  1.82430621E-03
3.98382422E-02  1.77912354E-01  1.74277043E-03
4.00849186E-02  1.79338038E-01  1.80257321E-03
4.03315951E-02  1.72707394E-01  1.71723310E-03
4.05782715E-02  1.75925225E-01  1.74534344E-03
4.08249479E-02  1.70767650E-01  1.68608967E-03
4.10716243E-02  1.77774534E-01  1.75643270E-03
4.13183007E-02  1.74463853E-01  1.69419544E-03
4.15649772E-02  1.72102839E-01  1.72977557E-03
4.18116536E-02  1.64066628E-01  1.61317328E-03
4.20583300E-02  1.73096135E-01  1.69515738E-03
4.23050064E-02  1.82818264E-01  1.81720871E-03
4.25516829E-02  1.71032727E-01  1.79658958E-03
4.27983593E-02  1.76315650E-01  1.68974465E-03
4.30450357E-02  1.68135837E-01  1.69291312E-03
4.32917121E-02  1.65251926E-01  1.66604132E-03
4.35383885E-02  1.70963094E-01  1.62980147E-03
4.37850650E-02  1.74872309E-01  1.63132523E-03
4.40317414E-02  1.71994567E-01  1.58215920E-03
4.42784178E-02  1.73620269E-01  1.70784828E-03
4.45250942E-02  1.74118638E-01  1.65270129E-03
4.47717707E-02  1.81091294E-01  1.73218281E-03
4.50184471E-02  1.77823275E-01  1.55802013E-03
4.52651235E-02  1.83064744E-01  1.66369160E-03
4.55117999E-02  1.82540461E-01  1.65695464E-03
4.57584764E-02  1.73743427E-01  1.71576906E-03
4.60051528E-02  1.76567912E-01  1.54968142E-03
4.62518292E-02  1.77093416E-01  1.56830566E-03
4.64985056E-02  1.74147397E-01  1.58555666E-03
4.67451820E-02  1.78720966E-01  1.70391763E-03
4.69918585E-02  1.82425708E-01  1.60018995E-03
4.72385349E-02  1.68819755E-01  1.54234085E-03
4.74852113E-02  1.72654137E-01  1.62090454E-03
4.77318877E-02  1.70940533E-01  1.58969325E-03
4.79785642E-02  1.76580518E-01  1.68648257E-03
4.82252406E-02  1.73088849E-01  1.58997776E-03
4.84719170E-02  1.77112758E-01  1.57348241E-03
4.87185934E-02  1.79874092E-01  1.60015281E-03
4.89652698E-02  1.75488323E-01  1.52331300E-03
4.92119463E-02  1.77971289E-01  1.60421152E-03
4.94586227E-02  1.82144821E-01  1.60047063E-03
4.97052991E-02  1.84431583E-01  1.56110618E-03
4.99519755E-02  1.81632727E-01  1.69575715E-03
5.01986520E-02  1.76311255E-01  1.55278656E-03
5.04453284E-02  1.83781490E-01  1.52865541E-03
5.06920048E-02  1.81879386E-01  1.55179738E-03
5.09386812E-02  1.73353165E-01  1.56367396E-03
5.11853576E-02  1.79682285E-01  1.51244213E-03
5.14320341E-02  1.87840149E-01  1.50285591E-03
5.16787105E-02  1.95654973E-01  1.68135809E-03
5.19253869E-02  1.87298179E-01  1.53235358E-03
5.21720633E-02  1.88299969E-01  1.69504632E-03
5.24187398E-02  1.85596034E-01  1.55960815E-03
5.26654162E-02  1.89200163E-01  1.59690960E-03
5.29120926E-02  1.81723639E-01  1.56408688E-03
5.31587690E-02  1.87359437E-01  1.55746297E-03
5.34054454E-02  2.00030565E-01  1.68028567E-03
5.36521219E-02  1.86133400E-01  1.56834349E-03
5.38987983E-02  1.93105981E-01  1.59535755E-03
5.41454747E-02  1.92884505E-01  1.58628216E-03
5.43921511E-02  1.97891846E-01  1.56974897E-03
5.46388276E-02  1.90545261E-01  1.56925456E-03
5.48855040E-02  1.89990938E-01  1.54664123E-03
5.51321804E-02  2.02535778E-01  1.59120921E-03
5.53788568E-02  2.03032762E-01  1.68931193E-03
5.56255332E-02  1.94103345E-01  1.56482460E-03
5.58722097E-02  2.03450233E-01  1.60480081E-03
5.61188861E-02  2.06234992E-01  1.59238989E-03
5.63655625E-02  2.01407924E-01  1.61136698E-03
5.66122389E-02  2.04807818E-01  1.60362304E-03
5.68589154E-02  2.08121687E-01  1.66053092E-03
5.71055918E-02  2.06461176E-01  1.63848721E-03
5.73522682E-02  2.13340417E-01  1.58605119E-03
5.75989446E-02  2.21002921E-01  1.72638230E-03
5.78456210E-02  2.20591754E-01  1.69335678E-03
5.80922975E-02  2.15740606E-01  1.69907336E-03
5.83389739E-02  2.18436971E-01  1.71721110E-03
5.85856503E-02  2.22247735E-01  1.61791884E-03
5.88323267E-02  2.24776745E-01  1.64271099E-03
5.90790032E-02  2.28847206E-01  1.55984820E-03
5.93256796E-02  2.16564760E-01  1.59898610E-03
5.95723560E-02  2.27480993E-01  1.62920635E-03
5.98190324E-02  2.19094247E-01  1.57126610E-03
6.00657088E-02  2.26675525E-01  1.67751673E-03
6.03123853E-02  2.19167069E-01  1.64761080E-03
6.05590617E-02  2.31133759E-01  1.64130738E-03
6.08057381E-02  2.28616923E-01  1.66800257E-03
6.10524145E-02  2.38204166E-01  1.62920484E-03
6.12990910E-02  2.27421284E-01  1.65359781E-03
6.15457674E-02  2.34519109E-01  1.70168479E-03
6.17924438E-02  2.34670430E-01  1.70362077E-03
6.20391202E-02  2.36051321E-01  1.68016891E-03
6.22857966E-02  2.35870332E-01  1.73129037E-03
6.25324731E-02  2.31127411E-01  1.60360418E-03
6.27791495E-02  2.37352893E-01  1.64664735E-03
6.30258259E-02  2.39952460E-01  1.68814056E-03
6.32725023E-02  2.43158773E-01  1.71477732E-03
6.35191788E-02  2.55589426E-01  1.71003351E-03
6.37658552E-02  2.41622046E-01  1.67565071E-03
6.40125316E-02  2.54012853E-01  1.73724256E-03
6.42592080E-02  2.50824898E-01  1.65842823E-03
6.45058845E-02  2.50488162E-01  1.69108226E-03
6.47525609E-02  2.63385564E-01  1.72975776E-03
6.49992373E-02  2.58219481E-01  1.67272543E-03
6.52459137E-02  2.62022614E-01  1.70794048E-03
6.54925901E-02  2.66331673E-01  1.71627931E-03
6.57392666E-02  2.72913992E-01  1.74894929E-03
6.59859430E-02  2.74289876E-01  1.72419101E-03
6.62326194E-02  2.66763836E-01  1.66948629E-03
6.64792958E-02  2.59508342E-01  1.69665588E-03
6.67259723E-02  2.85483330E-01  1.79034355E-03
6.69726487E-02  2.75765121E-01  1.71805557E-03
6.72193251E-02  2.73643494E-01  1.67651451E-03
6.74660015E-02  2.72282153E-01  1.70327653E-03
6.77126779E-02  2.85042316E-01  1.75545819E-03
6.79593544E-02  2.87390083E-01  1.76588912E-03
6.82060308E-02  3.00852090E-01  1.84435025E-03
6.84527072E-02  2.92351604E-01  1.82569807E-03
6.86993836E-02  2.93605089E-01  1.77907210E-03
6.89460601E-02  2.99884886E-01  1.73468364E-03
6.91927365E-02  2.90646136E-01  1.78181753E-03
6.94394129E-02  3.00165236E-01  1.77774357E-03
6.96860893E-02  3.08987498E-01  1.82570913E-03
6.99327657E-02  3.09218585E-01  1.86519616E-03
7.01794422E-02  3.06804925E-01  1.81782315E-03
7.04261186E-02  3.10499430E-01  1.87644002E-03
7.06727950E-02  3.10092717E-01  1.80676929E-03
7.09194714E-02  3.19853455E-01  1.89354829E-03
7.11661479E-02  3.22090477E-01  1.89546274E-03
7.14128243E-02  3.24492097E-01  1.91324495E-03
7.16595007E-02  3.23960066E-01  1.89817906E-03
7.19061771E-02  3.17456484E-01  1.84539647E-03
7.21528535E-02  3.40237647E-01  1.87244883E-03
7.23995300E-02  3.31877977E-01  1.79663417E-03
7.26462064E-02  3.33539397E-01  1.85850239E-03
7.28928828E-02  3.36433619E-01  1.92371767E-03
7.31395592E-02  3.30033392E-01  1.82472379E-03
7.33862357E-02  3.38465631E-01  1.89435889E-03
7.36329121E-02  3.36396396E-01  1.93620636E-03
7.38795885E-02  3.34486276E-01  1.88716897E-03
7.41262649E-02  3.40244055E-01  1.79915875E-03
7.43729413E-02  3.51008266E-01  1.91241072E-03
7.46196178E-02  3.45402718E-01  1.81469868E-03
7.48662942E-02  3.52811068E-01  1.87948439E-03
7.51129706E-02  3.61576676E-01  1.94447208E-03
7.53596470E-02  3.61415178E-01  1.88623136E-03
7.56063235E-02  3.61716002E-01  1.87141297E-03
7.58529999E-02  3.58193159E-01  1.98812946E-03
7.60996763E-02  3.64549488E-01  1.90790708E-03
7.63463527E-02  3.60715389E-01  1.86796393E-03
7.65930291E-02  3.69146317E-01  1.79001899E-03
7.68397056E-02  3.64031106E-01  1.93533208E-03
7.70863820E-02  3.63745838E-01  1.90708158E-03
7.73330584E-02  3.72130483E-01  1.93393580E-03
7.75797348E-02  3.64213675E-01  1.82179338E-03
7.78264113E-02  3.67340624E-01  1.89762539E-03
7.80730877E-02  3.76547426E-01  1.83457311E-03
7.83197641E-02  3.78128946E-01  1.96115952E-03
7.85664405E-02  3.74276608E-01  1.93060213E-03
7.88131169E-02  3.90556931E-01  1.82754931E-03
7.90597934E-02  3.89607012E-01  1.94955920E-03
7.93064698E-02  3.83987755E-01  1.85344974E-03
7.95531462E-02  3.77781600E-01  1.85484951E-03
7.97998226E-02  3.84606451E-01  1.77876581E-03
8.00464991E-02  3.88078392E-01  1.96987647E-03
8.02931755E-02  3.91543180E-01  2.00768956E-03
8.05398519E-02  3.97139698E-01  1.93749496E-03
8.07865283E-02  3.92484009E-01  1.89115677E-03
8.10332047E-02  3.92595828E-01  1.93512358E-03
8.12798812E-02  3.81312370E-01  1.82677340E-03
8.15265576E-02  3.84229630E-01  1.87242834E-03
8.17732340E-02  3.89757514E-01  1.90012599E-03
8.20199104E-02  4.12211448E-01  1.96426804E-03
8.22665869E-02  4.06011343E-01  1.92786031E-03
8.25132633E-02  4.09020662E-01  1.92581362E-03
8.27599397E-02  4.05436814E-01  1.92450022E-03
8.30066161E-02  4.03296649E-01  1.96149689E-03
8.32532926E-02  3.90361398E-01  1.93990569E-03
8.34999690E-02  4.12970066E-01  1.93838857E-03
8.37466454E-02  3.97521764E-01  1.90637948E-03
8.39933218E-02  4.08461839E-01  1.92480348E-03
8.42399982E-02  4.10881251E-01  1.97025272E-03
8.44866747E-02  4.07961488E-01  1.89624005E-03
8.47333511E-02  4.06240165E-01  1.93981570E-03
8.49800275E-02  4.13835794E-01  1.92046736E-03
8.52267039E-02  4.04776037E-01  1.86884950E-03
8.54733804E-02  4.09072667E-01  2.00402644E-03
8.57200568E-02  4.01507258E-01  1.85404846E-03
8.59667332E-02  4.15432632E-01  1.97398616E-03
8.62134096E-02  4.15124267E-01  1.81614351E-03
8.64600860E-02  4.18528557E-01  1.91717618E-03
8.67067625E-02  4.11489785E-01  1.94464833E-03
8.69534389E-02  4.08554584E-01  1.83012930E-03
8.72001153E-02  4.11857784E-01  1.99065031E-03
8.74467917E-02  4.04889554E-01  1.78492861E-03
8.76934682E-02  4.09682691E-01  1.90386164E-03
8.79401446E-02  4.02091324E-01  1.86715485E-03
8.81868210E-02  4.05020237E-01  1.88465335E-03
8.84334974E-02  4.01763678E-01  1.83257659E-03
8.86801738E-02  4.03563678E-01  1.92332570E-03
8.89268503E-02  4.05764610E-01  1.84068375E-03
8.91735267E-02  4.22921479E-01  1.94279465E-03
8.94202031E-02  4.12338972E-01  1.88120035E-03
8.96668795E-02  3.99318695E-01  1.91200525E-03
8.99135560E-02  4.16365385E-01  1.92117516E-03
9.01602324E-02  4.21871632E-01  1.93475850E-03
9.04069088E-02  4.11923885E-01  1.83408661E-03
9.06535852E-02  4.08822119E-01  1.86980469E-03
9.09002616E-02  4.13188756E-01  1.84657401E-03
9.11469381E-02  4.21657771E-01  1.87246490E-03
9.13936145E-02  4.17738438E-01  1.88507431E-03
9.16402909E-02  4.15942848E-01  1.87438459E-03
9.18869673E-02  4.26001281E-01  1.90925587E-03
9.21336438E-02  4.25921530E-01  1.89230277E-03
9.23803202E-02  4.23234582E-01  1.91128615E-03
9.26269966E-02  4.22051430E-01  1.93350634E-03
9.28736730E-02  4.11334813E-01  1.81556167E-03
9.31203494E-02  4.14851755E-01  1.88644882E-03
9.33670259E-02  4.20027256E-01  1.91055553E-03
9.36137023E-02  4.15555179E-01  1.77680864E-03
9.38603787E-02  4.14034575E-01  1.89412874E-03
9.41070551E-02  4.23010141E-01  1.83659443E-03
9.43537316E-02  4.18430120E-01  1.83762726E-03
9.46004080E-02  4.11435366E-01  1.87884807E-03
9.48470844E-02  4.20653403E-01  1.80337962E-03
9.50937608E-02  4.26023751E-01  1.91995117E-03
9.53404372E-02  4.23008710E-01  1.80699222E-03
9.55871137E-02  4.13640469E-01  1.84104103E-03
9.58337901E-02  4.11795527E-01  1.86430465E-03
9.60804665E-02  4.24971163E-01  1.76971336E-03
9.63271429E-02  4.18126076E-01  1.81318505E-03
9.65738194E-02  4.20594275E-01  1.85421866E-03
9.68204958E-02  4.13504273E-01  1.84913864E-03
9.70671722E-02  4.13744569E-01  1.82662602E-03
9.73138486E-02  4.18601453E-01  1.86361710E-03
9.75605250E-02  4.15437788E-01  1.79841241E-03
9.78072015E-02  4.14164633E-01  1.82782242E-03
9.80538779E-02  4.15731490E-01  1.79383880E-03
9.83005543E-02  4.22683865E-01  1.80342223E-03
9.85472307E-02  4.23274934E-01  1.85028336E-03
9.87939072E-02  4.14981842E-01  1.83212641E-03
9.90405836E-02  4.21143562E-01  1.74167706E-03
9.92872600E-02  4.26570863E-01  1.88067101E-03
9.95339364E-02  4.16318476E-01  1.80813414E-03
9.97806128E-02  4.18697923E-01  1.85209617E-03
1.00027289E-01  4.16463852E-01  1.78250263E-03
1.00273966E-01  4.15862620E-01  1.82050129E-03
1.00520642E-01  4.11579192E-01  1.78400276E-03
1.00767319E-01  4.21727061E-01  1.79590553E-03
1.01013995E-01  4.21973914E-01  1.71774242E-03
1.01260671E-01  4.19889927E-01  1.75484945E-03
1.01507348E-01  4.21044528E-01  1.78987498E-03
1.01754024E-01  4.27567601E-01  1.79889658E-03
1.02000701E-01  4.13081557E-01  1.75494084E-03
1.02247377E-01  4.06558186E-01  1.84076687E-03
1.02494053E-01  4.18797106E-01  1.78208319E-03
1.02740730E-01  4.14637327E-01  1.78586983E-03
1.02987406E-01  4.16245610E-01  1.80706603E-03
1.03234083E-01  4.17648911E-01  1.73441495E-03
1.03480759E-01  4.26511765E-01  1.80437544E-03
1.03727436E-01  4.25295949E-01  1.72937615E-03
1.03974112E-01  4.21375692E-01  1.81229354E-03
1.04220788E-01  4.21163946E-01  1.71857583E-03
1.04467465E-01  4.15224075E-01  1.84064405E-03
1.04714141E-01  4.13799137E-01  1.74226193E-03
1.04960818E-01  4.16202128E-01  1.75001950E-03
1.05207494E-01  4.18739229E-01  1.76261587E-03
1.05454171E-01  4.16899085E-01  1.75433070E-03
1.05700847E-01  4.11530554E-01  1.69348042E-03
1.05947523E-01  4.13200229E-01  1.77384424E-03
1.06194200E-01  4.21182781E-01  1.72933110E-03
1.06440876E-01  4.14248168E-01  1.78394036E-03
1.06687553E-01  4.15907234E-01  1.72266632E-03
1.06934229E-01  4.19377506E-01  1.76818867E-03
1.07180906E-01  4.19029087E-01  1.75090577E-03
1.07427582E-01  4.23120558E-01  1.78230973E-03
1.07674258E-01  4.14143831E-01  1.74468616E-03
1.07920935E-01  4.23148364E-01  1.73787214E-03
1.08167611E-01  4.16002691E-01  1.72051007E-03
1.08414288E-01  4.13305759E-01  1.72993925E-03
1.08660964E-01  4.06760454E-01  1.71893474E-03
1.08907640E-01  4.24675465E-01  1.79340621E-03
1.09154317E-01  4.16492820E-01  1.76494301E-03
1.09400993E-01  4.13418204E-01  1.77584658E-03
1.09647670E-01  4.04084623E-01  1.77495112E-03
1.09894346E-01  4.08418894E-01  1.72955764E-03
1.10141023E-01  4.18965936E-01  1.85713964E-03
1.10387699E-01  4.04943049E-01  1.77655066E-03
1.10634375E-01  3.95976245E-01  1.80898060E-03
1.10881052E-01  4.13680315E-01  1.81419624E-03
1.11127728E-01  4.08450127E-01  1.75384036E-03
1.11374405E-01  4.07134801E-01  1.75229914E-03
1.11621081E-01  4.04803157E-01  1.77314074E-03
1.11867758E-01  4.01824445E-01  1.75651372E-03
1.12114434E-01  4.08097476E-01  1.78224931E-03
1.12361110E-01  4.05545771E-01  1.80173269E-03
1.12607787E-01  4.13029343E-01  1.83706090E-03
1.12854463E-01  4.05425996E-01  1.85162260E-03
1.13101140E-01  3.93661797E-01  1.78667868E-03
1.13347816E-01  4.03215230E-01  1.77694159E-03
1.13594493E-01  4.07053769E-01  1.87931221E-03
1.13841169E-01  4.10627156E-01  1.88979320E-03
1.14087845E-01  3.99634033E-01  1.84424291E-03
1.14334522E-01  4.07640845E-01  1.82746642E-03
1.14581198E-01  3.98721069E-01  1.76628120E-03
1.14827875E-01  4.03820246E-01  1.83678407E-03
1.15074551E-01  4.09484744E-01  1.85724639E-03
1.15321227E-01  4.04583424E-01  1.80154212E-03
1.15567904E-01  4.06577408E-01  1.79699517E-03
1.15814580E-01  4.02260870E-01  1.86572387E-03
1.16061257E-01  4.02012169E-01  1.86876836E-03
1.16307933E-01  4.06992912E-01  1.91167335E-03
1.16554610E-01  4.05317724E-01  1.82046229E-03
1.16801286E-01  4.03570920E-01  1.83167658E-03
1.17047962E-01  3.95110548E-01  1.85665872E-03
1.17294639E-01  3.91140103E-01  1.87130796E-03
1.17541315E-01  3.96504521E-01  1.86695135E-03
1.17787992E-01  3.92016619E-01  1.83706870E-03
1.18034668E-01  3.95163208E-01  1.82547793E-03
1.18281345E-01  3.88350129E-01  1.77110441E-03
1.18528021E-01  4.06811535E-01  1.80462725E-03
1.18774697E-01  3.92215431E-01  1.81722734E-03
1.19021374E-01  3.95224333E-01  1.71835686E-03
1.19268050E-01  3.87673736E-01  1.69870758E-03
1.19514727E-01  3.94219488E-01  1.72350253E-03
1.19761403E-01  3.86017740E-01  1.70879392E-03
1.20008079E-01  3.94600987E-01  1.78772304E-03
1.20254756E-01  4.03534859E-01  1.77691877E-03
1.20501432E-01  3.88863355E-01  1.74358289E-03
1.20748109E-01  3.91646594E-01  1.71468069E-03
1.20994785E-01  3.91633660E-01  1.76724535E-03
1.21241462E-01  3.86731446E-01  1.69980573E-03
1.21488138E-01  3.85484278E-01  1.67680497E-03
1.21734814E-01  3.95690233E-01  1.71446218E-03
1.21981491E-01  3.85240138E-01  1.65390328E-03
1.22228167E-01  3.86358202E-01  1.69668533E-03
1.22474844E-01  3.94999325E-01  1.68330455E-03
1.22721520E-01  3.88406336E-01  1.72476668E-03
1.22968197E-01  3.94536942E-01  1.69043976E-03
1.23214873E-01  3.90030444E-01  1.64260890E-03
1.23461549E-01  3.85201395E-01  1.66413595E-03
1.23708226E-01  3.79165024E-01  1.67532277E-03
1.23954902E-01  3.71124804E-01  1.61674118E-03
1.24201579E-01  3.73963028E-01  1.64917624E-03
1.24448255E-01  3.83406967E-01  1.58817589E-03
1.24694932E-01  3.69350225E-01  1.58678496E-03
1.24941608E-01  3.78388077E-01  1.67122495E-03
1.25188284E-01  3.74099135E-01  1.61208608E-03
1.25434961E-01  3.85121465E-01  1.75545830E-03
1.25681637E-01  3.76861721E-01  1.58387073E-03
1.25928314E-01  3.70837659E-01  1.61447318E-03
1.26174990E-01  3.68682355E-01  1.56774768E-03
1.26421666E-01  3.73446167E-01  1.62940880E-03
1.26668343E-01  3.65817547E-01  1.60348671E-03
1.26915019E-01  3.71947408E-01  1.63795974E-03
1.27161696E-01  3.78221512E-01  1.63616217E-03
1.27408372E-01  3.74823153E-01  1.55267189E-03
1.27655049E-01  3.72054160E-01  1.66457286E-03
1.27901725E-01  3.58104646E-01  1.55059330E-03
1.28148401E-01  3.58073145E-01  1.58601720E-03
1.28395078E-01  3.57500643E-01  1.55243906E-03
1.28641754E-01  3.66048485E-01  1.55134033E-03
1.28888431E-01  3.65650088E-01  1.58355699E-03
1.29135107E-01  3.61248612E-01  1.55788974E-03
1.29381784E-01  3.69176447E-01  1.53021398E-03
1.29628460E-01  3.63816857E-01  1.58275489E-03
1.29875136E-01  3.53489280E-01  1.58122124E-03
1.30121813E-01  3.54786336E-01  1.58412114E-03
1.30368489E-01  3.51696849E-01  1.55398995E-03
1.30615166E-01  3.54520559E-01  1.53368374E-03
1.30861842E-01  3.54956359E-01  1.51302537E-03
1.31108518E-01  3.57274950E-01  1.54942670E-03
1.31355195E-01  3.56372505E-01  1.53700728E-03
1.31601871E-01  3.47592682E-01  1.51562982E-03
1.31848548E-01  3.48988950E-01  1.52451580E-03
1.32095224E-01  3.49771351E-01  1.52293313E-03
1.32341901E-01  3.48576009E-01  1.50765281E-03
1.32588577E-01  3.49267840E-01  1.54329208E-03
1.32835253E-01  3.49683523E-01  1.49301079E-03
1.33081930E-01  3.50833863E-01  1.46706030E-03
1.33328606E-01  3.48558426E-01  1.51789212E-03
1.33575283E-01  3.42698097E-01  1.50958938E-03
1.33821959E-01  3.49416256E-01  1.50435045E-03
1.34068636E-01  3.38580519E-01  1.49371638E-03
1.34315312E-01  3.45336646E-01  1.53247116E-03
1.34561988E-01  3.45028371E-01  1.48722122E-03
1.34808665E-01  3.37116659E-01  1.47476199E-03
1.35055341E-01  3.48652005E-01  1.49358832E-03
1.35302018E-01  3.37075800E-01  1.45326823E-03
1.35548694E-01  3.31929356E-01  1.47280807E-03
1.35795371E-01  3.42698902E-01  1.45502330E-03
1.36042047E-01  3.32809180E-01  1.46186340E-03
1.36288723E-01  3.30168784E-01  1.47381902E-03
1.36535400E-01  3.31425756E-01  1.42747187E-03
1.36782076E-01  3.31587106E-01  1.45287334E-03
1.37028753E-01  3.28661531E-01  1.40475470E-03
1.37275429E-01  3.29180986E-01  1.50321703E-03
1.37522105E-01  3.27142626E-01  1.44328573E-03
1.37768782E-01  3.18796784E-01  1.41319295E-03
1.38015458E-01  3.23477864E-01  1.43115141E-03
1.38262135E-01  3.23682487E-01  1.48258882E-03
1.38508811E-01  3.21981132E-01  1.44839264E-03
1.38755488E-01  3.19620669E-01  1.41320471E-03
1.39002164E-01  3.16755831E-01  1.38354173E-03
1.39248840E-01  3.17366689E-01  1.40770874E-03
1.39495517E-01  3.05972666E-01  1.38718041E-03
1.39742193E-01  3.23414832E-01  1.42078707E-03
1.39988870E-01  3.16378325E-01  1.41207385E-03
1.40235546E-01  3.08577657E-01  1.42447441E-03
1.40482223E-01  3.12336057E-01  1.39434217E-03
1.40728899E-01  3.15952599E-01  1.39385939E-03
1.40975575E-01  3.12310040E-01  1.36934407E-03
1.41222252E-01  3.07284057E-01  1.33432692E-03
1.41468928E-01  3.05743426E-01  1.36870472E-03
1.41715605E-01  3.06733370E-01  1.32109714E-03
1.41962281E-01  3.17230940E-01  1.41370471E-03
1.42208957E-01  3.04391980E-01  1.39002223E-03
1.42455634E-01  2.96941817E-01  1.33353844E-03
1.42702310E-01  3.10679615E-01  1.33803615E-03
1.42948987E-01  2.90414006E-01  1.30104565E-03
1.43195663E-01  3.05460572E-01  1.32440997E-03
1.43442340E-01  3.00171494E-01  1.33630878E-03
1.43689016E-01  2.97483891E-01  1.31564797E-03
1.43935692E-01  2.95635462E-01  1.30282715E-03
1.44182369E-01  2.95551926E-01  1.30139897E-03
1.44429045E-01  2.87121296E-01  1.29514874E-03
1.44675722E-01  2.93719679E-01  1.32153241E-03
1.44922398E-01  2.96620995E-01  1.32181204E-03
1.45169075E-01  2.87720442E-01  1.29841897E-03
1.45415751E-01  2.93002129E-01  1.27211993E-03
1.45662427E-01  2.87057579E-01  1.31426880E-03
1.45909104E-01  2.97748715E-01  1.34163583E-03
1.46155780E-01  2.83240795E-01  1.33149000E-03
1.46402457E-01  2.91734964E-01  1.32168061E-03
1.46649133E-01  2.90775716E-01  1.27177848E-03
1.46895810E-01  2.84004360E-01  1.26078923E-03
1.47142486E-01  2.88838565E-01  1.30849157E-03
1.47389162E-01  2.87539035E-01  1.24345359E-03
1.47635839E-01  2.91228890E-01  1.27712998E-03
1.47882515E-01  2.85182208E-01  1.28801225E-03
1.48129192E-01  2.85030246E-01  1.28169218E-03
1.48375868E-01  2.87575394E-01  1.29214907E-03
1.48622544E-01  2.88882434E-01  1.30954746E-03
1.48869221E-01  2.90189266E-01  1.32661208E-03
1.49115897E-01  2.90156037E-01  1.30875525E-03
1.49362574E-01  2.91509598E-01  1.30142388E-03
1.49609250E-01  3.02626491E-01  1.32830627E-03
1.49855927E-01  3.02060962E-01  1.36369944E-03
1.50102603E-01  2.99959779E-01  1.33559841E-03
1.50349279E-01  3.07036519E-01  1.38298399E-03
1.50595956E-01  3.08764994E-01  1.36616721E-03
1.50842632E-01  3.07013720E-01  1.38026860E-03
1.51089309E-01  3.19857806E-01  1.38165080E-03
1.51335985E-01  3.23872417E-01  1.40517182E-03
1.51582662E-01  3.23103964E-01  1.38604769E-03
1.51829338E-01  3.23186785E-01  1.43143057E-03
1.52076014E-01  3.24589878E-01  1.38387457E-03
1.52322691E-01  3.28070492E-01  1.40236330E-03
1.52569367E-01  3.21871519E-01  1.41568517E-03
1.52816044E-01  3.28975081E-01  1.42604543E-03
1.53062720E-01  3.30598086E-01  1.38752849E-03
1.53309397E-01  3.33822012E-01  1.46385992E-03
1.53556073E-01  3.40796679E-01  1.47557363E-03
1.53802749E-01  3.32595825E-01  1.45227264E-03
1.54049426E-01  3.34405959E-01  1.49755960E-03
1.54296102E-01  3.38163167E-01  1.46777160E-03
1.54542779E-01  3.46035093E-01  1.53598143E-03
1.54789455E-01  3.41654003E-01  1.46938872E-03
1.55036131E-01  3.41466784E-01  1.52060355E-03
1.55282808E-01  3.42801809E-01  1.40980072E-03
1.55529484E-01  3.43875200E-01  1.54217717E-03
1.55776161E-01  3.41509759E-01  1.59601634E-03
1.56022837E-01  3.45592886E-01  1.54549826E-03
1.56269514E-01  3.39285582E-01  1.59237266E-03
1.56516190E-01  3.43738407E-01  1.72711886E-03
1.56762866E-01  3.33457172E-01  1.56949996E-03
1.57009543E-01  3.36592436E-01  1.58106966E-03
1.57256219E-01  3.24991792E-01  1.53522915E-03
1.57502896E-01  3.15640777E-01  1.52653921E-03
1.57749572E-01  3.03625226E-01  1.48128741E-03
1.57996249E-01  3.03137094E-01  1.45602622E-03
1.58242925E-01  2.95052052E-01  1.40602572E-03
1.58489601E-01  2.80610591E-01  1.32435805E-03
1.58736278E-01  2.68767059E-01  1.23790326E-03
1.58982954E-01  2.56377727E-01  1.20936905E-03
1.59229631E-01  2.57984698E-01  1.21671567E-03
1.59476307E-01  2.43565574E-01  1.19037356E-03
1.59722983E-01  2.36184895E-01  1.14315259E-03
1.59969660E-01  2.29810968E-01  1.14980468E-03
1.60216336E-01  2.27736622E-01  1.13180128E-03
1.60463013E-01  2.22270235E-01  1.11525902E-03
1.60709689E-01  2.16256991E-01  1.08741329E-03
1.60956366E-01  2.16914088E-01  1.08165015E-03
1.61203042E-01  2.14124694E-01  1.07271678E-03
1.61449718E-01  2.12694824E-01  1.01867376E-03
1.61696395E-01  2.17129022E-01  1.04468083E-03
1.61943071E-01  2.12094292E-01  1.03819452E-03
1.62189748E-01  2.15506226E-01  1.06372917E-03
1.62436424E-01  2.17577249E-01  1.10358128E-03
1.62683101E-01  2.14815095E-01  1.05093454E-03
1.62929777E-01  2.09261298E-01  1.07195007E-03
1.63176453E-01  2.11801708E-01  1.06908439E-03
1.63423130E-01  2.07227767E-01  1.04198384E-03
1.63669806E-01  2.11777598E-01  1.02912087E-03
1.63916483E-01  2.01413602E-01  1.03455619E-03
1.64163159E-01  1.97477147E-01  1.03082263E-03
1.64409836E-01  1.95480123E-01  9.96510847E-04
1.64656512E-01  1.96170196E-01  9.80144134E-04
1.64903188E-01  1.94554687E-01  1.00200891E-03
1.65149865E-01  1.98415413E-01  9.82125523E-04
1.65396541E-01  1.97614640E-01  1.00446842E-03
1.65643218E-01  1.94998309E-01  1.00696669E-03
1.65889894E-01  1.93911701E-01  1.02036376E-03
1.66136570E-01  1.94058031E-01  9.76417272E-04
1.66383247E-01  1.95421487E-01  9.82122030E-04
1.66629923E-01  1.88713923E-01  9.69893590E-04
1.66876600E-01  1.91764817E-01  9.94474045E-04
1.67123276E-01  1.87287658E-01  9.88200773E-04
1.67369953E-01  1.85929582E-01  9.57594020E-04
1.67616629E-01  1.83644563E-01  9.64661362E-04
1.67863305E-01  1.82629868E-01  9.74753639E-04
1.68109982E-01  1.85699403E-01  9.69876011E-04
1.68356658E-01  1.79640740E-01  9.62539576E-04
1.68603335E-01  1.82114139E-01  9.78134340E-04
1.68850011E-01  1.83360368E-01  9.69845685E-04
1.69096688E-01  1.81549132E-01  9.82451602E-04
1.69343364E-01  1.76153958E-01  9.08842834E-04
1.69590040E-01  1.75653681E-01  9.72297683E-04
1.69836717E-01  1.74204469E-01  9.60463367E-04
1.70083393E-01  1.79157242E-01  9.46166285E-04
1.70330070E-01  1.73309639E-01  9.48487897E-04
1.70576746E-01  1.73619181E-01  8.99731123E-04
1.70823422E-01  1.70625001E-01  9.14620876E-04
1.71070099E-01  1.67495802E-01  9.50404501E-04
1.71316775E-01  1.68442845E-01  9.10763978E-04
1.71563452E-01  1.67569011E-01  9.45602427E-04
1.71810128E-01  1.66935727E-01  8.89634481E-04
1.72056805E-01  1.65785030E-01  8.87488597E-04
1.72303481E-01  1.65301144E-01  9.11353680E-04
1.72550157E-01  1.67696968E-01  9.25838831E-04
1.72796834E-01  1.63950130E-01  9.25134984E-04
1.73043510E-01  1.61895424E-01  8.88293376E-04
1.73290187E-01  1.64047211E-01  9.20420513E-04
1.73536863E-01  1.57386124E-01  8.82714812E-04
1.73783540E-01  1.57717481E-01  8.69611686E-04
1.74030216E-01  1.62151068E-01  9.17024037E-04
1.74276892E-01  1.56650081E-01  8.55014485E-04
1.74523569E-01  1.57857701E-01  8.79746163E-04
1.74770245E-01  1.58988222E-01  8.74270394E-04
1.75016922E-01  1.56554073E-01  8.67797702E-04
1.75263598E-01  1.54543042E-01  8.85074434E-04
1.75510275E-01  1.53624207E-01  8.60991946E-04
1.75756951E-01  1.54003769E-01  8.75910162E-04
1.76003627E-01  1.51856467E-01  8.80918466E-04
1.76250304E-01  1.51885539E-01  8.53713602E-04
1.76496980E-01  1.52669266E-01  8.54877406E-04
1.76743657E-01  1.58201426E-01  8.67368362E-04
1.76990333E-01  1.53430700E-01  8.62980844E-04
1.77237009E-01  1.49665385E-01  8.40877474E-04
1.77483686E-01  1.49514332E-01  8.53464473E-04
1.77730362E-01  1.48558587E-01  8.73721496E-04
1.77977039E-01  1.46023199E-01  8.39362852E-04
1.78223715E-01  1.46806061E-01  8.50553333E-04
1.78470392E-01  1.45554215E-01  8.11778009E-04
1.78717068E-01  1.42281145E-01  8.23729264E-04
1.78963744E-01  1.44973084E-01  8.26518575E-04
1.79210421E-01  1.42275974E-01  8.21445021E-04
1.79457097E-01  1.43199205E-01  8.07987759E-04
1.79703774E-01  1.40625507E-01  8.08750978E-04
1.79950450E-01  1.41239882E-01  8.04102805E-04
1.80197127E-01  1.41977847E-01  8.24643066E-04
1.80443803E-01  1.40294358E-01  8.07798177E-04
1.80690479E-01  1.35330245E-01  8.21357535E-04
1.80937156E-01  1.38757169E-01  8.02899187E-04
1.81183832E-01  1.40168637E-01  8.08889978E-04
1.81430509E-01  1.34718090E-01  7.86401506E-04
1.81677185E-01  1.33005142E-01  7.70473387E-04
1.81923861E-01  1.33011371E-01  7.81699317E-04
1.82170538E-01  1.36302456E-01  8.08107958E-04
1.82417214E-01  1.32614553E-01  7.74690707E-04
1.82663891E-01  1.30597934E-01  8.05644318E-04
1.82910567E-01  1.31067738E-01  7.83890253E-04
1.83157244E-01  1.33184582E-01  7.82486401E-04
1.83403920E-01  1.34571642E-01  7.97145476E-04
1.83650596E-01  1.34094656E-01  7.74767075E-04
1.83897273E-01  1.33080512E-01  7.56232592E-04
1.84143949E-01  1.29618227E-01  7.66334415E-04
1.84390626E-01  1.28387317E-01  7.70161278E-04
1.84637302E-01  1.24861367E-01  7.58007867E-04
1.84883979E-01  1.32596508E-01  7.89250014E-04
1.85130655E-01  1.25875443E-01  7.59431452E-04
1.85377331E-01  1.25005782E-01  7.65034405E-04
1.85624008E-01  1.23198941E-01  7.42921198E-04
1.85870684E-01  1.23731390E-01  7.52085180E-04
1.86117361E-01  1.21847056E-01  7.72052619E-04
1.86364037E-01  1.24139637E-01  7.53444445E-04
1.86610714E-01  1.20761603E-01  7.62799988E-04
1.86857390E-01  1.22312158E-01  7.53331813E-04
1.87104066E-01  1.23555087E-01  7.43776036E-04
1.87350743E-01  1.20627850E-01  7.72445055E-04
1.87597419E-01  1.16130210E-01  7.20042910E-04
1.87844096E-01  1.19953461E-01  7.40942894E-04
1.88090772E-01  1.19120076E-01  7.49973871E-04
1.88337448E-01  1.18977666E-01  7.11972534E-04
1.88584125E-01  1.19109951E-01  7.32592132E-04
1.88830801E-01  1.18096270E-01  7.32150511E-04
1.89077478E-01  1.17360123E-01  7.22712721E-04
1.89324154E-01  1.14603393E-01  7.11506640E-04
1.89570831E-01  1.15161866E-01  7.08267326E-04
1.89817507E-01  1.16651073E-01  6.94370654E-04
1.90064183E-01  1.18065670E-01  7.23452482E-04
1.90310860E-01  1.18121587E-01  7.20478070E-04
1.90557536E-01  1.18131153E-01  7.27924576E-04
1.90804213E-01  1.10256635E-01  6.97863870E-04
1.91050889E-01  1.10899791E-01  7.01360987E-04
1.91297566E-01  1.06762446E-01  7.07608939E-04
1.91544242E-01  1.13870636E-01  6.99780940E-04
1.91790918E-01  1.09644398E-01  6.93557260E-04
1.92037595E-01  1.10228337E-01  7.00142176E-04
1.92284271E-01  1.12374395E-01  6.99603930E-04
1.92530948E-01  1.08249918E-01  7.08433683E-04
1.92777624E-01  1.11386433E-01  6.92909060E-04
1.93024301E-01  1.09320104E-01  7.00034841E-04
1.93270977E-01  1.08620003E-01  7.00247358E-04
1.93517653E-01  1.03749089E-01  6.70121110E-04
1.93764330E-01  1.09350346E-01  7.00263481E-04
1.94011006E-01  1.06848985E-01  6.75396703E-04
1.94257683E-01  1.10276237E-01  6.91690599E-04
1.94504359E-01  1.04505777E-01  6.79209421E-04
1.94751035E-01  1.02719434E-01  6.75434596E-04
1.94997712E-01  1.07195288E-01  6.79058779E-04
1.95244388E-01  1.02899507E-01  6.79444463E-04
1.95491065E-01  1.07511245E-01  6.96486910E-04
1.95737741E-01  1.03794307E-01  6.81784062E-04
1.95984418E-01  1.05704091E-01  6.61890430E-04
1.96231094E-01  1.01519994E-01  6.63479674E-04
1.96477770E-01  9.99422371E-02  6.46264583E-04
1.96724447E-01  1.02175310E-01  6.82244019E-04
1.96971123E-01  1.01741686E-01  6.68896595E-04
1.97217800E-01  1.00762315E-01  6.59684069E-04
1.97464476E-01  1.03779547E-01  6.72806171E-04
1.97711153E-01  9.99167636E-02  6.58047153E-04
1.97957829E-01  1.01220518E-01  6.55195385E-04
1.98204505E-01  9.93385389E-02  6.51276670E-04
1.98451182E-01  1.00636438E-01  6.48169138E-04
1.98697858E-01  9.92633030E-02  6.37274527E-04
1.98944535E-01  1.00579120E-01  6.53920986E-04
1.99191211E-01  9.91273969E-02  6.57538592E-04
1.99437887E-01  9.57229137E-02  6.33582007E-04
1.99684564E-01  1.00217417E-01  6.59891113E-04
1.99931240E-01  9.73873213E-02  6.48152956E-04
2.00177917E-01  9.26902741E-02  6.28146750E-04
2.00424593E-01  9.59501937E-02  6.34328811E-04
2.00671270E-01  9.72976163E-02  6.39816280E-04
2.00917946E-01  9.50151011E-02  6.37137331E-04
2.01164622E-01  9.46072116E-02  6.30252820E-04
2.01411299E-01  9.63253006E-02  6.31472620E-04
2.01657975E-01  9.52180177E-02  6.52314397E-04
2.01904652E-01  9.32205990E-02  6.20413572E-04
2.02151328E-01  9.78864580E-02  6.54979143E-04
2.02398005E-01  9.34527516E-02  6.31956093E-04
2.02644681E-01  9.15445015E-02  6.15841651E-04
2.02891357E-01  9.15027186E-02  6.18791615E-04
2.03138034E-01  9.25263241E-02  6.32367970E-04
2.03384710E-01  9.30659398E-02  6.45701715E-04
2.03631387E-01  9.06058624E-02  6.28841051E-04
2.03878063E-01  9.05558541E-02  6.01297710E-04
2.04124740E-01  9.29608345E-02  6.17890328E-04
2.04371416E-01  9.16358158E-02  6.08127390E-04
2.04618092E-01  8.73329192E-02  6.04637375E-04
2.04864769E-01  9.13567171E-02  6.13537850E-04
2.05111445E-01  9.06700641E-02  6.17535319E-04
2.05358122E-01  9.02616307E-02  6.06924004E-04
2.05604798E-01  8.90298486E-02  6.02261687E-04
2.05851474E-01  8.68461430E-02  6.01441832E-04
2.06098151E-01  9.19846669E-02  6.28959388E-04
2.06344827E-01  8.68854299E-02  6.03164372E-04
2.06591504E-01  8.70517343E-02  6.02581713E-04
2.06838180E-01  8.70570391E-02  5.99960273E-04
2.07084857E-01  8.75946283E-02  5.98966086E-04
2.07331533E-01  8.86554644E-02  5.96771773E-04
2.07578209E-01  8.76569673E-02  5.96417813E-04
2.07824886E-01  8.44881013E-02  5.82951528E-04
2.08071562E-01  8.71972740E-02  6.03755063E-04
2.08318239E-01  8.62201303E-02  6.06717716E-04
2.08564915E-01  8.45451429E-02  5.77176281E-04
2.08811592E-01  8.52138624E-02  5.90317009E-04
2.09058268E-01  8.37075412E-02  5.82715787E-04
2.09304944E-01  8.69724303E-02  5.83199901E-04
2.09551621E-01  8.64154249E-02  5.97667124E-04
2.09798297E-01  8.61834809E-02  5.98845363E-04
2.10044974E-01  8.40461925E-02  5.85312373E-04
2.10291650E-01  8.68988410E-02  6.11200754E-04
2.10538326E-01  8.63986462E-02  5.91269752E-04
2.10785003E-01  8.35592896E-02  5.76213817E-04
2.11031679E-01  8.48796368E-02  5.72235498E-04
2.11278356E-01  8.51409957E-02  5.88855299E-04
2.11525032E-01  8.53378996E-02  5.76969760E-04
2.11771709E-01  8.24494734E-02  5.73329628E-04
2.12018385E-01  8.60278308E-02  5.80226479E-04
2.12265061E-01  8.48941952E-02  5.93370991E-04
2.12511738E-01  8.25386867E-02  5.79321990E-04
2.12758414E-01  8.44127014E-02  5.80311404E-04
2.13005091E-01  8.46371353E-02  5.92327327E-04
2.13251767E-01  8.23301449E-02  5.71429497E-04
2.13498444E-01  8.48011002E-02  5.70846256E-04
2.13745120E-01  8.36048648E-02  5.91922610E-04
2.13991796E-01  8.30448717E-02  5.74193196E-04
2.14238473E-01  8.31144378E-02  5.73340629E-04
2.14485149E-01  8.19608346E-02  5.63986890E-04
2.14731826E-01  8.19424614E-02  5.73748781E-04
2.14978502E-01  7.92625919E-02  5.70953358E-04
2.15225179E-01  8.28889012E-02  5.76767896E-04
2.15471855E-01  7.66284764E-02  5.50334109E-04
2.15718531E-01  8.28442201E-02  5.64835616E-04
2.15965208E-01  8.51886719E-02  5.87111455E-04
2.16211884E-01  8.16690773E-02  5.59585518E-04
2.16458561E-01  7.93526620E-02  5.68759220E-04
2.16705237E-01  7.76580349E-02  5.51773701E-04
2.16951913E-01  8.06670189E-02  5.84328955E-04
2.17198590E-01  7.94195756E-02  5.81030676E-04
2.17445266E-01  8.10573995E-02  5.73876547E-04
2.17691943E-01  8.11208859E-02  5.63384208E-04
2.17938619E-01  7.78593644E-02  5.71962621E-04
2.18185296E-01  8.01293030E-02  5.66193426E-04
2.18431972E-01  7.90092573E-02  5.52671379E-04
2.18678648E-01  8.37543309E-02  5.72722929E-04
2.18925325E-01  7.75960535E-02  5.57851919E-04
2.19172001E-01  7.91847035E-02  5.57407155E-04
2.19418678E-01  8.07007402E-02  5.69788506E-04
2.19665354E-01  7.74442926E-02  5.37739252E-04
2.19912031E-01  7.99957141E-02  5.62151487E-04
2.20158707E-01  8.05931389E-02  5.72012039E-04
2.20405383E-01  7.77774006E-02  5.67009964E-04
2.20652060E-01  7.82191530E-02  5.56848303E-04
2.20898736E-01  7.89049044E-02  5.69516909E-04
2.21145413E-01  7.96169490E-02  5.71460754E-04
2.21392089E-01  7.86279142E-02  5.59222710E-04
2.21638766E-01  8.14204663E-02  5.61626919E-04
2.21885442E-01  7.97491446E-02  5.73848316E-04
2.22132118E-01  7.85137638E-02  5.54301776E-04
2.22378795E-01  7.79663548E-02  5.54709346E-04
2.22625471E-01  7.83476606E-02  5.60113986E-04
2.22872148E-01  7.47013614E-02  5.50424331E-04
2.23118824E-01  7.71498010E-02  5.50214434E-04
2.23365500E-01  7.74492770E-02  5.56370011E-04
2.23612177E-01  7.80722797E-02  5.45958930E-04
2.23858853E-01  7.81227946E-02  5.53462829E-04
2.24105530E-01  7.73466751E-02  5.45852934E-04
2.24352206E-01  7.91205764E-02  5.63179841E-04
2.24598883E-01  7.36632645E-02  5.44355891E-04
2.24845559E-01  7.89546445E-02  5.62899630E-04
2.25092235E-01  7.58190304E-02  5.47747535E-04
2.25338912E-01  7.56090358E-02  5.51454024E-04
2.25585588E-01  7.72316381E-02  5.64457499E-04
2.25832265E-01  7.48670772E-02  5.37193962E-04
2.26078941E-01  7.87852183E-02  5.32846141E-04
2.26325618E-01  8.02351981E-02  5.53074526E-04
2.26572294E-01  7.95833990E-02  5.67669515E-04
2.26818970E-01  7.77792633E-02  5.46839088E-04
2.27065647E-01  7.87493140E-02  5.39005036E-04
2.27312323E-01  7.51786083E-02  5.38921449E-04
2.27559000E-01  7.90465921E-02  5.56830899E-04
2.27805676E-01  7.99826309E-02  5.67034644E-04
2.28052352E-01  7.74578750E-02  5.56554005E-04
2.28299029E-01  7.63028860E-02  5.41485671E-04
2.28545705E-01  7.75808319E-02  5.58679225E-04
2.28792382E-01  7.76923373E-02  5.50510129E-04
2.29039058E-01  7.45633617E-02  5.41601679E-04
2.29285735E-01  7.66106918E-02  5.39643457E-04
2.29532411E-01  7.54643381E-02  5.34506165E-04
2.29779087E-01  7.59085193E-02  5.43207978E-04
2.30025764E-01  7.55995438E-02  5.46531635E-04
2.30272440E-01  7.81324878E-02  5.67564683E-04
2.30519117E-01  7.47338533E-02  5.28609264E-04
2.30765793E-01  7.72640854E-02  5.34239924E-04
2.31012470E-01  7.49497116E-02  5.46860334E-04
2.31259146E-01  7.64028057E-02  5.29811252E-04
2.31505822E-01  7.56875053E-02  5.25309704E-04
2.31752499E-01  7.78269917E-02  5.45517541E-04
2.31999175E-01  7.85753354E-02  5.46817551E-04
2.32245852E-01  7.58587345E-02  5.45271731E-04
2.32492528E-01  7.64224008E-02  5.16436587E-04
2.32739205E-01  7.58996010E-02  5.39561501E-04
2.32985881E-01  7.52274171E-02  5.29010838E-04
2.33232557E-01  7.60824978E-02  5.32264472E-04
2.33479234E-01  7.65366405E-02  5.33275655E-04
2.33725910E-01  7.22436160E-02  5.20830858E-04
2.33972587E-01  7.90861920E-02  5.46605850E-04
2.34219263E-01  7.71202147E-02  5.38576627E-04
2.34465939E-01  7.78288469E-02  5.39211556E-04
2.34712616E-01  7.49507397E-02  5.38689434E-04
2.34959292E-01  7.73334801E-02  5.35140513E-04
2.35205969E-01  7.60740563E-02  5.31193218E-04
2.35452645E-01  7.77731314E-02  5.43817645E-04
2.35699322E-01  7.63576999E-02  5.17575594E-04
2.35945998E-01  7.61730075E-02  5.26265532E-04
2.36192674E-01  7.96157941E-02  5.42769209E-04
2.36439351E-01  7.63885379E-02  5.25983633E-04
2.36686027E-01  7.54594132E-02  5.22459683E-04
2.36932704E-01  7.45558515E-02  5.20196569E-04
2.37179380E-01  7.89594501E-02  5.46271564E-04
2.37426057E-01  7.82889202E-02  5.41958841E-04
2.37672733E-01  7.56682158E-02  5.37340471E-04
2.37919409E-01  7.58886412E-02  5.26964781E-04
2.38166086E-01  7.57681131E-02  5.23646479E-04
2.38412762E-01  7.72984102E-02  5.42469381E-04
2.38659439E-01  7.62195289E-02  5.27977187E-04
2.38906115E-01  7.47746527E-02  5.29600540E-04
2.39152791E-01  7.52917975E-02  5.25191193E-04
2.39399468E-01  7.48172402E-02  5.25285839E-04
2.39646144E-01  7.70684704E-02  5.35559608E-04
2.39892821E-01  7.65820369E-02  5.29577257E-04
2.40139497E-01  7.80981481E-02  5.47146832E-04
2.40386174E-01  7.65783563E-02  5.32780425E-04
2.40632850E-01  7.57528692E-02  5.24308009E-04
2.40879526E-01  7.62555450E-02  5.19449473E-04
2.41126203E-01  7.78854266E-02  5.33754588E-04
2.41372879E-01  7.43040591E-02  5.18031535E-04
2.41619556E-01  7.60246962E-02  5.29553741E-04
2.41866232E-01  7.94630498E-02  5.38881577E-04
2.42112909E-01  7.62947276E-02  5.20924572E-04
2.42359585E-01  7.32244849E-02  5.30986406E-04
2.42606261E-01  7.84655437E-02  5.54811617E-04
2.42852938E-01  7.75777251E-02  5.49451914E-04
2.43099614E-01  7.53165185E-02  5.48436597E-04
2.43346291E-01  7.67773688E-02  5.43557398E-04
2.43592967E-01  8.12785327E-02  5.49133401E-04
2.43839644E-01  7.88615718E-02  5.53184422E-04
2.44086320E-01  7.90172517E-02  5.53978782E-04
2.44332996E-01  7.68024325E-02  5.40716399E-04
2.44579673E-01  7.86051825E-02  5.48916520E-04
2.44826349E-01  7.83363879E-02  5.53610560E-04
2.45073026E-01  7.94669166E-02  5.44375973E-04
2.45319702E-01  7.44156986E-02  5.24915522E-04
2.45566378E-01  7.79211149E-02  5.55237115E-04
2.45813055E-01  7.76316971E-02  5.52773126E-04
2.46059731E-01  7.85129517E-02  5.46730065E-04
2.46306408E-01  7.76264369E-02  5.62970061E-04
2.46553084E-01  8.13622996E-02  5.84245950E-04
2.46799761E-01  7.70204440E-02  5.59742854E-04
2.47046437E-01  7.53275454E-02  5.55734150E-04
2.47293113E-01  7.62598366E-02  5.86265756E-04
2.47539790E-01  7.82031193E-02  5.75702579E-04
2.47786466E-01  7.86575601E-02  5.78835548E-04
2.48033143E-01  7.83767849E-02  5.68614632E-04
2.48279819E-01  7.89444149E-02  5.88740862E-04
2.48526496E-01  7.85458460E-02  5.75037207E-04
2.48773172E-01  7.60702565E-02  5.54644095E-04
2.49019848E-01  7.97458068E-02  5.86739974E-04
2.49266525E-01  7.73737803E-02  5.71478624E-04
2.49513201E-01  7.97477514E-02  5.89595002E-04
2.49759878E-01  7.74574652E-02  5.89742325E-04
2.50006554E-01  7.72968978E-02  5.76687627E-04
2.50253230E-01  8.03169683E-02  5.92531171E-04
2.50499907E-01  8.09311643E-02  6.12460834E-04
2.50746583E-01  7.81301707E-02  5.97211008E-04
2.50993260E-01  8.07438269E-02  6.05028938E-04
2.51239936E-01  7.76638985E-02  5.74079866E-04
2.51486613E-01  7.95213208E-02  6.00137399E-04
2.51733289E-01  7.91469589E-02  5.91271440E-04
2.51979965E-01  7.94894546E-02  6.10275369E-04
2.52226642E-01  7.59305358E-02  5.92698460E-04
2.52473318E-01  7.81203210E-02  6.02341723E-04
2.52719995E-01  7.72077888E-02  5.93883160E-04
2.52966671E-01  7.47064576E-02  5.86274778E-04
2.53213348E-01  7.73009285E-02  6.07992522E-04
2.53460024E-01  7.53072277E-02  5.75512531E-04
2.53706700E-01  7.83444941E-02  6.24684733E-04
2.53953377E-01  7.48085305E-02  5.85721224E-04
2.54200053E-01  7.81302452E-02  6.00825704E-04
2.54446730E-01  7.80015364E-02  5.95386431E-04
2.54693406E-01  7.92051479E-02  5.94195502E-04
2.54940083E-01  7.92550817E-02  5.97259263E-04
2.55186759E-01  8.00644383E-02  5.96660771E-04
2.55433435E-01  8.23192596E-02  6.03814726E-04
2.55680112E-01  8.02171528E-02  5.91277261E-04
2.55926788E-01  7.97705799E-02  5.95082238E-04
2.56173465E-01  7.95017034E-02  5.92304918E-04
2.56420141E-01  8.01018402E-02  5.95128222E-04
2.56666817E-01  7.67400935E-02  5.63334383E-04
2.56913494E-01  7.80896619E-02  5.73905883E-04
2.57160170E-01  7.92486817E-02  5.92142984E-04
2.57406847E-01  8.08563083E-02  5.95679157E-04
2.57653523E-01  8.08354765E-02  5.68928604E-04
2.57900200E-01  8.00955892E-02  5.75448794E-04
2.58146876E-01  8.03739652E-02  5.78760053E-04
2.58393552E-01  7.98326060E-02  5.92021854E-04
2.58640229E-01  7.68935308E-02  5.88178169E-04
2.58886905E-01  8.00303370E-02  5.70023141E-04
2.59133582E-01  8.36216509E-02  5.85728267E-04
2.59380258E-01  8.20930973E-02  5.95087360E-04
2.59626935E-01  8.15194175E-02  5.85109054E-04
2.59873611E-01  7.30303749E-02  5.63760812E-04
2.60120287E-01  7.79000074E-02  5.68485179E-04
2.60366964E-01  7.85473958E-02  5.83651243E-04
2.60613640E-01  7.73226321E-02  5.69252530E-04
2.60860317E-01  7.91968778E-02  5.80311229E-04
2.61106993E-01  7.96504691E-02  5.79374784E-04
2.61353670E-01  7.98392892E-02  5.64615242E-04
2.61600346E-01  8.11462626E-02  5.91326097E-04
2.61847022E-01  8.02906901E-02  5.76925755E-04
2.62093699E-01  7.93317258E-02  5.69660682E-04
2.62340375E-01  8.20699856E-02  5.79884334E-04
2.62587052E-01  8.00203830E-02  5.82535169E-04
2.62833728E-01  8.11397210E-02  5.83466433E-04
2.63080404E-01  7.66400620E-02  5.73390687E-04
2.63327081E-01  7.83495381E-02  5.74494479E-04
2.63573757E-01  7.78775737E-02  5.68237097E-04
2.63820434E-01  7.73503408E-02  5.67926036E-04
2.64067110E-01  7.82519057E-02  5.67038951E-04
2.64313787E-01  8.25275630E-02  5.85294794E-04
2.64560463E-01  8.01625773E-02  5.83354500E-04
2.64807139E-01  7.90934637E-02  5.79120649E-04
2.65053816E-01  8.22073519E-02  5.73868339E-04
2.65300492E-01  8.01308230E-02  5.64988935E-04
2.65547169E-01  8.06667954E-02  5.64247370E-04
2.65793845E-01  7.75949433E-02  5.61556022E-04
2.66040522E-01  7.70132169E-02  5.61882451E-04
2.66287198E-01  7.98554346E-02  5.74114791E-04
2.66533874E-01  7.74377510E-02  5.60592860E-04
2.66780551E-01  8.23113397E-02  5.69609983E-04
2.67027227E-01  8.07522982E-02  5.87387825E-04
2.67273904E-01  7.81053156E-02  5.65483235E-04
2.67520580E-01  7.86199719E-02  5.56636893E-04
2.67767256E-01  7.79056624E-02  5.71769895E-04
2.68013933E-01  7.73665309E-02  5.75692742E-04
2.68260609E-01  7.64385611E-02  5.73359779E-04
2.68507286E-01  7.96966180E-02  5.57635154E-04
2.68753962E-01  8.03185329E-02  5.81353670E-04
2.69000639E-01  8.09242204E-02  5.80351218E-04
2.69247315E-01  7.98122361E-02  5.68872667E-04
2.69493991E-01  7.97241554E-02  5.67806477E-04
2.69740668E-01  8.11507329E-02  5.69997705E-04
2.69987344E-01  7.83408284E-02  5.87206508E-04
2.70234021E-01  7.98659921E-02  5.73072466E-04
2.70480697E-01  8.36340636E-02  5.95804187E-04
2.70727374E-01  7.70917311E-02  5.72201505E-04
2.70974050E-01  7.82923996E-02  5.78253530E-04
2.71220726E-01  8.28806385E-02  6.08338451E-04
2.71467403E-01  8.12103078E-02  5.79179556E-04
2.71714079E-01  8.64936858E-02  6.21066138E-04
2.71960756E-01  8.10962692E-02  5.93383447E-04
2.72207432E-01  7.88468942E-02  5.89344592E-04
2.72454109E-01  8.01972821E-02  5.95150457E-04
2.72700785E-01  8.35857615E-02  5.94378158E-04
2.72947461E-01  8.22142810E-02  6.00773608E-04
2.73194138E-01  8.13177302E-02  5.97691047E-04
2.73440814E-01  8.52400437E-02  6.18990103E-04
2.73687491E-01  7.68043622E-02  5.78364939E-04
2.73934167E-01  8.27249363E-02  5.95769496E-04
2.74180843E-01  8.15833509E-02  6.02765125E-04
2.74427520E-01  8.38494897E-02  6.15278375E-04
2.74674196E-01  8.00171196E-02  5.78631531E-04
2.74920873E-01  8.04247484E-02  5.82956534E-04
2.75167549E-01  7.88971782E-02  5.82900306E-04
2.75414226E-01  8.06561857E-02  6.06611371E-04
2.75660902E-01  8.21364895E-02  6.02961343E-04
2.75907578E-01  8.19815919E-02  6.27591042E-04
2.76154255E-01  8.60317945E-02  6.24757900E-04
2.76400931E-01  8.39694887E-02  6.20062521E-04
2.76647608E-01  8.20362419E-02  6.07584836E-04
2.76894284E-01  8.36537406E-02  6.09834155E-04
2.77140961E-01  8.34615678E-02  6.11416763E-04
2.77387637E-01  7.78980777E-02  5.84443798E-04
2.77634313E-01  7.86632374E-02  5.88032475E-04
2.77880990E-01  8.00133571E-02  6.13999786E-04
2.78127666E-01  8.16140324E-02  5.94101206E-04
2.78374343E-01  8.05785358E-02  6.17968966E-04
2.78621019E-01  8.19208622E-02  6.03129331E-04
2.78867695E-01  8.21936056E-02  6.01986074E-04
2.79114372E-01  8.33885670E-02  6.11584226E-04
2.79361048E-01  8.31092149E-02  6.28005189E-04
2.79607725E-01  8.08264092E-02  6.09785609E-04
2.79854401E-01  8.49907398E-02  6.16101141E-04
2.80101078E-01  8.13938528E-02  6.06228772E-04
2.80347754E-01  8.09192434E-02  6.09773619E-04
2.80594430E-01  8.23765174E-02  6.09113078E-04
2.80841107E-01  8.25036094E-02  6.26354944E-04
2.81087783E-01  8.52939188E-02  6.29138434E-04
2.81334460E-01  8.31634104E-02  6.19056984E-04
2.81581136E-01  8.19858387E-02  6.08357426E-04
2.81827813E-01  8.21998790E-02  6.04784815E-04
2.82074489E-01  8.20518211E-02  6.20304083E-04
2.82321165E-01  8.30015764E-02  6.11798197E-04
2.82567842E-01  7.89827481E-02  5.97603677E-04
2.82814518E-01  8.36610347E-02  6.15401776E-04
2.83061195E-01  8.07116032E-02  6.12415955E-04
2.83307871E-01  8.40080231E-02  6.27747795E-04
2.83554548E-01  8.55942741E-02  6.13743381E-04
2.83801224E-01  8.29139724E-02  6.19087310E-04
2.84047900E-01  8.15314651E-02  6.07853872E-04
2.84294577E-01  8.08636025E-02  5.98262413E-04
2.84541253E-01  8.02254677E-02  6.02871471E-04
2.84787930E-01  8.55501071E-02  6.23178319E-04
2.85034606E-01  8.48155394E-02  6.27062400E-04
2.85281282E-01  8.35410357E-02  6.02660526E-04
2.85527959E-01  8.07065740E-02  6.15054101E-04
2.85774635E-01  8.44166875E-02  6.29673072E-04
2.86021312E-01  8.37549195E-02  6.35240460E-04
2.86267988E-01  8.14973786E-02  6.22566324E-04
2.86514665E-01  8.03661868E-02  6.01095147E-04
2.86761341E-01  8.13810751E-02  6.22843683E-04
2.87008017E-01  8.45506936E-02  6.21802872E-04
2.87254694E-01  8.29925463E-02  6.36337267E-04
2.87501370E-01  8.34764689E-02  6.35791977E-04
2.87748047E-01  8.49066153E-02  6.41717168E-04
2.87994723E-01  8.12482536E-02  6.30188035E-04
2.88241400E-01  7.93630928E-02  6.16501318E-04
2.88488076E-01  8.09915289E-02  6.12198259E-04
2.88734752E-01  8.15791264E-02  6.06290763E-04
2.88981429E-01  8.38290602E-02  6.35157572E-04
2.89228105E-01  8.16523731E-02  6.22203574E-04
2.89474782E-01  8.49975199E-02  6.34838420E-04
2.89721458E-01  8.15334097E-02  6.25132001E-04
2.89968134E-01  8.44909623E-02  6.18838414E-04
2.90214811E-01  8.00264329E-02  6.25522633E-04
2.90461487E-01  8.51461887E-02  6.45600143E-04
2.90708164E-01  8.24960321E-02  6.21596118E-04
2.90954840E-01  8.23195130E-02  6.14580058E-04
2.91201517E-01  8.36909488E-02  6.31754519E-04
2.91448193E-01  8.09791982E-02  6.30957831E-04
2.91694869E-01  7.81317353E-02  6.15069235E-04
2.91941546E-01  8.43357891E-02  6.38542115E-04
2.92188222E-01  8.60061422E-02  6.38807600E-04
2.92434899E-01  8.21135119E-02  6.22246705E-04
2.92681575E-01  8.21440220E-02  6.28903392E-04
2.92928252E-01  7.86594748E-02  5.96343772E-04
2.93174928E-01  8.11536536E-02  6.21055660E-04
2.93421604E-01  8.23145881E-02  6.15809287E-04
2.93668281E-01  8.17334056E-02  6.15826517E-04
2.93914957E-01  8.44304785E-02  6.34763681E-04
2.94161634E-01  8.31267610E-02  6.36660552E-04
2.94408310E-01  8.21005628E-02  6.15156081E-04
2.94654987E-01  8.16754177E-02  6.17766869E-04
2.94901663E-01  8.27183574E-02  6.11350813E-04
2.95148339E-01  8.20965469E-02  6.11375610E-04
2.95395016E-01  8.22351947E-02  6.15149678E-04
2.95641692E-01  8.41905028E-02  6.40037062E-04
2.95888369E-01  8.33218768E-02  6.29206595E-04
2.96135045E-01  8.44936445E-02  6.23860513E-04
2.96381721E-01  8.13416392E-02  6.29258284E-04
2.96628398E-01  8.37000385E-02  6.35317760E-04
2.96875074E-01  8.02344605E-02  6.35912234E-04
2.97121751E-01  8.21532831E-02  6.14459103E-04
2.97368427E-01  8.39048028E-02  6.19354018E-04
2.97615104E-01  7.76604116E-02  5.84844325E-04
2.97861780E-01  8.46840590E-02  6.27646863E-04
2.98108456E-01  8.38422030E-02  6.32648298E-04
2.98355133E-01  8.27217326E-02  6.28096284E-04
2.98601809E-01  8.39789361E-02  6.36082492E-04
2.98848486E-01  8.50417987E-02  6.22224878E-04
2.99095162E-01  8.35651681E-02  6.38717553E-04
2.99341839E-01  7.88731799E-02  6.11746451E-04
2.99588515E-01  8.51112083E-02  6.23625936E-04
2.99835191E-01  8.16905946E-02  6.22500549E-04
3.00081868E-01  8.27300847E-02  6.22341409E-04
3.00328544E-01  8.27299058E-02  6.23490370E-04
3.00575221E-01  8.24038833E-02  6.50441914E-04
3.00821897E-01  8.46268162E-02  6.11126889E-04
3.01068574E-01  8.07211027E-02  6.13772077E-04
3.01315250E-01  8.26193690E-02  6.24534732E-04
3.01561926E-01  8.35979134E-02  6.23218482E-04
3.01808603E-01  8.39393064E-02  6.22365158E-04
3.02055279E-01  8.30982253E-02  6.25117682E-04
3.02301956E-01  8.66015255E-02  6.62640261E-04
3.02548632E-01  8.90021175E-02  6.30020688E-04
3.02795308E-01  8.62909555E-02  6.49402617E-04
3.03041985E-01  8.60690325E-02  6.51133887E-04
3.03288661E-01  9.00202617E-02  6.70126814E-04
3.03535338E-01  9.03362408E-02  6.55158481E-04
3.03782014E-01  9.78751853E-02  6.79706282E-04
3.04028691E-01  9.59903896E-02  6.70252251E-04
3.04275367E-01  1.00154422E-01  7.08745909E-04
3.04522043E-01  9.74829420E-02  6.83422142E-04
3.04768720E-01  1.06069803E-01  7.06216204E-04
3.05015396E-01  1.07131071E-01  7.28034822E-04
3.05262073E-01  1.13282755E-01  7.43581506E-04
3.05508749E-01  1.12005852E-01  7.59497518E-04
3.05755426E-01  1.15542799E-01  7.59816146E-04
3.06002102E-01  1.17951632E-01  7.50936451E-04
3.06248778E-01  1.20829381E-01  7.72264611E-04
3.06495455E-01  1.24112844E-01  7.57740869E-04
3.06742131E-01  1.29855156E-01  8.04395648E-04
3.06988808E-01  1.30803183E-01  8.20989895E-04
3.07235484E-01  1.29532218E-01  7.90003687E-04
3.07482160E-01  1.30646482E-01  8.04860145E-04
3.07728837E-01  1.26754507E-01  7.86555815E-04
3.07975513E-01  1.34433314E-01  8.00124137E-04
3.08222190E-01  1.30723089E-01  8.11517180E-04
3.08468866E-01  1.31140098E-01  8.10574915E-04
3.08715543E-01  1.25008553E-01  7.72201398E-04
3.08962219E-01  1.26732886E-01  8.01595335E-04
3.09208895E-01  1.18793570E-01  7.58832786E-04
3.09455572E-01  1.16343334E-01  7.59587449E-04
3.09702248E-01  1.09488182E-01  7.34361587E-04
3.09948925E-01  1.08396053E-01  7.30571744E-04
3.10195601E-01  1.07785940E-01  7.22523604E-04
3.10442278E-01  1.00861922E-01  6.95576251E-04
3.10688954E-01  9.73373353E-02  6.94225600E-04
3.10935630E-01  9.64381099E-02  6.64654595E-04
3.11182307E-01  9.45070907E-02  6.65686675E-04
3.11428983E-01  9.06318054E-02  6.54822681E-04
3.11675660E-01  8.65503997E-02  6.43612409E-04
3.11922336E-01  8.59898925E-02  6.34643482E-04
3.12169013E-01  8.68158042E-02  6.50059024E-04
3.12415689E-01  8.57067481E-02  6.38737227E-04
3.12662365E-01  8.85622576E-02  6.56273041E-04
3.12909042E-01  8.26169476E-02  6.22403342E-04
3.13155718E-01  7.93596730E-02  6.17058831E-04
3.13402395E-01  8.51729214E-02  6.23038155E-04
3.13649071E-01  8.76234695E-02  6.60449849E-04
3.13895747E-01  8.54621306E-02  6.27145928E-04
3.14142424E-01  8.17425475E-02  6.34179742E-04
3.14389100E-01  8.56994018E-02  6.46628556E-04
3.14635777E-01  8.36971402E-02  6.28974522E-04
3.14882453E-01  8.44536126E-02  6.56044052E-04
3.15129130E-01  8.53016675E-02  6.44074462E-04
3.15375806E-01  8.39855373E-02  6.40559418E-04
3.15622482E-01  8.69464502E-02  6.48939691E-04
3.15869159E-01  8.59150961E-02  6.55194104E-04
3.16115835E-01  8.30423981E-02  6.29525748E-04
3.16362512E-01  8.54942501E-02  6.27255475E-04
3.16609188E-01  8.36198181E-02  6.21169514E-04
3.16855865E-01  8.40653926E-02  6.27202506E-04
3.17102541E-01  8.12533051E-02  6.34819909E-04
3.17349217E-01  8.41130242E-02  6.43167004E-04
3.17595894E-01  8.34627077E-02  6.36437093E-04
3.17842570E-01  8.48745108E-02  6.44108281E-04
3.18089247E-01  7.82638937E-02  6.05218753E-04
3.18335923E-01  8.29144940E-02  6.36729121E-04
3.18582599E-01  8.39752182E-02  6.31739793E-04
3.18829276E-01  8.51421803E-02  6.25084969E-04
3.19075952E-01  8.14171508E-02  6.22063875E-04
3.19322629E-01  8.60086530E-02  6.38818659E-04
3.19569305E-01  8.22421461E-02  6.30397757E-04
3.19815982E-01  8.66067633E-02  6.43648033E-04
3.20062658E-01  8.22596401E-02  6.21401588E-04
3.20309334E-01  8.53413343E-02  6.50848204E-04
3.20556011E-01  8.44120160E-02  6.33425254E-04
3.20802687E-01  8.43857303E-02  6.44897518E-04
3.21049364E-01  8.10298696E-02  6.24188047E-04
3.21296040E-01  8.41133669E-02  6.24364067E-04
3.21542717E-01  8.14921632E-02  6.41313207E-04
3.21789393E-01  8.70616287E-02  6.39087521E-04
3.22036069E-01  8.15942064E-02  6.41644932E-04
3.22282746E-01  8.38668048E-02  6.50914444E-04
3.22529422E-01  8.41913149E-02  6.49803784E-04
3.22776099E-01  8.26008841E-02  6.23375236E-04
3.23022775E-01  8.12842250E-02  6.32392883E-04
3.23269452E-01  8.48784149E-02  6.43757579E-04
3.23516128E-01  8.36488158E-02  6.41454128E-04
3.23762804E-01  8.52133855E-02  6.37809339E-04
3.24009481E-01  8.41202438E-02  6.19553670E-04
3.24256157E-01  8.24599266E-02  6.29106187E-04
3.24502834E-01  8.51388127E-02  6.43407344E-04
3.24749510E-01  8.55425000E-02  6.28510898E-04
3.24996186E-01  8.51620883E-02  6.46623841E-04
3.25242863E-01  8.40016007E-02  6.23804459E-04
3.25489539E-01  8.34057406E-02  6.43456588E-04
3.25736216E-01  8.42455924E-02  6.35932316E-04
3.25982892E-01  8.34937766E-02  6.46115514E-04
3.26229569E-01  8.36548209E-02  6.58954435E-04
3.26476245E-01  8.35989118E-02  6.27950532E-04
3.26722921E-01  8.36192518E-02  6.43026724E-04
3.26969598E-01  8.65030810E-02  6.43470383E-04
3.27216274E-01  8.53849575E-02  6.62571751E-04
3.27462951E-01  8.64654407E-02  6.49022171E-04
3.27709627E-01  8.46457630E-02  6.31620351E-04
3.27956304E-01  8.43201354E-02  6.38951373E-04
3.28202980E-01  8.54367465E-02  6.45646767E-04
3.28449656E-01  8.34009647E-02  6.45313296E-04
3.28696333E-01  8.53591338E-02  6.37179008E-04
3.28943009E-01  8.46121088E-02  6.38622500E-04
3.29189686E-01  8.62852484E-02  6.52133254E-04
3.29436362E-01  8.39645192E-02  6.46547705E-04
3.29683039E-01  8.52622390E-02  6.49561407E-04
3.29929715E-01  8.00497755E-02  6.25151384E-04
3.30176391E-01  8.67760554E-02  6.56033983E-04
3.30423068E-01  8.56379792E-02  6.48813788E-04
3.30669744E-01  8.05942789E-02  6.21533080E-04
3.30916421E-01  8.28884766E-02  6.58422068E-04
3.31163097E-01  8.98543894E-02  6.58535864E-04
3.31409773E-01  8.10660645E-02  6.53026102E-04
3.31656450E-01  8.45602602E-02  6.28343143E-04
3.31903126E-01  8.60527158E-02  6.54555566E-04
3.32149803E-01  9.20075327E-02  6.97783427E-04
3.32396479E-01  8.80403593E-02  6.64691557E-04
3.32643156E-01  8.23856965E-02  6.38895785E-04
3.32889832E-01  8.78374800E-02  6.47740380E-04
3.33136508E-01  8.60729069E-02  6.35083183E-04
3.33383185E-01  8.51768553E-02  6.40243699E-04
3.33629861E-01  8.63329247E-02  6.52758812E-04
3.33876538E-01  8.57881010E-02  6.51508453E-04
3.34123214E-01  8.38365108E-02  6.44277781E-04
3.34369891E-01  8.80630538E-02  6.56699936E-04
3.34616567E-01  8.75191838E-02  6.62138744E-04
3.34863243E-01  8.68277997E-02  6.55989803E-04
3.35109920E-01  8.82517993E-02  6.67103333E-04
3.35356596E-01  8.71021971E-02  6.54895208E-04
3.35603273E-01  8.31423849E-02  6.44508749E-04
3.35849949E-01  8.66621658E-02  6.65579806E-04
3.36096625E-01  8.56173933E-02  6.51234237E-04
3.36343302E-01  8.50898251E-02  6.52404560E-04
3.36589978E-01  8.21726918E-02  6.20718871E-04
3.36836655E-01  8.54941532E-02  6.56426710E-04
3.37083331E-01  8.89739022E-02  6.48767396E-04
3.37330008E-01  8.61231089E-02  6.34773227E-04
3.37576684E-01  8.64810944E-02  6.59017882E-04
3.37823360E-01  8.59783441E-02  6.63693878E-04
3.38070037E-01  9.02514532E-02  6.75721269E-04
3.38316713E-01  8.64588320E-02  6.68006949E-04
3.38563390E-01  8.55914876E-02  6.60035119E-04
3.38810066E-01  8.63946900E-02  6.65251573E-04
3.39056743E-01  8.77852887E-02  6.61807426E-04
3.39303419E-01  8.63159150E-02  6.73832314E-04
3.39550095E-01  8.95835310E-02  6.60828315E-04
3.39796772E-01  8.80042911E-02  6.77584670E-04
3.40043448E-01  8.84544998E-02  6.60495658E-04
3.40290125E-01  8.75892043E-02  6.55869837E-04
3.40536801E-01  8.74361470E-02  6.76389434E-04
3.40783478E-01  8.69641304E-02  6.64471416E-04
3.41030154E-01  9.10639912E-02  6.71734626E-04
3.41276830E-01  8.89266282E-02  6.70006732E-04
3.41523507E-01  8.90184417E-02  6.76505209E-04
3.41770183E-01  8.48885477E-02  6.39722857E-04
3.42016860E-01  8.66134390E-02  6.70874317E-04
3.42263536E-01  9.23222080E-02  6.72965660E-04
3.42510212E-01  8.58251527E-02  6.38734724E-04
3.42756889E-01  8.95692036E-02  6.66999724E-04
3.43003565E-01  8.68379921E-02  6.55741023E-04
3.43250242E-01  8.52728859E-02  6.24124834E-04
3.43496918E-01  8.93269479E-02  6.73771021E-04
3.43743595E-01  8.38761404E-02  6.48564717E-04
3.43990271E-01  9.03763026E-02  6.63779792E-04
3.44236947E-01  8.50612298E-02  6.51375507E-04
3.44483624E-01  8.60772058E-02  6.57160999E-04
3.44730300E-01  8.86828601E-02  6.73422590E-04
3.44976977E-01  8.68886486E-02  6.43725507E-04
3.45223653E-01  8.75353441E-02  6.60366204E-04
3.45470330E-01  8.84296894E-02  6.74428593E-04
3.45717006E-01  8.95107463E-02  6.75413990E-04
3.45963682E-01  8.75843391E-02  6.46786706E-04
3.46210359E-01  8.70223045E-02  6.57936384E-04
3.46457035E-01  8.93224105E-02  6.81520964E-04
3.46703712E-01  8.61184597E-02  6.39647013E-04
3.46950388E-01  8.59047920E-02  6.70232112E-04
3.47197064E-01  8.60559493E-02  6.54347183E-04
3.47443741E-01  8.76121148E-02  6.47057255E-04
3.47690417E-01  8.48652571E-02  6.32352370E-04
3.47937094E-01  8.33594501E-02  6.36178302E-04
3.48183770E-01  8.57208297E-02  6.55130774E-04
3.48430447E-01  8.79701674E-02  6.59972487E-04
3.48677123E-01  8.40064436E-02  6.45178370E-04
3.48923799E-01  8.87360424E-02  6.57644647E-04
3.49170476E-01  8.46175626E-02  6.63066108E-04
3.49417152E-01  8.71665403E-02  6.66804146E-04
3.49663829E-01  8.43733996E-02  6.35624921E-04
3.49910505E-01  8.88423249E-02  6.57706638E-04
3.50157182E-01  8.59454647E-02  6.49431371E-04
3.50403858E-01  8.66554454E-02  6.31285307E-04
3.50650534E-01  8.76610726E-02  6.68763474E-04
3.50897211E-01  8.57571959E-02  6.47189852E-04
3.51143887E-01  8.53480175E-02  6.48759364E-04
3.51390564E-01  8.31007063E-02  6.43830455E-04
3.51637240E-01  8.55696648E-02  6.54047646E-04
3.51883917E-01  8.31337124E-02  6.48641610E-04
3.52130593E-01  8.62612054E-02  6.37811841E-04
3.52377269E-01  8.42881203E-02  6.23474712E-04
3.52623946E-01  8.02037045E-02  6.21173240E-04
3.52870622E-01  8.47302154E-02  6.30049384E-04
3.53117299E-01  8.62385631E-02  6.40121521E-04
3.53363975E-01  8.71049911E-02  6.54156378E-04
3.53610651E-01  8.36290494E-02  6.48054760E-04
3.53857328E-01  8.91918316E-02  6.74259791E-04
3.54104004E-01  8.29975158E-02  6.35431556E-04
3.54350681E-01  8.52179080E-02  6.60153804E-04
3.54597357E-01  8.48025680E-02  6.38856960E-04
3.54844034E-01  8.61922354E-02  6.70636713E-04
3.55090710E-01  8.41276720E-02  6.60599617E-04
3.55337386E-01  8.69409442E-02  6.47507375E-04
3.55584063E-01  8.45306367E-02  6.24494452E-04
3.55830739E-01  8.25665966E-02  6.33179909E-04
3.56077416E-01  8.64198133E-02  6.44493441E-04
3.56324092E-01  8.34881514E-02  6.40176004E-04
3.56570769E-01  8.27681497E-02  6.42652507E-04
3.56817445E-01  8.14590082E-02  6.15108002E-04
3.57064121E-01  8.49394202E-02  6.55404758E-04
3.57310798E-01  8.63730758E-02  6.48690970E-04
3.57557474E-01  8.55894908E-02  6.49421010E-04
3.57804151E-01  8.55114162E-02  6.38424244E-04
3.58050827E-01  7.92236030E-02  6.20859792E-04
3.58297503E-01  8.39816555E-02  6.39324659E-04
3.58544180E-01  8.00618455E-02  6.21160492E-04
3.58790856E-01  8.42868611E-02  6.35400589E-04
3.59037533E-01  8.46054628E-02  6.46079192E-04
3.59284209E-01  8.28925669E-02  6.35261182E-04
3.59530886E-01  8.32368731E-02  6.33587188E-04
3.59777562E-01  8.01470354E-02  6.17956917E-04
3.60024238E-01  8.28691199E-02  6.50385628E-04
3.60270915E-01  8.00627917E-02  6.30507711E-04
3.60517591E-01  8.31719562E-02  6.12166419E-04
3.60764268E-01  8.20067823E-02  6.42673927E-04
3.61010944E-01  8.40229616E-02  6.27913396E-04
3.61257621E-01  8.25729966E-02  6.46389613E-04
3.61504297E-01  8.23637769E-02  6.26940746E-04
3.61750973E-01  8.28878656E-02  6.36624114E-04
3.61997650E-01  8.30234662E-02  6.53287629E-04
3.62244326E-01  8.02867189E-02  6.34953089E-04
3.62491003E-01  8.52858126E-02  6.66068750E-04
3.62737679E-01  8.23886991E-02  6.33288058E-04
3.62984356E-01  8.12019557E-02  6.23685773E-04
3.63231032E-01  8.03567767E-02  6.18197897E-04
3.63477708E-01  8.39637741E-02  6.36048964E-04
3.63724385E-01  8.07627290E-02  6.44419284E-04
3.63971061E-01  8.55636746E-02  6.55107200E-04
3.64217738E-01  8.14939663E-02  6.35807926E-04
3.64464414E-01  8.44631270E-02  6.38712314E-04
3.64711090E-01  7.98303559E-02  6.19000522E-04
3.64957767E-01  8.35864320E-02  6.36317069E-04
3.65204443E-01  8.29913095E-02  6.44891290E-04
3.65451120E-01  8.10432732E-02  6.25736720E-04
3.65697796E-01  8.32860246E-02  6.28698093E-04
3.65944473E-01  8.04564059E-02  6.19367347E-04
3.66191149E-01  8.14063251E-02  6.20700768E-04
3.66437825E-01  8.37112367E-02  6.55393756E-04
3.66684502E-01  8.05210471E-02  6.25845860E-04
3.66931178E-01  8.01255479E-02  6.12925098E-04
3.67177855E-01  8.22967812E-02  6.27417292E-04
3.67424531E-01  8.08485672E-02  6.12135278E-04
3.67671208E-01  7.98915625E-02  6.32278388E-04
3.67917884E-01  8.20357129E-02  6.20031904E-04
3.68164560E-01  7.93069899E-02  6.20146631E-04
3.68411237E-01  8.33165869E-02  6.30923721E-04
3.68657913E-01  7.71611184E-02  6.10948948E-04
3.68904590E-01  7.82075599E-02  6.15962839E-04
3.69151266E-01  7.98444971E-02  6.16684905E-04
3.69397943E-01  8.07719827E-02  6.16564590E-04
3.69644619E-01  8.49540010E-02  6.42358849E-04
3.69891295E-01  8.28606263E-02  6.10874617E-04
3.70137972E-01  8.02257434E-02  6.29668706E-04
3.70384648E-01  8.09965432E-02  6.27435569E-04
3.70631325E-01  8.04892480E-02  6.25219371E-04
3.70878001E-01  7.89782107E-02  6.02241780E-04
3.71124677E-01  7.85873756E-02  6.04670029E-04
3.71371354E-01  8.17987546E-02  6.27891917E-04
3.71618030E-01  7.93028995E-02  6.17808488E-04
3.71864707E-01  8.27474073E-02  6.18835445E-04
3.72111383E-01  8.00140053E-02  6.41282299E-04
3.72358060E-01  8.16206187E-02  6.38190075E-04
3.72604736E-01  8.22146088E-02  6.51455135E-04
3.72851412E-01  8.01553130E-02  6.15803758E-04
3.73098089E-01  8.08132365E-02  6.33991091E-04
3.73344765E-01  8.00979957E-02  6.20807055E-04
3.73591442E-01  8.07652399E-02  6.36356999E-04
3.73838118E-01  8.07280838E-02  6.21524523E-04
3.74084795E-01  7.85686448E-02  6.12701580E-04
3.74331471E-01  8.43394622E-02  6.28191454E-04
3.74578147E-01  7.82327726E-02  6.18414837E-04
3.74824824E-01  8.11970010E-02  6.38781115E-04
3.75071500E-01  7.81620592E-02  6.19628816E-04
3.75318177E-01  7.83895552E-02  6.19446044E-04
3.75564853E-01  7.74698034E-02  6.04559784E-04
3.75811529E-01  7.96862170E-02  6.31244504E-04
3.76058206E-01  7.87004381E-02  6.10519899E-04
3.76304882E-01  7.62404576E-02  6.09631476E-04
3.76551559E-01  7.97483176E-02  6.14641234E-04
3.76798235E-01  7.84860179E-02  6.06086338E-04
3.77044912E-01  7.71950930E-02  6.16302073E-04
3.77291588E-01  8.07158127E-02  6.37571968E-04
3.77538264E-01  7.54367709E-02  6.00878848E-04
3.77784941E-01  8.07530731E-02  6.24576642E-04
3.78031617E-01  7.92283192E-02  6.24673266E-04
3.78278294E-01  8.31064284E-02  6.38641184E-04
3.78524970E-01  8.13672394E-02  6.18740160E-04
3.78771647E-01  7.88960755E-02  6.22591819E-04
3.79018323E-01  8.30533355E-02  6.37862890E-04
3.79264999E-01  7.98095390E-02  6.13758399E-04
3.79511676E-01  7.89664239E-02  6.29492395E-04
3.79758352E-01  7.98487067E-02  6.33955933E-04
3.80005029E-01  8.00887272E-02  6.19778410E-04
3.80251705E-01  8.36919323E-02  6.55358541E-04
3.80498382E-01  7.86940157E-02  6.18375081E-04
3.80745058E-01  8.00354108E-02  6.29483198E-04
3.80991734E-01  7.85134733E-02  6.26635505E-04
3.81238411E-01  7.94145837E-02  6.48320362E-04
3.81485087E-01  7.73748681E-02  6.30739902E-04
3.81731764E-01  8.20890144E-02  6.58687961E-04
3.81978440E-01  7.94490799E-02  6.52819464E-04
3.82225116E-01  7.89494142E-02  6.66492851E-04
3.82471793E-01  7.98435807E-02  6.69500499E-04
3.82718469E-01  7.80178681E-02  6.41437538E-04
3.82965146E-01  7.78598860E-02  6.69820874E-04
3.83211822E-01  8.10303986E-02  6.67157117E-04
3.83458499E-01  8.20490271E-02  6.97353331E-04
3.83705175E-01  7.80424550E-02  6.69781119E-04
3.83951851E-01  7.89053813E-02  6.70784910E-04
3.84198528E-01  8.20909962E-02  7.03769154E-04
3.84445204E-01  8.10758099E-02  6.80648431E-04
3.84691881E-01  8.37014616E-02  6.97931799E-04
3.84938557E-01  8.20560828E-02  7.17222050E-04
3.85185234E-01  7.95634165E-02  7.20486802E-04
3.85431910E-01  8.18798020E-02  7.26430328E-04
3.85678586E-01  7.66154006E-02  6.77533215E-04
3.85925263E-01  7.94815272E-02  7.01144105E-04
3.86171939E-01  8.30563158E-02  7.18329742E-04
3.86418616E-01  7.87283182E-02  7.34766887E-04
3.86665292E-01  7.82099888E-02  7.38063827E-04
3.86911968E-01  7.98244700E-02  7.21130520E-04
3.87158645E-01  8.32871422E-02  7.23658071E-04
3.87405321E-01  8.00844952E-02  7.18965312E-04
3.87651998E-01  8.13462883E-02  7.15647009E-04
3.87898674E-01  8.14648345E-02  7.41449825E-04
3.88145351E-01  7.76008591E-02  7.13005429E-04
3.88392027E-01  7.93189853E-02  7.65542791E-04
3.88638703E-01  7.98313394E-02  7.25500518E-04
3.88885380E-01  7.83194304E-02  7.24924495E-04
3.89132056E-01  7.67988041E-02  7.40934629E-04
3.89378733E-01  7.83527046E-02  7.40035553E-04
3.89625409E-01  7.78164715E-02  7.46149919E-04
3.89872086E-01  7.61520416E-02  7.29154097E-04
3.90118762E-01  7.92760551E-02  7.18463154E-04
3.90365438E-01  8.31544474E-02  7.37311144E-04
3.90612115E-01  8.46123248E-02  7.30885251E-04
3.90858791E-01  7.73429424E-02  6.91870577E-04
3.91105468E-01  8.39174017E-02  7.39099050E-04
3.91352144E-01  8.14010799E-02  7.09763670E-04
3.91598821E-01  8.46755281E-02  7.13168003E-04
3.91845497E-01  7.86024183E-02  6.73150411E-04
3.92092173E-01  8.08215737E-02  6.95776194E-04
3.92338850E-01  7.95815662E-02  6.99085882E-04
3.92585526E-01  8.15948248E-02  6.97014271E-04
3.92832203E-01  8.14821199E-02  7.08795793E-04
3.93078879E-01  8.08040202E-02  6.88107859E-04
3.93325555E-01  7.72192553E-02  6.83085935E-04
3.93572232E-01  8.38121325E-02  7.06759805E-04
3.93818908E-01  8.32270905E-02  6.89688255E-04
3.94065585E-01  8.05670246E-02  6.94677234E-04
3.94312261E-01  7.97355771E-02  6.78436831E-04
3.94558938E-01  7.36710578E-02  6.73901697E-04
3.94805614E-01  8.22002441E-02  6.73483824E-04
3.95052290E-01  8.17934722E-02  7.06014689E-04
3.95298967E-01  8.18729997E-02  7.05606712E-04
3.95545643E-01  7.91488811E-02  6.68064575E-04
3.95792320E-01  8.02562013E-02  6.88358676E-04
3.96038996E-01  8.33364651E-02  6.69211149E-04
3.96285673E-01  7.89600238E-02  6.74332434E-04
3.96532349E-01  8.07708800E-02  6.84491708E-04
3.96779025E-01  7.99831748E-02  6.73734234E-04
3.97025702E-01  7.73508400E-02  6.69835077E-04
3.97272378E-01  7.95822665E-02  6.75153104E-04
3.97519055E-01  8.02845359E-02  6.99938566E-04
3.97765731E-01  7.67226964E-02  6.43943902E-04
3.98012407E-01  8.12501162E-02  6.86502201E-04
3.98259084E-01  8.10173526E-02  6.91893511E-04
3.98505760E-01  7.76940361E-02  6.66333421E-04
3.98752437E-01  8.06023553E-02  6.99180469E-04
3.98999113E-01  8.53684396E-02  6.89488021E-04
3.99245790E-01  8.06299448E-02  6.77607255E-04
3.99492466E-01  8.01314414E-02  6.79710298E-04
3.99739142E-01  7.65000433E-02  6.58096396E-04
3.99985819E-01  8.02869201E-02  6.91668538E-04
4.00232495E-01  7.69442394E-02  6.52792049E-04
4.00479172E-01  7.70234168E-02  6.62034261E-04
4.00725848E-01  7.57332072E-02  6.68638211E-04
4.00972525E-01  7.68007413E-02  6.51593378E-04
4.01219201E-01  7.95612782E-02  6.51856652E-04
4.01465877E-01  7.85664320E-02  6.54620351E-04
4.01712554E-01  8.24429914E-02  6.73624047E-04
4.01959230E-01  7.69738406E-02  6.53378956E-04
4.02205907E-01  7.92997479E-02  6.54540665E-04
4.02452583E-01  7.77395293E-02  6.60607708E-04
4.02699260E-01  8.10933635E-02  6.71193760E-04
4.02945936E-01  8.30909237E-02  6.81849255E-04
4.03192612E-01  7.91551918E-02  6.57221652E-04
4.03439289E-01  7.62509629E-02  6.57678931E-04
4.03685965E-01  7.80524686E-02  6.73664035E-04
4.03932642E-01  8.04470554E-02  6.70441485E-04
4.04179318E-01  7.69830644E-02  6.39849051E-04
4.04425994E-01  7.81074241E-02  6.52264338E-04
4.04672671E-01  7.92662725E-02  6.61676691E-04
4.04919347E-01  7.77692348E-02  6.51357172E-04
4.05166024E-01  7.92275518E-02  6.64362917E-04
4.05412700E-01  7.97936842E-02  6.70260342E-04
4.05659377E-01  8.00685808E-02  6.65595813E-04
4.05906053E-01  8.16570669E-02  6.85105217E-04
4.06152729E-01  8.04618075E-02  6.63263490E-04
4.06399406E-01  7.96355531E-02  6.56639575E-04
4.06646082E-01  7.80462697E-02  6.64114486E-04
4.06892759E-01  8.06469247E-02  6.76974596E-04
4.07139435E-01  8.09490085E-02  6.60450314E-04
4.07386112E-01  8.22920650E-02  6.84602128E-04
4.07632788E-01  8.15361887E-02  6.85752835E-04
4.07879464E-01  8.30366015E-02  6.76403230E-04
4.08126141E-01  8.03231150E-02  6.70003239E-04
4.08372817E-01  7.88809732E-02  6.47792360E-04
4.08619494E-01  8.21853131E-02  6.61693921E-04
4.08866170E-01  8.10277835E-02  6.82167534E-04
4.09112847E-01  7.80045390E-02  6.42393599E-04
4.09359523E-01  8.06700662E-02  6.57106168E-04
4.09606199E-01  8.15111399E-02  6.75764517E-04
4.09852876E-01  7.80044645E-02  6.38978963E-04
4.10099552E-01  8.06502625E-02  6.66104548E-04
4.10346229E-01  8.11217651E-02  6.83999679E-04
4.10592905E-01  7.95700029E-02  6.69332221E-04
4.10839581E-01  7.70829245E-02  6.52335759E-04
4.11086258E-01  7.88097829E-02  6.68629655E-04
4.11332934E-01  7.77070820E-02  6.67502871E-04
4.11579611E-01  7.74027407E-02  6.42596919E-04
4.11826287E-01  8.04200619E-02  6.64066407E-04
4.12072964E-01  8.04432780E-02  6.56085147E-04
4.12319640E-01  8.36403668E-02  6.60876743E-04
4.12566316E-01  8.25283229E-02  6.81899081E-04
4.12812993E-01  8.58302712E-02  6.77892589E-04
4.13059669E-01  8.32687467E-02  6.82281796E-04
4.13306346E-01  7.74639845E-02  6.51425275E-04
4.13553022E-01  7.85595924E-02  6.59985293E-04
4.13799699E-01  7.94489235E-02  6.84470695E-04
4.14046375E-01  7.72914737E-02  6.61339262E-04
4.14293051E-01  7.68454075E-02  6.49110705E-04
4.14539728E-01  7.77800530E-02  6.47995446E-04
4.14786404E-01  7.66665637E-02  6.29773480E-04
4.15033081E-01  7.94508755E-02  6.69019180E-04
4.15279757E-01  7.60569274E-02  6.53995085E-04
4.15526433E-01  7.86849707E-02  6.78993645E-04
4.15773110E-01  8.10741559E-02  6.48752262E-04
4.16019786E-01  8.11311081E-02  6.80238474E-04
4.16266463E-01  7.70480707E-02  6.47650566E-04
4.16513139E-01  8.08693841E-02  6.77458651E-04
4.16759816E-01  8.21738318E-02  6.48331596E-04
4.17006492E-01  7.63677433E-02  6.56184624E-04
4.17253168E-01  7.84810856E-02  6.58886624E-04
4.17499845E-01  7.84578845E-02  6.60268241E-04
4.17746521E-01  8.04607198E-02  6.87575783E-04
4.17993198E-01  7.55611286E-02  6.40023616E-04
4.18239874E-01  8.18786696E-02  6.85438805E-04
4.18486551E-01  8.20239112E-02  6.61659578E-04
4.18733227E-01  7.95243382E-02  6.51673996E-04
4.18979903E-01  8.13412294E-02  6.57290744E-04
4.19226580E-01  8.18701163E-02  6.66779990E-04
4.19473256E-01  8.01035389E-02  6.63302897E-04
4.19719933E-01  7.79732689E-02  6.39751728E-04
4.19966609E-01  7.63684958E-02  6.27630216E-04
4.20213286E-01  7.77391940E-02  6.50552160E-04
4.20459962E-01  7.81108290E-02  6.51122420E-04
4.20706638E-01  7.92712793E-02  6.49207504E-04
4.20953315E-01  8.02350640E-02  6.65916072E-04
4.21199991E-01  7.97219053E-02  6.54479780E-04
4.21446668E-01  8.10638666E-02  6.73304254E-04
4.21693344E-01  7.81880468E-02  6.31264353E-04
4.21940020E-01  8.43060017E-02  6.87419786E-04
4.22186697E-01  7.86738098E-02  6.48329849E-04
4.22433373E-01  7.89534673E-02  6.73784351E-04
4.22680050E-01  7.53152594E-02  6.23079715E-04
4.22926726E-01  8.22631344E-02  6.91160851E-04
4.23173403E-01  7.68802688E-02  6.65025320E-04
4.23420079E-01  8.19976777E-02  6.64714666E-04
4.23666755E-01  7.92028978E-02  6.65474334E-04
4.23913432E-01  7.95643032E-02  6.36847632E-04
4.24160108E-01  7.97132105E-02  6.63129846E-04
4.24406785E-01  8.00753757E-02  6.55750860E-04
4.24653461E-01  8.11147541E-02  6.53469178E-04
4.24900138E-01  7.88079277E-02  6.32510113E-04
4.25146814E-01  7.94948563E-02  6.74226438E-04
4.25393490E-01  8.10253099E-02  6.77780656E-04
4.25640167E-01  7.99079686E-02  6.52896182E-04
4.25886843E-01  8.17268491E-02  6.72194175E-04
4.26133520E-01  8.11674893E-02  6.68184541E-04
4.26380196E-01  7.85778910E-02  6.71613205E-04
4.26626872E-01  7.83905685E-02  6.56544056E-04
4.26873549E-01  7.97806978E-02  6.64368214E-04
4.27120225E-01  8.04400519E-02  6.61990547E-04
4.27366902E-01  7.98490196E-02  6.76794152E-04
4.27613578E-01  7.65834451E-02  6.34925382E-04
4.27860255E-01  7.56366551E-02  6.54595904E-04
4.28106931E-01  8.17093551E-02  6.54007308E-04
4.28353607E-01  7.72010833E-02  6.48888701E-04
4.28600284E-01  7.98251480E-02  6.65909494E-04
4.28846960E-01  7.89982527E-02  6.55012263E-04
4.29093637E-01  7.59139434E-02  6.50849368E-04
4.29340313E-01  8.17164257E-02  6.62790262E-04
4.29586990E-01  8.27546418E-02  6.78481360E-04
4.29833666E-01  7.90555999E-02  6.49057969E-04
4.30080342E-01  7.94162974E-02  6.77790493E-04
4.30327019E-01  8.05141479E-02  6.60416728E-04
4.30573695E-01  8.05553198E-02  6.65364205E-04
4.30820372E-01  7.76086152E-02  6.63981598E-04
4.31067048E-01  8.31014141E-02  6.78376411E-04
4.31313725E-01  8.20604339E-02  6.69717905E-04
4.31560401E-01  8.27751383E-02  6.62431179E-04
4.31807077E-01  7.92157128E-02  6.72368682E-04
4.32053754E-01  8.32351744E-02  6.77258766E-04
4.32300430E-01  8.42779651E-02  6.78280485E-04
4.32547107E-01  7.88048059E-02  6.54559233E-04
4.32793783E-01  7.81446174E-02  6.45682623E-04
4.33040459E-01  8.20713490E-02  6.72306400E-04
4.33287136E-01  7.97483027E-02  6.45173248E-04
4.33533812E-01  7.87676796E-02  6.47509063E-04
4.33780489E-01  7.84396604E-02  6.71778689E-04
4.34027165E-01  8.05460811E-02  6.69636647E-04
4.34273842E-01  8.14033002E-02  6.51140173E-04
4.34520518E-01  8.18180963E-02  6.57715427E-04
4.34767194E-01  8.15796629E-02  6.68392982E-04
4.35013871E-01  7.98832625E-02  6.59713987E-04
4.35260547E-01  8.16495568E-02  6.87355234E-04
4.35507224E-01  7.71950632E-02  6.34914788E-04
4.35753900E-01  8.30948502E-02  6.85469247E-04
4.36000577E-01  7.94075951E-02  6.57949306E-04
4.36247253E-01  7.99430460E-02  6.56164309E-04
4.36493929E-01  7.69304186E-02  6.52978197E-04
4.36740606E-01  8.19748640E-02  6.71531772E-04
4.36987282E-01  8.19810703E-02  6.63426821E-04
4.37233959E-01  7.60716647E-02  6.45280466E-04
4.37480635E-01  8.22006539E-02  6.66893378E-04
4.37727311E-01  8.49891528E-02  6.76046708E-04
4.37973988E-01  8.36429447E-02  6.96057396E-04
4.38220664E-01  7.85169601E-02  6.34754833E-04
4.38467341E-01  8.16735402E-02  6.51578128E-04
4.38714017E-01  8.29267204E-02  6.73181319E-04
4.38960694E-01  7.83884898E-02  6.40608370E-04
4.39207370E-01  7.80223235E-02  6.75130577E-04
4.39454046E-01  8.10948312E-02  6.72229507E-04
4.39700723E-01  8.14178288E-02  6.69564120E-04
4.39947399E-01  8.19533765E-02  6.72812923E-04
4.40194076E-01  8.18410516E-02  6.71524613E-04
4.40440752E-01  8.00490901E-02  6.51310082E-04
4.40687429E-01  7.61430264E-02  6.40109240E-04
4.40934105E-01  7.98405260E-02  6.60925230E-04
4.41180781E-01  7.82108530E-02  6.45969936E-04
4.41427458E-01  8.03000703E-02  6.49028458E-04
4.41674134E-01  8.14640969E-02  6.60558464E-04
4.41920811E-01  8.30904543E-02  6.60384947E-04
4.42167487E-01  8.11856017E-02  6.68103748E-04
4.42414164E-01  8.20572525E-02  6.70795678E-04
4.42660840E-01  8.10313299E-02  6.69961446E-04
4.42907516E-01  8.08792934E-02  6.51581388E-04
4.43154193E-01  7.90455565E-02  6.59853627E-04
4.43400869E-01  8.21344927E-02  6.58836041E-04
4.43647546E-01  8.19399878E-02  6.63276820E-04
4.43894222E-01  8.13653544E-02  6.66359323E-04
4.44140898E-01  8.09877515E-02  6.69476634E-04
4.44387575E-01  8.13023373E-02  6.70284149E-04
4.44634251E-01  8.14989358E-02  6.62916747E-04
4.44880928E-01  8.02907720E-02  6.58447796E-04
4.45127604E-01  8.19396824E-02  6.63896906E-04
4.45374281E-01  7.93103278E-02  6.54615753E-04
4.45620957E-01  8.14890265E-02  6.58704666E-04
4.45867633E-01  8.02547783E-02  6.40936603E-04
4.46114310E-01  8.14627483E-02  6.53521391E-04
4.46360986E-01  7.90699795E-02  6.58843725E-04
4.46607663E-01  8.19552243E-02  6.71321992E-04
4.46854339E-01  7.94593543E-02  6.66878128E-04
4.47101016E-01  8.09531882E-02  6.67448563E-04
4.47347692E-01  8.03933293E-02  6.48305635E-04
4.47594368E-01  7.71322176E-02  6.48064306E-04
4.47841045E-01  8.16159099E-02  6.76662661E-04
4.48087721E-01  8.13627392E-02  6.71284448E-04
4.48334398E-01  8.22596326E-02  6.74110430E-04
4.48581074E-01  8.24933723E-02  6.68669236E-04
4.48827751E-01  8.25209320E-02  6.51562877E-04
4.49074427E-01  8.10977668E-02  6.79323799E-04
4.49321103E-01  8.27918649E-02  6.67483371E-04
4.49567780E-01  7.97612146E-02  6.55706157E-04
4.49814456E-01  8.23507085E-02  6.64441381E-04
4.50061133E-01  8.43908712E-02  6.69057423E-04
4.50307809E-01  8.06541592E-02  6.68341469E-04
4.50554485E-01  8.17023218E-02  6.72975904E-04
4.50801162E-01  7.73331374E-02  6.56130549E-04
4.51047838E-01  8.09655264E-02  6.63129613E-04
4.51294515E-01  8.49893689E-02  6.92977221E-04
4.51541191E-01  8.22190717E-02  6.64219377E-04
4.51787868E-01  7.93317258E-02  6.62085135E-04
4.52034544E-01  8.02674368E-02  6.50663744E-04
4.52281220E-01  8.10848475E-02  6.60882040E-04
4.52527897E-01  8.57382044E-02  6.68041466E-04
4.52774573E-01  8.23358074E-02  6.35660486E-04
4.53021250E-01  7.92840943E-02  6.47787761E-04
4.53267926E-01  8.32160860E-02  6.52414572E-04
4.53514603E-01  8.14353973E-02  6.57511933E-04
4.53761279E-01  8.16966370E-02  6.54838339E-04
4.54007955E-01  8.25106800E-02  6.57604076E-04
4.54254632E-01  8.36583525E-02  6.65985572E-04
4.54501308E-01  8.17103460E-02  6.43988838E-04
4.54747985E-01  8.08734447E-02  6.42407278E-04
4.54994661E-01  8.02517906E-02  6.62531587E-04
4.55241337E-01  7.92533159E-02  6.33277639E-04
4.55488014E-01  8.29291642E-02  6.51256472E-04
4.55734690E-01  8.08406398E-02  6.36750134E-04
4.55981367E-01  7.99664482E-02  6.48124202E-04
4.56228043E-01  8.28163773E-02  6.56474789E-04
4.56474720E-01  8.34765211E-02  6.59864862E-04
4.56721396E-01  8.27568546E-02  6.33667223E-04
4.56968072E-01  8.30275565E-02  6.45502645E-04
4.57214749E-01  8.28456953E-02  6.52075745E-04
4.57461425E-01  8.32179040E-02  6.62461447E-04
4.57708102E-01  8.18734467E-02  6.59631274E-04
4.57954778E-01  8.58603492E-02  6.70891022E-04
4.58201455E-01  8.23874027E-02  6.63663901E-04


### HEADER:
#
#{
#    "analysis": {},
#    "calibration_params": {
#        "Beam_Center_X": 1092.0,
#        "Beam_Center_Y": 2091.0,
#        "Detector Tilt": 0.0,
#        "Detector Tilt Plane Rotation": 0.0,
#        "Detector_X_Pixel_Size": 75.0,
#        "Detector_Y_Pixel_Size": 75.0,
#        "Integration Method": "nosplit_csr",
#        "Radial_Average_Method": "pyFAI",
#        "Sample-to-detector distance (mm)": 1731.0,
#        "Wavelength (A)": 1.0993212460550197
#    },
#    "config_file": "/mnt/home/chess_id7a/.RAW/backup.cfg",
#    "counters": {
#        "Epoch": "111.459",
#        "I1": "0",
#        "I2": "0",
#        "I3": "0",
#        "Seconds": "1",
#        "Time": "2.00272e-05",
#        "date": "Fri May 17 16:42:02 2024",
#        "diode": "15926"
#    },
#    "filename": "D1M0009_80C_100MPa_up_2_data_000001_00001.h5",
#    "history": {},
#    "imageHeader": {},
#    "load_path": "/nfs/chess/daq/current/id7a/Budin_05_16_24/D1M0009/D1M0009_80C_100MPa_up_2_data_000001.h5",
#    "normalizations": {
#        "Absolute_scale": {
#            "Absolute_scale_factor": 0.01111656324368444,
#            "Method": "Water"
#        },
#        "Counter_norms": [
#            [
#                "/",
#                "diode/150000"
#            ]
#        ],
#        "Polarization": {
#            "Used": false
#        },
#        "Solid_Angle_Correction": "On"
#    },
#    "raw_version": "2.1.4"
#}

