### DATA:
#
# 1823
#      Q             I(Q)           Error     
8.75701299E-03  0.00000000E+00  0.00000000E+00
9.00368942E-03  1.41118448E-02  2.68353708E-03
9.25036584E-03  1.14420382E-02  1.75772968E-03
9.49704226E-03  1.85218025E-02  2.69132550E-03
9.74371868E-03  1.44325774E-02  2.09716451E-03
9.99039511E-03  2.75181197E-02  2.72168964E-03
1.02370715E-02  3.65625434E-02  3.21889226E-03
1.04837480E-02  2.94961073E-02  2.78038229E-03
1.07304244E-02  6.41974211E-02  4.87398356E-03
1.09771008E-02  6.11881875E-02  4.61588893E-03
1.12237772E-02  9.59166363E-02  6.87804166E-03
1.14704536E-02  1.03125252E-01  8.28159787E-03
1.17171301E-02  1.36708841E-01  9.33314394E-03
1.19638065E-02  2.17176408E-01  1.73985008E-02
1.22104829E-02  3.49147588E-01  2.73522455E-02
1.24571593E-02  3.15091019E+01  3.08958817E+00
1.27038358E-02  5.75484581E+01  5.49709892E+00
1.29505122E-02  6.91080551E+01  5.72165346E+00
1.31971886E-02  5.21206589E+01  4.16824532E+00
1.34438650E-02  4.81087799E+01  3.74731684E+00
1.36905414E-02  4.30236969E+01  3.25718498E+00
1.39372179E-02  3.36040039E+01  2.48957610E+00
1.41838943E-02  3.11371422E+01  2.22035265E+00
1.44305707E-02  2.43319321E+01  1.66727531E+00
1.46772471E-02  2.13914375E+01  1.42495918E+00
1.49239236E-02  1.88220997E+01  1.21765375E+00
1.51706000E-02  1.51448269E+01  9.67950702E-01
1.54172764E-02  1.46677532E+01  9.26410198E-01
1.56639528E-02  1.22742615E+01  7.61636555E-01
1.59106292E-02  1.16297636E+01  7.12222397E-01
1.61573057E-02  1.10099325E+01  6.58809125E-01
1.64039821E-02  8.91508102E+00  5.26072800E-01
1.66506585E-02  9.02009010E+00  5.17508268E-01
1.68973349E-02  7.08250904E+00  3.96328658E-01
1.71440114E-02  7.19291067E+00  3.82209867E-01
1.73906878E-02  6.14396906E+00  3.14047128E-01
1.76373642E-02  5.83844519E+00  2.95902371E-01
1.78840406E-02  5.26306486E+00  2.61129498E-01
1.81307170E-02  4.52088165E+00  2.19158784E-01
1.83773935E-02  4.54422092E+00  2.22570255E-01
1.86240699E-02  4.08946753E+00  1.96682140E-01
1.88707463E-02  3.78481698E+00  1.83238581E-01
1.91174227E-02  3.41248226E+00  1.65052965E-01
1.93640992E-02  3.00688338E+00  1.42442495E-01
1.96107756E-02  2.81993628E+00  1.35336235E-01
1.98574520E-02  2.52052140E+00  1.10406578E-01
2.01041284E-02  2.24311471E+00  9.77067798E-02
2.03508048E-02  2.00183511E+00  8.67866352E-02
2.05974813E-02  1.73824561E+00  7.26439208E-02
2.08441577E-02  1.57419860E+00  6.72255307E-02
2.10908341E-02  1.38511229E+00  5.74102178E-02
2.13375105E-02  1.34543931E+00  5.60902469E-02
2.15841870E-02  1.28925645E+00  5.10862842E-02
2.18308634E-02  1.19396508E+00  4.61068451E-02
2.20775398E-02  1.07481146E+00  4.07714620E-02
2.23242162E-02  1.00585318E+00  3.56157236E-02
2.25708926E-02  9.51000214E-01  3.53861749E-02
2.28175691E-02  8.65118563E-01  3.06398273E-02
2.30642455E-02  8.56959462E-01  2.85920557E-02
2.33109219E-02  8.05097818E-01  2.63574738E-02
2.35575983E-02  7.38216877E-01  2.33425610E-02
2.38042748E-02  7.22639859E-01  2.33897436E-02
2.40509512E-02  6.31344616E-01  1.95513759E-02
2.42976276E-02  5.89983761E-01  1.78667549E-02
2.45443040E-02  5.64582348E-01  1.60028059E-02
2.47909804E-02  5.47674239E-01  1.43090142E-02
2.50376569E-02  5.27822077E-01  1.36678070E-02
2.52843333E-02  4.90170062E-01  1.24950223E-02
2.55310097E-02  4.80273455E-01  1.19163683E-02
2.57776861E-02  4.68114913E-01  1.05945850E-02
2.60243626E-02  4.10975695E-01  9.14949737E-03
2.62710390E-02  4.12782967E-01  8.93042795E-03
2.65177154E-02  4.12904888E-01  8.04412272E-03
2.67643918E-02  3.77250850E-01  7.56547693E-03
2.70110682E-02  3.80136698E-01  7.77781755E-03
2.72577447E-02  3.56481910E-01  6.88657630E-03
2.75044211E-02  3.65591109E-01  7.29791960E-03
2.77510975E-02  3.31592709E-01  5.88074885E-03
2.79977739E-02  3.31980973E-01  6.26890641E-03
2.82444504E-02  3.15442532E-01  5.69007173E-03
2.84911268E-02  3.12532336E-01  5.47707453E-03
2.87378032E-02  3.02928388E-01  5.27955638E-03
2.89844796E-02  2.80386060E-01  4.39548632E-03
2.92311561E-02  2.87419379E-01  4.87325853E-03
2.94778325E-02  2.88284868E-01  4.89476975E-03
2.97245089E-02  2.72605300E-01  4.49425727E-03
2.99711853E-02  2.68546820E-01  4.02181689E-03
3.02178617E-02  2.46609613E-01  3.68530327E-03
3.04645382E-02  2.42967412E-01  3.38401226E-03
3.07112146E-02  2.46064186E-01  3.53741436E-03
3.09578910E-02  2.28678405E-01  3.25454911E-03
3.12045674E-02  2.36173943E-01  3.18833906E-03
3.14512439E-02  2.34815195E-01  2.93485029E-03
3.16979203E-02  2.34001771E-01  2.98758782E-03
3.19445967E-02  2.33319014E-01  3.02213011E-03
3.21912731E-02  2.29619905E-01  2.79490463E-03
3.24379495E-02  2.23967284E-01  2.69624148E-03
3.26846260E-02  2.22176254E-01  2.76189088E-03
3.29313024E-02  2.19843820E-01  2.72486941E-03
3.31779788E-02  2.13315934E-01  2.46583251E-03
3.34246552E-02  2.10364684E-01  2.46953894E-03
3.36713317E-02  2.10388049E-01  2.47388519E-03
3.39180081E-02  2.07498014E-01  2.42355629E-03
3.41646845E-02  2.05061451E-01  2.36211764E-03
3.44113609E-02  2.02778935E-01  2.23907223E-03
3.46580373E-02  2.10411116E-01  2.42398446E-03
3.49047138E-02  1.98902145E-01  2.19347561E-03
3.51513902E-02  1.97624370E-01  2.14872672E-03
3.53980666E-02  2.01727211E-01  2.18756311E-03
3.56447430E-02  2.03073964E-01  2.01671361E-03
3.58914195E-02  2.01354384E-01  2.08886736E-03
3.61380959E-02  1.89305991E-01  2.08924897E-03
3.63847723E-02  1.94580108E-01  2.04593875E-03
3.66314487E-02  1.97975785E-01  1.97978434E-03
3.68781251E-02  1.87198445E-01  1.95572129E-03
3.71248016E-02  1.93336651E-01  1.94629550E-03
3.73714780E-02  1.96834981E-01  2.07369868E-03
3.76181544E-02  1.91610649E-01  1.87549111E-03
3.78648308E-02  1.95199788E-01  1.97143457E-03
3.81115073E-02  1.98982835E-01  1.82617654E-03
3.83581837E-02  1.96643651E-01  1.98992551E-03
3.86048601E-02  2.03449935E-01  1.91084109E-03
3.88515365E-02  1.97196737E-01  1.92952331E-03
3.90982129E-02  1.91030622E-01  1.88637921E-03
3.93448894E-02  1.95293248E-01  1.95322535E-03
3.95915658E-02  1.89230114E-01  1.75592490E-03
3.98382422E-02  1.90776587E-01  1.90244149E-03
4.00849186E-02  1.99728712E-01  1.84426981E-03
4.03315951E-02  1.98300540E-01  1.82487431E-03
4.05782715E-02  2.02199921E-01  1.94011303E-03
4.08249479E-02  1.97121158E-01  1.82300538E-03
4.10716243E-02  1.97580382E-01  1.77901087E-03
4.13183007E-02  2.00882897E-01  1.85309944E-03
4.15649772E-02  2.00711057E-01  1.86841807E-03
4.18116536E-02  1.92770645E-01  1.80399464E-03
4.20583300E-02  1.83755562E-01  1.76811428E-03
4.23050064E-02  2.03876898E-01  1.76814827E-03
4.25516829E-02  2.01283261E-01  1.78926915E-03
4.27983593E-02  1.88980654E-01  1.74027204E-03
4.30450357E-02  1.87652394E-01  1.72455877E-03
4.32917121E-02  1.94990531E-01  1.82150828E-03
4.35383885E-02  2.00305656E-01  1.78750476E-03
4.37850650E-02  1.88258886E-01  1.80316158E-03
4.40317414E-02  1.84755296E-01  1.72850327E-03
4.42784178E-02  1.98370293E-01  1.87399774E-03
4.45250942E-02  1.93320796E-01  1.72854750E-03
4.47717707E-02  1.90290511E-01  1.71812985E-03
4.50184471E-02  2.00516433E-01  1.71292806E-03
4.52651235E-02  1.88858137E-01  1.71889900E-03
4.55117999E-02  1.90527305E-01  1.61476131E-03
4.57584764E-02  1.99183822E-01  1.72089273E-03
4.60051528E-02  2.02311128E-01  1.73718552E-03
4.62518292E-02  1.94620520E-01  1.72378425E-03
4.64985056E-02  1.95282817E-01  1.74221338E-03
4.67451820E-02  1.99693099E-01  1.80163351E-03
4.69918585E-02  2.01878771E-01  1.78387086E-03
4.72385349E-02  1.92018747E-01  1.72457553E-03
4.74852113E-02  1.94129825E-01  1.69990992E-03
4.77318877E-02  2.02626199E-01  1.65076705E-03
4.79785642E-02  1.97510287E-01  1.70153228E-03
4.82252406E-02  1.97960049E-01  1.58354943E-03
4.84719170E-02  1.98744133E-01  1.69359392E-03
4.87185934E-02  1.90874651E-01  1.72350870E-03
4.89652698E-02  1.89247131E-01  1.67869870E-03
4.92119463E-02  1.99122742E-01  1.79636001E-03
4.94586227E-02  2.04083622E-01  1.69827451E-03
4.97052991E-02  1.90394223E-01  1.61725876E-03
4.99519755E-02  2.03077301E-01  1.70466269E-03
5.01986520E-02  1.97877079E-01  1.62415684E-03
5.04453284E-02  1.99880704E-01  1.70060212E-03
5.06920048E-02  1.95749864E-01  1.57247065E-03
5.09386812E-02  1.90941632E-01  1.66158995E-03
5.11853576E-02  2.00780109E-01  1.60751096E-03
5.14320341E-02  2.04384476E-01  1.55760115E-03
5.16787105E-02  2.03186050E-01  1.63266470E-03
5.19253869E-02  2.05311075E-01  1.65482960E-03
5.21720633E-02  2.09269956E-01  1.66879757E-03
5.24187398E-02  2.07885548E-01  1.68853602E-03
5.26654162E-02  2.01157227E-01  1.58119877E-03
5.29120926E-02  2.08022282E-01  1.67176884E-03
5.31587690E-02  2.07774505E-01  1.66304235E-03
5.34054454E-02  2.03653485E-01  1.63648964E-03
5.36521219E-02  2.07480997E-01  1.65617210E-03
5.38987983E-02  2.16346636E-01  1.80639664E-03
5.41454747E-02  2.28040665E-01  1.77033723E-03
5.43921511E-02  2.12933630E-01  1.71186298E-03
5.46388276E-02  2.09757686E-01  1.71997410E-03
5.48855040E-02  2.14318275E-01  1.66686438E-03
5.51321804E-02  2.09171012E-01  1.66902563E-03
5.53788568E-02  2.22706109E-01  1.63828896E-03
5.56255332E-02  2.18205631E-01  1.61254569E-03
5.58722097E-02  2.21990138E-01  1.70964841E-03
5.61188861E-02  2.28748575E-01  1.66120264E-03
5.63655625E-02  2.26687074E-01  1.76421879E-03
5.66122389E-02  2.19216272E-01  1.72463129E-03
5.68589154E-02  2.23536924E-01  1.72835344E-03
5.71055918E-02  2.31376171E-01  1.63732469E-03
5.73522682E-02  2.32162073E-01  1.65925198E-03
5.75989446E-02  2.38203868E-01  1.70824653E-03
5.78456210E-02  2.35232666E-01  1.76466582E-03
5.80922975E-02  2.36845776E-01  1.76467164E-03
5.83389739E-02  2.33716980E-01  1.82332564E-03
5.85856503E-02  2.35471204E-01  1.72045780E-03
5.88323267E-02  2.39547893E-01  1.70859962E-03
5.90790032E-02  2.35090628E-01  1.72352872E-03
5.93256796E-02  2.46918797E-01  1.77814171E-03
5.95723560E-02  2.49857575E-01  1.78690348E-03
5.98190324E-02  2.37972274E-01  1.66254968E-03
6.00657088E-02  2.41547346E-01  1.75353850E-03
6.03123853E-02  2.50005543E-01  1.79543009E-03
6.05590617E-02  2.54386932E-01  1.80934207E-03
6.08057381E-02  2.51306176E-01  1.76704791E-03
6.10524145E-02  2.54419178E-01  1.80140836E-03
6.12990910E-02  2.54924893E-01  1.73884793E-03
6.15457674E-02  2.53051549E-01  1.65515707E-03
6.17924438E-02  2.61207074E-01  1.81088701E-03
6.20391202E-02  2.61918157E-01  1.73676515E-03
6.22857966E-02  2.71629602E-01  1.76778156E-03
6.25324731E-02  2.73502916E-01  1.83230941E-03
6.27791495E-02  2.59034544E-01  1.73682510E-03
6.30258259E-02  2.65397996E-01  1.73126440E-03
6.32725023E-02  2.65321881E-01  1.85143831E-03
6.35191788E-02  2.65682936E-01  1.72529812E-03
6.37658552E-02  2.67932326E-01  1.86453806E-03
6.40125316E-02  2.69657910E-01  1.77690294E-03
6.42592080E-02  2.64813602E-01  1.73419900E-03
6.45058845E-02  2.66781360E-01  1.75986264E-03
6.47525609E-02  2.83318281E-01  1.82971684E-03
6.49992373E-02  2.78758258E-01  1.80022616E-03
6.52459137E-02  2.84441739E-01  1.86661037E-03
6.54925901E-02  2.88717031E-01  1.85575429E-03
6.57392666E-02  2.94588655E-01  1.88199838E-03
6.59859430E-02  2.83821732E-01  1.81048736E-03
6.62326194E-02  2.85451055E-01  1.85262319E-03
6.64792958E-02  2.95088589E-01  1.82802044E-03
6.67259723E-02  2.98607349E-01  1.90580555E-03
6.69726487E-02  3.07291687E-01  1.90397189E-03
6.72193251E-02  3.09169173E-01  1.92234188E-03
6.74660015E-02  3.03644270E-01  1.92477787E-03
6.77126779E-02  3.18930060E-01  1.96439959E-03
6.79593544E-02  3.06689888E-01  1.89978874E-03
6.82060308E-02  3.08882236E-01  1.85546710E-03
6.84527072E-02  3.18773091E-01  1.93945260E-03
6.86993836E-02  3.17689687E-01  1.93498307E-03
6.89460601E-02  3.17685634E-01  1.85656175E-03
6.91927365E-02  3.20452005E-01  1.94518641E-03
6.94394129E-02  3.21253598E-01  1.89358997E-03
6.96860893E-02  3.30323815E-01  1.99903711E-03
6.99327657E-02  3.41316134E-01  1.97218684E-03
7.01794422E-02  3.28510255E-01  1.87655981E-03
7.04261186E-02  3.30497712E-01  1.95416296E-03
7.06727950E-02  3.36423844E-01  1.86997536E-03
7.09194714E-02  3.40847194E-01  1.87105592E-03
7.11661479E-02  3.34883124E-01  1.91173761E-03
7.14128243E-02  3.43094021E-01  1.92047097E-03
7.16595007E-02  3.50543767E-01  1.92431686E-03
7.19061771E-02  3.52008909E-01  1.87595293E-03
7.21528535E-02  3.46665770E-01  1.95173814E-03
7.23995300E-02  3.59135747E-01  1.88917050E-03
7.26462064E-02  3.57228577E-01  2.00389349E-03
7.28928828E-02  3.59778553E-01  2.03847256E-03
7.31395592E-02  3.59762162E-01  1.97155075E-03
7.33862357E-02  3.55709106E-01  1.91966514E-03
7.36329121E-02  3.64273369E-01  1.99922197E-03
7.38795885E-02  3.63768995E-01  1.89641654E-03
7.41262649E-02  3.60899359E-01  1.91197963E-03
7.43729413E-02  3.62842530E-01  1.87742279E-03
7.46196178E-02  3.67461383E-01  1.91783370E-03
7.48662942E-02  3.63895386E-01  1.92393863E-03
7.51129706E-02  3.77551734E-01  2.04302324E-03
7.53596470E-02  3.69244754E-01  1.94205961E-03
7.56063235E-02  3.76276106E-01  1.97316310E-03
7.58529999E-02  3.80862057E-01  2.10105442E-03
7.60996763E-02  3.83118272E-01  2.01671803E-03
7.63463527E-02  3.97317499E-01  2.07935413E-03
7.65930291E-02  3.85684907E-01  1.94886746E-03
7.68397056E-02  3.80408853E-01  2.00919551E-03
7.70863820E-02  3.90427887E-01  2.02448573E-03
7.73330584E-02  3.92836422E-01  1.98473874E-03
7.75797348E-02  4.00419682E-01  1.96694280E-03
7.78264113E-02  4.04510111E-01  1.94249081E-03
7.80730877E-02  3.87711138E-01  2.05834606E-03
7.83197641E-02  3.95025104E-01  2.04719044E-03
7.85664405E-02  3.98552686E-01  2.06643040E-03
7.88131169E-02  3.94982189E-01  1.92796451E-03
7.90597934E-02  4.14768666E-01  1.99323567E-03
7.93064698E-02  4.14483666E-01  2.01009167E-03
7.95531462E-02  4.04749721E-01  1.99470809E-03
7.97998226E-02  4.12979603E-01  1.95567077E-03
8.00464991E-02  4.17842001E-01  2.11782451E-03
8.02931755E-02  4.04715031E-01  1.95975648E-03
8.05398519E-02  4.16743517E-01  2.00874545E-03
8.07865283E-02  4.18546021E-01  1.93169201E-03
8.10332047E-02  4.16937381E-01  1.98312267E-03
8.12798812E-02  4.19557631E-01  2.07160134E-03
8.15265576E-02  4.18509185E-01  1.90634141E-03
8.17732340E-02  4.25240576E-01  2.05700728E-03
8.20199104E-02  4.28076118E-01  2.00658129E-03
8.22665869E-02  4.25885469E-01  2.01936997E-03
8.25132633E-02  4.32316422E-01  2.09417939E-03
8.27599397E-02  4.20337021E-01  1.97017076E-03
8.30066161E-02  4.27150816E-01  1.93741079E-03
8.32532926E-02  4.28685248E-01  1.95097143E-03
8.34999690E-02  4.32589829E-01  2.04730174E-03
8.37466454E-02  4.25886214E-01  1.98223442E-03
8.39933218E-02  4.28068280E-01  1.90723129E-03
8.42399982E-02  4.33857560E-01  1.96526595E-03
8.44866747E-02  4.29699808E-01  1.90972351E-03
8.47333511E-02  4.33393896E-01  2.03871285E-03
8.49800275E-02  4.31025296E-01  2.10777018E-03
8.52267039E-02  4.40363586E-01  2.01842026E-03
8.54733804E-02  4.28312242E-01  1.97670865E-03
8.57200568E-02  4.36613798E-01  1.96852512E-03
8.59667332E-02  4.32209194E-01  1.99602614E-03
8.62134096E-02  4.45867330E-01  1.94599875E-03
8.64600860E-02  4.31116611E-01  1.92959723E-03
8.67067625E-02  4.22979653E-01  2.03144760E-03
8.69534389E-02  4.35021728E-01  1.98266376E-03
8.72001153E-02  4.38540250E-01  2.00703763E-03
8.74467917E-02  4.31034744E-01  2.00342876E-03
8.76934682E-02  4.20573920E-01  1.91179547E-03
8.79401446E-02  4.17471558E-01  1.95673481E-03
8.81868210E-02  4.33375478E-01  1.95500371E-03
8.84334974E-02  4.31862265E-01  1.90648378E-03
8.86801738E-02  4.33274806E-01  1.88302482E-03
8.89268503E-02  4.26091909E-01  1.98271289E-03
8.91735267E-02  4.31344807E-01  1.90035976E-03
8.94202031E-02  4.38551903E-01  1.89714960E-03
8.96668795E-02  4.39195633E-01  2.04536528E-03
8.99135560E-02  4.31472301E-01  1.93427957E-03
9.01602324E-02  4.42151695E-01  1.99739356E-03
9.04069088E-02  4.32571769E-01  1.94661575E-03
9.06535852E-02  4.27501291E-01  1.91088219E-03
9.09002616E-02  4.31988001E-01  1.99510739E-03
9.11469381E-02  4.35297906E-01  1.98347471E-03
9.13936145E-02  4.26583916E-01  1.90462708E-03
9.16402909E-02  4.27220792E-01  1.87730591E-03
9.18869673E-02  4.36197609E-01  1.95179821E-03
9.21336438E-02  4.41950619E-01  1.86569570E-03
9.23803202E-02  4.30780470E-01  1.89985079E-03
9.26269966E-02  4.34084028E-01  1.94313389E-03
9.28736730E-02  4.33711439E-01  1.90033636E-03
9.31203494E-02  4.34503168E-01  1.96988834E-03
9.33670259E-02  4.30554718E-01  1.88428839E-03
9.36137023E-02  4.36100960E-01  1.87276106E-03
9.38603787E-02  4.38118428E-01  1.89762819E-03
9.41070551E-02  4.33514774E-01  1.92930573E-03
9.43537316E-02  4.36137497E-01  1.90524536E-03
9.46004080E-02  4.46732521E-01  1.89745275E-03
9.48470844E-02  4.43122238E-01  1.90279598E-03
9.50937608E-02  4.46663529E-01  1.98079203E-03
9.53404372E-02  4.38195884E-01  1.85703905E-03
9.55871137E-02  4.31077451E-01  1.91131246E-03
9.58337901E-02  4.42755371E-01  1.91286090E-03
9.60804665E-02  4.35323924E-01  1.88195752E-03
9.63271429E-02  4.39744860E-01  1.94567174E-03
9.65738194E-02  4.43335116E-01  1.92200381E-03
9.68204958E-02  4.44601923E-01  1.92277192E-03
9.70671722E-02  4.34961706E-01  1.86517765E-03
9.73138486E-02  4.42167908E-01  1.93611707E-03
9.75605250E-02  4.35954511E-01  1.89742842E-03
9.78072015E-02  4.39728439E-01  1.92598847E-03
9.80538779E-02  4.39488620E-01  1.88407511E-03
9.83005543E-02  4.39679444E-01  1.89999258E-03
9.85472307E-02  4.32726920E-01  1.94143609E-03
9.87939072E-02  4.40553904E-01  1.96233299E-03
9.90405836E-02  4.35966432E-01  1.91896153E-03
9.92872600E-02  4.33247238E-01  1.81112939E-03
9.95339364E-02  4.34759676E-01  1.85973337E-03
9.97806128E-02  4.29798365E-01  1.82172284E-03
1.00027289E-01  4.26640421E-01  1.86349044E-03
1.00273966E-01  4.32772875E-01  1.78138423E-03
1.00520642E-01  4.44091022E-01  1.89297309E-03
1.00767319E-01  4.34117645E-01  1.83607941E-03
1.01013995E-01  4.40212071E-01  1.86217669E-03
1.01260671E-01  4.38307434E-01  1.86196552E-03
1.01507348E-01  4.41140860E-01  1.88318547E-03
1.01754024E-01  4.38432634E-01  1.89379288E-03
1.02000701E-01  4.25649285E-01  1.79992756E-03
1.02247377E-01  4.40212905E-01  1.83725543E-03
1.02494053E-01  4.39064533E-01  1.85543566E-03
1.02740730E-01  4.37191308E-01  1.83043128E-03
1.02987406E-01  4.32403028E-01  1.88680040E-03
1.03234083E-01  4.39600527E-01  1.87775760E-03
1.03480759E-01  4.30707932E-01  1.78084348E-03
1.03727436E-01  4.28379476E-01  1.76772033E-03
1.03974112E-01  4.26672012E-01  1.78195559E-03
1.04220788E-01  4.30749089E-01  1.83554331E-03
1.04467465E-01  4.23707992E-01  1.74879737E-03
1.04714141E-01  4.30144519E-01  1.81726762E-03
1.04960818E-01  4.37383056E-01  1.82563404E-03
1.05207494E-01  4.33752298E-01  1.77985081E-03
1.05454171E-01  4.30377901E-01  1.86524924E-03
1.05700847E-01  4.34721291E-01  1.78528368E-03
1.05947523E-01  4.38107759E-01  1.84088037E-03
1.06194200E-01  4.36519444E-01  1.81322556E-03
1.06440876E-01  4.33377683E-01  1.78329810E-03
1.06687553E-01  4.24556226E-01  1.80983101E-03
1.06934229E-01  4.42861676E-01  1.86407217E-03
1.07180906E-01  4.42340463E-01  1.82275102E-03
1.07427582E-01  4.29535151E-01  1.73387583E-03
1.07674258E-01  4.25655544E-01  1.74736266E-03
1.07920935E-01  4.31971371E-01  1.80499756E-03
1.08167611E-01  4.34651196E-01  1.81169494E-03
1.08414288E-01  4.25826162E-01  1.80500373E-03
1.08660964E-01  4.42052692E-01  1.80046167E-03
1.08907640E-01  4.18907136E-01  1.85396848E-03
1.09154317E-01  4.31963086E-01  1.81070564E-03
1.09400993E-01  4.31615859E-01  1.85612030E-03
1.09647670E-01  4.38472003E-01  1.93891185E-03
1.09894346E-01  4.16308135E-01  1.80107972E-03
1.10141023E-01  4.32598948E-01  1.83252303E-03
1.10387699E-01  4.22288060E-01  1.88108289E-03
1.10634375E-01  4.33817476E-01  1.87386724E-03
1.10881052E-01  4.26702768E-01  1.84076710E-03
1.11127728E-01  4.35058683E-01  1.83934567E-03
1.11374405E-01  4.13068891E-01  1.84243114E-03
1.11621081E-01  4.23596025E-01  1.77367136E-03
1.11867758E-01  4.29957420E-01  1.95249356E-03
1.12114434E-01  4.22394782E-01  1.74644717E-03
1.12361110E-01  4.21310812E-01  1.89410744E-03
1.12607787E-01  4.24801916E-01  1.93447806E-03
1.12854463E-01  4.21770066E-01  1.85165682E-03
1.13101140E-01  4.16741550E-01  1.89624750E-03
1.13347816E-01  4.28597420E-01  1.93998707E-03
1.13594493E-01  4.20149654E-01  1.89199019E-03
1.13841169E-01  4.19303536E-01  1.93327898E-03
1.14087845E-01  4.16525275E-01  1.88917457E-03
1.14334522E-01  4.17715549E-01  1.84976554E-03
1.14581198E-01  4.19611216E-01  1.94877957E-03
1.14827875E-01  4.23204720E-01  1.84964738E-03
1.15074551E-01  4.19669896E-01  1.90307526E-03
1.15321227E-01  4.24412221E-01  1.89321395E-03
1.15567904E-01  4.24597114E-01  1.86187611E-03
1.15814580E-01  4.09941584E-01  1.92351756E-03
1.16061257E-01  4.11301285E-01  1.92331523E-03
1.16307933E-01  4.13301468E-01  2.02196487E-03
1.16554610E-01  4.16546911E-01  1.88891892E-03
1.16801286E-01  4.18591946E-01  1.87982328E-03
1.17047962E-01  4.20863986E-01  1.90343126E-03
1.17294639E-01  4.16834652E-01  1.89258088E-03
1.17541315E-01  4.19160575E-01  1.93970895E-03
1.17787992E-01  4.08946842E-01  2.00115377E-03
1.18034668E-01  4.10770416E-01  1.85955432E-03
1.18281345E-01  4.06554341E-01  1.86525378E-03
1.18528021E-01  4.00776684E-01  1.79600855E-03
1.18774697E-01  4.03998464E-01  1.82813162E-03
1.19021374E-01  4.04506028E-01  1.82674616E-03
1.19268050E-01  4.03631657E-01  1.84752012E-03
1.19514727E-01  4.13108855E-01  1.75786007E-03
1.19761403E-01  4.10662830E-01  1.76409259E-03
1.20008079E-01  4.00098622E-01  1.82316161E-03
1.20254756E-01  4.11752552E-01  1.77166937E-03
1.20501432E-01  4.10444885E-01  1.77300524E-03
1.20748109E-01  4.02370065E-01  1.72709255E-03
1.20994785E-01  3.97882670E-01  1.79167150E-03
1.21241462E-01  4.08011198E-01  1.76096254E-03
1.21488138E-01  4.01863515E-01  1.71209057E-03
1.21734814E-01  4.01804745E-01  1.72232452E-03
1.21981491E-01  3.98170918E-01  1.70826842E-03
1.22228167E-01  3.93758863E-01  1.75993994E-03
1.22474844E-01  3.97790849E-01  1.74453354E-03
1.22721520E-01  3.98113728E-01  1.73098291E-03
1.22968197E-01  3.91867131E-01  1.69988768E-03
1.23214873E-01  3.97049099E-01  1.74921239E-03
1.23461549E-01  3.89594257E-01  1.68612611E-03
1.23708226E-01  3.99108052E-01  1.67985784E-03
1.23954902E-01  3.88839513E-01  1.69108005E-03
1.24201579E-01  3.91199797E-01  1.67774421E-03
1.24448255E-01  3.96331280E-01  1.69293769E-03
1.24694932E-01  3.94845873E-01  1.70166208E-03
1.24941608E-01  3.91110390E-01  1.66727160E-03
1.25188284E-01  3.92190665E-01  1.67747948E-03
1.25434961E-01  3.87777507E-01  1.64686132E-03
1.25681637E-01  3.78209949E-01  1.62583496E-03
1.25928314E-01  3.87096882E-01  1.69976149E-03
1.26174990E-01  3.81719112E-01  1.63235655E-03
1.26421666E-01  3.88990074E-01  1.61993026E-03
1.26668343E-01  3.82389039E-01  1.62622251E-03
1.26915019E-01  3.82462323E-01  1.66532386E-03
1.27161696E-01  3.73206198E-01  1.61158713E-03
1.27408372E-01  3.73128533E-01  1.70876749E-03
1.27655049E-01  3.74332696E-01  1.65319617E-03
1.27901725E-01  3.85536134E-01  1.64753175E-03
1.28148401E-01  3.68683517E-01  1.62153179E-03
1.28395078E-01  3.83127928E-01  1.63247611E-03
1.28641754E-01  3.78423572E-01  1.61925354E-03
1.28888431E-01  3.71749133E-01  1.62045727E-03
1.29135107E-01  3.80469739E-01  1.66525366E-03
1.29381784E-01  3.68831426E-01  1.53135112E-03
1.29628460E-01  3.77312124E-01  1.64306909E-03
1.29875136E-01  3.68461698E-01  1.58727553E-03
1.30121813E-01  3.68135244E-01  1.60150265E-03
1.30368489E-01  3.73264074E-01  1.58972794E-03
1.30615166E-01  3.73157233E-01  1.57087576E-03
1.30861842E-01  3.65498066E-01  1.57881738E-03
1.31108518E-01  3.60771030E-01  1.56172190E-03
1.31355195E-01  3.63769054E-01  1.61041110E-03
1.31601871E-01  3.52992088E-01  1.52754749E-03
1.31848548E-01  3.68642747E-01  1.62064424E-03
1.32095224E-01  3.58553827E-01  1.56442926E-03
1.32341901E-01  3.56801957E-01  1.56031817E-03
1.32588577E-01  3.56713444E-01  1.51991809E-03
1.32835253E-01  3.53290349E-01  1.51752413E-03
1.33081930E-01  3.56412441E-01  1.58867449E-03
1.33328606E-01  3.52405131E-01  1.54880632E-03
1.33575283E-01  3.45597506E-01  1.47881359E-03
1.33821959E-01  3.51291806E-01  1.54225202E-03
1.34068636E-01  3.54742855E-01  1.53981498E-03
1.34315312E-01  3.46255958E-01  1.51944906E-03
1.34561988E-01  3.48399788E-01  1.52494316E-03
1.34808665E-01  3.54039758E-01  1.47919939E-03
1.35055341E-01  3.49001378E-01  1.48141023E-03
1.35302018E-01  3.46083611E-01  1.52697787E-03
1.35548694E-01  3.43747884E-01  1.54869270E-03
1.35795371E-01  3.45746905E-01  1.48262666E-03
1.36042047E-01  3.34478885E-01  1.45609514E-03
1.36288723E-01  3.46463829E-01  1.52716169E-03
1.36535400E-01  3.38825881E-01  1.52883271E-03
1.36782076E-01  3.36790144E-01  1.51607452E-03
1.37028753E-01  3.32049012E-01  1.47791812E-03
1.37275429E-01  3.42230827E-01  1.50350260E-03
1.37522105E-01  3.26774478E-01  1.41696737E-03
1.37768782E-01  3.39443177E-01  1.47702987E-03
1.38015458E-01  3.30497652E-01  1.50095380E-03
1.38262135E-01  3.35818708E-01  1.45794009E-03
1.38508811E-01  3.36843252E-01  1.49338983E-03
1.38755488E-01  3.32834810E-01  1.48881227E-03
1.39002164E-01  3.27743322E-01  1.40603574E-03
1.39248840E-01  3.15730333E-01  1.43980526E-03
1.39495517E-01  3.24579865E-01  1.37226691E-03
1.39742193E-01  3.32665920E-01  1.45671540E-03
1.39988870E-01  3.14134032E-01  1.35687622E-03
1.40235546E-01  3.22431266E-01  1.38975168E-03
1.40482223E-01  3.22966427E-01  1.41294440E-03
1.40728899E-01  3.25517088E-01  1.40273245E-03
1.40975575E-01  3.18226337E-01  1.46453339E-03
1.41222252E-01  3.20844680E-01  1.41533883E-03
1.41468928E-01  3.20430905E-01  1.39160117E-03
1.41715605E-01  3.12217414E-01  1.38113741E-03
1.41962281E-01  3.16138208E-01  1.40287878E-03
1.42208957E-01  3.11481327E-01  1.36900239E-03
1.42455634E-01  3.13730240E-01  1.37459254E-03
1.42702310E-01  3.09018016E-01  1.38988846E-03
1.42948987E-01  3.03900093E-01  1.35048630E-03
1.43195663E-01  3.06545705E-01  1.35692791E-03
1.43442340E-01  3.06939691E-01  1.39023073E-03
1.43689016E-01  3.04901421E-01  1.38744886E-03
1.43935692E-01  3.07552367E-01  1.34791946E-03
1.44182369E-01  3.01964879E-01  1.33315683E-03
1.44429045E-01  3.04256588E-01  1.33104774E-03
1.44675722E-01  3.05903137E-01  1.32717157E-03
1.44922398E-01  2.93426752E-01  1.32636959E-03
1.45169075E-01  3.01832765E-01  1.36362005E-03
1.45415751E-01  2.98108518E-01  1.32037676E-03
1.45662427E-01  3.06921571E-01  1.37527951E-03
1.45909104E-01  2.94376552E-01  1.33639167E-03
1.46155780E-01  2.94898719E-01  1.36403914E-03
1.46402457E-01  2.92785972E-01  1.35637296E-03
1.46649133E-01  2.90070087E-01  1.31005282E-03
1.46895810E-01  3.01193923E-01  1.32113788E-03
1.47142486E-01  2.94598401E-01  1.28573366E-03
1.47389162E-01  2.99792081E-01  1.29553012E-03
1.47635839E-01  3.03699911E-01  1.36075937E-03
1.47882515E-01  2.96578139E-01  1.33712101E-03
1.48129192E-01  2.98232526E-01  1.34200684E-03
1.48375868E-01  3.02987456E-01  1.35748554E-03
1.48622544E-01  3.06545019E-01  1.39740889E-03
1.48869221E-01  3.06493133E-01  1.36086275E-03
1.49115897E-01  3.13076854E-01  1.34852657E-03
1.49362574E-01  3.13451827E-01  1.36380200E-03
1.49609250E-01  3.14048231E-01  1.38465210E-03
1.49855927E-01  3.15021366E-01  1.39136927E-03
1.50102603E-01  3.23739141E-01  1.39399990E-03
1.50349279E-01  3.18737805E-01  1.43956055E-03
1.50595956E-01  3.23080271E-01  1.43807055E-03
1.50842632E-01  3.27922016E-01  1.43671816E-03
1.51089309E-01  3.26398879E-01  1.42139418E-03
1.51335985E-01  3.31560612E-01  1.41784421E-03
1.51582662E-01  3.31845015E-01  1.40805764E-03
1.51829338E-01  3.28012764E-01  1.41895062E-03
1.52076014E-01  3.26199085E-01  1.41181250E-03
1.52322691E-01  3.39411497E-01  1.46990851E-03
1.52569367E-01  3.33685547E-01  1.48950203E-03
1.52816044E-01  3.33751589E-01  1.42715371E-03
1.53062720E-01  3.44893992E-01  1.49507564E-03
1.53309397E-01  3.34539473E-01  1.42954756E-03
1.53556073E-01  3.36585432E-01  1.45648187E-03
1.53802749E-01  3.40591520E-01  1.55539031E-03
1.54049426E-01  3.56100142E-01  1.53537490E-03
1.54296102E-01  3.46396893E-01  1.50262518E-03
1.54542779E-01  3.45082968E-01  1.58056733E-03
1.54789455E-01  3.42230290E-01  1.47039560E-03
1.55036131E-01  3.50806057E-01  1.52309577E-03
1.55282808E-01  3.50297123E-01  1.56584766E-03
1.55529484E-01  3.42607141E-01  1.50445651E-03
1.55776161E-01  3.38781834E-01  1.53052306E-03
1.56022837E-01  3.31905901E-01  1.54233689E-03
1.56269514E-01  3.30732286E-01  1.49905845E-03
1.56516190E-01  3.21190506E-01  1.48288941E-03
1.56762866E-01  3.14699888E-01  1.45054911E-03
1.57009543E-01  2.99978405E-01  1.42620120E-03
1.57256219E-01  3.00784320E-01  1.37861411E-03
1.57502896E-01  2.90417880E-01  1.37490768E-03
1.57749572E-01  2.74047583E-01  1.31469138E-03
1.57996249E-01  2.70967215E-01  1.25936419E-03
1.58242925E-01  2.65879214E-01  1.27271819E-03
1.58489601E-01  2.59026229E-01  1.16777129E-03
1.58736278E-01  2.56094038E-01  1.17584469E-03
1.58982954E-01  2.36447006E-01  1.14677160E-03
1.59229631E-01  2.35180855E-01  1.16990809E-03
1.59476307E-01  2.34815404E-01  1.13247777E-03
1.59722983E-01  2.29943782E-01  1.13824848E-03
1.59969660E-01  2.23705247E-01  1.12247199E-03
1.60216336E-01  2.21833497E-01  1.06827437E-03
1.60463013E-01  2.23532632E-01  1.09143357E-03
1.60709689E-01  2.17801064E-01  1.05623528E-03
1.60956366E-01  2.15853497E-01  1.07859436E-03
1.61203042E-01  2.15461820E-01  1.06185745E-03
1.61449718E-01  2.20073730E-01  1.07901706E-03
1.61696395E-01  2.17305541E-01  1.08184433E-03
1.61943071E-01  2.10926145E-01  1.05691294E-03
1.62189748E-01  2.21922874E-01  1.09123159E-03
1.62436424E-01  2.11163819E-01  1.10412971E-03
1.62683101E-01  2.11276457E-01  1.05337880E-03
1.62929777E-01  2.11079717E-01  1.02902763E-03
1.63176453E-01  2.10526347E-01  1.04026054E-03
1.63423130E-01  2.10280135E-01  1.02759234E-03
1.63669806E-01  2.08220154E-01  1.07663975E-03
1.63916483E-01  2.01117977E-01  1.02669233E-03
1.64163159E-01  1.98408872E-01  1.04560470E-03
1.64409836E-01  2.01539725E-01  1.05179206E-03
1.64656512E-01  1.98750749E-01  1.02193595E-03
1.64903188E-01  1.97369799E-01  1.04199280E-03
1.65149865E-01  1.98177174E-01  9.96307237E-04
1.65396541E-01  2.00903267E-01  1.01958704E-03
1.65643218E-01  1.96610391E-01  1.03325688E-03
1.65889894E-01  1.98754042E-01  1.02481060E-03
1.66136570E-01  1.98753759E-01  1.07005809E-03
1.66383247E-01  1.93830281E-01  1.02889293E-03
1.66629923E-01  1.97691783E-01  1.00358366E-03
1.66876600E-01  1.94791049E-01  1.00045605E-03
1.67123276E-01  1.89075023E-01  9.95761249E-04
1.67369953E-01  1.86509505E-01  9.95135051E-04
1.67616629E-01  1.88539892E-01  9.62306571E-04
1.67863305E-01  1.87892765E-01  9.87225561E-04
1.68109982E-01  1.83659375E-01  9.78712575E-04
1.68356658E-01  1.83433592E-01  1.00006792E-03
1.68603335E-01  1.80540130E-01  9.62987950E-04
1.68850011E-01  1.91429988E-01  1.02147134E-03
1.69096688E-01  1.80948079E-01  9.89996130E-04
1.69343364E-01  1.86346918E-01  9.58781806E-04
1.69590040E-01  1.83284774E-01  9.67232452E-04
1.69836717E-01  1.79944590E-01  9.49433248E-04
1.70083393E-01  1.78650558E-01  9.75780596E-04
1.70330070E-01  1.77545801E-01  9.67003347E-04
1.70576746E-01  1.73228100E-01  9.29996255E-04
1.70823422E-01  1.75654888E-01  9.63456172E-04
1.71070099E-01  1.76438108E-01  9.37416044E-04
1.71316775E-01  1.78419843E-01  9.38659534E-04
1.71563452E-01  1.76700160E-01  9.69378918E-04
1.71810128E-01  1.74711764E-01  9.53955401E-04
1.72056805E-01  1.71250641E-01  9.54196963E-04
1.72303481E-01  1.72204047E-01  9.29235946E-04
1.72550157E-01  1.68769106E-01  9.18160484E-04
1.72796834E-01  1.72362670E-01  9.39439982E-04
1.73043510E-01  1.69668540E-01  9.28293914E-04
1.73290187E-01  1.64859414E-01  9.07185604E-04
1.73536863E-01  1.68780401E-01  8.99788516E-04
1.73783540E-01  1.67220265E-01  9.23840853E-04
1.74030216E-01  1.66778132E-01  9.15591139E-04
1.74276892E-01  1.59235477E-01  8.82378314E-04
1.74523569E-01  1.59902126E-01  9.00962041E-04
1.74770245E-01  1.62192941E-01  8.76806909E-04
1.75016922E-01  1.59333348E-01  8.96692276E-04
1.75263598E-01  1.61214873E-01  9.00951040E-04
1.75510275E-01  1.56870067E-01  8.94394587E-04
1.75756951E-01  1.56285226E-01  8.65860202E-04
1.76003627E-01  1.55416504E-01  8.64591857E-04
1.76250304E-01  1.57105714E-01  8.78791616E-04
1.76496980E-01  1.56880274E-01  8.85783695E-04
1.76743657E-01  1.55185580E-01  8.65087495E-04
1.76990333E-01  1.56120971E-01  8.69878626E-04
1.77237009E-01  1.53940767E-01  8.68818548E-04
1.77483686E-01  1.55330196E-01  8.71336379E-04
1.77730362E-01  1.51710510E-01  8.62286193E-04
1.77977039E-01  1.51424378E-01  8.51141463E-04
1.78223715E-01  1.52178258E-01  8.54952668E-04
1.78470392E-01  1.47179902E-01  8.57395993E-04
1.78717068E-01  1.49229959E-01  8.53948644E-04
1.78963744E-01  1.48076862E-01  8.33015889E-04
1.79210421E-01  1.48346350E-01  8.35108105E-04
1.79457097E-01  1.44660845E-01  8.48064083E-04
1.79703774E-01  1.48942381E-01  8.23036651E-04
1.79950450E-01  1.44643649E-01  8.48473283E-04
1.80197127E-01  1.42657831E-01  8.29004042E-04
1.80443803E-01  1.44333184E-01  8.49995529E-04
1.80690479E-01  1.37077421E-01  8.28801247E-04
1.80937156E-01  1.38775364E-01  8.09893303E-04
1.81183832E-01  1.37155563E-01  7.98188266E-04
1.81430509E-01  1.42706066E-01  8.16102372E-04
1.81677185E-01  1.42068416E-01  7.95626664E-04
1.81923861E-01  1.37520209E-01  8.20707413E-04
1.82170538E-01  1.41108394E-01  8.12028535E-04
1.82417214E-01  1.36125296E-01  7.93151441E-04
1.82663891E-01  1.35176927E-01  7.89974234E-04
1.82910567E-01  1.34679139E-01  7.68236001E-04
1.83157244E-01  1.37228653E-01  8.24842369E-04
1.83403920E-01  1.32536203E-01  7.90148042E-04
1.83650596E-01  1.29613593E-01  7.83073134E-04
1.83897273E-01  1.35647848E-01  7.92859180E-04
1.84143949E-01  1.34773806E-01  8.08659010E-04
1.84390626E-01  1.31942347E-01  7.79038237E-04
1.84637302E-01  1.34866402E-01  7.76689209E-04
1.84883979E-01  1.32685885E-01  7.79541966E-04
1.85130655E-01  1.32872224E-01  7.94099295E-04
1.85377331E-01  1.29484251E-01  7.80107337E-04
1.85624008E-01  1.25243708E-01  7.73535925E-04
1.85870684E-01  1.31652534E-01  7.92552601E-04
1.86117361E-01  1.28385201E-01  7.72665720E-04
1.86364037E-01  1.27095833E-01  7.56639522E-04
1.86610714E-01  1.28162697E-01  7.68598402E-04
1.86857390E-01  1.29135787E-01  7.84004456E-04
1.87104066E-01  1.24718785E-01  7.40237592E-04
1.87350743E-01  1.22910492E-01  7.68111553E-04
1.87597419E-01  1.24040239E-01  7.35305366E-04
1.87844096E-01  1.23906769E-01  7.62496260E-04
1.88090772E-01  1.18667230E-01  7.63303833E-04
1.88337448E-01  1.19828962E-01  7.29057356E-04
1.88584125E-01  1.21483169E-01  7.38940202E-04
1.88830801E-01  1.19989589E-01  7.50919979E-04
1.89077478E-01  1.25163838E-01  7.69220409E-04
1.89324154E-01  1.24945223E-01  7.69902603E-04
1.89570831E-01  1.21762089E-01  7.43489014E-04
1.89817507E-01  1.18260965E-01  7.26776838E-04
1.90064183E-01  1.19606860E-01  7.48182705E-04
1.90310860E-01  1.15233310E-01  7.24281010E-04
1.90557536E-01  1.17245324E-01  7.42445525E-04
1.90804213E-01  1.17649868E-01  7.15250615E-04
1.91050889E-01  1.15918852E-01  7.26291852E-04
1.91297566E-01  1.16535880E-01  7.17456627E-04
1.91544242E-01  1.13728046E-01  7.20149023E-04
1.91790918E-01  1.14214838E-01  7.08118605E-04
1.92037595E-01  1.15577206E-01  7.28438841E-04
1.92284271E-01  1.13255501E-01  7.08498817E-04
1.92530948E-01  1.15848914E-01  7.26320897E-04
1.92777624E-01  1.15377612E-01  7.08232867E-04
1.93024301E-01  1.12258680E-01  7.06390361E-04
1.93270977E-01  1.11774206E-01  7.23375473E-04
1.93517653E-01  1.10220738E-01  7.04524398E-04
1.93764330E-01  1.08773775E-01  7.02515768E-04
1.94011006E-01  1.13307707E-01  6.98597578E-04
1.94257683E-01  1.09994173E-01  7.01919198E-04
1.94504359E-01  1.09422028E-01  7.03002908E-04
1.94751035E-01  1.09305941E-01  6.92814530E-04
1.94997712E-01  1.10651620E-01  7.08249398E-04
1.95244388E-01  1.09620780E-01  7.00931414E-04
1.95491065E-01  1.09352119E-01  7.00254634E-04
1.95737741E-01  1.05175629E-01  7.00610923E-04
1.95984418E-01  1.06520958E-01  6.74320385E-04
1.96231094E-01  1.06782220E-01  6.87438238E-04
1.96477770E-01  1.09609082E-01  7.00044504E-04
1.96724447E-01  1.06153309E-01  6.87048072E-04
1.96971123E-01  1.06948093E-01  6.84729486E-04
1.97217800E-01  1.01897269E-01  6.67082903E-04
1.97464476E-01  1.06984116E-01  6.98901538E-04
1.97711153E-01  1.06440715E-01  6.85507141E-04
1.97957829E-01  1.02276988E-01  6.69691071E-04
1.98204505E-01  9.86140668E-02  6.59024576E-04
1.98451182E-01  1.02188088E-01  6.86494925E-04
1.98697858E-01  1.04369268E-01  6.83097402E-04
1.98944535E-01  1.03871278E-01  6.85632287E-04
1.99191211E-01  1.02409691E-01  6.80496800E-04
1.99437887E-01  9.80334282E-02  6.50272646E-04
1.99684564E-01  1.02549180E-01  6.68256485E-04
1.99931240E-01  9.96883735E-02  6.46150205E-04
2.00177917E-01  1.00213252E-01  6.45922148E-04
2.00424593E-01  1.01614125E-01  6.60508871E-04
2.00671270E-01  1.00253627E-01  6.68520341E-04
2.00917946E-01  1.00297675E-01  6.85254810E-04
2.01164622E-01  9.76152569E-02  6.33525953E-04
2.01411299E-01  9.96680334E-02  6.39776175E-04
2.01657975E-01  9.52689201E-02  6.37174177E-04
2.01904652E-01  9.41918343E-02  6.30372495E-04
2.02151328E-01  1.01751283E-01  6.68276392E-04
2.02398005E-01  9.82700288E-02  6.55266573E-04
2.02644681E-01  9.83467773E-02  6.53296069E-04
2.02891357E-01  9.27384272E-02  6.27447444E-04
2.03138034E-01  9.48301852E-02  6.35185163E-04
2.03384710E-01  9.60359722E-02  6.52723538E-04
2.03631387E-01  9.25900340E-02  6.21527142E-04
2.03878063E-01  9.67065543E-02  6.33268326E-04
2.04124740E-01  9.71400738E-02  6.34281605E-04
2.04371416E-01  9.58926082E-02  6.51781564E-04
2.04618092E-01  9.43496153E-02  6.14742807E-04
2.04864769E-01  9.20720249E-02  6.21321320E-04
2.05111445E-01  8.99613574E-02  6.19317754E-04
2.05358122E-01  9.28329602E-02  6.05924462E-04
2.05604798E-01  9.37393606E-02  6.37544203E-04
2.05851474E-01  9.13195610E-02  6.18115766E-04
2.06098151E-01  9.21492949E-02  6.16010744E-04
2.06344827E-01  9.29357037E-02  6.21694257E-04
2.06591504E-01  9.02477428E-02  6.30599621E-04
2.06838180E-01  9.19772238E-02  6.10135903E-04
2.07084857E-01  9.16550159E-02  6.16647478E-04
2.07331533E-01  9.24870521E-02  6.32128038E-04
2.07578209E-01  9.07833129E-02  6.07380876E-04
2.07824886E-01  9.42916498E-02  6.13013166E-04
2.08071562E-01  9.11872238E-02  6.21764339E-04
2.08318239E-01  9.17805508E-02  6.11710653E-04
2.08564915E-01  9.01328772E-02  6.06960268E-04
2.08811592E-01  9.00813043E-02  6.10030780E-04
2.09058268E-01  8.93449709E-02  6.09188050E-04
2.09304944E-01  8.89808685E-02  6.12680393E-04
2.09551621E-01  8.86606947E-02  6.11551572E-04
2.09798297E-01  8.77908617E-02  6.14981051E-04
2.10044974E-01  8.50356817E-02  5.85586822E-04
2.10291650E-01  9.05156434E-02  6.14083314E-04
2.10538326E-01  8.77296329E-02  6.08716451E-04
2.10785003E-01  8.96175578E-02  6.04629982E-04
2.11031679E-01  8.48749951E-02  5.90014504E-04
2.11278356E-01  8.62215757E-02  5.90757234E-04
2.11525032E-01  8.82586911E-02  6.01420528E-04
2.11771709E-01  8.43318552E-02  5.91633259E-04
2.12018385E-01  8.74580443E-02  5.92527562E-04
2.12265061E-01  8.39542747E-02  5.82179171E-04
2.12511738E-01  8.51118192E-02  5.80313383E-04
2.12758414E-01  9.12189260E-02  6.11437776E-04
2.13005091E-01  8.42570812E-02  5.64227114E-04
2.13251767E-01  8.78748149E-02  5.97398845E-04
2.13498444E-01  8.70621130E-02  5.94469195E-04
2.13745120E-01  8.74453932E-02  6.03389752E-04
2.13991796E-01  8.81568119E-02  6.08516450E-04
2.14238473E-01  8.44750255E-02  5.84151421E-04
2.14485149E-01  8.51103291E-02  5.89464442E-04
2.14731826E-01  8.37458521E-02  5.79450745E-04
2.14978502E-01  8.42577592E-02  6.04750181E-04
2.15225179E-01  8.28778148E-02  5.86667040E-04
2.15471855E-01  8.48972797E-02  5.76233841E-04
2.15718531E-01  8.61565322E-02  5.89795876E-04
2.15965208E-01  8.48446563E-02  5.81554603E-04
2.16211884E-01  8.26323256E-02  5.79474727E-04
2.16458561E-01  8.28328580E-02  5.69035124E-04
2.16705237E-01  8.51182938E-02  5.72165707E-04
2.16951913E-01  8.34859014E-02  5.89291449E-04
2.17198590E-01  8.34802017E-02  5.82612061E-04
2.17445266E-01  8.52615982E-02  6.02270069E-04
2.17691943E-01  8.37510228E-02  5.87602262E-04
2.17938619E-01  8.04788321E-02  5.80088061E-04
2.18185296E-01  7.99961612E-02  5.69296943E-04
2.18431972E-01  8.53194073E-02  5.92594675E-04
2.18678648E-01  8.46246704E-02  5.91633725E-04
2.18925325E-01  8.65012780E-02  5.96795406E-04
2.19172001E-01  8.07105377E-02  5.69553347E-04
2.19418678E-01  8.25780630E-02  5.83659392E-04
2.19665354E-01  8.23261142E-02  5.64898888E-04
2.19912031E-01  8.37505907E-02  5.91942575E-04
2.20158707E-01  8.28971416E-02  5.93964302E-04
2.20405383E-01  8.21651965E-02  5.75017708E-04
2.20652060E-01  8.14815387E-02  5.68907999E-04
2.20898736E-01  8.36150870E-02  5.79719082E-04
2.21145413E-01  8.31368491E-02  5.85179485E-04
2.21392089E-01  8.16976279E-02  5.61755558E-04
2.21638766E-01  8.20737481E-02  5.75340993E-04
2.21885442E-01  8.31495374E-02  5.89368923E-04
2.22132118E-01  8.10258314E-02  5.74187085E-04
2.22378795E-01  7.90040568E-02  5.58993022E-04
2.22625471E-01  7.95407146E-02  5.52467012E-04
2.22872148E-01  8.19435567E-02  5.87948482E-04
2.23118824E-01  7.94657767E-02  5.63963491E-04
2.23365500E-01  8.35270658E-02  5.76585997E-04
2.23612177E-01  8.00306648E-02  5.68940130E-04
2.23858853E-01  8.19831267E-02  5.71088982E-04
2.24105530E-01  8.26345757E-02  5.72038582E-04
2.24352206E-01  8.00551027E-02  5.63658716E-04
2.24598883E-01  8.05830210E-02  5.69589960E-04
2.24845559E-01  8.31720904E-02  5.75432321E-04
2.25092235E-01  8.03878978E-02  5.50501747E-04
2.25338912E-01  8.06340650E-02  5.74182603E-04
2.25585588E-01  7.82615244E-02  5.59874636E-04
2.25832265E-01  7.95086995E-02  5.68340707E-04
2.26078941E-01  8.29368308E-02  5.74251288E-04
2.26325618E-01  7.67859071E-02  5.56233746E-04
2.26572294E-01  8.14218447E-02  5.54043683E-04
2.26818970E-01  8.01702812E-02  5.71522804E-04
2.27065647E-01  7.92711303E-02  5.58625325E-04
2.27312323E-01  7.96241760E-02  5.73575904E-04
2.27559000E-01  7.57896155E-02  5.54449740E-04
2.27805676E-01  8.01444575E-02  5.43541857E-04
2.28052352E-01  8.13244358E-02  5.61057590E-04
2.28299029E-01  7.77959824E-02  5.59161010E-04
2.28545705E-01  7.81221166E-02  5.63798298E-04
2.28792382E-01  8.04195628E-02  5.60607179E-04
2.29039058E-01  7.96817914E-02  5.70359232E-04
2.29285735E-01  8.18103626E-02  5.72940509E-04
2.29532411E-01  8.10118765E-02  5.71320183E-04
2.29779087E-01  8.01693052E-02  5.60320739E-04
2.30025764E-01  8.01802650E-02  5.61321038E-04
2.30272440E-01  7.88325518E-02  5.49230783E-04
2.30519117E-01  7.92201608E-02  5.52611658E-04
2.30765793E-01  8.04991499E-02  5.65343420E-04
2.31012470E-01  8.24175701E-02  5.57911349E-04
2.31259146E-01  8.04636851E-02  5.46290306E-04
2.31505822E-01  8.02903995E-02  5.55000443E-04
2.31752499E-01  8.07730556E-02  5.61059976E-04
2.31999175E-01  7.62275085E-02  5.37436921E-04
2.32245852E-01  7.67562836E-02  5.46626223E-04
2.32492528E-01  8.01261961E-02  5.36306121E-04
2.32739205E-01  7.93741122E-02  5.53339487E-04
2.32985881E-01  7.88264573E-02  5.52914338E-04
2.33232557E-01  7.86018148E-02  5.32726757E-04
2.33479234E-01  7.95416161E-02  5.59347740E-04
2.33725910E-01  8.13058913E-02  5.49145683E-04
2.33972587E-01  8.00543427E-02  5.55589970E-04
2.34219263E-01  8.02999437E-02  5.55126171E-04
2.34465939E-01  7.78763369E-02  5.38583437E-04
2.34712616E-01  8.15612078E-02  5.56761865E-04
2.34959292E-01  8.29729289E-02  5.66165138E-04
2.35205969E-01  7.99742788E-02  5.58477070E-04
2.35452645E-01  7.94741288E-02  5.22794784E-04
2.35699322E-01  7.68262893E-02  5.44858223E-04
2.35945998E-01  7.86972418E-02  5.51675970E-04
2.36192674E-01  7.93312341E-02  5.45422430E-04
2.36439351E-01  7.93645978E-02  5.44716488E-04
2.36686027E-01  7.65965581E-02  5.32986480E-04
2.36932704E-01  8.05490986E-02  5.50302735E-04
2.37179380E-01  8.04595575E-02  5.50142024E-04
2.37426057E-01  8.24925900E-02  5.57730324E-04
2.37672733E-01  7.95850828E-02  5.50813624E-04
2.37919409E-01  7.71706253E-02  5.39266504E-04
2.38166086E-01  7.84559175E-02  5.34757506E-04
2.38412762E-01  8.03913549E-02  5.63132926E-04
2.38659439E-01  7.98337460E-02  5.48788928E-04
2.38906115E-01  7.93709606E-02  5.50863741E-04
2.39152791E-01  8.07472169E-02  5.39973902E-04
2.39399468E-01  8.12898427E-02  5.58104191E-04
2.39646144E-01  7.98897967E-02  5.48538927E-04
2.39892821E-01  8.02908018E-02  5.47864998E-04
2.40139497E-01  7.79804438E-02  5.45602990E-04
2.40386174E-01  8.33399445E-02  5.49819088E-04
2.40632850E-01  8.04288015E-02  5.54515223E-04
2.40879526E-01  8.09759423E-02  5.40109759E-04
2.41126203E-01  7.97491521E-02  5.53180755E-04
2.41372879E-01  7.86669105E-02  5.45161776E-04
2.41619556E-01  7.87361711E-02  5.38057880E-04
2.41866232E-01  7.81262591E-02  5.25144220E-04
2.42112909E-01  8.35200921E-02  5.65842376E-04
2.42359585E-01  8.06067809E-02  5.48194745E-04
2.42606261E-01  8.50696191E-02  5.77567378E-04
2.42852938E-01  8.29695612E-02  5.62818372E-04
2.43099614E-01  8.19017142E-02  5.77356608E-04
2.43346291E-01  8.01095217E-02  5.52293553E-04
2.43592967E-01  8.14939439E-02  5.63260866E-04
2.43839644E-01  8.05405080E-02  5.50304598E-04
2.44086320E-01  8.25856552E-02  5.70414413E-04
2.44332996E-01  8.10839906E-02  5.76986349E-04
2.44579673E-01  8.23477432E-02  5.64763264E-04
2.44826349E-01  8.23256969E-02  5.78258536E-04
2.45073026E-01  8.10794756E-02  5.70736593E-04
2.45319702E-01  8.34855735E-02  5.79612562E-04
2.45566378E-01  8.41857046E-02  5.84106834E-04
2.45813055E-01  7.97821954E-02  5.61979017E-04
2.46059731E-01  8.01478028E-02  5.66367060E-04
2.46306408E-01  7.74458125E-02  5.61459514E-04
2.46553084E-01  8.15818012E-02  5.82404959E-04
2.46799761E-01  8.38330165E-02  5.80176304E-04
2.47046437E-01  8.00551847E-02  5.79015934E-04
2.47293113E-01  8.24788436E-02  5.90993208E-04
2.47539790E-01  8.24783221E-02  6.05008390E-04
2.47786466E-01  7.98782706E-02  5.97435341E-04
2.48033143E-01  7.94713721E-02  5.87084913E-04
2.48279819E-01  8.22106674E-02  6.01324136E-04
2.48526496E-01  8.11701044E-02  6.09766517E-04
2.48773172E-01  8.04101899E-02  5.89396979E-04
2.49019848E-01  8.22881311E-02  5.97351231E-04
2.49266525E-01  7.96901062E-02  5.94140787E-04
2.49513201E-01  8.20127055E-02  6.05626206E-04
2.49759878E-01  8.24014992E-02  6.00242696E-04
2.50006554E-01  8.04554522E-02  6.02142070E-04
2.50253230E-01  8.14898908E-02  5.94366575E-04
2.50499907E-01  8.30007643E-02  6.24081062E-04
2.50746583E-01  7.70221949E-02  6.04499830E-04
2.50993260E-01  8.46912339E-02  6.00156432E-04
2.51239936E-01  7.86378309E-02  5.99288440E-04
2.51486613E-01  8.09598640E-02  6.29605725E-04
2.51733289E-01  8.41988325E-02  6.11881551E-04
2.51979965E-01  8.43967870E-02  6.41695689E-04
2.52226642E-01  8.51715207E-02  6.20628241E-04
2.52473318E-01  8.22642073E-02  6.22709398E-04
2.52719995E-01  8.33264068E-02  6.36927958E-04
2.52966671E-01  8.19914564E-02  6.12743956E-04
2.53213348E-01  7.95903280E-02  6.04800589E-04
2.53460024E-01  8.32373574E-02  6.10955467E-04
2.53706700E-01  8.08258429E-02  6.27587433E-04
2.53953377E-01  8.06557462E-02  6.15501544E-04
2.54200053E-01  8.20952430E-02  6.17839687E-04
2.54446730E-01  8.26282352E-02  6.39795908E-04
2.54693406E-01  8.20322335E-02  5.93477336E-04
2.54940083E-01  8.39344487E-02  6.15839846E-04
2.55186759E-01  8.53012726E-02  6.21034647E-04
2.55433435E-01  8.34267586E-02  6.13537326E-04
2.55680112E-01  7.98000172E-02  6.10531715E-04
2.55926788E-01  8.27562138E-02  6.01528503E-04
2.56173465E-01  8.33063275E-02  6.22556428E-04
2.56420141E-01  8.20448026E-02  5.92459110E-04
2.56666817E-01  8.28746185E-02  6.12507167E-04
2.56913494E-01  8.14578384E-02  6.02449058E-04
2.57160170E-01  8.20219964E-02  5.91672375E-04
2.57406847E-01  8.42273384E-02  6.02383923E-04
2.57653523E-01  8.37840959E-02  6.04784465E-04
2.57900200E-01  8.08816329E-02  6.07552705E-04
2.58146876E-01  8.00539479E-02  5.84698108E-04
2.58393552E-01  8.69319439E-02  6.04054425E-04
2.58640229E-01  8.17066506E-02  5.91884367E-04
2.58886905E-01  8.25860351E-02  5.89488307E-04
2.59133582E-01  8.39945227E-02  5.93421806E-04
2.59380258E-01  8.28217268E-02  5.80930558E-04
2.59626935E-01  8.23215544E-02  6.05703215E-04
2.59873611E-01  8.20855647E-02  5.98090177E-04
2.60120287E-01  8.23860094E-02  5.82404027E-04
2.60366964E-01  8.13355148E-02  5.99196181E-04
2.60613640E-01  8.50323588E-02  6.06736750E-04
2.60860317E-01  8.12824443E-02  5.81368862E-04
2.61106993E-01  8.10044259E-02  5.92979486E-04
2.61353670E-01  8.29992965E-02  5.71886543E-04
2.61600346E-01  8.23521838E-02  5.80431311E-04
2.61847022E-01  7.78140053E-02  5.81206230E-04
2.62093699E-01  8.24047104E-02  5.91979071E-04
2.62340375E-01  8.02963227E-02  5.95119025E-04
2.62587052E-01  8.12512785E-02  5.92227443E-04
2.62833728E-01  8.31494853E-02  5.95670077E-04
2.63080404E-01  8.18908960E-02  5.73494297E-04
2.63327081E-01  8.53911936E-02  6.02856220E-04
2.63573757E-01  8.02997276E-02  5.84473019E-04
2.63820434E-01  8.37236941E-02  5.96839818E-04
2.64067110E-01  8.29578787E-02  6.06640358E-04
2.64313787E-01  8.13367292E-02  5.85261034E-04
2.64560463E-01  8.28834400E-02  5.93600038E-04
2.64807139E-01  8.60929340E-02  5.93173900E-04
2.65053816E-01  8.27370808E-02  6.03139808E-04
2.65300492E-01  8.59808996E-02  6.04586967E-04
2.65547169E-01  8.51970017E-02  5.99592982E-04
2.65793845E-01  8.62606913E-02  6.00950210E-04
2.66040522E-01  8.02731961E-02  5.80976484E-04
2.66287198E-01  8.20474625E-02  5.85306087E-04
2.66533874E-01  8.16442072E-02  5.78594278E-04
2.66780551E-01  8.10651779E-02  5.84573485E-04
2.67027227E-01  7.94986188E-02  5.70445030E-04
2.67273904E-01  7.93062225E-02  5.74086444E-04
2.67520580E-01  8.05339888E-02  5.87371003E-04
2.67767256E-01  8.07674527E-02  5.66407689E-04
2.68013933E-01  8.37867111E-02  5.81972010E-04
2.68260609E-01  8.33714828E-02  5.88138239E-04
2.68507286E-01  8.42393562E-02  5.83829707E-04
2.68753962E-01  8.13490227E-02  5.80548542E-04
2.69000639E-01  8.45384225E-02  5.95892547E-04
2.69247315E-01  8.45392868E-02  5.98473533E-04
2.69493991E-01  8.02349672E-02  5.79729152E-04
2.69740668E-01  8.28498974E-02  5.86000271E-04
2.69987344E-01  8.27045888E-02  5.90003619E-04
2.70234021E-01  8.24724361E-02  5.73000230E-04
2.70480697E-01  8.13124925E-02  5.88427938E-04
2.70727374E-01  8.49645287E-02  6.11943193E-04
2.70974050E-01  8.29288736E-02  6.21681567E-04
2.71220726E-01  8.50742683E-02  6.07963535E-04
2.71467403E-01  8.47011209E-02  6.07528433E-04
2.71714079E-01  8.27200338E-02  6.07133494E-04
2.71960756E-01  8.32402408E-02  6.14727498E-04
2.72207432E-01  8.41258839E-02  6.21252111E-04
2.72454109E-01  8.57934579E-02  6.25444809E-04
2.72700785E-01  8.57870951E-02  6.13398966E-04
2.72947461E-01  8.84295627E-02  6.39957201E-04
2.73194138E-01  8.89972672E-02  6.21804560E-04
2.73440814E-01  8.53862315E-02  6.32418087E-04
2.73687491E-01  8.35215822E-02  6.10772811E-04
2.73934167E-01  8.46046060E-02  6.14783203E-04
2.74180843E-01  8.47644582E-02  6.27315545E-04
2.74427520E-01  8.38642269E-02  6.25683984E-04
2.74674196E-01  8.59845430E-02  6.24212553E-04
2.74920873E-01  8.27578381E-02  5.98309853E-04
2.75167549E-01  8.71187225E-02  6.36959798E-04
2.75414226E-01  8.63888115E-02  6.23428903E-04
2.75660902E-01  8.56131762E-02  6.23131171E-04
2.75907578E-01  8.43245164E-02  6.13655429E-04
2.76154255E-01  8.38227496E-02  6.09065872E-04
2.76400931E-01  8.61948207E-02  6.13421435E-04
2.76647608E-01  8.35868940E-02  6.23057655E-04
2.76894284E-01  8.25658813E-02  6.26588357E-04
2.77140961E-01  8.73805657E-02  6.31722971E-04
2.77387637E-01  8.18915814E-02  6.01025240E-04
2.77634313E-01  8.51652995E-02  6.23633561E-04
2.77880990E-01  8.60704482E-02  6.08616334E-04
2.78127666E-01  8.25436860E-02  6.21366373E-04
2.78374343E-01  8.54384527E-02  6.48931600E-04
2.78621019E-01  8.40214491E-02  6.21034764E-04
2.78867695E-01  8.65755826E-02  6.36580051E-04
2.79114372E-01  8.51776898E-02  6.22584019E-04
2.79361048E-01  8.72963741E-02  6.31523144E-04
2.79607725E-01  8.81480426E-02  6.55325130E-04
2.79854401E-01  8.23985785E-02  6.11184281E-04
2.80101078E-01  8.72542784E-02  6.24703011E-04
2.80347754E-01  8.29076916E-02  6.13312703E-04
2.80594430E-01  8.17670524E-02  6.29509275E-04
2.80841107E-01  8.58039558E-02  6.23489323E-04
2.81087783E-01  8.79119709E-02  6.53802534E-04
2.81334460E-01  8.54984820E-02  6.40049810E-04
2.81581136E-01  8.69595483E-02  6.33158896E-04
2.81827813E-01  8.83272588E-02  6.49678754E-04
2.82074489E-01  8.43466669E-02  6.24207198E-04
2.82321165E-01  8.53936672E-02  6.37655554E-04
2.82567842E-01  8.60753953E-02  6.45856722E-04
2.82814518E-01  8.79841894E-02  6.56984455E-04
2.83061195E-01  8.45285282E-02  6.27945119E-04
2.83307871E-01  8.89723003E-02  6.60605496E-04
2.83554548E-01  8.70126337E-02  6.35619217E-04
2.83801224E-01  8.83971229E-02  6.50941569E-04
2.84047900E-01  8.31745490E-02  6.16835896E-04
2.84294577E-01  8.70888382E-02  6.36955898E-04
2.84541253E-01  8.66470486E-02  6.48193876E-04
2.84787930E-01  8.46252143E-02  6.25250803E-04
2.85034606E-01  8.76991898E-02  6.56263961E-04
2.85281282E-01  8.39976296E-02  6.27061585E-04
2.85527959E-01  8.69322196E-02  6.43674692E-04
2.85774635E-01  8.36588442E-02  6.22703461E-04
2.86021312E-01  8.58850926E-02  6.33318617E-04
2.86267988E-01  8.40631947E-02  6.33601099E-04
2.86514665E-01  8.76579732E-02  6.39769831E-04
2.86761341E-01  8.57873708E-02  6.41942373E-04
2.87008017E-01  8.52885544E-02  6.21749554E-04
2.87254694E-01  8.23363587E-02  6.25927991E-04
2.87501370E-01  8.80181268E-02  6.50719332E-04
2.87748047E-01  8.51477236E-02  6.30571274E-04
2.87994723E-01  8.23610723E-02  6.28192502E-04
2.88241400E-01  8.44705999E-02  6.41994295E-04
2.88488076E-01  8.24203715E-02  6.23882341E-04
2.88734752E-01  8.42660889E-02  6.35002041E-04
2.88981429E-01  8.50605965E-02  6.53782685E-04
2.89228105E-01  8.57609808E-02  6.36462704E-04
2.89474782E-01  8.31793919E-02  6.35420671E-04
2.89721458E-01  8.44765231E-02  6.44422485E-04
2.89968134E-01  8.65000710E-02  6.46391360E-04
2.90214811E-01  8.69598687E-02  6.35192206E-04
2.90461487E-01  8.61618593E-02  6.49452908E-04
2.90708164E-01  8.54364485E-02  6.35811128E-04
2.90954840E-01  8.18307176E-02  6.19645813E-04
2.91201517E-01  8.22239593E-02  6.11223630E-04
2.91448193E-01  8.21846277E-02  6.30019582E-04
2.91694869E-01  8.53360072E-02  6.27342728E-04
2.91941546E-01  8.43779594E-02  6.36982732E-04
2.92188222E-01  8.41737911E-02  6.46556902E-04
2.92434899E-01  8.54926407E-02  6.38866215E-04
2.92681575E-01  8.97230208E-02  6.65151048E-04
2.92928252E-01  8.25593621E-02  5.97982376E-04
2.93174928E-01  8.48489329E-02  6.48376008E-04
2.93421604E-01  8.60379040E-02  6.36949437E-04
2.93668281E-01  8.63266885E-02  6.51642040E-04
2.93914957E-01  8.58513340E-02  6.35928300E-04
2.94161634E-01  8.66787657E-02  6.31669769E-04
2.94408310E-01  8.49346146E-02  6.37735298E-04
2.94654987E-01  8.81570131E-02  6.48420362E-04
2.94901663E-01  8.66088420E-02  6.45376684E-04
2.95148339E-01  8.97300616E-02  6.59003796E-04
2.95395016E-01  8.67147148E-02  6.40072627E-04
2.95641692E-01  8.35729614E-02  6.43301813E-04
2.95888369E-01  8.38649422E-02  6.30717084E-04
2.96135045E-01  8.45511854E-02  6.25304820E-04
2.96381721E-01  8.25950950E-02  6.35882025E-04
2.96628398E-01  8.50137621E-02  6.25800574E-04
2.96875074E-01  8.50979015E-02  6.49033405E-04
2.97121751E-01  8.73824507E-02  6.56008837E-04
2.97368427E-01  8.39064270E-02  6.14954159E-04
2.97615104E-01  8.28389972E-02  6.44623127E-04
2.97861780E-01  8.45950246E-02  6.30721566E-04
2.98108456E-01  8.89098644E-02  6.51594368E-04
2.98355133E-01  8.72512683E-02  6.52494724E-04
2.98601809E-01  8.77231508E-02  6.31414354E-04
2.98848486E-01  8.71240050E-02  6.60357531E-04
2.99095162E-01  8.86228010E-02  6.51657116E-04
2.99341839E-01  8.73858258E-02  6.59464335E-04
2.99588515E-01  9.00557414E-02  6.66929001E-04
2.99835191E-01  8.53082240E-02  6.50723872E-04
3.00081868E-01  8.33987743E-02  6.38977101E-04
3.00328544E-01  8.90511200E-02  6.48755347E-04
3.00575221E-01  8.81926939E-02  6.69317786E-04
3.00821897E-01  8.94358456E-02  6.64579915E-04
3.01068574E-01  9.35913771E-02  6.62091072E-04
3.01315250E-01  9.45371538E-02  6.78201846E-04
3.01561926E-01  9.08199474E-02  6.62331644E-04
3.01808603E-01  9.09473971E-02  6.65994128E-04
3.02055279E-01  9.42632407E-02  6.91090827E-04
3.02301956E-01  9.75157395E-02  7.10264372E-04
3.02548632E-01  9.15633067E-02  6.73776376E-04
3.02795308E-01  1.01439290E-01  7.25875027E-04
3.03041985E-01  1.03472002E-01  7.16765295E-04
3.03288661E-01  1.09196790E-01  7.29598454E-04
3.03535338E-01  1.07966416E-01  7.31951150E-04
3.03782014E-01  1.10808171E-01  7.37482449E-04
3.04028691E-01  1.14336178E-01  7.31062843E-04
3.04275367E-01  1.22314155E-01  7.90055317E-04
3.04522043E-01  1.22706249E-01  7.68805679E-04
3.04768720E-01  1.23680837E-01  7.82239076E-04
3.05015396E-01  1.25054717E-01  7.96843087E-04
3.05262073E-01  1.27194136E-01  7.96808046E-04
3.05508749E-01  1.27214700E-01  7.74261949E-04
3.05755426E-01  1.25658616E-01  7.93398707E-04
3.06002102E-01  1.27076656E-01  7.80119328E-04
3.06248778E-01  1.28884524E-01  8.01456627E-04
3.06495455E-01  1.24908470E-01  7.92276289E-04
3.06742131E-01  1.23034529E-01  7.84018426E-04
3.06988808E-01  1.20086715E-01  7.88081903E-04
3.07235484E-01  1.14313252E-01  7.56947265E-04
3.07482160E-01  1.16436392E-01  7.51695246E-04
3.07728837E-01  1.09899409E-01  7.30352360E-04
3.07975513E-01  1.08457021E-01  7.35851529E-04
3.08222190E-01  1.00659244E-01  7.20230571E-04
3.08468866E-01  1.01599395E-01  7.02045683E-04
3.08715543E-01  1.02680571E-01  7.06862367E-04
3.08962219E-01  9.71300527E-02  6.87097607E-04
3.09208895E-01  9.48613137E-02  6.78071461E-04
3.09455572E-01  9.23227072E-02  6.93245907E-04
3.09702248E-01  9.32396427E-02  6.71715126E-04
3.09948925E-01  9.02612880E-02  6.47759065E-04
3.10195601E-01  9.05564651E-02  6.76606433E-04
3.10442278E-01  8.79662782E-02  6.73751521E-04
3.10688954E-01  8.62130821E-02  6.62491599E-04
3.10935630E-01  9.01231691E-02  6.42990461E-04
3.11182307E-01  8.90095830E-02  6.66570268E-04
3.11428983E-01  8.72905031E-02  6.71617745E-04
3.11675660E-01  8.54089633E-02  6.47094916E-04
3.11922336E-01  8.84291828E-02  6.41199469E-04
3.12169013E-01  8.40746388E-02  6.70037640E-04
3.12415689E-01  8.31027329E-02  6.45445602E-04
3.12662365E-01  8.74825418E-02  6.69256027E-04
3.12909042E-01  9.08797458E-02  6.84018538E-04
3.13155718E-01  8.50814730E-02  6.49907452E-04
3.13402395E-01  8.58178362E-02  6.39320875E-04
3.13649071E-01  8.65765959E-02  6.51809503E-04
3.13895747E-01  8.52851048E-02  6.47333276E-04
3.14142424E-01  8.67517740E-02  6.59973535E-04
3.14389100E-01  8.75245929E-02  6.49216294E-04
3.14635777E-01  8.58276486E-02  6.44424872E-04
3.14882453E-01  8.77403319E-02  6.62907376E-04
3.15129130E-01  8.69700536E-02  6.62575010E-04
3.15375806E-01  8.51821452E-02  6.69265515E-04
3.15622482E-01  8.66204649E-02  6.45355729E-04
3.15869159E-01  8.67535099E-02  6.51105947E-04
3.16115835E-01  8.86756107E-02  6.47137465E-04
3.16362512E-01  8.68883282E-02  6.41415420E-04
3.16609188E-01  8.26193467E-02  6.28406007E-04
3.16855865E-01  8.76524374E-02  6.44827844E-04
3.17102541E-01  8.91484767E-02  6.54783449E-04
3.17349217E-01  8.63867626E-02  6.39225065E-04
3.17595894E-01  8.80367905E-02  6.77110977E-04
3.17842570E-01  8.44010562E-02  6.31177973E-04
3.18089247E-01  8.87714699E-02  6.50447619E-04
3.18335923E-01  8.95505995E-02  6.57331257E-04
3.18582599E-01  8.48866701E-02  6.36460376E-04
3.18829276E-01  8.66847932E-02  6.59799261E-04
3.19075952E-01  8.53699967E-02  6.47137582E-04
3.19322629E-01  8.88627693E-02  6.61920640E-04
3.19569305E-01  8.46116766E-02  6.54865580E-04
3.19815982E-01  8.90066698E-02  6.67984714E-04
3.20062658E-01  8.71598199E-02  6.61760627E-04
3.20309334E-01  8.65503028E-02  6.33818272E-04
3.20556011E-01  8.42348635E-02  6.58467936E-04
3.20802687E-01  8.64013731E-02  6.61675993E-04
3.21049364E-01  8.59577432E-02  6.34794065E-04
3.21296040E-01  8.40381831E-02  6.42005412E-04
3.21542717E-01  8.82976353E-02  6.48129091E-04
3.21789393E-01  8.87228549E-02  6.72642374E-04
3.22036069E-01  9.05479640E-02  6.92459056E-04
3.22282746E-01  9.08925980E-02  6.70691545E-04
3.22529422E-01  8.68711770E-02  6.73699193E-04
3.22776099E-01  8.66943896E-02  6.38941245E-04
3.23022775E-01  9.08810869E-02  6.62122271E-04
3.23269452E-01  8.77453461E-02  6.64814666E-04
3.23516128E-01  8.60759914E-02  6.54248579E-04
3.23762804E-01  9.01323929E-02  6.90787041E-04
3.24009481E-01  8.59723389E-02  6.52317307E-04
3.24256157E-01  8.32102969E-02  6.47768029E-04
3.24502834E-01  8.64403546E-02  6.33874850E-04
3.24749510E-01  8.90869722E-02  6.63928688E-04
3.24996186E-01  8.72927904E-02  6.74336217E-04
3.25242863E-01  8.82664174E-02  6.51588314E-04
3.25489539E-01  8.72215778E-02  6.79850928E-04
3.25736216E-01  8.34172070E-02  6.46249042E-04
3.25982892E-01  9.11076069E-02  6.89705543E-04
3.26229569E-01  8.43206346E-02  6.45225227E-04
3.26476245E-01  8.78285021E-02  6.54407893E-04
3.26722921E-01  8.91154334E-02  6.78468321E-04
3.26969598E-01  8.70215744E-02  6.46796427E-04
3.27216274E-01  8.67486075E-02  6.81225210E-04
3.27462951E-01  8.80707577E-02  6.51686336E-04
3.27709627E-01  8.87458548E-02  6.52160146E-04
3.27956304E-01  8.77977088E-02  6.63542072E-04
3.28202980E-01  8.73616561E-02  6.62503182E-04
3.28449656E-01  9.02207047E-02  6.69021625E-04
3.28696333E-01  9.04057100E-02  6.76845666E-04
3.28943009E-01  9.08107162E-02  6.66786858E-04
3.29189686E-01  9.04288068E-02  6.72516006E-04
3.29436362E-01  9.19923335E-02  6.91988622E-04
3.29683039E-01  9.18440223E-02  6.62106206E-04
3.29929715E-01  8.81018713E-02  6.54956559E-04
3.30176391E-01  9.08024907E-02  6.85849634E-04
3.30423068E-01  9.01243836E-02  6.82315731E-04
3.30669744E-01  8.95635560E-02  6.68166322E-04
3.30916421E-01  9.04333964E-02  6.56889926E-04
3.31163097E-01  9.19739604E-02  6.98416727E-04
3.31409773E-01  9.14835855E-02  6.79522695E-04
3.31656450E-01  9.25697163E-02  6.80234749E-04
3.31903126E-01  8.96197706E-02  6.73561066E-04
3.32149803E-01  9.06151310E-02  6.78431534E-04
3.32396479E-01  8.88534561E-02  6.69122266E-04
3.32643156E-01  8.88838693E-02  6.63350860E-04
3.32889832E-01  8.86017308E-02  6.68115506E-04
3.33136508E-01  9.07270312E-02  6.67081564E-04
3.33383185E-01  9.03604403E-02  6.73656119E-04
3.33629861E-01  8.91858786E-02  6.58179866E-04
3.33876538E-01  8.80236402E-02  6.76729949E-04
3.34123214E-01  9.18954536E-02  6.76693628E-04
3.34369891E-01  8.84823203E-02  6.80444238E-04
3.34616567E-01  8.85172561E-02  6.70622336E-04
3.34863243E-01  9.17963684E-02  6.68402237E-04
3.35109920E-01  9.16075110E-02  6.68860856E-04
3.35356596E-01  9.21703726E-02  6.70881593E-04
3.35603273E-01  9.15910676E-02  6.84477563E-04
3.35849949E-01  9.29222032E-02  6.86243933E-04
3.36096625E-01  8.75099003E-02  6.51205541E-04
3.36343302E-01  9.33117718E-02  6.86109648E-04
3.36589978E-01  9.15037841E-02  6.62640203E-04
3.36836655E-01  8.82639512E-02  6.57635101E-04
3.37083331E-01  9.19542536E-02  6.89875043E-04
3.37330008E-01  9.27815661E-02  6.99651311E-04
3.37576684E-01  9.16853175E-02  6.62585953E-04
3.37823360E-01  9.10183415E-02  6.80290919E-04
3.38070037E-01  9.34112668E-02  7.11211003E-04
3.38316713E-01  9.34097096E-02  6.89807057E-04
3.38563390E-01  9.14534479E-02  6.76238036E-04
3.38810066E-01  8.91365856E-02  6.83856255E-04
3.39056743E-01  9.25878957E-02  6.95955998E-04
3.39303419E-01  9.33119878E-02  6.99080527E-04
3.39550095E-01  9.25724730E-02  6.87447609E-04
3.39796772E-01  9.31863785E-02  6.81693491E-04
3.40043448E-01  8.84039626E-02  6.65025844E-04
3.40290125E-01  9.02873799E-02  6.78782410E-04
3.40536801E-01  9.17545334E-02  6.88571658E-04
3.40783478E-01  9.14725065E-02  6.80644298E-04
3.41030154E-01  9.12390277E-02  6.78097538E-04
3.41276830E-01  9.39843729E-02  7.01309065E-04
3.41523507E-01  9.10535604E-02  6.89477194E-04
3.41770183E-01  8.94194096E-02  6.76452823E-04
3.42016860E-01  8.95511284E-02  6.80854835E-04
3.42263536E-01  9.48101580E-02  6.87906402E-04
3.42510212E-01  9.49939862E-02  7.10357097E-04
3.42756889E-01  9.31461826E-02  6.97827432E-04
3.43003565E-01  8.99414122E-02  6.69356377E-04
3.43250242E-01  9.21579376E-02  6.86943473E-04
3.43496918E-01  9.04906690E-02  6.75404386E-04
3.43743595E-01  9.38502327E-02  6.89587090E-04
3.43990271E-01  9.38030109E-02  7.05864222E-04
3.44236947E-01  9.37883332E-02  7.09271699E-04
3.44483624E-01  9.12216976E-02  6.89062930E-04
3.44730300E-01  9.01710466E-02  6.81286911E-04
3.44976977E-01  9.37545747E-02  7.08749983E-04
3.45223653E-01  9.29452851E-02  6.81725447E-04
3.45470330E-01  9.27671567E-02  6.93381298E-04
3.45717006E-01  9.13972110E-02  6.74934476E-04
3.45963682E-01  9.01481360E-02  6.76547643E-04
3.46210359E-01  8.89735371E-02  6.59114681E-04
3.46457035E-01  9.25693586E-02  6.80700934E-04
3.46703712E-01  8.93853754E-02  6.82256185E-04
3.46950388E-01  8.86959359E-02  6.60392339E-04
3.47197064E-01  9.54282433E-02  6.83982624E-04
3.47443741E-01  9.34910998E-02  6.95089228E-04
3.47690417E-01  9.37874094E-02  6.88523229E-04
3.47937094E-01  9.28148404E-02  6.90725283E-04
3.48183770E-01  9.33240876E-02  6.95015071E-04
3.48430447E-01  9.31617171E-02  6.74401701E-04
3.48677123E-01  9.18686613E-02  6.63794111E-04
3.48923799E-01  9.26215723E-02  6.65507454E-04
3.49170476E-01  8.76731947E-02  6.55060983E-04
3.49417152E-01  9.07569453E-02  6.83250197E-04
3.49663829E-01  9.19766650E-02  6.72411872E-04
3.49910505E-01  8.99955630E-02  6.71500340E-04
3.50157182E-01  8.87679830E-02  6.56784279E-04
3.50403858E-01  9.17042643E-02  6.73083705E-04
3.50650534E-01  9.01605487E-02  6.74417941E-04
3.50897211E-01  8.62637386E-02  6.50091679E-04
3.51143887E-01  8.76536146E-02  6.60738559E-04
3.51390564E-01  8.84435400E-02  6.53111376E-04
3.51637240E-01  9.03749689E-02  6.57539058E-04
3.51883917E-01  8.91994610E-02  6.65649131E-04
3.52130593E-01  8.91362354E-02  6.85535022E-04
3.52377269E-01  8.77271444E-02  6.48136949E-04
3.52623946E-01  9.15595740E-02  6.61745609E-04
3.52870622E-01  8.83016959E-02  6.70195383E-04
3.53117299E-01  8.83110166E-02  6.73009781E-04
3.53363975E-01  8.71021077E-02  6.71445276E-04
3.53610651E-01  8.60917717E-02  6.61159924E-04
3.53857328E-01  9.01125520E-02  6.94383227E-04
3.54104004E-01  9.22316909E-02  6.82425452E-04
3.54350681E-01  8.76683369E-02  6.77702425E-04
3.54597357E-01  9.01682377E-02  6.56431832E-04
3.54844034E-01  8.94429684E-02  6.62797596E-04
3.55090710E-01  8.78112912E-02  6.59958634E-04
3.55337386E-01  8.79323184E-02  6.76500669E-04
3.55584063E-01  8.62524435E-02  6.50190748E-04
3.55830739E-01  9.19265822E-02  6.81779929E-04
3.56077416E-01  9.14504826E-02  6.53731520E-04
3.56324092E-01  8.63004550E-02  6.52827148E-04
3.56570769E-01  8.76551419E-02  6.45160559E-04
3.56817445E-01  9.17269811E-02  6.78882934E-04
3.57064121E-01  8.80921185E-02  6.48628920E-04
3.57310798E-01  8.46218988E-02  6.44942513E-04
3.57557474E-01  8.95793661E-02  6.80395402E-04
3.57804151E-01  8.78496468E-02  6.57289929E-04
3.58050827E-01  8.56422186E-02  6.40714425E-04
3.58297503E-01  8.91210139E-02  6.68802124E-04
3.58544180E-01  8.67619812E-02  6.58443372E-04
3.58790856E-01  8.89040530E-02  6.69203931E-04
3.59037533E-01  8.69420618E-02  6.55792945E-04
3.59284209E-01  8.56385380E-02  6.41355698E-04
3.59530886E-01  8.73027593E-02  6.64430263E-04
3.59777562E-01  8.61922279E-02  6.52205548E-04
3.60024238E-01  8.76480713E-02  6.74280862E-04
3.60270915E-01  8.83236676E-02  6.62808074E-04
3.60517591E-01  8.34616870E-02  6.48149056E-04
3.60764268E-01  8.53586793E-02  6.51670678E-04
3.61010944E-01  8.52171034E-02  6.43384818E-04
3.61257621E-01  8.52091759E-02  6.65026251E-04
3.61504297E-01  8.18505660E-02  6.42396801E-04
3.61750973E-01  8.47489312E-02  6.64713152E-04
3.61997650E-01  8.47283676E-02  6.56756340E-04
3.62244326E-01  8.40397626E-02  6.50153728E-04
3.62491003E-01  8.59713405E-02  6.60614460E-04
3.62737679E-01  8.85594189E-02  6.72844471E-04
3.62984356E-01  8.30762535E-02  6.46589207E-04
3.63231032E-01  8.65554437E-02  6.62166975E-04
3.63477708E-01  8.19028169E-02  6.30783616E-04
3.63724385E-01  8.76478106E-02  6.65517815E-04
3.63971061E-01  8.50744545E-02  6.63356273E-04
3.64217738E-01  8.63241851E-02  6.76403579E-04
3.64464414E-01  8.85720924E-02  6.67779648E-04
3.64711090E-01  8.65389034E-02  6.61099562E-04
3.64957767E-01  8.66130665E-02  6.70852780E-04
3.65204443E-01  8.29505324E-02  6.36295415E-04
3.65451120E-01  8.17305967E-02  6.49384747E-04
3.65697796E-01  8.34259316E-02  6.56800228E-04
3.65944473E-01  8.52877721E-02  6.67502405E-04
3.66191149E-01  8.17729384E-02  6.49560767E-04
3.66437825E-01  8.22155848E-02  6.30104681E-04
3.66684502E-01  8.27285722E-02  6.50863105E-04
3.66931178E-01  8.64358991E-02  6.49934460E-04
3.67177855E-01  8.46906230E-02  6.36843150E-04
3.67424531E-01  8.21952298E-02  6.32702664E-04
3.67671208E-01  8.49210098E-02  6.63439801E-04
3.67917884E-01  8.50776061E-02  6.53642754E-04
3.68164560E-01  8.21825042E-02  6.30539318E-04
3.68411237E-01  8.44564065E-02  6.37728022E-04
3.68657913E-01  8.25702995E-02  6.51567068E-04
3.68904590E-01  8.40985104E-02  6.55284908E-04
3.69151266E-01  8.49712491E-02  6.45576860E-04
3.69397943E-01  8.28211010E-02  6.40749582E-04
3.69644619E-01  8.39834884E-02  6.38030760E-04
3.69891295E-01  8.41794834E-02  6.53319352E-04
3.70137972E-01  8.13326538E-02  6.28592854E-04
3.70384648E-01  8.22467655E-02  6.39414298E-04
3.70631325E-01  8.80342424E-02  6.68765337E-04
3.70878001E-01  8.40076804E-02  6.26827590E-04
3.71124677E-01  8.41461942E-02  6.27548958E-04
3.71371354E-01  8.20792839E-02  6.43783016E-04
3.71618030E-01  8.18395317E-02  6.38329540E-04
3.71864707E-01  8.34580958E-02  6.44054555E-04
3.72111383E-01  7.82243535E-02  6.15320343E-04
3.72358060E-01  8.21371526E-02  6.35946344E-04
3.72604736E-01  8.13677162E-02  6.34894415E-04
3.72851412E-01  8.31147805E-02  6.51327893E-04
3.73098089E-01  8.59774649E-02  6.44296524E-04
3.73344765E-01  8.07798281E-02  6.31697127E-04
3.73591442E-01  8.52157101E-02  6.60156831E-04
3.73838118E-01  8.34009051E-02  6.56284275E-04
3.74084795E-01  8.22864026E-02  6.28786744E-04
3.74331471E-01  8.18798095E-02  6.50378410E-04
3.74578147E-01  8.77278000E-02  6.61308586E-04
3.74824824E-01  7.88531229E-02  6.29782735E-04
3.75071500E-01  8.33449140E-02  6.56903314E-04
3.75318177E-01  8.28379616E-02  6.41241146E-04
3.75564853E-01  8.24421421E-02  6.51020731E-04
3.75811529E-01  8.02702829E-02  6.28142443E-04
3.76058206E-01  8.64396244E-02  6.55122858E-04
3.76304882E-01  8.31941068E-02  6.56804768E-04
3.76551559E-01  8.37126151E-02  6.43961655E-04
3.76798235E-01  8.36365223E-02  6.41369086E-04
3.77044912E-01  8.17421004E-02  6.29078655E-04
3.77291588E-01  8.70345011E-02  6.57298428E-04
3.77538264E-01  8.38484913E-02  6.54545380E-04
3.77784941E-01  8.30500126E-02  6.35830394E-04
3.78031617E-01  8.48376676E-02  6.30873663E-04
3.78278294E-01  8.14526975E-02  6.33787888E-04
3.78524970E-01  8.00551698E-02  6.45006367E-04
3.78771647E-01  8.21323693E-02  6.49315189E-04
3.79018323E-01  8.33353624E-02  6.42544474E-04
3.79264999E-01  8.02555829E-02  6.17904123E-04
3.79511676E-01  8.27502161E-02  6.34064258E-04
3.79758352E-01  8.00122768E-02  6.24308654E-04
3.80005029E-01  8.28722268E-02  6.39402366E-04
3.80251705E-01  8.23253393E-02  6.38014870E-04
3.80498382E-01  8.41097161E-02  6.48974034E-04
3.80745058E-01  8.33005458E-02  6.41085848E-04
3.80991734E-01  8.32769871E-02  6.51543320E-04
3.81238411E-01  8.65796506E-02  6.69761270E-04
3.81485087E-01  8.22256878E-02  6.53345545E-04
3.81731764E-01  8.39002877E-02  6.81768986E-04
3.81978440E-01  8.14268440E-02  6.82488317E-04
3.82225116E-01  8.27064067E-02  6.79103890E-04
3.82471793E-01  8.09259862E-02  6.86314597E-04
3.82718469E-01  8.26355070E-02  6.74269395E-04
3.82965146E-01  8.44289586E-02  6.94550225E-04
3.83211822E-01  8.53669420E-02  7.03153550E-04
3.83458499E-01  8.24897289E-02  7.20622018E-04
3.83705175E-01  8.14815909E-02  7.04354199E-04
3.83951851E-01  8.50070417E-02  7.17322226E-04
3.84198528E-01  8.09016600E-02  7.00013305E-04
3.84445204E-01  8.52130800E-02  7.23886013E-04
3.84691881E-01  8.22290182E-02  7.13163521E-04
3.84938557E-01  8.36516321E-02  7.04100588E-04
3.85185234E-01  8.53571370E-02  7.11379922E-04
3.85431910E-01  8.24052244E-02  7.20425975E-04
3.85678586E-01  7.58860260E-02  6.88987086E-04
3.85925263E-01  8.40643942E-02  7.44284305E-04
3.86171939E-01  8.24301764E-02  7.21844088E-04
3.86418616E-01  8.11408237E-02  7.15425704E-04
3.86665292E-01  8.08556527E-02  7.40640273E-04
3.86911968E-01  8.33722427E-02  7.24029029E-04
3.87158645E-01  8.60930383E-02  7.75184657E-04
3.87405321E-01  8.01334530E-02  7.17415067E-04
3.87651998E-01  8.08874741E-02  7.10733759E-04
3.87898674E-01  8.23490396E-02  7.26476836E-04
3.88145351E-01  8.36166218E-02  7.45368074E-04
3.88392027E-01  8.53527933E-02  7.75883207E-04
3.88638703E-01  7.56786466E-02  7.23700854E-04
3.88885380E-01  8.37806836E-02  7.66203855E-04
3.89132056E-01  8.75031427E-02  7.90705555E-04
3.89378733E-01  8.01333636E-02  7.51199259E-04
3.89625409E-01  8.39594901E-02  7.97213055E-04
3.89872086E-01  8.36607516E-02  7.54826178E-04
3.90118762E-01  8.48779082E-02  7.58002570E-04
3.90365438E-01  8.43115151E-02  7.45213183E-04
3.90612115E-01  8.35196748E-02  7.36772665E-04
3.90858791E-01  8.52058902E-02  7.49195111E-04
3.91105468E-01  8.12835246E-02  7.19877833E-04
3.91352144E-01  8.83143246E-02  7.50508974E-04
3.91598821E-01  8.41509551E-02  7.30169937E-04
3.91845497E-01  8.21629241E-02  7.07030937E-04
3.92092173E-01  8.22844505E-02  7.19592092E-04
3.92338850E-01  8.33437294E-02  7.22393976E-04
3.92585526E-01  8.33017230E-02  7.16687820E-04
3.92832203E-01  8.09655190E-02  7.07334548E-04
3.93078879E-01  8.61582905E-02  7.22846133E-04
3.93325555E-01  8.27846304E-02  6.97868178E-04
3.93572232E-01  8.53566453E-02  7.30901957E-04
3.93818908E-01  8.56777802E-02  7.25970836E-04
3.94065585E-01  8.39456245E-02  6.92621514E-04
3.94312261E-01  8.23606104E-02  7.10995810E-04
3.94558938E-01  8.18321332E-02  7.14144728E-04
3.94805614E-01  8.17958713E-02  6.89059787E-04
3.95052290E-01  8.68825242E-02  7.24430254E-04
3.95298967E-01  8.31005871E-02  6.96101109E-04
3.95545643E-01  8.61796662E-02  7.02416932E-04
3.95792320E-01  8.27690810E-02  6.96761184E-04
3.96038996E-01  8.73236582E-02  7.05390587E-04
3.96285673E-01  8.49117413E-02  6.82368642E-04
3.96532349E-01  8.55648369E-02  7.18844356E-04
3.96779025E-01  8.40987861E-02  6.81861304E-04
3.97025702E-01  8.33221525E-02  6.90265035E-04
3.97272378E-01  8.58128294E-02  6.95408031E-04
3.97519055E-01  8.56186748E-02  6.99040829E-04
3.97765731E-01  8.26926455E-02  6.78186014E-04
3.98012407E-01  8.47175270E-02  7.32768560E-04
3.98259084E-01  8.55523124E-02  7.03136378E-04
3.98505760E-01  8.08033422E-02  6.82414393E-04
3.98752437E-01  8.31861198E-02  7.17654359E-04
3.98999113E-01  8.77819061E-02  6.94466988E-04
3.99245790E-01  7.91779160E-02  6.70240144E-04
3.99492466E-01  8.56984705E-02  7.09777931E-04
3.99739142E-01  8.69277045E-02  7.28705549E-04
3.99985819E-01  8.11583400E-02  6.83509104E-04
4.00232495E-01  8.36997330E-02  7.09701795E-04
4.00479172E-01  8.58519599E-02  7.05159851E-04
4.00725848E-01  8.30797926E-02  6.94768212E-04
4.00972525E-01  8.44424218E-02  6.97569805E-04
4.01219201E-01  8.35924223E-02  6.77689037E-04
4.01465877E-01  8.33901390E-02  6.80593075E-04
4.01712554E-01  8.33923519E-02  6.85416278E-04
4.01959230E-01  8.18873495E-02  7.01596844E-04
4.02205907E-01  8.51299688E-02  7.22482335E-04
4.02452583E-01  8.28981027E-02  6.90264453E-04
4.02699260E-01  7.96484277E-02  6.69272442E-04
4.02945936E-01  8.60707164E-02  7.07865052E-04
4.03192612E-01  8.40150416E-02  6.74196868E-04
4.03439289E-01  7.82049820E-02  6.78080309E-04
4.03685965E-01  8.36401507E-02  6.78714016E-04
4.03932642E-01  8.18576813E-02  6.83800201E-04
4.04179318E-01  8.33231285E-02  6.94151851E-04
4.04425994E-01  7.89551809E-02  6.78176759E-04
4.04672671E-01  8.38371739E-02  6.96560019E-04
4.04919347E-01  8.35368037E-02  6.94356160E-04
4.05166024E-01  8.61490145E-02  6.89341745E-04
4.05412700E-01  8.32685456E-02  6.89072593E-04
4.05659377E-01  8.17873627E-02  6.75924413E-04
4.05906053E-01  8.26511830E-02  6.85725012E-04
4.06152729E-01  8.32819715E-02  6.86567393E-04
4.06399406E-01  8.00765008E-02  6.64228632E-04
4.06646082E-01  8.46594796E-02  7.19573523E-04
4.06892759E-01  8.37139934E-02  6.94523391E-04
4.07139435E-01  8.40694681E-02  6.79480378E-04
4.07386112E-01  8.01593661E-02  6.90640940E-04
4.07632788E-01  8.75557736E-02  7.08021864E-04
4.07879464E-01  8.38846713E-02  6.90636632E-04
4.08126141E-01  8.42497796E-02  6.80621073E-04
4.08372817E-01  8.43649656E-02  6.85128558E-04
4.08619494E-01  8.56851414E-02  6.85721927E-04
4.08866170E-01  7.61061460E-02  6.38994388E-04
4.09112847E-01  8.49533901E-02  6.70664886E-04
4.09359523E-01  8.31914246E-02  6.88035449E-04
4.09606199E-01  8.64306912E-02  6.68991299E-04
4.09852876E-01  8.25198367E-02  6.83921622E-04
4.10099552E-01  8.64128619E-02  6.94413029E-04
4.10346229E-01  8.29526857E-02  6.80064084E-04
4.10592905E-01  8.30299780E-02  6.73602161E-04
4.10839581E-01  8.26307386E-02  6.72170951E-04
4.11086258E-01  8.38188305E-02  6.90243382E-04
4.11332934E-01  7.91882500E-02  6.50341448E-04
4.11579611E-01  8.20466876E-02  6.62097416E-04
4.11826287E-01  8.01734775E-02  6.65132946E-04
4.12072964E-01  8.06254670E-02  6.78606040E-04
4.12319640E-01  8.32719877E-02  6.84951490E-04
4.12566316E-01  8.21703523E-02  6.77582400E-04
4.12812993E-01  7.77503625E-02  6.75929710E-04
4.13059669E-01  8.20882544E-02  6.77369593E-04
4.13306346E-01  8.44140202E-02  6.99552940E-04
4.13553022E-01  8.34725201E-02  7.07647123E-04
4.13799699E-01  8.14782530E-02  6.79631601E-04
4.14046375E-01  8.52139145E-02  6.83747407E-04
4.14293051E-01  8.38705450E-02  6.94086310E-04
4.14539728E-01  8.33174586E-02  6.62143750E-04
4.14786404E-01  8.58584493E-02  7.06108171E-04
4.15033081E-01  7.94694796E-02  6.60456484E-04
4.15279757E-01  8.43055695E-02  7.02079094E-04
4.15526433E-01  8.24790597E-02  6.79547840E-04
4.15773110E-01  8.44375789E-02  6.82363519E-04
4.16019786E-01  8.30176473E-02  6.59374637E-04
4.16266463E-01  8.24093968E-02  6.92971633E-04
4.16513139E-01  8.04870501E-02  6.73074101E-04
4.16759816E-01  8.35871696E-02  6.84477622E-04
4.17006492E-01  8.13794360E-02  6.71717979E-04
4.17253168E-01  8.19633007E-02  6.76750147E-04
4.17499845E-01  8.15649405E-02  6.71956688E-04
4.17746521E-01  8.04303065E-02  6.62197999E-04
4.17993198E-01  7.87977129E-02  6.62823382E-04
4.18239874E-01  8.33983719E-02  6.85811276E-04
4.18486551E-01  8.08097571E-02  6.69243222E-04
4.18733227E-01  8.41008872E-02  7.09448301E-04
4.18979903E-01  8.12747404E-02  6.55821059E-04
4.19226580E-01  8.40740129E-02  6.79386372E-04
4.19473256E-01  8.32192451E-02  6.78950921E-04
4.19719933E-01  8.66963491E-02  7.03577010E-04
4.19966609E-01  8.46512839E-02  6.79275312E-04
4.20213286E-01  8.49373788E-02  6.99028198E-04
4.20459962E-01  8.32309350E-02  6.80304656E-04
4.20706638E-01  8.49249810E-02  6.93971931E-04
4.20953315E-01  8.45119432E-02  6.65680564E-04
4.21199991E-01  8.27680230E-02  6.64233812E-04
4.21446668E-01  8.31580907E-02  7.09356857E-04
4.21693344E-01  8.08674470E-02  6.67125103E-04
4.21940020E-01  8.20993930E-02  6.81920850E-04
4.22186697E-01  8.21290910E-02  6.54509873E-04
4.22433373E-01  8.07524323E-02  6.65501284E-04
4.22680050E-01  8.39868486E-02  6.66766893E-04
4.22926726E-01  8.33658576E-02  6.75969175E-04
4.23173403E-01  8.53708163E-02  6.87691092E-04
4.23420079E-01  8.26211497E-02  6.87302672E-04
4.23666755E-01  8.53414014E-02  6.63518033E-04
4.23913432E-01  8.06881636E-02  6.79812452E-04
4.24160108E-01  8.00513998E-02  6.68003224E-04
4.24406785E-01  8.48814845E-02  6.84836181E-04
4.24653461E-01  8.12602416E-02  6.71932357E-04
4.24900138E-01  8.56471434E-02  6.93614071E-04
4.25146814E-01  8.46286565E-02  6.91220979E-04
4.25393490E-01  8.12751129E-02  6.76003925E-04
4.25640167E-01  8.05136934E-02  6.75887801E-04
4.25886843E-01  8.56408104E-02  6.90481043E-04
4.26133520E-01  8.11053738E-02  6.52585819E-04
4.26380196E-01  8.31957385E-02  6.83066261E-04
4.26626872E-01  8.55195224E-02  6.97579468E-04
4.26873549E-01  7.88208544E-02  6.76351716E-04
4.27120225E-01  8.44967663E-02  6.83989492E-04
4.27366902E-01  8.27571303E-02  6.76107418E-04
4.27613578E-01  7.94491544E-02  6.71252899E-04
4.27860255E-01  8.24490786E-02  6.69051718E-04
4.28106931E-01  8.33715200E-02  6.60741644E-04
4.28353607E-01  8.50431770E-02  6.87466352E-04
4.28600284E-01  8.18920061E-02  6.84462837E-04
4.28846960E-01  8.26964006E-02  6.66096224E-04
4.29093637E-01  8.31064060E-02  6.67658343E-04
4.29340313E-01  8.30194950E-02  6.81620266E-04
4.29586990E-01  8.22823495E-02  6.76623313E-04
4.29833666E-01  8.24514106E-02  6.79002784E-04
4.30080342E-01  8.21536854E-02  6.68195600E-04
4.30327019E-01  8.70747566E-02  6.96890056E-04
4.30573695E-01  8.23789611E-02  6.55350857E-04
4.30820372E-01  8.19028020E-02  6.85734907E-04
4.31067048E-01  8.00206885E-02  6.50234520E-04
4.31313725E-01  8.09810162E-02  6.56698307E-04
4.31560401E-01  8.27380791E-02  6.63769664E-04
4.31807077E-01  8.13381895E-02  6.79813966E-04
4.32053754E-01  8.69256854E-02  6.94308023E-04
4.32300430E-01  8.22172239E-02  6.90699788E-04
4.32547107E-01  8.39406922E-02  6.68806373E-04
4.32793783E-01  8.21462870E-02  6.51625625E-04
4.33040459E-01  8.67189094E-02  6.96668343E-04
4.33287136E-01  8.11346322E-02  6.63790677E-04
4.33533812E-01  8.42847154E-02  6.86053652E-04
4.33780489E-01  8.42994303E-02  6.85656676E-04
4.34027165E-01  8.36761594E-02  6.88403088E-04
4.34273842E-01  8.43090042E-02  7.00975419E-04
4.34520518E-01  8.37497413E-02  6.64705702E-04
4.34767194E-01  8.12164322E-02  6.67458051E-04
4.35013871E-01  8.18971694E-02  6.84293744E-04
4.35260547E-01  8.27464461E-02  6.80928759E-04
4.35507224E-01  8.57845321E-02  6.80934754E-04
4.35753900E-01  8.69872570E-02  6.82104612E-04
4.36000577E-01  8.18190724E-02  6.54580188E-04
4.36247253E-01  8.36425126E-02  6.87861175E-04
4.36493929E-01  8.19163993E-02  6.54434843E-04
4.36740606E-01  8.22396055E-02  6.68030407E-04
4.36987282E-01  8.35492909E-02  6.83835766E-04
4.37233959E-01  8.42753202E-02  6.86658255E-04
4.37480635E-01  8.12672004E-02  6.56635908E-04
4.37727311E-01  8.26173723E-02  6.62517152E-04
4.37973988E-01  8.62805918E-02  7.09532760E-04
4.38220664E-01  8.01478103E-02  6.68894383E-04
4.38467341E-01  7.87742734E-02  6.59019570E-04
4.38714017E-01  8.50348175E-02  6.85596024E-04
4.38960694E-01  8.44976231E-02  6.74242969E-04
4.39207370E-01  8.39441270E-02  6.70228619E-04
4.39454046E-01  8.16078857E-02  6.66164502E-04
4.39700723E-01  8.43851045E-02  6.64894294E-04
4.39947399E-01  8.32136571E-02  6.74113922E-04
4.40194076E-01  7.98961371E-02  6.67958870E-04
4.40440752E-01  8.14353004E-02  6.76211261E-04
4.40687429E-01  8.17109123E-02  6.89113105E-04
4.40934105E-01  8.39542374E-02  6.80035679E-04
4.41180781E-01  7.91630149E-02  6.56740216E-04
4.41427458E-01  8.28865245E-02  6.69669302E-04
4.41674134E-01  8.01071599E-02  6.61857717E-04
4.41920811E-01  7.80534521E-02  6.52552757E-04
4.42167487E-01  8.18107948E-02  6.62458129E-04
4.42414164E-01  8.45550001E-02  6.72927534E-04
4.42660840E-01  8.04812238E-02  6.73394126E-04
4.42907516E-01  8.50751251E-02  6.90238841E-04
4.43154193E-01  8.51157308E-02  6.86760759E-04
4.43400869E-01  8.58871341E-02  6.84957020E-04
4.43647546E-01  8.56495127E-02  6.83719001E-04
4.43894222E-01  8.46721977E-02  7.01349112E-04
4.44140898E-01  8.58338922E-02  6.83335937E-04
4.44387575E-01  8.23399350E-02  6.74562587E-04
4.44634251E-01  8.40081200E-02  6.82112528E-04
4.44880928E-01  8.58627483E-02  6.96765550E-04
4.45127604E-01  8.41843262E-02  6.59364800E-04
4.45374281E-01  8.40135440E-02  6.82448386E-04
4.45620957E-01  8.44575763E-02  6.98604330E-04
4.45867633E-01  8.51977989E-02  6.85909181E-04
4.46114310E-01  8.34920779E-02  6.75389834E-04
4.46360986E-01  8.51082355E-02  6.76728669E-04
4.46607663E-01  8.58277902E-02  6.77330128E-04
4.46854339E-01  8.54834467E-02  6.75548275E-04
4.47101016E-01  8.62803459E-02  6.86438172E-04
4.47347692E-01  8.03330019E-02  6.62630191E-04
4.47594368E-01  8.62341523E-02  6.95012743E-04
4.47841045E-01  8.09362531E-02  6.69253117E-04
4.48087721E-01  8.15661177E-02  6.75994030E-04
4.48334398E-01  8.33081827E-02  6.72464608E-04
4.48581074E-01  8.46302584E-02  6.84666564E-04
4.48827751E-01  8.27882215E-02  6.83674123E-04
4.49074427E-01  8.42463598E-02  6.94297545E-04
4.49321103E-01  8.18789899E-02  6.89103792E-04
4.49567780E-01  8.58772919E-02  6.83429127E-04
4.49814456E-01  8.17868337E-02  6.75128540E-04
4.50061133E-01  8.28575864E-02  6.67706539E-04
4.50307809E-01  8.48341137E-02  7.02002842E-04
4.50554485E-01  8.40944946E-02  6.72020891E-04
4.50801162E-01  8.28879923E-02  6.71730901E-04
4.51047838E-01  8.37342367E-02  6.71811926E-04
4.51294515E-01  8.14689994E-02  6.74668350E-04
4.51541191E-01  8.24424475E-02  6.69411093E-04
4.51787868E-01  8.38497728E-02  6.89273409E-04
4.52034544E-01  8.23821425E-02  6.70602894E-04
4.52281220E-01  8.35680217E-02  6.95693598E-04
4.52527897E-01  8.94545689E-02  6.98553107E-04
4.52774573E-01  8.32294673E-02  6.61047350E-04
4.53021250E-01  8.50982592E-02  6.84765109E-04
4.53267926E-01  8.11132118E-02  6.59761310E-04
4.53514603E-01  8.72863755E-02  6.87155814E-04
4.53761279E-01  8.60713497E-02  6.83175167E-04
4.54007955E-01  8.39729160E-02  6.52835704E-04
4.54254632E-01  8.60517770E-02  6.75342511E-04
4.54501308E-01  8.59964862E-02  6.68077555E-04
4.54747985E-01  8.71221200E-02  6.83521503E-04
4.54994661E-01  8.53682160E-02  6.61973900E-04
4.55241337E-01  8.87882262E-02  6.94610644E-04
4.55488014E-01  8.68213549E-02  6.67011016E-04
4.55734690E-01  8.60939994E-02  6.87953900E-04
4.55981367E-01  8.49402621E-02  6.68858062E-04
4.56228043E-01  8.90555307E-02  6.84618892E-04
4.56474720E-01  8.51924643E-02  6.86496729E-04
4.56721396E-01  8.94559845E-02  6.96703093E-04
4.56968072E-01  8.29163119E-02  6.51270442E-04
4.57214749E-01  8.42011198E-02  6.62068895E-04
4.57461425E-01  8.55801702E-02  6.69437519E-04
4.57708102E-01  8.54399726E-02  6.62947481E-04
4.57954778E-01  8.50645378E-02  6.79954363E-04
4.58201455E-01  8.52681473E-02  6.56475837E-04


### HEADER:
#
#{
#    "analysis": {},
#    "calibration_params": {
#        "Beam_Center_X": 1092.0,
#        "Beam_Center_Y": 2091.0,
#        "Detector Tilt": 0.0,
#        "Detector Tilt Plane Rotation": 0.0,
#        "Detector_X_Pixel_Size": 75.0,
#        "Detector_Y_Pixel_Size": 75.0,
#        "Integration Method": "nosplit_csr",
#        "Radial_Average_Method": "pyFAI",
#        "Sample-to-detector distance (mm)": 1731.0,
#        "Wavelength (A)": 1.0993212460550197
#    },
#    "config_file": "/mnt/home/chess_id7a/.RAW/backup.cfg",
#    "counters": {
#        "Epoch": "73.734",
#        "I1": "0",
#        "I2": "0",
#        "I3": "0",
#        "Seconds": "1",
#        "Time": "1.69277e-05",
#        "date": "Fri May 17 16:35:49 2024",
#        "diode": "15755"
#    },
#    "filename": "D1M0009_80C_040MPa_up_1_data_000001_00001.h5",
#    "history": {},
#    "imageHeader": {},
#    "load_path": "/nfs/chess/daq/current/id7a/Budin_05_16_24/D1M0009/D1M0009_80C_040MPa_up_1_data_000001.h5",
#    "normalizations": {
#        "Absolute_scale": {
#            "Absolute_scale_factor": 0.01111656324368444,
#            "Method": "Water"
#        },
#        "Counter_norms": [
#            [
#                "/",
#                "diode/150000"
#            ]
#        ],
#        "Polarization": {
#            "Used": false
#        },
#        "Solid_Angle_Correction": "On"
#    },
#    "raw_version": "2.1.4"
#}

