### DATA:
#
# 1823
#      Q             I(Q)           Error     
8.75701299E-03  5.32923324E-04  6.02702094E-05
9.00368942E-03  0.00000000E+00  0.00000000E+00
9.25036584E-03  3.60083475E-04  4.09973727E-05
9.49704226E-03  3.33077274E-04  3.79620615E-05
9.74371868E-03  6.05595182E-04  4.82912292E-05
9.99039511E-03  7.99385831E-04  5.16490509E-05
1.02370715E-02  9.68952721E-04  5.38491659E-05
1.04837480E-02  0.00000000E+00  0.00000000E+00
1.07304244E-02  6.55234733E-04  4.25782819E-05
1.09771008E-02  2.08173587E-04  2.38401335E-05
1.12237772E-02  6.24520879E-04  4.06316212E-05
1.14704536E-02  3.41618375E-04  2.75225484E-05
1.17171301E-02  9.25216649E-04  4.60715200E-05
1.19638065E-02  1.38422067E-03  5.34739847E-05
1.22104829E-02  7.65696983E-04  4.57969800E-05
1.24571593E-02  7.34396949E-02  2.30106339E-03
1.27038358E-02  1.65587530E-01  3.88577417E-03
1.29505122E-02  2.83704489E-01  5.09100081E-03
1.31971886E-02  2.75344938E-01  4.18811990E-03
1.34438650E-02  3.02529633E-01  4.32056235E-03
1.36905414E-02  3.13493729E-01  3.97705426E-03
1.39372179E-02  2.96440184E-01  3.55407642E-03
1.41838943E-02  3.18346620E-01  3.58044333E-03
1.44305707E-02  2.84694970E-01  3.12959566E-03
1.46772471E-02  2.96899915E-01  2.77901720E-03
1.49239236E-02  2.85988778E-01  2.58570304E-03
1.51706000E-02  2.69640595E-01  2.42074416E-03
1.54172764E-02  2.60366589E-01  2.26449175E-03
1.56639528E-02  2.53831357E-01  2.07532523E-03
1.59106292E-02  2.61917025E-01  1.96681637E-03
1.61573057E-02  2.61549622E-01  1.89551024E-03
1.64039821E-02  2.38176346E-01  1.71422493E-03
1.66506585E-02  2.40670383E-01  1.58173160E-03
1.68973349E-02  2.19419494E-01  1.42150442E-03
1.71440114E-02  2.36011252E-01  1.45224412E-03
1.73906878E-02  2.26778224E-01  1.28574332E-03
1.76373642E-02  2.11592570E-01  1.18614326E-03
1.78840406E-02  2.11350545E-01  1.12068036E-03
1.81307170E-02  2.06250638E-01  1.03163440E-03
1.83773935E-02  1.89518303E-01  9.97860450E-04
1.86240699E-02  1.88190877E-01  9.97102703E-04
1.88707463E-02  1.82805419E-01  9.33203381E-04
1.91174227E-02  1.68500051E-01  9.08907619E-04
1.93640992E-02  1.60842314E-01  8.57883540E-04
1.96107756E-02  1.54872417E-01  8.61473614E-04
1.98574520E-02  1.50465265E-01  8.25743133E-04
2.01041284E-02  1.47365823E-01  7.84731819E-04
2.03508048E-02  1.31203964E-01  6.92592585E-04
2.05974813E-02  1.35339901E-01  6.53326628E-04
2.08441577E-02  1.28410101E-01  6.25391025E-04
2.10908341E-02  1.22056916E-01  5.52127371E-04
2.13375105E-02  1.18264973E-01  5.36419102E-04
2.15841870E-02  1.19437799E-01  5.17470529E-04
2.18308634E-02  1.14888079E-01  4.82961943E-04
2.20775398E-02  1.16321065E-01  4.73134074E-04
2.23242162E-02  1.12743028E-01  4.48850798E-04
2.25708926E-02  1.10879861E-01  4.32543718E-04
2.28175691E-02  1.06728569E-01  4.21610806E-04
2.30642455E-02  1.08363338E-01  3.89819470E-04
2.33109219E-02  1.05876364E-01  3.98238917E-04
2.35575983E-02  1.03266671E-01  3.60677601E-04
2.38042748E-02  1.00781575E-01  3.52107425E-04
2.40509512E-02  1.02586217E-01  3.42286978E-04
2.42976276E-02  9.64360163E-02  3.05055873E-04
2.45443040E-02  9.75732878E-02  3.12111137E-04
2.47909804E-02  9.64559540E-02  2.88351846E-04
2.50376569E-02  9.65075940E-02  2.78931169E-04
2.52843333E-02  9.58594605E-02  2.62982707E-04
2.55310097E-02  9.48213264E-02  2.48358992E-04
2.57776861E-02  9.19823498E-02  2.40646099E-04
2.60243626E-02  9.35241207E-02  2.42331182E-04
2.62710390E-02  9.06328261E-02  2.38664245E-04
2.65177154E-02  9.26210582E-02  2.36209831E-04
2.67643918E-02  8.86645466E-02  2.41528571E-04
2.70110682E-02  8.64462554E-02  2.37729866E-04
2.72577447E-02  8.98410380E-02  2.22844552E-04
2.75044211E-02  8.99728015E-02  2.30258418E-04
2.77510975E-02  8.84750560E-02  2.12374885E-04
2.79977739E-02  8.35507661E-02  2.17369437E-04
2.82444504E-02  8.70547965E-02  2.11064122E-04
2.84911268E-02  8.58095363E-02  2.15206106E-04
2.87378032E-02  8.69475901E-02  1.88361402E-04
2.89844796E-02  8.55355710E-02  1.80177929E-04
2.92311561E-02  8.34981874E-02  2.00941751E-04
2.94778325E-02  8.30456614E-02  1.82561562E-04
2.97245089E-02  8.41619670E-02  1.81535463E-04
2.99711853E-02  8.22201967E-02  1.71800406E-04
3.02178617E-02  8.34477767E-02  1.75551424E-04
3.04645382E-02  8.11553076E-02  1.85774261E-04
3.07112146E-02  8.28004852E-02  1.81432057E-04
3.09578910E-02  8.29569399E-02  1.65531252E-04
3.12045674E-02  7.96870366E-02  1.61966920E-04
3.14512439E-02  8.40869769E-02  1.69156425E-04
3.16979203E-02  7.76740462E-02  1.63447156E-04
3.19445967E-02  7.69271180E-02  1.51753629E-04
3.21912731E-02  8.09725747E-02  1.64046185E-04
3.24379495E-02  8.02855939E-02  1.61257063E-04
3.26846260E-02  7.79975951E-02  1.57953953E-04
3.29313024E-02  7.86289275E-02  1.60036725E-04
3.31779788E-02  7.59337544E-02  1.58371957E-04
3.34246552E-02  7.87289068E-02  1.59010277E-04
3.36713317E-02  7.54777566E-02  1.63209319E-04
3.39180081E-02  7.93461949E-02  1.69470208E-04
3.41646845E-02  7.86448792E-02  1.54959474E-04
3.44113609E-02  7.75873512E-02  1.52394830E-04
3.46580373E-02  7.61752129E-02  1.56864116E-04
3.49047138E-02  7.64776096E-02  1.58832539E-04
3.51513902E-02  7.53123313E-02  1.55026573E-04
3.53980666E-02  7.47476518E-02  1.52031804E-04
3.56447430E-02  7.64016658E-02  1.51387867E-04
3.58914195E-02  7.84625188E-02  1.51562868E-04
3.61380959E-02  7.71908686E-02  1.53691668E-04
3.63847723E-02  7.86339194E-02  1.42992969E-04
3.66314487E-02  7.70216286E-02  1.48154737E-04
3.68781251E-02  7.65152201E-02  1.51091517E-04
3.71248016E-02  7.63767809E-02  1.59195479E-04
3.73714780E-02  7.65008032E-02  1.50611435E-04
3.76181544E-02  7.44596198E-02  1.46962397E-04
3.78648308E-02  7.65754282E-02  1.45618265E-04
3.81115073E-02  7.57548213E-02  1.46474908E-04
3.83581837E-02  7.47561082E-02  1.39651180E-04
3.86048601E-02  7.49599189E-02  1.44197256E-04
3.88515365E-02  7.39182681E-02  1.35063805E-04
3.90982129E-02  7.54669681E-02  1.44693113E-04
3.93448894E-02  7.55651221E-02  1.45430429E-04
3.95915658E-02  7.95371309E-02  1.43930709E-04
3.98382422E-02  7.66329840E-02  1.48904102E-04
4.00849186E-02  7.78733492E-02  1.54742011E-04
4.03315951E-02  7.63085112E-02  1.43074954E-04
4.05782715E-02  7.68771395E-02  1.44825113E-04
4.08249479E-02  7.67594576E-02  1.40422620E-04
4.10716243E-02  7.81678632E-02  1.37430397E-04
4.13183007E-02  7.73446634E-02  1.49369822E-04
4.15649772E-02  8.01649541E-02  1.46178441E-04
4.18116536E-02  7.68266395E-02  1.36259565E-04
4.20583300E-02  7.83369690E-02  1.41150595E-04
4.23050064E-02  7.68745244E-02  1.40815784E-04
4.25516829E-02  7.96668604E-02  1.45395054E-04
4.27983593E-02  7.92396516E-02  1.41728204E-04
4.30450357E-02  7.97356367E-02  1.44492908E-04
4.32917121E-02  7.84711763E-02  1.42871650E-04
4.35383885E-02  8.04039687E-02  1.40553122E-04
4.37850650E-02  8.11021999E-02  1.46712962E-04
4.40317414E-02  7.89075643E-02  1.37829964E-04
4.42784178E-02  7.93544948E-02  1.35451672E-04
4.45250942E-02  8.01366568E-02  1.52271794E-04
4.47717707E-02  7.98526555E-02  1.39858646E-04
4.50184471E-02  8.23948383E-02  1.43982019E-04
4.52651235E-02  8.01668838E-02  1.36641276E-04
4.55117999E-02  8.36123675E-02  1.34600647E-04
4.57584764E-02  8.07242319E-02  1.35113980E-04
4.60051528E-02  8.23818073E-02  1.42119054E-04
4.62518292E-02  8.09838474E-02  1.44160455E-04
4.64985056E-02  8.14959109E-02  1.40769902E-04
4.67451820E-02  8.18628818E-02  1.38406991E-04
4.69918585E-02  8.08370337E-02  1.40252319E-04
4.72385349E-02  8.20521191E-02  1.33880851E-04
4.74852113E-02  8.49911273E-02  1.39016032E-04
4.77318877E-02  8.44111294E-02  1.40301447E-04
4.79785642E-02  8.77519995E-02  1.43598823E-04
4.82252406E-02  8.71649012E-02  1.38758624E-04
4.84719170E-02  8.62447396E-02  1.38452800E-04
4.87185934E-02  8.72871503E-02  1.47514380E-04
4.89652698E-02  8.73378143E-02  1.40768359E-04
4.92119463E-02  8.62802491E-02  1.43610116E-04
4.94586227E-02  8.81965011E-02  1.43287398E-04
4.97052991E-02  8.90767500E-02  1.43239115E-04
4.99519755E-02  8.70386362E-02  1.45570113E-04
5.01986520E-02  9.01328325E-02  1.37978117E-04
5.04453284E-02  9.02115479E-02  1.43930010E-04
5.06920048E-02  9.07196477E-02  1.39555807E-04
5.09386812E-02  8.93867314E-02  1.44102771E-04
5.11853576E-02  9.19315219E-02  1.42199206E-04
5.14320341E-02  9.13972557E-02  1.40645236E-04
5.16787105E-02  9.28642675E-02  1.46674851E-04
5.19253869E-02  9.16796327E-02  1.40211763E-04
5.21720633E-02  9.18094069E-02  1.41415294E-04
5.24187398E-02  9.29249823E-02  1.46652179E-04
5.26654162E-02  9.53940749E-02  1.38905860E-04
5.29120926E-02  9.46139917E-02  1.45926126E-04
5.31587690E-02  9.45978537E-02  1.39641343E-04
5.34054454E-02  9.60148498E-02  1.40030388E-04
5.36521219E-02  9.63026732E-02  1.40753415E-04
5.38987983E-02  9.33386162E-02  1.50951397E-04
5.41454747E-02  9.76989642E-02  1.46865073E-04
5.43921511E-02  9.61954966E-02  1.39107535E-04
5.46388276E-02  9.64621976E-02  1.39816097E-04
5.48855040E-02  9.90988910E-02  1.47452447E-04
5.51321804E-02  1.01077713E-01  1.51237473E-04
5.53788568E-02  1.01679832E-01  1.50764186E-04
5.56255332E-02  1.02005713E-01  1.54277397E-04
5.58722097E-02  1.03630006E-01  1.53747431E-04
5.61188861E-02  1.06161281E-01  1.60682146E-04
5.63655625E-02  1.06851250E-01  1.61195989E-04
5.66122389E-02  1.08443782E-01  1.62753888E-04
5.68589154E-02  1.09289423E-01  1.60010735E-04
5.71055918E-02  1.09911792E-01  1.69609746E-04
5.73522682E-02  1.12096027E-01  1.64448982E-04
5.75989446E-02  1.16198957E-01  1.78341434E-04
5.78456210E-02  1.18582554E-01  1.86058751E-04
5.80922975E-02  1.15736745E-01  1.79975061E-04
5.83389739E-02  1.24042764E-01  2.00054870E-04
5.85856503E-02  1.21765718E-01  2.00316688E-04
5.88323267E-02  1.25874281E-01  2.18704416E-04
5.90790032E-02  1.30175531E-01  2.22552248E-04
5.93256796E-02  1.32608309E-01  2.41301910E-04
5.95723560E-02  1.41160160E-01  2.65248644E-04
5.98190324E-02  1.44251779E-01  2.81510351E-04
6.00657088E-02  1.50423527E-01  3.00325803E-04
6.03123853E-02  1.52417690E-01  3.10749427E-04
6.05590617E-02  1.59679532E-01  3.00749118E-04
6.08057381E-02  1.65982038E-01  3.43120308E-04
6.10524145E-02  1.72485635E-01  3.60639999E-04
6.12990910E-02  1.74956188E-01  3.43379972E-04
6.15457674E-02  1.80086330E-01  3.59737140E-04
6.17924438E-02  1.91348821E-01  4.00691613E-04
6.20391202E-02  1.89868569E-01  3.81006103E-04
6.22857966E-02  1.92381203E-01  3.79072007E-04
6.25324731E-02  1.99452505E-01  3.89009103E-04
6.27791495E-02  2.03489229E-01  3.85975785E-04
6.30258259E-02  2.09938124E-01  3.95114097E-04
6.32725023E-02  2.10295483E-01  3.81301536E-04
6.35191788E-02  2.15257093E-01  3.76639102E-04
6.37658552E-02  2.16546893E-01  3.81485559E-04
6.40125316E-02  2.20072523E-01  3.71522998E-04
6.42592080E-02  2.23740265E-01  3.73977527E-04
6.45058845E-02  2.23076031E-01  3.57193523E-04
6.47525609E-02  2.24801928E-01  3.63277824E-04
6.49992373E-02  2.28487357E-01  3.71043629E-04
6.52459137E-02  2.29936123E-01  3.56501638E-04
6.54925901E-02  2.33432114E-01  3.60546954E-04
6.57392666E-02  2.35083848E-01  3.65611020E-04
6.59859430E-02  2.38349885E-01  3.76752490E-04
6.62326194E-02  2.36709759E-01  3.71561386E-04
6.64792958E-02  2.43334278E-01  3.82111175E-04
6.67259723E-02  2.42984787E-01  3.84916319E-04
6.69726487E-02  2.45138273E-01  3.95273906E-04
6.72193251E-02  2.40235716E-01  4.06154926E-04
6.74660015E-02  2.42971897E-01  4.08590568E-04
6.77126779E-02  2.44994476E-01  4.21574310E-04
6.79593544E-02  2.35911682E-01  4.32995352E-04
6.82060308E-02  2.37232000E-01  4.23669437E-04
6.84527072E-02  2.28895187E-01  4.35563532E-04
6.86993836E-02  2.19884381E-01  4.31971275E-04
6.89460601E-02  2.12706491E-01  4.00967227E-04
6.91927365E-02  2.02094883E-01  3.99561512E-04
6.94394129E-02  1.92245632E-01  3.65228130E-04
6.96860893E-02  1.80595025E-01  3.46464221E-04
6.99327657E-02  1.67418689E-01  3.00429005E-04
7.01794422E-02  1.57625198E-01  2.75903818E-04
7.04261186E-02  1.49902046E-01  2.53863371E-04
7.06727950E-02  1.41946331E-01  2.15857217E-04
7.09194714E-02  1.33353040E-01  2.06541008E-04
7.11661479E-02  1.28341123E-01  1.92510852E-04
7.14128243E-02  1.21884644E-01  1.73883280E-04
7.16595007E-02  1.17952228E-01  1.69214080E-04
7.19061771E-02  1.16171621E-01  1.61230084E-04
7.21528535E-02  1.09823368E-01  1.54686699E-04
7.23995300E-02  1.08098842E-01  1.51021668E-04
7.26462064E-02  1.05940647E-01  1.45308892E-04
7.28928828E-02  1.01979442E-01  1.42969278E-04
7.31395592E-02  1.02824166E-01  1.38672753E-04
7.33862357E-02  1.00305453E-01  1.35958486E-04
7.36329121E-02  9.92968306E-02  1.34277463E-04
7.38795885E-02  9.56816375E-02  1.27338470E-04
7.41262649E-02  9.44905654E-02  1.27425286E-04
7.43729413E-02  9.33457911E-02  1.23001824E-04
7.46196178E-02  9.07840952E-02  1.28997883E-04
7.48662942E-02  9.11102444E-02  1.24566592E-04
7.51129706E-02  8.95870999E-02  1.27251202E-04
7.53596470E-02  8.84635597E-02  1.18298347E-04
7.56063235E-02  8.73694718E-02  1.15448587E-04
7.58529999E-02  8.87566060E-02  1.24202532E-04
7.60996763E-02  8.73644501E-02  1.22325393E-04
7.63463527E-02  8.77344906E-02  1.21839053E-04
7.65930291E-02  8.74000639E-02  1.17139534E-04
7.68397056E-02  8.63988847E-02  1.17574986E-04
7.70863820E-02  8.58654827E-02  1.16644580E-04
7.73330584E-02  8.48712400E-02  1.19106284E-04
7.75797348E-02  8.47106650E-02  1.13115391E-04
7.78264113E-02  8.46757144E-02  1.13495145E-04
7.80730877E-02  8.27399790E-02  1.12212401E-04
7.83197641E-02  8.36859867E-02  1.16127085E-04
7.85664405E-02  8.27494040E-02  1.13827198E-04
7.88131169E-02  8.29147249E-02  1.09460321E-04
7.90597934E-02  8.42518806E-02  1.14856753E-04
7.93064698E-02  8.15950781E-02  1.07983629E-04
7.95531462E-02  8.17383751E-02  1.13349604E-04
7.97998226E-02  8.27165768E-02  1.13071932E-04
8.00464991E-02  8.14280659E-02  1.13825248E-04
8.02931755E-02  8.39680880E-02  1.11417117E-04
8.05398519E-02  8.03974792E-02  1.07883425E-04
8.07865283E-02  8.03235918E-02  1.12666537E-04
8.10332047E-02  8.18017051E-02  1.09896704E-04
8.12798812E-02  7.96566457E-02  1.15202129E-04
8.15265576E-02  8.06334466E-02  1.06504609E-04
8.17732340E-02  8.09637532E-02  1.10473447E-04
8.20199104E-02  7.97183812E-02  1.08666267E-04
8.22665869E-02  7.85195678E-02  1.11117595E-04
8.25132633E-02  7.97547922E-02  1.10321846E-04
8.27599397E-02  7.96990171E-02  1.08352317E-04
8.30066161E-02  7.80515894E-02  1.07423366E-04
8.32532926E-02  7.85000995E-02  1.05360661E-04
8.34999690E-02  7.82284290E-02  1.09200977E-04
8.37466454E-02  7.79196247E-02  1.11082263E-04
8.39933218E-02  7.93452337E-02  1.04708415E-04
8.42399982E-02  7.62504488E-02  1.07336644E-04
8.44866747E-02  7.88088664E-02  1.06114363E-04
8.47333511E-02  7.81119838E-02  1.08695174E-04
8.49800275E-02  7.69332573E-02  1.07235217E-04
8.52267039E-02  7.78094381E-02  1.00691104E-04
8.54733804E-02  7.65256807E-02  1.03992861E-04
8.57200568E-02  7.74776712E-02  1.04656690E-04
8.59667332E-02  7.63620958E-02  1.07813445E-04
8.62134096E-02  7.71073252E-02  1.04829662E-04
8.64600860E-02  7.73690939E-02  1.02719379E-04
8.67067625E-02  7.63965026E-02  1.05410327E-04
8.69534389E-02  7.59115741E-02  1.01385995E-04
8.72001153E-02  7.59406313E-02  1.06430431E-04
8.74467917E-02  7.65464678E-02  1.05045634E-04
8.76934682E-02  7.61208981E-02  9.83910213E-05
8.79401446E-02  7.70941526E-02  1.03475795E-04
8.81868210E-02  7.68657997E-02  1.04175138E-04
8.84334974E-02  7.72424564E-02  1.03074359E-04
8.86801738E-02  7.49756545E-02  9.85999868E-05
8.89268503E-02  7.68084377E-02  1.05380706E-04
8.91735267E-02  7.35661611E-02  1.01506543E-04
8.94202031E-02  7.52752274E-02  1.01453727E-04
8.96668795E-02  7.48108998E-02  9.97872339E-05
8.99135560E-02  7.54942372E-02  1.00968296E-04
9.01602324E-02  7.37321153E-02  9.93545982E-05
9.04069088E-02  7.59769380E-02  9.69356552E-05
9.06535852E-02  7.43646622E-02  1.04245264E-04
9.09002616E-02  7.51841143E-02  1.01180136E-04
9.11469381E-02  7.44196549E-02  1.01564779E-04
9.13936145E-02  7.42911100E-02  1.00134821E-04
9.16402909E-02  7.44756088E-02  9.96225062E-05
9.18869673E-02  7.41641819E-02  9.97453244E-05
9.21336438E-02  7.45486096E-02  9.84319122E-05
9.23803202E-02  7.39833787E-02  9.61119731E-05
9.26269966E-02  7.13521987E-02  9.92918649E-05
9.28736730E-02  7.53400475E-02  9.71245900E-05
9.31203494E-02  7.42189884E-02  9.73871211E-05
9.33670259E-02  7.40419254E-02  9.75047951E-05
9.36137023E-02  7.49042109E-02  9.59940517E-05
9.38603787E-02  7.59171247E-02  1.00235273E-04
9.41070551E-02  7.30902329E-02  9.57294178E-05
9.43537316E-02  7.45895877E-02  1.03296341E-04
9.46004080E-02  7.47418031E-02  1.04717983E-04
9.48470844E-02  7.39066601E-02  1.00088175E-04
9.50937608E-02  7.36176893E-02  9.80183468E-05
9.53404372E-02  7.35827535E-02  9.53015769E-05
9.55871137E-02  7.49922767E-02  9.99850454E-05
9.58337901E-02  7.35781118E-02  9.73487695E-05
9.60804665E-02  7.50507489E-02  9.94980219E-05
9.63271429E-02  7.35518038E-02  1.00753590E-04
9.65738194E-02  7.51238689E-02  9.77255113E-05
9.68204958E-02  7.39911348E-02  9.69442408E-05
9.70671722E-02  7.27726221E-02  9.50292670E-05
9.73138486E-02  7.58961663E-02  9.81138801E-05
9.75605250E-02  7.38296956E-02  9.62192280E-05
9.78072015E-02  7.52053559E-02  9.76577430E-05
9.80538779E-02  7.48484880E-02  9.83536593E-05
9.83005543E-02  7.46555254E-02  9.85993975E-05
9.85472307E-02  7.52060115E-02  9.44856074E-05
9.87939072E-02  7.45127872E-02  1.00513163E-04
9.90405836E-02  7.42092952E-02  9.73526039E-05
9.92872600E-02  7.39920661E-02  9.58003875E-05
9.95339364E-02  7.58062825E-02  9.94890579E-05
9.97806128E-02  7.55125284E-02  9.55965734E-05
1.00027289E-01  7.49432817E-02  9.74324284E-05
1.00273966E-01  7.60274604E-02  9.78708631E-05
1.00520642E-01  7.56053925E-02  1.00078047E-04
1.00767319E-01  7.68469125E-02  9.81769554E-05
1.01013995E-01  7.63670430E-02  9.91381530E-05
1.01260671E-01  7.66271204E-02  9.68356107E-05
1.01507348E-01  7.75584206E-02  9.93572103E-05
1.01754024E-01  7.76161179E-02  9.99644035E-05
1.02000701E-01  7.64146373E-02  9.69951434E-05
1.02247377E-01  7.83353224E-02  1.05126222E-04
1.02494053E-01  7.73289651E-02  9.79453762E-05
1.02740730E-01  7.89102390E-02  9.73068163E-05
1.02987406E-01  8.01864713E-02  9.80380355E-05
1.03234083E-01  7.96118975E-02  1.00182828E-04
1.03480759E-01  7.99866170E-02  9.81349804E-05
1.03727436E-01  8.01155195E-02  1.02055783E-04
1.03974112E-01  8.25073570E-02  1.02782724E-04
1.04220788E-01  8.16360638E-02  1.03455161E-04
1.04467465E-01  8.24815109E-02  1.05278959E-04
1.04714141E-01  8.48190337E-02  1.03881481E-04
1.04960818E-01  8.51958320E-02  1.03631486E-04
1.05207494E-01  8.53842869E-02  1.07847314E-04
1.05454171E-01  8.85023177E-02  1.15421084E-04
1.05700847E-01  8.92660096E-02  1.09331348E-04
1.05947523E-01  8.87166038E-02  1.13888069E-04
1.06194200E-01  9.16001350E-02  1.20007411E-04
1.06440876E-01  9.30012614E-02  1.17978350E-04
1.06687553E-01  9.51185152E-02  1.21276273E-04
1.06934229E-01  9.73830521E-02  1.20523247E-04
1.07180906E-01  9.75275785E-02  1.27822394E-04
1.07427582E-01  9.94861126E-02  1.22089783E-04
1.07674258E-01  9.95208248E-02  1.25036648E-04
1.07920935E-01  1.01403520E-01  1.27107356E-04
1.08167611E-01  1.02916829E-01  1.25415987E-04
1.08414288E-01  1.04837738E-01  1.30044136E-04
1.08660964E-01  1.08204015E-01  1.32277783E-04
1.08907640E-01  1.09098658E-01  1.31467299E-04
1.09154317E-01  1.11554764E-01  1.32264657E-04
1.09400993E-01  1.12316392E-01  1.31530032E-04
1.09647670E-01  1.15318634E-01  1.33886802E-04
1.09894346E-01  1.15113780E-01  1.33476395E-04
1.10141023E-01  1.15312800E-01  1.30928092E-04
1.10387699E-01  1.17148221E-01  1.32133966E-04
1.10634375E-01  1.20121010E-01  1.34671049E-04
1.10881052E-01  1.22032836E-01  1.35691094E-04
1.11127728E-01  1.23023145E-01  1.34054106E-04
1.11374405E-01  1.22314528E-01  1.35339069E-04
1.11621081E-01  1.22795522E-01  1.32615736E-04
1.11867758E-01  1.24750085E-01  1.36576520E-04
1.12114434E-01  1.23036563E-01  1.36983799E-04
1.12361110E-01  1.23930395E-01  1.35578171E-04
1.12607787E-01  1.23082981E-01  1.42565652E-04
1.12854463E-01  1.23776257E-01  1.41617711E-04
1.13101140E-01  1.21451080E-01  1.39506126E-04
1.13347816E-01  1.20975912E-01  1.44798265E-04
1.13594493E-01  1.20908931E-01  1.45080383E-04
1.13841169E-01  1.15021251E-01  1.45422062E-04
1.14087845E-01  1.13678187E-01  1.43380152E-04
1.14334522E-01  1.14238441E-01  1.44103105E-04
1.14581198E-01  1.10992976E-01  1.37316747E-04
1.14827875E-01  1.07169434E-01  1.34888614E-04
1.15074551E-01  1.05624475E-01  1.37875424E-04
1.15321227E-01  1.02521159E-01  1.30035289E-04
1.15567904E-01  1.00107893E-01  1.30522298E-04
1.15814580E-01  9.78041887E-02  1.29950015E-04
1.16061257E-01  9.57681909E-02  1.21118232E-04
1.16307933E-01  9.06897262E-02  1.20364319E-04
1.16554610E-01  9.07907411E-02  1.18839824E-04
1.16801286E-01  8.68543983E-02  1.15410541E-04
1.17047962E-01  8.60654637E-02  1.16135736E-04
1.17294639E-01  8.43763053E-02  1.11870890E-04
1.17541315E-01  8.26700851E-02  1.08604727E-04
1.17787992E-01  8.26239735E-02  1.09576475E-04
1.18034668E-01  8.17906633E-02  1.05472507E-04
1.18281345E-01  8.22977498E-02  1.06155661E-04
1.18528021E-01  7.77122378E-02  9.97383322E-05
1.18774697E-01  7.88473040E-02  1.01411490E-04
1.19021374E-01  7.69159198E-02  9.98327741E-05
1.19268050E-01  7.70223960E-02  1.01575519E-04
1.19514727E-01  7.73509890E-02  9.88573738E-05
1.19761403E-01  7.72573501E-02  1.00041289E-04
1.20008079E-01  7.46965930E-02  9.55634314E-05
1.20254756E-01  7.42311999E-02  9.66763764E-05
1.20501432E-01  7.58306757E-02  9.66658772E-05
1.20748109E-01  7.51388893E-02  9.08395377E-05
1.20994785E-01  7.38150999E-02  9.43815467E-05
1.21241462E-01  7.35046118E-02  9.25782006E-05
1.21488138E-01  7.40436986E-02  9.27674482E-05
1.21734814E-01  7.25981295E-02  9.45202410E-05
1.21981491E-01  7.38996863E-02  9.25211207E-05
1.22228167E-01  7.37903565E-02  9.05298948E-05
1.22474844E-01  7.37172067E-02  9.18657097E-05
1.22721520E-01  7.46157318E-02  9.78371827E-05
1.22968197E-01  7.37874880E-02  9.66891166E-05
1.23214873E-01  7.43752792E-02  9.55624055E-05
1.23461549E-01  7.36615434E-02  9.46366417E-05
1.23708226E-01  7.39996582E-02  9.26295179E-05
1.23954902E-01  7.38187805E-02  9.33180272E-05
1.24201579E-01  7.55742341E-02  9.29923845E-05
1.24448255E-01  7.67379552E-02  9.62756676E-05
1.24694932E-01  7.60381669E-02  9.36776996E-05
1.24941608E-01  7.58124292E-02  9.29422386E-05
1.25188284E-01  7.72263557E-02  9.63420971E-05
1.25434961E-01  7.66737312E-02  9.41724647E-05
1.25681637E-01  7.91505203E-02  9.83081918E-05
1.25928314E-01  7.80756995E-02  9.51438196E-05
1.26174990E-01  7.76638538E-02  9.24726191E-05
1.26421666E-01  7.92141259E-02  9.36205470E-05
1.26668343E-01  7.86424205E-02  9.31796167E-05
1.26915019E-01  7.87027478E-02  9.62755221E-05
1.27161696E-01  7.99305588E-02  9.75262665E-05
1.27408372E-01  7.93391019E-02  9.50755202E-05
1.27655049E-01  8.06796253E-02  9.61039332E-05
1.27901725E-01  8.05075690E-02  9.05604393E-05
1.28148401E-01  7.97722563E-02  9.62648337E-05
1.28395078E-01  8.04192796E-02  9.48744564E-05
1.28641754E-01  7.90079534E-02  9.37289878E-05
1.28888431E-01  7.94712603E-02  9.27787551E-05
1.29135107E-01  8.05780813E-02  9.60051111E-05
1.29381784E-01  8.11195225E-02  9.44270287E-05
1.29628460E-01  7.82504901E-02  9.32368639E-05
1.29875136E-01  8.07340369E-02  9.28814407E-05
1.30121813E-01  7.92582780E-02  9.41849503E-05
1.30368489E-01  7.83977062E-02  9.16592253E-05
1.30615166E-01  7.78616369E-02  9.46112923E-05
1.30861842E-01  7.73115158E-02  9.39468810E-05
1.31108518E-01  7.78071135E-02  9.35597855E-05
1.31355195E-01  7.77066574E-02  9.70993860E-05
1.31601871E-01  7.64971152E-02  9.19193772E-05
1.31848548E-01  7.60157034E-02  9.28337467E-05
1.32095224E-01  7.37739950E-02  8.95810808E-05
1.32341901E-01  7.26845488E-02  8.76011836E-05
1.32588577E-01  7.38237053E-02  8.93491087E-05
1.32835253E-01  7.13380054E-02  8.87497663E-05
1.33081930E-01  7.08247796E-02  8.85096670E-05
1.33328606E-01  6.98690861E-02  8.81481028E-05
1.33575283E-01  6.96558282E-02  8.42369118E-05
1.33821959E-01  6.82423562E-02  8.64580070E-05
1.34068636E-01  6.81248158E-02  8.59178617E-05
1.34315312E-01  6.64250776E-02  8.23444134E-05
1.34561988E-01  6.75637200E-02  8.47991614E-05
1.34808665E-01  6.67020082E-02  8.14560772E-05
1.35055341E-01  6.53507113E-02  8.45356117E-05
1.35302018E-01  6.54340908E-02  8.37461412E-05
1.35548694E-01  6.35766611E-02  8.19111156E-05
1.35795371E-01  6.35359362E-02  8.23684386E-05
1.36042047E-01  6.32255226E-02  8.19176275E-05
1.36288723E-01  6.23277202E-02  8.08256591E-05
1.36535400E-01  6.13523573E-02  8.00065027E-05
1.36782076E-01  6.23233952E-02  8.11160644E-05
1.37028753E-01  6.29015714E-02  8.00622802E-05
1.37275429E-01  6.07629493E-02  8.15941312E-05
1.37522105E-01  5.91291785E-02  7.74587388E-05
1.37768782E-01  6.08143397E-02  7.90034028E-05
1.38015458E-01  5.95377795E-02  7.78339236E-05
1.38262135E-01  5.91432191E-02  7.61582487E-05
1.38508811E-01  6.06330261E-02  8.02237264E-05
1.38755488E-01  5.93668371E-02  7.56170703E-05
1.39002164E-01  5.76913841E-02  7.56220761E-05
1.39248840E-01  5.91034554E-02  7.87314129E-05
1.39495517E-01  5.78846037E-02  7.67032543E-05
1.39742193E-01  5.98819405E-02  7.64894867E-05
1.39988870E-01  5.76734543E-02  7.69835679E-05
1.40235546E-01  5.66124320E-02  7.59487230E-05
1.40482223E-01  5.72775006E-02  7.55309011E-05
1.40728899E-01  5.79229891E-02  7.43720811E-05
1.40975575E-01  5.65288365E-02  7.34877030E-05
1.41222252E-01  5.66435270E-02  7.36753718E-05
1.41468928E-01  5.62254451E-02  7.24317433E-05
1.41715605E-01  5.49395084E-02  7.32672997E-05
1.41962281E-01  5.62489778E-02  7.53378117E-05
1.42208957E-01  5.59476875E-02  7.46996811E-05
1.42455634E-01  5.63808419E-02  6.96005518E-05
1.42702310E-01  5.50098568E-02  7.00473174E-05
1.42948987E-01  5.51808141E-02  7.34893620E-05
1.43195663E-01  5.56178987E-02  7.19279633E-05
1.43442340E-01  5.51896691E-02  7.27211664E-05
1.43689016E-01  5.43533117E-02  7.22933255E-05
1.43935692E-01  5.45624718E-02  7.23428311E-05
1.44182369E-01  5.34222983E-02  7.15753704E-05
1.44429045E-01  5.47133870E-02  6.94260525E-05
1.44675722E-01  5.32063618E-02  7.04913255E-05
1.44922398E-01  5.42590655E-02  7.10387321E-05
1.45169075E-01  5.37243560E-02  7.07518775E-05
1.45415751E-01  5.39572351E-02  7.27724400E-05
1.45662427E-01  5.38959354E-02  7.14816269E-05
1.45909104E-01  5.36401644E-02  6.96491043E-05
1.46155780E-01  5.32719344E-02  7.18650117E-05
1.46402457E-01  5.23874201E-02  7.13684203E-05
1.46649133E-01  5.26121259E-02  6.95513154E-05
1.46895810E-01  5.24464659E-02  6.93295951E-05
1.47142486E-01  5.28108664E-02  6.92469112E-05
1.47389162E-01  5.19983061E-02  6.94992050E-05
1.47635839E-01  5.20605966E-02  6.99293596E-05
1.47882515E-01  5.16865887E-02  6.99263910E-05
1.48129192E-01  5.20171523E-02  6.83535400E-05
1.48375868E-01  5.24569564E-02  6.78858923E-05
1.48622544E-01  5.31962253E-02  7.17590083E-05
1.48869221E-01  5.12765832E-02  6.83438411E-05
1.49115897E-01  5.23426868E-02  6.75964329E-05
1.49362574E-01  5.19690476E-02  6.91878231E-05
1.49609250E-01  5.19696809E-02  7.01011377E-05
1.49855927E-01  5.05196005E-02  6.77600328E-05
1.50102603E-01  5.07706515E-02  6.86493222E-05
1.50349279E-01  5.17813489E-02  6.90636443E-05
1.50595956E-01  5.12809083E-02  7.02181133E-05
1.50842632E-01  5.03082760E-02  6.61026279E-05
1.51089309E-01  5.15748374E-02  6.73427930E-05
1.51335985E-01  5.08718342E-02  6.77898424E-05
1.51582662E-01  5.08030578E-02  6.76563650E-05
1.51829338E-01  5.04447035E-02  6.82338068E-05
1.52076014E-01  5.06719686E-02  6.65976113E-05
1.52322691E-01  5.07576875E-02  6.91065507E-05
1.52569367E-01  5.07986732E-02  6.92599060E-05
1.52816044E-01  5.10861948E-02  6.73429240E-05
1.53062720E-01  5.11659347E-02  6.77675635E-05
1.53309397E-01  4.92854789E-02  6.83909966E-05
1.53556073E-01  4.98952866E-02  6.81885504E-05
1.53802749E-01  5.04482724E-02  6.72624374E-05
1.54049426E-01  5.08584008E-02  6.71140806E-05
1.54296102E-01  5.14290370E-02  6.72644601E-05
1.54542779E-01  4.97199036E-02  6.69473229E-05
1.54789455E-01  4.93013971E-02  6.66279157E-05
1.55036131E-01  4.95016314E-02  6.41609440E-05
1.55282808E-01  4.94562611E-02  6.71573580E-05
1.55529484E-01  5.02769873E-02  6.58933786E-05
1.55776161E-01  4.93421033E-02  6.40249127E-05
1.56022837E-01  4.92560118E-02  6.35855176E-05
1.56269514E-01  5.03173098E-02  6.52989111E-05
1.56516190E-01  5.04220128E-02  6.90195593E-05
1.56762866E-01  4.94168252E-02  6.58280478E-05
1.57009543E-01  4.94696833E-02  6.40860089E-05
1.57256219E-01  4.91684377E-02  6.36855111E-05
1.57502896E-01  4.93169278E-02  6.34480311E-05
1.57749572E-01  4.90499921E-02  6.59386424E-05
1.57996249E-01  4.88895364E-02  6.65423795E-05
1.58242925E-01  4.90116738E-02  6.64701292E-05
1.58489601E-01  4.86383848E-02  6.31587318E-05
1.58736278E-01  4.94550169E-02  6.52011295E-05
1.58982954E-01  4.84107174E-02  6.46438493E-05
1.59229631E-01  4.84966896E-02  6.49092835E-05
1.59476307E-01  4.84583899E-02  6.48811110E-05
1.59722983E-01  4.83993441E-02  6.43102321E-05
1.59969660E-01  4.89195175E-02  6.50318325E-05
1.60216336E-01  4.76080962E-02  6.27641130E-05
1.60463013E-01  4.90186103E-02  6.55850454E-05
1.60709689E-01  4.80350219E-02  6.32010779E-05
1.60956366E-01  4.79276441E-02  6.52248273E-05
1.61203042E-01  4.88506220E-02  6.59231591E-05
1.61449718E-01  4.92363013E-02  6.46031694E-05
1.61696395E-01  4.87162322E-02  6.38713755E-05
1.61943071E-01  4.86082397E-02  6.39398204E-05
1.62189748E-01  4.88909408E-02  6.40339495E-05
1.62436424E-01  4.90610935E-02  6.41301885E-05
1.62683101E-01  4.98660803E-02  6.38800047E-05
1.62929777E-01  4.98988219E-02  6.33047675E-05
1.63176453E-01  4.87376973E-02  6.47326087E-05
1.63423130E-01  4.91048731E-02  6.52462331E-05
1.63669806E-01  4.95245047E-02  6.46442859E-05
1.63916483E-01  4.88281474E-02  6.36208861E-05
1.64163159E-01  4.94941920E-02  6.37185440E-05
1.64409836E-01  5.00726998E-02  6.44493703E-05
1.64656512E-01  4.99431416E-02  6.42085652E-05
1.64903188E-01  4.90070544E-02  6.27137197E-05
1.65149865E-01  4.95985001E-02  6.36635596E-05
1.65396541E-01  4.90210541E-02  6.14749297E-05
1.65643218E-01  5.06545492E-02  6.58432036E-05
1.65889894E-01  4.89609502E-02  6.40967337E-05
1.66136570E-01  4.85563800E-02  6.25903995E-05
1.66383247E-01  5.02508134E-02  6.32494994E-05
1.66629923E-01  4.90360036E-02  6.21944055E-05
1.66876600E-01  4.95167002E-02  6.31856456E-05
1.67123276E-01  4.99868952E-02  6.45291730E-05
1.67369953E-01  5.02082966E-02  6.51290102E-05
1.67616629E-01  5.06515019E-02  6.43401072E-05
1.67863305E-01  5.06830886E-02  6.29710630E-05
1.68109982E-01  4.97147962E-02  6.39443679E-05
1.68356658E-01  4.90999669E-02  6.14481469E-05
1.68603335E-01  5.02020270E-02  6.42442901E-05
1.68850011E-01  4.88682017E-02  6.52202434E-05
1.69096688E-01  4.98636290E-02  6.48813802E-05
1.69343364E-01  4.89757694E-02  6.24763416E-05
1.69590040E-01  4.92544547E-02  6.40629078E-05
1.69836717E-01  4.88116182E-02  6.31150688E-05
1.70083393E-01  4.98780645E-02  6.37475387E-05
1.70330070E-01  4.87347618E-02  6.25260436E-05
1.70576746E-01  4.80855741E-02  6.56257689E-05
1.70823422E-01  4.91085872E-02  6.23443630E-05
1.71070099E-01  4.90838289E-02  6.35919714E-05
1.71316775E-01  4.92370799E-02  6.15264871E-05
1.71563452E-01  4.86588292E-02  6.25430184E-05
1.71810128E-01  4.86810505E-02  6.21013969E-05
1.72056805E-01  4.86220717E-02  6.20537903E-05
1.72303481E-01  4.70006317E-02  6.40746584E-05
1.72550157E-01  4.73211855E-02  6.11682626E-05
1.72796834E-01  4.70206849E-02  5.99982450E-05
1.73043510E-01  4.73485552E-02  6.13294469E-05
1.73290187E-01  4.75878641E-02  6.23701781E-05
1.73536863E-01  4.76464443E-02  6.29863716E-05
1.73783540E-01  4.62139547E-02  6.11788055E-05
1.74030216E-01  4.57748920E-02  5.99497289E-05
1.74276892E-01  4.64406088E-02  6.05636269E-05
1.74523569E-01  4.56093922E-02  6.09400377E-05
1.74770245E-01  4.60589640E-02  5.91269672E-05
1.75016922E-01  4.64273058E-02  5.97877006E-05
1.75263598E-01  4.52909358E-02  6.20839637E-05
1.75510275E-01  4.43152003E-02  5.79580155E-05
1.75756951E-01  4.51287478E-02  6.02795517E-05
1.76003627E-01  4.49214019E-02  6.06348949E-05
1.76250304E-01  4.45980877E-02  5.93003351E-05
1.76496980E-01  4.46999371E-02  5.87566428E-05
1.76743657E-01  4.35897484E-02  5.78304243E-05
1.76990333E-01  4.37448807E-02  5.91314674E-05
1.77237009E-01  4.36155833E-02  5.66594645E-05
1.77483686E-01  4.32584547E-02  5.72081299E-05
1.77730362E-01  4.26638983E-02  5.68596042E-05
1.77977039E-01  4.33843508E-02  5.75187951E-05
1.78223715E-01  4.30342145E-02  5.76732564E-05
1.78470392E-01  4.43981513E-02  5.75814556E-05
1.78717068E-01  4.33297046E-02  5.49015640E-05
1.78963744E-01  4.31837216E-02  5.62412533E-05
1.79210421E-01  4.25513014E-02  5.59207037E-05
1.79457097E-01  4.33158651E-02  5.71849159E-05
1.79703774E-01  4.30626906E-02  5.61825727E-05
1.79950450E-01  4.37448397E-02  5.84867266E-05
1.80197127E-01  4.29038480E-02  5.74730439E-05
1.80443803E-01  4.29025292E-02  5.67628667E-05
1.80690479E-01  4.29020710E-02  5.69803015E-05
1.80937156E-01  4.25945707E-02  5.57023050E-05
1.81183832E-01  4.19057049E-02  5.39090033E-05
1.81430509E-01  4.16211784E-02  5.66005365E-05
1.81677185E-01  4.25723977E-02  5.57169587E-05
1.81923861E-01  4.22701091E-02  5.60990411E-05
1.82170538E-01  4.20389324E-02  5.60991866E-05
1.82417214E-01  4.23316099E-02  5.56290543E-05
1.82663891E-01  4.20657508E-02  5.59782748E-05
1.82910567E-01  4.19086739E-02  5.56070881E-05
1.83157244E-01  4.21512723E-02  5.55861770E-05
1.83403920E-01  4.17404696E-02  5.70575212E-05
1.83650596E-01  4.30938341E-02  5.59620530E-05
1.83897273E-01  4.19197157E-02  5.51378398E-05
1.84143949E-01  4.25443798E-02  5.72804056E-05
1.84390626E-01  4.17141281E-02  5.41369081E-05
1.84637302E-01  4.20316570E-02  5.55755469E-05
1.84883979E-01  4.28185053E-02  5.78394101E-05
1.85130655E-01  4.30792645E-02  5.66568742E-05
1.85377331E-01  4.18310091E-02  5.45103248E-05
1.85624008E-01  4.13851961E-02  5.51418343E-05
1.85870684E-01  4.22090515E-02  5.60610970E-05
1.86117361E-01  4.22885865E-02  5.28140336E-05
1.86364037E-01  4.19157892E-02  5.49592405E-05
1.86610714E-01  4.23219614E-02  5.65090413E-05
1.86857390E-01  4.15996052E-02  5.55986626E-05
1.87104066E-01  4.24054042E-02  5.47272211E-05
1.87350743E-01  4.24340516E-02  5.52314341E-05
1.87597419E-01  4.13537361E-02  5.31103651E-05
1.87844096E-01  4.15803343E-02  5.53137543E-05
1.88090772E-01  4.16657962E-02  5.51844059E-05
1.88337448E-01  4.10424732E-02  5.52943275E-05
1.88584125E-01  4.23084535E-02  5.58111497E-05
1.88830801E-01  4.19810899E-02  5.56736122E-05
1.89077478E-01  4.17891033E-02  5.57482927E-05
1.89324154E-01  4.27399538E-02  5.47830496E-05
1.89570831E-01  4.30332869E-02  5.47064374E-05
1.89817507E-01  4.25074250E-02  5.34442952E-05
1.90064183E-01  4.19699550E-02  5.30858379E-05
1.90310860E-01  4.16823886E-02  5.46885603E-05
1.90557536E-01  4.22300138E-02  5.65657792E-05
1.90804213E-01  4.19568755E-02  5.42417947E-05
1.91050889E-01  4.22433130E-02  5.40655892E-05
1.91297566E-01  4.23250683E-02  5.53763712E-05
1.91544242E-01  4.16796245E-02  5.46623924E-05
1.91790918E-01  4.10207212E-02  5.47033887E-05
1.92037595E-01  4.17520329E-02  5.58041575E-05
1.92284271E-01  4.22959514E-02  5.37686574E-05
1.92530948E-01  4.17413898E-02  5.44858340E-05
1.92777624E-01  4.29453403E-02  5.55070983E-05
1.93024301E-01  4.14254069E-02  5.41364752E-05
1.93270977E-01  4.10863869E-02  5.47414638E-05
1.93517653E-01  4.10579555E-02  5.54457147E-05
1.93764330E-01  4.13158424E-02  5.46832962E-05
1.94011006E-01  4.17996794E-02  5.33926650E-05
1.94257683E-01  4.09001708E-02  5.22141236E-05
1.94504359E-01  4.07982059E-02  5.34530773E-05
1.94751035E-01  4.16812524E-02  5.23604358E-05
1.94997712E-01  4.16157320E-02  5.38596432E-05
1.95244388E-01  4.17396948E-02  5.43126916E-05
1.95491065E-01  4.12907228E-02  5.34735336E-05
1.95737741E-01  4.01036441E-02  5.24831339E-05
1.95984418E-01  4.13966961E-02  5.36051375E-05
1.96231094E-01  4.14417051E-02  5.31063852E-05
1.96477770E-01  4.02865224E-02  5.32610029E-05
1.96724447E-01  4.06987928E-02  5.28101300E-05
1.96971123E-01  3.97822075E-02  5.40923102E-05
1.97217800E-01  4.05813120E-02  5.19363166E-05
1.97464476E-01  4.01349328E-02  5.22417395E-05
1.97711153E-01  4.05441038E-02  5.35057407E-05
1.97957829E-01  4.04019877E-02  5.32883751E-05
1.98204505E-01  3.99020463E-02  5.23398267E-05
1.98451182E-01  3.93738523E-02  5.10970349E-05
1.98697858E-01  4.07735817E-02  5.22460541E-05
1.98944535E-01  3.96981500E-02  5.10942373E-05
1.99191211E-01  4.00786996E-02  5.18162888E-05
1.99437887E-01  3.99750732E-02  5.28022174E-05
1.99684564E-01  3.92332822E-02  5.31714359E-05
1.99931240E-01  3.98024358E-02  5.23708404E-05
2.00177917E-01  3.86961140E-02  5.03493866E-05
2.00424593E-01  3.91088426E-02  5.33290367E-05
2.00671270E-01  3.94986123E-02  5.12482729E-05
2.00917946E-01  3.91808003E-02  5.28488017E-05
2.01164622E-01  3.86354253E-02  5.17019653E-05
2.01411299E-01  3.93486060E-02  5.12118022E-05
2.01657975E-01  3.93944755E-02  5.09904057E-05
2.01904652E-01  3.87674309E-02  5.08803059E-05
2.02151328E-01  3.90792787E-02  5.20600443E-05
2.02398005E-01  3.91175002E-02  5.19761816E-05
2.02644681E-01  3.91520001E-02  5.14125604E-05
2.02891357E-01  3.87572572E-02  5.16209475E-05
2.03138034E-01  3.85010131E-02  5.12511178E-05
2.03384710E-01  3.79840136E-02  4.99712696E-05
2.03631387E-01  3.82211693E-02  5.06488286E-05
2.03878063E-01  3.87494713E-02  5.09063575E-05
2.04124740E-01  3.92628759E-02  5.14922540E-05
2.04371416E-01  3.85148004E-02  4.93529769E-05
2.04618092E-01  3.92311700E-02  5.13389095E-05
2.04864769E-01  3.87595482E-02  5.18106935E-05
2.05111445E-01  3.82452682E-02  5.04642849E-05
2.05358122E-01  3.88344377E-02  5.03055817E-05
2.05604798E-01  3.89740653E-02  5.02662879E-05
2.05851474E-01  3.83751988E-02  4.99113121E-05
2.06098151E-01  3.85128483E-02  4.96515931E-05
2.06344827E-01  3.87615450E-02  5.22465343E-05
2.06591504E-01  3.78715917E-02  4.97065266E-05
2.06838180E-01  3.77419032E-02  4.76438472E-05
2.07084857E-01  3.89588960E-02  4.89998747E-05
2.07331533E-01  3.86429094E-02  4.92374602E-05
2.07578209E-01  3.79746445E-02  4.90719685E-05
2.07824886E-01  3.85833532E-02  4.93008993E-05
2.08071562E-01  3.79738398E-02  4.97936053E-05
2.08318239E-01  3.84666063E-02  5.05191747E-05
2.08564915E-01  3.74819897E-02  5.02565017E-05
2.08811592E-01  3.84250097E-02  5.04965501E-05
2.09058268E-01  3.81757692E-02  4.85952696E-05
2.09304944E-01  3.74441594E-02  4.98651571E-05
2.09551621E-01  3.84739451E-02  5.03395677E-05
2.09798297E-01  3.84577475E-02  4.95220120E-05
2.10044974E-01  3.74044925E-02  4.97941146E-05
2.10291650E-01  3.81090753E-02  4.81920142E-05
2.10538326E-01  3.82091664E-02  4.93749649E-05
2.10785003E-01  3.78578939E-02  5.07138211E-05
2.11031679E-01  3.80209647E-02  4.87583311E-05
2.11278356E-01  3.71850729E-02  4.88843980E-05
2.11525032E-01  3.78109738E-02  4.99681737E-05
2.11771709E-01  3.72223146E-02  4.88386868E-05
2.12018385E-01  3.81287001E-02  4.97909423E-05
2.12265061E-01  3.74745354E-02  4.94864798E-05
2.12511738E-01  3.82697210E-02  5.09996353E-05
2.12758414E-01  3.85501571E-02  4.91465435E-05
2.13005091E-01  3.80956903E-02  4.99441448E-05
2.13251767E-01  3.83778252E-02  4.83130207E-05
2.13498444E-01  3.78735252E-02  5.02956464E-05
2.13745120E-01  3.84875759E-02  5.02721596E-05
2.13991796E-01  3.73792276E-02  4.78710645E-05
2.14238473E-01  3.72302905E-02  4.88432452E-05
2.14485149E-01  3.71027924E-02  4.79222472E-05
2.14731826E-01  3.79732586E-02  4.95838030E-05
2.14978502E-01  3.80064137E-02  4.85738201E-05
2.15225179E-01  3.76562402E-02  4.86786521E-05
2.15471855E-01  3.74715179E-02  4.94436536E-05
2.15718531E-01  3.75058316E-02  4.76935747E-05
2.15965208E-01  3.77706848E-02  4.86620011E-05
2.16211884E-01  3.77773568E-02  4.95727036E-05
2.16458561E-01  3.81007344E-02  5.00429269E-05
2.16705237E-01  3.73993404E-02  4.88897895E-05
2.16951913E-01  3.70417833E-02  4.96243483E-05
2.17198590E-01  3.76797058E-02  4.94878113E-05
2.17445266E-01  3.79094481E-02  4.89111881E-05
2.17691943E-01  3.73006314E-02  4.93458901E-05
2.17938619E-01  3.80163603E-02  4.89983904E-05
2.18185296E-01  3.80853340E-02  4.97910332E-05
2.18431972E-01  3.74791846E-02  4.92207473E-05
2.18678648E-01  3.83221731E-02  4.89143531E-05
2.18925325E-01  3.78350839E-02  5.02758921E-05
2.19172001E-01  3.79898883E-02  4.97405090E-05
2.19418678E-01  3.82733792E-02  4.96914072E-05
2.19665354E-01  3.76159586E-02  4.98478803E-05
2.19912031E-01  3.78341675E-02  4.84087141E-05
2.20158707E-01  3.76317538E-02  4.88890837E-05
2.20405383E-01  3.83672379E-02  4.94564592E-05
2.20652060E-01  3.84527817E-02  4.89763843E-05
2.20898736E-01  3.76969203E-02  4.91249411E-05
2.21145413E-01  3.69193964E-02  4.78932743E-05
2.21392089E-01  3.73799279E-02  4.77806316E-05
2.21638766E-01  3.74535583E-02  4.91110768E-05
2.21885442E-01  3.67430560E-02  4.77771791E-05
2.22132118E-01  3.81452516E-02  5.01657232E-05
2.22378795E-01  3.76110896E-02  4.89799204E-05
2.22625471E-01  3.79129238E-02  4.89413032E-05
2.22872148E-01  3.79840508E-02  4.82594223E-05
2.23118824E-01  3.82995494E-02  4.93658226E-05
2.23365500E-01  3.77125069E-02  4.93882071E-05
2.23612177E-01  3.80210765E-02  4.87502039E-05
2.23858853E-01  3.76035944E-02  4.87422694E-05
2.24105530E-01  3.80303562E-02  4.78348702E-05
2.24352206E-01  3.82445492E-02  4.93472726E-05
2.24598883E-01  3.77743505E-02  4.84819175E-05
2.24845559E-01  3.68989892E-02  4.80312920E-05
2.25092235E-01  3.75111960E-02  4.84012562E-05
2.25338912E-01  3.83282043E-02  4.93626867E-05
2.25585588E-01  3.78675014E-02  4.96857901E-05
2.25832265E-01  3.79789062E-02  4.85682031E-05
2.26078941E-01  3.70545574E-02  4.82879332E-05
2.26325618E-01  3.73441465E-02  4.78345682E-05
2.26572294E-01  3.76002043E-02  4.77391004E-05
2.26818970E-01  3.75798829E-02  4.87421858E-05
2.27065647E-01  3.74749117E-02  4.82865435E-05
2.27312323E-01  3.78605165E-02  4.86139834E-05
2.27559000E-01  3.74507941E-02  4.96923058E-05
2.27805676E-01  3.72288227E-02  4.82499017E-05
2.28052352E-01  3.75159942E-02  4.86681856E-05
2.28299029E-01  3.76933888E-02  4.78038201E-05
2.28545705E-01  3.83803658E-02  4.84406373E-05
2.28792382E-01  3.75775248E-02  4.77256763E-05
2.29039058E-01  3.78162973E-02  4.90427010E-05
2.29285735E-01  3.72651555E-02  4.75149500E-05
2.29532411E-01  3.80431302E-02  4.75320776E-05
2.29779087E-01  3.68401818E-02  4.87488578E-05
2.30025764E-01  3.76161709E-02  4.93883272E-05
2.30272440E-01  3.72818522E-02  4.74843473E-05
2.30519117E-01  3.79218571E-02  4.91986320E-05
2.30765793E-01  3.72331515E-02  4.75414781E-05
2.31012470E-01  3.72173004E-02  4.90355924E-05
2.31259146E-01  3.76723371E-02  4.72407264E-05
2.31505822E-01  3.76506373E-02  4.83350414E-05
2.31752499E-01  3.74922529E-02  4.80055023E-05
2.31999175E-01  3.70022841E-02  4.75280285E-05
2.32245852E-01  3.79854590E-02  4.82011819E-05
2.32492528E-01  3.71962301E-02  4.69599800E-05
2.32739205E-01  3.72463614E-02  4.76713867E-05
2.32985881E-01  3.80456373E-02  4.79742448E-05
2.33232557E-01  3.88502590E-02  4.80637318E-05
2.33479234E-01  3.81123833E-02  4.88556398E-05
2.33725910E-01  3.72015983E-02  4.71110434E-05
2.33972587E-01  3.77853103E-02  4.73619875E-05
2.34219263E-01  3.76835465E-02  4.80847302E-05
2.34465939E-01  3.70913669E-02  4.68392718E-05
2.34712616E-01  3.70868146E-02  4.75616798E-05
2.34959292E-01  3.73674221E-02  4.77389149E-05
2.35205969E-01  3.72188129E-02  4.80388990E-05
2.35452645E-01  3.76800671E-02  4.66340643E-05
2.35699322E-01  3.75503525E-02  4.85575656E-05
2.35945998E-01  3.73436473E-02  4.80348353E-05
2.36192674E-01  3.75728346E-02  4.86483696E-05
2.36439351E-01  3.77952792E-02  4.82670330E-05
2.36686027E-01  3.68818119E-02  4.63327851E-05
2.36932704E-01  3.69444750E-02  4.73078035E-05
2.37179380E-01  3.74325104E-02  4.72669817E-05
2.37426057E-01  3.73015180E-02  4.68313010E-05
2.37672733E-01  3.78436632E-02  4.84112570E-05
2.37919409E-01  3.74726355E-02  4.63767683E-05
2.38166086E-01  3.77206504E-02  4.70690902E-05
2.38412762E-01  3.72182876E-02  4.83617951E-05
2.38659439E-01  3.74759547E-02  4.68643266E-05
2.38906115E-01  3.70158553E-02  4.70213236E-05
2.39152791E-01  3.76105346E-02  4.72880747E-05
2.39399468E-01  3.72332744E-02  4.78970833E-05
2.39646144E-01  3.72459963E-02  4.62718344E-05
2.39892821E-01  3.76011543E-02  4.72267602E-05
2.40139497E-01  3.72621305E-02  4.73789041E-05
2.40386174E-01  3.77435498E-02  4.74719382E-05
2.40632850E-01  3.76994237E-02  4.69968363E-05
2.40879526E-01  3.81686762E-02  4.62893222E-05
2.41126203E-01  3.77375744E-02  4.68106991E-05
2.41372879E-01  3.76498029E-02  4.66418714E-05
2.41619556E-01  3.74161117E-02  4.73900145E-05
2.41866232E-01  3.70709151E-02  4.66611673E-05
2.42112909E-01  3.78802158E-02  4.73592991E-05
2.42359585E-01  3.70198376E-02  4.74469380E-05
2.42606261E-01  3.77146490E-02  4.86212193E-05
2.42852938E-01  3.75305004E-02  4.75707602E-05
2.43099614E-01  3.77637856E-02  4.74046101E-05
2.43346291E-01  3.76355611E-02  4.84200900E-05
2.43592967E-01  3.76814418E-02  4.66496713E-05
2.43839644E-01  3.74037102E-02  4.85672535E-05
2.44086320E-01  3.75030339E-02  4.80363742E-05
2.44332996E-01  3.70549522E-02  4.87834877E-05
2.44579673E-01  3.78734618E-02  4.81801799E-05
2.44826349E-01  3.69087234E-02  4.84680713E-05
2.45073026E-01  3.74264531E-02  4.86346871E-05
2.45319702E-01  3.77821960E-02  4.88387050E-05
2.45566378E-01  3.74440439E-02  4.91681531E-05
2.45813055E-01  3.76493447E-02  4.89565537E-05
2.46059731E-01  3.80261615E-02  4.91376413E-05
2.46306408E-01  3.79802734E-02  4.95321510E-05
2.46553084E-01  3.76928337E-02  4.89864433E-05
2.46799761E-01  3.78897227E-02  5.04859236E-05
2.47046437E-01  3.71687226E-02  4.96945140E-05
2.47293113E-01  3.72352265E-02  5.00526257E-05
2.47539790E-01  3.71960551E-02  5.14088169E-05
2.47786466E-01  3.84651721E-02  5.17317494E-05
2.48033143E-01  3.72985266E-02  5.13553969E-05
2.48279819E-01  3.76299210E-02  5.17179360E-05
2.48526496E-01  3.81584205E-02  4.97842993E-05
2.48773172E-01  3.80447917E-02  5.08220037E-05
2.49019848E-01  3.71755734E-02  5.05971075E-05
2.49266525E-01  3.76352370E-02  5.12564984E-05
2.49513201E-01  3.72330546E-02  5.12101433E-05
2.49759878E-01  3.77488844E-02  5.01421528E-05
2.50006554E-01  3.78075838E-02  5.18711895E-05
2.50253230E-01  3.69916968E-02  5.15070860E-05
2.50499907E-01  3.83011773E-02  5.39038811E-05
2.50746583E-01  3.74145955E-02  5.18181951E-05
2.50993260E-01  3.76619957E-02  5.16029722E-05
2.51239936E-01  3.75513434E-02  5.17311200E-05
2.51486613E-01  3.87369655E-02  5.13240338E-05
2.51733289E-01  3.84645462E-02  5.25105097E-05
2.51979965E-01  3.85471471E-02  5.31757723E-05
2.52226642E-01  3.81591953E-02  5.20372523E-05
2.52473318E-01  3.73468362E-02  5.39340872E-05
2.52719995E-01  3.73262353E-02  5.20894719E-05
2.52966671E-01  3.68378349E-02  5.13323284E-05
2.53213348E-01  3.69718000E-02  5.22103437E-05
2.53460024E-01  3.77185047E-02  5.35788677E-05
2.53706700E-01  3.81712131E-02  5.32732665E-05
2.53953377E-01  3.74428481E-02  5.29873905E-05
2.54200053E-01  3.75955664E-02  5.24027164E-05
2.54446730E-01  3.71603481E-02  5.34357023E-05
2.54693406E-01  3.77410278E-02  5.13795676E-05
2.54940083E-01  3.76575291E-02  5.19240020E-05
2.55186759E-01  3.79272886E-02  5.08990452E-05
2.55433435E-01  3.79499346E-02  5.14073945E-05
2.55680112E-01  3.72686461E-02  5.05535609E-05
2.55926788E-01  3.72013524E-02  5.05206663E-05
2.56173465E-01  3.69502306E-02  5.04377604E-05
2.56420141E-01  3.79433669E-02  5.09654201E-05
2.56666817E-01  3.82429771E-02  5.26534313E-05
2.56913494E-01  3.72771211E-02  5.07881450E-05
2.57160170E-01  3.81333306E-02  5.10383652E-05
2.57406847E-01  3.69256027E-02  4.99471462E-05
2.57653523E-01  3.77701782E-02  4.99564594E-05
2.57900200E-01  3.82092781E-02  5.01118666E-05
2.58146876E-01  3.82646099E-02  5.15148349E-05
2.58393552E-01  3.82336415E-02  5.04076743E-05
2.58640229E-01  3.78885157E-02  5.15724787E-05
2.58886905E-01  3.75034809E-02  4.97607689E-05
2.59133582E-01  3.77314761E-02  4.98210393E-05
2.59380258E-01  3.68782580E-02  5.02697912E-05
2.59626935E-01  3.74451764E-02  5.08813428E-05
2.59873611E-01  3.80444787E-02  5.10839709E-05
2.60120287E-01  3.80711854E-02  5.00643691E-05
2.60366964E-01  3.74498963E-02  5.08287085E-05
2.60613640E-01  3.75350453E-02  5.09771089E-05
2.60860317E-01  3.76044400E-02  5.17764202E-05
2.61106993E-01  3.81639600E-02  5.01264767E-05
2.61353670E-01  3.75959650E-02  5.00609967E-05
2.61600346E-01  3.73575017E-02  5.02888142E-05
2.61847022E-01  3.75664085E-02  5.06009492E-05
2.62093699E-01  3.72654758E-02  4.98705449E-05
2.62340375E-01  3.73616591E-02  4.85318269E-05
2.62587052E-01  3.74400951E-02  4.95528111E-05
2.62833728E-01  3.68677564E-02  4.95260756E-05
2.63080404E-01  3.81569788E-02  5.08023368E-05
2.63327081E-01  3.75055149E-02  4.90512975E-05
2.63573757E-01  3.73331569E-02  4.90361781E-05
2.63820434E-01  3.69949900E-02  4.92758481E-05
2.64067110E-01  3.77357155E-02  5.02133662E-05
2.64313787E-01  3.74412760E-02  4.91383034E-05
2.64560463E-01  3.68867740E-02  4.89960985E-05
2.64807139E-01  3.79984193E-02  4.92939544E-05
2.65053816E-01  3.77252810E-02  5.08998201E-05
2.65300492E-01  3.74654494E-02  4.97642468E-05
2.65547169E-01  3.75808813E-02  4.86129866E-05
2.65793845E-01  3.76166515E-02  4.94402593E-05
2.66040522E-01  3.80683094E-02  4.88976912E-05
2.66287198E-01  3.73392738E-02  5.11381695E-05
2.66533874E-01  3.70598957E-02  5.03672054E-05
2.66780551E-01  3.81947644E-02  5.00760943E-05
2.67027227E-01  3.79449837E-02  5.00085480E-05
2.67273904E-01  3.74873951E-02  4.88738842E-05
2.67520580E-01  3.78358364E-02  4.82179385E-05
2.67767256E-01  3.73987257E-02  4.93583721E-05
2.68013933E-01  3.70655395E-02  4.98285335E-05
2.68260609E-01  3.82585935E-02  4.96320026E-05
2.68507286E-01  3.78551632E-02  4.92136387E-05
2.68753962E-01  3.76243144E-02  5.00231436E-05
2.69000639E-01  3.74651365E-02  4.85482560E-05
2.69247315E-01  3.79129499E-02  5.01384457E-05
2.69493991E-01  3.76979224E-02  4.93802472E-05
2.69740668E-01  3.81799638E-02  5.01222567E-05
2.69987344E-01  3.75439413E-02  4.92795771E-05
2.70234021E-01  3.80679034E-02  4.96487883E-05
2.70480697E-01  3.74248885E-02  5.14023814E-05
2.70727374E-01  3.70039530E-02  4.97147048E-05
2.70974050E-01  3.72812003E-02  5.09719066E-05
2.71220726E-01  3.82810086E-02  5.28670607E-05
2.71467403E-01  3.76385301E-02  5.15680877E-05
2.71714079E-01  3.73825245E-02  5.14889616E-05
2.71960756E-01  3.72416414E-02  5.06347205E-05
2.72207432E-01  3.68395820E-02  4.97106594E-05
2.72454109E-01  3.76990959E-02  5.24602328E-05
2.72700785E-01  3.84768620E-02  5.15926513E-05
2.72947461E-01  3.78420055E-02  5.14838503E-05
2.73194138E-01  3.79566960E-02  5.16912805E-05
2.73440814E-01  3.79111879E-02  5.14852691E-05
2.73687491E-01  3.85236591E-02  5.23544913E-05
2.73934167E-01  3.65230814E-02  5.29971294E-05
2.74180843E-01  3.81227434E-02  5.23062590E-05
2.74427520E-01  3.74617092E-02  5.06867618E-05
2.74674196E-01  3.78202461E-02  5.24057941E-05
2.74920873E-01  3.75023857E-02  5.13185732E-05
2.75167549E-01  3.77164818E-02  5.24694951E-05
2.75414226E-01  3.75373662E-02  5.29043537E-05
2.75660902E-01  3.78200598E-02  5.27457196E-05
2.75907578E-01  3.63066494E-02  5.12213228E-05
2.76154255E-01  3.82017493E-02  5.21949296E-05
2.76400931E-01  3.81689481E-02  5.43742608E-05
2.76647608E-01  3.69904265E-02  5.23147683E-05
2.76894284E-01  3.75158824E-02  5.30960278E-05
2.77140961E-01  3.85095552E-02  5.35228392E-05
2.77387637E-01  3.77492905E-02  5.09865022E-05
2.77634313E-01  3.72113250E-02  5.15712491E-05
2.77880990E-01  3.71527709E-02  5.18547204E-05
2.78127666E-01  3.72585319E-02  5.13106534E-05
2.78374343E-01  3.82458791E-02  5.24148818E-05
2.78621019E-01  3.74377929E-02  5.20871072E-05
2.78867695E-01  3.73862162E-02  5.37170708E-05
2.79114372E-01  3.81204374E-02  5.25414689E-05
2.79361048E-01  3.78244668E-02  5.27606499E-05
2.79607725E-01  3.74863930E-02  5.32673766E-05
2.79854401E-01  3.68086584E-02  5.20958420E-05
2.80101078E-01  3.81153934E-02  5.41634436E-05
2.80347754E-01  3.83137278E-02  5.32269769E-05
2.80594430E-01  3.75365540E-02  5.17203916E-05
2.80841107E-01  3.78865935E-02  5.20697613E-05
2.81087783E-01  3.78312618E-02  5.20107460E-05
2.81334460E-01  3.74719650E-02  5.18264205E-05
2.81581136E-01  3.71534340E-02  5.15572428E-05
2.81827813E-01  3.78847346E-02  5.28338896E-05
2.82074489E-01  3.76178958E-02  5.45512157E-05
2.82321165E-01  3.76864970E-02  5.27165503E-05
2.82567842E-01  3.75735648E-02  5.23374911E-05
2.82814518E-01  3.82609144E-02  5.32146005E-05
2.83061195E-01  3.85740101E-02  5.36573098E-05
2.83307871E-01  3.80304083E-02  5.45735165E-05
2.83554548E-01  3.69139425E-02  5.24359639E-05
2.83801224E-01  3.80094647E-02  5.38949607E-05
2.84047900E-01  3.68052982E-02  5.19597124E-05
2.84294577E-01  3.76854017E-02  5.35275431E-05
2.84541253E-01  3.83570120E-02  5.42644011E-05
2.84787930E-01  3.67950499E-02  5.32127669E-05
2.85034606E-01  3.75152752E-02  5.30940961E-05
2.85281282E-01  3.81639004E-02  5.26211406E-05
2.85527959E-01  3.77509072E-02  5.20276481E-05
2.85774635E-01  3.76247205E-02  5.17792469E-05
2.86021312E-01  3.77398916E-02  5.32410559E-05
2.86267988E-01  3.67165059E-02  5.33526691E-05
2.86514665E-01  3.77129391E-02  5.17892622E-05
2.86761341E-01  3.69411856E-02  5.34697028E-05
2.87008017E-01  3.70248854E-02  5.21891052E-05
2.87254694E-01  3.68524566E-02  5.29812642E-05
2.87501370E-01  3.78611609E-02  5.21266084E-05
2.87748047E-01  3.75974476E-02  5.46108895E-05
2.87994723E-01  3.74992676E-02  5.36720836E-05
2.88241400E-01  3.67045589E-02  5.16256368E-05
2.88488076E-01  3.76308188E-02  5.46312367E-05
2.88734752E-01  3.75429168E-02  5.26942204E-05
2.88981429E-01  3.80344875E-02  5.33371895E-05
2.89228105E-01  3.80311161E-02  5.41063055E-05
2.89474782E-01  3.82890515E-02  5.44191134E-05
2.89721458E-01  3.75614949E-02  5.32159938E-05
2.89968134E-01  3.84684615E-02  5.41536683E-05
2.90214811E-01  3.68980840E-02  5.33499297E-05
2.90461487E-01  3.79240178E-02  5.35289219E-05
2.90708164E-01  3.74530740E-02  5.26026452E-05
2.90954840E-01  3.66332382E-02  5.18058587E-05
2.91201517E-01  3.71637717E-02  5.39729663E-05
2.91448193E-01  3.72366607E-02  5.33368002E-05
2.91694869E-01  3.83211263E-02  5.53037753E-05
2.91941546E-01  3.72912064E-02  5.39838220E-05
2.92188222E-01  3.73989008E-02  5.36469852E-05
2.92434899E-01  3.75868939E-02  5.35863110E-05
2.92681575E-01  3.80923375E-02  5.60760891E-05
2.92928252E-01  3.73413451E-02  5.30108300E-05
2.93174928E-01  3.69503088E-02  5.28099590E-05
2.93421604E-01  3.71110775E-02  5.21990696E-05
2.93668281E-01  3.67710181E-02  5.32621161E-05
2.93914957E-01  3.88406962E-02  5.34036517E-05
2.94161634E-01  3.81665863E-02  5.48383941E-05
2.94408310E-01  3.72984670E-02  5.39270950E-05
2.94654987E-01  3.76379974E-02  5.37454216E-05
2.94901663E-01  3.77170108E-02  5.28451528E-05
2.95148339E-01  3.73099484E-02  5.38584718E-05
2.95395016E-01  3.75616066E-02  5.31271980E-05
2.95641692E-01  3.73494774E-02  5.43467031E-05
2.95888369E-01  3.80608886E-02  5.22781374E-05
2.96135045E-01  3.80804017E-02  5.45471084E-05
2.96381721E-01  3.68710831E-02  5.31684236E-05
2.96628398E-01  3.77843827E-02  5.45330695E-05
2.96875074E-01  3.80917117E-02  5.37848937E-05
2.97121751E-01  3.73275913E-02  5.43956012E-05
2.97368427E-01  3.74655388E-02  5.26143376E-05
2.97615104E-01  3.80999595E-02  5.45267540E-05
2.97861780E-01  3.86498421E-02  5.39262255E-05
2.98108456E-01  3.79068926E-02  5.41748195E-05
2.98355133E-01  3.77271213E-02  5.17877415E-05
2.98601809E-01  3.77981327E-02  5.46578231E-05
2.98848486E-01  3.79096679E-02  5.58235552E-05
2.99095162E-01  3.73605490E-02  5.46367482E-05
2.99341839E-01  3.73579897E-02  5.33158418E-05
2.99588515E-01  3.81327458E-02  5.43222086E-05
2.99835191E-01  3.78388241E-02  5.51168887E-05
3.00081868E-01  3.85649912E-02  5.51291960E-05
3.00328544E-01  3.76797281E-02  5.18228699E-05
3.00575221E-01  3.75418328E-02  5.31306105E-05
3.00821897E-01  3.77791338E-02  5.34843421E-05
3.01068574E-01  3.76117602E-02  5.48001481E-05
3.01315250E-01  3.72250602E-02  5.26644362E-05
3.01561926E-01  3.79329734E-02  5.43157948E-05
3.01808603E-01  3.73574719E-02  5.34853534E-05
3.02055279E-01  3.82980630E-02  5.40959627E-05
3.02301956E-01  3.86948548E-02  5.35824256E-05
3.02548632E-01  3.72288041E-02  5.34231731E-05
3.02795308E-01  3.77329811E-02  5.35781328E-05
3.03041985E-01  3.77165973E-02  5.41850241E-05
3.03288661E-01  3.74811143E-02  5.34274404E-05
3.03535338E-01  3.80604118E-02  5.58207539E-05
3.03782014E-01  3.80297042E-02  5.45578987E-05
3.04028691E-01  3.75042707E-02  5.46455994E-05
3.04275367E-01  3.79241109E-02  5.33943567E-05
3.04522043E-01  3.73806804E-02  5.53304708E-05
3.04768720E-01  3.83314788E-02  5.47987293E-05
3.05015396E-01  3.80421877E-02  5.54571052E-05
3.05262073E-01  3.71192768E-02  5.39375578E-05
3.05508749E-01  3.74154896E-02  5.29971694E-05
3.05755426E-01  3.85239571E-02  5.58211250E-05
3.06002102E-01  3.81837562E-02  5.55749029E-05
3.06248778E-01  3.82658355E-02  5.38499444E-05
3.06495455E-01  3.89271602E-02  5.49334327E-05
3.06742131E-01  3.86930481E-02  5.36669540E-05
3.06988808E-01  3.78004722E-02  5.37184314E-05
3.07235484E-01  3.82115170E-02  5.58465326E-05
3.07482160E-01  3.72660570E-02  5.31826590E-05
3.07728837E-01  3.90136018E-02  5.50550612E-05
3.07975513E-01  3.74177769E-02  5.40671572E-05
3.08222190E-01  3.84608582E-02  5.60411718E-05
3.08468866E-01  3.80224474E-02  5.47508607E-05
3.08715543E-01  3.82854976E-02  5.49053366E-05
3.08962219E-01  3.85664105E-02  5.26083786E-05
3.09208895E-01  3.83342132E-02  5.47933232E-05
3.09455572E-01  3.74931246E-02  5.49707547E-05
3.09702248E-01  3.84148918E-02  5.35850158E-05
3.09948925E-01  3.84895764E-02  5.56520208E-05
3.10195601E-01  3.88887264E-02  5.54180697E-05
3.10442278E-01  3.85090709E-02  5.47303280E-05
3.10688954E-01  3.88222821E-02  5.37459309E-05
3.10935630E-01  3.80404256E-02  5.18780907E-05
3.11182307E-01  3.81063670E-02  5.38623353E-05
3.11428983E-01  3.84967737E-02  5.46549454E-05
3.11675660E-01  3.78916822E-02  5.47969103E-05
3.11922336E-01  3.85012776E-02  5.55913321E-05
3.12169013E-01  3.82590108E-02  5.43227034E-05
3.12415689E-01  3.84473503E-02  5.62760069E-05
3.12662365E-01  3.88352796E-02  5.49553370E-05
3.12909042E-01  3.82535011E-02  5.42287853E-05
3.13155718E-01  3.76903974E-02  5.50267032E-05
3.13402395E-01  3.91470455E-02  5.42527778E-05
3.13649071E-01  3.97789367E-02  5.55849219E-05
3.13895747E-01  3.81516516E-02  5.47296913E-05
3.14142424E-01  3.82064544E-02  5.52700658E-05
3.14389100E-01  3.86626646E-02  5.49713441E-05
3.14635777E-01  3.88614833E-02  5.55123006E-05
3.14882453E-01  3.88508327E-02  5.57947969E-05
3.15129130E-01  3.84226926E-02  5.53034515E-05
3.15375806E-01  3.89381908E-02  5.60564877E-05
3.15622482E-01  3.91816795E-02  5.52985366E-05
3.15869159E-01  3.83642614E-02  5.56431587E-05
3.16115835E-01  3.89855839E-02  5.51418852E-05
3.16362512E-01  3.94081436E-02  5.63240428E-05
3.16609188E-01  3.94751094E-02  5.41296613E-05
3.16855865E-01  3.92502025E-02  5.44406503E-05
3.17102541E-01  3.90343815E-02  5.64900038E-05
3.17349217E-01  3.93866263E-02  5.49365577E-05
3.17595894E-01  3.91893089E-02  5.47234813E-05
3.17842570E-01  3.88898328E-02  5.43479655E-05
3.18089247E-01  3.99866812E-02  5.38597305E-05
3.18335923E-01  3.97558436E-02  5.58125539E-05
3.18582599E-01  3.98698971E-02  5.77986284E-05
3.18829276E-01  3.92459184E-02  5.43193528E-05
3.19075952E-01  3.92292999E-02  5.38376116E-05
3.19322629E-01  3.97558510E-02  5.44331451E-05
3.19569305E-01  3.94734442E-02  5.52482452E-05
3.19815982E-01  3.88295017E-02  5.58544525E-05
3.20062658E-01  3.93469818E-02  5.51693483E-05
3.20309334E-01  3.95649076E-02  5.67822826E-05
3.20556011E-01  4.04215790E-02  5.72301578E-05
3.20802687E-01  3.98094766E-02  5.54863218E-05
3.21049364E-01  3.99336927E-02  5.46051851E-05
3.21296040E-01  4.01177034E-02  5.45627590E-05
3.21542717E-01  4.03960757E-02  5.59178588E-05
3.21789393E-01  4.00455445E-02  5.46508891E-05
3.22036069E-01  3.99153158E-02  5.61475972E-05
3.22282746E-01  3.98312472E-02  5.48114294E-05
3.22529422E-01  3.93134356E-02  5.56937157E-05
3.22776099E-01  4.05692831E-02  5.65773662E-05
3.23022775E-01  4.03540991E-02  5.64914553E-05
3.23269452E-01  4.01495658E-02  5.64910297E-05
3.23516128E-01  4.04008664E-02  5.66744020E-05
3.23762804E-01  4.01257575E-02  5.56049308E-05
3.24009481E-01  4.04106416E-02  5.65730661E-05
3.24256157E-01  4.05025408E-02  5.52206984E-05
3.24502834E-01  4.04421464E-02  5.74651567E-05
3.24749510E-01  4.01992090E-02  5.69422300E-05
3.24996186E-01  4.00785394E-02  5.62705427E-05
3.25242863E-01  4.06097472E-02  5.65829141E-05
3.25489539E-01  4.03743945E-02  5.74284859E-05
3.25736216E-01  4.03957106E-02  5.84085137E-05
3.25982892E-01  4.03287821E-02  5.73201214E-05
3.26229569E-01  4.11893092E-02  5.79625266E-05
3.26476245E-01  4.12256010E-02  5.59689106E-05
3.26722921E-01  4.12114523E-02  5.54878716E-05
3.26969598E-01  4.02835570E-02  5.62437490E-05
3.27216274E-01  4.03434709E-02  5.70092307E-05
3.27462951E-01  4.09879945E-02  5.71800010E-05
3.27709627E-01  4.07167561E-02  5.56500599E-05
3.27956304E-01  4.09765802E-02  5.81088607E-05
3.28202980E-01  4.04365510E-02  5.79840889E-05
3.28449656E-01  4.16690037E-02  5.73002435E-05
3.28696333E-01  4.17716727E-02  5.76673847E-05
3.28943009E-01  4.07072827E-02  5.74415171E-05
3.29189686E-01  4.20403741E-02  5.69460462E-05
3.29436362E-01  4.19785231E-02  5.67937313E-05
3.29683039E-01  4.19191495E-02  5.77727515E-05
3.29929715E-01  4.19720300E-02  5.60654989E-05
3.30176391E-01  4.26512696E-02  5.82115208E-05
3.30423068E-01  4.02851142E-02  5.64255788E-05
3.30669744E-01  4.15969789E-02  5.63919348E-05
3.30916421E-01  4.16376814E-02  5.81365894E-05
3.31163097E-01  4.15274985E-02  5.76628372E-05
3.31409773E-01  4.12862077E-02  5.79459993E-05
3.31656450E-01  4.23736647E-02  5.68446339E-05
3.31903126E-01  4.14676405E-02  5.93381374E-05
3.32149803E-01  4.20948863E-02  5.64456132E-05
3.32396479E-01  4.24023867E-02  5.70740704E-05
3.32643156E-01  4.13322337E-02  5.84174486E-05
3.32889832E-01  4.27859202E-02  5.79477273E-05
3.33136508E-01  4.17303108E-02  5.92821671E-05
3.33383185E-01  4.13313545E-02  5.76121201E-05
3.33629861E-01  4.18743864E-02  5.74441183E-05
3.33876538E-01  4.31360826E-02  5.84896115E-05
3.34123214E-01  4.25109193E-02  5.66608942E-05
3.34369891E-01  4.25512381E-02  5.85175039E-05
3.34616567E-01  4.28609326E-02  5.83099136E-05
3.34863243E-01  4.26500663E-02  5.80765991E-05
3.35109920E-01  4.25352231E-02  5.94271478E-05
3.35356596E-01  4.28009517E-02  5.67656316E-05
3.35603273E-01  4.25792970E-02  5.82453140E-05
3.35849949E-01  4.24692035E-02  5.60365334E-05
3.36096625E-01  4.22020629E-02  5.77512728E-05
3.36343302E-01  4.28041480E-02  6.05328169E-05
3.36589978E-01  4.24874350E-02  5.91899152E-05
3.36836655E-01  4.29054089E-02  5.82778302E-05
3.37083331E-01  4.26117741E-02  5.81623462E-05
3.37330008E-01  4.29093242E-02  5.81659697E-05
3.37576684E-01  4.34871130E-02  6.03269546E-05
3.37823360E-01  4.25777845E-02  5.75418017E-05
3.38070037E-01  4.29241061E-02  5.83990623E-05
3.38316713E-01  4.25291844E-02  6.01232714E-05
3.38563390E-01  4.19152714E-02  5.80137967E-05
3.38810066E-01  4.31207120E-02  5.90672462E-05
3.39056743E-01  4.27129567E-02  5.67081479E-05
3.39303419E-01  4.32015918E-02  6.03171284E-05
3.39550095E-01  4.27683443E-02  5.77386672E-05
3.39796772E-01  4.36800830E-02  5.86356655E-05
3.40043448E-01  4.28112037E-02  5.85187372E-05
3.40290125E-01  4.27182242E-02  5.92026918E-05
3.40536801E-01  4.38462831E-02  6.05449823E-05
3.40783478E-01  4.31480668E-02  5.94580233E-05
3.41030154E-01  4.31404524E-02  6.04715751E-05
3.41276830E-01  4.40686531E-02  6.15167301E-05
3.41523507E-01  4.37252633E-02  6.01643478E-05
3.41770183E-01  4.35526259E-02  5.79807056E-05
3.42016860E-01  4.39503305E-02  5.91394528E-05
3.42263536E-01  4.35939506E-02  5.85730013E-05
3.42510212E-01  4.32049856E-02  5.94751946E-05
3.42756889E-01  4.26507890E-02  5.90384916E-05
3.43003565E-01  4.21503671E-02  5.91796561E-05
3.43250242E-01  4.31208611E-02  5.79813095E-05
3.43496918E-01  4.35780846E-02  5.97919643E-05
3.43743595E-01  4.33319025E-02  5.92886681E-05
3.43990271E-01  4.31873575E-02  5.87725553E-05
3.44236947E-01  4.23247516E-02  5.68803553E-05
3.44483624E-01  4.23868373E-02  5.86597198E-05
3.44730300E-01  4.30633053E-02  5.74340520E-05
3.44976977E-01  4.31827419E-02  5.90142008E-05
3.45223653E-01  4.38079387E-02  5.80096494E-05
3.45470330E-01  4.33209464E-02  5.88002949E-05
3.45717006E-01  4.30382788E-02  5.85997223E-05
3.45963682E-01  4.36895192E-02  5.97510552E-05
3.46210359E-01  4.26459461E-02  5.82045941E-05
3.46457035E-01  4.35110256E-02  5.77318860E-05
3.46703712E-01  4.30005081E-02  6.06014037E-05
3.46950388E-01  4.31966074E-02  5.76432503E-05
3.47197064E-01  4.25005853E-02  5.82999637E-05
3.47443741E-01  4.29949798E-02  5.78204344E-05
3.47690417E-01  4.26590852E-02  5.73402103E-05
3.47937094E-01  4.26695421E-02  5.98882871E-05
3.48183770E-01  4.37034480E-02  5.86167916E-05
3.48430447E-01  4.22967412E-02  5.55705556E-05
3.48677123E-01  4.34427932E-02  5.73898906E-05
3.48923799E-01  4.27566469E-02  5.88616131E-05
3.49170476E-01  4.25910950E-02  5.71873061E-05
3.49417152E-01  4.28867005E-02  5.95689489E-05
3.49663829E-01  4.21566293E-02  5.82855355E-05
3.49910505E-01  4.27517965E-02  5.71949604E-05
3.50157182E-01  4.20622975E-02  5.68062023E-05
3.50403858E-01  4.22876887E-02  5.72334102E-05
3.50650534E-01  4.24808674E-02  5.88185030E-05
3.50897211E-01  4.19582911E-02  5.82411521E-05
3.51143887E-01  4.11960743E-02  5.75007907E-05
3.51390564E-01  4.22384739E-02  5.72246608E-05
3.51637240E-01  4.26603332E-02  5.84166228E-05
3.51883917E-01  4.15448807E-02  5.74334226E-05
3.52130593E-01  4.18761596E-02  5.78161162E-05
3.52377269E-01  4.22182456E-02  5.78469844E-05
3.52623946E-01  4.33270633E-02  5.72178178E-05
3.52870622E-01  4.18500192E-02  5.72157842E-05
3.53117299E-01  4.16055508E-02  5.80871420E-05
3.53363975E-01  4.11004238E-02  5.71872333E-05
3.53610651E-01  4.11663465E-02  5.57801104E-05
3.53857328E-01  4.13263887E-02  5.57636231E-05
3.54104004E-01  4.12372723E-02  5.75200611E-05
3.54350681E-01  4.13106158E-02  5.82180655E-05
3.54597357E-01  4.13964763E-02  5.61559063E-05
3.54844034E-01  4.14560698E-02  5.72886056E-05
3.55090710E-01  4.15373221E-02  5.68129763E-05
3.55337386E-01  4.08447236E-02  5.56240047E-05
3.55584063E-01  4.02199253E-02  5.66909039E-05
3.55830739E-01  4.16762345E-02  5.67007846E-05
3.56077416E-01  4.07652780E-02  5.68564210E-05
3.56324092E-01  4.10428494E-02  5.62834066E-05
3.56570769E-01  4.15781401E-02  5.67080169E-05
3.56817445E-01  4.00619358E-02  5.72608042E-05
3.57064121E-01  4.12376411E-02  5.70594893E-05
3.57310798E-01  4.01212089E-02  5.67239840E-05
3.57557474E-01  3.97952721E-02  5.65780319E-05
3.57804151E-01  4.03114930E-02  5.60496483E-05
3.58050827E-01  4.08338942E-02  5.68712458E-05
3.58297503E-01  4.07922752E-02  5.79239131E-05
3.58544180E-01  4.05374654E-02  5.82001303E-05
3.58790856E-01  4.09950055E-02  5.68062569E-05
3.59037533E-01  4.07719910E-02  5.56953200E-05
3.59284209E-01  3.98732349E-02  5.52628226E-05
3.59530886E-01  3.97066474E-02  5.72587342E-05
3.59777562E-01  4.04148921E-02  5.56360064E-05
3.60024238E-01  3.98582481E-02  5.72113386E-05
3.60270915E-01  4.09121029E-02  5.63955000E-05
3.60517591E-01  3.89620923E-02  5.56510931E-05
3.60764268E-01  4.01314497E-02  5.85553789E-05
3.61010944E-01  3.93034816E-02  5.55227161E-05
3.61257621E-01  3.91631238E-02  5.62459863E-05
3.61504297E-01  3.96430753E-02  5.52644706E-05
3.61750973E-01  3.88547741E-02  5.55852130E-05
3.61997650E-01  3.97046655E-02  5.65360424E-05
3.62244326E-01  3.97530161E-02  5.51043704E-05
3.62491003E-01  3.85183841E-02  5.57541134E-05
3.62737679E-01  3.88113372E-02  5.38392560E-05
3.62984356E-01  3.94143239E-02  5.57873427E-05
3.63231032E-01  3.95117924E-02  5.54178514E-05
3.63477708E-01  4.02363166E-02  5.71237215E-05
3.63724385E-01  3.97686847E-02  5.61847373E-05
3.63971061E-01  3.86960842E-02  5.60374392E-05
3.64217738E-01  3.97835001E-02  5.70621487E-05
3.64464414E-01  3.89903784E-02  5.60756635E-05
3.64711090E-01  3.91559526E-02  5.57624444E-05
3.64957767E-01  3.90584543E-02  5.42239577E-05
3.65204443E-01  3.92074436E-02  5.49298638E-05
3.65451120E-01  3.85085754E-02  5.57751846E-05
3.65697796E-01  3.90974544E-02  5.51131161E-05
3.65944473E-01  3.91897298E-02  5.59942891E-05
3.66191149E-01  3.91395316E-02  5.53896425E-05
3.66437825E-01  3.82760540E-02  5.46465053E-05
3.66684502E-01  3.86461094E-02  5.54341714E-05
3.66931178E-01  3.90975997E-02  5.63921567E-05
3.67177855E-01  3.83521952E-02  5.51801313E-05
3.67424531E-01  3.96627635E-02  5.58621869E-05
3.67671208E-01  3.92907709E-02  5.63545291E-05
3.67917884E-01  3.96533534E-02  5.64454494E-05
3.68164560E-01  3.88741493E-02  5.60699846E-05
3.68411237E-01  3.72901112E-02  5.39628236E-05
3.68657913E-01  3.83169465E-02  5.46409392E-05
3.68904590E-01  3.81780826E-02  5.35108666E-05
3.69151266E-01  3.81859243E-02  5.41628942E-05
3.69397943E-01  3.94590423E-02  5.59667569E-05
3.69644619E-01  3.88093553E-02  5.63060275E-05
3.69891295E-01  3.78566906E-02  5.55182960E-05
3.70137972E-01  3.84557769E-02  5.51342127E-05
3.70384648E-01  3.82014997E-02  5.39980647E-05
3.70631325E-01  3.85661721E-02  5.46682168E-05
3.70878001E-01  3.81926037E-02  5.44416034E-05
3.71124677E-01  3.83226611E-02  5.59863365E-05
3.71371354E-01  3.78357731E-02  5.34763240E-05
3.71618030E-01  3.82956676E-02  5.43592541E-05
3.71864707E-01  3.82655710E-02  5.41436129E-05
3.72111383E-01  3.80075537E-02  5.51580160E-05
3.72358060E-01  3.78010608E-02  5.34492865E-05
3.72604736E-01  3.74261700E-02  5.52587917E-05
3.72851412E-01  3.76243070E-02  5.45531475E-05
3.73098089E-01  3.77764367E-02  5.35173058E-05
3.73344765E-01  3.72987725E-02  5.38178501E-05
3.73591442E-01  3.80061679E-02  5.38404856E-05
3.73838118E-01  3.71735431E-02  5.37563683E-05
3.74084795E-01  3.73891518E-02  5.44627437E-05
3.74331471E-01  3.74978334E-02  5.36425978E-05
3.74578147E-01  3.77020314E-02  5.53940044E-05
3.74824824E-01  3.76685821E-02  5.41314948E-05
3.75071500E-01  3.82238105E-02  5.38036293E-05
3.75318177E-01  3.80232297E-02  5.53019272E-05
3.75564853E-01  3.69608887E-02  5.33031925E-05
3.75811529E-01  3.70183885E-02  5.24445422E-05
3.76058206E-01  3.80511880E-02  5.45683833E-05
3.76304882E-01  3.75810824E-02  5.41985937E-05
3.76551559E-01  3.78782228E-02  5.40908404E-05
3.76798235E-01  3.82016264E-02  5.39709108E-05
3.77044912E-01  3.86944897E-02  5.44290160E-05
3.77291588E-01  3.76459137E-02  5.44736686E-05
3.77538264E-01  3.80798131E-02  5.50250988E-05
3.77784941E-01  3.80924344E-02  5.56386476E-05
3.78031617E-01  3.80286574E-02  5.42182861E-05
3.78278294E-01  3.82608585E-02  5.48509488E-05
3.78524970E-01  3.78108844E-02  5.43066126E-05
3.78771647E-01  3.78897004E-02  5.30159232E-05
3.79018323E-01  3.71629931E-02  5.50479235E-05
3.79264999E-01  3.73545103E-02  5.28108576E-05
3.79511676E-01  3.79884616E-02  5.28702622E-05
3.79758352E-01  3.77980843E-02  5.43054812E-05
3.80005029E-01  3.71027589E-02  5.22738592E-05
3.80251705E-01  3.81117091E-02  5.38736895E-05
3.80498382E-01  3.72184478E-02  5.36762418E-05
3.80745058E-01  3.79014462E-02  5.37229716E-05
3.80991734E-01  3.84417512E-02  5.71054661E-05
3.81238411E-01  3.76472473E-02  5.42855414E-05
3.81485087E-01  3.72403041E-02  5.74739424E-05
3.81731764E-01  3.75989899E-02  5.74723708E-05
3.81978440E-01  3.75502035E-02  5.86852984E-05
3.82225116E-01  3.80480401E-02  5.94279045E-05
3.82471793E-01  3.78618129E-02  5.94756821E-05
3.82718469E-01  3.82387079E-02  5.96816863E-05
3.82965146E-01  3.72118279E-02  5.62045025E-05
3.83211822E-01  3.78814600E-02  5.85346424E-05
3.83458499E-01  3.72956134E-02  5.75641752E-05
3.83705175E-01  3.71123739E-02  5.80568194E-05
3.83951851E-01  3.76356766E-02  6.01952415E-05
3.84198528E-01  3.83062847E-02  5.92721262E-05
3.84445204E-01  3.63682657E-02  5.99894411E-05
3.84691881E-01  3.76249366E-02  6.22392472E-05
3.84938557E-01  3.63526493E-02  6.12079966E-05
3.85185234E-01  3.71769704E-02  6.06723806E-05
3.85431910E-01  3.81851196E-02  6.06639296E-05
3.85678586E-01  3.74924429E-02  6.01315332E-05
3.85925263E-01  3.75698544E-02  6.05936075E-05
3.86171939E-01  3.84595357E-02  6.20250285E-05
3.86418616E-01  3.70829105E-02  6.09113376E-05
3.86665292E-01  3.69456261E-02  6.18575068E-05
3.86911968E-01  3.72073054E-02  6.16319521E-05
3.87158645E-01  3.78114283E-02  6.47402921E-05
3.87405321E-01  3.63538824E-02  6.11054274E-05
3.87651998E-01  3.71496975E-02  6.31546791E-05
3.87898674E-01  3.65363695E-02  6.17862243E-05
3.88145351E-01  3.72511670E-02  6.38092897E-05
3.88392027E-01  3.75507362E-02  6.48947389E-05
3.88638703E-01  3.72936428E-02  6.40714352E-05
3.88885380E-01  3.72393727E-02  6.38993806E-05
3.89132056E-01  3.72846760E-02  6.40263024E-05
3.89378733E-01  3.71120796E-02  6.33765667E-05
3.89625409E-01  3.75298373E-02  6.32297088E-05
3.89872086E-01  3.71202715E-02  6.52512754E-05
3.90118762E-01  3.76941971E-02  6.57820201E-05
3.90365438E-01  3.78150605E-02  6.37204066E-05
3.90612115E-01  3.77822593E-02  6.23140222E-05
3.90858791E-01  3.72959748E-02  6.15146055E-05
3.91105468E-01  3.66968736E-02  6.05809328E-05
3.91352144E-01  3.73994112E-02  6.17898986E-05
3.91598821E-01  3.73745747E-02  6.26383699E-05
3.91845497E-01  3.72516513E-02  6.07829679E-05
3.92092173E-01  3.74142714E-02  6.08266419E-05
3.92338850E-01  3.70958596E-02  5.96825957E-05
3.92585526E-01  3.78016308E-02  5.97756007E-05
3.92832203E-01  3.71600576E-02  6.19202474E-05
3.93078879E-01  3.72481607E-02  5.91178541E-05
3.93325555E-01  3.71484086E-02  6.00379171E-05
3.93572232E-01  3.72906737E-02  5.75942977E-05
3.93818908E-01  3.77517864E-02  5.88201656E-05
3.94065585E-01  3.75903957E-02  6.33659874E-05
3.94312261E-01  3.71119566E-02  5.77420833E-05
3.94558938E-01  3.65064144E-02  5.82735083E-05
3.94805614E-01  3.78154665E-02  5.91934149E-05
3.95052290E-01  3.75068337E-02  6.10619973E-05
3.95298967E-01  3.76402996E-02  5.99962295E-05
3.95545643E-01  3.64861302E-02  5.84734626E-05
3.95792320E-01  3.78634669E-02  6.02601140E-05
3.96038996E-01  3.76196168E-02  6.00073472E-05
3.96285673E-01  3.75623889E-02  5.96973332E-05
3.96532349E-01  3.73144969E-02  5.90514355E-05
3.96779025E-01  3.75176854E-02  6.05611931E-05
3.97025702E-01  3.73076983E-02  5.86665992E-05
3.97272378E-01  3.74804512E-02  5.89406118E-05
3.97519055E-01  3.66263315E-02  5.80269043E-05
3.97765731E-01  3.67910862E-02  5.71647288E-05
3.98012407E-01  3.68265174E-02  5.84966547E-05
3.98259084E-01  3.69236581E-02  5.71170312E-05
3.98505760E-01  3.61850038E-02  5.66259550E-05
3.98752437E-01  3.70285958E-02  5.80920896E-05
3.98999113E-01  3.70738655E-02  5.75697231E-05
3.99245790E-01  3.71564887E-02  5.99642517E-05
3.99492466E-01  3.79395001E-02  5.87358700E-05
3.99739142E-01  3.74379158E-02  5.84449517E-05
3.99985819E-01  3.68518420E-02  5.74418555E-05
4.00232495E-01  3.63399610E-02  5.79923471E-05
4.00479172E-01  3.53301801E-02  5.67363895E-05
4.00725848E-01  3.80408652E-02  5.81990025E-05
4.00972525E-01  3.65749709E-02  5.69971817E-05
4.01219201E-01  3.73599343E-02  5.83243782E-05
4.01465877E-01  3.72401513E-02  5.74603691E-05
4.01712554E-01  3.68751399E-02  5.88128823E-05
4.01959230E-01  3.77893485E-02  5.87730210E-05
4.02205907E-01  3.75884213E-02  5.76281600E-05
4.02452583E-01  3.77150401E-02  5.91383141E-05
4.02699260E-01  3.75251323E-02  5.89005067E-05
4.02945936E-01  3.71709988E-02  6.00735948E-05
4.03192612E-01  3.71666923E-02  5.61065572E-05
4.03439289E-01  3.71026024E-02  5.62065798E-05
4.03685965E-01  3.66206579E-02  5.69926669E-05
4.03932642E-01  3.63391265E-02  5.63241847E-05
4.04179318E-01  3.74783985E-02  5.75769736E-05
4.04425994E-01  3.73345949E-02  5.75163685E-05
4.04672671E-01  3.82268094E-02  5.90475538E-05
4.04919347E-01  3.72748412E-02  5.94590529E-05
4.05166024E-01  3.71927693E-02  5.76688144E-05
4.05412700E-01  3.66599038E-02  5.70929878E-05
4.05659377E-01  3.65890153E-02  5.61764864E-05
4.05906053E-01  3.70357074E-02  5.89914562E-05
4.06152729E-01  3.66177447E-02  5.77715546E-05
4.06399406E-01  3.76554690E-02  5.60503904E-05
4.06646082E-01  3.73504125E-02  5.78917898E-05
4.06892759E-01  3.68224084E-02  5.79653752E-05
4.07139435E-01  3.61896083E-02  5.71938799E-05
4.07386112E-01  3.65531184E-02  5.73098478E-05
4.07632788E-01  3.63706015E-02  5.63264730E-05
4.07879464E-01  3.63120101E-02  5.64992079E-05
4.08126141E-01  3.66602689E-02  5.72385907E-05
4.08372817E-01  3.62658128E-02  5.86998358E-05
4.08619494E-01  3.67398076E-02  5.69528638E-05
4.08866170E-01  3.70014310E-02  5.73269463E-05
4.09112847E-01  3.58760245E-02  5.65204027E-05
4.09359523E-01  3.63286100E-02  5.80055494E-05
4.09606199E-01  3.68101262E-02  5.77462270E-05
4.09852876E-01  3.65040936E-02  5.67229508E-05
4.10099552E-01  3.64123322E-02  5.66585877E-05
4.10346229E-01  3.67768668E-02  5.67305506E-05
4.10592905E-01  3.65182385E-02  5.77333522E-05
4.10839581E-01  3.61291729E-02  5.68460491E-05
4.11086258E-01  3.59236449E-02  5.57594358E-05
4.11332934E-01  3.72640006E-02  5.93317200E-05
4.11579611E-01  3.72822806E-02  5.81923123E-05
4.11826287E-01  3.73026207E-02  5.82681314E-05
4.12072964E-01  3.63953039E-02  5.61446104E-05
4.12319640E-01  3.70764621E-02  5.50800250E-05
4.12566316E-01  3.73503380E-02  5.58728134E-05
4.12812993E-01  3.61087471E-02  5.60258050E-05
4.13059669E-01  3.70547213E-02  5.67672505E-05
4.13306346E-01  3.67065631E-02  5.54296676E-05
4.13553022E-01  3.65276635E-02  5.90103846E-05
4.13799699E-01  3.70197520E-02  5.82661814E-05
4.14046375E-01  3.72776352E-02  5.68471442E-05
4.14293051E-01  3.62625308E-02  5.57528765E-05
4.14539728E-01  3.63697223E-02  5.66621529E-05
4.14786404E-01  3.70501131E-02  5.80727901E-05
4.15033081E-01  3.65031734E-02  5.57237436E-05
4.15279757E-01  3.64294350E-02  5.81077620E-05
4.15526433E-01  3.80406640E-02  5.81610184E-05
4.15773110E-01  3.67827266E-02  5.57409076E-05
4.16019786E-01  3.64362113E-02  5.77364117E-05
4.16266463E-01  3.61138433E-02  5.76847888E-05
4.16513139E-01  3.61254513E-02  5.62965542E-05
4.16759816E-01  3.72767225E-02  5.69038457E-05
4.17006492E-01  3.61843184E-02  5.69672338E-05
4.17253168E-01  3.66414338E-02  5.67567331E-05
4.17499845E-01  3.65733095E-02  5.50261393E-05
4.17746521E-01  3.69719937E-02  5.77083119E-05
4.17993198E-01  3.67735066E-02  5.66304770E-05
4.18239874E-01  3.74455601E-02  5.69885160E-05
4.18486551E-01  3.71796079E-02  5.65412629E-05
4.18733227E-01  3.67834941E-02  5.69945732E-05
4.18979903E-01  3.68473046E-02  5.75983904E-05
4.19226580E-01  3.69886048E-02  5.69337899E-05
4.19473256E-01  3.65303420E-02  5.82232315E-05
4.19719933E-01  3.71303894E-02  5.71910241E-05
4.19966609E-01  3.71122025E-02  5.69579970E-05
4.20213286E-01  3.59488241E-02  5.66381968E-05
4.20459962E-01  3.67498174E-02  5.69166514E-05
4.20706638E-01  3.74230705E-02  5.74892802E-05
4.20953315E-01  3.73886153E-02  5.92429205E-05
4.21199991E-01  3.64923365E-02  5.59821892E-05
4.21446668E-01  3.66014950E-02  5.66419985E-05
4.21693344E-01  3.63662988E-02  5.57991225E-05
4.21940020E-01  3.63615341E-02  5.65526789E-05
4.22186697E-01  3.68429571E-02  5.75568192E-05
4.22433373E-01  3.58647332E-02  5.68665346E-05
4.22680050E-01  3.58299464E-02  5.64399306E-05
4.22926726E-01  3.59800048E-02  5.52800775E-05
4.23173403E-01  3.65501642E-02  5.67058050E-05
4.23420079E-01  3.71194445E-02  5.92367614E-05
4.23666755E-01  3.67302559E-02  5.67685202E-05
4.23913432E-01  3.71159986E-02  5.70734737E-05
4.24160108E-01  3.68846543E-02  5.79487460E-05
4.24406785E-01  3.65812741E-02  5.62342721E-05
4.24653461E-01  3.61124612E-02  5.63559224E-05
4.24900138E-01  3.73744331E-02  5.56931809E-05
4.25146814E-01  3.69773135E-02  5.74112055E-05
4.25393490E-01  3.74563597E-02  5.79076550E-05
4.25640167E-01  3.75111960E-02  5.89870760E-05
4.25886843E-01  3.60139720E-02  5.66171111E-05
4.26133520E-01  3.58853489E-02  5.61531670E-05
4.26380196E-01  3.64604518E-02  5.58111351E-05
4.26626872E-01  3.76153626E-02  5.68792711E-05
4.26873549E-01  3.66806835E-02  5.71153832E-05
4.27120225E-01  3.68697904E-02  5.72261451E-05
4.27366902E-01  3.69984135E-02  5.69216463E-05
4.27613578E-01  3.69509868E-02  5.74834012E-05
4.27860255E-01  3.64758447E-02  5.77411010E-05
4.28106931E-01  3.68524529E-02  5.70712982E-05
4.28353607E-01  3.65836062E-02  5.62172863E-05
4.28600284E-01  3.63069065E-02  5.82775610E-05
4.28846960E-01  3.76663432E-02  5.61894558E-05
4.29093637E-01  3.68438549E-02  5.45761832E-05
4.29340313E-01  3.79586071E-02  5.94854573E-05
4.29586990E-01  3.60100195E-02  5.56056766E-05
4.29833666E-01  3.73176634E-02  5.70194970E-05
4.30080342E-01  3.73988710E-02  5.78209219E-05
4.30327019E-01  3.81042510E-02  5.70851917E-05
4.30573695E-01  3.71312760E-02  5.62135574E-05
4.30820372E-01  3.70725393E-02  5.55670049E-05
4.31067048E-01  3.74953225E-02  5.64492184E-05
4.31313725E-01  3.67556922E-02  5.55862680E-05
4.31560401E-01  3.71137597E-02  5.76991697E-05
4.31807077E-01  3.74654531E-02  5.78751569E-05
4.32053754E-01  3.71627174E-02  5.77839128E-05
4.32300430E-01  3.67459245E-02  5.63630601E-05
4.32547107E-01  3.62534449E-02  5.78395302E-05
4.32793783E-01  3.72302346E-02  5.50714831E-05
4.33040459E-01  3.62167358E-02  5.70886987E-05
4.33287136E-01  3.66446376E-02  5.69037729E-05
4.33533812E-01  3.68541740E-02  5.68850191E-05
4.33780489E-01  3.79339606E-02  5.84258232E-05
4.34027165E-01  3.68233770E-02  5.62444002E-05
4.34273842E-01  3.70733254E-02  5.66786439E-05
4.34520518E-01  3.77165005E-02  5.71732417E-05
4.34767194E-01  3.68599594E-02  5.77443243E-05
4.35013871E-01  3.65910828E-02  5.69420881E-05
4.35260547E-01  3.73816118E-02  5.73977304E-05
4.35507224E-01  3.72032411E-02  5.76414495E-05
4.35753900E-01  3.70570794E-02  5.69575568E-05
4.36000577E-01  3.74135599E-02  5.65521223E-05
4.36247253E-01  3.64124924E-02  5.71970195E-05
4.36493929E-01  3.67491059E-02  5.61738307E-05
4.36740606E-01  3.76265906E-02  5.69032673E-05
4.36987282E-01  3.73983458E-02  5.79317893E-05
4.37233959E-01  3.75423282E-02  5.61888046E-05
4.37480635E-01  3.73151600E-02  5.68208088E-05
4.37727311E-01  3.70185487E-02  5.78789331E-05
4.37973988E-01  3.66676822E-02  5.70183875E-05
4.38220664E-01  3.73570286E-02  5.82088542E-05
4.38467341E-01  3.64137106E-02  5.44652939E-05
4.38714017E-01  3.70186158E-02  5.67601419E-05
4.38960694E-01  3.61829102E-02  5.49033502E-05
4.39207370E-01  3.71571109E-02  5.57407366E-05
4.39454046E-01  3.74603346E-02  5.59950422E-05
4.39700723E-01  3.66737545E-02  5.76954008E-05
4.39947399E-01  3.73726450E-02  5.56369087E-05
4.40194076E-01  3.73310335E-02  5.62155474E-05
4.40440752E-01  3.65433209E-02  5.64434340E-05
4.40687429E-01  3.71311605E-02  5.64885886E-05
4.40934105E-01  3.67481820E-02  5.61934321E-05
4.41180781E-01  3.73252854E-02  5.75997838E-05
4.41427458E-01  3.66852134E-02  5.55593178E-05
4.41674134E-01  3.77574451E-02  5.89472547E-05
4.41920811E-01  3.69455144E-02  5.71411183E-05
4.42167487E-01  3.80616002E-02  5.46982483E-05
4.42414164E-01  3.67412120E-02  5.59578984E-05
4.42660840E-01  3.64784375E-02  5.66542840E-05
4.42907516E-01  3.69768888E-02  5.78739309E-05
4.43154193E-01  3.76875475E-02  5.69488584E-05
4.43400869E-01  3.63375433E-02  5.58927422E-05
4.43647546E-01  3.73412780E-02  5.72755525E-05
4.43894222E-01  3.72023359E-02  5.96402024E-05
4.44140898E-01  3.72786634E-02  5.68837786E-05
4.44387575E-01  3.78987454E-02  5.75834347E-05
4.44634251E-01  3.73852886E-02  5.77053434E-05
4.44880928E-01  3.67054343E-02  5.75695049E-05
4.45127604E-01  3.68769355E-02  5.68322248E-05
4.45374281E-01  3.66881303E-02  5.64045549E-05
4.45620957E-01  3.65645513E-02  5.62139685E-05
4.45867633E-01  3.70044149E-02  5.87944087E-05
4.46114310E-01  3.67131233E-02  5.63571230E-05
4.46360986E-01  3.67441103E-02  5.53034588E-05
4.46607663E-01  3.80448475E-02  5.84205554E-05
4.46854339E-01  3.67442854E-02  5.67626703E-05
4.47101016E-01  3.74732129E-02  5.75830745E-05
4.47347692E-01  3.69395800E-02  5.54758735E-05
4.47594368E-01  3.72179337E-02  5.70132906E-05
4.47841045E-01  3.73374932E-02  5.84343143E-05
4.48087721E-01  3.61670144E-02  5.56747982E-05
4.48334398E-01  3.65898311E-02  5.70920092E-05
4.48581074E-01  3.71303782E-02  5.72260869E-05
4.48827751E-01  3.71771045E-02  5.71962119E-05
4.49074427E-01  3.73731852E-02  5.78429936E-05
4.49321103E-01  3.66543457E-02  5.65012015E-05
4.49567780E-01  3.69526744E-02  5.69957483E-05
4.49814456E-01  3.75641175E-02  5.71556084E-05
4.50061133E-01  3.73190753E-02  5.62994064E-05
4.50307809E-01  3.75617184E-02  5.82256289E-05
4.50554485E-01  3.67108211E-02  5.54772632E-05
4.50801162E-01  3.66575532E-02  5.56280138E-05
4.51047838E-01  3.73115279E-02  5.68427276E-05
4.51294515E-01  3.77505012E-02  5.52539022E-05
4.51541191E-01  3.70482989E-02  5.72836871E-05
4.51787868E-01  3.62884440E-02  5.70555894E-05
4.52034544E-01  3.75484452E-02  5.60624758E-05
4.52281220E-01  3.66754457E-02  5.64429974E-05
4.52527897E-01  3.77886668E-02  5.75776212E-05
4.52774573E-01  3.74399573E-02  5.52773490E-05
4.53021250E-01  3.73418853E-02  5.67487259E-05
4.53267926E-01  3.69685404E-02  5.61098568E-05
4.53514603E-01  3.74636464E-02  5.55884544E-05
4.53761279E-01  3.80894616E-02  5.50133482E-05
4.54007955E-01  3.68349217E-02  5.58393258E-05
4.54254632E-01  3.79709899E-02  5.60570516E-05
4.54501308E-01  3.70359831E-02  5.73021607E-05
4.54747985E-01  3.68535742E-02  5.51778176E-05
4.54994661E-01  3.66298892E-02  5.57413077E-05
4.55241337E-01  3.73007655E-02  5.68388714E-05
4.55488014E-01  3.79136764E-02  5.58718712E-05
4.55734690E-01  3.71629372E-02  5.59168511E-05
4.55981367E-01  3.71034406E-02  5.73956677E-05
4.56228043E-01  3.77734415E-02  5.60977351E-05
4.56474720E-01  3.76777314E-02  5.66714480E-05
4.56721396E-01  3.66456360E-02  5.51223930E-05
4.56968072E-01  3.67163196E-02  5.53277932E-05
4.57214749E-01  3.74772735E-02  5.59287146E-05
4.57461425E-01  3.75310108E-02  5.60395383E-05
4.57708102E-01  3.73540148E-02  5.73341640E-05
4.57954778E-01  3.72924954E-02  5.69670810E-05
4.58201455E-01  3.75035852E-02  5.74547885E-05


### HEADER:
#
#{
#    "analysis": {},
#    "calibration_params": {
#        "Beam_Center_X": 1092.0,
#        "Beam_Center_Y": 2091.0,
#        "Detector Tilt": 0.0,
#        "Detector Tilt Plane Rotation": 0.0,
#        "Detector_X_Pixel_Size": 75.0,
#        "Detector_Y_Pixel_Size": 75.0,
#        "Integration Method": "nosplit_csr",
#        "Radial_Average_Method": "pyFAI",
#        "Sample-to-detector distance (mm)": 1731.0,
#        "Wavelength (A)": 1.0993212460550197
#    },
#    "config_file": "/mnt/home/chess_id7a/.RAW/backup.cfg",
#    "counters": {
#        "Epoch": "64.962",
#        "I1": "0",
#        "I2": "0",
#        "I3": "0",
#        "Seconds": "1",
#        "Time": "1.88351e-05",
#        "date": "Thu May 16 18:59:19 2024",
#        "diode": "125158"
#    },
#    "filename": "D1M0004_35C_080MPa_up_1_data_000001_00001.h5",
#    "history": {},
#    "imageHeader": {},
#    "load_path": "/nfs/chess/daq/current/id7a/Budin_05_16_24/D1M0004/D1M0004_35C_080MPa_up_1_data_000001.h5",
#    "normalizations": {
#        "Absolute_scale": {
#            "Absolute_scale_factor": 0.01111656324368444,
#            "Method": "Water"
#        },
#        "Counter_norms": [
#            [
#                "/",
#                "diode/150000"
#            ]
#        ],
#        "Polarization": {
#            "Used": false
#        },
#        "Solid_Angle_Correction": "On"
#    },
#    "raw_version": "2.1.4"
#}

