### DATA:
#
# 1823
#      Q             I(Q)           Error     
8.75701299E-03  0.00000000E+00  0.00000000E+00
9.00368942E-03  0.00000000E+00  0.00000000E+00
9.25036584E-03  0.00000000E+00  0.00000000E+00
9.49704226E-03  0.00000000E+00  0.00000000E+00
9.74371868E-03  0.00000000E+00  0.00000000E+00
9.99039511E-03  0.00000000E+00  0.00000000E+00
1.02370715E-02  1.95474201E-03  6.35083823E-04
1.04837480E-02  0.00000000E+00  0.00000000E+00
1.07304244E-02  0.00000000E+00  0.00000000E+00
1.09771008E-02  0.00000000E+00  0.00000000E+00
1.12237772E-02  1.67985796E-03  5.46486117E-04
1.14704536E-02  1.37834530E-03  4.49037296E-04
1.17171301E-02  0.00000000E+00  0.00000000E+00
1.19638065E-02  1.39624672E-03  4.54830937E-04
1.22104829E-02  4.94303554E-03  7.91534141E-04
1.24571593E-02  2.64844298E-01  2.61510778E-02
1.27038358E-02  6.11057937E-01  4.64113653E-02
1.29505122E-02  8.25938344E-01  4.90086414E-02
1.31971886E-02  7.61010289E-01  3.72250043E-02
1.34438650E-02  6.83076084E-01  3.04412954E-02
1.36905414E-02  6.94522440E-01  2.91692819E-02
1.39372179E-02  6.04750752E-01  2.28322428E-02
1.41838943E-02  6.74013019E-01  2.47335006E-02
1.44305707E-02  5.41328907E-01  1.91317387E-02
1.46772471E-02  5.57020009E-01  1.85530260E-02
1.49239236E-02  5.00484049E-01  1.58265084E-02
1.51706000E-02  4.85455424E-01  1.52734546E-02
1.54172764E-02  4.77423787E-01  1.41299739E-02
1.56639528E-02  3.97394359E-01  1.13358013E-02
1.59106292E-02  4.20660228E-01  1.11491755E-02
1.61573057E-02  4.22115117E-01  1.08590554E-02
1.64039821E-02  3.48244160E-01  8.56081117E-03
1.66506585E-02  3.77580941E-01  9.28184018E-03
1.68973349E-02  3.38105768E-01  8.20122659E-03
1.71440114E-02  3.34480971E-01  7.69487908E-03
1.73906878E-02  3.23297828E-01  7.52120744E-03
1.76373642E-02  2.78734356E-01  6.81230659E-03
1.78840406E-02  3.15574408E-01  7.84320384E-03
1.81307170E-02  2.55515307E-01  5.76450676E-03
1.83773935E-02  2.75791526E-01  6.58205710E-03
1.86240699E-02  2.50389785E-01  5.99217648E-03
1.88707463E-02  2.28986695E-01  5.54795470E-03
1.91174227E-02  2.26267278E-01  5.34585956E-03
1.93640992E-02  2.21500903E-01  5.23377070E-03
1.96107756E-02  2.13654786E-01  5.29437046E-03
1.98574520E-02  1.97642252E-01  4.77941055E-03
2.01041284E-02  1.66911334E-01  4.09815647E-03
2.03508048E-02  1.61541373E-01  3.87634803E-03
2.05974813E-02  1.56017974E-01  3.39701865E-03
2.08441577E-02  1.57620043E-01  3.46915936E-03
2.10908341E-02  1.40832469E-01  2.89059128E-03
2.13375105E-02  1.38040781E-01  2.99918605E-03
2.15841870E-02  1.34602368E-01  2.66920635E-03
2.18308634E-02  1.28601655E-01  2.61156377E-03
2.20775398E-02  1.35680228E-01  2.82132626E-03
2.23242162E-02  1.31610438E-01  2.62534060E-03
2.25708926E-02  1.12291150E-01  2.53668078E-03
2.28175691E-02  1.23525411E-01  2.56723911E-03
2.30642455E-02  1.16830699E-01  2.43031746E-03
2.33109219E-02  1.26506925E-01  2.43000686E-03
2.35575983E-02  1.21757656E-01  2.28566444E-03
2.38042748E-02  1.17287003E-01  2.28187256E-03
2.40509512E-02  1.17856972E-01  2.04479555E-03
2.42976276E-02  1.10223621E-01  2.06372794E-03
2.45443040E-02  1.10990778E-01  1.91370281E-03
2.47909804E-02  1.01633690E-01  1.83114491E-03
2.50376569E-02  1.00195721E-01  1.70222507E-03
2.52843333E-02  9.85772610E-02  1.66171230E-03
2.55310097E-02  1.09747551E-01  1.87169714E-03
2.57776861E-02  1.08330123E-01  1.82680844E-03
2.60243626E-02  1.01220153E-01  1.65076868E-03
2.62710390E-02  9.59559679E-02  1.68233109E-03
2.65177154E-02  1.01334803E-01  1.69134582E-03
2.67643918E-02  9.75303948E-02  1.69828173E-03
2.70110682E-02  9.28758457E-02  1.62606919E-03
2.72577447E-02  1.00296587E-01  1.68242294E-03
2.75044211E-02  1.06502123E-01  1.61688461E-03
2.77510975E-02  9.43969041E-02  1.51124538E-03
2.79977739E-02  9.40156877E-02  1.59105950E-03
2.82444504E-02  9.17517468E-02  1.47008349E-03
2.84911268E-02  1.00024536E-01  1.64436246E-03
2.87378032E-02  9.05993879E-02  1.54125539E-03
2.89844796E-02  9.53018442E-02  1.55624142E-03
2.92311561E-02  9.81040448E-02  1.62270840E-03
2.94778325E-02  9.44354832E-02  1.54846860E-03
2.97245089E-02  1.00391522E-01  1.58551394E-03
2.99711853E-02  9.58330408E-02  1.51824276E-03
3.02178617E-02  1.01856120E-01  1.52161648E-03
3.04645382E-02  9.14094001E-02  1.45363505E-03
3.07112146E-02  9.52396169E-02  1.48089929E-03
3.09578910E-02  1.01900116E-01  1.50570716E-03
3.12045674E-02  1.00320011E-01  1.54103024E-03
3.14512439E-02  8.80031586E-02  1.40659919E-03
3.16979203E-02  9.33739766E-02  1.51412841E-03
3.19445967E-02  9.26044360E-02  1.34860445E-03
3.21912731E-02  9.34572145E-02  1.41902897E-03
3.24379495E-02  9.95953679E-02  1.48199860E-03
3.26846260E-02  9.12429318E-02  1.37311080E-03
3.29313024E-02  9.53767747E-02  1.38690241E-03
3.31779788E-02  1.00899369E-01  1.39751425E-03
3.34246552E-02  9.13884267E-02  1.34048262E-03
3.36713317E-02  9.35576782E-02  1.43243722E-03
3.39180081E-02  1.01409204E-01  1.40103209E-03
3.41646845E-02  9.03134793E-02  1.32818357E-03
3.44113609E-02  9.35788527E-02  1.30708294E-03
3.46580373E-02  9.67645943E-02  1.37294515E-03
3.49047138E-02  9.12806168E-02  1.34158949E-03
3.51513902E-02  9.50613320E-02  1.38019759E-03
3.53980666E-02  1.05528772E-01  1.43528893E-03
3.56447430E-02  9.64434221E-02  1.38535490E-03
3.58914195E-02  1.01905502E-01  1.40873285E-03
3.61380959E-02  1.00290194E-01  1.37283339E-03
3.63847723E-02  9.57598314E-02  1.30486221E-03
3.66314487E-02  1.03051923E-01  1.36584963E-03
3.68781251E-02  9.42948461E-02  1.27131771E-03
3.71248016E-02  8.70634988E-02  1.27502077E-03
3.73714780E-02  9.10552219E-02  1.28870516E-03
3.76181544E-02  1.01640120E-01  1.34623540E-03
3.78648308E-02  1.02047481E-01  1.35259423E-03
3.81115073E-02  1.00213744E-01  1.35749066E-03
3.83581837E-02  9.97012481E-02  1.38075557E-03
3.86048601E-02  1.03578068E-01  1.38812477E-03
3.88515365E-02  1.03751197E-01  1.39018300E-03
3.90982129E-02  1.02873065E-01  1.38611533E-03
3.93448894E-02  1.04489252E-01  1.39302260E-03
3.95915658E-02  1.02265231E-01  1.32766436E-03
3.98382422E-02  9.85046253E-02  1.29417679E-03
4.00849186E-02  1.08024582E-01  1.35227712E-03
4.03315951E-02  1.08993419E-01  1.38785003E-03
4.05782715E-02  1.15554169E-01  1.43960759E-03
4.08249479E-02  1.13536946E-01  1.40400208E-03
4.10716243E-02  1.17712975E-01  1.39946910E-03
4.13183007E-02  1.16369344E-01  1.44363346E-03
4.15649772E-02  1.09782368E-01  1.41434430E-03
4.18116536E-02  1.27991274E-01  1.46206340E-03
4.20583300E-02  1.21790022E-01  1.47970312E-03
4.23050064E-02  1.17683411E-01  1.38756621E-03
4.25516829E-02  1.13448001E-01  1.47955876E-03
4.27983593E-02  1.28438681E-01  1.41902128E-03
4.30450357E-02  1.15506589E-01  1.41215243E-03
4.32917121E-02  1.27818212E-01  1.57193746E-03
4.35383885E-02  1.19397707E-01  1.39491167E-03
4.37850650E-02  1.18722968E-01  1.32901093E-03
4.40317414E-02  1.26960173E-01  1.44006626E-03
4.42784178E-02  1.38130084E-01  1.56304112E-03
4.45250942E-02  1.30196467E-01  1.45375368E-03
4.47717707E-02  1.28364399E-01  1.45539548E-03
4.50184471E-02  1.42327964E-01  1.54880597E-03
4.52651235E-02  1.33694112E-01  1.47679332E-03
4.55117999E-02  1.41683057E-01  1.54529186E-03
4.57584764E-02  1.54177696E-01  1.64587155E-03
4.60051528E-02  1.45218998E-01  1.56516547E-03
4.62518292E-02  1.49093583E-01  1.66901539E-03
4.64985056E-02  1.65593773E-01  1.67297083E-03
4.67451820E-02  1.69832736E-01  1.72833342E-03
4.69918585E-02  1.65902406E-01  1.70727901E-03
4.72385349E-02  1.67778924E-01  1.65108650E-03
4.74852113E-02  1.84364572E-01  1.85972231E-03
4.77318877E-02  1.77619994E-01  1.79494079E-03
4.79785642E-02  1.79731235E-01  1.85859727E-03
4.82252406E-02  1.85848892E-01  1.77779817E-03
4.84719170E-02  1.89003319E-01  1.98145886E-03
4.87185934E-02  2.09062457E-01  2.04238878E-03
4.89652698E-02  1.98894680E-01  1.96359702E-03
4.92119463E-02  2.15331584E-01  2.17756932E-03
4.94586227E-02  2.26250529E-01  2.17983196E-03
4.97052991E-02  2.33497217E-01  2.16567866E-03
4.99519755E-02  2.45140240E-01  2.39370391E-03
5.01986520E-02  2.46434927E-01  2.52460735E-03
5.04453284E-02  2.56390154E-01  2.62595620E-03
5.06920048E-02  2.59812862E-01  2.66936375E-03
5.09386812E-02  2.80115008E-01  2.74744816E-03
5.11853576E-02  3.04215372E-01  2.96880072E-03
5.14320341E-02  3.20180625E-01  3.18189710E-03
5.16787105E-02  3.40559661E-01  3.51315876E-03
5.19253869E-02  3.57373118E-01  3.50500154E-03
5.21720633E-02  3.82031947E-01  3.96859460E-03
5.24187398E-02  3.87968540E-01  3.91144538E-03
5.26654162E-02  4.36236411E-01  4.44272626E-03
5.29120926E-02  4.53337669E-01  4.66337427E-03
5.31587690E-02  4.62161064E-01  4.82640322E-03
5.34054454E-02  5.01959145E-01  5.13402233E-03
5.36521219E-02  5.34892142E-01  5.35772787E-03
5.38987983E-02  5.52422523E-01  5.57920290E-03
5.41454747E-02  5.92580914E-01  5.94108133E-03
5.43921511E-02  6.16958380E-01  6.00826740E-03
5.46388276E-02  6.58475339E-01  6.10354589E-03
5.48855040E-02  6.80782080E-01  6.48679072E-03
5.51321804E-02  7.27566361E-01  6.53117802E-03
5.53788568E-02  7.79756546E-01  6.88985316E-03
5.56255332E-02  7.63215661E-01  6.55144686E-03
5.58722097E-02  8.19284379E-01  6.83870260E-03
5.61188861E-02  8.63491833E-01  7.13854516E-03
5.63655625E-02  9.18408751E-01  7.23816035E-03
5.66122389E-02  9.48105216E-01  6.99705677E-03
5.68589154E-02  9.64793682E-01  7.08363857E-03
5.71055918E-02  1.00985730E+00  7.14972056E-03
5.73522682E-02  1.03371263E+00  6.78606099E-03
5.75989446E-02  1.09523046E+00  6.93832058E-03
5.78456210E-02  1.10396647E+00  6.52436120E-03
5.80922975E-02  1.14575541E+00  6.46098237E-03
5.83389739E-02  1.14882898E+00  6.15451811E-03
5.85856503E-02  1.19486773E+00  5.98127069E-03
5.88323267E-02  1.22744918E+00  6.07319130E-03
5.90790032E-02  1.24414468E+00  5.82516100E-03
5.93256796E-02  1.25256157E+00  5.61250513E-03
5.95723560E-02  1.29759908E+00  5.82652865E-03
5.98190324E-02  1.32456505E+00  5.70440618E-03
6.00657088E-02  1.31627977E+00  5.94958849E-03
6.03123853E-02  1.33816850E+00  5.82359871E-03
6.05590617E-02  1.34380388E+00  5.99435950E-03
6.08057381E-02  1.37280893E+00  6.28046878E-03
6.10524145E-02  1.37618268E+00  6.52441662E-03
6.12990910E-02  1.38370800E+00  6.67074556E-03
6.15457674E-02  1.38279736E+00  7.14003807E-03
6.17924438E-02  1.37126267E+00  7.38216005E-03
6.20391202E-02  1.35383260E+00  7.67888455E-03
6.22857966E-02  1.39879107E+00  8.05961154E-03
6.25324731E-02  1.37746334E+00  8.25163256E-03
6.27791495E-02  1.34541941E+00  8.39824323E-03
6.30258259E-02  1.32993174E+00  9.16728098E-03
6.32725023E-02  1.30675387E+00  9.25711915E-03
6.35191788E-02  1.31699538E+00  9.41477902E-03
6.37658552E-02  1.26204264E+00  9.47613269E-03
6.40125316E-02  1.21506131E+00  9.35772154E-03
6.42592080E-02  1.15768278E+00  9.47726332E-03
6.45058845E-02  1.13413334E+00  9.25612636E-03
6.47525609E-02  1.05964458E+00  9.09571070E-03
6.49992373E-02  9.96561050E-01  8.74718931E-03
6.52459137E-02  9.53118384E-01  8.25526565E-03
6.54925901E-02  8.84590149E-01  7.84132443E-03
6.57392666E-02  8.16914499E-01  7.26695498E-03
6.59859430E-02  7.66372085E-01  7.14313472E-03
6.62326194E-02  7.04599798E-01  6.51387917E-03
6.64792958E-02  6.38602316E-01  5.66077465E-03
6.67259723E-02  5.86718857E-01  5.32361679E-03
6.69726487E-02  5.28934598E-01  4.79257572E-03
6.72193251E-02  4.86837447E-01  4.30538552E-03
6.74660015E-02  4.28077638E-01  3.65983183E-03
6.77126779E-02  3.94849122E-01  3.26756504E-03
6.79593544E-02  3.55041832E-01  3.03709134E-03
6.82060308E-02  3.45747828E-01  2.82816053E-03
6.84527072E-02  3.13813061E-01  2.50260322E-03
6.86993836E-02  2.97942013E-01  2.39205407E-03
6.89460601E-02  2.78274387E-01  1.98946777E-03
6.91927365E-02  2.62633026E-01  2.03915057E-03
6.94394129E-02  2.55846292E-01  1.86962204E-03
6.96860893E-02  2.28116170E-01  1.79252168E-03
6.99327657E-02  2.24419683E-01  1.71175110E-03
7.01794422E-02  2.13098958E-01  1.63601188E-03
7.04261186E-02  2.19370946E-01  1.69708161E-03
7.06727950E-02  2.03201145E-01  1.64001458E-03
7.09194714E-02  2.03839973E-01  1.60753599E-03
7.11661479E-02  1.99737415E-01  1.55455456E-03
7.14128243E-02  1.96051762E-01  1.54869526E-03
7.16595007E-02  1.85990632E-01  1.49556785E-03
7.19061771E-02  1.78682730E-01  1.41346385E-03
7.21528535E-02  1.76997036E-01  1.42811006E-03
7.23995300E-02  1.79425538E-01  1.41257909E-03
7.26462064E-02  1.76848873E-01  1.35763735E-03
7.28928828E-02  1.81563079E-01  1.38550322E-03
7.31395592E-02  1.76032692E-01  1.34885905E-03
7.33862357E-02  1.75342888E-01  1.40272814E-03
7.36329121E-02  1.68257982E-01  1.38566236E-03
7.38795885E-02  1.65164366E-01  1.30093284E-03
7.41262649E-02  1.67843506E-01  1.37737044E-03
7.43729413E-02  1.65185601E-01  1.31700293E-03
7.46196178E-02  1.56508520E-01  1.29508961E-03
7.48662942E-02  1.59803942E-01  1.31611573E-03
7.51129706E-02  1.61256641E-01  1.34747149E-03
7.53596470E-02  1.53031588E-01  1.29682443E-03
7.56063235E-02  1.51614845E-01  1.27523509E-03
7.58529999E-02  1.56839818E-01  1.30215392E-03
7.60996763E-02  1.54844508E-01  1.21731684E-03
7.63463527E-02  1.50257349E-01  1.26125268E-03
7.65930291E-02  1.48198977E-01  1.21064822E-03
7.68397056E-02  1.52257845E-01  1.28474203E-03
7.70863820E-02  1.55095831E-01  1.27675233E-03
7.73330584E-02  1.50196329E-01  1.26527261E-03
7.75797348E-02  1.45872965E-01  1.21475919E-03
7.78264113E-02  1.47478312E-01  1.19271281E-03
7.80730877E-02  1.53259426E-01  1.23033638E-03
7.83197641E-02  1.54183522E-01  1.27373904E-03
7.85664405E-02  1.49263203E-01  1.24754978E-03
7.88131169E-02  1.49252102E-01  1.16053177E-03
7.90597934E-02  1.53455481E-01  1.21459819E-03
7.93064698E-02  1.48599163E-01  1.19105435E-03
7.95531462E-02  1.54764220E-01  1.19167450E-03
7.97998226E-02  1.53811783E-01  1.19050557E-03
8.00464991E-02  1.52104557E-01  1.23099505E-03
8.02931755E-02  1.50801897E-01  1.20036129E-03
8.05398519E-02  1.54609427E-01  1.26209552E-03
8.07865283E-02  1.49648145E-01  1.22761063E-03
8.10332047E-02  1.54803231E-01  1.17678277E-03
8.12798812E-02  1.48642719E-01  1.26037886E-03
8.15265576E-02  1.56532958E-01  1.21473195E-03
8.17732340E-02  1.53002664E-01  1.23182614E-03
8.20199104E-02  1.47636876E-01  1.20790128E-03
8.22665869E-02  1.47093788E-01  1.18036696E-03
8.25132633E-02  1.51178136E-01  1.22315763E-03
8.27599397E-02  1.54472440E-01  1.26028538E-03
8.30066161E-02  1.52921662E-01  1.17363245E-03
8.32532926E-02  1.60958886E-01  1.27033750E-03
8.34999690E-02  1.57518685E-01  1.19997654E-03
8.37466454E-02  1.64337292E-01  1.22936466E-03
8.39933218E-02  1.52061403E-01  1.19166821E-03
8.42399982E-02  1.50563464E-01  1.21930055E-03
8.44866747E-02  1.58432066E-01  1.19508756E-03
8.47333511E-02  1.59642458E-01  1.17672794E-03
8.49800275E-02  1.60029083E-01  1.25678978E-03
8.52267039E-02  1.60329014E-01  1.22049241E-03
8.54733804E-02  1.62520438E-01  1.20070612E-03
8.57200568E-02  1.59200072E-01  1.20590953E-03
8.59667332E-02  1.64525807E-01  1.23479730E-03
8.62134096E-02  1.63413331E-01  1.21473672E-03
8.64600860E-02  1.62842289E-01  1.22137018E-03
8.67067625E-02  1.69644818E-01  1.26700872E-03
8.69534389E-02  1.72725409E-01  1.27042725E-03
8.72001153E-02  1.79890215E-01  1.38011819E-03
8.74467917E-02  1.70305908E-01  1.26462779E-03
8.76934682E-02  1.74457729E-01  1.24670099E-03
8.79401446E-02  1.67494982E-01  1.28041685E-03
8.81868210E-02  1.80818900E-01  1.26138784E-03
8.84334974E-02  1.84369549E-01  1.31709722E-03
8.86801738E-02  1.82640105E-01  1.30734476E-03
8.89268503E-02  1.85882509E-01  1.33920007E-03
8.91735267E-02  1.93208486E-01  1.36128068E-03
8.94202031E-02  1.91759303E-01  1.32610556E-03
8.96668795E-02  1.91708490E-01  1.29533175E-03
8.99135560E-02  1.91756189E-01  1.36139814E-03
9.01602324E-02  2.02307388E-01  1.36803742E-03
9.04069088E-02  2.06885040E-01  1.40020228E-03
9.06535852E-02  2.08405644E-01  1.44273613E-03
9.09002616E-02  2.18027040E-01  1.46257225E-03
9.11469381E-02  2.15270028E-01  1.46638218E-03
9.13936145E-02  2.21503943E-01  1.47750566E-03
9.16402909E-02  2.21074060E-01  1.44964736E-03
9.18869673E-02  2.28065982E-01  1.40289834E-03
9.21336438E-02  2.36010343E-01  1.57420279E-03
9.23803202E-02  2.39662796E-01  1.51199801E-03
9.26269966E-02  2.38229543E-01  1.58976030E-03
9.28736730E-02  2.48261154E-01  1.54129614E-03
9.31203494E-02  2.49871671E-01  1.55944831E-03
9.33670259E-02  2.56799161E-01  1.64722314E-03
9.36137023E-02  2.67406732E-01  1.66409987E-03
9.38603787E-02  2.86890656E-01  1.72172708E-03
9.41070551E-02  2.82887369E-01  1.70806190E-03
9.43537316E-02  2.89953351E-01  1.62842474E-03
9.46004080E-02  2.94888824E-01  1.75626483E-03
9.48470844E-02  3.06195289E-01  1.73622684E-03
9.50937608E-02  3.16995382E-01  1.80429616E-03
9.53404372E-02  3.29685062E-01  1.80111511E-03
9.55871137E-02  3.18631887E-01  1.84514804E-03
9.58337901E-02  3.40129822E-01  1.77788129E-03
9.60804665E-02  3.46700251E-01  1.90507597E-03
9.63271429E-02  3.63072127E-01  1.90002425E-03
9.65738194E-02  3.81278962E-01  2.06764624E-03
9.68204958E-02  3.79866958E-01  2.00595730E-03
9.70671722E-02  3.88129920E-01  1.93070108E-03
9.73138486E-02  4.03798074E-01  1.98361883E-03
9.75605250E-02  4.13254768E-01  2.06774822E-03
9.78072015E-02  4.14100379E-01  2.02859775E-03
9.80538779E-02  4.26959902E-01  2.04034615E-03
9.83005543E-02  4.43222463E-01  2.05107965E-03
9.85472307E-02  4.56987590E-01  2.08529574E-03
9.87939072E-02  4.53536928E-01  2.09259312E-03
9.90405836E-02  4.74854648E-01  2.14037346E-03
9.92872600E-02  4.90367234E-01  2.10572965E-03
9.95339364E-02  4.94298369E-01  2.10701977E-03
9.97806128E-02  5.00859976E-01  2.09349277E-03
1.00027289E-01  5.18109798E-01  2.17559817E-03
1.00273966E-01  5.19435763E-01  2.17427919E-03
1.00520642E-01  5.46655178E-01  2.22776458E-03
1.00767319E-01  5.43622315E-01  2.17936956E-03
1.01013995E-01  5.40395200E-01  2.07267934E-03
1.01260671E-01  5.55062771E-01  2.23112502E-03
1.01507348E-01  5.68676412E-01  2.14700657E-03
1.01754024E-01  5.79752147E-01  2.15612282E-03
1.02000701E-01  5.82240701E-01  2.17535510E-03
1.02247377E-01  5.90710104E-01  2.20795278E-03
1.02494053E-01  5.91701269E-01  2.19181832E-03
1.02740730E-01  5.96421242E-01  2.26761075E-03
1.02987406E-01  5.97775042E-01  2.22434592E-03
1.03234083E-01  6.10063791E-01  2.20913882E-03
1.03480759E-01  6.00945950E-01  2.25399341E-03
1.03727436E-01  5.91413438E-01  2.20383657E-03
1.03974112E-01  5.95895410E-01  2.27783225E-03
1.04220788E-01  6.06386840E-01  2.33596540E-03
1.04467465E-01  5.96184015E-01  2.39381148E-03
1.04714141E-01  5.91861367E-01  2.40374031E-03
1.04960818E-01  5.94390750E-01  2.38883356E-03
1.05207494E-01  5.99383414E-01  2.46459572E-03
1.05454171E-01  5.78416646E-01  2.47859489E-03
1.05700847E-01  5.80426037E-01  2.48586806E-03
1.05947523E-01  5.69352627E-01  2.48699309E-03
1.06194200E-01  5.69992483E-01  2.46291584E-03
1.06440876E-01  5.63606083E-01  2.58606696E-03
1.06687553E-01  5.55344939E-01  2.52439547E-03
1.06934229E-01  5.37187934E-01  2.51163915E-03
1.07180906E-01  5.17533898E-01  2.52397824E-03
1.07427582E-01  5.12991250E-01  2.57831439E-03
1.07674258E-01  4.90563244E-01  2.50295992E-03
1.07920935E-01  5.08463919E-01  2.43645674E-03
1.08167611E-01  4.81192052E-01  2.28905817E-03
1.08414288E-01  4.68947917E-01  2.35694577E-03
1.08660964E-01  4.49687421E-01  2.34558596E-03
1.08907640E-01  4.34952348E-01  2.28251121E-03
1.09154317E-01  4.04149383E-01  2.17349129E-03
1.09400993E-01  3.91343296E-01  2.22120504E-03
1.09647670E-01  3.76021296E-01  2.09274818E-03
1.09894346E-01  3.69846314E-01  2.03935755E-03
1.10141023E-01  3.56214792E-01  2.00409349E-03
1.10387699E-01  3.42871130E-01  1.97225320E-03
1.10634375E-01  3.35932314E-01  1.86957477E-03
1.10881052E-01  3.21659982E-01  1.86554901E-03
1.11127728E-01  3.18193376E-01  1.80029089E-03
1.11374405E-01  2.92257637E-01  1.72207621E-03
1.11621081E-01  2.99730688E-01  1.61323976E-03
1.11867758E-01  2.89847016E-01  1.61697704E-03
1.12114434E-01  2.88815498E-01  1.62471901E-03
1.12361110E-01  2.76065677E-01  1.54815533E-03
1.12607787E-01  2.79998779E-01  1.62701099E-03
1.12854463E-01  2.81712323E-01  1.59867865E-03
1.13101140E-01  2.61472374E-01  1.52544247E-03
1.13347816E-01  2.58627862E-01  1.46653200E-03
1.13594493E-01  2.64282733E-01  1.54780457E-03
1.13841169E-01  2.57674038E-01  1.51880365E-03
1.14087845E-01  2.57819295E-01  1.51307159E-03
1.14334522E-01  2.52456516E-01  1.42180233E-03
1.14581198E-01  2.58992493E-01  1.49959174E-03
1.14827875E-01  2.64655262E-01  1.54405576E-03
1.15074551E-01  2.56841302E-01  1.54292851E-03
1.15321227E-01  2.62358606E-01  1.51269254E-03
1.15567904E-01  2.58199632E-01  1.51711481E-03
1.15814580E-01  2.59345293E-01  1.53751543E-03
1.16061257E-01  2.71277040E-01  1.53119431E-03
1.16307933E-01  2.60298133E-01  1.51602551E-03
1.16554610E-01  2.64780730E-01  1.53497257E-03
1.16801286E-01  2.66050458E-01  1.59703626E-03
1.17047962E-01  2.65551239E-01  1.52407843E-03
1.17294639E-01  2.62647480E-01  1.56066951E-03
1.17541315E-01  2.69630432E-01  1.59270538E-03
1.17787992E-01  2.68015236E-01  1.53876352E-03
1.18034668E-01  2.65416503E-01  1.53083273E-03
1.18281345E-01  2.69911855E-01  1.54373131E-03
1.18528021E-01  2.71325767E-01  1.52148958E-03
1.18774697E-01  2.67491847E-01  1.47889508E-03
1.19021374E-01  2.62904614E-01  1.52766262E-03
1.19268050E-01  2.64880508E-01  1.49707950E-03
1.19514727E-01  2.67990857E-01  1.49592629E-03
1.19761403E-01  2.68162310E-01  1.48345961E-03
1.20008079E-01  2.60817468E-01  1.45808177E-03
1.20254756E-01  2.58645922E-01  1.42654474E-03
1.20501432E-01  2.65374064E-01  1.49255933E-03
1.20748109E-01  2.63500750E-01  1.45554834E-03
1.20994785E-01  2.57491529E-01  1.54260930E-03
1.21241462E-01  2.60281175E-01  1.45692087E-03
1.21488138E-01  2.53804862E-01  1.45312573E-03
1.21734814E-01  2.58274287E-01  1.39264739E-03
1.21981491E-01  2.45916009E-01  1.41844759E-03
1.22228167E-01  2.51449078E-01  1.44552952E-03
1.22474844E-01  2.43964016E-01  1.37750723E-03
1.22721520E-01  2.41250470E-01  1.42036204E-03
1.22968197E-01  2.35562801E-01  1.42273214E-03
1.23214873E-01  2.38229573E-01  1.41355081E-03
1.23461549E-01  2.28090018E-01  1.41725061E-03
1.23708226E-01  2.29053795E-01  1.39130780E-03
1.23954902E-01  2.18665868E-01  1.36066438E-03
1.24201579E-01  2.24073216E-01  1.41457433E-03
1.24448255E-01  2.22883359E-01  1.35932397E-03
1.24694932E-01  2.14261815E-01  1.29584060E-03
1.24941608E-01  2.09965572E-01  1.35650474E-03
1.25188284E-01  2.02237189E-01  1.28908083E-03
1.25434961E-01  2.01454833E-01  1.29457330E-03
1.25681637E-01  1.94285676E-01  1.23843760E-03
1.25928314E-01  1.97234139E-01  1.28939480E-03
1.26174990E-01  1.88917026E-01  1.23451452E-03
1.26421666E-01  1.89225212E-01  1.23162672E-03
1.26668343E-01  1.77470833E-01  1.15631439E-03
1.26915019E-01  1.73188448E-01  1.14532397E-03
1.27161696E-01  1.78392723E-01  1.14486751E-03
1.27408372E-01  1.69089958E-01  1.15392031E-03
1.27655049E-01  1.66232899E-01  1.11208146E-03
1.27901725E-01  1.68022648E-01  1.13094575E-03
1.28148401E-01  1.62232414E-01  1.12311868E-03
1.28395078E-01  1.63350433E-01  1.11452024E-03
1.28641754E-01  1.54230922E-01  1.09933771E-03
1.28888431E-01  1.50128841E-01  1.06527598E-03
1.29135107E-01  1.54151648E-01  1.09309424E-03
1.29381784E-01  1.50305107E-01  1.00929884E-03
1.29628460E-01  1.54298410E-01  1.04552892E-03
1.29875136E-01  1.41661584E-01  9.84311569E-04
1.30121813E-01  1.45654351E-01  1.00058224E-03
1.30368489E-01  1.39016718E-01  9.40051745E-04
1.30615166E-01  1.37771100E-01  1.00014510E-03
1.30861842E-01  1.42624229E-01  1.02963543E-03
1.31108518E-01  1.35382533E-01  9.62295977E-04
1.31355195E-01  1.38991356E-01  9.85065475E-04
1.31601871E-01  1.38673425E-01  9.79073346E-04
1.31848548E-01  1.30824924E-01  9.68386244E-04
1.32095224E-01  1.33894950E-01  1.00086420E-03
1.32341901E-01  1.31449893E-01  9.71822708E-04
1.32588577E-01  1.35248497E-01  9.63290571E-04
1.32835253E-01  1.34289280E-01  9.64045234E-04
1.33081930E-01  1.29181564E-01  9.39644815E-04
1.33328606E-01  1.30576447E-01  9.14094620E-04
1.33575283E-01  1.28554150E-01  9.34278185E-04
1.33821959E-01  1.30274251E-01  9.17500467E-04
1.34068636E-01  1.29308209E-01  9.41512582E-04
1.34315312E-01  1.27522856E-01  9.35410790E-04
1.34561988E-01  1.27134576E-01  9.13605792E-04
1.34808665E-01  1.27747521E-01  9.49143840E-04
1.35055341E-01  1.26229525E-01  9.25626780E-04
1.35302018E-01  1.26366079E-01  9.47777182E-04
1.35548694E-01  1.28751755E-01  9.30994051E-04
1.35795371E-01  1.30175948E-01  9.18762584E-04
1.36042047E-01  1.19379312E-01  8.80306819E-04
1.36288723E-01  1.26065925E-01  9.54754301E-04
1.36535400E-01  1.22119658E-01  8.86543363E-04
1.36782076E-01  1.25776723E-01  9.00542364E-04
1.37028753E-01  1.21479452E-01  8.92964890E-04
1.37275429E-01  1.26350045E-01  9.38899582E-04
1.37522105E-01  1.27752602E-01  8.98742815E-04
1.37768782E-01  1.24937490E-01  8.89739662E-04
1.38015458E-01  1.30157664E-01  9.23357089E-04
1.38262135E-01  1.22385919E-01  8.87341041E-04
1.38508811E-01  1.23333864E-01  8.79963278E-04
1.38755488E-01  1.22698255E-01  8.85668327E-04
1.39002164E-01  1.24403909E-01  8.92622687E-04
1.39248840E-01  1.24110065E-01  8.73086799E-04
1.39495517E-01  1.22469507E-01  8.92543874E-04
1.39742193E-01  1.30073413E-01  9.06706788E-04
1.39988870E-01  1.25992224E-01  9.15510114E-04
1.40235546E-01  1.27501249E-01  8.84601788E-04
1.40482223E-01  1.31480426E-01  9.17835801E-04
1.40728899E-01  1.27847701E-01  9.04234359E-04
1.40975575E-01  1.28934607E-01  9.04443557E-04
1.41222252E-01  1.24465339E-01  8.91289965E-04
1.41468928E-01  1.27567485E-01  8.95039819E-04
1.41715605E-01  1.31687045E-01  9.13115160E-04
1.41962281E-01  1.25615552E-01  9.05110559E-04
1.42208957E-01  1.28939956E-01  9.01204825E-04
1.42455634E-01  1.33068040E-01  9.09528171E-04
1.42702310E-01  1.31530941E-01  8.94064375E-04
1.42948987E-01  1.30482286E-01  8.70829565E-04
1.43195663E-01  1.32412925E-01  9.03061940E-04
1.43442340E-01  1.33389696E-01  9.29814996E-04
1.43689016E-01  1.32373154E-01  9.24964959E-04
1.43935692E-01  1.30517662E-01  8.62793589E-04
1.44182369E-01  1.35460958E-01  9.20406077E-04
1.44429045E-01  1.35631010E-01  9.13482683E-04
1.44675722E-01  1.31825313E-01  9.07731825E-04
1.44922398E-01  1.34721145E-01  9.06485249E-04
1.45169075E-01  1.34134069E-01  9.40539874E-04
1.45415751E-01  1.32072642E-01  8.80312175E-04
1.45662427E-01  1.38558015E-01  9.06758942E-04
1.45909104E-01  1.34618819E-01  8.95904086E-04
1.46155780E-01  1.43546268E-01  9.54264426E-04
1.46402457E-01  1.35899529E-01  9.10321076E-04
1.46649133E-01  1.35927692E-01  8.82851600E-04
1.46895810E-01  1.40273049E-01  9.41002392E-04
1.47142486E-01  1.41031355E-01  9.07935551E-04
1.47389162E-01  1.44211009E-01  9.39869613E-04
1.47635839E-01  1.42712027E-01  9.48774163E-04
1.47882515E-01  1.45731971E-01  9.47848137E-04
1.48129192E-01  1.45174608E-01  9.56053671E-04
1.48375868E-01  1.42757654E-01  9.30502429E-04
1.48622544E-01  1.42608687E-01  9.43541236E-04
1.48869221E-01  1.45979851E-01  9.51051421E-04
1.49115897E-01  1.46718934E-01  9.19539307E-04
1.49362574E-01  1.50510684E-01  9.60055972E-04
1.49609250E-01  1.52914345E-01  9.53722687E-04
1.49855927E-01  1.54322669E-01  9.52721108E-04
1.50102603E-01  1.54917434E-01  9.61151789E-04
1.50349279E-01  1.54717192E-01  9.68812499E-04
1.50595956E-01  1.50771990E-01  9.69070417E-04
1.50842632E-01  1.50393680E-01  9.76370997E-04
1.51089309E-01  1.55059606E-01  9.43886640E-04
1.51335985E-01  1.53480366E-01  9.42589599E-04
1.51582662E-01  1.54859617E-01  9.83881881E-04
1.51829338E-01  1.59344018E-01  9.92701040E-04
1.52076014E-01  1.54875651E-01  9.47228575E-04
1.52322691E-01  1.56854674E-01  9.73714981E-04
1.52569367E-01  1.56690568E-01  9.52810631E-04
1.52816044E-01  1.58404037E-01  9.69250628E-04
1.53062720E-01  1.60922393E-01  9.76679730E-04
1.53309397E-01  1.56219527E-01  9.78842610E-04
1.53556073E-01  1.56766683E-01  9.69094574E-04
1.53802749E-01  1.63369432E-01  9.72759328E-04
1.54049426E-01  1.61413819E-01  9.73586750E-04
1.54296102E-01  1.65757626E-01  9.76641546E-04
1.54542779E-01  1.56275392E-01  9.59502009E-04
1.54789455E-01  1.56266466E-01  9.29428614E-04
1.55036131E-01  1.56293705E-01  9.45902255E-04
1.55282808E-01  1.59959018E-01  9.82591882E-04
1.55529484E-01  1.59065396E-01  9.82965343E-04
1.55776161E-01  1.54800072E-01  9.63378290E-04
1.56022837E-01  1.50996000E-01  9.43426392E-04
1.56269514E-01  1.59463033E-01  9.27634363E-04
1.56516190E-01  1.58237293E-01  9.66565509E-04
1.56762866E-01  1.53629065E-01  9.22487292E-04
1.57009543E-01  1.56502277E-01  9.76516458E-04
1.57256219E-01  1.52155340E-01  9.42235522E-04
1.57502896E-01  1.50496885E-01  9.27901594E-04
1.57749572E-01  1.50292426E-01  9.11172247E-04
1.57996249E-01  1.55767247E-01  9.48401925E-04
1.58242925E-01  1.52181476E-01  9.47729102E-04
1.58489601E-01  1.52825192E-01  9.55327880E-04
1.58736278E-01  1.51818350E-01  9.31251387E-04
1.58982954E-01  1.46053776E-01  9.14030650E-04
1.59229631E-01  1.43761262E-01  9.08194284E-04
1.59476307E-01  1.48301914E-01  9.21240251E-04
1.59722983E-01  1.42891124E-01  9.10081202E-04
1.59969660E-01  1.40833095E-01  9.11829120E-04
1.60216336E-01  1.43533438E-01  8.96871556E-04
1.60463013E-01  1.39180019E-01  9.08261631E-04
1.60709689E-01  1.37874395E-01  8.58296116E-04
1.60956366E-01  1.32541612E-01  8.65747861E-04
1.61203042E-01  1.29588529E-01  8.71617172E-04
1.61449718E-01  1.34327725E-01  8.79283238E-04
1.61696395E-01  1.33493543E-01  8.65456474E-04
1.61943071E-01  1.32672384E-01  8.76711914E-04
1.62189748E-01  1.27780735E-01  8.35669402E-04
1.62436424E-01  1.19473308E-01  8.26934236E-04
1.62683101E-01  1.29847795E-01  8.61754059E-04
1.62929777E-01  1.26195028E-01  8.61031702E-04
1.63176453E-01  1.24005452E-01  8.48759722E-04
1.63423130E-01  1.16259739E-01  8.10561411E-04
1.63669806E-01  1.14367075E-01  8.24421411E-04
1.63916483E-01  1.16214149E-01  8.03333067E-04
1.64163159E-01  1.16259016E-01  8.02095223E-04
1.64409836E-01  1.14259399E-01  8.05712596E-04
1.64656512E-01  1.12942390E-01  8.21361959E-04
1.64903188E-01  1.06981114E-01  7.79531139E-04
1.65149865E-01  1.06256716E-01  7.54949055E-04
1.65396541E-01  1.10070124E-01  7.73270032E-04
1.65643218E-01  1.05493963E-01  7.82556017E-04
1.65889894E-01  1.01022646E-01  7.38343282E-04
1.66136570E-01  9.73733291E-02  7.27707637E-04
1.66383247E-01  1.01865001E-01  7.55743706E-04
1.66629923E-01  9.83961299E-02  7.28496118E-04
1.66876600E-01  9.85551476E-02  7.50194886E-04
1.67123276E-01  9.88230184E-02  7.27286038E-04
1.67369953E-01  9.71709564E-02  7.35755544E-04
1.67616629E-01  9.72330347E-02  7.06261955E-04
1.67863305E-01  9.08355862E-02  7.18877185E-04
1.68109982E-01  9.82826650E-02  7.23273493E-04
1.68356658E-01  9.29685086E-02  7.00025237E-04
1.68603335E-01  8.90159979E-02  6.89832203E-04
1.68850011E-01  9.21383277E-02  6.92424946E-04
1.69096688E-01  9.14259702E-02  7.02818332E-04
1.69343364E-01  8.95641148E-02  6.87943946E-04
1.69590040E-01  8.94618258E-02  6.93417678E-04
1.69836717E-01  9.07748267E-02  7.02551275E-04
1.70083393E-01  8.82707611E-02  6.82547281E-04
1.70330070E-01  8.59764442E-02  6.75574294E-04
1.70576746E-01  9.07362849E-02  6.81537902E-04
1.70823422E-01  8.64268318E-02  6.71811576E-04
1.71070099E-01  8.71919692E-02  6.88183296E-04
1.71316775E-01  8.85016099E-02  6.74591807E-04
1.71563452E-01  9.09429416E-02  6.89443550E-04
1.71810128E-01  8.81347507E-02  6.61546539E-04
1.72056805E-01  8.70268792E-02  6.70341775E-04
1.72303481E-01  8.44022855E-02  6.62778504E-04
1.72550157E-01  8.30581337E-02  6.59169396E-04
1.72796834E-01  8.56246129E-02  6.70474546E-04
1.73043510E-01  8.57923999E-02  6.62562612E-04
1.73290187E-01  8.41498300E-02  6.61746832E-04
1.73536863E-01  8.49865079E-02  6.63609477E-04
1.73783540E-01  8.36761966E-02  6.51351758E-04
1.74030216E-01  8.51999223E-02  6.80660247E-04
1.74276892E-01  8.33835304E-02  6.70624024E-04
1.74523569E-01  8.19105878E-02  6.62016973E-04
1.74770245E-01  8.42320994E-02  6.75472373E-04
1.75016922E-01  8.23799968E-02  6.68004854E-04
1.75263598E-01  8.32222328E-02  6.60204329E-04
1.75510275E-01  8.10180232E-02  6.51577720E-04
1.75756951E-01  8.15454870E-02  6.51764683E-04
1.76003627E-01  7.95278326E-02  6.26467285E-04
1.76250304E-01  8.16077292E-02  6.32016046E-04
1.76496980E-01  8.31142664E-02  6.59167126E-04
1.76743657E-01  8.14996809E-02  6.29525515E-04
1.76990333E-01  8.13522041E-02  6.55171520E-04
1.77237009E-01  8.30049515E-02  6.66818582E-04
1.77483686E-01  7.94598237E-02  6.46984030E-04
1.77730362E-01  8.23135898E-02  6.43190171E-04
1.77977039E-01  8.29768181E-02  6.41084218E-04
1.78223715E-01  8.07504281E-02  6.35821430E-04
1.78470392E-01  8.01800340E-02  6.13276556E-04
1.78717068E-01  8.25376585E-02  6.47971930E-04
1.78963744E-01  8.20201114E-02  6.27095404E-04
1.79210421E-01  7.77843893E-02  6.21164101E-04
1.79457097E-01  8.08108598E-02  6.36111828E-04
1.79703774E-01  7.91649818E-02  6.05315785E-04
1.79950450E-01  7.70331621E-02  6.07003225E-04
1.80197127E-01  7.92224631E-02  6.43103791E-04
1.80443803E-01  7.55603537E-02  6.16931939E-04
1.80690479E-01  7.75141418E-02  6.30110968E-04
1.80937156E-01  7.66207352E-02  6.11268100E-04
1.81183832E-01  7.56124556E-02  6.08168484E-04
1.81430509E-01  7.53572509E-02  6.10095623E-04
1.81677185E-01  7.31867626E-02  5.98085404E-04
1.81923861E-01  7.61198699E-02  6.02287822E-04
1.82170538E-01  7.65318424E-02  6.09154173E-04
1.82417214E-01  7.26369843E-02  5.83003974E-04
1.82663891E-01  7.11564496E-02  5.93839912E-04
1.82910567E-01  7.36441314E-02  5.93145262E-04
1.83157244E-01  7.23605007E-02  5.98366838E-04
1.83403920E-01  7.49410316E-02  6.06205082E-04
1.83650596E-01  7.54698068E-02  5.98905666E-04
1.83897273E-01  7.22259879E-02  5.93455567E-04
1.84143949E-01  7.24887103E-02  6.01882406E-04
1.84390626E-01  7.16062933E-02  5.72011631E-04
1.84637302E-01  7.00225681E-02  5.84768830E-04
1.84883979E-01  6.81907386E-02  5.81078290E-04
1.85130655E-01  7.00750872E-02  5.85073314E-04
1.85377331E-01  6.74842969E-02  5.88063675E-04
1.85624008E-01  6.97655007E-02  5.75635408E-04
1.85870684E-01  6.87171891E-02  5.75855433E-04
1.86117361E-01  6.66103587E-02  5.74551057E-04
1.86364037E-01  7.04040155E-02  5.69480413E-04
1.86610714E-01  6.41521588E-02  5.51316829E-04
1.86857390E-01  6.30196929E-02  5.47452015E-04
1.87104066E-01  6.57088757E-02  5.52722195E-04
1.87350743E-01  6.27855584E-02  5.39967092E-04
1.87597419E-01  6.43420741E-02  5.57967753E-04
1.87844096E-01  6.26178011E-02  5.60476677E-04
1.88090772E-01  6.20220229E-02  5.41070884E-04
1.88337448E-01  6.35206327E-02  5.49409655E-04
1.88584125E-01  6.15913235E-02  5.39896195E-04
1.88830801E-01  6.25176281E-02  5.59201697E-04
1.89077478E-01  5.79613149E-02  5.36995591E-04
1.89324154E-01  6.25352785E-02  5.31364232E-04
1.89570831E-01  5.86870499E-02  5.09583624E-04
1.89817507E-01  6.28582165E-02  5.35876781E-04
1.90064183E-01  5.81757054E-02  5.25912270E-04
1.90310860E-01  6.27407059E-02  5.45817195E-04
1.90557536E-01  6.11342974E-02  5.32647711E-04
1.90804213E-01  5.99468350E-02  5.24386298E-04
1.91050889E-01  5.75685725E-02  5.18268091E-04
1.91297566E-01  6.00678250E-02  5.20313741E-04
1.91544242E-01  5.97314276E-02  5.30726160E-04
1.91790918E-01  5.88035658E-02  5.13290288E-04
1.92037595E-01  5.73393628E-02  5.17915410E-04
1.92284271E-01  5.87260127E-02  5.25825308E-04
1.92530948E-01  5.77664524E-02  5.16501488E-04
1.92777624E-01  5.64804487E-02  5.14639658E-04
1.93024301E-01  5.82530908E-02  5.31111495E-04
1.93270977E-01  5.64863868E-02  5.28230099E-04
1.93517653E-01  5.77478148E-02  5.29823534E-04
1.93764330E-01  5.58795035E-02  4.92804800E-04
1.94011006E-01  5.60979620E-02  5.03881369E-04
1.94257683E-01  5.60160689E-02  5.03232412E-04
1.94504359E-01  5.72371036E-02  5.35918574E-04
1.94751035E-01  5.53238876E-02  5.10009995E-04
1.94997712E-01  5.46039008E-02  5.00862428E-04
1.95244388E-01  5.42529486E-02  4.97982895E-04
1.95491065E-01  5.51118515E-02  5.02174138E-04
1.95737741E-01  5.53809926E-02  5.06761600E-04
1.95984418E-01  5.21928146E-02  4.93598753E-04
1.96231094E-01  5.27617708E-02  4.97370493E-04
1.96477770E-01  5.33638783E-02  4.91449377E-04
1.96724447E-01  5.29721975E-02  4.83984593E-04
1.96971123E-01  5.45100719E-02  4.82809643E-04
1.97217800E-01  5.47533259E-02  4.95613785E-04
1.97464476E-01  5.37459515E-02  4.97603731E-04
1.97711153E-01  5.19890152E-02  4.87722660E-04
1.97957829E-01  5.43872938E-02  4.92640771E-04
1.98204505E-01  5.45597151E-02  4.96009830E-04
1.98451182E-01  5.46796657E-02  4.92716383E-04
1.98697858E-01  5.42113073E-02  4.97322064E-04
1.98944535E-01  5.50119728E-02  4.94716398E-04
1.99191211E-01  5.26057146E-02  4.95436019E-04
1.99437887E-01  5.42909354E-02  5.04321186E-04
1.99684564E-01  5.13473935E-02  4.79253533E-04
1.99931240E-01  5.18109724E-02  4.91164275E-04
2.00177917E-01  5.15850931E-02  4.79137118E-04
2.00424593E-01  5.16096242E-02  4.75744018E-04
2.00671270E-01  5.17398976E-02  4.84548334E-04
2.00917946E-01  5.26599959E-02  4.95729910E-04
2.01164622E-01  5.19055501E-02  4.89095517E-04
2.01411299E-01  5.15014008E-02  4.78910311E-04
2.01657975E-01  5.16099259E-02  4.74452536E-04
2.01904652E-01  5.22488691E-02  4.85137367E-04
2.02151328E-01  5.24537414E-02  4.86296689E-04
2.02398005E-01  5.09180166E-02  4.87664656E-04
2.02644681E-01  5.11505753E-02  4.70299565E-04
2.02891357E-01  5.18241599E-02  4.78937145E-04
2.03138034E-01  4.87210043E-02  4.66438243E-04
2.03384710E-01  5.20946197E-02  4.77907539E-04
2.03631387E-01  5.09095863E-02  4.66569792E-04
2.03878063E-01  5.18435463E-02  4.87220124E-04
2.04124740E-01  4.77270894E-02  4.68572223E-04
2.04371416E-01  4.90514152E-02  4.70324274E-04
2.04618092E-01  5.12900092E-02  4.77222900E-04
2.04864769E-01  4.81462628E-02  4.57331684E-04
2.05111445E-01  5.03176451E-02  4.74873523E-04
2.05358122E-01  4.76145148E-02  4.55178786E-04
2.05604798E-01  5.25045395E-02  4.73366730E-04
2.05851474E-01  4.95192967E-02  4.66546044E-04
2.06098151E-01  4.84761298E-02  4.49470710E-04
2.06344827E-01  5.10621704E-02  4.68192680E-04
2.06591504E-01  5.07980436E-02  4.67614736E-04
2.06838180E-01  4.71109524E-02  4.48147475E-04
2.07084857E-01  4.65311632E-02  4.45353973E-04
2.07331533E-01  4.90701608E-02  4.59434988E-04
2.07578209E-01  4.70496677E-02  4.60432173E-04
2.07824886E-01  4.97278869E-02  4.51522850E-04
2.08071562E-01  4.71770577E-02  4.50452295E-04
2.08318239E-01  4.77393940E-02  4.58037568E-04
2.08564915E-01  4.86641712E-02  4.57434566E-04
2.08811592E-01  4.89478968E-02  4.64174082E-04
2.09058268E-01  4.92564514E-02  4.59269766E-04
2.09304944E-01  4.88174818E-02  4.55441361E-04
2.09551621E-01  4.78877686E-02  4.63040284E-04
2.09798297E-01  4.92665246E-02  4.59907722E-04
2.10044974E-01  4.67804112E-02  4.37650509E-04
2.10291650E-01  4.56578434E-02  4.33189096E-04
2.10538326E-01  4.86919358E-02  4.46149817E-04
2.10785003E-01  4.57762294E-02  4.39361815E-04
2.11031679E-01  4.99659181E-02  4.57965041E-04
2.11278356E-01  4.90372553E-02  4.54137247E-04
2.11525032E-01  4.67550680E-02  4.38031711E-04
2.11771709E-01  4.63026874E-02  4.43097262E-04
2.12018385E-01  4.47301343E-02  4.44809208E-04
2.12265061E-01  4.75049466E-02  4.47167578E-04
2.12511738E-01  4.56451066E-02  4.23002115E-04
2.12758414E-01  4.63493466E-02  4.46457561E-04
2.13005091E-01  4.49327156E-02  4.31848282E-04
2.13251767E-01  4.85233925E-02  4.54877765E-04
2.13498444E-01  4.97630425E-02  4.44640056E-04
2.13745120E-01  4.79886644E-02  4.62097873E-04
2.13991796E-01  4.68554311E-02  4.33934911E-04
2.14238473E-01  4.62617911E-02  4.39103344E-04
2.14485149E-01  4.54840697E-02  4.46345948E-04
2.14731826E-01  4.37142588E-02  4.27128427E-04
2.14978502E-01  4.88172695E-02  4.54986905E-04
2.15225179E-01  4.68347855E-02  4.31828463E-04
2.15471855E-01  4.76131700E-02  4.49208805E-04
2.15718531E-01  4.79143858E-02  4.45662066E-04
2.15965208E-01  4.93210293E-02  4.57662391E-04
2.16211884E-01  4.62417789E-02  4.35951428E-04
2.16458561E-01  4.46549393E-02  4.27060237E-04
2.16705237E-01  4.82824482E-02  4.39964962E-04
2.16951913E-01  4.54028696E-02  4.40117001E-04
2.17198590E-01  4.83762771E-02  4.50857595E-04
2.17445266E-01  4.68797833E-02  4.49965417E-04
2.17691943E-01  4.46697623E-02  4.25279984E-04
2.17938619E-01  4.63424101E-02  4.53420245E-04
2.18185296E-01  4.43128422E-02  4.28834843E-04
2.18431972E-01  4.64217067E-02  4.44143661E-04
2.18678648E-01  4.51828353E-02  4.31049237E-04
2.18925325E-01  4.55639623E-02  4.30359039E-04
2.19172001E-01  4.59899046E-02  4.49361251E-04
2.19418678E-01  4.60101701E-02  4.39626747E-04
2.19665354E-01  4.49214168E-02  4.35572787E-04
2.19912031E-01  4.66027819E-02  4.40552889E-04
2.20158707E-01  4.78714183E-02  4.35264490E-04
2.20405383E-01  4.66760434E-02  4.37410199E-04
2.20652060E-01  4.56453301E-02  4.39172640E-04
2.20898736E-01  4.42868695E-02  4.24912199E-04
2.21145413E-01  4.69949171E-02  4.52977401E-04
2.21392089E-01  4.23092060E-02  4.10113687E-04
2.21638766E-01  4.56058830E-02  4.31672204E-04
2.21885442E-01  4.45917733E-02  4.30108019E-04
2.22132118E-01  4.65052873E-02  4.37284209E-04
2.22378795E-01  4.29463089E-02  4.31148015E-04
2.22625471E-01  4.66836616E-02  4.36147238E-04
2.22872148E-01  4.45011780E-02  4.33660083E-04
2.23118824E-01  4.64068949E-02  4.54419060E-04
2.23365500E-01  4.71024178E-02  4.39865864E-04
2.23612177E-01  4.55702581E-02  4.29385051E-04
2.23858853E-01  4.48540002E-02  4.31934313E-04
2.24105530E-01  4.25826460E-02  4.23045596E-04
2.24352206E-01  4.69906889E-02  4.31865134E-04
2.24598883E-01  4.57057729E-02  4.42145451E-04
2.24845559E-01  4.36006188E-02  4.30923625E-04
2.25092235E-01  4.60038148E-02  4.27417428E-04
2.25338912E-01  4.53390852E-02  4.27573075E-04
2.25585588E-01  4.45763655E-02  4.19481628E-04
2.25832265E-01  4.70936410E-02  4.35665163E-04
2.26078941E-01  4.53578755E-02  4.29871783E-04
2.26325618E-01  4.73564379E-02  4.42120247E-04
2.26572294E-01  4.43241782E-02  4.22661949E-04
2.26818970E-01  4.36117314E-02  4.20170778E-04
2.27065647E-01  4.60294262E-02  4.30448650E-04
2.27312323E-01  4.35134098E-02  4.21087432E-04
2.27559000E-01  4.52573001E-02  4.40475851E-04
2.27805676E-01  4.77663316E-02  4.34437243E-04
2.28052352E-01  4.67877686E-02  4.39307478E-04
2.28299029E-01  4.49533649E-02  4.27477789E-04
2.28545705E-01  4.78504635E-02  4.54555382E-04
2.28792382E-01  4.44284938E-02  4.24922968E-04
2.29039058E-01  4.79605272E-02  4.43774683E-04
2.29285735E-01  4.59508821E-02  4.30990651E-04
2.29532411E-01  4.45042364E-02  4.13778180E-04
2.29779087E-01  4.60684597E-02  4.20445373E-04
2.30025764E-01  4.53106388E-02  4.23944963E-04
2.30272440E-01  4.56567518E-02  4.37245559E-04
2.30519117E-01  4.78153303E-02  4.38281480E-04
2.30765793E-01  4.40020226E-02  4.13449743E-04
2.31012470E-01  4.54282872E-02  4.29073640E-04
2.31259146E-01  4.54409570E-02  4.30930231E-04
2.31505822E-01  4.34457548E-02  4.15421411E-04
2.31752499E-01  4.70349193E-02  4.35328111E-04
2.31999175E-01  4.57040854E-02  4.19353833E-04
2.32245852E-01  4.50326987E-02  4.22028563E-04
2.32492528E-01  4.48412374E-02  4.15434333E-04
2.32739205E-01  4.42780443E-02  4.25931707E-04
2.32985881E-01  4.30296659E-02  4.12799476E-04
2.33232557E-01  4.58492003E-02  4.29967651E-04
2.33479234E-01  4.26628552E-02  4.09852364E-04
2.33725910E-01  4.47135195E-02  4.17453877E-04
2.33972587E-01  4.43388708E-02  4.26221261E-04
2.34219263E-01  4.88385223E-02  4.32616274E-04
2.34465939E-01  4.69706319E-02  4.27601248E-04
2.34712616E-01  4.61393483E-02  4.38785821E-04
2.34959292E-01  4.61561717E-02  4.21748555E-04
2.35205969E-01  4.57309894E-02  4.23212157E-04
2.35452645E-01  4.46804874E-02  4.16437921E-04
2.35699322E-01  4.45628427E-02  4.19624412E-04
2.35945998E-01  4.61518914E-02  4.27766150E-04
2.36192674E-01  4.61263470E-02  4.26898070E-04
2.36439351E-01  4.41348962E-02  4.12448746E-04
2.36686027E-01  4.57072780E-02  4.22594050E-04
2.36932704E-01  4.73206267E-02  4.24397556E-04
2.37179380E-01  4.54381034E-02  4.22649638E-04
2.37426057E-01  4.55222093E-02  4.18604322E-04
2.37672733E-01  4.68380339E-02  4.31883207E-04
2.37919409E-01  4.56586480E-02  4.17822041E-04
2.38166086E-01  4.52225767E-02  4.27089457E-04
2.38412762E-01  4.42286283E-02  4.13611735E-04
2.38659439E-01  4.74814996E-02  4.24096332E-04
2.38906115E-01  4.43399362E-02  4.10985725E-04
2.39152791E-01  4.62939367E-02  4.15308255E-04
2.39399468E-01  4.71642986E-02  4.33270325E-04
2.39646144E-01  4.55083475E-02  4.17985022E-04
2.39892821E-01  4.56274636E-02  4.21683333E-04
2.40139497E-01  4.62706983E-02  4.21446719E-04
2.40386174E-01  4.59249504E-02  4.16548020E-04
2.40632850E-01  4.54166792E-02  4.18569223E-04
2.40879526E-01  4.38527428E-02  3.98737087E-04
2.41126203E-01  4.50168289E-02  4.13240050E-04
2.41372879E-01  4.60238531E-02  4.15654009E-04
2.41619556E-01  4.59511876E-02  4.18271287E-04
2.41866232E-01  4.71623242E-02  4.12637426E-04
2.42112909E-01  4.69324328E-02  4.14022506E-04
2.42359585E-01  4.40468416E-02  4.15467541E-04
2.42606261E-01  4.76453602E-02  4.39965195E-04
2.42852938E-01  4.67429943E-02  4.33483685E-04
2.43099614E-01  4.44515459E-02  4.33322421E-04
2.43346291E-01  4.64733131E-02  4.34404734E-04
2.43592967E-01  4.50781472E-02  4.20608849E-04
2.43839644E-01  4.40413244E-02  4.27040155E-04
2.44086320E-01  4.60566245E-02  4.31410765E-04
2.44332996E-01  4.48772758E-02  4.24166908E-04
2.44579673E-01  4.70734611E-02  4.38339543E-04
2.44826349E-01  4.49068174E-02  4.32158355E-04
2.45073026E-01  4.65133414E-02  4.29698674E-04
2.45319702E-01  4.73424084E-02  4.32098896E-04
2.45566378E-01  4.63946275E-02  4.33999288E-04
2.45813055E-01  4.44678478E-02  4.30644257E-04
2.46059731E-01  4.43641841E-02  4.34626563E-04
2.46306408E-01  4.68897000E-02  4.44487057E-04
2.46553084E-01  4.43694144E-02  4.45797108E-04
2.46799761E-01  4.64901626E-02  4.57807677E-04
2.47046437E-01  4.76617292E-02  4.47410683E-04
2.47293113E-01  4.61412407E-02  4.48256440E-04
2.47539790E-01  4.52882387E-02  4.48735722E-04
2.47786466E-01  4.68036011E-02  4.59882664E-04
2.48033143E-01  4.59171943E-02  4.55855567E-04
2.48279819E-01  4.73036431E-02  4.68881131E-04
2.48526496E-01  4.62486185E-02  4.48489591E-04
2.48773172E-01  4.62798774E-02  4.67321748E-04
2.49019848E-01  4.69676703E-02  4.57469170E-04
2.49266525E-01  4.72237691E-02  4.50562657E-04
2.49513201E-01  4.38940302E-02  4.49097512E-04
2.49759878E-01  4.55093272E-02  4.47419006E-04
2.50006554E-01  4.64265011E-02  4.59789648E-04
2.50253230E-01  5.02606630E-02  4.90021543E-04
2.50499907E-01  4.65854406E-02  4.63784032E-04
2.50746583E-01  4.75084744E-02  4.67974343E-04
2.50993260E-01  4.88581657E-02  4.76781337E-04
2.51239936E-01  4.62159775E-02  4.65902354E-04
2.51486613E-01  4.68972065E-02  4.60157869E-04
2.51733289E-01  4.55893166E-02  4.59212053E-04
2.51979965E-01  4.82059754E-02  4.80582094E-04
2.52226642E-01  4.33692038E-02  4.57516318E-04
2.52473318E-01  4.55885269E-02  4.67530073E-04
2.52719995E-01  4.60034162E-02  4.80508461E-04
2.52966671E-01  4.38280925E-02  4.53104003E-04
2.53213348E-01  4.93096448E-02  4.90646518E-04
2.53460024E-01  4.84265946E-02  4.87821555E-04
2.53706700E-01  4.64358218E-02  4.73204040E-04
2.53953377E-01  4.52427343E-02  4.68816521E-04
2.54200053E-01  4.64676507E-02  4.74278437E-04
2.54446730E-01  4.74779643E-02  4.73818567E-04
2.54693406E-01  4.45748493E-02  4.64015058E-04
2.54940083E-01  4.62010279E-02  4.61657502E-04
2.55186759E-01  4.78481874E-02  4.73291671E-04
2.55433435E-01  4.54377122E-02  4.56607697E-04
2.55680112E-01  4.70055342E-02  4.60009120E-04
2.55926788E-01  4.47128043E-02  4.49676358E-04
2.56173465E-01  4.77245264E-02  4.74294706E-04
2.56420141E-01  4.73117419E-02  4.57869668E-04
2.56666817E-01  4.60985601E-02  4.62910626E-04
2.56913494E-01  4.48502041E-02  4.53196117E-04
2.57160170E-01  4.63932455E-02  4.47735074E-04
2.57406847E-01  4.66639958E-02  4.59978794E-04
2.57653523E-01  4.41420749E-02  4.29692620E-04
2.57900200E-01  4.76794466E-02  4.78595903E-04
2.58146876E-01  4.71121036E-02  4.60076466E-04
2.58393552E-01  4.49439846E-02  4.38422168E-04
2.58640229E-01  4.59867232E-02  4.63762553E-04
2.58886905E-01  4.70048413E-02  4.51198081E-04
2.59133582E-01  4.83431779E-02  4.66191676E-04
2.59380258E-01  4.51580137E-02  4.61355899E-04
2.59626935E-01  4.65965569E-02  4.61438991E-04
2.59873611E-01  4.53393422E-02  4.38659656E-04
2.60120287E-01  4.48181815E-02  4.37726063E-04
2.60366964E-01  4.81916927E-02  4.58776543E-04
2.60613640E-01  4.46656868E-02  4.41287993E-04
2.60860317E-01  4.64098752E-02  4.53139568E-04
2.61106993E-01  4.52437662E-02  4.44219069E-04
2.61353670E-01  4.73969728E-02  4.57216200E-04
2.61600346E-01  4.47580926E-02  4.36473143E-04
2.61847022E-01  4.55246083E-02  4.53562010E-04
2.62093699E-01  4.41205017E-02  4.41751559E-04
2.62340375E-01  4.65849675E-02  4.58938477E-04
2.62587052E-01  4.58480902E-02  4.53594985E-04
2.62833728E-01  4.80070598E-02  4.53063898E-04
2.63080404E-01  4.37961966E-02  4.37504641E-04
2.63327081E-01  4.60245013E-02  4.54033638E-04
2.63573757E-01  4.49733809E-02  4.43765835E-04
2.63820434E-01  4.56572399E-02  4.49810876E-04
2.64067110E-01  4.58680727E-02  4.56449023E-04
2.64313787E-01  4.45900410E-02  4.33615729E-04
2.64560463E-01  4.45485599E-02  4.47550585E-04
2.64807139E-01  4.41892594E-02  4.39984957E-04
2.65053816E-01  4.48862165E-02  4.35536320E-04
2.65300492E-01  4.76358160E-02  4.61051066E-04
2.65547169E-01  4.34709899E-02  4.28053580E-04
2.65793845E-01  4.46514189E-02  4.49190295E-04
2.66040522E-01  4.74715158E-02  4.55486006E-04
2.66287198E-01  4.71178405E-02  4.52453853E-04
2.66533874E-01  4.49258313E-02  4.42280172E-04
2.66780551E-01  4.73306663E-02  4.67698846E-04
2.67027227E-01  4.64194901E-02  4.54638037E-04
2.67273904E-01  4.58002239E-02  4.39901487E-04
2.67520580E-01  4.59311455E-02  4.53415007E-04
2.67767256E-01  4.48165946E-02  4.44985984E-04
2.68013933E-01  4.70495187E-02  4.48829582E-04
2.68260609E-01  4.35598455E-02  4.28120431E-04
2.68507286E-01  4.39254194E-02  4.26820829E-04
2.68753962E-01  4.51464020E-02  4.36930772E-04
2.69000639E-01  4.50609252E-02  4.45029640E-04
2.69247315E-01  4.53227535E-02  4.44789417E-04
2.69493991E-01  4.76530865E-02  4.50040330E-04
2.69740668E-01  4.65920456E-02  4.39093681E-04
2.69987344E-01  4.75193560E-02  4.51076630E-04
2.70234021E-01  4.22490425E-02  4.25368926E-04
2.70480697E-01  4.57563438E-02  4.54455672E-04
2.70727374E-01  4.44622599E-02  4.45383106E-04
2.70974050E-01  4.34657037E-02  4.41498647E-04
2.71220726E-01  4.52020206E-02  4.53714398E-04
2.71467403E-01  4.56070229E-02  4.54483437E-04
2.71714079E-01  4.47914451E-02  4.59368137E-04
2.71960756E-01  4.42887396E-02  4.48882696E-04
2.72207432E-01  4.53195348E-02  4.65957419E-04
2.72454109E-01  4.45125923E-02  4.57125774E-04
2.72700785E-01  4.47796471E-02  4.52956825E-04
2.72947461E-01  4.39102910E-02  4.50431835E-04
2.73194138E-01  4.46621478E-02  4.49206476E-04
2.73440814E-01  4.22904640E-02  4.57260350E-04
2.73687491E-01  4.42610569E-02  4.45461948E-04
2.73934167E-01  4.80870903E-02  4.72927262E-04
2.74180843E-01  4.60655466E-02  4.57885413E-04
2.74427520E-01  4.67738099E-02  4.56923532E-04
2.74674196E-01  4.54200134E-02  4.54268302E-04
2.74920873E-01  4.49772291E-02  4.56994167E-04
2.75167549E-01  4.54205796E-02  4.49127867E-04
2.75414226E-01  4.45815623E-02  4.63888166E-04
2.75660902E-01  4.69622687E-02  4.65370191E-04
2.75907578E-01  4.58027609E-02  4.70429630E-04
2.76154255E-01  4.35136631E-02  4.46845224E-04
2.76400931E-01  4.44455408E-02  4.64753684E-04
2.76647608E-01  4.44880016E-02  4.59916686E-04
2.76894284E-01  4.46895957E-02  4.59149596E-04
2.77140961E-01  4.48305309E-02  4.65685735E-04
2.77387637E-01  4.43303771E-02  4.52764652E-04
2.77634313E-01  4.64826338E-02  4.64247976E-04
2.77880990E-01  4.46894169E-02  4.63963748E-04
2.78127666E-01  4.34600264E-02  4.50545049E-04
2.78374343E-01  4.26662453E-02  4.49490995E-04
2.78621019E-01  4.56628576E-02  4.58164490E-04
2.78867695E-01  4.53577600E-02  4.78756003E-04
2.79114372E-01  4.45861518E-02  4.57127840E-04
2.79361048E-01  4.73409705E-02  4.78327740E-04
2.79607725E-01  4.39920127E-02  4.69567167E-04
2.79854401E-01  4.55304235E-02  4.69831488E-04
2.80101078E-01  4.62292172E-02  4.77373484E-04
2.80347754E-01  4.61909696E-02  4.74990666E-04
2.80594430E-01  4.35283110E-02  4.65702236E-04
2.80841107E-01  4.59073000E-02  4.77877795E-04
2.81087783E-01  4.31076176E-02  4.47031955E-04
2.81334460E-01  4.40156385E-02  4.64983576E-04
2.81581136E-01  4.50458676E-02  4.64613724E-04
2.81827813E-01  4.47248928E-02  4.48444800E-04
2.82074489E-01  4.95576337E-02  4.84243385E-04
2.82321165E-01  4.50865328E-02  4.57942602E-04
2.82567842E-01  4.83302474E-02  4.87468642E-04
2.82814518E-01  4.60107289E-02  4.75149398E-04
2.83061195E-01  4.39955592E-02  4.69170656E-04
2.83307871E-01  4.41713072E-02  4.61866643E-04
2.83554548E-01  4.56847474E-02  4.65865043E-04
2.83801224E-01  4.60030176E-02  4.72698215E-04
2.84047900E-01  4.48943712E-02  4.85126599E-04
2.84294577E-01  4.71993349E-02  4.77899768E-04
2.84541253E-01  4.24951017E-02  4.56745096E-04
2.84787930E-01  4.55065779E-02  4.73929569E-04
2.85034606E-01  4.38234545E-02  4.71323699E-04
2.85281282E-01  4.27536890E-02  4.50270920E-04
2.85527959E-01  4.23413180E-02  4.57098329E-04
2.85774635E-01  4.32485119E-02  4.57418791E-04
2.86021312E-01  4.27709743E-02  4.68090817E-04
2.86267988E-01  4.37110029E-02  4.62760596E-04
2.86514665E-01  4.42228280E-02  4.63101489E-04
2.86761341E-01  4.61506620E-02  4.81440627E-04
2.87008017E-01  4.53502052E-02  4.63810604E-04
2.87254694E-01  4.61445339E-02  4.78336180E-04
2.87501370E-01  4.44078855E-02  4.66774218E-04
2.87748047E-01  4.50204611E-02  4.80001268E-04
2.87994723E-01  4.25583236E-02  4.76437272E-04
2.88241400E-01  4.47378606E-02  4.69187798E-04
2.88488076E-01  4.33271043E-02  4.67047299E-04
2.88734752E-01  4.39194515E-02  4.59646457E-04
2.88981429E-01  4.38789763E-02  4.67109552E-04
2.89228105E-01  4.33006547E-02  4.67584759E-04
2.89474782E-01  4.33370434E-02  4.64590936E-04
2.89721458E-01  4.20924276E-02  4.54991416E-04
2.89968134E-01  4.55740765E-02  4.66453610E-04
2.90214811E-01  4.32634987E-02  4.71885869E-04
2.90461487E-01  4.31804396E-02  4.65501187E-04
2.90708164E-01  4.37623151E-02  4.75632580E-04
2.90954840E-01  4.46039066E-02  4.75210865E-04
2.91201517E-01  4.24110144E-02  4.53457935E-04
2.91448193E-01  4.21204567E-02  4.62813041E-04
2.91694869E-01  4.32733111E-02  4.59793839E-04
2.91941546E-01  4.50962149E-02  4.87025507E-04
2.92188222E-01  4.63104509E-02  4.73819789E-04
2.92434899E-01  4.22728322E-02  4.63728007E-04
2.92681575E-01  4.54286337E-02  4.76097368E-04
2.92928252E-01  4.28645760E-02  4.56855749E-04
2.93174928E-01  4.29774448E-02  4.63433418E-04
2.93421604E-01  4.18207310E-02  4.54047404E-04
2.93668281E-01  4.49011214E-02  4.94584034E-04
2.93914957E-01  4.46751937E-02  4.78652422E-04
2.94161634E-01  4.50276397E-02  4.65664663E-04
2.94408310E-01  4.25272435E-02  4.70925297E-04
2.94654987E-01  4.58837561E-02  4.75456851E-04
2.94901663E-01  4.23777513E-02  4.54915600E-04
2.95148339E-01  4.65353988E-02  4.73618158E-04
2.95395016E-01  4.38145138E-02  4.65444551E-04
2.95641692E-01  4.16216627E-02  4.62145515E-04
2.95888369E-01  4.45445329E-02  4.67065489E-04
2.96135045E-01  4.36556637E-02  4.66277299E-04
2.96381721E-01  4.50790785E-02  4.90824052E-04
2.96628398E-01  4.27666716E-02  4.69139806E-04
2.96875074E-01  4.25844193E-02  4.67083504E-04
2.97121751E-01  4.47944477E-02  4.65017074E-04
2.97368427E-01  4.31237966E-02  4.49719955E-04
2.97615104E-01  4.48380820E-02  4.82758769E-04
2.97861780E-01  4.52931561E-02  4.78971167E-04
2.98108456E-01  4.33007441E-02  4.57645539E-04
2.98355133E-01  4.52370159E-02  4.65975492E-04
2.98601809E-01  4.37190309E-02  4.80880437E-04
2.98848486E-01  4.53569591E-02  4.76067537E-04
2.99095162E-01  4.57758270E-02  4.68472659E-04
2.99341839E-01  4.48953919E-02  4.77333117E-04
2.99588515E-01  4.50661667E-02  4.75343084E-04
2.99835191E-01  4.25520763E-02  4.54698777E-04
3.00081868E-01  4.33593988E-02  4.63908480E-04
3.00328544E-01  4.41641435E-02  4.53706394E-04
3.00575221E-01  4.46035042E-02  4.87232202E-04
3.00821897E-01  4.46339063E-02  4.76051267E-04
3.01068574E-01  4.46889102E-02  4.71037871E-04
3.01315250E-01  4.19817939E-02  4.51053376E-04
3.01561926E-01  4.16937806E-02  4.74780216E-04
3.01808603E-01  4.38225903E-02  4.81349503E-04
3.02055279E-01  4.26400416E-02  4.61196032E-04
3.02301956E-01  4.13754880E-02  4.63881064E-04
3.02548632E-01  4.43983413E-02  4.83594835E-04
3.02795308E-01  4.17467803E-02  4.56335663E-04
3.03041985E-01  4.24549542E-02  4.63896256E-04
3.03288661E-01  4.36367057E-02  4.72719432E-04
3.03535338E-01  4.27317657E-02  4.54635097E-04
3.03782014E-01  4.28993143E-02  4.66585916E-04
3.04028691E-01  4.43211719E-02  4.77769907E-04
3.04275367E-01  4.19172347E-02  4.54140070E-04
3.04522043E-01  4.54142131E-02  4.81296185E-04
3.04768720E-01  4.16577682E-02  4.49183397E-04
3.05015396E-01  4.39828783E-02  4.71650856E-04
3.05262073E-01  4.35130857E-02  4.65722522E-04
3.05508749E-01  4.28278036E-02  4.60982032E-04
3.05755426E-01  4.34369110E-02  4.79089620E-04
3.06002102E-01  4.26862575E-02  4.56788432E-04
3.06248778E-01  4.53646667E-02  4.92043793E-04
3.06495455E-01  4.44879048E-02  4.70386789E-04
3.06742131E-01  4.56045270E-02  4.70364932E-04
3.06988808E-01  4.39390540E-02  4.75294393E-04
3.07235484E-01  4.36841808E-02  4.65469813E-04
3.07482160E-01  4.11414281E-02  4.56227979E-04
3.07728837E-01  4.56798226E-02  4.87723562E-04
3.07975513E-01  4.35740985E-02  4.60360665E-04
3.08222190E-01  4.45986018E-02  4.74143744E-04
3.08468866E-01  4.48858216E-02  4.81692899E-04
3.08715543E-01  4.55232710E-02  4.73293534E-04
3.08962219E-01  4.32680845E-02  4.62593453E-04
3.09208895E-01  4.37912680E-02  4.72037122E-04
3.09455572E-01  4.31937650E-02  4.76530433E-04
3.09702248E-01  4.52289060E-02  4.71444422E-04
3.09948925E-01  4.41848040E-02  4.78951988E-04
3.10195601E-01  4.45067547E-02  4.79629642E-04
3.10442278E-01  4.36797850E-02  4.74588276E-04
3.10688954E-01  4.23671976E-02  4.57649090E-04
3.10935630E-01  4.49605696E-02  4.69199178E-04
3.11182307E-01  4.22547683E-02  4.51755623E-04
3.11428983E-01  4.38386649E-02  4.68627550E-04
3.11675660E-01  4.14094627E-02  4.63345845E-04
3.11922336E-01  4.35505696E-02  4.75365843E-04
3.12169013E-01  4.39641513E-02  4.75054519E-04
3.12415689E-01  4.40027639E-02  4.75476409E-04
3.12662365E-01  4.64582890E-02  4.90099133E-04
3.12909042E-01  4.41798083E-02  4.70842584E-04
3.13155718E-01  4.40036394E-02  4.68343467E-04
3.13402395E-01  4.38233428E-02  4.76384303E-04
3.13649071E-01  4.32472751E-02  4.72831249E-04
3.13895747E-01  4.34330255E-02  4.66879632E-04
3.14142424E-01  4.34113368E-02  4.75394219E-04
3.14389100E-01  4.66068722E-02  4.82048636E-04
3.14635777E-01  3.90558727E-02  4.55895963E-04
3.14882453E-01  4.06388976E-02  4.53243410E-04
3.15129130E-01  4.49261963E-02  4.76146903E-04
3.15375806E-01  4.59422059E-02  5.01785136E-04
3.15622482E-01  4.42809798E-02  4.75363282E-04
3.15869159E-01  4.39663641E-02  4.90025152E-04
3.16115835E-01  4.76818271E-02  4.72329732E-04
3.16362512E-01  4.38936651E-02  4.69494058E-04
3.16609188E-01  4.55963500E-02  4.88169695E-04
3.16855865E-01  4.38988730E-02  4.71676467E-04
3.17102541E-01  4.35570963E-02  4.68146114E-04
3.17349217E-01  4.14685905E-02  4.54007677E-04
3.17595894E-01  4.29716296E-02  4.67665726E-04
3.17842570E-01  4.28915657E-02  4.58437542E-04
3.18089247E-01  4.44062166E-02  4.70738392E-04
3.18335923E-01  4.47361767E-02  4.79050621E-04
3.18582599E-01  4.45805639E-02  4.71623236E-04
3.18829276E-01  4.55252193E-02  4.82017786E-04
3.19075952E-01  4.35031541E-02  4.69664985E-04
3.19322629E-01  4.52046096E-02  4.69272287E-04
3.19569305E-01  4.41839695E-02  4.69009974E-04
3.19815982E-01  4.60195579E-02  4.83095733E-04
3.20062658E-01  4.37110178E-02  4.72734711E-04
3.20309334E-01  4.45091166E-02  4.79373615E-04
3.20556011E-01  4.36519049E-02  4.85195924E-04
3.20802687E-01  4.61901762E-02  4.87949234E-04
3.21049364E-01  4.53314036E-02  4.91028302E-04
3.21296040E-01  4.33041975E-02  4.69915220E-04
3.21542717E-01  4.53951433E-02  4.73618828E-04
3.21789393E-01  4.67598848E-02  4.93627449E-04
3.22036069E-01  4.50264029E-02  4.84053540E-04
3.22282746E-01  4.55714203E-02  4.74688743E-04
3.22529422E-01  4.52853553E-02  4.77132329E-04
3.22776099E-01  4.32200506E-02  4.67459002E-04
3.23022775E-01  4.44073342E-02  4.77906637E-04
3.23269452E-01  4.71446775E-02  4.91719402E-04
3.23516128E-01  4.47064899E-02  4.89943777E-04
3.23762804E-01  4.50692847E-02  4.80746763E-04
3.24009481E-01  4.33551706E-02  4.73471388E-04
3.24256157E-01  4.58862409E-02  5.02598588E-04
3.24502834E-01  4.60117683E-02  4.87878278E-04
3.24749510E-01  4.54645231E-02  5.02429437E-04
3.24996186E-01  4.73013707E-02  4.89333470E-04
3.25242863E-01  4.33671847E-02  4.82176518E-04
3.25489539E-01  4.43481430E-02  4.71344450E-04
3.25736216E-01  4.83720899E-02  4.92897874E-04
3.25982892E-01  4.51949798E-02  4.83971729E-04
3.26229569E-01  4.70326655E-02  4.98366542E-04
3.26476245E-01  4.53446619E-02  4.86978213E-04
3.26722921E-01  4.41085584E-02  4.85947152E-04
3.26969598E-01  4.52182330E-02  4.78198606E-04
3.27216274E-01  4.43799794E-02  4.77611058E-04
3.27462951E-01  4.44648638E-02  4.84678079E-04
3.27709627E-01  4.56285328E-02  4.78910923E-04
3.27956304E-01  4.41502966E-02  4.74941276E-04
3.28202980E-01  4.49257605E-02  4.72631742E-04
3.28449656E-01  4.81620878E-02  4.87240090E-04
3.28696333E-01  4.57485244E-02  4.78135189E-04
3.28943009E-01  4.84661683E-02  4.97503323E-04
3.29189686E-01  4.57065068E-02  4.85188037E-04
3.29436362E-01  4.65540588E-02  4.72000072E-04
3.29683039E-01  4.72804084E-02  4.99545073E-04
3.29929715E-01  4.54716161E-02  4.79422684E-04
3.30176391E-01  4.45517600E-02  4.88862337E-04
3.30423068E-01  4.70190570E-02  4.92054620E-04
3.30669744E-01  4.84637320E-02  4.97351633E-04
3.30916421E-01  4.46102545E-02  4.76293877E-04
3.31163097E-01  5.01279123E-02  5.09171048E-04
3.31409773E-01  4.70080748E-02  5.05345291E-04
3.31656450E-01  4.54311781E-02  4.92745661E-04
3.31903126E-01  4.44478542E-02  4.82763571E-04
3.32149803E-01  4.82785664E-02  4.96044755E-04
3.32396479E-01  4.64551039E-02  4.94132517E-04
3.32643156E-01  4.53914478E-02  4.89722879E-04
3.32889832E-01  4.57690731E-02  4.81800147E-04
3.33136508E-01  4.70124856E-02  5.01177856E-04
3.33383185E-01  4.55743372E-02  4.79975453E-04
3.33629861E-01  4.81679551E-02  4.90554434E-04
3.33876538E-01  4.67191041E-02  4.93662141E-04
3.34123214E-01  4.49181646E-02  4.89775906E-04
3.34369891E-01  4.97957021E-02  4.99352172E-04
3.34616567E-01  4.64742780E-02  4.90278821E-04
3.34863243E-01  4.62864004E-02  4.84927528E-04
3.35109920E-01  4.70243692E-02  5.00031980E-04
3.35356596E-01  4.64039966E-02  4.77900292E-04
3.35603273E-01  5.08526824E-02  5.27399010E-04
3.35849949E-01  4.81929481E-02  4.99566027E-04
3.36096625E-01  5.05369678E-02  5.08565921E-04
3.36343302E-01  4.83133644E-02  5.05985168E-04
3.36589978E-01  4.58003581E-02  4.78116854E-04
3.36836655E-01  4.44105901E-02  4.88089892E-04
3.37083331E-01  4.87742275E-02  4.96628287E-04
3.37330008E-01  4.77343090E-02  4.99593734E-04
3.37576684E-01  4.70150374E-02  5.03408548E-04
3.37823360E-01  4.66646180E-02  4.80166287E-04
3.38070037E-01  4.74434085E-02  4.99949208E-04
3.38316713E-01  4.94947173E-02  5.12770319E-04
3.38563390E-01  4.69648615E-02  5.00552531E-04
3.38810066E-01  4.90862764E-02  4.98433947E-04
3.39056743E-01  5.03981300E-02  5.19311696E-04
3.39303419E-01  4.50541116E-02  4.83897165E-04
3.39550095E-01  4.62857857E-02  4.82262316E-04
3.39796772E-01  4.96981144E-02  5.15122141E-04
3.40043448E-01  4.69289012E-02  5.11047605E-04
3.40290125E-01  4.78784330E-02  5.03020361E-04
3.40536801E-01  4.74700071E-02  5.03873569E-04
3.40783478E-01  4.75107022E-02  5.16313128E-04
3.41030154E-01  4.70448323E-02  5.04428055E-04
3.41276830E-01  4.63650562E-02  4.94907727E-04
3.41523507E-01  4.56043147E-02  4.93813772E-04
3.41770183E-01  4.55626100E-02  5.00351947E-04
3.42016860E-01  4.76604849E-02  5.25840442E-04
3.42263536E-01  4.92250696E-02  5.17369946E-04
3.42510212E-01  4.55070585E-02  4.89144062E-04
3.42756889E-01  4.65002842E-02  5.02443523E-04
3.43003565E-01  4.59005795E-02  4.92060150E-04
3.43250242E-01  4.98820990E-02  5.12662984E-04
3.43496918E-01  4.66011167E-02  4.91126382E-04
3.43743595E-01  4.64241579E-02  4.84127901E-04
3.43990271E-01  4.53040972E-02  4.88489808E-04
3.44236947E-01  4.94845882E-02  5.08537109E-04
3.44483624E-01  4.45862226E-02  4.84571734E-04
3.44730300E-01  5.00935167E-02  5.06632379E-04
3.44976977E-01  4.75933179E-02  4.94280423E-04
3.45223653E-01  4.87730652E-02  5.05926262E-04
3.45470330E-01  4.46517244E-02  4.85662516E-04
3.45717006E-01  4.41214629E-02  4.83515265E-04
3.45963682E-01  4.78584915E-02  4.94393054E-04
3.46210359E-01  4.68938351E-02  5.02559473E-04
3.46457035E-01  4.39071208E-02  4.60099720E-04
3.46703712E-01  4.73809280E-02  5.11779857E-04
3.46950388E-01  4.51211222E-02  4.82032512E-04
3.47197064E-01  4.34838012E-02  4.69097227E-04
3.47443741E-01  4.65453453E-02  4.86427860E-04
3.47690417E-01  4.72256728E-02  4.95266926E-04
3.47937094E-01  4.47385721E-02  4.88233578E-04
3.48183770E-01  4.68627214E-02  4.94311389E-04
3.48430447E-01  4.92793247E-02  4.96883469E-04
3.48677123E-01  4.64918204E-02  4.89740632E-04
3.48923799E-01  4.52946946E-02  4.84645920E-04
3.49170476E-01  4.57351469E-02  4.90719278E-04
3.49417152E-01  4.46083397E-02  4.84649208E-04
3.49663829E-01  4.50643301E-02  4.68573242E-04
3.49910505E-01  4.45328727E-02  4.89851460E-04
3.50157182E-01  4.84202839E-02  4.97763569E-04
3.50403858E-01  4.68642265E-02  4.92117950E-04
3.50650534E-01  4.61259298E-02  4.85219760E-04
3.50897211E-01  4.60158214E-02  4.66004160E-04
3.51143887E-01  4.66689691E-02  5.02109120E-04
3.51390564E-01  4.69621420E-02  5.04360942E-04
3.51637240E-01  4.80124988E-02  4.97895584E-04
3.51883917E-01  4.66275178E-02  4.77604917E-04
3.52130593E-01  4.26062346E-02  4.55447182E-04
3.52377269E-01  4.33469936E-02  4.77451104E-04
3.52623946E-01  4.41730320E-02  4.73592110E-04
3.52870622E-01  4.64077964E-02  4.83619340E-04
3.53117299E-01  4.36264575E-02  4.76877438E-04
3.53363975E-01  4.48892154E-02  4.72777669E-04
3.53610651E-01  4.41327095E-02  4.76815854E-04
3.53857328E-01  4.62730564E-02  4.89648432E-04
3.54104004E-01  4.29944135E-02  4.83582291E-04
3.54350681E-01  4.57129925E-02  4.86893579E-04
3.54597357E-01  4.40138578E-02  4.68140090E-04
3.54844034E-01  4.37240675E-02  4.81992494E-04
3.55090710E-01  4.35974970E-02  4.79755603E-04
3.55337386E-01  4.40302715E-02  4.87926998E-04
3.55584063E-01  4.42640334E-02  4.67234611E-04
3.55830739E-01  4.51847725E-02  4.71394305E-04
3.56077416E-01  4.33892570E-02  4.62343363E-04
3.56324092E-01  4.58891056E-02  5.04311291E-04
3.56570769E-01  4.30246294E-02  4.64370329E-04
3.56817445E-01  4.58968878E-02  4.87198296E-04
3.57064121E-01  4.69596274E-02  4.87921236E-04
3.57310798E-01  4.38417643E-02  4.73241089E-04
3.57557474E-01  4.36753631E-02  4.74453991E-04
3.57804151E-01  4.24939692E-02  4.64796904E-04
3.58050827E-01  4.44067083E-02  4.73387016E-04
3.58297503E-01  4.51423898E-02  4.84906312E-04
3.58544180E-01  4.62397039E-02  4.86247882E-04
3.58790856E-01  4.50818762E-02  4.88527410E-04
3.59037533E-01  4.50941697E-02  4.79410490E-04
3.59284209E-01  4.12595570E-02  4.67170961E-04
3.59530886E-01  4.54603806E-02  5.02976880E-04
3.59777562E-01  4.22475487E-02  4.57866088E-04
3.60024238E-01  4.09647189E-02  4.55667265E-04
3.60270915E-01  4.23084088E-02  4.58539696E-04
3.60517591E-01  4.33001034E-02  4.93646541E-04
3.60764268E-01  4.11173105E-02  4.57271526E-04
3.61010944E-01  4.36160117E-02  4.64685640E-04
3.61257621E-01  4.19765525E-02  4.62120050E-04
3.61504297E-01  4.38826121E-02  4.74078173E-04
3.61750973E-01  3.97477858E-02  4.49899613E-04
3.61997650E-01  4.25050668E-02  4.66220750E-04
3.62244326E-01  4.33794372E-02  4.78532282E-04
3.62491003E-01  4.40549813E-02  4.86991194E-04
3.62737679E-01  4.32649814E-02  4.77897644E-04
3.62984356E-01  4.27946448E-02  4.66582918E-04
3.63231032E-01  4.21256013E-02  4.62228898E-04
3.63477708E-01  4.42341231E-02  4.67972335E-04
3.63724385E-01  4.52427566E-02  4.84091142E-04
3.63971061E-01  4.35932390E-02  4.76338144E-04
3.64217738E-01  4.42349203E-02  4.85711091E-04
3.64464414E-01  4.55421731E-02  4.88231977E-04
3.64711090E-01  4.29880098E-02  4.66666301E-04
3.64957767E-01  4.38710116E-02  4.85768804E-04
3.65204443E-01  4.13652807E-02  4.60223382E-04
3.65451120E-01  4.01922353E-02  4.65856516E-04
3.65697796E-01  4.15714905E-02  4.63399891E-04
3.65944473E-01  4.34610918E-02  4.74161381E-04
3.66191149E-01  4.01001722E-02  4.56309615E-04
3.66437825E-01  4.12782729E-02  4.61093121E-04
3.66684502E-01  4.22837734E-02  4.76402434E-04
3.66931178E-01  4.11853753E-02  4.68551298E-04
3.67177855E-01  4.17280719E-02  4.59482282E-04
3.67424531E-01  4.11749296E-02  4.55677655E-04
3.67671208E-01  4.10657860E-02  4.58905182E-04
3.67917884E-01  4.02888618E-02  4.64136654E-04
3.68164560E-01  4.27398235E-02  4.63649485E-04
3.68411237E-01  4.25842404E-02  4.67824837E-04
3.68657913E-01  4.08474058E-02  4.52409702E-04
3.68904590E-01  4.18437459E-02  4.73869470E-04
3.69151266E-01  4.12987657E-02  4.58649505E-04
3.69397943E-01  4.15882990E-02  4.75114328E-04
3.69644619E-01  4.20542806E-02  4.66518162E-04
3.69891295E-01  4.10027504E-02  4.57179674E-04
3.70137972E-01  3.78543176E-02  4.37029608E-04
3.70384648E-01  4.00530547E-02  4.63249657E-04
3.70631325E-01  4.21296731E-02  4.59460513E-04
3.70878001E-01  4.25721034E-02  4.72562911E-04
3.71124677E-01  4.23117392E-02  4.74846078E-04
3.71371354E-01  4.25183512E-02  4.64578712E-04
3.71618030E-01  4.07149605E-02  4.44594712E-04
3.71864707E-01  3.98891829E-02  4.49189363E-04
3.72111383E-01  4.35872823E-02  4.73628141E-04
3.72358060E-01  4.06151600E-02  4.49482759E-04
3.72604736E-01  4.14936319E-02  4.70071653E-04
3.72851412E-01  4.00441922E-02  4.59400966E-04
3.73098089E-01  4.17296588E-02  4.70057683E-04
3.73344765E-01  4.12898548E-02  4.64749755E-04
3.73591442E-01  4.13007289E-02  4.66194702E-04
3.73838118E-01  4.43762653E-02  4.74212487E-04
3.74084795E-01  4.06003855E-02  4.51497704E-04
3.74331471E-01  4.27372195E-02  4.58430324E-04
3.74578147E-01  4.20031846E-02  4.75818932E-04
3.74824824E-01  4.10226919E-02  4.60796029E-04
3.75071500E-01  4.12060544E-02  4.65717545E-04
3.75318177E-01  3.89171615E-02  4.39107360E-04
3.75564853E-01  3.90584730E-02  4.41323355E-04
3.75811529E-01  3.99846472E-02  4.56577021E-04
3.76058206E-01  4.22019884E-02  4.68885468E-04
3.76304882E-01  3.95226963E-02  4.42019082E-04
3.76551559E-01  3.92028801E-02  4.47666767E-04
3.76798235E-01  3.95836271E-02  4.53302287E-04
3.77044912E-01  3.98235619E-02  4.50284162E-04
3.77291588E-01  3.96135300E-02  4.53518500E-04
3.77538264E-01  4.05991226E-02  4.46315476E-04
3.77784941E-01  4.23252359E-02  4.74618544E-04
3.78031617E-01  4.49808314E-02  4.75960958E-04
3.78278294E-01  4.10571769E-02  4.68098762E-04
3.78524970E-01  3.99482027E-02  4.48892388E-04
3.78771647E-01  4.30421680E-02  4.54344728E-04
3.79018323E-01  3.88168693E-02  4.55483241E-04
3.79264999E-01  4.14493233E-02  4.62621276E-04
3.79511676E-01  4.05182354E-02  4.64382552E-04
3.79758352E-01  4.12332527E-02  4.73566935E-04
3.80005029E-01  3.94585021E-02  4.45319456E-04
3.80251705E-01  3.91890518E-02  4.51669679E-04
3.80498382E-01  4.19390164E-02  4.60191863E-04
3.80745058E-01  3.82672474E-02  4.45051613E-04
3.80991734E-01  4.34026681E-02  4.78080940E-04
3.81238411E-01  4.01576422E-02  4.69751802E-04
3.81485087E-01  4.13182713E-02  4.74694622E-04
3.81731764E-01  3.97303961E-02  4.72323329E-04
3.81978440E-01  4.11676988E-02  4.97266476E-04
3.82225116E-01  4.23337519E-02  4.87729325E-04
3.82471793E-01  4.14857790E-02  4.85413912E-04
3.82718469E-01  4.01646532E-02  4.62363998E-04
3.82965146E-01  3.96945626E-02  4.83720767E-04
3.83211822E-01  3.92513275E-02  4.85096592E-04
3.83458499E-01  3.84978317E-02  4.84332471E-04
3.83705175E-01  3.80072035E-02  4.78952716E-04
3.83951851E-01  3.93815450E-02  4.91939136E-04
3.84198528E-01  3.91527116E-02  4.88466932E-04
3.84445204E-01  3.89368348E-02  5.03148010E-04
3.84691881E-01  4.20589074E-02  5.20020782E-04
3.84938557E-01  4.07560170E-02  5.07354212E-04
3.85185234E-01  3.92195880E-02  5.05531614E-04
3.85431910E-01  4.29912843E-02  5.35142724E-04
3.85678586E-01  4.07988057E-02  5.18915360E-04
3.85925263E-01  3.88867147E-02  4.98043781E-04
3.86171939E-01  3.75522748E-02  5.00698574E-04
3.86418616E-01  3.70331705E-02  5.10552432E-04
3.86665292E-01  3.99650373E-02  5.17503708E-04
3.86911968E-01  3.88290845E-02  5.04126889E-04
3.87158645E-01  3.95405963E-02  5.33394632E-04
3.87405321E-01  3.90331894E-02  5.17162087E-04
3.87651998E-01  3.99143696E-02  5.42007503E-04
3.87898674E-01  4.09897082E-02  5.30762074E-04
3.88145351E-01  3.96112017E-02  5.18893125E-04
3.88392027E-01  4.00158688E-02  5.27536904E-04
3.88638703E-01  4.18470465E-02  5.72152552E-04
3.88885380E-01  4.05728854E-02  5.38098626E-04
3.89132056E-01  4.18005139E-02  5.34417515E-04
3.89378733E-01  4.15095277E-02  5.65848430E-04
3.89625409E-01  3.80887762E-02  5.41949295E-04
3.89872086E-01  3.99796814E-02  5.39491768E-04
3.90118762E-01  3.65632251E-02  5.27708384E-04
3.90365438E-01  4.07856107E-02  5.46915806E-04
3.90612115E-01  3.98341008E-02  5.16399974E-04
3.90858791E-01  4.11168076E-02  5.29622426E-04
3.91105468E-01  4.24012057E-02  5.32488048E-04
3.91352144E-01  3.89153026E-02  5.08903817E-04
3.91598821E-01  4.36260775E-02  5.44063631E-04
3.91845497E-01  4.02955413E-02  4.95787477E-04
3.92092173E-01  3.97991836E-02  5.04072639E-04
3.92338850E-01  4.03172635E-02  4.95912565E-04
3.92585526E-01  3.68861109E-02  4.89073922E-04
3.92832203E-01  3.83649394E-02  4.83383366E-04
3.93078879E-01  3.99405062E-02  5.00434660E-04
3.93325555E-01  4.21047211E-02  5.13962470E-04
3.93572232E-01  3.72848921E-02  4.87637415E-04
3.93818908E-01  3.87710743E-02  4.94185893E-04
3.94065585E-01  3.91382426E-02  4.95447603E-04
3.94312261E-01  4.01298925E-02  4.97677829E-04
3.94558938E-01  4.20840904E-02  5.19535795E-04
3.94805614E-01  3.98547240E-02  4.98480455E-04
3.95052290E-01  3.95468622E-02  4.91558923E-04
3.95298967E-01  3.91939208E-02  4.80617338E-04
3.95545643E-01  4.20037135E-02  5.18766989E-04
3.95792320E-01  4.04855497E-02  4.95940447E-04
3.96038996E-01  4.22449671E-02  5.00108988E-04
3.96285673E-01  3.88416871E-02  4.83671553E-04
3.96532349E-01  4.16675955E-02  5.01581060E-04
3.96779025E-01  4.39080037E-02  5.14951302E-04
3.97025702E-01  4.09739204E-02  5.03264659E-04
3.97272378E-01  4.15114425E-02  5.20167116E-04
3.97519055E-01  3.98477763E-02  5.08402823E-04
3.97765731E-01  4.06247079E-02  4.94237640E-04
3.98012407E-01  4.07926589E-02  4.79191018E-04
3.98259084E-01  4.17337380E-02  4.86273930E-04
3.98505760E-01  4.12644371E-02  4.85647237E-04
3.98752437E-01  4.17180993E-02  5.04006806E-04
3.98999113E-01  3.70323509E-02  4.63401026E-04
3.99245790E-01  3.93072255E-02  4.75748209E-04
3.99492466E-01  3.96145694E-02  4.94959415E-04
3.99739142E-01  3.93319726E-02  4.76936490E-04
3.99985819E-01  3.89626734E-02  4.70383937E-04
4.00232495E-01  3.93936522E-02  4.82554082E-04
4.00479172E-01  4.03178670E-02  4.80293296E-04
4.00725848E-01  3.93240862E-02  4.86191799E-04
4.00972525E-01  4.13265526E-02  4.95318149E-04
4.01219201E-01  3.69755439E-02  4.57071990E-04
4.01465877E-01  3.86470631E-02  4.73275169E-04
4.01712554E-01  4.08312641E-02  4.93024883E-04
4.01959230E-01  4.00439091E-02  4.94136766E-04
4.02205907E-01  4.14815210E-02  4.96013323E-04
4.02452583E-01  3.88987511E-02  4.67074657E-04
4.02699260E-01  4.12497185E-02  4.96045104E-04
4.02945936E-01  4.00490835E-02  4.96767869E-04
4.03192612E-01  3.90135609E-02  4.82049654E-04
4.03439289E-01  4.24989425E-02  4.93693806E-04
4.03685965E-01  4.09032181E-02  4.90135513E-04
4.03932642E-01  4.01831493E-02  4.91101237E-04
4.04179318E-01  3.94142941E-02  4.90585458E-04
4.04425994E-01  4.01011892E-02  4.72633023E-04
4.04672671E-01  3.87842543E-02  4.78984701E-04
4.04919347E-01  3.89657840E-02  4.90711944E-04
4.05166024E-01  4.27196287E-02  4.98555601E-04
4.05412700E-01  3.75327431E-02  4.63324279E-04
4.05659377E-01  3.88962179E-02  4.81085357E-04
4.05906053E-01  3.86102535E-02  4.78851347E-04
4.06152729E-01  4.00464870E-02  4.84308141E-04
4.06399406E-01  3.75256464E-02  4.60817770E-04
4.06646082E-01  3.96866128E-02  4.82572155E-04
4.06892759E-01  3.81197482E-02  4.68449784E-04
4.07139435E-01  4.07196730E-02  4.71731619E-04
4.07386112E-01  3.86097468E-02  4.81777679E-04
4.07632788E-01  4.09651063E-02  4.90020029E-04
4.07879464E-01  3.99302430E-02  4.96256689E-04
4.08126141E-01  3.94694284E-02  5.01365925E-04
4.08372817E-01  4.17140983E-02  4.91187151E-04
4.08619494E-01  4.09243815E-02  4.88303020E-04
4.08866170E-01  4.34116051E-02  5.03063318E-04
4.09112847E-01  3.91859524E-02  4.76733607E-04
4.09359523E-01  4.24954444E-02  5.02352312E-04
4.09606199E-01  3.92061882E-02  4.72960470E-04
4.09852876E-01  3.92651856E-02  4.68847953E-04
4.10099552E-01  3.88426594E-02  4.82752483E-04
4.10346229E-01  4.01737802E-02  4.83268115E-04
4.10592905E-01  4.02600318E-02  4.83911514E-04
4.10839581E-01  4.05430719E-02  4.88531485E-04
4.11086258E-01  3.54311131E-02  4.47911269E-04
4.11332934E-01  3.97336930E-02  4.68171900E-04
4.11579611E-01  4.11615372E-02  4.79115639E-04
4.11826287E-01  3.96369807E-02  4.66236495E-04
4.12072964E-01  4.14084159E-02  4.99452872E-04
4.12319640E-01  3.93228643E-02  4.77688416E-04
4.12566316E-01  3.99565548E-02  4.85734403E-04
4.12812993E-01  4.12987433E-02  4.84934106E-04
4.13059669E-01  4.04438712E-02  4.90345992E-04
4.13306346E-01  4.30086330E-02  4.88628051E-04
4.13553022E-01  4.11367938E-02  4.80432849E-04
4.13799699E-01  4.07899320E-02  4.67961043E-04
4.14046375E-01  4.04340327E-02  4.68343787E-04
4.14293051E-01  4.01520208E-02  4.72866290E-04
4.14539728E-01  3.99063304E-02  4.76627116E-04
4.14786404E-01  3.93614396E-02  4.67570586E-04
4.15033081E-01  4.24247123E-02  4.89923870E-04
4.15279757E-01  3.81328277E-02  4.70722443E-04
4.15526433E-01  3.96244191E-02  4.69541410E-04
4.15773110E-01  4.05776985E-02  4.91229293E-04
4.16019786E-01  4.02821638E-02  4.79850307E-04
4.16266463E-01  4.04495746E-02  4.76615678E-04
4.16513139E-01  3.94125842E-02  4.84722666E-04
4.16759816E-01  3.75012681E-02  4.56371083E-04
4.17006492E-01  4.09290865E-02  4.91816783E-04
4.17253168E-01  3.72470059E-02  4.60584677E-04
4.17499845E-01  4.02278379E-02  4.73516207E-04
4.17746521E-01  4.42793518E-02  5.16744796E-04
4.17993198E-01  3.81535552E-02  4.67193575E-04
4.18239874E-01  3.82449403E-02  4.63024859E-04
4.18486551E-01  4.11500074E-02  4.88087273E-04
4.18733227E-01  3.97395305E-02  4.72475047E-04
4.18979903E-01  3.90559398E-02  4.79240873E-04
4.19226580E-01  3.97082195E-02  4.91629122E-04
4.19473256E-01  3.86812724E-02  4.85187775E-04
4.19719933E-01  4.19010147E-02  4.66386147E-04
4.19966609E-01  3.90760377E-02  4.69664490E-04
4.20213286E-01  3.87287587E-02  4.68105456E-04
4.20459962E-01  3.94867919E-02  4.94051143E-04
4.20706638E-01  4.05928753E-02  4.86546429E-04
4.20953315E-01  3.87067944E-02  4.73675114E-04
4.21199991E-01  3.77126373E-02  4.54232097E-04
4.21446668E-01  3.96882817E-02  4.83907119E-04
4.21693344E-01  3.70873921E-02  4.60566866E-04
4.21940020E-01  3.92142087E-02  4.77641413E-04
4.22186697E-01  3.80730815E-02  4.64358105E-04
4.22433373E-01  3.99773642E-02  4.75690234E-04
4.22680050E-01  3.86676639E-02  4.82650532E-04
4.22926726E-01  3.96500602E-02  4.70766303E-04
4.23173403E-01  3.80329341E-02  4.71725856E-04
4.23420079E-01  4.05553319E-02  4.85860131E-04
4.23666755E-01  4.04270515E-02  4.76604007E-04
4.23913432E-01  4.29907739E-02  4.99941700E-04
4.24160108E-01  3.81151587E-02  4.67541133E-04
4.24406785E-01  4.11115587E-02  4.80351504E-04
4.24653461E-01  3.80192287E-02  4.65477729E-04
4.24900138E-01  4.00115661E-02  4.71353851E-04
4.25146814E-01  4.31701988E-02  4.94109234E-04
4.25393490E-01  3.90675999E-02  4.65899007E-04
4.25640167E-01  3.70399617E-02  4.69782331E-04
4.25886843E-01  3.98654491E-02  4.87320387E-04
4.26133520E-01  3.78403291E-02  4.60584415E-04
4.26380196E-01  3.98381166E-02  4.87326965E-04
4.26626872E-01  3.81029360E-02  4.70544328E-04
4.26873549E-01  4.13311906E-02  4.89345461E-04
4.27120225E-01  4.08746675E-02  4.78155969E-04
4.27366902E-01  3.95597070E-02  4.77714842E-04
4.27613578E-01  3.92657742E-02  4.82472940E-04
4.27860255E-01  3.91558297E-02  4.77327849E-04
4.28106931E-01  3.94302830E-02  4.73412481E-04
4.28353607E-01  4.07774225E-02  4.92993626E-04
4.28600284E-01  3.85442488E-02  4.56759153E-04
4.28846960E-01  4.16807272E-02  4.94602369E-04
4.29093637E-01  4.00443077E-02  4.84801189E-04
4.29340313E-01  4.01047282E-02  4.88487829E-04
4.29586990E-01  3.87122743E-02  4.69417166E-04
4.29833666E-01  3.72473076E-02  4.61199699E-04
4.30080342E-01  4.12758999E-02  4.91335231E-04
4.30327019E-01  3.87400277E-02  4.75299952E-04
4.30573695E-01  4.02329452E-02  4.91524232E-04
4.30820372E-01  3.97919714E-02  4.79777140E-04
4.31067048E-01  3.85397077E-02  4.73818189E-04
4.31313725E-01  4.01295014E-02  4.58161056E-04
4.31560401E-01  3.93829122E-02  4.71318373E-04
4.31807077E-01  4.00823243E-02  4.76389483E-04
4.32053754E-01  3.88343707E-02  4.63608070E-04
4.32300430E-01  4.00876552E-02  4.84069256E-04
4.32547107E-01  4.00350206E-02  4.92735126E-04
4.32793783E-01  3.82298008E-02  4.71479027E-04
4.33040459E-01  3.88502106E-02  4.82554082E-04
4.33287136E-01  3.94624695E-02  4.68244427E-04
4.33533812E-01  3.93227451E-02  4.77644266E-04
4.33780489E-01  3.82903069E-02  4.66771249E-04
4.34027165E-01  4.09801938E-02  4.92752006E-04
4.34273842E-01  3.87121551E-02  4.69472085E-04
4.34520518E-01  4.22448106E-02  5.01829607E-04
4.34767194E-01  3.80522273E-02  4.58291877E-04
4.35013871E-01  3.92919183E-02  4.68958227E-04
4.35260547E-01  3.99133898E-02  4.65987658E-04
4.35507224E-01  3.89503539E-02  4.66920290E-04
4.35753900E-01  3.93309183E-02  4.91537852E-04
4.36000577E-01  3.76730189E-02  4.57364222E-04
4.36247253E-01  4.03777584E-02  4.97361063E-04
4.36493929E-01  3.96036543E-02  4.89355531E-04
4.36740606E-01  3.88859585E-02  4.65398189E-04
4.36987282E-01  4.00225706E-02  4.76951624E-04
4.37233959E-01  3.86865623E-02  4.75870853E-04
4.37480635E-01  3.95799354E-02  4.61810880E-04
4.37727311E-01  4.04739752E-02  4.89063445E-04
4.37973988E-01  4.08932008E-02  4.89893253E-04
4.38220664E-01  4.16033156E-02  4.84490331E-04
4.38467341E-01  4.13526073E-02  4.87543846E-04
4.38714017E-01  3.97477746E-02  4.86312725E-04
4.38960694E-01  3.91349047E-02  4.68978775E-04
4.39207370E-01  3.81374732E-02  4.58397262E-04
4.39454046E-01  3.83052267E-02  4.67891165E-04
4.39700723E-01  4.24886495E-02  4.95498069E-04
4.39947399E-01  4.02463637E-02  4.88678634E-04
4.40194076E-01  3.93494293E-02  4.62175463E-04
4.40440752E-01  4.09929529E-02  4.83801181E-04
4.40687429E-01  3.90123762E-02  4.71893494E-04
4.40934105E-01  4.12303880E-02  4.86350327E-04
4.41180781E-01  3.71905863E-02  4.66760597E-04
4.41427458E-01  3.92737873E-02  4.92562074E-04
4.41674134E-01  3.99186127E-02  4.87787067E-04
4.41920811E-01  3.83504890E-02  4.69466933E-04
4.42167487E-01  3.59870717E-02  4.48110572E-04
4.42414164E-01  4.00226191E-02  4.58119059E-04
4.42660840E-01  3.97467874E-02  5.02379960E-04
4.42907516E-01  3.87595259E-02  4.60565760E-04
4.43154193E-01  3.96033451E-02  4.70827363E-04
4.43400869E-01  3.75185460E-02  4.52015200E-04
4.43647546E-01  3.84614505E-02  4.74676432E-04
4.43894222E-01  3.99273410E-02  4.79378068E-04
4.44140898E-01  3.85707319E-02  4.81114199E-04
4.44387575E-01  3.96662392E-02  4.68501443E-04
4.44634251E-01  3.77965979E-02  4.77843365E-04
4.44880928E-01  4.00549807E-02  4.70281608E-04
4.45127604E-01  4.02948894E-02  4.78391041E-04
4.45374281E-01  4.08770069E-02  4.78637521E-04
4.45620957E-01  3.96938734E-02  4.86753212E-04
4.45867633E-01  4.14157845E-02  4.86856530E-04
4.46114310E-01  4.03962322E-02  4.90621431E-04
4.46360986E-01  4.04112078E-02  4.82807169E-04
4.46607663E-01  3.90731134E-02  4.72570624E-04
4.46854339E-01  4.10360433E-02  4.80351591E-04
4.47101016E-01  3.99333760E-02  4.77236288E-04
4.47347692E-01  3.96954082E-02  4.64730925E-04
4.47594368E-01  3.73828821E-02  4.77609341E-04
4.47841045E-01  4.04447764E-02  4.84707823E-04
4.48087721E-01  3.81343402E-02  4.64751240E-04
4.48334398E-01  3.93858142E-02  4.72417305E-04
4.48581074E-01  3.88323255E-02  4.70401777E-04
4.48827751E-01  3.92554216E-02  4.73744236E-04
4.49074427E-01  4.20651548E-02  4.98862995E-04
4.49321103E-01  3.91677730E-02  4.65382647E-04
4.49567780E-01  4.20327671E-02  4.81325987E-04
4.49814456E-01  4.08783443E-02  4.95122862E-04
4.50061133E-01  4.13950607E-02  4.71042877E-04
4.50307809E-01  4.13300358E-02  4.76280431E-04
4.50554485E-01  4.13931832E-02  5.00911556E-04
4.50801162E-01  4.03955504E-02  4.84124874E-04
4.51047838E-01  4.23951447E-02  5.09883161E-04
4.51294515E-01  3.99873182E-02  4.70653264E-04
4.51541191E-01  4.15064394E-02  4.80436254E-04
4.51787868E-01  4.05970886E-02  4.79671900E-04
4.52034544E-01  4.03680652E-02  4.81650961E-04
4.52281220E-01  3.81891318E-02  4.58233932E-04
4.52527897E-01  4.00362536E-02  4.77223221E-04
4.52774573E-01  4.11535054E-02  4.82066040E-04
4.53021250E-01  3.88249680E-02  4.65864257E-04
4.53267926E-01  4.07832041E-02  4.63783566E-04
4.53514603E-01  3.86300571E-02  4.65052668E-04
4.53761279E-01  4.11102623E-02  4.69511899E-04
4.54007955E-01  3.96144949E-02  4.62184194E-04
4.54254632E-01  3.93349826E-02  4.67555597E-04
4.54501308E-01  4.08686958E-02  4.68195241E-04
4.54747985E-01  4.14426066E-02  4.76561341E-04
4.54994661E-01  3.79807800E-02  4.42148099E-04
4.55241337E-01  3.85124870E-02  4.54181747E-04
4.55488014E-01  3.93570699E-02  4.66328551E-04
4.55734690E-01  4.19179462E-02  4.79166018E-04
4.55981367E-01  4.05082256E-02  4.65666089E-04
4.56228043E-01  3.93157005E-02  4.60310053E-04
4.56474720E-01  3.99011485E-02  4.91203507E-04
4.56721396E-01  3.91284823E-02  4.65167686E-04
4.56968072E-01  4.24215607E-02  4.94665059E-04
4.57214749E-01  4.27398421E-02  4.85581142E-04
4.57461425E-01  3.83298136E-02  4.58404800E-04
4.57708102E-01  4.01870273E-02  4.62208060E-04
4.57954778E-01  4.18104380E-02  4.88780322E-04
4.58201455E-01  4.22209650E-02  4.93088330E-04


### HEADER:
#
#{
#    "analysis": {},
#    "calibration_params": {
#        "Beam_Center_X": 1092.0,
#        "Beam_Center_Y": 2091.0,
#        "Detector Tilt": 0.0,
#        "Detector Tilt Plane Rotation": 0.0,
#        "Detector_X_Pixel_Size": 75.0,
#        "Detector_Y_Pixel_Size": 75.0,
#        "Integration Method": "nosplit_csr",
#        "Radial_Average_Method": "pyFAI",
#        "Sample-to-detector distance (mm)": 1731.0,
#        "Wavelength (A)": 1.0993212460550197
#    },
#    "config_file": "/mnt/home/chess_id7a/.RAW/backup.cfg",
#    "counters": {
#        "Epoch": "105.647",
#        "I1": "0",
#        "I2": "0",
#        "I3": "0",
#        "Seconds": "0.3",
#        "Time": "2.09808e-05",
#        "date": "Thu May 16 21:19:05 2024",
#        "diode": "15510"
#    },
#    "filename": "D1M0006_35C_120MPa_up_1_data_000001_00001.h5",
#    "history": {},
#    "imageHeader": {},
#    "load_path": "/nfs/chess/daq/current/id7a/Budin_05_16_24/D1M0006/D1M0006_35C_120MPa_up_1_data_000001.h5",
#    "normalizations": {
#        "Absolute_scale": {
#            "Absolute_scale_factor": 0.01111656324368444,
#            "Method": "Water"
#        },
#        "Counter_norms": [
#            [
#                "/",
#                "diode/150000"
#            ]
#        ],
#        "Polarization": {
#            "Used": false
#        },
#        "Solid_Angle_Correction": "On"
#    },
#    "raw_version": "2.1.4"
#}

