### DATA:
#
# 1823
#      Q             I(Q)           Error     
8.75701299E-03  1.70543622E-02  3.22266854E-03
9.00368942E-03  1.42119722E-02  2.71214847E-03
9.25036584E-03  2.59272512E-02  3.36635672E-03
9.49704226E-03  2.93122046E-02  2.74770521E-03
9.74371868E-03  3.14924568E-02  3.27618374E-03
9.99039511E-03  4.90313470E-02  3.71035957E-03
1.02370715E-02  4.65119556E-02  3.77131090E-03
1.04837480E-02  6.46529049E-02  5.42883109E-03
1.07304244E-02  6.46529272E-02  4.65417467E-03
1.09771008E-02  8.49388912E-02  8.10816046E-03
1.12237772E-02  1.53223127E-01  1.06517002E-02
1.14704536E-02  1.81749672E-01  1.36511354E-02
1.17171301E-02  3.03485602E-01  2.35660281E-02
1.19638065E-02  3.91753197E-01  2.94037461E-02
1.22104829E-02  5.70930958E-01  4.44337502E-02
1.24571593E-02  5.00453758E+01  5.04357147E+00
1.27038358E-02  9.51262970E+01  9.42371082E+00
1.29505122E-02  1.13498512E+02  9.73720169E+00
1.31971886E-02  8.34026871E+01  6.89743328E+00
1.34438650E-02  7.65339737E+01  6.17626572E+00
1.36905414E-02  6.75686646E+01  5.37408972E+00
1.39372179E-02  5.22340279E+01  4.03087473E+00
1.41838943E-02  4.74398918E+01  3.49692416E+00
1.44305707E-02  3.67045021E+01  2.63344836E+00
1.46772471E-02  3.20653458E+01  2.22369218E+00
1.49239236E-02  2.81601028E+01  1.88145900E+00
1.51706000E-02  2.22380619E+01  1.46739542E+00
1.54172764E-02  2.21455421E+01  1.43346584E+00
1.56639528E-02  1.83659534E+01  1.17232573E+00
1.59106292E-02  1.75679970E+01  1.09646785E+00
1.61573057E-02  1.62009087E+01  9.72608507E-01
1.64039821E-02  1.30071564E+01  7.56492615E-01
1.66506585E-02  1.28787203E+01  7.25554287E-01
1.68973349E-02  1.01739073E+01  5.77753723E-01
1.71440114E-02  1.06844616E+01  5.77416599E-01
1.73906878E-02  8.55448437E+00  4.46543694E-01
1.76373642E-02  8.20986938E+00  4.20329720E-01
1.78840406E-02  7.41689014E+00  3.68535519E-01
1.81307170E-02  6.51520205E+00  3.17052841E-01
1.83773935E-02  6.45107555E+00  3.15691710E-01
1.86240699E-02  5.48102617E+00  2.61181056E-01
1.88707463E-02  5.09768629E+00  2.37675309E-01
1.91174227E-02  4.77848959E+00  2.30153680E-01
1.93640992E-02  4.12816238E+00  1.90490067E-01
1.96107756E-02  3.88073707E+00  1.79776818E-01
1.98574520E-02  3.62984920E+00  1.63638100E-01
2.01041284E-02  3.20657468E+00  1.42862946E-01
2.03508048E-02  2.82115555E+00  1.24052458E-01
2.05974813E-02  2.44416714E+00  1.06440060E-01
2.08441577E-02  2.10964394E+00  9.01833326E-02
2.10908341E-02  1.92129099E+00  7.66308308E-02
2.13375105E-02  1.75941968E+00  6.97981194E-02
2.15841870E-02  1.66979623E+00  6.71317354E-02
2.18308634E-02  1.51360250E+00  5.83742447E-02
2.20775398E-02  1.47301173E+00  5.65785170E-02
2.23242162E-02  1.34121931E+00  4.75420132E-02
2.25708926E-02  1.25778425E+00  4.60938290E-02
2.28175691E-02  1.21560168E+00  4.22615632E-02
2.30642455E-02  1.12099242E+00  3.81917991E-02
2.33109219E-02  1.05597186E+00  3.54483575E-02
2.35575983E-02  9.67062771E-01  3.00334264E-02
2.38042748E-02  8.54073882E-01  2.61627771E-02
2.40509512E-02  8.15135300E-01  2.41602939E-02
2.42976276E-02  7.71525085E-01  2.17875745E-02
2.45443040E-02  6.96154296E-01  1.87624972E-02
2.47909804E-02  6.82024837E-01  1.86634734E-02
2.50376569E-02  6.68853760E-01  1.72146354E-02
2.52843333E-02  6.11038148E-01  1.56175187E-02
2.55310097E-02  5.99687099E-01  1.46245519E-02
2.57776861E-02  5.62107503E-01  1.39199458E-02
2.60243626E-02  5.51682234E-01  1.34409796E-02
2.62710390E-02  5.15642524E-01  1.20392181E-02
2.65177154E-02  5.08215010E-01  1.19178127E-02
2.67643918E-02  4.66470808E-01  1.04148230E-02
2.70110682E-02  4.64405000E-01  1.05246585E-02
2.72577447E-02  4.56721514E-01  9.51199606E-03
2.75044211E-02  4.49446648E-01  9.64023452E-03
2.77510975E-02  4.13367808E-01  8.35914351E-03
2.79977739E-02  4.06650811E-01  8.62712692E-03
2.82444504E-02  3.89753610E-01  7.61555787E-03
2.84911268E-02  3.79184932E-01  6.81587635E-03
2.87378032E-02  3.61590654E-01  6.67340355E-03
2.89844796E-02  3.56320679E-01  6.08192245E-03
2.92311561E-02  3.41239393E-01  5.93177229E-03
2.94778325E-02  3.25055659E-01  5.38539886E-03
2.97245089E-02  3.26181173E-01  5.19242510E-03
2.99711853E-02  3.06269467E-01  5.14896819E-03
3.02178617E-02  2.96261877E-01  4.59750881E-03
3.04645382E-02  2.92162299E-01  4.59313113E-03
3.07112146E-02  2.80963331E-01  4.21061041E-03
3.09578910E-02  2.96071768E-01  4.46484890E-03
3.12045674E-02  2.63937712E-01  4.26829420E-03
3.14512439E-02  2.70828307E-01  3.90113215E-03
3.16979203E-02  2.40404174E-01  3.41936410E-03
3.19445967E-02  2.55398571E-01  3.49638262E-03
3.21912731E-02  2.42045984E-01  3.43904877E-03
3.24379495E-02  2.39886791E-01  3.24531063E-03
3.26846260E-02  2.33739898E-01  3.15179862E-03
3.29313024E-02  2.24460155E-01  3.08885006E-03
3.31779788E-02  2.27584392E-01  3.06842756E-03
3.34246552E-02  2.23849192E-01  2.90457369E-03
3.36713317E-02  2.19361156E-01  3.05591733E-03
3.39180081E-02  2.05851302E-01  2.73269368E-03
3.41646845E-02  2.08370239E-01  2.61930772E-03
3.44113609E-02  2.11575285E-01  2.50696298E-03
3.46580373E-02  2.06941843E-01  2.71148654E-03
3.49047138E-02  2.05321237E-01  2.56580906E-03
3.51513902E-02  2.07561463E-01  2.39025895E-03
3.53980666E-02  1.91692784E-01  2.36278749E-03
3.56447430E-02  1.97432056E-01  2.28178198E-03
3.58914195E-02  1.93271980E-01  2.15453096E-03
3.61380959E-02  1.89076453E-01  2.22929963E-03
3.63847723E-02  1.93933532E-01  2.08525290E-03
3.66314487E-02  1.97432712E-01  2.23891390E-03
3.68781251E-02  2.03877881E-01  2.30084802E-03
3.71248016E-02  1.82505503E-01  2.30057235E-03
3.73714780E-02  1.81400597E-01  2.11452600E-03
3.76181544E-02  1.84401348E-01  2.00388371E-03
3.78648308E-02  1.77604184E-01  1.98872969E-03
3.81115073E-02  1.79681614E-01  2.05898285E-03
3.83581837E-02  1.66008264E-01  1.89728104E-03
3.86048601E-02  1.77715391E-01  1.83404970E-03
3.88515365E-02  1.82640344E-01  2.03199172E-03
3.90982129E-02  1.87610492E-01  2.08947877E-03
3.93448894E-02  1.80664331E-01  1.89416599E-03
3.95915658E-02  1.73159197E-01  1.96210155E-03
3.98382422E-02  1.81119427E-01  1.88033003E-03
4.00849186E-02  1.67175278E-01  1.87066128E-03
4.03315951E-02  1.79883033E-01  1.93696003E-03
4.05782715E-02  1.74156964E-01  1.84756296E-03
4.08249479E-02  1.76264927E-01  1.75394153E-03
4.10716243E-02  1.61870494E-01  1.75648194E-03
4.13183007E-02  1.75658777E-01  1.83911319E-03
4.15649772E-02  1.73762500E-01  1.79093226E-03
4.18116536E-02  1.70742646E-01  1.69813901E-03
4.20583300E-02  1.72839969E-01  1.79555535E-03
4.23050064E-02  1.72572479E-01  1.71867665E-03
4.25516829E-02  1.72685981E-01  1.69990014E-03
4.27983593E-02  1.72173873E-01  1.66295050E-03
4.30450357E-02  1.65836737E-01  1.64813595E-03
4.32917121E-02  1.66815743E-01  1.82116323E-03
4.35383885E-02  1.73433125E-01  1.63262466E-03
4.37850650E-02  1.68459997E-01  1.71271095E-03
4.40317414E-02  1.73019320E-01  1.64499320E-03
4.42784178E-02  1.66074812E-01  1.61679822E-03
4.45250942E-02  1.66704461E-01  1.69291347E-03
4.47717707E-02  1.71272352E-01  1.54044235E-03
4.50184471E-02  1.77957967E-01  1.61995727E-03
4.52651235E-02  1.74274564E-01  1.67837739E-03
4.55117999E-02  1.62847787E-01  1.65047322E-03
4.57584764E-02  1.81471422E-01  1.65739178E-03
4.60051528E-02  1.76405862E-01  1.72489963E-03
4.62518292E-02  1.83547467E-01  1.71851995E-03
4.64985056E-02  1.82559580E-01  1.60323177E-03
4.67451820E-02  1.70737073E-01  1.65172422E-03
4.69918585E-02  1.76988319E-01  1.59784919E-03
4.72385349E-02  1.72853887E-01  1.71027251E-03
4.74852113E-02  1.81469306E-01  1.73748657E-03
4.77318877E-02  1.78590521E-01  1.62775896E-03
4.79785642E-02  1.74333513E-01  1.68142084E-03
4.82252406E-02  1.78185657E-01  1.50691415E-03
4.84719170E-02  1.83914304E-01  1.72273489E-03
4.87185934E-02  1.88178986E-01  1.68852031E-03
4.89652698E-02  1.73876405E-01  1.57569372E-03
4.92119463E-02  1.77763611E-01  1.69099332E-03
4.94586227E-02  1.85692698E-01  1.66928803E-03
4.97052991E-02  1.80465996E-01  1.66404236E-03
4.99519755E-02  1.77622646E-01  1.62297604E-03
5.01986520E-02  1.87133119E-01  1.60823332E-03
5.04453284E-02  1.75730705E-01  1.50929159E-03
5.06920048E-02  1.81890458E-01  1.59309932E-03
5.09386812E-02  1.81567430E-01  1.58129365E-03
5.11853576E-02  1.92970380E-01  1.67826330E-03
5.14320341E-02  1.94647968E-01  1.51584484E-03
5.16787105E-02  1.90060064E-01  1.62664987E-03
5.19253869E-02  1.93120629E-01  1.66167610E-03
5.21720633E-02  1.95506379E-01  1.62746070E-03
5.24187398E-02  2.00079203E-01  1.66138553E-03
5.26654162E-02  1.77714780E-01  1.61749613E-03
5.29120926E-02  1.98639303E-01  1.65603426E-03
5.31587690E-02  2.03758970E-01  1.67123170E-03
5.34054454E-02  1.99914515E-01  1.72154978E-03
5.36521219E-02  1.99800968E-01  1.70072552E-03
5.38987983E-02  1.99703231E-01  1.67491182E-03
5.41454747E-02  1.97940767E-01  1.63706287E-03
5.43921511E-02  2.02943102E-01  1.59840868E-03
5.46388276E-02  2.12815598E-01  1.73214474E-03
5.48855040E-02  2.15588391E-01  1.69754261E-03
5.51321804E-02  2.11676508E-01  1.64526212E-03
5.53788568E-02  2.14642361E-01  1.70355488E-03
5.56255332E-02  2.17236623E-01  1.71653158E-03
5.58722097E-02  2.15889692E-01  1.62922346E-03
5.61188861E-02  2.24734455E-01  1.69532909E-03
5.63655625E-02  2.23266959E-01  1.62453402E-03
5.66122389E-02  2.28457168E-01  1.72446959E-03
5.68589154E-02  2.22691849E-01  1.72683399E-03
5.71055918E-02  2.24186644E-01  1.76887552E-03
5.73522682E-02  2.35254824E-01  1.75765017E-03
5.75989446E-02  2.31500834E-01  1.72222196E-03
5.78456210E-02  2.24568158E-01  1.73752045E-03
5.80922975E-02  2.37337798E-01  1.71313656E-03
5.83389739E-02  2.43547156E-01  1.80127902E-03
5.85856503E-02  2.45876223E-01  1.70254591E-03
5.88323267E-02  2.54281312E-01  1.75977242E-03
5.90790032E-02  2.48472363E-01  1.82655151E-03
5.93256796E-02  2.51479268E-01  1.76157500E-03
5.95723560E-02  2.48268902E-01  1.77908165E-03
5.98190324E-02  2.44809717E-01  1.77082059E-03
6.00657088E-02  2.53717571E-01  1.81067002E-03
6.03123853E-02  2.61566281E-01  1.73194800E-03
6.05590617E-02  2.63235360E-01  1.88812404E-03
6.08057381E-02  2.66932845E-01  1.76414556E-03
6.10524145E-02  2.71323293E-01  1.83617685E-03
6.12990910E-02  2.70433784E-01  1.85994629E-03
6.15457674E-02  2.74282545E-01  1.86044013E-03
6.17924438E-02  2.65640587E-01  1.76281226E-03
6.20391202E-02  2.78022110E-01  1.84332777E-03
6.22857966E-02  2.75695801E-01  1.77719386E-03
6.25324731E-02  2.76701748E-01  1.87951955E-03
6.27791495E-02  2.83469468E-01  1.83289731E-03
6.30258259E-02  2.84913003E-01  1.94818014E-03
6.32725023E-02  2.87889719E-01  1.82057964E-03
6.35191788E-02  2.85501271E-01  1.82023167E-03
6.37658552E-02  2.98026621E-01  1.92284817E-03
6.40125316E-02  2.97863036E-01  1.89021113E-03
6.42592080E-02  3.07920903E-01  1.91655965E-03
6.45058845E-02  2.98882157E-01  1.85679644E-03
6.47525609E-02  2.98973709E-01  1.84313720E-03
6.49992373E-02  3.21964681E-01  1.92862959E-03
6.52459137E-02  3.07165205E-01  1.95226131E-03
6.54925901E-02  3.14018041E-01  1.88010151E-03
6.57392666E-02  3.31892639E-01  2.03247252E-03
6.59859430E-02  3.24783087E-01  1.88072317E-03
6.62326194E-02  3.20051968E-01  1.86225411E-03
6.64792958E-02  3.24080080E-01  1.92513631E-03
6.67259723E-02  3.28735918E-01  1.92178029E-03
6.69726487E-02  3.41412693E-01  1.97960110E-03
6.72193251E-02  3.40188622E-01  1.96095300E-03
6.74660015E-02  3.36764306E-01  1.98057829E-03
6.77126779E-02  3.61603111E-01  2.00586370E-03
6.79593544E-02  3.57964963E-01  2.02654675E-03
6.82060308E-02  3.54887068E-01  1.96834956E-03
6.84527072E-02  3.42052430E-01  1.98850431E-03
6.86993836E-02  3.64055634E-01  1.97841274E-03
6.89460601E-02  3.71109724E-01  1.95599417E-03
6.91927365E-02  3.63467395E-01  2.09756102E-03
6.94394129E-02  3.67655784E-01  1.96764152E-03
6.96860893E-02  3.65330637E-01  2.01213290E-03
6.99327657E-02  3.87619287E-01  2.02298118E-03
7.01794422E-02  3.89236957E-01  1.98870478E-03
7.04261186E-02  3.76944333E-01  2.10755737E-03
7.06727950E-02  3.93690109E-01  2.07951129E-03
7.09194714E-02  3.87696862E-01  2.13822955E-03
7.11661479E-02  3.77126276E-01  2.00526835E-03
7.14128243E-02  3.89356434E-01  2.05569156E-03
7.16595007E-02  3.83003354E-01  2.03074142E-03
7.19061771E-02  3.97758722E-01  2.00862763E-03
7.21528535E-02  3.91159266E-01  2.10357225E-03
7.23995300E-02  4.03227359E-01  2.01677973E-03
7.26462064E-02  4.06350553E-01  2.15506065E-03
7.28928828E-02  4.08037990E-01  2.05062190E-03
7.31395592E-02  4.02307987E-01  2.13253265E-03
7.33862357E-02  4.06968713E-01  2.15617777E-03
7.36329121E-02  4.07818347E-01  2.17021187E-03
7.38795885E-02  4.06790644E-01  2.21938454E-03
7.41262649E-02  4.04860526E-01  2.16886471E-03
7.43729413E-02  4.05142576E-01  2.07922794E-03
7.46196178E-02  4.17639077E-01  1.98319368E-03
7.48662942E-02  4.28005517E-01  2.13961629E-03
7.51129706E-02  4.17340904E-01  2.17315741E-03
7.53596470E-02  4.14281189E-01  2.07200507E-03
7.56063235E-02  4.26756382E-01  2.16653105E-03
7.58529999E-02  4.18307155E-01  2.11102120E-03
7.60996763E-02  4.39003050E-01  2.14831252E-03
7.63463527E-02  4.14188534E-01  2.08400958E-03
7.65930291E-02  4.38622385E-01  2.06310232E-03
7.68397056E-02  4.35010403E-01  2.14448292E-03
7.70863820E-02  4.19294864E-01  2.19171215E-03
7.73330584E-02  4.30131763E-01  2.10440252E-03
7.75797348E-02  4.30968583E-01  2.17592833E-03
7.78264113E-02  4.28909987E-01  2.07785633E-03
7.80730877E-02  4.32178497E-01  2.16417597E-03
7.83197641E-02  4.30515558E-01  2.17546709E-03
7.85664405E-02  4.44697648E-01  2.10648472E-03
7.88131169E-02  4.40170050E-01  2.17144098E-03
7.90597934E-02  4.42990661E-01  2.12504808E-03
7.93064698E-02  4.56636876E-01  2.14476651E-03
7.95531462E-02  4.44867581E-01  2.05146824E-03
7.97998226E-02  4.44312096E-01  2.07484909E-03
8.00464991E-02  4.49377656E-01  2.17824057E-03
8.02931755E-02  4.53625381E-01  2.09874776E-03
8.05398519E-02  4.51970994E-01  2.19194870E-03
8.07865283E-02  4.53321427E-01  2.18575285E-03
8.10332047E-02  4.54924583E-01  2.13983795E-03
8.12798812E-02  4.48789984E-01  2.18353258E-03
8.15265576E-02  4.58152294E-01  2.16270587E-03
8.17732340E-02  4.60663468E-01  2.20553949E-03
8.20199104E-02  4.65794593E-01  2.23095948E-03
8.22665869E-02  4.56390947E-01  2.20859656E-03
8.25132633E-02  4.45388407E-01  2.13926402E-03
8.27599397E-02  4.46406364E-01  2.14507012E-03
8.30066161E-02  4.59064275E-01  2.07905262E-03
8.32532926E-02  4.70579654E-01  2.23077694E-03
8.34999690E-02  4.73408431E-01  2.17165239E-03
8.37466454E-02  4.64747161E-01  2.20186147E-03
8.39933218E-02  4.73447800E-01  2.18493422E-03
8.42399982E-02  4.75927323E-01  2.23546848E-03
8.44866747E-02  4.64885652E-01  2.29552155E-03
8.47333511E-02  4.73297983E-01  2.13382207E-03
8.49800275E-02  4.64862704E-01  2.19856133E-03
8.52267039E-02  4.63037401E-01  2.07244838E-03
8.54733804E-02  4.78622615E-01  2.17841635E-03
8.57200568E-02  4.74624425E-01  2.19194870E-03
8.59667332E-02  4.75652099E-01  2.19386094E-03
8.62134096E-02  4.70034212E-01  2.15779617E-03
8.64600860E-02  4.74860609E-01  2.11353600E-03
8.67067625E-02  4.74621922E-01  2.20665196E-03
8.69534389E-02  4.83079433E-01  2.16867239E-03
8.72001153E-02  4.70636845E-01  2.19114567E-03
8.74467917E-02  4.81312305E-01  2.18626484E-03
8.76934682E-02  4.67641741E-01  2.12981622E-03
8.79401446E-02  4.83740807E-01  2.20189407E-03
8.81868210E-02  4.89296854E-01  2.15361873E-03
8.84334974E-02  4.92406100E-01  2.14615720E-03
8.86801738E-02  4.87620413E-01  2.23077578E-03
8.89268503E-02  4.77727503E-01  2.19584862E-03
8.91735267E-02  4.77554172E-01  2.13847589E-03
8.94202031E-02  4.91606653E-01  2.17082282E-03
8.96668795E-02  4.90374625E-01  2.18209974E-03
8.99135560E-02  4.72639084E-01  2.10231100E-03
9.01602324E-02  4.80972886E-01  2.12399592E-03
9.04069088E-02  4.93476629E-01  2.11827666E-03
9.06535852E-02  4.88398105E-01  2.15454563E-03
9.09002616E-02  5.01914203E-01  2.22350610E-03
9.11469381E-02  4.99460191E-01  2.28348537E-03
9.13936145E-02  4.89397079E-01  2.12626229E-03
9.16402909E-02  4.95608836E-01  2.13543372E-03
9.18869673E-02  4.96064693E-01  2.20130384E-03
9.21336438E-02  4.87871945E-01  2.18452886E-03
9.23803202E-02  5.03986955E-01  2.22582952E-03
9.26269966E-02  4.87634510E-01  2.24378961E-03
9.28736730E-02  4.91066664E-01  2.19131634E-03
9.31203494E-02  4.92395341E-01  2.13880255E-03
9.33670259E-02  5.02529323E-01  2.12725368E-03
9.36137023E-02  4.93421733E-01  2.17248849E-03
9.38603787E-02  4.97219056E-01  2.15278449E-03
9.41070551E-02  5.01133680E-01  2.21692864E-03
9.43537316E-02  4.91230547E-01  2.15788395E-03
9.46004080E-02  4.99174118E-01  2.25485954E-03
9.48470844E-02  4.87666100E-01  2.05211365E-03
9.50937608E-02  5.00176191E-01  2.22207047E-03
9.53404372E-02  4.97599036E-01  2.08202982E-03
9.55871137E-02  5.01172364E-01  2.15315796E-03
9.58337901E-02  5.00119030E-01  2.15802691E-03
9.60804665E-02  5.00049770E-01  2.10954319E-03
9.63271429E-02  5.09999514E-01  2.10079388E-03
9.65738194E-02  4.94696259E-01  2.10914412E-03
9.68204958E-02  5.07654130E-01  2.27372372E-03
9.70671722E-02  5.08436322E-01  2.09911470E-03
9.73138486E-02  4.96841848E-01  2.16854201E-03
9.75605250E-02  5.01959801E-01  2.13171844E-03
9.78072015E-02  5.05722463E-01  2.13633850E-03
9.80538779E-02  5.01446128E-01  2.12986558E-03
9.83005543E-02  4.94392544E-01  2.11711577E-03
9.85472307E-02  5.05283237E-01  2.18153815E-03
9.87939072E-02  5.00652492E-01  2.24178308E-03
9.90405836E-02  4.95807409E-01  2.10642233E-03
9.92872600E-02  4.97006238E-01  2.17010290E-03
9.95339364E-02  5.02190948E-01  2.11551576E-03
9.97806128E-02  5.04861295E-01  2.13424768E-03
1.00027289E-01  4.90658015E-01  2.11489783E-03
1.00273966E-01  5.00644147E-01  2.12227949E-03
1.00520642E-01  5.07088006E-01  2.17172853E-03
1.00767319E-01  5.18132627E-01  2.20256462E-03
1.01013995E-01  5.02739131E-01  2.04204069E-03
1.01260671E-01  5.09558618E-01  2.14109593E-03
1.01507348E-01  5.08225143E-01  2.18848698E-03
1.01754024E-01  5.02928376E-01  2.07806984E-03
1.02000701E-01  5.20262301E-01  2.11477373E-03
1.02247377E-01  5.12557864E-01  2.14529573E-03
1.02494053E-01  5.16430736E-01  2.12350977E-03
1.02740730E-01  5.08567333E-01  2.19762162E-03
1.02987406E-01  5.15471101E-01  2.15845485E-03
1.03234083E-01  5.07917881E-01  2.05799425E-03
1.03480759E-01  4.96207923E-01  2.08151224E-03
1.03727436E-01  5.14101446E-01  2.10050191E-03
1.03974112E-01  5.04603744E-01  2.10126839E-03
1.04220788E-01  5.21907926E-01  2.14785873E-03
1.04467465E-01  5.10254741E-01  2.08257372E-03
1.04714141E-01  5.09630144E-01  2.10300740E-03
1.04960818E-01  5.09119689E-01  2.04977463E-03
1.05207494E-01  5.06897688E-01  2.02533137E-03
1.05454171E-01  5.07210314E-01  2.15787999E-03
1.05700847E-01  5.06665349E-01  2.09871354E-03
1.05947523E-01  5.13386011E-01  2.08002981E-03
1.06194200E-01  5.14161587E-01  2.05454347E-03
1.06440876E-01  5.09702861E-01  2.11284566E-03
1.06687553E-01  5.14028072E-01  2.16351799E-03
1.06934229E-01  5.06690025E-01  2.09849630E-03
1.07180906E-01  5.10422051E-01  2.16717413E-03
1.07427582E-01  5.18337131E-01  2.05039233E-03
1.07674258E-01  5.10517061E-01  2.07646796E-03
1.07920935E-01  5.12908459E-01  2.04246771E-03
1.08167611E-01  5.08131802E-01  2.09532515E-03
1.08414288E-01  5.05607069E-01  2.08197441E-03
1.08660964E-01  5.01780450E-01  2.07751570E-03
1.08907640E-01  4.90622461E-01  2.03235447E-03
1.09154317E-01  4.99046236E-01  2.16120761E-03
1.09400993E-01  4.87849712E-01  2.06336682E-03
1.09647670E-01  4.96156394E-01  2.13833502E-03
1.09894346E-01  4.94878739E-01  2.08053831E-03
1.10141023E-01  4.98104423E-01  2.09345249E-03
1.10387699E-01  4.86788869E-01  2.09609256E-03
1.10634375E-01  4.94472116E-01  2.07053334E-03
1.10881052E-01  4.85705316E-01  2.10860185E-03
1.11127728E-01  4.91698354E-01  2.10521510E-03
1.11374405E-01  4.98557180E-01  2.14474089E-03
1.11621081E-01  4.70796257E-01  2.03584181E-03
1.11867758E-01  4.73282337E-01  2.02066707E-03
1.12114434E-01  4.77101326E-01  2.21784599E-03
1.12361110E-01  4.86367613E-01  2.15282943E-03
1.12607787E-01  4.75897908E-01  2.05443497E-03
1.12854463E-01  4.68225211E-01  2.10197037E-03
1.13101140E-01  4.87494022E-01  2.13658623E-03
1.13347816E-01  4.68040735E-01  2.09917990E-03
1.13594493E-01  4.70711678E-01  2.16917950E-03
1.13841169E-01  4.64606434E-01  2.17886432E-03
1.14087845E-01  4.73212421E-01  2.13018362E-03
1.14334522E-01  4.71811205E-01  2.11357302E-03
1.14581198E-01  4.63590145E-01  2.01917347E-03
1.14827875E-01  4.76349533E-01  2.02428596E-03
1.15074551E-01  4.57767516E-01  2.08069803E-03
1.15321227E-01  4.76159185E-01  2.10745377E-03
1.15567904E-01  4.60629791E-01  2.00491003E-03
1.15814580E-01  4.65009391E-01  2.10839859E-03
1.16061257E-01  4.68456715E-01  2.20147707E-03
1.16307933E-01  4.64800358E-01  2.15524016E-03
1.16554610E-01  4.59478170E-01  2.05814047E-03
1.16801286E-01  4.60039198E-01  2.08596466E-03
1.17047962E-01  4.54972267E-01  2.13269028E-03
1.17294639E-01  4.55063194E-01  2.11152923E-03
1.17541315E-01  4.63339180E-01  2.09594332E-03
1.17787992E-01  4.60642040E-01  2.08948972E-03
1.18034668E-01  4.58464861E-01  2.13851081E-03
1.18281345E-01  4.58867729E-01  2.06826860E-03
1.18528021E-01  4.63625342E-01  2.01638369E-03
1.18774697E-01  4.58592325E-01  2.03518686E-03
1.19021374E-01  4.61749643E-01  1.98165467E-03
1.19268050E-01  4.64644700E-01  2.10465724E-03
1.19514727E-01  4.66891855E-01  1.99513650E-03
1.19761403E-01  4.73735899E-01  2.05635047E-03
1.20008079E-01  4.70526934E-01  2.08706595E-03
1.20254756E-01  4.73392904E-01  2.08157743E-03
1.20501432E-01  4.65580285E-01  2.12398777E-03
1.20748109E-01  4.68834668E-01  1.97041803E-03
1.20994785E-01  4.70471501E-01  1.99229899E-03
1.21241462E-01  4.69397873E-01  1.99487456E-03
1.21488138E-01  4.61591303E-01  2.03650538E-03
1.21734814E-01  4.73711044E-01  2.07598135E-03
1.21981491E-01  4.76462603E-01  1.96427223E-03
1.22228167E-01  4.55279499E-01  2.07312428E-03
1.22474844E-01  4.62373018E-01  1.99953979E-03
1.22721520E-01  4.68527704E-01  2.07099272E-03
1.22968197E-01  4.57445383E-01  1.96251879E-03
1.23214873E-01  4.71255928E-01  1.94394775E-03
1.23461549E-01  4.47362751E-01  2.02416698E-03
1.23708226E-01  4.64084625E-01  2.02283356E-03
1.23954902E-01  4.67232049E-01  1.99041096E-03
1.24201579E-01  4.59061563E-01  2.00428301E-03
1.24448255E-01  4.53900486E-01  1.91819773E-03
1.24694932E-01  4.58877444E-01  2.03497242E-03
1.24941608E-01  4.65225518E-01  1.95823796E-03
1.25188284E-01  4.51358944E-01  1.97385205E-03
1.25434961E-01  4.41385567E-01  1.90652092E-03
1.25681637E-01  4.60496515E-01  2.03842623E-03
1.25928314E-01  4.52556193E-01  1.94646453E-03
1.26174990E-01  4.49185073E-01  1.87952328E-03
1.26421666E-01  4.59412903E-01  1.92244584E-03
1.26668343E-01  4.52670008E-01  1.93874934E-03
1.26915019E-01  4.50414479E-01  1.84571778E-03
1.27161696E-01  4.50810492E-01  1.83393620E-03
1.27408372E-01  4.45020705E-01  1.87115569E-03
1.27655049E-01  4.44466323E-01  1.89014827E-03
1.27901725E-01  4.35294360E-01  1.88375870E-03
1.28148401E-01  4.45384979E-01  1.95587520E-03
1.28395078E-01  4.46998596E-01  1.93876494E-03
1.28641754E-01  4.38408136E-01  1.85396988E-03
1.28888431E-01  4.37343329E-01  1.96287944E-03
1.29135107E-01  4.31908607E-01  1.85942103E-03
1.29381784E-01  4.45312649E-01  1.81973306E-03
1.29628460E-01  4.33553994E-01  1.86075980E-03
1.29875136E-01  4.35329914E-01  1.88799400E-03
1.30121813E-01  4.39553231E-01  1.91814057E-03
1.30368489E-01  4.37895298E-01  1.89048413E-03
1.30615166E-01  4.37404752E-01  1.85155566E-03
1.30861842E-01  4.32317704E-01  1.80443178E-03
1.31108518E-01  4.38226551E-01  1.86088344E-03
1.31355195E-01  4.25511003E-01  1.89773040E-03
1.31601871E-01  4.30918396E-01  1.82801706E-03
1.31848548E-01  4.24692690E-01  1.81784632E-03
1.32095224E-01  4.32557791E-01  1.89566845E-03
1.32341901E-01  4.25102741E-01  1.79100153E-03
1.32588577E-01  4.24353927E-01  1.81238982E-03
1.32835253E-01  4.24740613E-01  1.87110982E-03
1.33081930E-01  4.24284369E-01  1.80827605E-03
1.33328606E-01  4.19666529E-01  1.83723785E-03
1.33575283E-01  4.24800962E-01  1.78795808E-03
1.33821959E-01  4.23781425E-01  1.81307481E-03
1.34068636E-01  4.23080742E-01  1.80597021E-03
1.34315312E-01  4.11073327E-01  1.77721004E-03
1.34561988E-01  4.21384603E-01  1.75874750E-03
1.34808665E-01  4.13605034E-01  1.79832370E-03
1.35055341E-01  4.08059984E-01  1.73944992E-03
1.35302018E-01  4.08863246E-01  1.75088493E-03
1.35548694E-01  4.12127227E-01  1.79506140E-03
1.35795371E-01  3.99295628E-01  1.70258025E-03
1.36042047E-01  4.09969211E-01  1.80936686E-03
1.36288723E-01  4.03406352E-01  1.74260966E-03
1.36535400E-01  4.03928787E-01  1.70080201E-03
1.36782076E-01  4.08954233E-01  1.76290621E-03
1.37028753E-01  4.07295853E-01  1.75009295E-03
1.37275429E-01  3.99538279E-01  1.77453691E-03
1.37522105E-01  4.07298177E-01  1.70251296E-03
1.37768782E-01  3.96239907E-01  1.73432322E-03
1.38015458E-01  3.98887187E-01  1.73618598E-03
1.38262135E-01  3.99412990E-01  1.68400747E-03
1.38508811E-01  3.89604598E-01  1.71231898E-03
1.38755488E-01  3.92142773E-01  1.70766702E-03
1.39002164E-01  3.94815326E-01  1.70557376E-03
1.39248840E-01  3.75745505E-01  1.60323421E-03
1.39495517E-01  3.82052183E-01  1.68847735E-03
1.39742193E-01  3.89738113E-01  1.70408445E-03
1.39988870E-01  3.81946713E-01  1.66147004E-03
1.40235546E-01  3.70501220E-01  1.61771674E-03
1.40482223E-01  3.82396251E-01  1.71721715E-03
1.40728899E-01  3.73137534E-01  1.62629411E-03
1.40975575E-01  3.77189964E-01  1.62769575E-03
1.41222252E-01  3.78789097E-01  1.64678378E-03
1.41468928E-01  3.75549048E-01  1.62865128E-03
1.41715605E-01  3.68157774E-01  1.63753005E-03
1.41962281E-01  3.71334672E-01  1.65135798E-03
1.42208957E-01  3.66707981E-01  1.66909280E-03
1.42455634E-01  3.68808568E-01  1.61589426E-03
1.42702310E-01  3.70178044E-01  1.60437752E-03
1.42948987E-01  3.64255875E-01  1.59650738E-03
1.43195663E-01  3.58844250E-01  1.57483527E-03
1.43442340E-01  3.64519894E-01  1.58004602E-03
1.43689016E-01  3.57509881E-01  1.60601828E-03
1.43935692E-01  3.63515556E-01  1.57300965E-03
1.44182369E-01  3.55291516E-01  1.57061499E-03
1.44429045E-01  3.57608974E-01  1.55582139E-03
1.44675722E-01  3.57293814E-01  1.58747146E-03
1.44922398E-01  3.52430463E-01  1.52048038E-03
1.45169075E-01  3.57847691E-01  1.59258733E-03
1.45415751E-01  3.63497734E-01  1.59592321E-03
1.45662427E-01  3.42946798E-01  1.51641632E-03
1.45909104E-01  3.47811192E-01  1.48291746E-03
1.46155780E-01  3.42592806E-01  1.55120878E-03
1.46402457E-01  3.38335723E-01  1.49456761E-03
1.46649133E-01  3.45560133E-01  1.53680972E-03
1.46895810E-01  3.52291852E-01  1.56086741E-03
1.47142486E-01  3.39321852E-01  1.53691205E-03
1.47389162E-01  3.34588081E-01  1.51957537E-03
1.47635839E-01  3.35564762E-01  1.49662350E-03
1.47882515E-01  3.36074203E-01  1.51924381E-03
1.48129192E-01  3.36907864E-01  1.46192883E-03
1.48375868E-01  3.42439264E-01  1.52776972E-03
1.48622544E-01  3.28322202E-01  1.48014945E-03
1.48869221E-01  3.35438877E-01  1.45163457E-03
1.49115897E-01  3.33927184E-01  1.44560100E-03
1.49362574E-01  3.41469288E-01  1.49122323E-03
1.49609250E-01  3.41746926E-01  1.47510879E-03
1.49855927E-01  3.35921973E-01  1.46371021E-03
1.50102603E-01  3.42637569E-01  1.45495636E-03
1.50349279E-01  3.46396089E-01  1.46169972E-03
1.50595956E-01  3.50896388E-01  1.51585799E-03
1.50842632E-01  3.50872040E-01  1.54603273E-03
1.51089309E-01  3.54051471E-01  1.48352538E-03
1.51335985E-01  3.47666979E-01  1.45806035E-03
1.51582662E-01  3.47128063E-01  1.51944417E-03
1.51829338E-01  3.54346752E-01  1.55206025E-03
1.52076014E-01  3.56567860E-01  1.55720487E-03
1.52322691E-01  3.58633190E-01  1.65388745E-03
1.52569367E-01  3.52159321E-01  1.77796010E-03
1.52816044E-01  3.60242546E-01  1.79518491E-03
1.53062720E-01  3.64594936E-01  1.94881856E-03
1.53309397E-01  3.67802709E-01  1.86678639E-03
1.53556073E-01  3.58482897E-01  1.73676328E-03
1.53802749E-01  3.65092486E-01  1.74884649E-03
1.54049426E-01  3.57646316E-01  1.71410036E-03
1.54296102E-01  3.61479789E-01  1.65937236E-03
1.54542779E-01  3.55815083E-01  1.61400810E-03
1.54789455E-01  3.54334831E-01  1.65070489E-03
1.55036131E-01  3.61885726E-01  1.65379432E-03
1.55282808E-01  3.60171258E-01  1.69220276E-03
1.55529484E-01  3.65976721E-01  1.73622218E-03
1.55776161E-01  3.62948447E-01  1.76622870E-03
1.56022837E-01  3.72114867E-01  1.85229222E-03
1.56269514E-01  3.74608904E-01  1.82170700E-03
1.56516190E-01  3.82605106E-01  1.98160904E-03
1.56762866E-01  3.87628675E-01  2.01511639E-03
1.57009543E-01  3.89150083E-01  2.14082631E-03
1.57256219E-01  3.79796505E-01  2.04143440E-03
1.57502896E-01  3.75909865E-01  2.05671205E-03
1.57749572E-01  3.61846834E-01  1.94266404E-03
1.57996249E-01  3.49233359E-01  1.77482818E-03
1.58242925E-01  3.28766853E-01  1.66973926E-03
1.58489601E-01  3.07476491E-01  1.50535430E-03
1.58736278E-01  2.99622774E-01  1.50280597E-03
1.58982954E-01  2.89188594E-01  1.42815337E-03
1.59229631E-01  2.76289433E-01  1.35625573E-03
1.59476307E-01  2.74764985E-01  1.26474898E-03
1.59722983E-01  2.66682774E-01  1.28051324E-03
1.59969660E-01  2.71852255E-01  1.29342941E-03
1.60216336E-01  2.56939173E-01  1.26138562E-03
1.60463013E-01  2.65972763E-01  1.27762463E-03
1.60709689E-01  2.59181619E-01  1.22661353E-03
1.60956366E-01  2.58552164E-01  1.23442756E-03
1.61203042E-01  2.57218599E-01  1.27260003E-03
1.61449718E-01  2.52995282E-01  1.22420001E-03
1.61696395E-01  2.50300944E-01  1.23328890E-03
1.61943071E-01  2.49295339E-01  1.21385499E-03
1.62189748E-01  2.47674629E-01  1.21328339E-03
1.62436424E-01  2.45788783E-01  1.23765192E-03
1.62683101E-01  2.46004179E-01  1.20080216E-03
1.62929777E-01  2.43893921E-01  1.21032109E-03
1.63176453E-01  2.37876192E-01  1.17364828E-03
1.63423130E-01  2.41498098E-01  1.18576805E-03
1.63669806E-01  2.33646855E-01  1.20290590E-03
1.63916483E-01  2.38835111E-01  1.19051198E-03
1.64163159E-01  2.34644726E-01  1.17192313E-03
1.64409836E-01  2.30781436E-01  1.16264645E-03
1.64656512E-01  2.35162586E-01  1.19011360E-03
1.64903188E-01  2.34749213E-01  1.18714781E-03
1.65149865E-01  2.32666939E-01  1.12811232E-03
1.65396541E-01  2.34380811E-01  1.17137423E-03
1.65643218E-01  2.30616853E-01  1.16323319E-03
1.65889894E-01  2.28687540E-01  1.14758685E-03
1.66136570E-01  2.27324858E-01  1.13269116E-03
1.66383247E-01  2.19830573E-01  1.15453952E-03
1.66629923E-01  2.21775487E-01  1.14550954E-03
1.66876600E-01  2.21014068E-01  1.15603523E-03
1.67123276E-01  2.19384387E-01  1.10706198E-03
1.67369953E-01  2.19596118E-01  1.11710664E-03
1.67616629E-01  2.20565915E-01  1.12956157E-03
1.67863305E-01  2.18661055E-01  1.11914286E-03
1.68109982E-01  2.19436303E-01  1.10990461E-03
1.68356658E-01  2.09890723E-01  1.08447846E-03
1.68603335E-01  2.14301586E-01  1.10483484E-03
1.68850011E-01  2.17719436E-01  1.13910763E-03
1.69096688E-01  2.14056566E-01  1.13567722E-03
1.69343364E-01  2.07241058E-01  1.06669089E-03
1.69590040E-01  2.09469259E-01  1.07362831E-03
1.69836717E-01  2.06345990E-01  1.04011502E-03
1.70083393E-01  2.05475524E-01  1.07143330E-03
1.70330070E-01  2.05621526E-01  1.06739940E-03
1.70576746E-01  2.05565006E-01  1.05734938E-03
1.70823422E-01  2.00759605E-01  1.07388513E-03
1.71070099E-01  2.00600162E-01  1.06137362E-03
1.71316775E-01  1.96337491E-01  1.03249040E-03
1.71563452E-01  1.97914958E-01  1.04590028E-03
1.71810128E-01  1.97164714E-01  1.04772137E-03
1.72056805E-01  1.96805239E-01  1.03245536E-03
1.72303481E-01  1.91724673E-01  1.02507614E-03
1.72550157E-01  1.94119722E-01  1.02384924E-03
1.72796834E-01  1.89969003E-01  1.02769141E-03
1.73043510E-01  1.93024263E-01  1.01206056E-03
1.73290187E-01  1.87873781E-01  1.00715295E-03
1.73536863E-01  1.91231087E-01  1.00623898E-03
1.73783540E-01  1.83429375E-01  9.78032593E-04
1.74030216E-01  1.88516185E-01  1.02911855E-03
1.74276892E-01  1.87390000E-01  9.88431391E-04
1.74523569E-01  1.82517752E-01  1.00383803E-03
1.74770245E-01  1.83360219E-01  9.85897030E-04
1.75016922E-01  1.83069736E-01  9.85211926E-04
1.75263598E-01  1.77109823E-01  9.96067771E-04
1.75510275E-01  1.76217318E-01  9.48633009E-04
1.75756951E-01  1.79318726E-01  1.00966915E-03
1.76003627E-01  1.77228794E-01  9.90731176E-04
1.76250304E-01  1.77887037E-01  9.80093842E-04
1.76496980E-01  1.73568860E-01  9.51519818E-04
1.76743657E-01  1.71777830E-01  9.43291525E-04
1.76990333E-01  1.68536395E-01  9.49262001E-04
1.77237009E-01  1.69786915E-01  9.44687519E-04
1.77483686E-01  1.69616923E-01  9.55951051E-04
1.77730362E-01  1.61807567E-01  9.10116360E-04
1.77977039E-01  1.63891569E-01  9.30229842E-04
1.78223715E-01  1.69185176E-01  9.41955484E-04
1.78470392E-01  1.64575487E-01  9.39992082E-04
1.78717068E-01  1.71591029E-01  9.47057211E-04
1.78963744E-01  1.66669264E-01  9.29565518E-04
1.79210421E-01  1.66841179E-01  9.49599256E-04
1.79457097E-01  1.64947435E-01  9.38206096E-04
1.79703774E-01  1.57426655E-01  8.95654084E-04
1.79950450E-01  1.58904299E-01  9.26297507E-04
1.80197127E-01  1.57361582E-01  8.96556245E-04
1.80443803E-01  1.59685671E-01  8.84310633E-04
1.80690479E-01  1.55008450E-01  8.81342159E-04
1.80937156E-01  1.57559216E-01  8.80724227E-04
1.81183832E-01  1.53998822E-01  8.72519042E-04
1.81430509E-01  1.49879932E-01  8.63228808E-04
1.81677185E-01  1.54655144E-01  8.87856702E-04
1.81923861E-01  1.55128360E-01  8.73639248E-04
1.82170538E-01  1.53789848E-01  8.74741119E-04
1.82417214E-01  1.54187858E-01  8.92373035E-04
1.82663891E-01  1.50918603E-01  8.74328020E-04
1.82910567E-01  1.49220690E-01  8.64152797E-04
1.83157244E-01  1.43481359E-01  8.37574364E-04
1.83403920E-01  1.48191959E-01  8.43846821E-04
1.83650596E-01  1.46023303E-01  8.58839252E-04
1.83897273E-01  1.44300297E-01  8.35304032E-04
1.84143949E-01  1.42461985E-01  8.39718734E-04
1.84390626E-01  1.43052101E-01  8.59394437E-04
1.84637302E-01  1.43378928E-01  8.43926508E-04
1.84883979E-01  1.38385162E-01  8.17277178E-04
1.85130655E-01  1.40869632E-01  8.43358284E-04
1.85377331E-01  1.42048478E-01  8.14259402E-04
1.85624008E-01  1.41230822E-01  8.51291872E-04
1.85870684E-01  1.40061989E-01  8.37364816E-04
1.86117361E-01  1.36389464E-01  8.24438059E-04
1.86364037E-01  1.38069272E-01  8.15339095E-04
1.86610714E-01  1.30849898E-01  8.17357213E-04
1.86857390E-01  1.36207044E-01  7.96097564E-04
1.87104066E-01  1.34712532E-01  8.00707319E-04
1.87350743E-01  1.33674487E-01  7.91530067E-04
1.87597419E-01  1.34579137E-01  7.90371036E-04
1.87844096E-01  1.28746673E-01  8.06770986E-04
1.88090772E-01  1.30014062E-01  8.09079502E-04
1.88337448E-01  1.29720151E-01  7.86862627E-04
1.88584125E-01  1.31441578E-01  7.64507859E-04
1.88830801E-01  1.29726961E-01  8.08987883E-04
1.89077478E-01  1.26537398E-01  7.75141118E-04
1.89324154E-01  1.23126626E-01  7.63420016E-04
1.89570831E-01  1.24711797E-01  7.67974765E-04
1.89817507E-01  1.26370698E-01  7.67507940E-04
1.90064183E-01  1.23986773E-01  7.70192011E-04
1.90310860E-01  1.26219198E-01  8.01159418E-04
1.90557536E-01  1.22269303E-01  7.49260536E-04
1.90804213E-01  1.18229911E-01  7.30199623E-04
1.91050889E-01  1.20497428E-01  7.51410029E-04
1.91297566E-01  1.19411781E-01  7.57513975E-04
1.91544242E-01  1.19177110E-01  7.37806724E-04
1.91790918E-01  1.17535949E-01  7.57725211E-04
1.92037595E-01  1.17094249E-01  7.49705767E-04
1.92284271E-01  1.19088590E-01  7.24713609E-04
1.92530948E-01  1.18928760E-01  7.54519075E-04
1.92777624E-01  1.19677462E-01  7.44880177E-04
1.93024301E-01  1.15938589E-01  7.50819861E-04
1.93270977E-01  1.12091579E-01  7.25624792E-04
1.93517653E-01  1.11173689E-01  7.22319819E-04
1.93764330E-01  1.14656821E-01  7.13695830E-04
1.94011006E-01  1.11693509E-01  7.04026548E-04
1.94257683E-01  1.12391755E-01  7.35970272E-04
1.94504359E-01  1.12295389E-01  7.16922805E-04
1.94751035E-01  1.12158507E-01  7.27217470E-04
1.94997712E-01  1.11265674E-01  7.24253245E-04
1.95244388E-01  1.07871324E-01  7.08491600E-04
1.95491065E-01  1.09788626E-01  7.30760803E-04
1.95737741E-01  1.08059987E-01  7.12999492E-04
1.95984418E-01  1.08732626E-01  6.91760797E-04
1.96231094E-01  1.00429796E-01  6.91623718E-04
1.96477770E-01  1.03212275E-01  7.00173201E-04
1.96724447E-01  1.06821515E-01  6.87117048E-04
1.96971123E-01  1.06568724E-01  6.75543502E-04
1.97217800E-01  1.01205952E-01  6.68816152E-04
1.97464476E-01  1.02594629E-01  6.80902391E-04
1.97711153E-01  1.04000404E-01  6.67575514E-04
1.97957829E-01  1.00752406E-01  6.90923305E-04
1.98204505E-01  1.02655858E-01  6.91729540E-04
1.98451182E-01  9.94644836E-02  6.73846109E-04
1.98697858E-01  1.02391079E-01  6.75238203E-04
1.98944535E-01  1.01489313E-01  6.82572019E-04
1.99191211E-01  1.00578874E-01  6.77769014E-04
1.99437887E-01  9.57547426E-02  6.41367456E-04
1.99684564E-01  9.96017605E-02  6.73612754E-04
1.99931240E-01  9.85999256E-02  6.76451600E-04
2.00177917E-01  9.85714570E-02  6.80575729E-04
2.00424593E-01  9.46170986E-02  6.40261918E-04
2.00671270E-01  9.70566347E-02  6.54898933E-04
2.00917946E-01  9.52729806E-02  6.51889888E-04
2.01164622E-01  9.64373127E-02  6.65304833E-04
2.01411299E-01  9.33939964E-02  6.27276429E-04
2.01657975E-01  9.40070152E-02  6.33250573E-04
2.01904652E-01  9.10199881E-02  6.22608233E-04
2.02151328E-01  9.36328992E-02  6.53832976E-04
2.02398005E-01  9.59114730E-02  6.45698805E-04
2.02644681E-01  9.49698314E-02  6.52648159E-04
2.02891357E-01  9.26228762E-02  6.36101468E-04
2.03138034E-01  9.50531289E-02  6.56354183E-04
2.03384710E-01  8.86575952E-02  6.10820774E-04
2.03631387E-01  8.92155543E-02  6.36505778E-04
2.03878063E-01  9.37213227E-02  6.66868233E-04
2.04124740E-01  8.74323845E-02  6.22152351E-04
2.04371416E-01  9.18680504E-02  6.29363290E-04
2.04618092E-01  8.78885463E-02  6.27363508E-04
2.04864769E-01  9.23675969E-02  6.27757399E-04
2.05111445E-01  8.99501964E-02  6.19286147E-04
2.05358122E-01  8.68794993E-02  6.08968723E-04
2.05604798E-01  9.17576179E-02  6.48731366E-04
2.05851474E-01  8.39264095E-02  6.10982650E-04
2.06098151E-01  8.40066150E-02  5.96846628E-04
2.06344827E-01  8.95046294E-02  6.13676792E-04
2.06591504E-01  8.63537937E-02  6.05184759E-04
2.06838180E-01  8.43480974E-02  5.90562006E-04
2.07084857E-01  8.74873102E-02  5.99283027E-04
2.07331533E-01  8.42762515E-02  6.01371226E-04
2.07578209E-01  8.60326588E-02  5.99078834E-04
2.07824886E-01  8.29222947E-02  5.86830953E-04
2.08071562E-01  8.79729614E-02  6.04272005E-04
2.08318239E-01  8.27984735E-02  5.90087322E-04
2.08564915E-01  8.27768967E-02  6.06369053E-04
2.08811592E-01  8.12954754E-02  5.89686329E-04
2.09058268E-01  8.28742757E-02  5.98057173E-04
2.09304944E-01  8.52050558E-02  6.10819843E-04
2.09551621E-01  8.54596421E-02  6.01210282E-04
2.09798297E-01  8.12085047E-02  5.87442482E-04
2.10044974E-01  8.22539404E-02  6.00476982E-04
2.10291650E-01  8.03484917E-02  5.86099515E-04
2.10538326E-01  8.20949748E-02  5.91630756E-04
2.10785003E-01  8.13825279E-02  5.87878691E-04
2.11031679E-01  8.06982517E-02  5.95272460E-04
2.11278356E-01  7.93871060E-02  5.73998084E-04
2.11525032E-01  7.78370649E-02  5.58135507E-04
2.11771709E-01  8.07930976E-02  5.76844264E-04
2.12018385E-01  8.12707618E-02  5.86263835E-04
2.12265061E-01  7.86138847E-02  5.78642532E-04
2.12511738E-01  7.77805224E-02  5.79318788E-04
2.12758414E-01  8.25832337E-02  5.77747647E-04
2.13005091E-01  7.98611119E-02  5.94487356E-04
2.13251767E-01  7.68265128E-02  5.54068887E-04
2.13498444E-01  7.69175589E-02  5.62686357E-04
2.13745120E-01  7.65259042E-02  5.70879783E-04
2.13991796E-01  7.64047429E-02  5.61343273E-04
2.14238473E-01  7.68016726E-02  5.59409498E-04
2.14485149E-01  7.56846443E-02  5.62662841E-04
2.14731826E-01  7.76664838E-02  5.66245639E-04
2.14978502E-01  7.64878914E-02  5.58005588E-04
2.15225179E-01  7.57078156E-02  5.47718664E-04
2.15471855E-01  7.80866072E-02  5.54455852E-04
2.15718531E-01  7.77682886E-02  5.69126627E-04
2.15965208E-01  7.56127387E-02  5.47265925E-04
2.16211884E-01  7.80343860E-02  5.72438817E-04
2.16458561E-01  7.46791288E-02  5.54067316E-04
2.16705237E-01  7.21650943E-02  5.46051539E-04
2.16951913E-01  7.90680051E-02  5.71667100E-04
2.17198590E-01  7.59993270E-02  5.67670097E-04
2.17445266E-01  7.53498673E-02  5.57230320E-04
2.17691943E-01  7.50257745E-02  5.49618097E-04
2.17938619E-01  7.33459443E-02  5.48323616E-04
2.18185296E-01  7.48924389E-02  5.57795225E-04
2.18431972E-01  7.15842247E-02  5.45328832E-04
2.18678648E-01  7.26713613E-02  5.59206586E-04
2.18925325E-01  7.33185336E-02  5.54351718E-04
2.19172001E-01  7.38220438E-02  5.50406170E-04
2.19418678E-01  7.54449368E-02  5.64608781E-04
2.19665354E-01  7.24447072E-02  5.49236953E-04
2.19912031E-01  7.12434724E-02  5.46707073E-04
2.20158707E-01  7.27870613E-02  5.45149378E-04
2.20405383E-01  7.52184913E-02  5.65081893E-04
2.20652060E-01  7.36492351E-02  5.46292809E-04
2.20898736E-01  7.19377771E-02  5.40798879E-04
2.21145413E-01  7.20204934E-02  5.35631552E-04
2.21392089E-01  7.06553385E-02  5.40379377E-04
2.21638766E-01  7.08978027E-02  5.41771762E-04
2.21885442E-01  7.29481280E-02  5.49048302E-04
2.22132118E-01  7.14152157E-02  5.46384254E-04
2.22378795E-01  7.11954832E-02  5.46833500E-04
2.22625471E-01  7.27809668E-02  5.45310497E-04
2.22872148E-01  7.26189241E-02  5.37423883E-04
2.23118824E-01  7.09040910E-02  5.46634896E-04
2.23365500E-01  7.20311105E-02  5.38524357E-04
2.23612177E-01  7.11844191E-02  5.35577652E-04
2.23858853E-01  7.24266320E-02  5.46470459E-04
2.24105530E-01  7.32359067E-02  5.39867266E-04
2.24352206E-01  7.03592226E-02  5.33453538E-04
2.24598883E-01  7.38497078E-02  5.46806375E-04
2.24845559E-01  6.82250559E-02  5.30816847E-04
2.25092235E-01  6.87353089E-02  5.33200917E-04
2.25338912E-01  7.06584528E-02  5.47481817E-04
2.25585588E-01  7.20621869E-02  5.37591055E-04
2.25832265E-01  7.11506531E-02  5.31317492E-04
2.26078941E-01  6.85480833E-02  5.23638504E-04
2.26325618E-01  6.96506202E-02  5.27393946E-04
2.26572294E-01  7.13532045E-02  5.35308849E-04
2.26818970E-01  6.93786442E-02  5.21056296E-04
2.27065647E-01  6.75400272E-02  5.19327121E-04
2.27312323E-01  6.75096512E-02  5.31067955E-04
2.27559000E-01  6.61930814E-02  5.17276116E-04
2.27805676E-01  6.75354600E-02  5.20850590E-04
2.28052352E-01  6.94112033E-02  5.28697099E-04
2.28299029E-01  6.49551526E-02  5.09363424E-04
2.28545705E-01  6.72800690E-02  5.30871795E-04
2.28792382E-01  6.66299388E-02  5.17376408E-04
2.29039058E-01  6.93604797E-02  5.16288274E-04
2.29285735E-01  6.84477687E-02  5.14400599E-04
2.29532411E-01  6.91980049E-02  5.16427855E-04
2.29779087E-01  6.86612725E-02  5.33260987E-04
2.30025764E-01  6.74209148E-02  5.19161869E-04
2.30272440E-01  6.76190928E-02  5.10374026E-04
2.30519117E-01  6.99496716E-02  5.21090231E-04
2.30765793E-01  6.62970170E-02  5.12191094E-04
2.31012470E-01  6.96366131E-02  5.26637537E-04
2.31259146E-01  6.80164024E-02  5.20764210E-04
2.31505822E-01  7.00269714E-02  5.34618215E-04
2.31752499E-01  6.72006235E-02  5.11409948E-04
2.31999175E-01  6.78392202E-02  5.23804047E-04
2.32245852E-01  6.75121844E-02  5.37548913E-04
2.32492528E-01  6.55421242E-02  5.02606563E-04
2.32739205E-01  6.76278397E-02  5.15572203E-04
2.32985881E-01  7.02414587E-02  5.29065612E-04
2.33232557E-01  6.68870062E-02  5.14036219E-04
2.33479234E-01  6.62014857E-02  5.06721088E-04
2.33725910E-01  6.95586801E-02  5.29611250E-04
2.33972587E-01  6.72835484E-02  5.10214304E-04
2.34219263E-01  6.81657493E-02  5.07299148E-04
2.34465939E-01  6.91955239E-02  5.22787625E-04
2.34712616E-01  6.84683993E-02  5.20889065E-04
2.34959292E-01  6.97861537E-02  5.17379085E-04
2.35205969E-01  6.63132966E-02  5.07324003E-04
2.35452645E-01  6.67702556E-02  5.02632873E-04
2.35699322E-01  6.80128261E-02  5.10245911E-04
2.35945998E-01  6.60524070E-02  5.02982584E-04
2.36192674E-01  6.86872452E-02  5.19546447E-04
2.36439351E-01  6.77241683E-02  5.08103927E-04
2.36686027E-01  6.87033981E-02  5.08998113E-04
2.36932704E-01  6.86626807E-02  5.05398319E-04
2.37179380E-01  6.73214719E-02  4.97696805E-04
2.37426057E-01  6.94591552E-02  5.27768803E-04
2.37672733E-01  6.88033625E-02  5.11907914E-04
2.37919409E-01  6.79545850E-02  5.17615990E-04
2.38166086E-01  6.87882751E-02  5.23467024E-04
2.38412762E-01  6.87111989E-02  5.16240194E-04
2.38659439E-01  6.92443550E-02  5.04949363E-04
2.38906115E-01  6.86083063E-02  5.18175482E-04
2.39152791E-01  6.57497048E-02  4.94461972E-04
2.39399468E-01  6.65684938E-02  5.13562874E-04
2.39646144E-01  6.94982558E-02  5.04460011E-04
2.39892821E-01  6.67240396E-02  5.08252764E-04
2.40139497E-01  6.74072206E-02  5.06213692E-04
2.40386174E-01  6.58029541E-02  4.99017129E-04
2.40632850E-01  6.98593482E-02  5.06836805E-04
2.40879526E-01  6.80234954E-02  5.07261604E-04
2.41126203E-01  6.70175776E-02  5.03785093E-04
2.41372879E-01  7.02352449E-02  5.20787144E-04
2.41619556E-01  6.72985837E-02  5.01099974E-04
2.41866232E-01  6.68327957E-02  4.97578701E-04
2.42112909E-01  6.73259497E-02  5.08716621E-04
2.42359585E-01  6.85298443E-02  5.07631397E-04
2.42606261E-01  6.87391087E-02  5.30661200E-04
2.42852938E-01  6.75767586E-02  5.15129941E-04
2.43099614E-01  6.91416711E-02  5.30569116E-04
2.43346291E-01  6.86872602E-02  5.18875720E-04
2.43592967E-01  6.76349252E-02  5.28771663E-04
2.43839644E-01  6.86795712E-02  5.30840887E-04
2.44086320E-01  6.71655759E-02  5.18335321E-04
2.44332996E-01  7.00209439E-02  5.24377567E-04
2.44579673E-01  6.94271252E-02  5.33891027E-04
2.44826349E-01  6.89096153E-02  5.18598885E-04
2.45073026E-01  6.99088648E-02  5.26813383E-04
2.45319702E-01  6.87222630E-02  5.15605789E-04
2.45566378E-01  7.23871589E-02  5.40288514E-04
2.45813055E-01  7.01982006E-02  5.23744442E-04
2.46059731E-01  7.03116208E-02  5.33526705E-04
2.46306408E-01  6.97915331E-02  5.50812460E-04
2.46553084E-01  6.84016868E-02  5.35264437E-04
2.46799761E-01  7.00872242E-02  5.49536198E-04
2.47046437E-01  6.77949339E-02  5.49286138E-04
2.47293113E-01  7.01790005E-02  5.45047631E-04
2.47539790E-01  6.93017617E-02  5.35753497E-04
2.47786466E-01  6.96451068E-02  5.49788529E-04
2.48033143E-01  6.69348463E-02  5.35579165E-04
2.48279819E-01  6.75655752E-02  5.45096118E-04
2.48526496E-01  6.92558959E-02  5.53355669E-04
2.48773172E-01  7.18798712E-02  5.52527898E-04
2.49019848E-01  6.86026439E-02  5.61363006E-04
2.49266525E-01  6.97190687E-02  5.77202125E-04
2.49513201E-01  7.30283260E-02  5.76676743E-04
2.49759878E-01  7.13056922E-02  5.72935736E-04
2.50006554E-01  7.17686266E-02  5.69836702E-04
2.50253230E-01  6.77689984E-02  5.66407223E-04
2.50499907E-01  6.83370233E-02  5.64396847E-04
2.50746583E-01  6.91639557E-02  5.65961527E-04
2.50993260E-01  6.97409138E-02  5.68714284E-04
2.51239936E-01  7.08848536E-02  5.68778836E-04
2.51486613E-01  6.86064959E-02  5.83971560E-04
2.51733289E-01  6.85522482E-02  5.62227680E-04
2.51979965E-01  7.09654465E-02  5.86159120E-04
2.52226642E-01  7.09308609E-02  5.82849665E-04
2.52473318E-01  7.11164176E-02  5.76481107E-04
2.52719995E-01  6.88647330E-02  5.86411799E-04
2.52966671E-01  6.96205497E-02  5.94210054E-04
2.53213348E-01  6.97020218E-02  5.80217224E-04
2.53460024E-01  6.91387877E-02  5.67320618E-04
2.53706700E-01  6.79848567E-02  5.81334229E-04
2.53953377E-01  6.68448508E-02  5.61833382E-04
2.54200053E-01  6.82643950E-02  5.64356509E-04
2.54446730E-01  7.01814443E-02  5.69853466E-04
2.54693406E-01  7.11998940E-02  5.58408559E-04
2.54940083E-01  7.29912445E-02  5.67658746E-04
2.55186759E-01  7.21062720E-02  5.75252343E-04
2.55433435E-01  6.66459277E-02  5.45950024E-04
2.55680112E-01  7.05095828E-02  5.79255051E-04
2.55926788E-01  7.16225728E-02  5.65120077E-04
2.56173465E-01  7.14888349E-02  5.65347029E-04
2.56420141E-01  7.11082369E-02  5.64989226E-04
2.56666817E-01  7.06912279E-02  5.55624603E-04
2.56913494E-01  7.07817972E-02  5.48381999E-04
2.57160170E-01  7.15354457E-02  5.50624216E-04
2.57406847E-01  7.08648041E-02  5.52370911E-04
2.57653523E-01  7.01041520E-02  5.60760847E-04
2.57900200E-01  6.78236634E-02  5.47432923E-04
2.58146876E-01  6.85307309E-02  5.54001366E-04
2.58393552E-01  6.96260333E-02  5.56759769E-04
2.58640229E-01  7.11096078E-02  5.61998924E-04
2.58886905E-01  6.74761236E-02  5.36217762E-04
2.59133582E-01  7.05473050E-02  5.55085484E-04
2.59380258E-01  6.84447438E-02  5.46739961E-04
2.59626935E-01  6.97539523E-02  5.59555425E-04
2.59873611E-01  7.32596442E-02  5.64671704E-04
2.60120287E-01  7.26889074E-02  5.60781104E-04
2.60366964E-01  6.86821714E-02  5.52258629E-04
2.60613640E-01  7.22042322E-02  5.40943700E-04
2.60860317E-01  6.96358532E-02  5.53246005E-04
2.61106993E-01  7.27886707E-02  5.63772512E-04
2.61353670E-01  7.13625774E-02  5.43806062E-04
2.61600346E-01  6.99188262E-02  5.46551077E-04
2.61847022E-01  7.02410713E-02  5.56227053E-04
2.62093699E-01  7.09196851E-02  5.53032791E-04
2.62340375E-01  7.13930503E-02  5.69895026E-04
2.62587052E-01  7.20960349E-02  5.60229120E-04
2.62833728E-01  6.85510188E-02  5.53912891E-04
2.63080404E-01  7.03637600E-02  5.59641165E-04
2.63327081E-01  7.45793730E-02  5.62534726E-04
2.63573757E-01  6.82056248E-02  5.44566778E-04
2.63820434E-01  7.00442642E-02  5.46368829E-04
2.64067110E-01  6.98311031E-02  5.58934291E-04
2.64313787E-01  7.44202659E-02  5.50784520E-04
2.64560463E-01  7.11128786E-02  5.53330872E-04
2.64807139E-01  7.13021904E-02  5.45426912E-04
2.65053816E-01  6.98965266E-02  5.40609355E-04
2.65300492E-01  7.27476403E-02  5.58487372E-04
2.65547169E-01  7.29787648E-02  5.65241266E-04
2.65793845E-01  6.90433159E-02  5.53105841E-04
2.66040522E-01  7.46794939E-02  5.54150261E-04
2.66287198E-01  7.46618956E-02  5.64423040E-04
2.66533874E-01  6.96889460E-02  5.34552906E-04
2.66780551E-01  7.05075786E-02  5.40216104E-04
2.67027227E-01  7.33435750E-02  5.67357056E-04
2.67273904E-01  7.19254985E-02  5.54042112E-04
2.67520580E-01  7.06606060E-02  5.55867911E-04
2.67767256E-01  7.33776763E-02  5.59772772E-04
2.68013933E-01  7.20170736E-02  5.52278769E-04
2.68260609E-01  6.95808455E-02  5.37695363E-04
2.68507286E-01  7.28678554E-02  5.49502263E-04
2.68753962E-01  7.22549334E-02  5.49284683E-04
2.69000639E-01  7.14405552E-02  5.55223494E-04
2.69247315E-01  6.99070767E-02  5.56148007E-04
2.69493991E-01  7.15218857E-02  5.60559041E-04
2.69740668E-01  7.26842359E-02  5.42604306E-04
2.69987344E-01  6.94558844E-02  5.43033239E-04
2.70234021E-01  7.15505779E-02  5.51945239E-04
2.70480697E-01  7.19242692E-02  5.45918941E-04
2.70727374E-01  7.12718144E-02  5.60560322E-04
2.70974050E-01  7.60596246E-02  6.02505868E-04
2.71220726E-01  7.16364756E-02  5.74917940E-04
2.71467403E-01  7.46236891E-02  5.90019161E-04
2.71714079E-01  7.42813274E-02  5.81278233E-04
2.71960756E-01  7.18247145E-02  5.68348041E-04
2.72207432E-01  7.45714679E-02  5.75021899E-04
2.72454109E-01  7.20378757E-02  5.71186654E-04
2.72700785E-01  7.39514232E-02  5.81835106E-04
2.72947461E-01  7.15914518E-02  5.77695726E-04
2.73194138E-01  7.35426173E-02  5.77057304E-04
2.73440814E-01  6.98222518E-02  5.74097794E-04
2.73687491E-01  7.51402974E-02  5.91542805E-04
2.73934167E-01  7.16632530E-02  5.71109529E-04
2.74180843E-01  7.49405175E-02  5.92728727E-04
2.74427520E-01  7.57857710E-02  5.83137968E-04
2.74674196E-01  7.18915388E-02  5.99276216E-04
2.74920873E-01  7.54733160E-02  5.91684075E-04
2.75167549E-01  7.40869492E-02  5.74314792E-04
2.75414226E-01  7.39864409E-02  5.95535268E-04
2.75660902E-01  7.63705596E-02  5.79139858E-04
2.75907578E-01  7.39249811E-02  5.87505463E-04
2.76154255E-01  7.58326650E-02  5.95407619E-04
2.76400931E-01  7.26915374E-02  5.72702906E-04
2.76647608E-01  7.43390247E-02  5.95915422E-04
2.76894284E-01  7.43253082E-02  5.82784007E-04
2.77140961E-01  7.51485452E-02  6.08962495E-04
2.77387637E-01  7.56976232E-02  5.90024632E-04
2.77634313E-01  7.19042346E-02  5.89388655E-04
2.77880990E-01  7.66693428E-02  5.94676589E-04
2.78127666E-01  7.44323432E-02  5.75172075E-04
2.78374343E-01  7.88742751E-02  6.14074932E-04
2.78621019E-01  7.35502094E-02  5.86780079E-04
2.78867695E-01  7.14190900E-02  5.94403944E-04
2.79114372E-01  7.70124272E-02  6.00397936E-04
2.79361048E-01  7.34469444E-02  5.94834099E-04
2.79607725E-01  7.42502138E-02  5.94955811E-04
2.79854401E-01  7.18401298E-02  5.72040735E-04
2.80101078E-01  7.37395734E-02  5.98711893E-04
2.80347754E-01  7.25837797E-02  5.91232558E-04
2.80594430E-01  7.53550529E-02  5.94221754E-04
2.80841107E-01  7.80959353E-02  6.02199230E-04
2.81087783E-01  7.26290122E-02  5.72369900E-04
2.81334460E-01  7.60069266E-02  6.09753304E-04
2.81581136E-01  7.17510805E-02  5.86062728E-04
2.81827813E-01  7.24159181E-02  5.81246102E-04
2.82074489E-01  7.67790824E-02  6.04107743E-04
2.82321165E-01  6.92590177E-02  5.61561435E-04
2.82567842E-01  7.38083422E-02  5.97748964E-04
2.82814518E-01  7.67970234E-02  6.12592499E-04
2.83061195E-01  7.29670972E-02  5.99639199E-04
2.83307871E-01  7.28201121E-02  5.86894690E-04
2.83554548E-01  7.30250105E-02  5.82724635E-04
2.83801224E-01  7.35318959E-02  5.97002450E-04
2.84047900E-01  7.18175620E-02  5.93771227E-04
2.84294577E-01  7.04188421E-02  5.74421545E-04
2.84541253E-01  7.63995498E-02  6.16274541E-04
2.84787930E-01  7.39805996E-02  5.88783936E-04
2.85034606E-01  7.67352805E-02  6.11228112E-04
2.85281282E-01  7.31693953E-02  6.02367567E-04
2.85527959E-01  7.41697401E-02  6.00984902E-04
2.85774635E-01  7.49112964E-02  6.18297723E-04
2.86021312E-01  6.90042824E-02  5.74288773E-04
2.86267988E-01  7.07480088E-02  5.78511972E-04
2.86514665E-01  7.15254098E-02  5.89095172E-04
2.86761341E-01  7.31716976E-02  6.06630929E-04
2.87008017E-01  7.37590045E-02  6.05607755E-04
2.87254694E-01  7.48959854E-02  5.96812286E-04
2.87501370E-01  7.80199915E-02  6.19139988E-04
2.87748047E-01  7.78482631E-02  6.25181419E-04
2.87994723E-01  7.46183395E-02  6.06652757E-04
2.88241400E-01  7.39244148E-02  5.89295290E-04
2.88488076E-01  7.52537102E-02  6.17850397E-04
2.88734752E-01  7.20277950E-02  5.83182205E-04
2.88981429E-01  7.53437057E-02  6.07361435E-04
2.89228105E-01  7.61238188E-02  6.15219353E-04
2.89474782E-01  7.42931664E-02  6.09693700E-04
2.89721458E-01  7.49423429E-02  5.99190069E-04
2.89968134E-01  7.63448775E-02  6.11716590E-04
2.90214811E-01  7.60958940E-02  5.96483122E-04
2.90461487E-01  7.61281624E-02  6.22378953E-04
2.90708164E-01  7.49211758E-02  6.03474211E-04
2.90954840E-01  7.26667494E-02  5.98859158E-04
2.91201517E-01  7.10303113E-02  5.88459196E-04
2.91448193E-01  7.41715580E-02  5.99964231E-04
2.91694869E-01  7.50001818E-02  5.97399194E-04
2.91941546E-01  7.55347982E-02  6.14628778E-04
2.92188222E-01  7.84108788E-02  6.27141620E-04
2.92434899E-01  7.38904551E-02  5.95711346E-04
2.92681575E-01  7.61415511E-02  6.23279368E-04
2.92928252E-01  7.75058940E-02  6.11996104E-04
2.93174928E-01  7.39273950E-02  6.06844143E-04
2.93421604E-01  7.22146332E-02  5.96738304E-04
2.93668281E-01  7.66066387E-02  6.15416153E-04
2.93914957E-01  7.44520798E-02  6.01795735E-04
2.94161634E-01  7.02873245E-02  5.85020462E-04
2.94408310E-01  7.56138116E-02  5.98908518E-04
2.94654987E-01  7.08702505E-02  5.83605724E-04
2.94901663E-01  7.35033303E-02  6.05973997E-04
2.95148339E-01  7.63210431E-02  5.93700970E-04
2.95395016E-01  7.28351921E-02  5.93307137E-04
2.95641692E-01  7.15947896E-02  5.97036269E-04
2.95888369E-01  7.33169094E-02  5.87977876E-04
2.96135045E-01  7.15287477E-02  5.97041450E-04
2.96381721E-01  7.16113523E-02  5.95383055E-04
2.96628398E-01  7.66834095E-02  6.03949360E-04
2.96875074E-01  7.23297969E-02  5.93471515E-04
2.97121751E-01  7.18489513E-02  5.89631265E-04
2.97368427E-01  7.19592497E-02  5.85957256E-04
2.97615104E-01  7.62732401E-02  6.14991179E-04
2.97861780E-01  7.61495978E-02  6.14407298E-04
2.98108456E-01  7.30681568E-02  5.89538424E-04
2.98355133E-01  7.59378895E-02  5.91965159E-04
2.98601809E-01  7.37593547E-02  6.26161927E-04
2.98848486E-01  7.55544603E-02  6.14077842E-04
2.99095162E-01  7.65276253E-02  6.16827398E-04
2.99341839E-01  7.29534402E-02  5.96824102E-04
2.99588515E-01  7.04022869E-02  5.87600982E-04
2.99835191E-01  7.36534670E-02  5.87245100E-04
3.00081868E-01  7.10156187E-02  6.01886131E-04
3.00328544E-01  7.46746063E-02  6.10650459E-04
3.00575221E-01  7.66129494E-02  6.10830379E-04
3.00821897E-01  7.78551325E-02  6.20036328E-04
3.01068574E-01  7.26620331E-02  6.08477450E-04
3.01315250E-01  7.45560378E-02  6.03663444E-04
3.01561926E-01  7.29937851E-02  6.11644296E-04
3.01808603E-01  7.58233070E-02  6.13929529E-04
3.02055279E-01  7.49120638E-02  6.06408576E-04
3.02301956E-01  7.40528628E-02  5.92093507E-04
3.02548632E-01  7.62397945E-02  6.11087366E-04
3.02795308E-01  7.41439015E-02  6.10953895E-04
3.03041985E-01  7.49838352E-02  6.03291614E-04
3.03288661E-01  7.43843243E-02  5.96068916E-04
3.03535338E-01  7.83907026E-02  6.27736154E-04
3.03782014E-01  7.53618479E-02  5.82455890E-04
3.04028691E-01  8.11840892E-02  6.28333713E-04
3.04275367E-01  8.05044100E-02  6.26583758E-04
3.04522043E-01  8.18766132E-02  6.47899986E-04
3.04768720E-01  8.60670358E-02  6.62196893E-04
3.05015396E-01  8.84313658E-02  6.73945120E-04
3.05262073E-01  9.38492194E-02  6.95690745E-04
3.05508749E-01  9.59388018E-02  6.92967093E-04
3.05755426E-01  9.64709222E-02  7.46692647E-04
3.06002102E-01  1.09035663E-01  7.42120726E-04
3.06248778E-01  1.03487745E-01  7.53043685E-04
3.06495455E-01  1.10521637E-01  7.51757412E-04
3.06742131E-01  1.14222124E-01  7.73805543E-04
3.06988808E-01  1.21461898E-01  8.20751709E-04
3.07235484E-01  1.18076243E-01  8.05134827E-04
3.07482160E-01  1.22083493E-01  8.34984763E-04
3.07728837E-01  1.21130377E-01  8.35436222E-04
3.07975513E-01  1.23688444E-01  8.86423397E-04
3.08222190E-01  1.22813240E-01  8.84825247E-04
3.08468866E-01  1.22015283E-01  8.49906588E-04
3.08715543E-01  1.17533751E-01  8.47363495E-04
3.08962219E-01  1.16760954E-01  8.45500501E-04
3.09208895E-01  1.10351376E-01  8.10883590E-04
3.09455572E-01  1.07204132E-01  7.88169215E-04
3.09702248E-01  1.03254639E-01  7.70250568E-04
3.09948925E-01  9.56207886E-02  7.24600046E-04
3.10195601E-01  8.81106704E-02  6.79096789E-04
3.10442278E-01  8.63285363E-02  6.84490602E-04
3.10688954E-01  8.06673393E-02  6.38374186E-04
3.10935630E-01  7.95727074E-02  6.03398774E-04
3.11182307E-01  7.99296126E-02  6.60050544E-04
3.11428983E-01  7.86364675E-02  6.07575115E-04
3.11675660E-01  7.57274628E-02  6.15010737E-04
3.11922336E-01  7.93404877E-02  6.19852624E-04
3.12169013E-01  7.28005096E-02  6.02050452E-04
3.12415689E-01  7.43611529E-02  6.13256940E-04
3.12662365E-01  7.60042369E-02  6.26906927E-04
3.12909042E-01  7.59790912E-02  6.28212292E-04
3.13155718E-01  7.68457502E-02  6.12316711E-04
3.13402395E-01  7.51659200E-02  6.24659180E-04
3.13649071E-01  7.23396912E-02  5.97303209E-04
3.13895747E-01  7.49048069E-02  6.03936845E-04
3.14142424E-01  7.32911900E-02  6.14829944E-04
3.14389100E-01  7.20630661E-02  6.07749913E-04
3.14635777E-01  7.30403662E-02  5.95185615E-04
3.14882453E-01  7.41369799E-02  6.27129455E-04
3.15129130E-01  7.43602589E-02  6.25017798E-04
3.15375806E-01  7.35381544E-02  6.24571054E-04
3.15622482E-01  7.33115524E-02  5.95413614E-04
3.15869159E-01  7.36761764E-02  6.12578122E-04
3.16115835E-01  7.60091469E-02  6.13703683E-04
3.16362512E-01  7.42664337E-02  6.13855838E-04
3.16609188E-01  7.19161183E-02  5.98532322E-04
3.16855865E-01  7.58460090E-02  6.10807503E-04
3.17102541E-01  7.15783089E-02  5.73868805E-04
3.17349217E-01  7.40986019E-02  5.98722894E-04
3.17595894E-01  7.17255697E-02  6.14835124E-04
3.17842570E-01  7.46836811E-02  6.20465085E-04
3.18089247E-01  7.45088607E-02  6.09756855E-04
3.18335923E-01  7.77251422E-02  6.26958616E-04
3.18582599E-01  7.60961473E-02  6.26421825E-04
3.18829276E-01  7.39317611E-02  6.25172630E-04
3.19075952E-01  7.67504498E-02  6.16448349E-04
3.19322629E-01  7.21796080E-02  6.11082360E-04
3.19569305E-01  7.63357654E-02  6.17941783E-04
3.19815982E-01  7.46510699E-02  5.99666557E-04
3.20062658E-01  7.18753412E-02  5.95796504E-04
3.20309334E-01  7.45903328E-02  6.17824669E-04
3.20556011E-01  7.62152299E-02  6.13016658E-04
3.20802687E-01  7.43017420E-02  6.16495672E-04
3.21049364E-01  7.21554980E-02  5.97775623E-04
3.21296040E-01  7.48725906E-02  6.04091387E-04
3.21542717E-01  7.50105083E-02  6.15006080E-04
3.21789393E-01  7.58869946E-02  6.26339577E-04
3.22036069E-01  7.34222382E-02  6.28551876E-04
3.22282746E-01  7.51764104E-02  6.17095153E-04
3.22529422E-01  7.42202103E-02  6.13731914E-04
3.22776099E-01  7.07850978E-02  5.84505091E-04
3.23022775E-01  7.27192163E-02  6.14890014E-04
3.23269452E-01  7.31221884E-02  6.06454152E-04
3.23516128E-01  7.76976943E-02  6.18072343E-04
3.23762804E-01  7.56997988E-02  6.19574799E-04
3.24009481E-01  7.65575096E-02  6.17811922E-04
3.24256157E-01  7.15656057E-02  6.06538903E-04
3.24502834E-01  7.65996352E-02  6.03334280E-04
3.24749510E-01  7.66420215E-02  6.37005025E-04
3.24996186E-01  7.64432400E-02  6.12757984E-04
3.25242863E-01  7.76681453E-02  6.30528608E-04
3.25489539E-01  7.39051402E-02  5.99423074E-04
3.25736216E-01  7.53282979E-02  6.31608767E-04
3.25982892E-01  7.67370909E-02  6.11425261E-04
3.26229569E-01  7.47735128E-02  6.22127613E-04
3.26476245E-01  7.11100549E-02  6.05469802E-04
3.26722921E-01  7.67598525E-02  6.28631737E-04
3.26969598E-01  7.69134685E-02  6.22156949E-04
3.27216274E-01  7.43597150E-02  6.12867007E-04
3.27462951E-01  7.38250911E-02  6.05674286E-04
3.27709627E-01  7.63206780E-02  6.17534737E-04
3.27956304E-01  7.91209117E-02  6.44301821E-04
3.28202980E-01  7.54469037E-02  6.07704860E-04
3.28449656E-01  7.78249279E-02  6.31528150E-04
3.28696333E-01  7.59759769E-02  6.23051077E-04
3.28943009E-01  7.93823972E-02  6.34413213E-04
3.29189686E-01  7.67810345E-02  6.37128076E-04
3.29436362E-01  7.68299252E-02  6.23314816E-04
3.29683039E-01  7.76268542E-02  6.35317119E-04
3.29929715E-01  7.35399127E-02  6.01857319E-04
3.30176391E-01  7.39728585E-02  5.99840772E-04
3.30423068E-01  7.92428851E-02  6.13232784E-04
3.30669744E-01  7.14495257E-02  6.02618849E-04
3.30916421E-01  8.07939470E-02  6.45444379E-04
3.31163097E-01  7.66845942E-02  6.23496016E-04
3.31409773E-01  7.62545019E-02  6.35651289E-04
3.31656450E-01  7.34670684E-02  5.82862645E-04
3.31903126E-01  7.42005557E-02  6.27478526E-04
3.32149803E-01  7.67609626E-02  6.19383063E-04
3.32396479E-01  7.77663365E-02  6.23755855E-04
3.32643156E-01  7.37120658E-02  6.07975409E-04
3.32889832E-01  7.39459917E-02  6.14586577E-04
3.33136508E-01  7.59476870E-02  6.29467075E-04
3.33383185E-01  7.94009417E-02  6.40093524E-04
3.33629861E-01  7.63603449E-02  6.17333746E-04
3.33876538E-01  7.51709417E-02  6.30408234E-04
3.34123214E-01  7.83864260E-02  6.15460973E-04
3.34369891E-01  7.91380405E-02  6.46978908E-04
3.34616567E-01  7.54679590E-02  6.16894802E-04
3.34863243E-01  7.80892000E-02  6.33070478E-04
3.35109920E-01  7.29878992E-02  6.19769911E-04
3.35356596E-01  7.65025318E-02  6.14701596E-04
3.35603273E-01  7.43093342E-02  6.27275731E-04
3.35849949E-01  7.72204325E-02  6.32076641E-04
3.36096625E-01  7.65384808E-02  6.29633199E-04
3.36343302E-01  7.57217035E-02  6.35754142E-04
3.36589978E-01  7.63962939E-02  6.26963447E-04
3.36836655E-01  7.28792325E-02  6.16668374E-04
3.37083331E-01  7.25105107E-02  6.08584553E-04
3.37330008E-01  8.14753100E-02  6.36417186E-04
3.37576684E-01  7.95470849E-02  6.55550044E-04
3.37823360E-01  7.83425421E-02  6.40228216E-04
3.38070037E-01  7.72402585E-02  6.58134173E-04
3.38316713E-01  8.43358263E-02  6.64981722E-04
3.38563390E-01  7.47631341E-02  6.02901389E-04
3.38810066E-01  7.52331316E-02  6.14305609E-04
3.39056743E-01  7.73486272E-02  6.25777058E-04
3.39303419E-01  7.62044266E-02  6.18267106E-04
3.39550095E-01  7.65950307E-02  6.13412238E-04
3.39796772E-01  7.43734613E-02  6.25081710E-04
3.40043448E-01  7.68663585E-02  6.26688532E-04
3.40290125E-01  7.67510459E-02  6.44400658E-04
3.40536801E-01  7.76521415E-02  6.26971654E-04
3.40783478E-01  8.03334713E-02  6.51384820E-04
3.41030154E-01  7.29983672E-02  6.12309668E-04
3.41276830E-01  7.95225427E-02  6.50413160E-04
3.41523507E-01  7.56986663E-02  6.30280527E-04
3.41770183E-01  7.83245713E-02  6.26046967E-04
3.42016860E-01  7.64966160E-02  6.35676493E-04
3.42263536E-01  7.56428912E-02  6.19514380E-04
3.42510212E-01  7.50984102E-02  6.25089917E-04
3.42756889E-01  7.57840723E-02  6.40252314E-04
3.43003565E-01  7.77156278E-02  6.35954842E-04
3.43250242E-01  7.50945136E-02  6.20438776E-04
3.43496918E-01  7.55854100E-02  6.30457012E-04
3.43743595E-01  7.70328119E-02  6.25378161E-04
3.43990271E-01  7.78544620E-02  6.37349032E-04
3.44236947E-01  7.83066228E-02  6.40801154E-04
3.44483624E-01  7.71504194E-02  6.16997539E-04
3.44730300E-01  7.69028664E-02  6.25708373E-04
3.44976977E-01  8.05502161E-02  6.43443200E-04
3.45223653E-01  7.62121454E-02  6.21938438E-04
3.45470330E-01  7.89564103E-02  6.22651423E-04
3.45717006E-01  8.03581327E-02  6.41898194E-04
3.45963682E-01  7.98454508E-02  6.41967694E-04
3.46210359E-01  7.53626823E-02  6.24940440E-04
3.46457035E-01  7.86043257E-02  6.30528259E-04
3.46703712E-01  7.70295411E-02  6.21411309E-04
3.46950388E-01  7.76136220E-02  6.25422166E-04
3.47197064E-01  7.82974437E-02  6.32965937E-04
3.47443741E-01  7.75950998E-02  6.26272464E-04
3.47690417E-01  7.79081136E-02  6.40624377E-04
3.47937094E-01  7.72129595E-02  6.46094268E-04
3.48183770E-01  7.57594928E-02  6.17796963E-04
3.48430447E-01  7.83966035E-02  6.21863583E-04
3.48677123E-01  7.95209631E-02  6.26120600E-04
3.48923799E-01  7.49078244E-02  6.41397375E-04
3.49170476E-01  7.46157095E-02  6.14536460E-04
3.49417152E-01  7.93694556E-02  6.43672771E-04
3.49663829E-01  7.54598901E-02  6.15469238E-04
3.49910505E-01  7.77883306E-02  6.33970427E-04
3.50157182E-01  7.65519366E-02  6.33104064E-04
3.50403858E-01  7.51394406E-02  6.24450564E-04
3.50650534E-01  7.34622329E-02  6.16628560E-04
3.50897211E-01  7.61943534E-02  6.31387753E-04
3.51143887E-01  7.80254230E-02  6.25963148E-04
3.51390564E-01  7.23114014E-02  5.86499751E-04
3.51637240E-01  7.54470229E-02  6.09251380E-04
3.51883917E-01  7.34688416E-02  5.98576094E-04
3.52130593E-01  7.55295157E-02  6.16739504E-04
3.52377269E-01  7.60228559E-02  6.27564616E-04
3.52623946E-01  7.30696693E-02  6.00472908E-04
3.52870622E-01  7.27168620E-02  5.97151462E-04
3.53117299E-01  7.22945929E-02  5.98568993E-04
3.53363975E-01  7.40630925E-02  6.07441529E-04
3.53610651E-01  7.63096884E-02  6.39407430E-04
3.53857328E-01  7.34885484E-02  6.16845093E-04
3.54104004E-01  7.33510926E-02  5.93306904E-04
3.54350681E-01  7.45595098E-02  6.23441418E-04
3.54597357E-01  7.34192356E-02  6.01759180E-04
3.54844034E-01  7.83241987E-02  6.21943269E-04
3.55090710E-01  7.15041235E-02  6.02412270E-04
3.55337386E-01  7.28834048E-02  6.24799810E-04
3.55584063E-01  7.33320639E-02  6.19829574E-04
3.55830739E-01  7.49154463E-02  6.19163795E-04
3.56077416E-01  7.34805018E-02  6.04787085E-04
3.56324092E-01  7.57307410E-02  6.22914697E-04
3.56570769E-01  7.46481717E-02  6.01599284E-04
3.56817445E-01  7.38077387E-02  6.08094851E-04
3.57064121E-01  7.42336959E-02  6.10159943E-04
3.57310798E-01  6.91659376E-02  5.88356634E-04
3.57557474E-01  7.32605234E-02  6.07094902E-04
3.57804151E-01  7.43191838E-02  6.15678960E-04
3.58050827E-01  7.14004710E-02  5.98996063E-04
3.58297503E-01  7.30606839E-02  6.03517401E-04
3.58544180E-01  6.84339330E-02  5.97942329E-04
3.58790856E-01  6.92664161E-02  6.07231748E-04
3.59037533E-01  7.56558701E-02  6.15740952E-04
3.59284209E-01  7.40410686E-02  6.17122860E-04
3.59530886E-01  7.10809007E-02  6.01810520E-04
3.59777562E-01  7.43897110E-02  6.14530465E-04
3.60024238E-01  7.01336190E-02  6.12335221E-04
3.60270915E-01  7.11030141E-02  5.84673893E-04
3.60517591E-01  7.30366409E-02  6.13481621E-04
3.60764268E-01  7.15177432E-02  5.87825605E-04
3.61010944E-01  6.86763376E-02  5.81415603E-04
3.61257621E-01  6.90696090E-02  6.03373046E-04
3.61504297E-01  7.11412951E-02  5.98479761E-04
3.61750973E-01  7.32956752E-02  6.07642985E-04
3.61997650E-01  6.97111860E-02  5.92584605E-04
3.62244326E-01  7.22189546E-02  6.15266035E-04
3.62491003E-01  6.91199601E-02  6.08926348E-04
3.62737679E-01  6.85544237E-02  5.82066772E-04
3.62984356E-01  6.68087527E-02  5.81985398E-04
3.63231032E-01  6.97356611E-02  6.06070389E-04
3.63477708E-01  7.15557709E-02  5.89026895E-04
3.63724385E-01  6.96840733E-02  6.14788034E-04
3.63971061E-01  6.55437335E-02  5.79762447E-04
3.64217738E-01  6.96365684E-02  6.16644102E-04
3.64464414E-01  6.85198307E-02  5.92463533E-04
3.64711090E-01  7.11286440E-02  6.05218171E-04
3.64957767E-01  7.01994896E-02  6.01840729E-04
3.65204443E-01  6.75139949E-02  5.87044924E-04
3.65451120E-01  6.88018873E-02  5.98213985E-04
3.65697796E-01  6.84358403E-02  5.85700152E-04
3.65944473E-01  6.76228702E-02  5.88601863E-04
3.66191149E-01  7.33132288E-02  6.12218748E-04
3.66437825E-01  6.87458962E-02  5.93243283E-04
3.66684502E-01  6.59041852E-02  5.84734138E-04
3.66931178E-01  7.11830780E-02  5.96710597E-04
3.67177855E-01  6.79120794E-02  5.74440113E-04
3.67424531E-01  7.00687245E-02  5.94501325E-04
3.67671208E-01  6.89006671E-02  5.96573460E-04
3.67917884E-01  6.91950321E-02  5.92513476E-04
3.68164560E-01  7.12992251E-02  6.01014239E-04
3.68411237E-01  6.72665387E-02  5.85577858E-04
3.68657913E-01  6.76054880E-02  5.93517500E-04
3.68904590E-01  6.69226274E-02  5.74597972E-04
3.69151266E-01  6.97650760E-02  6.10718445E-04
3.69397943E-01  6.78227320E-02  5.91036689E-04
3.69644619E-01  7.01889694E-02  6.03424211E-04
3.69891295E-01  7.01778829E-02  5.90016309E-04
3.70137972E-01  6.72592074E-02  5.73525089E-04
3.70384648E-01  6.84413090E-02  5.76616148E-04
3.70631325E-01  6.65763766E-02  5.67790295E-04
3.70878001E-01  6.79851472E-02  5.88253373E-04
3.71124677E-01  7.00093657E-02  5.88863273E-04
3.71371354E-01  7.15585575E-02  6.06314687E-04
3.71618030E-01  7.07463548E-02  6.06430287E-04
3.71864707E-01  6.55978918E-02  5.55141247E-04
3.72111383E-01  6.58725575E-02  5.82832785E-04
3.72358060E-01  6.92820176E-02  5.92894212E-04
3.72604736E-01  6.62282556E-02  5.72059653E-04
3.72851412E-01  6.78520873E-02  5.77797240E-04
3.73098089E-01  6.81313127E-02  5.74327481E-04
3.73344765E-01  6.71410039E-02  5.81514963E-04
3.73591442E-01  6.71698377E-02  5.63188456E-04
3.73838118E-01  7.42792189E-02  6.07585942E-04
3.74084795E-01  6.94369450E-02  5.94756973E-04
3.74331471E-01  7.13790879E-02  5.96721307E-04
3.74578147E-01  6.78598136E-02  5.95660880E-04
3.74824824E-01  6.95742965E-02  5.73066238E-04
3.75071500E-01  6.81359470E-02  5.77322033E-04
3.75318177E-01  6.70981854E-02  5.73793252E-04
3.75564853E-01  7.11120367E-02  5.87492657E-04
3.75811529E-01  6.82071298E-02  5.92163356E-04
3.76058206E-01  6.66313544E-02  5.88580733E-04
3.76304882E-01  6.75361529E-02  5.95317222E-04
3.76551559E-01  6.76627681E-02  5.90663345E-04
3.76798235E-01  6.68192878E-02  5.92873257E-04
3.77044912E-01  6.95552975E-02  5.84727852E-04
3.77291588E-01  6.73476458E-02  5.75324520E-04
3.77538264E-01  6.84930012E-02  5.88345691E-04
3.77784941E-01  7.25763887E-02  6.00166677E-04
3.78031617E-01  6.48534521E-02  5.69575292E-04
3.78278294E-01  6.67779818E-02  5.67032723E-04
3.78524970E-01  6.67469651E-02  5.71589684E-04
3.78771647E-01  6.81459829E-02  5.79094165E-04
3.79018323E-01  6.73236623E-02  6.00727682E-04
3.79264999E-01  7.20795542E-02  6.07366150E-04
3.79511676E-01  6.98360354E-02  5.90697164E-04
3.79758352E-01  6.76928535E-02  5.97937847E-04
3.80005029E-01  6.90721571E-02  5.83931163E-04
3.80251705E-01  7.36018345E-02  6.08425122E-04
3.80498382E-01  6.72683045E-02  5.75239537E-04
3.80745058E-01  6.83006868E-02  5.95048652E-04
3.80991734E-01  6.86100945E-02  6.01940963E-04
3.81238411E-01  6.62714690E-02  5.93063247E-04
3.81485087E-01  6.93959966E-02  6.34160533E-04
3.81731764E-01  6.57016262E-02  5.90277661E-04
3.81978440E-01  7.20014200E-02  6.38293684E-04
3.82225116E-01  6.95552602E-02  6.24512148E-04
3.82471793E-01  6.85144812E-02  6.30750670E-04
3.82718469E-01  6.58613443E-02  5.95528749E-04
3.82965146E-01  6.60158768E-02  6.17440906E-04
3.83211822E-01  6.58131540E-02  6.37026969E-04
3.83458499E-01  6.74453601E-02  6.19294995E-04
3.83705175E-01  6.66806251E-02  6.29579532E-04
3.83951851E-01  7.06240982E-02  6.45175460E-04
3.84198528E-01  6.59953058E-02  6.42180268E-04
3.84445204E-01  6.75411597E-02  6.45458116E-04
3.84691881E-01  6.87179640E-02  6.49312860E-04
3.84938557E-01  7.04015046E-02  6.64438296E-04
3.85185234E-01  6.86146840E-02  6.73085684E-04
3.85431910E-01  6.99408054E-02  6.65979460E-04
3.85678586E-01  6.87457323E-02  6.55345968E-04
3.85925263E-01  6.73782006E-02  6.47858542E-04
3.86171939E-01  6.70766458E-02  6.63980492E-04
3.86418616E-01  6.86619803E-02  6.81344362E-04
3.86665292E-01  6.97609261E-02  6.64689753E-04
3.86911968E-01  7.11525679E-02  6.91552763E-04
3.87158645E-01  6.86352551E-02  6.75039890E-04
3.87405321E-01  6.86284900E-02  6.78231940E-04
3.87651998E-01  6.84636012E-02  6.86738349E-04
3.87898674E-01  6.73275888E-02  6.62514532E-04
3.88145351E-01  6.98818490E-02  6.78215176E-04
3.88392027E-01  6.74576387E-02  7.04024569E-04
3.88638703E-01  6.86006099E-02  6.89928478E-04
3.88885380E-01  6.90698698E-02  6.95172930E-04
3.89132056E-01  6.62945062E-02  7.00512028E-04
3.89378733E-01  6.61140233E-02  6.87510183E-04
3.89625409E-01  6.87524155E-02  7.12731853E-04
3.89872086E-01  6.56134114E-02  6.80625380E-04
3.90118762E-01  6.65144473E-02  7.03072583E-04
3.90365438E-01  6.56848848E-02  6.53810974E-04
3.90612115E-01  6.55683354E-02  6.46189612E-04
3.90858791E-01  6.96162879E-02  6.72469207E-04
3.91105468E-01  6.84425607E-02  6.82343321E-04
3.91352144E-01  6.58776388E-02  6.50228816E-04
3.91598821E-01  6.89372793E-02  6.65152271E-04
3.91845497E-01  6.89351559E-02  6.50539587E-04
3.92092173E-01  6.61766604E-02  6.40420592E-04
3.92338850E-01  6.51703104E-02  6.56043412E-04
3.92585526E-01  6.85911998E-02  6.56178861E-04
3.92832203E-01  6.73131123E-02  6.39711448E-04
3.93078879E-01  7.00631365E-02  6.48125540E-04
3.93325555E-01  6.67092204E-02  6.25429675E-04
3.93572232E-01  6.85257092E-02  6.49823283E-04
3.93818908E-01  6.75856397E-02  6.27125555E-04
3.94065585E-01  6.93524778E-02  6.22933789E-04
3.94312261E-01  7.04832226E-02  6.70481531E-04
3.94558938E-01  6.45968914E-02  6.44004438E-04
3.94805614E-01  6.34711459E-02  6.33274321E-04
3.95052290E-01  6.52716383E-02  6.29980001E-04
3.95298967E-01  6.96375370E-02  6.51664624E-04
3.95545643E-01  6.67884946E-02  6.25292771E-04
3.95792320E-01  6.90455139E-02  6.50422357E-04
3.96038996E-01  6.88079670E-02  6.29307469E-04
3.96285673E-01  6.96802959E-02  6.22361084E-04
3.96532349E-01  6.72355369E-02  6.17425016E-04
3.96779025E-01  6.95269853E-02  6.52334245E-04
3.97025702E-01  6.85755387E-02  6.30730006E-04
3.97272378E-01  6.64349198E-02  6.27187372E-04
3.97519055E-01  6.64174482E-02  6.29954331E-04
3.97765731E-01  7.07067996E-02  6.48071349E-04
3.98012407E-01  6.45429790E-02  6.09882933E-04
3.98259084E-01  6.97846636E-02  6.21781393E-04
3.98505760E-01  7.05227330E-02  6.57306868E-04
3.98752437E-01  6.92306906E-02  6.44967251E-04
3.98999113E-01  6.70522749E-02  6.37361722E-04
3.99245790E-01  6.87298477E-02  6.38433325E-04
3.99492466E-01  6.88141882E-02  6.31964125E-04
3.99739142E-01  6.74914643E-02  6.42336265E-04
3.99985819E-01  6.74210265E-02  6.38182508E-04
4.00232495E-01  6.46013916E-02  6.16373552E-04
4.00479172E-01  6.99245259E-02  6.44308515E-04
4.00725848E-01  6.84467182E-02  6.22923253E-04
4.00972525E-01  6.91170096E-02  6.34276890E-04
4.01219201E-01  6.84514344E-02  6.23150729E-04
4.01465877E-01  6.86878264E-02  6.28115784E-04
4.01712554E-01  7.06366822E-02  6.52478659E-04
4.01959230E-01  6.72998801E-02  6.09258888E-04
4.02205907E-01  7.12092593E-02  6.41008664E-04
4.02452583E-01  6.60503060E-02  6.29335991E-04
4.02699260E-01  6.62183836E-02  6.26407680E-04
4.02945936E-01  6.93891868E-02  6.46125816E-04
4.03192612E-01  6.81724101E-02  6.07147231E-04
4.03439289E-01  6.83882013E-02  6.28813752E-04
4.03685965E-01  6.37102351E-02  6.08299801E-04
4.03932642E-01  6.42511398E-02  6.10583054E-04
4.04179318E-01  7.04358593E-02  6.34212745E-04
4.04425994E-01  6.62449896E-02  6.32342591E-04
4.04672671E-01  6.90511987E-02  6.33292831E-04
4.04919347E-01  7.07254633E-02  6.55407843E-04
4.05166024E-01  6.35305569E-02  6.06691407E-04
4.05412700E-01  6.76129460E-02  6.25000335E-04
4.05659377E-01  6.51988238E-02  6.15978905E-04
4.05906053E-01  6.77086189E-02  6.28831272E-04
4.06152729E-01  7.24356696E-02  6.60397054E-04
4.06399406E-01  6.59335405E-02  6.07526803E-04
4.06646082E-01  6.68079332E-02  6.22580352E-04
4.06892759E-01  6.87492192E-02  6.33596675E-04
4.07139435E-01  6.90766722E-02  6.30927214E-04
4.07386112E-01  6.68813735E-02  6.13990705E-04
4.07632788E-01  6.59846291E-02  6.19731727E-04
4.07879464E-01  6.76053166E-02  6.12636853E-04
4.08126141E-01  6.68741241E-02  6.30781695E-04
4.08372817E-01  6.62672892E-02  6.37836347E-04
4.08619494E-01  6.78553209E-02  6.34866767E-04
4.08866170E-01  7.11254701E-02  6.33920194E-04
4.09112847E-01  6.95243999E-02  6.33156043E-04
4.09359523E-01  6.77418038E-02  5.99368592E-04
4.09606199E-01  6.95603043E-02  6.29009039E-04
4.09852876E-01  6.72553554E-02  6.15391706E-04
4.10099552E-01  6.46880567E-02  6.13496639E-04
4.10346229E-01  6.67372867E-02  6.19950530E-04
4.10592905E-01  6.62762746E-02  6.19754021E-04
4.10839581E-01  6.46118075E-02  6.10031770E-04
4.11086258E-01  6.84318244E-02  6.28158858E-04
4.11332934E-01  6.50846586E-02  6.09017676E-04
4.11579611E-01  6.75715506E-02  6.05378475E-04
4.11826287E-01  7.03274310E-02  6.33533695E-04
4.12072964E-01  6.65316582E-02  6.18549879E-04
4.12319640E-01  6.66190013E-02  6.42647617E-04
4.12566316E-01  6.76546991E-02  6.31694915E-04
4.12812993E-01  6.65883794E-02  6.19156694E-04
4.13059669E-01  6.49094135E-02  6.07862836E-04
4.13306346E-01  6.65551424E-02  6.19811588E-04
4.13553022E-01  6.55843318E-02  6.08227099E-04
4.13799699E-01  6.93953261E-02  6.27904607E-04
4.14046375E-01  7.10717961E-02  6.56121294E-04
4.14293051E-01  6.40553236E-02  6.00861851E-04
4.14539728E-01  7.11098984E-02  6.33557618E-04
4.14786404E-01  6.79350793E-02  6.22805848E-04
4.15033081E-01  6.78716749E-02  6.02166692E-04
4.15279757E-01  6.84035793E-02  6.20651001E-04
4.15526433E-01  6.73608407E-02  6.01167500E-04
4.15773110E-01  6.63051978E-02  6.26248657E-04
4.16019786E-01  6.72372580E-02  6.13423297E-04
4.16266463E-01  6.47654310E-02  6.09233626E-04
4.16513139E-01  6.67817518E-02  6.11293071E-04
4.16759816E-01  6.50125667E-02  6.11721072E-04
4.17006492E-01  6.96926415E-02  6.19744183E-04
4.17253168E-01  6.87697157E-02  6.19198196E-04
4.17499845E-01  6.86203390E-02  6.31823379E-04
4.17746521E-01  6.77238926E-02  6.22351246E-04
4.17993198E-01  6.97810873E-02  6.26804249E-04
4.18239874E-01  6.64612725E-02  6.02025364E-04
4.18486551E-01  6.55409694E-02  6.01763662E-04
4.18733227E-01  6.73156306E-02  6.18059246E-04
4.18979903E-01  6.87849298E-02  6.28263922E-04
4.19226580E-01  6.84040487E-02  6.06455083E-04
4.19473256E-01  6.72201216E-02  6.09408366E-04
4.19719933E-01  6.77407682E-02  5.99437510E-04
4.19966609E-01  6.77185729E-02  6.03283581E-04
4.20213286E-01  6.89013228E-02  6.25832647E-04
4.20459962E-01  7.12854415E-02  6.47739100E-04
4.20706638E-01  6.51163757E-02  6.16588513E-04
4.20953315E-01  6.67814985E-02  6.42599189E-04
4.21199991E-01  6.65691867E-02  6.04237372E-04
4.21446668E-01  6.73175380E-02  6.16516569E-04
4.21693344E-01  6.86403066E-02  6.25209708E-04
4.21940020E-01  6.90063834E-02  6.24842534E-04
4.22186697E-01  6.76878914E-02  6.16852019E-04
4.22433373E-01  6.96246549E-02  6.20855310E-04
4.22680050E-01  6.63373470E-02  6.25556277E-04
4.22926726E-01  6.69968128E-02  6.07854337E-04
4.23173403E-01  6.68589100E-02  6.04814966E-04
4.23420079E-01  7.23635703E-02  6.50993490E-04
4.23666755E-01  6.64016828E-02  5.99951716E-04
4.23913432E-01  6.76822737E-02  6.12007861E-04
4.24160108E-01  6.77754804E-02  6.07163296E-04
4.24406785E-01  6.89896643E-02  6.00698404E-04
4.24653461E-01  6.88317344E-02  6.19622588E-04
4.24900138E-01  6.77042827E-02  6.08391536E-04
4.25146814E-01  6.51564673E-02  6.06864458E-04
4.25393490E-01  6.80601001E-02  6.30447641E-04
4.25640167E-01  6.66487813E-02  6.15698344E-04
4.25886843E-01  6.33855239E-02  5.93603821E-04
4.26133520E-01  6.71175942E-02  5.94163081E-04
4.26380196E-01  6.66180626E-02  6.10166113E-04
4.26626872E-01  6.83803558E-02  6.27629226E-04
4.26873549E-01  6.59837350E-02  6.08693867E-04
4.27120225E-01  6.51231036E-02  5.99011255E-04
4.27366902E-01  6.87946379E-02  6.12463919E-04
4.27613578E-01  6.18352890E-02  5.80004940E-04
4.27860255E-01  6.96845502E-02  6.54345145E-04
4.28106931E-01  6.67852536E-02  6.01419597E-04
4.28353607E-01  6.27478361E-02  6.00890256E-04
4.28600284E-01  7.05935732E-02  6.35320961E-04
4.28846960E-01  7.04092309E-02  6.33586198E-04
4.29093637E-01  6.81653842E-02  6.23342057E-04
4.29340313E-01  6.87832162E-02  6.22809108E-04
4.29586990E-01  6.85862154E-02  6.11822703E-04
4.29833666E-01  6.63456917E-02  6.16345089E-04
4.30080342E-01  6.61053285E-02  6.06021145E-04
4.30327019E-01  6.65181577E-02  5.94432582E-04
4.30573695E-01  6.94194883E-02  6.24746550E-04
4.30820372E-01  6.58396631E-02  6.14097982E-04
4.31067048E-01  6.52307346E-02  6.15211320E-04
4.31313725E-01  7.01211020E-02  6.23627857E-04
4.31560401E-01  6.94550574E-02  6.37439953E-04
4.31807077E-01  6.48010522E-02  6.19079336E-04
4.32053754E-01  7.05953315E-02  6.23119820E-04
4.32300430E-01  6.66610375E-02  6.08897884E-04
4.32547107E-01  6.76605627E-02  6.24151609E-04
4.32793783E-01  6.77348077E-02  6.18186255E-04
4.33040459E-01  6.79966658E-02  6.18744234E-04
4.33287136E-01  6.65010735E-02  6.07428781E-04
4.33533812E-01  6.93727806E-02  6.37570745E-04
4.33780489E-01  6.50403425E-02  6.07571565E-04
4.34027165E-01  6.78913966E-02  6.11906522E-04
4.34273842E-01  6.60563409E-02  6.00947824E-04
4.34520518E-01  6.55307993E-02  6.01615291E-04
4.34767194E-01  6.83788955E-02  6.26838650E-04
4.35013871E-01  6.66756108E-02  6.16015168E-04
4.35260547E-01  6.62000552E-02  6.25599001E-04
4.35507224E-01  6.53153434E-02  6.05444016E-04
4.35753900E-01  6.56769276E-02  6.03119552E-04
4.36000577E-01  6.83542117E-02  6.24580716E-04
4.36247253E-01  6.64909706E-02  5.93493285E-04
4.36493929E-01  6.58287629E-02  6.03202672E-04
4.36740606E-01  6.75068721E-02  6.00531406E-04
4.36987282E-01  6.58000633E-02  5.93977515E-04
4.37233959E-01  6.75532669E-02  6.16752775E-04
4.37480635E-01  6.39831647E-02  6.07392227E-04
4.37727311E-01  6.88272491E-02  6.21293148E-04
4.37973988E-01  6.77827001E-02  6.03821070E-04
4.38220664E-01  6.70720488E-02  6.10632182E-04
4.38467341E-01  6.92011118E-02  6.15213998E-04
4.38714017E-01  6.63841218E-02  6.05440233E-04
4.38960694E-01  6.62216321E-02  6.16412028E-04
4.39207370E-01  6.87374324E-02  6.29679475E-04
4.39454046E-01  6.99856505E-02  6.38471800E-04
4.39700723E-01  6.84067458E-02  6.25148066E-04
4.39947399E-01  6.50801882E-02  6.12451928E-04
4.40194076E-01  6.56258687E-02  5.92051889E-04
4.40440752E-01  7.18005449E-02  6.41170773E-04
4.40687429E-01  6.65328875E-02  6.11761468E-04
4.40934105E-01  6.71968758E-02  6.23658998E-04
4.41180781E-01  6.76593781E-02  5.94856625E-04
4.41427458E-01  6.88731074E-02  6.13866549E-04
4.41674134E-01  6.70809001E-02  5.99491759E-04
4.41920811E-01  6.46160245E-02  6.19932311E-04
4.42167487E-01  6.72329217E-02  6.18697843E-04
4.42414164E-01  6.72468171E-02  6.06022659E-04
4.42660840E-01  6.66548237E-02  6.14649674E-04
4.42907516E-01  6.85534477E-02  6.11203606E-04
4.43154193E-01  6.81872815E-02  6.38467493E-04
4.43400869E-01  6.59594983E-02  5.98888088E-04
4.43647546E-01  6.65337741E-02  6.04097091E-04
4.43894222E-01  6.64885119E-02  6.15394616E-04
4.44140898E-01  6.69854656E-02  6.05717942E-04
4.44387575E-01  6.82874247E-02  6.09436247E-04
4.44634251E-01  6.89816996E-02  6.26697496E-04
4.44880928E-01  7.02190250E-02  6.34651806E-04
4.45127604E-01  6.86127543E-02  6.28679176E-04
4.45374281E-01  6.82943091E-02  6.21886633E-04
4.45620957E-01  6.69540465E-02  6.01041887E-04
4.45867633E-01  6.76639527E-02  6.01155742E-04
4.46114310E-01  6.60514012E-02  6.10857387E-04
4.46360986E-01  6.93835020E-02  6.17419952E-04
4.46607663E-01  6.80425987E-02  6.20481384E-04
4.46854339E-01  6.69411868E-02  6.09325594E-04
4.47101016E-01  6.73573390E-02  6.07306487E-04
4.47347692E-01  6.88458383E-02  6.25939283E-04
4.47594368E-01  6.82623237E-02  5.97874925E-04
4.47841045E-01  6.65853173E-02  6.04717818E-04
4.48087721E-01  6.66110516E-02  6.04664965E-04
4.48334398E-01  6.53943866E-02  6.11144351E-04
4.48581074E-01  6.72051609E-02  6.16606732E-04
4.48827751E-01  6.75020888E-02  6.35743025E-04
4.49074427E-01  6.95966110E-02  6.27453031E-04
4.49321103E-01  6.97417185E-02  6.25051558E-04
4.49567780E-01  6.84772953E-02  6.12302567E-04
4.49814456E-01  6.91024065E-02  6.06901362E-04
4.50061133E-01  6.80684224E-02  6.21239946E-04
4.50307809E-01  6.51040301E-02  5.96821832E-04
4.50554485E-01  6.74915463E-02  6.26572990E-04
4.50801162E-01  6.40053824E-02  6.11283525E-04
4.51047838E-01  6.54007345E-02  6.01016625E-04
4.51294515E-01  6.58145323E-02  6.03167107E-04
4.51541191E-01  6.50433153E-02  5.86027920E-04
4.51787868E-01  6.68191835E-02  6.19201513E-04
4.52034544E-01  6.65820539E-02  6.10540097E-04
4.52281220E-01  6.84849396E-02  6.20194944E-04
4.52527897E-01  6.74890280E-02  6.18757913E-04
4.52774573E-01  7.03572184E-02  6.05843030E-04
4.53021250E-01  6.43815696E-02  5.88312105E-04
4.53267926E-01  6.50636405E-02  5.84346941E-04
4.53514603E-01  7.07101598E-02  6.22247346E-04
4.53761279E-01  6.64321259E-02  5.90430573E-04
4.54007955E-01  6.70323893E-02  6.12014555E-04
4.54254632E-01  6.86076880E-02  6.19431725E-04
4.54501308E-01  6.95918947E-02  6.03203196E-04
4.54747985E-01  6.71964660E-02  5.91800723E-04
4.54994661E-01  6.78931326E-02  6.04192726E-04
4.55241337E-01  6.69094846E-02  5.89893316E-04
4.55488014E-01  6.59355447E-02  5.85192116E-04
4.55734690E-01  6.84107542E-02  6.00086350E-04
4.55981367E-01  6.76073506E-02  5.97620907E-04
4.56228043E-01  6.90966919E-02  6.01351669E-04
4.56474720E-01  6.76485598E-02  6.07784023E-04
4.56721396E-01  7.04121813E-02  6.17460348E-04
4.56968072E-01  6.84656352E-02  6.01271284E-04
4.57214749E-01  6.85637891E-02  5.94821002E-04
4.57461425E-01  7.14934766E-02  6.18301623E-04
4.57708102E-01  6.68117404E-02  6.03239401E-04
4.57954778E-01  6.58631101E-02  6.05643203E-04
4.58201455E-01  6.52512833E-02  6.05558977E-04


### HEADER:
#
#{
#    "analysis": {},
#    "calibration_params": {
#        "Beam_Center_X": 1092.0,
#        "Beam_Center_Y": 2091.0,
#        "Detector Tilt": 0.0,
#        "Detector Tilt Plane Rotation": 0.0,
#        "Detector_X_Pixel_Size": 75.0,
#        "Detector_Y_Pixel_Size": 75.0,
#        "Integration Method": "nosplit_csr",
#        "Radial_Average_Method": "pyFAI",
#        "Sample-to-detector distance (mm)": 1731.0,
#        "Wavelength (A)": 1.0993212460550197
#    },
#    "config_file": "/mnt/home/chess_id7a/.RAW/backup.cfg",
#    "counters": {
#        "Epoch": "110.898",
#        "I1": "0",
#        "I2": "0",
#        "I3": "0",
#        "Seconds": "0.5",
#        "Time": "2.09808e-05",
#        "date": "Fri May 17 18:16:34 2024",
#        "diode": "15644"
#    },
#    "filename": "D1M0009_85C_100MPa_up_2_data_000001_00001.h5",
#    "history": {},
#    "imageHeader": {},
#    "load_path": "/nfs/chess/daq/current/id7a/Budin_05_16_24/D1M0009/D1M0009_85C_100MPa_up_2_data_000001.h5",
#    "normalizations": {
#        "Absolute_scale": {
#            "Absolute_scale_factor": 0.01111656324368444,
#            "Method": "Water"
#        },
#        "Counter_norms": [
#            [
#                "/",
#                "diode/150000"
#            ]
#        ],
#        "Polarization": {
#            "Used": false
#        },
#        "Solid_Angle_Correction": "On"
#    },
#    "raw_version": "2.1.4"
#}

