### DATA:
#
# 1823
#      Q             I(Q)           Error     
8.75701299E-03  0.00000000E+00  0.00000000E+00
9.00368942E-03  0.00000000E+00  0.00000000E+00
9.25036584E-03  0.00000000E+00  0.00000000E+00
9.49704226E-03  0.00000000E+00  0.00000000E+00
9.74371868E-03  2.64499872E-03  8.92015523E-04
9.99039511E-03  0.00000000E+00  0.00000000E+00
1.02370715E-02  0.00000000E+00  0.00000000E+00
1.04837480E-02  0.00000000E+00  0.00000000E+00
1.07304244E-02  0.00000000E+00  0.00000000E+00
1.09771008E-02  0.00000000E+00  0.00000000E+00
1.12237772E-02  1.81843922E-03  6.15486351E-04
1.14704536E-02  0.00000000E+00  0.00000000E+00
1.17171301E-02  3.23278224E-03  7.68924539E-04
1.19638065E-02  4.53429343E-03  8.75505852E-04
1.22104829E-02  9.36392695E-03  1.32552511E-03
1.24571593E-02  4.27200705E-01  4.15550917E-02
1.27038358E-02  9.60731208E-01  6.57465830E-02
1.29505122E-02  1.47597635E+00  7.88378268E-02
1.31971886E-02  1.31327248E+00  6.12023100E-02
1.34438650E-02  1.29076445E+00  5.66558912E-02
1.36905414E-02  1.26971054E+00  5.03930077E-02
1.39372179E-02  1.07755852E+00  4.09698710E-02
1.41838943E-02  1.19401920E+00  4.24694866E-02
1.44305707E-02  1.04946661E+00  3.64869088E-02
1.46772471E-02  1.08354342E+00  3.30225267E-02
1.49239236E-02  1.06046820E+00  3.04241870E-02
1.51706000E-02  8.71064484E-01  2.58216765E-02
1.54172764E-02  8.63978803E-01  2.42693741E-02
1.56639528E-02  8.21561813E-01  2.13609617E-02
1.59106292E-02  7.59246111E-01  1.90875698E-02
1.61573057E-02  8.27067018E-01  2.04625390E-02
1.64039821E-02  6.77201748E-01  1.68606080E-02
1.66506585E-02  6.81526601E-01  1.56166395E-02
1.68973349E-02  6.18825674E-01  1.40458783E-02
1.71440114E-02  6.31782591E-01  1.40383868E-02
1.73906878E-02  5.81905246E-01  1.26052983E-02
1.76373642E-02  5.63801765E-01  1.21605741E-02
1.78840406E-02  5.41716516E-01  1.11266049E-02
1.81307170E-02  5.66035807E-01  1.12440893E-02
1.83773935E-02  4.89138544E-01  9.57806408E-03
1.86240699E-02  4.40258145E-01  9.68163088E-03
1.88707463E-02  4.59479570E-01  9.28692892E-03
1.91174227E-02  3.94023240E-01  8.81624129E-03
1.93640992E-02  3.58258516E-01  7.58599536E-03
1.96107756E-02  3.61004978E-01  7.57972896E-03
1.98574520E-02  3.20571899E-01  7.19125336E-03
2.01041284E-02  3.29212010E-01  6.96324185E-03
2.03508048E-02  3.07200283E-01  6.17057411E-03
2.05974813E-02  2.77150840E-01  5.56066213E-03
2.08441577E-02  2.61727303E-01  5.61056891E-03
2.10908341E-02  2.75084287E-01  5.07802749E-03
2.13375105E-02  2.44737178E-01  4.85906750E-03
2.15841870E-02  2.49258921E-01  4.81508812E-03
2.18308634E-02  2.23811492E-01  4.21108352E-03
2.20775398E-02  2.38776430E-01  4.14198218E-03
2.23242162E-02  2.19922036E-01  4.03002510E-03
2.25708926E-02  2.04746380E-01  4.05750005E-03
2.28175691E-02  2.12129280E-01  3.77034582E-03
2.30642455E-02  2.09876031E-01  3.68528417E-03
2.33109219E-02  2.02505261E-01  3.27329896E-03
2.35575983E-02  2.04862386E-01  3.55091318E-03
2.38042748E-02  1.90444037E-01  3.01760319E-03
2.40509512E-02  1.85601279E-01  3.19253630E-03
2.42976276E-02  1.96578994E-01  3.12292203E-03
2.45443040E-02  1.86965123E-01  2.95522832E-03
2.47909804E-02  1.75180241E-01  2.61160987E-03
2.50376569E-02  1.74574181E-01  2.68531591E-03
2.52843333E-02  1.80166692E-01  2.76211416E-03
2.55310097E-02  1.75632402E-01  2.70542945E-03
2.57776861E-02  1.75016433E-01  2.49625929E-03
2.60243626E-02  1.77980900E-01  2.50315270E-03
2.62710390E-02  1.76029474E-01  2.59587169E-03
2.65177154E-02  1.70427799E-01  2.36995309E-03
2.67643918E-02  1.79008543E-01  2.53023813E-03
2.70110682E-02  1.69657394E-01  2.45130784E-03
2.72577447E-02  1.86159566E-01  2.53325887E-03
2.75044211E-02  1.72795221E-01  2.33769277E-03
2.77510975E-02  1.78251922E-01  2.31186557E-03
2.79977739E-02  1.70730159E-01  2.51194462E-03
2.82444504E-02  1.85908318E-01  2.45107082E-03
2.84911268E-02  1.91444770E-01  2.56724819E-03
2.87378032E-02  1.86364651E-01  2.44622072E-03
2.89844796E-02  1.99953720E-01  2.36975634E-03
2.92311561E-02  2.01443642E-01  2.58007389E-03
2.94778325E-02  2.12130979E-01  2.72101350E-03
2.97245089E-02  2.15901032E-01  2.95003480E-03
2.99711853E-02  2.66255260E-01  9.42612812E-03
3.02178617E-02  4.04046744E-01  3.11171412E-02
3.04645382E-02  6.21737659E-01  6.76867291E-02
3.07112146E-02  7.73681819E-01  9.72367898E-02
3.09578910E-02  7.23970413E-01  8.37144926E-02
3.12045674E-02  6.01506054E-01  4.95699383E-02
3.14512439E-02  6.14037156E-01  4.41628285E-02
3.16979203E-02  6.47882879E-01  5.74580990E-02
3.19445967E-02  4.53858554E-01  3.42286266E-02
3.21912731E-02  3.24506164E-01  1.22592933E-02
3.24379495E-02  2.63634652E-01  5.34929289E-03
3.26846260E-02  2.60870457E-01  3.58535838E-03
3.29313024E-02  2.54879475E-01  3.09661287E-03
3.31779788E-02  2.74351001E-01  2.89101084E-03
3.34246552E-02  3.46038729E-01  1.38994725E-02
3.36713317E-02  6.11125886E-01  5.06359041E-02
3.39180081E-02  9.06845927E-01  7.92261139E-02
3.41646845E-02  5.77880144E-01  3.77740562E-02
3.44113609E-02  3.60129654E-01  1.16217937E-02
3.46580373E-02  2.90563285E-01  3.79368849E-03
3.49047138E-02  2.92136520E-01  5.31998882E-03
3.51513902E-02  4.07846779E-01  3.16104256E-02
3.53980666E-02  7.45066822E-01  7.95302019E-02
3.56447430E-02  7.97496915E-01  8.02202895E-02
3.58914195E-02  5.77229083E-01  4.29488458E-02
3.61380959E-02  3.67857367E-01  1.07781310E-02
3.63847723E-02  2.84602821E-01  4.10697842E-03
3.66314487E-02  3.01213175E-01  2.60827458E-03
3.68781251E-02  2.82868654E-01  2.72396789E-03
3.71248016E-02  2.84892917E-01  2.65945983E-03
3.73714780E-02  2.83078164E-01  2.67316937E-03
3.76181544E-02  3.12298864E-01  5.07350639E-03
3.78648308E-02  3.43795270E-01  7.56289251E-03
3.81115073E-02  3.12756091E-01  4.41326061E-03
3.83581837E-02  3.04788053E-01  2.81366752E-03
3.86048601E-02  2.91590393E-01  2.45473138E-03
3.88515365E-02  3.06536496E-01  2.53045815E-03
3.90982129E-02  3.00000668E-01  2.55110348E-03
3.93448894E-02  3.01988751E-01  2.65092892E-03
3.95915658E-02  3.16645920E-01  2.60870741E-03
3.98382422E-02  2.98984528E-01  2.46506510E-03
4.00849186E-02  2.95811921E-01  2.54131062E-03
4.03315951E-02  2.98599392E-01  2.41597136E-03
4.05782715E-02  2.89491802E-01  2.49642669E-03
4.08249479E-02  3.07434231E-01  2.57396093E-03
4.10716243E-02  3.03127229E-01  2.43778317E-03
4.13183007E-02  2.92745590E-01  2.46601482E-03
4.15649772E-02  2.89483994E-01  2.43578805E-03
4.18116536E-02  3.13302338E-01  2.54115183E-03
4.20583300E-02  2.96150893E-01  2.45361449E-03
4.23050064E-02  3.08937997E-01  2.45575467E-03
4.25516829E-02  2.99732298E-01  2.52172560E-03
4.27983593E-02  3.16365540E-01  2.48097209E-03
4.30450357E-02  2.99951941E-01  2.44695274E-03
4.32917121E-02  3.08655202E-01  2.85943621E-03
4.35383885E-02  3.32303047E-01  4.23274562E-03
4.37850650E-02  3.68539244E-01  8.17275792E-03
4.40317414E-02  3.47712487E-01  5.40845003E-03
4.42784178E-02  3.42342854E-01  3.55236209E-03
4.45250942E-02  3.37480962E-01  3.46576096E-03
4.47717707E-02  3.10860693E-01  2.58236076E-03
4.50184471E-02  3.17398965E-01  2.55520456E-03
4.52651235E-02  3.21965098E-01  2.48997915E-03
4.55117999E-02  3.10869962E-01  2.59554805E-03
4.57584764E-02  3.06597829E-01  2.48261611E-03
4.60051528E-02  3.15191835E-01  2.65581463E-03
4.62518292E-02  3.03037137E-01  2.64859898E-03
4.64985056E-02  3.05604130E-01  2.45643198E-03
4.67451820E-02  2.91541219E-01  2.29931949E-03
4.69918585E-02  3.05030763E-01  2.38761422E-03
4.72385349E-02  3.02803010E-01  2.38788640E-03
4.74852113E-02  2.93772727E-01  2.41382723E-03
4.77318877E-02  2.90827870E-01  2.35559605E-03
4.79785642E-02  3.00964683E-01  2.40237569E-03
4.82252406E-02  2.83040345E-01  2.30409997E-03
4.84719170E-02  2.91131526E-01  2.28083925E-03
4.87185934E-02  2.95007437E-01  2.22367886E-03
4.89652698E-02  2.87530243E-01  2.24847207E-03
4.92119463E-02  2.87329108E-01  2.24958826E-03
4.94586227E-02  2.87948698E-01  2.19938369E-03
4.97052991E-02  2.80844152E-01  2.25785864E-03
4.99519755E-02  2.82187462E-01  2.21866742E-03
5.01986520E-02  3.01339865E-01  2.33165920E-03
5.04453284E-02  2.80643106E-01  2.23026914E-03
5.06920048E-02  2.80205756E-01  2.15939851E-03
5.09386812E-02  3.01571280E-01  2.19027954E-03
5.11853576E-02  2.96395510E-01  2.19597411E-03
5.14320341E-02  2.94863701E-01  2.20749434E-03
5.16787105E-02  2.93437004E-01  2.20558816E-03
5.19253869E-02  3.07431549E-01  2.19168677E-03
5.21720633E-02  3.03100020E-01  2.25510448E-03
5.24187398E-02  3.02711576E-01  2.21036281E-03
5.26654162E-02  2.90773481E-01  2.17165146E-03
5.29120926E-02  3.06673914E-01  2.37016752E-03
5.31587690E-02  3.18656176E-01  2.59067118E-03
5.34054454E-02  3.15658867E-01  3.15975910E-03
5.36521219E-02  3.39473158E-01  5.36443386E-03
5.38987983E-02  3.54288667E-01  5.94246108E-03
5.41454747E-02  3.66716415E-01  7.10432371E-03
5.43921511E-02  3.59312922E-01  5.11837238E-03
5.46388276E-02  3.33047897E-01  3.98150785E-03
5.48855040E-02  3.33594233E-01  2.57144892E-03
5.51321804E-02  3.24374527E-01  2.46109604E-03
5.53788568E-02  3.17171484E-01  2.37384671E-03
5.56255332E-02  3.23215246E-01  2.20943266E-03
5.58722097E-02  3.21519315E-01  2.28300877E-03
5.61188861E-02  3.15268368E-01  2.25426024E-03
5.63655625E-02  3.27639431E-01  2.47880514E-03
5.66122389E-02  3.32000881E-01  2.33551604E-03
5.68589154E-02  3.39766920E-01  2.33765598E-03
5.71055918E-02  3.33074093E-01  2.33222125E-03
5.73522682E-02  3.40773612E-01  2.27625412E-03
5.75989446E-02  3.46592724E-01  2.30720290E-03
5.78456210E-02  3.32258999E-01  2.22033705E-03
5.80922975E-02  3.43223304E-01  2.23543658E-03
5.83389739E-02  3.48516911E-01  2.40676966E-03
5.85856503E-02  3.49323958E-01  2.29306426E-03
5.88323267E-02  3.56980503E-01  2.53791152E-03
5.90790032E-02  3.89500797E-01  3.58717726E-03
5.93256796E-02  4.47449654E-01  9.44897998E-03
5.95723560E-02  4.91022974E-01  1.40748164E-02
5.98190324E-02  4.45151001E-01  9.29594692E-03
6.00657088E-02  4.09035832E-01  4.45188070E-03
6.03123853E-02  4.06696379E-01  3.65981204E-03
6.05590617E-02  4.15934294E-01  3.71281104E-03
6.08057381E-02  4.04748797E-01  3.02514853E-03
6.10524145E-02  3.77298772E-01  2.39476445E-03
6.12990910E-02  3.94451052E-01  2.48962245E-03
6.15457674E-02  3.91640335E-01  2.46199081E-03
6.17924438E-02  3.94145995E-01  2.48810858E-03
6.20391202E-02  4.09376144E-01  2.73235119E-03
6.22857966E-02  4.10411984E-01  2.69044563E-03
6.25324731E-02  4.22388315E-01  3.41775338E-03
6.27791495E-02  4.19066221E-01  3.73109803E-03
6.30258259E-02  4.31179672E-01  3.87496222E-03
6.32725023E-02  4.25768912E-01  3.09246313E-03
6.35191788E-02  4.26683515E-01  2.78920145E-03
6.37658552E-02  4.36940551E-01  2.94380635E-03
6.40125316E-02  4.37140912E-01  2.64465366E-03
6.42592080E-02  4.46471512E-01  2.66723125E-03
6.45058845E-02  4.48633969E-01  2.65345350E-03
6.47525609E-02  4.48286384E-01  2.65697204E-03
6.49992373E-02  4.51257110E-01  2.64821178E-03
6.52459137E-02  4.78355259E-01  3.01884767E-03
6.54925901E-02  4.76866454E-01  3.62530071E-03
6.57392666E-02  4.70078111E-01  3.33717116E-03
6.59859430E-02  4.82188314E-01  3.01462552E-03
6.62326194E-02  4.87407118E-01  2.77833478E-03
6.64792958E-02  4.74291921E-01  2.63260189E-03
6.67259723E-02  4.77229536E-01  2.66987318E-03
6.69726487E-02  4.85791773E-01  2.57925875E-03
6.72193251E-02  4.80630279E-01  2.63163610E-03
6.74660015E-02  4.94979203E-01  2.70407530E-03
6.77126779E-02  5.00388741E-01  2.86471331E-03
6.79593544E-02  5.11317611E-01  3.50417173E-03
6.82060308E-02  5.08329153E-01  2.95933569E-03
6.84527072E-02  5.21620452E-01  2.95899366E-03
6.86993836E-02  5.06354451E-01  2.76272302E-03
6.89460601E-02  5.03051043E-01  2.57265358E-03
6.91927365E-02  5.43846130E-01  2.69577280E-03
6.94394129E-02  5.13123989E-01  2.70585204E-03
6.96860893E-02  5.14467061E-01  2.68508983E-03
6.99327657E-02  5.37265122E-01  2.73414701E-03
7.01794422E-02  5.27137339E-01  2.56469427E-03
7.04261186E-02  5.45801878E-01  2.86249351E-03
7.06727950E-02  5.33518851E-01  2.65852152E-03
7.09194714E-02  5.35698414E-01  2.71466072E-03
7.11661479E-02  5.32128334E-01  2.71151145E-03
7.14128243E-02  5.46977878E-01  2.77519063E-03
7.16595007E-02  5.53272367E-01  2.78576720E-03
7.19061771E-02  5.26424766E-01  2.66813580E-03
7.21528535E-02  5.50400257E-01  2.71386676E-03
7.23995300E-02  5.38397908E-01  2.58738617E-03
7.26462064E-02  5.52246690E-01  2.57783593E-03
7.28928828E-02  5.52799821E-01  2.64853146E-03
7.31395592E-02  5.49506426E-01  2.75788573E-03
7.33862357E-02  5.77762187E-01  2.66949902E-03
7.36329121E-02  5.54104030E-01  2.79525178E-03
7.38795885E-02  5.72712958E-01  2.66639353E-03
7.41262649E-02  5.53627551E-01  2.70917313E-03
7.43729413E-02  5.54510772E-01  2.68206676E-03
7.46196178E-02  5.74014068E-01  2.71809171E-03
7.48662942E-02  5.71865082E-01  2.69164424E-03
7.51129706E-02  5.70768356E-01  2.72755488E-03
7.53596470E-02  5.55015862E-01  2.63580540E-03
7.56063235E-02  5.63257277E-01  2.57336698E-03
7.58529999E-02  5.71507692E-01  2.75334157E-03
7.60996763E-02  5.60697913E-01  2.54407525E-03
7.63463527E-02  5.70250928E-01  2.71354360E-03
7.65930291E-02  5.68890870E-01  2.59203790E-03
7.68397056E-02  5.55891633E-01  2.74559925E-03
7.70863820E-02  5.78666389E-01  2.53114454E-03
7.73330584E-02  5.57791829E-01  2.55930959E-03
7.75797348E-02  5.70508838E-01  2.64375447E-03
7.78264113E-02  5.63764334E-01  2.67328229E-03
7.80730877E-02  5.60790539E-01  2.64046039E-03
7.83197641E-02  5.69464624E-01  2.67465157E-03
7.85664405E-02  5.67041159E-01  2.59481696E-03
7.88131169E-02  5.57183444E-01  2.47634179E-03
7.90597934E-02  5.81758678E-01  2.59044883E-03
7.93064698E-02  5.75133502E-01  2.63597793E-03
7.95531462E-02  5.75443685E-01  2.59311078E-03
7.97998226E-02  5.69154263E-01  2.46077520E-03
8.00464991E-02  5.64508259E-01  2.55130604E-03
8.02931755E-02  5.66999376E-01  2.51459097E-03
8.05398519E-02  5.58947861E-01  2.53126817E-03
8.07865283E-02  5.74869692E-01  2.56321370E-03
8.10332047E-02  5.59203744E-01  2.54952814E-03
8.12798812E-02  5.74059308E-01  2.59535830E-03
8.15265576E-02  5.67132294E-01  2.48991675E-03
8.17732340E-02  5.60927987E-01  2.57415976E-03
8.20199104E-02  5.76931000E-01  2.62333010E-03
8.22665869E-02  5.69859803E-01  2.63868831E-03
8.25132633E-02  5.72167099E-01  2.51795352E-03
8.27599397E-02  5.76788545E-01  2.53695017E-03
8.30066161E-02  5.80116510E-01  2.56282510E-03
8.32532926E-02  5.74624777E-01  2.51974887E-03
8.34999690E-02  5.75544357E-01  2.60680309E-03
8.37466454E-02  5.74570656E-01  2.69261072E-03
8.39933218E-02  5.72671652E-01  2.49783904E-03
8.42399982E-02  5.79066813E-01  2.65839580E-03
8.44866747E-02  5.63726485E-01  2.54092040E-03
8.47333511E-02  5.78264058E-01  2.51397607E-03
8.49800275E-02  5.75734854E-01  2.49058823E-03
8.52267039E-02  5.80972791E-01  2.59538949E-03
8.54733804E-02  5.78914762E-01  2.56989198E-03
8.57200568E-02  5.60177267E-01  2.50202417E-03
8.59667332E-02  5.74079275E-01  2.55799270E-03
8.62134096E-02  5.65543771E-01  2.47660070E-03
8.64600860E-02  5.86143851E-01  2.55760201E-03
8.67067625E-02  5.76567948E-01  2.49832054E-03
8.69534389E-02  5.74146807E-01  2.42515607E-03
8.72001153E-02  5.79344332E-01  2.51853326E-03
8.74467917E-02  5.88522792E-01  2.61981064E-03
8.76934682E-02  5.74832141E-01  2.47298833E-03
8.79401446E-02  5.80277264E-01  2.61445297E-03
8.81868210E-02  5.68375647E-01  2.48475373E-03
8.84334974E-02  5.71263433E-01  2.50643468E-03
8.86801738E-02  5.82562447E-01  2.42950954E-03
8.89268503E-02  5.84125280E-01  2.48416187E-03
8.91735267E-02  5.93161821E-01  2.64013396E-03
8.94202031E-02  5.84382951E-01  2.40534195E-03
8.96668795E-02  5.69359720E-01  2.42067035E-03
8.99135560E-02  5.67492723E-01  2.35360977E-03
9.01602324E-02  5.88577211E-01  2.53434363E-03
9.04069088E-02  5.94745159E-01  2.50076642E-03
9.06535852E-02  5.79432189E-01  2.37288373E-03
9.09002616E-02  5.72438657E-01  2.49655847E-03
9.11469381E-02  5.81213176E-01  2.46500247E-03
9.13936145E-02  5.83214462E-01  2.48161587E-03
9.16402909E-02  5.94162464E-01  2.45494163E-03
9.18869673E-02  5.90115368E-01  2.40736292E-03
9.21336438E-02  5.82851112E-01  2.46494496E-03
9.23803202E-02  5.94145000E-01  2.48973491E-03
9.26269966E-02  5.91490924E-01  2.50687404E-03
9.28736730E-02  5.81865072E-01  2.38110358E-03
9.31203494E-02  5.78779817E-01  2.39505270E-03
9.33670259E-02  5.90940773E-01  2.50433199E-03
9.36137023E-02  5.88181734E-01  2.42597610E-03
9.38603787E-02  5.77248812E-01  2.34153075E-03
9.41070551E-02  5.81870258E-01  2.48888182E-03
9.43537316E-02  5.76815188E-01  2.39770510E-03
9.46004080E-02  5.87310851E-01  2.41537159E-03
9.48470844E-02  5.91009080E-01  2.31156405E-03
9.50937608E-02  5.91922700E-01  2.43147975E-03
9.53404372E-02  5.96155345E-01  2.44585052E-03
9.55871137E-02  5.80569208E-01  2.41821213E-03
9.58337901E-02  5.80080390E-01  2.45223171E-03
9.60804665E-02  5.84105670E-01  2.36097281E-03
9.63271429E-02  5.98492146E-01  2.52062292E-03
9.65738194E-02  5.90310931E-01  2.45163543E-03
9.68204958E-02  5.94600499E-01  2.46926327E-03
9.70671722E-02  5.86829126E-01  2.48715351E-03
9.73138486E-02  5.90016007E-01  2.39623850E-03
9.75605250E-02  5.86015344E-01  2.40449840E-03
9.78072015E-02  5.90755224E-01  2.40174890E-03
9.80538779E-02  5.88392973E-01  2.39863503E-03
9.83005543E-02  5.86675346E-01  2.34130374E-03
9.85472307E-02  5.97096622E-01  2.39295186E-03
9.87939072E-02  5.88678837E-01  2.43505440E-03
9.90405836E-02  5.94584167E-01  2.37361202E-03
9.92872600E-02  5.89244902E-01  2.44538626E-03
9.95339364E-02  5.82989454E-01  2.43458967E-03
9.97806128E-02  5.74535191E-01  2.27371161E-03
1.00027289E-01  5.98087013E-01  2.35731830E-03
1.00273966E-01  5.85249126E-01  2.27684085E-03
1.00520642E-01  5.85417688E-01  2.32854346E-03
1.00767319E-01  5.97305715E-01  2.32103700E-03
1.01013995E-01  5.95537901E-01  2.30399147E-03
1.01260671E-01  5.84629357E-01  2.34748074E-03
1.01507348E-01  5.93419492E-01  2.38333875E-03
1.01754024E-01  6.04375780E-01  2.32344796E-03
1.02000701E-01  5.90350270E-01  2.31297780E-03
1.02247377E-01  5.94690263E-01  2.40160641E-03
1.02494053E-01  6.03096843E-01  2.31234333E-03
1.02740730E-01  5.93523085E-01  2.30237772E-03
1.02987406E-01  5.91821313E-01  2.39133439E-03
1.03234083E-01  5.88885605E-01  2.41538812E-03
1.03480759E-01  6.10915482E-01  2.43731355E-03
1.03727436E-01  5.98153651E-01  2.32695881E-03
1.03974112E-01  5.89895606E-01  2.30614492E-03
1.04220788E-01  5.99961638E-01  2.46153213E-03
1.04467465E-01  6.00775123E-01  2.34198710E-03
1.04714141E-01  5.98801494E-01  2.33195676E-03
1.04960818E-01  5.95738232E-01  2.38583446E-03
1.05207494E-01  5.90258360E-01  2.22174893E-03
1.05454171E-01  6.03513002E-01  2.30572210E-03
1.05700847E-01  5.82812667E-01  2.20276066E-03
1.05947523E-01  5.92027009E-01  2.31567072E-03
1.06194200E-01  5.91095924E-01  2.40263809E-03
1.06440876E-01  5.90602040E-01  2.25266721E-03
1.06687553E-01  5.77885926E-01  2.27668509E-03
1.06934229E-01  6.09778762E-01  2.30728555E-03
1.07180906E-01  5.83706141E-01  2.27879710E-03
1.07427582E-01  5.92300773E-01  2.38843122E-03
1.07674258E-01  5.89765072E-01  2.33709789E-03
1.07920935E-01  5.89681447E-01  2.24742224E-03
1.08167611E-01  5.90248287E-01  2.30389228E-03
1.08414288E-01  5.85633755E-01  2.32586358E-03
1.08660964E-01  5.89348257E-01  2.30383012E-03
1.08907640E-01  5.79883695E-01  2.36378191E-03
1.09154317E-01  5.99669993E-01  2.39336397E-03
1.09400993E-01  5.93211710E-01  2.43135076E-03
1.09647670E-01  5.90487182E-01  2.31361808E-03
1.09894346E-01  5.81006944E-01  2.31441041E-03
1.10141023E-01  5.84572136E-01  2.36126897E-03
1.10387699E-01  5.75650752E-01  2.39966158E-03
1.10634375E-01  5.74302316E-01  2.43730820E-03
1.10881052E-01  5.74597180E-01  2.41444819E-03
1.11127728E-01  5.75923920E-01  2.30063591E-03
1.11374405E-01  5.73986292E-01  2.34525371E-03
1.11621081E-01  5.87843060E-01  2.39856518E-03
1.11867758E-01  5.59764147E-01  2.41905660E-03
1.12114434E-01  5.73234975E-01  2.33066082E-03
1.12361110E-01  5.65140665E-01  2.32284958E-03
1.12607787E-01  5.79417408E-01  2.41425610E-03
1.12854463E-01  5.85301995E-01  2.39207828E-03
1.13101140E-01  5.71854591E-01  2.47628009E-03
1.13347816E-01  5.77359498E-01  2.50723003E-03
1.13594493E-01  5.60860813E-01  2.37659644E-03
1.13841169E-01  5.71963310E-01  2.46119243E-03
1.14087845E-01  5.62866390E-01  2.33712210E-03
1.14334522E-01  5.77808738E-01  2.35002884E-03
1.14581198E-01  5.67355454E-01  2.33090995E-03
1.14827875E-01  5.66734850E-01  2.37467093E-03
1.15074551E-01  5.76975048E-01  2.45305919E-03
1.15321227E-01  5.65189600E-01  2.35252758E-03
1.15567904E-01  5.69725752E-01  2.41755811E-03
1.15814580E-01  5.60933650E-01  2.32132175E-03
1.16061257E-01  5.75035453E-01  2.42660916E-03
1.16307933E-01  5.60613096E-01  2.41863588E-03
1.16554610E-01  5.59111238E-01  2.41019926E-03
1.16801286E-01  5.59413552E-01  2.45697936E-03
1.17047962E-01  5.54068565E-01  2.36504432E-03
1.17294639E-01  5.52598894E-01  2.44583562E-03
1.17541315E-01  5.52366316E-01  2.47775018E-03
1.17787992E-01  5.58885574E-01  2.39247619E-03
1.18034668E-01  5.62267959E-01  2.35732319E-03
1.18281345E-01  5.56373119E-01  2.35016574E-03
1.18528021E-01  5.47713637E-01  2.32744263E-03
1.18774697E-01  5.65296590E-01  2.37382576E-03
1.19021374E-01  5.48158407E-01  2.25590356E-03
1.19268050E-01  5.40606678E-01  2.35213316E-03
1.19514727E-01  5.40907621E-01  2.32250360E-03
1.19761403E-01  5.46178341E-01  2.32575345E-03
1.20008079E-01  5.44131160E-01  2.23072921E-03
1.20254756E-01  5.47224939E-01  2.26384471E-03
1.20501432E-01  5.49773991E-01  2.36257887E-03
1.20748109E-01  5.58354080E-01  2.24947021E-03
1.20994785E-01  5.47456980E-01  2.25041597E-03
1.21241462E-01  5.54314613E-01  2.29708222E-03
1.21488138E-01  5.35436988E-01  2.23179092E-03
1.21734814E-01  5.40272117E-01  2.29110126E-03
1.21981491E-01  5.45983911E-01  2.19685701E-03
1.22228167E-01  5.28515279E-01  2.18496495E-03
1.22474844E-01  5.37186682E-01  2.22925353E-03
1.22721520E-01  5.32892466E-01  2.19991873E-03
1.22968197E-01  5.48291564E-01  2.27295468E-03
1.23214873E-01  5.31538129E-01  2.15600175E-03
1.23461549E-01  5.28774559E-01  2.15402548E-03
1.23708226E-01  5.38221180E-01  2.27155606E-03
1.23954902E-01  5.26508212E-01  2.14596582E-03
1.24201579E-01  5.44619322E-01  2.17679190E-03
1.24448255E-01  5.14861703E-01  2.11970671E-03
1.24694932E-01  5.18345773E-01  2.16347608E-03
1.24941608E-01  5.26150644E-01  2.11285264E-03
1.25188284E-01  5.27716935E-01  2.16264976E-03
1.25434961E-01  5.24124086E-01  2.15427228E-03
1.25681637E-01  5.11762619E-01  2.05075787E-03
1.25928314E-01  5.28888106E-01  2.18436611E-03
1.26174990E-01  5.26048422E-01  2.10419297E-03
1.26421666E-01  5.19372463E-01  2.12685298E-03
1.26668343E-01  5.16641200E-01  2.09381175E-03
1.26915019E-01  5.16311049E-01  2.12194887E-03
1.27161696E-01  5.20033717E-01  2.07633898E-03
1.27408372E-01  5.10222554E-01  2.06823740E-03
1.27655049E-01  5.00620186E-01  2.11571017E-03
1.27901725E-01  5.03790438E-01  2.04732479E-03
1.28148401E-01  5.12426555E-01  2.17931974E-03
1.28395078E-01  4.90215391E-01  1.99201447E-03
1.28641754E-01  5.02681613E-01  2.05807947E-03
1.28888431E-01  4.92519408E-01  2.06448091E-03
1.29135107E-01  5.02194047E-01  1.99192599E-03
1.29381784E-01  5.05918503E-01  2.03809678E-03
1.29628460E-01  5.06937742E-01  2.05901777E-03
1.29875136E-01  5.02180696E-01  2.07781722E-03
1.30121813E-01  5.01894057E-01  2.11336277E-03
1.30368489E-01  4.94238585E-01  2.01043091E-03
1.30615166E-01  4.88420695E-01  1.96105335E-03
1.30861842E-01  4.97518957E-01  2.02977727E-03
1.31108518E-01  4.82324243E-01  1.97123108E-03
1.31355195E-01  4.81837839E-01  2.04598252E-03
1.31601871E-01  4.89210039E-01  1.97013677E-03
1.31848548E-01  4.91811514E-01  2.01439555E-03
1.32095224E-01  4.83815193E-01  1.99264893E-03
1.32341901E-01  4.93318260E-01  2.03691609E-03
1.32588577E-01  5.00260651E-01  2.03495170E-03
1.32835253E-01  4.83037859E-01  2.01469962E-03
1.33081930E-01  4.91416514E-01  2.01965100E-03
1.33328606E-01  4.77216989E-01  2.00222572E-03
1.33575283E-01  4.92954224E-01  1.99821149E-03
1.33821959E-01  4.79839683E-01  1.95567799E-03
1.34068636E-01  4.77378935E-01  1.91171735E-03
1.34315312E-01  4.65627074E-01  1.97154167E-03
1.34561988E-01  4.62209523E-01  1.97136588E-03
1.34808665E-01  4.67065036E-01  1.96805387E-03
1.35055341E-01  4.74068671E-01  1.92892039E-03
1.35302018E-01  4.68645096E-01  1.94613484E-03
1.35548694E-01  4.68600243E-01  1.96044496E-03
1.35795371E-01  4.59467232E-01  1.93288270E-03
1.36042047E-01  4.56902355E-01  1.89952413E-03
1.36288723E-01  4.60107952E-01  1.93740509E-03
1.36535400E-01  4.60318446E-01  1.90527237E-03
1.36782076E-01  4.59812373E-01  1.91809318E-03
1.37028753E-01  4.48197007E-01  1.86586275E-03
1.37275429E-01  4.48918372E-01  1.86010054E-03
1.37522105E-01  4.51270998E-01  1.89373293E-03
1.37768782E-01  4.50791925E-01  1.85275183E-03
1.38015458E-01  4.38318223E-01  1.88436429E-03
1.38262135E-01  4.52098936E-01  1.87201402E-03
1.38508811E-01  4.37145382E-01  1.88083714E-03
1.38755488E-01  4.45622832E-01  1.79546827E-03
1.39002164E-01  4.43398684E-01  1.87401311E-03
1.39248840E-01  4.42674816E-01  1.84638542E-03
1.39495517E-01  4.38791513E-01  1.88356987E-03
1.39742193E-01  4.32511926E-01  1.81551848E-03
1.39988870E-01  4.35693920E-01  1.83533225E-03
1.40235546E-01  4.35528368E-01  1.84151996E-03
1.40482223E-01  4.27764088E-01  1.78919116E-03
1.40728899E-01  4.23921794E-01  1.79493672E-03
1.40975575E-01  4.36705649E-01  1.81159389E-03
1.41222252E-01  4.24631268E-01  1.80282234E-03
1.41468928E-01  4.22992617E-01  1.78764795E-03
1.41715605E-01  4.23425466E-01  1.76911778E-03
1.41962281E-01  4.24866557E-01  1.80043059E-03
1.42208957E-01  4.11641449E-01  1.75518566E-03
1.42455634E-01  4.17536288E-01  1.70046953E-03
1.42702310E-01  4.11621779E-01  1.72151788E-03
1.42948987E-01  4.18724507E-01  1.75623968E-03
1.43195663E-01  4.19812441E-01  1.78861804E-03
1.43442340E-01  4.17678922E-01  1.71995000E-03
1.43689016E-01  4.15678710E-01  1.78804225E-03
1.43935692E-01  4.12122965E-01  1.72015443E-03
1.44182369E-01  4.09447759E-01  1.74454192E-03
1.44429045E-01  4.06183183E-01  1.68980192E-03
1.44675722E-01  4.00442988E-01  1.71069440E-03
1.44922398E-01  4.04950500E-01  1.75568392E-03
1.45169075E-01  4.00625497E-01  1.72446191E-03
1.45415751E-01  3.97818774E-01  1.66957697E-03
1.45662427E-01  3.98609638E-01  1.67973561E-03
1.45909104E-01  3.98526400E-01  1.70629600E-03
1.46155780E-01  4.00221318E-01  1.73372857E-03
1.46402457E-01  3.94181162E-01  1.66322850E-03
1.46649133E-01  3.94837976E-01  1.63051195E-03
1.46895810E-01  3.88913482E-01  1.70897180E-03
1.47142486E-01  3.91674459E-01  1.68468175E-03
1.47389162E-01  3.85033071E-01  1.65069464E-03
1.47635839E-01  3.83160204E-01  1.62640365E-03
1.47882515E-01  3.82853121E-01  1.63995975E-03
1.48129192E-01  3.84556025E-01  1.72044558E-03
1.48375868E-01  3.81535858E-01  1.60460023E-03
1.48622544E-01  3.81003797E-01  1.66454201E-03
1.48869221E-01  3.68659049E-01  1.62098999E-03
1.49115897E-01  3.80248636E-01  1.68013375E-03
1.49362574E-01  3.70266825E-01  1.59608864E-03
1.49609250E-01  3.66969228E-01  1.62370002E-03
1.49855927E-01  3.69939238E-01  1.63933472E-03
1.50102603E-01  3.61683935E-01  1.60235772E-03
1.50349279E-01  3.64224523E-01  1.56859809E-03
1.50595956E-01  3.67131740E-01  1.65902951E-03
1.50842632E-01  3.55825096E-01  1.55954913E-03
1.51089309E-01  3.58123094E-01  1.60542177E-03
1.51335985E-01  3.59100014E-01  1.60618953E-03
1.51582662E-01  3.60896647E-01  1.63028960E-03
1.51829338E-01  3.62976283E-01  1.60093768E-03
1.52076014E-01  3.51672202E-01  1.54633285E-03
1.52322691E-01  3.54441583E-01  1.55938289E-03
1.52569367E-01  3.49155307E-01  1.56682229E-03
1.52816044E-01  3.53008687E-01  1.53207930E-03
1.53062720E-01  3.48454505E-01  1.52951095E-03
1.53309397E-01  3.45373511E-01  1.51506078E-03
1.53556073E-01  3.41291994E-01  1.55409821E-03
1.53802749E-01  3.38696480E-01  1.50018814E-03
1.54049426E-01  3.41073960E-01  1.54380722E-03
1.54296102E-01  3.36369991E-01  1.49389857E-03
1.54542779E-01  3.40119988E-01  1.56945502E-03
1.54789455E-01  3.35747272E-01  1.49203301E-03
1.55036131E-01  3.32416445E-01  1.47574360E-03
1.55282808E-01  3.43386978E-01  1.55582698E-03
1.55529484E-01  3.24580878E-01  1.47080724E-03
1.55776161E-01  3.28124374E-01  1.49505329E-03
1.56022837E-01  3.20766807E-01  1.52157433E-03
1.56269514E-01  3.23880702E-01  1.40914624E-03
1.56516190E-01  3.24862629E-01  1.50141167E-03
1.56762866E-01  3.23415071E-01  1.52409822E-03
1.57009543E-01  3.22098970E-01  1.45935430E-03
1.57256219E-01  3.15002412E-01  1.50271517E-03
1.57502896E-01  3.20706815E-01  1.45345344E-03
1.57749572E-01  3.17944854E-01  1.47594314E-03
1.57996249E-01  3.18461001E-01  1.47084973E-03
1.58242925E-01  3.12078953E-01  1.45162386E-03
1.58489601E-01  3.10609341E-01  1.39674032E-03
1.58736278E-01  3.10171187E-01  1.48165016E-03
1.58982954E-01  3.02266657E-01  1.40464550E-03
1.59229631E-01  3.07457477E-01  1.42636884E-03
1.59476307E-01  3.04215789E-01  1.42823183E-03
1.59722983E-01  3.09920967E-01  1.41667377E-03
1.59969660E-01  3.04272026E-01  1.44039944E-03
1.60216336E-01  3.00809652E-01  1.40941399E-03
1.60463013E-01  2.98162013E-01  1.42193958E-03
1.60709689E-01  2.97448188E-01  1.35048584E-03
1.60956366E-01  2.93060392E-01  1.36531680E-03
1.61203042E-01  2.89982349E-01  1.40967395E-03
1.61449718E-01  2.88340479E-01  1.36878167E-03
1.61696395E-01  2.93918461E-01  1.40432268E-03
1.61943071E-01  2.86570996E-01  1.36298174E-03
1.62189748E-01  2.82304883E-01  1.35324907E-03
1.62436424E-01  2.91724563E-01  1.41700543E-03
1.62683101E-01  2.82176644E-01  1.33512460E-03
1.62929777E-01  2.82838285E-01  1.37045642E-03
1.63176453E-01  2.84855753E-01  1.35624607E-03
1.63423130E-01  2.80293763E-01  1.35778193E-03
1.63669806E-01  2.70841092E-01  1.32644572E-03
1.63916483E-01  2.77527004E-01  1.29690161E-03
1.64163159E-01  2.72906095E-01  1.33787154E-03
1.64409836E-01  2.77181685E-01  1.35673606E-03
1.64656512E-01  2.75291055E-01  1.33247289E-03
1.64903188E-01  2.72720128E-01  1.31882215E-03
1.65149865E-01  2.65898824E-01  1.30991708E-03
1.65396541E-01  2.73734331E-01  1.35121739E-03
1.65643218E-01  2.66218781E-01  1.32443919E-03
1.65889894E-01  2.65728831E-01  1.29842630E-03
1.66136570E-01  2.60345817E-01  1.29145291E-03
1.66383247E-01  2.62826383E-01  1.30097184E-03
1.66629923E-01  2.62500823E-01  1.29952549E-03
1.66876600E-01  2.65100688E-01  1.25370000E-03
1.67123276E-01  2.59936422E-01  1.28881540E-03
1.67369953E-01  2.48163149E-01  1.29166641E-03
1.67616629E-01  2.53642231E-01  1.24132878E-03
1.67863305E-01  2.49348268E-01  1.25667616E-03
1.68109982E-01  2.52544880E-01  1.28501258E-03
1.68356658E-01  2.50288397E-01  1.25729188E-03
1.68603335E-01  2.47649729E-01  1.23057084E-03
1.68850011E-01  2.49802947E-01  1.26562139E-03
1.69096688E-01  2.52586484E-01  1.29660242E-03
1.69343364E-01  2.44961023E-01  1.21822837E-03
1.69590040E-01  2.42696926E-01  1.23616215E-03
1.69836717E-01  2.41479278E-01  1.21097965E-03
1.70083393E-01  2.38300458E-01  1.22263958E-03
1.70330070E-01  2.44009197E-01  1.21798040E-03
1.70576746E-01  2.41055623E-01  1.22151512E-03
1.70823422E-01  2.36724332E-01  1.24002923E-03
1.71070099E-01  2.28155464E-01  1.18972629E-03
1.71316775E-01  2.33645856E-01  1.19045039E-03
1.71563452E-01  2.30270073E-01  1.20054418E-03
1.71810128E-01  2.32762337E-01  1.17780291E-03
1.72056805E-01  2.34507740E-01  1.17362465E-03
1.72303481E-01  2.25604013E-01  1.17162720E-03
1.72550157E-01  2.26651534E-01  1.16936583E-03
1.72796834E-01  2.24027723E-01  1.17795251E-03
1.73043510E-01  2.25895599E-01  1.16072409E-03
1.73290187E-01  2.24082723E-01  1.16118393E-03
1.73536863E-01  2.20680892E-01  1.16663030E-03
1.73783540E-01  2.16731727E-01  1.12432451E-03
1.74030216E-01  2.10373029E-01  1.15344289E-03
1.74276892E-01  2.17664361E-01  1.13567070E-03
1.74523569E-01  2.14311004E-01  1.13606348E-03
1.74770245E-01  2.11179823E-01  1.11721852E-03
1.75016922E-01  2.08972350E-01  1.12354138E-03
1.75263598E-01  2.15766951E-01  1.17734412E-03
1.75510275E-01  2.13996157E-01  1.11244747E-03
1.75756951E-01  2.08273903E-01  1.09772745E-03
1.76003627E-01  2.07812294E-01  1.10596349E-03
1.76250304E-01  2.06262723E-01  1.09972723E-03
1.76496980E-01  2.08077073E-01  1.08428858E-03
1.76743657E-01  2.08522677E-01  1.10443716E-03
1.76990333E-01  2.04917774E-01  1.11534446E-03
1.77237009E-01  2.03229293E-01  1.12175499E-03
1.77483686E-01  2.02050552E-01  1.09899498E-03
1.77730362E-01  1.95700750E-01  1.09269342E-03
1.77977039E-01  2.01525122E-01  1.11063384E-03
1.78223715E-01  1.98267236E-01  1.06585049E-03
1.78470392E-01  1.89424947E-01  1.03726529E-03
1.78717068E-01  1.90066591E-01  1.06212322E-03
1.78963744E-01  1.92024156E-01  1.04747480E-03
1.79210421E-01  1.91966712E-01  1.04834104E-03
1.79457097E-01  1.87429786E-01  1.04927854E-03
1.79703774E-01  1.86572477E-01  1.03205058E-03
1.79950450E-01  1.89103276E-01  1.06942351E-03
1.80197127E-01  1.84123039E-01  1.01044460E-03
1.80443803E-01  1.87733293E-01  1.02278451E-03
1.80690479E-01  1.85517356E-01  1.05726800E-03
1.80937156E-01  1.91464767E-01  1.03423896E-03
1.81183832E-01  1.84039459E-01  1.00807182E-03
1.81430509E-01  1.80489123E-01  1.00923807E-03
1.81677185E-01  1.80361837E-01  1.00112392E-03
1.81923861E-01  1.86178461E-01  1.02892471E-03
1.82170538E-01  1.80075049E-01  1.02439290E-03
1.82417214E-01  1.78302169E-01  9.89518012E-04
1.82663891E-01  1.78139418E-01  1.00891432E-03
1.82910567E-01  1.75255105E-01  1.00437657E-03
1.83157244E-01  1.72522902E-01  9.69774555E-04
1.83403920E-01  1.75060824E-01  9.85345687E-04
1.83650596E-01  1.73776537E-01  1.01512903E-03
1.83897273E-01  1.70642346E-01  9.89128253E-04
1.84143949E-01  1.66075572E-01  9.81305609E-04
1.84390626E-01  1.68172300E-01  1.01289595E-03
1.84637302E-01  1.66156366E-01  9.61090380E-04
1.84883979E-01  1.66432738E-01  9.80963348E-04
1.85130655E-01  1.66580915E-01  9.52899398E-04
1.85377331E-01  1.66118354E-01  9.78917582E-04
1.85624008E-01  1.62031889E-01  9.25928121E-04
1.85870684E-01  1.66171253E-01  9.71972768E-04
1.86117361E-01  1.59798577E-01  9.61507962E-04
1.86364037E-01  1.68680117E-01  9.34977958E-04
1.86610714E-01  1.62134081E-01  9.47150751E-04
1.86857390E-01  1.58048511E-01  9.51491878E-04
1.87104066E-01  1.59322456E-01  9.25153727E-04
1.87350743E-01  1.51644394E-01  9.17039171E-04
1.87597419E-01  1.55329853E-01  9.04679648E-04
1.87844096E-01  1.51699007E-01  9.32147086E-04
1.88090772E-01  1.57408521E-01  9.29888221E-04
1.88337448E-01  1.49764061E-01  9.33792850E-04
1.88584125E-01  1.52448252E-01  9.24478227E-04
1.88830801E-01  1.47453845E-01  8.86239111E-04
1.89077478E-01  1.52327374E-01  9.21139319E-04
1.89324154E-01  1.45344779E-01  9.16182296E-04
1.89570831E-01  1.48217306E-01  9.05098859E-04
1.89817507E-01  1.47191882E-01  8.96784069E-04
1.90064183E-01  1.45608753E-01  8.81819637E-04
1.90310860E-01  1.47466287E-01  9.06658126E-04
1.90557536E-01  1.43416628E-01  8.88553273E-04
1.90804213E-01  1.45034060E-01  8.93015647E-04
1.91050889E-01  1.42265454E-01  8.97686929E-04
1.91297566E-01  1.46135524E-01  9.08329559E-04
1.91544242E-01  1.39597163E-01  8.58259678E-04
1.91790918E-01  1.37902841E-01  8.86264257E-04
1.92037595E-01  1.35221392E-01  8.62886023E-04
1.92284271E-01  1.38031170E-01  8.43820046E-04
1.92530948E-01  1.36963442E-01  8.54205689E-04
1.92777624E-01  1.36232004E-01  8.34247621E-04
1.93024301E-01  1.35515183E-01  8.68957140E-04
1.93270977E-01  1.37590930E-01  8.67101189E-04
1.93517653E-01  1.33607239E-01  8.55644408E-04
1.93764330E-01  1.30957738E-01  8.58207350E-04
1.94011006E-01  1.34652883E-01  8.43256945E-04
1.94257683E-01  1.32611841E-01  8.50162236E-04
1.94504359E-01  1.28497019E-01  8.38915992E-04
1.94751035E-01  1.32040277E-01  8.56205355E-04
1.94997712E-01  1.29655823E-01  8.46651033E-04
1.95244388E-01  1.32311791E-01  8.45017668E-04
1.95491065E-01  1.28163546E-01  8.27721087E-04
1.95737741E-01  1.23401120E-01  8.36226740E-04
1.95984418E-01  1.29710376E-01  8.34010832E-04
1.96231094E-01  1.26012102E-01  8.08762619E-04
1.96477770E-01  1.24419443E-01  8.13891820E-04
1.96724447E-01  1.24612533E-01  8.18085507E-04
1.96971123E-01  1.20867535E-01  8.00369075E-04
1.97217800E-01  1.25353158E-01  8.16558255E-04
1.97464476E-01  1.21935286E-01  8.08712153E-04
1.97711153E-01  1.17313571E-01  7.87686440E-04
1.97957829E-01  1.22151993E-01  8.20397050E-04
1.98204505E-01  1.22356027E-01  8.01906746E-04
1.98451182E-01  1.22008666E-01  8.02032126E-04
1.98697858E-01  1.18371718E-01  7.96401873E-04
1.98944535E-01  1.19951814E-01  8.00708716E-04
1.99191211E-01  1.18422762E-01  7.84858014E-04
1.99437887E-01  1.19794585E-01  7.94158550E-04
1.99684564E-01  1.16775163E-01  7.82205490E-04
1.99931240E-01  1.16274111E-01  7.91604572E-04
2.00177917E-01  1.16413549E-01  7.77726353E-04
2.00424593E-01  1.11377709E-01  7.45500438E-04
2.00671270E-01  1.11971989E-01  7.69144681E-04
2.00917946E-01  1.11376084E-01  7.84089381E-04
2.01164622E-01  1.12874322E-01  7.79722293E-04
2.01411299E-01  1.13848865E-01  7.52452179E-04
2.01657975E-01  1.17407344E-01  7.69504404E-04
2.01904652E-01  1.11958630E-01  7.60004623E-04
2.02151328E-01  1.11205474E-01  7.55130954E-04
2.02398005E-01  1.10548474E-01  7.37788389E-04
2.02644681E-01  1.09771475E-01  7.52360851E-04
2.02891357E-01  1.02952681E-01  7.26235041E-04
2.03138034E-01  1.08695887E-01  7.57402799E-04
2.03384710E-01  1.06588453E-01  7.60077615E-04
2.03631387E-01  1.05949163E-01  7.15472153E-04
2.03878063E-01  1.06822617E-01  7.44444551E-04
2.04124740E-01  1.06054984E-01  7.44933321E-04
2.04371416E-01  1.05133049E-01  7.38592760E-04
2.04618092E-01  1.03701890E-01  7.39547831E-04
2.04864769E-01  1.06753193E-01  7.27436505E-04
2.05111445E-01  1.03397340E-01  7.44530058E-04
2.05358122E-01  1.01116084E-01  7.01586250E-04
2.05604798E-01  1.01849303E-01  7.11194356E-04
2.05851474E-01  1.01782233E-01  7.16411916E-04
2.06098151E-01  1.02243707E-01  7.22752069E-04
2.06344827E-01  1.01616792E-01  7.30976346E-04
2.06591504E-01  1.03302665E-01  7.24949932E-04
2.06838180E-01  1.00837722E-01  6.96655246E-04
2.07084857E-01  9.97312963E-02  7.09965592E-04
2.07331533E-01  1.01568647E-01  6.99945726E-04
2.07578209E-01  1.00577787E-01  7.07779080E-04
2.07824886E-01  9.59431976E-02  6.75199495E-04
2.08071562E-01  9.64877456E-02  6.90921501E-04
2.08318239E-01  1.00139111E-01  7.12950772E-04
2.08564915E-01  9.80826244E-02  6.98419288E-04
2.08811592E-01  9.67320949E-02  7.11298315E-04
2.09058268E-01  9.30434391E-02  6.85038976E-04
2.09304944E-01  9.57620889E-02  6.83703169E-04
2.09551621E-01  9.63582620E-02  6.95230789E-04
2.09798297E-01  9.38396156E-02  6.83351129E-04
2.10044974E-01  9.42270309E-02  6.67947053E-04
2.10291650E-01  9.47585478E-02  6.88454253E-04
2.10538326E-01  9.46942642E-02  7.00982229E-04
2.10785003E-01  9.23165306E-02  6.79699879E-04
2.11031679E-01  9.28190649E-02  6.64581370E-04
2.11278356E-01  9.71317291E-02  7.05011596E-04
2.11525032E-01  8.93726498E-02  6.46551838E-04
2.11771709E-01  8.87784362E-02  6.70906215E-04
2.12018385E-01  8.93652588E-02  6.67645014E-04
2.12265061E-01  9.18893144E-02  6.75344956E-04
2.12511738E-01  9.26449373E-02  6.61900034E-04
2.12758414E-01  8.94954577E-02  6.58308098E-04
2.13005091E-01  8.86675119E-02  6.62728504E-04
2.13251767E-01  8.83683786E-02  6.58951758E-04
2.13498444E-01  9.07210931E-02  6.61690603E-04
2.13745120E-01  9.04351398E-02  6.69805857E-04
2.13991796E-01  8.77186283E-02  6.49842666E-04
2.14238473E-01  8.93173143E-02  6.59005775E-04
2.14485149E-01  8.75218660E-02  6.57657103E-04
2.14731826E-01  8.48418921E-02  6.45000837E-04
2.14978502E-01  9.07192305E-02  6.74750307E-04
2.15225179E-01  8.60830620E-02  6.33816933E-04
2.15471855E-01  8.48812833E-02  6.32917741E-04
2.15718531E-01  8.77304748E-02  6.47043402E-04
2.15965208E-01  8.69116709E-02  6.58380275E-04
2.16211884E-01  8.64689574E-02  6.54337462E-04
2.16458561E-01  8.44180286E-02  6.22436462E-04
2.16705237E-01  8.51965845E-02  6.51690003E-04
2.16951913E-01  8.62020478E-02  6.50153903E-04
2.17198590E-01  8.31099972E-02  6.50482310E-04
2.17445266E-01  8.70012864E-02  6.60101010E-04
2.17691943E-01  8.01210850E-02  6.38900674E-04
2.17938619E-01  8.74535367E-02  6.65619795E-04
2.18185296E-01  8.17711726E-02  6.14921039E-04
2.18431972E-01  8.00138712E-02  6.43874344E-04
2.18678648E-01  7.90055543E-02  6.23731583E-04
2.18925325E-01  7.88045749E-02  6.55023905E-04
2.19172001E-01  8.05162564E-02  6.32553129E-04
2.19418678E-01  8.30096900E-02  6.30654744E-04
2.19665354E-01  8.09184462E-02  6.29944669E-04
2.19912031E-01  8.07495639E-02  6.25213201E-04
2.20158707E-01  8.62685665E-02  6.60140417E-04
2.20405383E-01  8.10995102E-02  6.31217437E-04
2.20652060E-01  7.99925476E-02  6.31138217E-04
2.20898736E-01  8.07281286E-02  6.26164256E-04
2.21145413E-01  8.59995857E-02  6.41845632E-04
2.21392089E-01  8.14727545E-02  6.30538445E-04
2.21638766E-01  8.12949017E-02  6.35823701E-04
2.21885442E-01  8.26889426E-02  6.36908226E-04
2.22132118E-01  8.05213749E-02  6.29147748E-04
2.22378795E-01  7.84084126E-02  6.21648098E-04
2.22625471E-01  7.69536719E-02  6.02513901E-04
2.22872148E-01  8.24088082E-02  6.32112147E-04
2.23118824E-01  7.82085955E-02  6.01417210E-04
2.23365500E-01  7.80165195E-02  6.22916152E-04
2.23612177E-01  7.56583959E-02  6.11276948E-04
2.23858853E-01  7.81564340E-02  6.11448195E-04
2.24105530E-01  7.69364312E-02  6.08264236E-04
2.24352206E-01  7.87379593E-02  6.05719571E-04
2.24598883E-01  7.75585771E-02  6.20018400E-04
2.24845559E-01  7.48273283E-02  5.97010658E-04
2.25092235E-01  7.99089670E-02  6.17245212E-04
2.25338912E-01  7.69419149E-02  6.00872620E-04
2.25585588E-01  7.91866854E-02  6.12615258E-04
2.25832265E-01  7.45898411E-02  5.99398627E-04
2.26078941E-01  7.38143250E-02  5.89552743E-04
2.26325618E-01  7.87329152E-02  6.22630934E-04
2.26572294E-01  7.69587904E-02  5.92196418E-04
2.26818970E-01  7.72443935E-02  6.16481469E-04
2.27065647E-01  7.22384900E-02  5.82524750E-04
2.27312323E-01  7.31282607E-02  5.86893526E-04
2.27559000E-01  7.49465153E-02  6.03870605E-04
2.27805676E-01  7.60274678E-02  5.94250101E-04
2.28052352E-01  7.31575862E-02  5.91605087E-04
2.28299029E-01  7.64047578E-02  5.95281483E-04
2.28545705E-01  7.87923709E-02  6.25524612E-04
2.28792382E-01  7.40089864E-02  6.06037269E-04
2.29039058E-01  7.62212798E-02  6.23442291E-04
2.29285735E-01  7.61999562E-02  5.96903614E-04
2.29532411E-01  7.35633224E-02  5.87163027E-04
2.29779087E-01  7.45569021E-02  5.85104513E-04
2.30025764E-01  7.21946433E-02  5.77681931E-04
2.30272440E-01  7.38704577E-02  5.82236040E-04
2.30519117E-01  7.44966939E-02  5.87845338E-04
2.30765793E-01  7.53807425E-02  5.79560525E-04
2.31012470E-01  7.46018887E-02  6.05391106E-04
2.31259146E-01  7.38643184E-02  5.70613542E-04
2.31505822E-01  7.31485710E-02  5.91769814E-04
2.31752499E-01  7.19135255E-02  5.90781507E-04
2.31999175E-01  7.25733563E-02  5.73391269E-04
2.32245852E-01  7.35906735E-02  5.77544735E-04
2.32492528E-01  7.19912648E-02  5.76425344E-04
2.32739205E-01  7.60658458E-02  5.88264549E-04
2.32985881E-01  7.26268739E-02  5.85195783E-04
2.33232557E-01  7.21803233E-02  5.79428801E-04
2.33479234E-01  7.15248808E-02  5.67181676E-04
2.33725910E-01  7.20690116E-02  5.89272589E-04
2.33972587E-01  7.35841170E-02  5.69506898E-04
2.34219263E-01  7.54570514E-02  5.73140336E-04
2.34465939E-01  7.59096369E-02  5.89776610E-04
2.34712616E-01  7.24978447E-02  5.67582087E-04
2.34959292E-01  7.29019940E-02  5.69849741E-04
2.35205969E-01  7.15588629E-02  5.74031670E-04
2.35452645E-01  7.27852136E-02  5.83511661E-04
2.35699322E-01  7.08536357E-02  5.66674513E-04
2.35945998E-01  7.02526793E-02  5.68750140E-04
2.36192674E-01  7.22330362E-02  5.77258819E-04
2.36439351E-01  7.31442496E-02  5.69811440E-04
2.36686027E-01  7.46250078E-02  5.88972063E-04
2.36932704E-01  7.95687959E-02  6.19136903E-04
2.37179380E-01  7.35834017E-02  5.58781903E-04
2.37426057E-01  7.19154775E-02  5.72873629E-04
2.37672733E-01  7.43708089E-02  5.94475248E-04
2.37919409E-01  7.60180354E-02  5.84347872E-04
2.38166086E-01  7.38835111E-02  5.78780950E-04
2.38412762E-01  7.30551779E-02  5.87968098E-04
2.38659439E-01  7.06778169E-02  5.61617140E-04
2.38906115E-01  7.60196298E-02  6.04029919E-04
2.39152791E-01  7.14023188E-02  5.62622212E-04
2.39399468E-01  7.09493309E-02  5.77851839E-04
2.39646144E-01  6.91391155E-02  5.64652670E-04
2.39892821E-01  6.90709800E-02  5.69763593E-04
2.40139497E-01  7.26155639E-02  5.71935961E-04
2.40386174E-01  7.20386356E-02  5.67939365E-04
2.40632850E-01  7.30584040E-02  5.67732204E-04
2.40879526E-01  7.19961450E-02  5.70721168E-04
2.41126203E-01  7.35205412E-02  5.80738531E-04
2.41372879E-01  7.20326528E-02  5.64696325E-04
2.41619556E-01  6.81407303E-02  5.33324201E-04
2.41866232E-01  7.37389848E-02  5.66599017E-04
2.42112909E-01  7.39395916E-02  5.77788684E-04
2.42359585E-01  7.08043799E-02  5.58523228E-04
2.42606261E-01  7.25792944E-02  6.09873037E-04
2.42852938E-01  7.21565858E-02  5.83754736E-04
2.43099614E-01  6.97638020E-02  5.75244485E-04
2.43346291E-01  7.07936957E-02  5.73660131E-04
2.43592967E-01  6.92850873E-02  5.78259293E-04
2.43839644E-01  7.17380568E-02  5.77308878E-04
2.44086320E-01  7.01496974E-02  5.67162933E-04
2.44332996E-01  7.46607184E-02  5.96337079E-04
2.44579673E-01  7.47855529E-02  5.97761187E-04
2.44826349E-01  7.38828182E-02  5.85834670E-04
2.45073026E-01  7.40618259E-02  6.10515883E-04
2.45319702E-01  7.32172653E-02  5.83475397E-04
2.45566378E-01  6.95872456E-02  5.68733667E-04
2.45813055E-01  7.09777176E-02  5.78627805E-04
2.46059731E-01  7.17348307E-02  5.82920387E-04
2.46306408E-01  7.18745738E-02  6.01567677E-04
2.46553084E-01  7.33107552E-02  6.01199805E-04
2.46799761E-01  6.97322264E-02  6.04278001E-04
2.47046437E-01  7.39331245E-02  6.15327503E-04
2.47293113E-01  7.28643537E-02  6.11443829E-04
2.47539790E-01  7.49942139E-02  6.29844028E-04
2.47786466E-01  7.20066428E-02  5.94243640E-04
2.48033143E-01  6.97302744E-02  6.10420771E-04
2.48279819E-01  6.98886439E-02  6.03941153E-04
2.48526496E-01  7.15393201E-02  6.03670080E-04
2.48773172E-01  7.15813860E-02  6.21864980E-04
2.49019848E-01  7.21840933E-02  6.32143230E-04
2.49266525E-01  7.45454505E-02  6.32433803E-04
2.49513201E-01  7.46066347E-02  6.47321576E-04
2.49759878E-01  7.20078051E-02  6.19068742E-04
2.50006554E-01  7.42511302E-02  6.31995965E-04
2.50253230E-01  7.12021440E-02  6.21982210E-04
2.50499907E-01  7.37716258E-02  6.26398192E-04
2.50746583E-01  7.27922097E-02  6.33070013E-04
2.50993260E-01  7.08195716E-02  6.23741013E-04
2.51239936E-01  7.03857318E-02  6.18091843E-04
2.51486613E-01  7.25715756E-02  6.44443382E-04
2.51733289E-01  7.17907250E-02  6.29377610E-04
2.51979965E-01  7.04664961E-02  6.42661005E-04
2.52226642E-01  7.00608119E-02  6.30281284E-04
2.52473318E-01  7.36765489E-02  6.49716821E-04
2.52719995E-01  7.57803321E-02  6.61485246E-04
2.52966671E-01  7.50117302E-02  6.39952836E-04
2.53213348E-01  7.45091811E-02  6.43145409E-04
2.53460024E-01  6.99449480E-02  6.30585651E-04
2.53706700E-01  7.14393258E-02  6.49084919E-04
2.53953377E-01  7.42931142E-02  6.33376883E-04
2.54200053E-01  7.21206740E-02  6.41926250E-04
2.54446730E-01  7.30577335E-02  6.27553498E-04
2.54693406E-01  7.50588030E-02  6.59701182E-04
2.54940083E-01  7.34438077E-02  6.21423125E-04
2.55186759E-01  7.30315968E-02  6.31441188E-04
2.55433435E-01  7.18729347E-02  6.09128678E-04
2.55680112E-01  7.30208233E-02  6.25265471E-04
2.55926788E-01  7.35390857E-02  6.24488457E-04
2.56173465E-01  6.95696995E-02  6.26005523E-04
2.56420141E-01  7.54600465E-02  6.18480553E-04
2.56666817E-01  7.58316219E-02  6.43252104E-04
2.56913494E-01  6.89218193E-02  6.02458837E-04
2.57160170E-01  7.19289929E-02  6.06873655E-04
2.57406847E-01  7.01241866E-02  6.15442754E-04
2.57653523E-01  7.44441897E-02  6.22014806E-04
2.57900200E-01  7.09847733E-02  6.00629020E-04
2.58146876E-01  7.32427463E-02  6.26250112E-04
2.58393552E-01  7.49839991E-02  6.31594914E-04
2.58640229E-01  7.37726688E-02  6.22161198E-04
2.58886905E-01  7.12885633E-02  5.92293392E-04
2.59133582E-01  7.09661096E-02  6.04321540E-04
2.59380258E-01  7.41062760E-02  6.19249302E-04
2.59626935E-01  7.30706677E-02  6.15106255E-04
2.59873611E-01  7.47836828E-02  6.40655519E-04
2.60120287E-01  7.55362287E-02  6.17062324E-04
2.60366964E-01  7.42206722E-02  6.27920730E-04
2.60613640E-01  7.46587291E-02  6.08426577E-04
2.60860317E-01  7.18527287E-02  6.10461400E-04
2.61106993E-01  7.46752322E-02  6.35540695E-04
2.61353670E-01  7.07862973E-02  5.85066329E-04
2.61600346E-01  7.52233416E-02  6.18570019E-04
2.61847022E-01  7.39424750E-02  6.09482406E-04
2.62093699E-01  7.30997249E-02  6.04024041E-04
2.62340375E-01  7.57308230E-02  6.13375509E-04
2.62587052E-01  7.43348673E-02  6.12611766E-04
2.62833728E-01  7.46255964E-02  6.20850129E-04
2.63080404E-01  7.43313208E-02  6.17975194E-04
2.63327081E-01  7.34278783E-02  6.12517295E-04
2.63573757E-01  7.54483044E-02  6.25685730E-04
2.63820434E-01  7.70905763E-02  6.32536307E-04
2.64067110E-01  7.49197379E-02  6.06711896E-04
2.64313787E-01  7.18183815E-02  5.90659154E-04
2.64560463E-01  7.34414905E-02  6.19584753E-04
2.64807139E-01  7.17520267E-02  6.04091852E-04
2.65053816E-01  7.38802925E-02  6.21538959E-04
2.65300492E-01  7.21129403E-02  6.15298923E-04
2.65547169E-01  7.17740580E-02  6.06979884E-04
2.65793845E-01  7.26798326E-02  5.93990379E-04
2.66040522E-01  7.56395683E-02  6.14472723E-04
2.66287198E-01  7.26432875E-02  6.00846950E-04
2.66533874E-01  7.50138164E-02  6.22388150E-04
2.66780551E-01  7.31496438E-02  6.11480442E-04
2.67027227E-01  7.47325346E-02  6.20568404E-04
2.67273904E-01  7.07648546E-02  5.93091769E-04
2.67520580E-01  7.64594972E-02  6.22926280E-04
2.67767256E-01  7.20316470E-02  5.87976654E-04
2.68013933E-01  7.20133185E-02  6.04991510E-04
2.68260609E-01  7.45242164E-02  6.03767112E-04
2.68507286E-01  7.20685720E-02  6.03280205E-04
2.68753962E-01  7.94586614E-02  6.25495741E-04
2.69000639E-01  7.77443796E-02  6.28321141E-04
2.69247315E-01  7.29579255E-02  6.10693067E-04
2.69493991E-01  7.48426616E-02  6.21686631E-04
2.69740668E-01  7.17755184E-02  6.03990862E-04
2.69987344E-01  7.33609796E-02  6.06226386E-04
2.70234021E-01  7.56878406E-02  6.25446730E-04
2.70480697E-01  7.44331479E-02  6.21256127E-04
2.70727374E-01  7.19254240E-02  6.16012549E-04
2.70974050E-01  7.43940175E-02  6.19926082E-04
2.71220726E-01  7.61046857E-02  6.32387586E-04
2.71467403E-01  7.74243474E-02  6.35405420E-04
2.71714079E-01  7.24522322E-02  6.21718122E-04
2.71960756E-01  7.82363936E-02  6.32651208E-04
2.72207432E-01  7.21609220E-02  6.33941381E-04
2.72454109E-01  7.64341503E-02  6.46323897E-04
2.72700785E-01  7.57402778E-02  6.39465288E-04
2.72947461E-01  7.60428905E-02  6.55211275E-04
2.73194138E-01  7.50189498E-02  6.37773133E-04
2.73440814E-01  7.85670877E-02  6.76833617E-04
2.73687491E-01  7.49158785E-02  6.46187633E-04
2.73934167E-01  7.42556751E-02  6.20422594E-04
2.74180843E-01  7.70133063E-02  6.50352449E-04
2.74427520E-01  7.32764155E-02  6.20556180E-04
2.74674196E-01  7.26003572E-02  6.31111267E-04
2.74920873E-01  7.64079839E-02  6.42976724E-04
2.75167549E-01  7.47577325E-02  6.47114939E-04
2.75414226E-01  7.26751536E-02  6.35695818E-04
2.75660902E-01  7.48096630E-02  6.38986705E-04
2.75907578E-01  7.19025582E-02  6.20171195E-04
2.76154255E-01  7.44659081E-02  6.49552327E-04
2.76400931E-01  7.52744973E-02  6.64398191E-04
2.76647608E-01  7.58913159E-02  6.39560632E-04
2.76894284E-01  7.12286085E-02  6.24778215E-04
2.77140961E-01  7.26471245E-02  6.38319878E-04
2.77387637E-01  7.48262778E-02  6.45567896E-04
2.77634313E-01  7.47237951E-02  6.45371329E-04
2.77880990E-01  7.32114092E-02  6.38766389E-04
2.78127666E-01  7.57737681E-02  6.49825786E-04
2.78374343E-01  7.51877055E-02  6.49108435E-04
2.78621019E-01  7.56909475E-02  6.47482637E-04
2.78867695E-01  7.27146193E-02  6.46358531E-04
2.79114372E-01  7.36358985E-02  6.30742870E-04
2.79361048E-01  7.77365491E-02  6.66952983E-04
2.79607725E-01  7.37359971E-02  6.71164307E-04
2.79854401E-01  7.54326656E-02  6.45259279E-04
2.80101078E-01  7.29196966E-02  6.51644950E-04
2.80347754E-01  7.85668567E-02  6.76780532E-04
2.80594430E-01  7.50795305E-02  6.67551998E-04
2.80841107E-01  7.49408379E-02  6.63998770E-04
2.81087783E-01  7.30971023E-02  6.27174391E-04
2.81334460E-01  7.82135054E-02  6.76871685E-04
2.81581136E-01  7.35090226E-02  6.42245810E-04
2.81827813E-01  7.47374371E-02  6.72846800E-04
2.82074489E-01  7.51640722E-02  6.64133055E-04
2.82321165E-01  7.26302490E-02  6.36998680E-04
2.82567842E-01  7.24393204E-02  6.59799436E-04
2.82814518E-01  7.63896033E-02  6.66772015E-04
2.83061195E-01  7.40833431E-02  6.51377137E-04
2.83307871E-01  7.68048167E-02  6.61278435E-04
2.83554548E-01  7.47428462E-02  6.43219566E-04
2.83801224E-01  7.70922080E-02  6.68665045E-04
2.84047900E-01  7.53243938E-02  6.53774478E-04
2.84294577E-01  7.68372715E-02  6.60621328E-04
2.84541253E-01  7.41371587E-02  6.54192001E-04
2.84787930E-01  7.45123699E-02  6.69477391E-04
2.85034606E-01  7.51991346E-02  6.81486563E-04
2.85281282E-01  7.52370507E-02  6.56309887E-04
2.85527959E-01  7.44133294E-02  6.51275797E-04
2.85774635E-01  7.44285136E-02  6.62699924E-04
2.86021312E-01  7.54913911E-02  6.57648256E-04
2.86267988E-01  7.92446882E-02  6.80557860E-04
2.86514665E-01  7.16325492E-02  6.45946129E-04
2.86761341E-01  7.49116912E-02  6.74396404E-04
2.87008017E-01  7.51943886E-02  6.61797414E-04
2.87254694E-01  7.38191009E-02  6.60680991E-04
2.87501370E-01  7.53150731E-02  6.60308055E-04
2.87748047E-01  7.40743801E-02  6.57094177E-04
2.87994723E-01  7.51735717E-02  6.68255030E-04
2.88241400E-01  7.64425918E-02  6.66657288E-04
2.88488076E-01  7.73293898E-02  6.74607989E-04
2.88734752E-01  7.10167885E-02  6.25224086E-04
2.88981429E-01  7.81203732E-02  6.85263949E-04
2.89228105E-01  7.41055533E-02  6.40238228E-04
2.89474782E-01  7.55918771E-02  6.80936675E-04
2.89721458E-01  7.47847334E-02  6.64244464E-04
2.89968134E-01  7.27997944E-02  6.47245324E-04
2.90214811E-01  7.71182775E-02  6.64398016E-04
2.90461487E-01  7.83404708E-02  6.88126718E-04
2.90708164E-01  7.35573322E-02  6.59144542E-04
2.90954840E-01  7.65544921E-02  6.69573375E-04
2.91201517E-01  7.39880204E-02  6.59649377E-04
2.91448193E-01  7.41627440E-02  6.56910532E-04
2.91694869E-01  7.44038150E-02  6.43655309E-04
2.91941546E-01  7.68126547E-02  6.63328159E-04
2.92188222E-01  7.22817183E-02  6.48233574E-04
2.92434899E-01  7.25199059E-02  6.37286284E-04
2.92681575E-01  7.32282624E-02  6.75411720E-04
2.92928252E-01  7.43790716E-02  6.47900102E-04
2.93174928E-01  7.61007145E-02  6.64217339E-04
2.93421604E-01  7.25235641E-02  6.48313435E-04
2.93668281E-01  7.49455541E-02  6.53702766E-04
2.93914957E-01  8.02818015E-02  6.91681984E-04
2.94161634E-01  7.28911161E-02  6.41291321E-04
2.94408310E-01  7.67089799E-02  6.80573576E-04
2.94654987E-01  7.59790167E-02  6.52692805E-04
2.94901663E-01  7.10207969E-02  6.23024243E-04
2.95148339E-01  7.29209632E-02  6.56826131E-04
2.95395016E-01  7.46933222E-02  6.42750354E-04
2.95641692E-01  7.56704062E-02  6.68418827E-04
2.95888369E-01  7.51843154E-02  6.54333562E-04
2.96135045E-01  7.51138777E-02  6.46010099E-04
2.96381721E-01  7.59474784E-02  6.70740963E-04
2.96628398E-01  7.38240182E-02  6.52231392E-04
2.96875074E-01  7.42766261E-02  6.72721362E-04
2.97121751E-01  7.32315257E-02  6.52084884E-04
2.97368427E-01  7.60195926E-02  6.61151193E-04
2.97615104E-01  7.38452673E-02  6.39814418E-04
2.97861780E-01  7.77016655E-02  6.56524906E-04
2.98108456E-01  7.49564022E-02  6.56424207E-04
2.98355133E-01  7.43767917E-02  6.53714174E-04
2.98601809E-01  7.47062266E-02  6.64343766E-04
2.98848486E-01  7.38265216E-02  6.67603861E-04
2.99095162E-01  7.30743632E-02  6.44227199E-04
2.99341839E-01  7.58226141E-02  6.64824096E-04
2.99588515E-01  7.31507838E-02  6.50512055E-04
2.99835191E-01  6.92209080E-02  6.39394333E-04
3.00081868E-01  7.17909634E-02  6.44669402E-04
3.00328544E-01  7.62714967E-02  6.81950420E-04
3.00575221E-01  7.39110783E-02  6.57483586E-04
3.00821897E-01  7.59970620E-02  6.56971242E-04
3.01068574E-01  7.60260001E-02  6.58683071E-04
3.01315250E-01  7.64868557E-02  6.75346120E-04
3.01561926E-01  7.68900588E-02  6.60289836E-04
3.01808603E-01  7.30358735E-02  6.55513839E-04
3.02055279E-01  7.52349570E-02  6.56530145E-04
3.02301956E-01  7.31006116E-02  6.60542923E-04
3.02548632E-01  7.26177394E-02  6.53889496E-04
3.02795308E-01  7.52153769E-02  6.79119199E-04
3.03041985E-01  7.39070624E-02  6.43177424E-04
3.03288661E-01  7.36483857E-02  6.63085666E-04
3.03535338E-01  7.36418888E-02  6.49667112E-04
3.03782014E-01  7.46527463E-02  6.61875471E-04
3.04028691E-01  7.26823062E-02  6.70728099E-04
3.04275367E-01  7.15003610E-02  6.58160308E-04
3.04522043E-01  7.30099306E-02  6.64814725E-04
3.04768720E-01  7.30610341E-02  6.60449907E-04
3.05015396E-01  7.57172927E-02  6.73973700E-04
3.05262073E-01  7.40111992E-02  6.70407200E-04
3.05508749E-01  7.60319009E-02  6.67196175E-04
3.05755426E-01  7.56861418E-02  6.78874552E-04
3.06002102E-01  7.18842372E-02  6.59107813E-04
3.06248778E-01  7.44643509E-02  6.74408511E-04
3.06495455E-01  6.93313032E-02  6.34341850E-04
3.06742131E-01  7.45838955E-02  6.60252932E-04
3.06988808E-01  7.54998028E-02  6.60147809E-04
3.07235484E-01  7.57412836E-02  6.75526506E-04
3.07482160E-01  7.55502433E-02  6.68517954E-04
3.07728837E-01  7.20648617E-02  6.48464600E-04
3.07975513E-01  7.74879605E-02  6.75026502E-04
3.08222190E-01  7.51798972E-02  6.89551700E-04
3.08468866E-01  7.43422657E-02  6.61606842E-04
3.08715543E-01  7.56288320E-02  6.68658176E-04
3.08962219E-01  7.47676864E-02  6.55713142E-04
3.09208895E-01  7.24667907E-02  6.53299096E-04
3.09455572E-01  7.37687498E-02  6.68478257E-04
3.09702248E-01  7.19383061E-02  6.45575288E-04
3.09948925E-01  7.14585483E-02  6.74229988E-04
3.10195601E-01  7.29572773E-02  6.71716116E-04
3.10442278E-01  7.15164542E-02  6.40468614E-04
3.10688954E-01  7.46304914E-02  6.71402842E-04
3.10935630E-01  7.52166957E-02  6.81444595E-04
3.11182307E-01  7.11578280E-02  6.65344298E-04
3.11428983E-01  7.42509738E-02  6.72562979E-04
3.11675660E-01  7.56106451E-02  6.58465200E-04
3.11922336E-01  7.45185092E-02  6.69565459E-04
3.12169013E-01  7.51836672E-02  6.71310234E-04
3.12415689E-01  7.44689330E-02  6.51067297E-04
3.12662365E-01  7.79865980E-02  6.72030845E-04
3.12909042E-01  7.19688460E-02  6.65689935E-04
3.13155718E-01  7.56536052E-02  6.78473385E-04
3.13402395E-01  7.48464093E-02  6.57644239E-04
3.13649071E-01  7.46947601E-02  6.87017804E-04
3.13895747E-01  7.06000179E-02  6.59507350E-04
3.14142424E-01  7.15829432E-02  6.61425060E-04
3.14389100E-01  7.09639490E-02  6.68903813E-04
3.14635777E-01  7.57176057E-02  6.78517099E-04
3.14882453E-01  7.06781819E-02  6.53417141E-04
3.15129130E-01  7.23107457E-02  6.49731315E-04
3.15375806E-01  7.53819570E-02  6.92392641E-04
3.15622482E-01  6.91862553E-02  6.41442894E-04
3.15869159E-01  7.62529075E-02  6.62941195E-04
3.16115835E-01  7.43011683E-02  6.72890572E-04
3.16362512E-01  7.52444342E-02  6.69494097E-04
3.16609188E-01  7.73675218E-02  6.79395685E-04
3.16855865E-01  7.58984014E-02  6.70898007E-04
3.17102541E-01  7.25629255E-02  6.60250837E-04
3.17349217E-01  7.49707446E-02  6.76739379E-04
3.17595894E-01  7.62704685E-02  6.60119927E-04
3.17842570E-01  7.31879696E-02  6.72614144E-04
3.18089247E-01  7.48990551E-02  6.62482285E-04
3.18335923E-01  7.48555139E-02  6.53131341E-04
3.18582599E-01  7.36628398E-02  6.75858639E-04
3.18829276E-01  7.71125108E-02  6.82564161E-04
3.19075952E-01  7.26369098E-02  6.64267573E-04
3.19322629E-01  7.83970952E-02  6.88840810E-04
3.19569305E-01  7.20839500E-02  6.70188339E-04
3.19815982E-01  7.29633123E-02  6.62020699E-04
3.20062658E-01  7.50671998E-02  6.76500320E-04
3.20309334E-01  7.54316524E-02  6.53971510E-04
3.20556011E-01  7.30226114E-02  6.56390679E-04
3.20802687E-01  7.34499842E-02  6.62897655E-04
3.21049364E-01  7.08113909E-02  6.54094620E-04
3.21296040E-01  7.32641071E-02  6.39100850E-04
3.21542717E-01  7.44593218E-02  6.51960203E-04
3.21789393E-01  7.20404983E-02  6.63800689E-04
3.22036069E-01  7.42871016E-02  6.71228801E-04
3.22282746E-01  7.55619556E-02  6.71834627E-04
3.22529422E-01  7.48439431E-02  6.78066455E-04
3.22776099E-01  7.55805895E-02  6.77580771E-04
3.23022775E-01  7.65551701E-02  6.93157373E-04
3.23269452E-01  7.37330467E-02  6.53715688E-04
3.23516128E-01  7.34010637E-02  6.75449381E-04
3.23762804E-01  7.80491158E-02  7.05139711E-04
3.24009481E-01  7.54832476E-02  6.63051323E-04
3.24256157E-01  7.57532641E-02  6.83924765E-04
3.24502834E-01  7.15983436E-02  6.59364741E-04
3.24749510E-01  7.64116272E-02  6.78795390E-04
3.24996186E-01  7.61420429E-02  6.92069239E-04
3.25242863E-01  7.38445818E-02  6.54451840E-04
3.25489539E-01  7.54990280E-02  6.62650389E-04
3.25736216E-01  7.53586143E-02  6.84020051E-04
3.25982892E-01  7.29075000E-02  6.59639132E-04
3.26229569E-01  7.02978149E-02  6.68313820E-04
3.26476245E-01  7.62521699E-02  6.87748310E-04
3.26722921E-01  7.35595673E-02  6.65842672E-04
3.26969598E-01  7.37053156E-02  6.63451618E-04
3.27216274E-01  7.37698376E-02  6.86993881E-04
3.27462951E-01  7.70442635E-02  6.76854863E-04
3.27709627E-01  7.91536197E-02  6.94773626E-04
3.27956304E-01  7.36823380E-02  6.59241807E-04
3.28202980E-01  7.64216259E-02  6.83772145E-04
3.28449656E-01  7.51643255E-02  6.65825210E-04
3.28696333E-01  7.51951709E-02  6.56188349E-04
3.28943009E-01  7.76766390E-02  6.66166830E-04
3.29189686E-01  7.61391670E-02  6.83558930E-04
3.29436362E-01  7.70004019E-02  6.80382422E-04
3.29683039E-01  7.25808665E-02  6.59015903E-04
3.29929715E-01  7.64758512E-02  6.71773392E-04
3.30176391E-01  7.56264403E-02  6.62075588E-04
3.30423068E-01  7.42591843E-02  6.97972544E-04
3.30669744E-01  7.71219656E-02  6.79911813E-04
3.30916421E-01  7.70422667E-02  6.99170108E-04
3.31163097E-01  7.66501203E-02  6.85586012E-04
3.31409773E-01  7.63558149E-02  6.88497443E-04
3.31656450E-01  7.94870779E-02  6.79352612E-04
3.31903126E-01  7.65938312E-02  6.88929751E-04
3.32149803E-01  7.17386231E-02  6.60386169E-04
3.32396479E-01  7.71805421E-02  6.84001599E-04
3.32643156E-01  7.34093711E-02  6.65376079E-04
3.32889832E-01  7.36154020E-02  6.72587194E-04
3.33136508E-01  7.67080784E-02  6.93521637E-04
3.33383185E-01  7.35486746E-02  6.75446470E-04
3.33629861E-01  7.53156543E-02  6.87655353E-04
3.33876538E-01  7.41599053E-02  6.59862242E-04
3.34123214E-01  7.56947473E-02  6.63630432E-04
3.34369891E-01  7.68059790E-02  6.96554489E-04
3.34616567E-01  7.38736317E-02  6.75282499E-04
3.34863243E-01  7.36988932E-02  6.59247744E-04
3.35109920E-01  7.67859966E-02  6.96040224E-04
3.35356596E-01  7.90999681E-02  7.05183134E-04
3.35603273E-01  7.48975724E-02  6.59707934E-04
3.35849949E-01  7.99919516E-02  7.02225312E-04
3.36096625E-01  7.47772977E-02  6.67853747E-04
3.36343302E-01  7.68057629E-02  6.79321296E-04
3.36589978E-01  7.50197023E-02  6.74348674E-04
3.36836655E-01  7.76543468E-02  7.03640573E-04
3.37083331E-01  7.54255652E-02  6.94051734E-04
3.37330008E-01  7.76933953E-02  6.72844239E-04
3.37576684E-01  7.69334063E-02  6.95027877E-04
3.37823360E-01  7.67690614E-02  6.87825552E-04
3.38070037E-01  7.52245784E-02  6.63578394E-04
3.38316713E-01  7.82246739E-02  6.82215206E-04
3.38563390E-01  7.45039880E-02  6.74934476E-04
3.38810066E-01  7.79073164E-02  7.04462000E-04
3.39056743E-01  7.88968429E-02  7.04612583E-04
3.39303419E-01  7.70206824E-02  6.78682700E-04
3.39550095E-01  7.54466355E-02  6.69284665E-04
3.39796772E-01  7.40457028E-02  6.95082301E-04
3.40043448E-01  7.69413486E-02  6.94407907E-04
3.40290125E-01  7.77156129E-02  7.07786356E-04
3.40536801E-01  7.37231895E-02  6.79282821E-04
3.40783478E-01  7.50530437E-02  6.80317229E-04
3.41030154E-01  7.49156848E-02  6.73381553E-04
3.41276830E-01  7.72438571E-02  6.80930039E-04
3.41523507E-01  7.60265142E-02  6.97905954E-04
3.41770183E-01  7.37703219E-02  6.71259884E-04
3.42016860E-01  7.87009820E-02  7.15159287E-04
3.42263536E-01  7.52116963E-02  6.80750411E-04
3.42510212E-01  7.50571191E-02  6.72119786E-04
3.42756889E-01  7.31441975E-02  6.61926984E-04
3.43003565E-01  7.59300366E-02  6.84658182E-04
3.43250242E-01  7.72736073E-02  6.69202534E-04
3.43496918E-01  7.53212869E-02  6.84389379E-04
3.43743595E-01  7.69892707E-02  6.67022367E-04
3.43990271E-01  7.20857233E-02  6.34910422E-04
3.44236947E-01  7.47855753E-02  6.53883850E-04
3.44483624E-01  7.63609856E-02  6.90888846E-04
3.44730300E-01  7.35624284E-02  6.61369530E-04
3.44976977E-01  7.66174793E-02  6.78583048E-04
3.45223653E-01  7.53343329E-02  6.78726239E-04
3.45470330E-01  7.36537948E-02  6.59867364E-04
3.45717006E-01  7.47130737E-02  6.67039014E-04
3.45963682E-01  7.54404515E-02  6.76263822E-04
3.46210359E-01  7.30071589E-02  6.54879841E-04
3.46457035E-01  7.39286244E-02  6.61039376E-04
3.46703712E-01  7.25905597E-02  6.61863189E-04
3.46950388E-01  7.28982836E-02  6.73313159E-04
3.47197064E-01  7.83995911E-02  7.02153135E-04
3.47443741E-01  7.46658817E-02  6.67579996E-04
3.47690417E-01  7.28300437E-02  6.59737794E-04
3.47937094E-01  7.68986121E-02  6.87068619E-04
3.48183770E-01  7.41663054E-02  6.77753182E-04
3.48430447E-01  7.45391771E-02  6.65200350E-04
3.48677123E-01  7.54908025E-02  6.70085312E-04
3.48923799E-01  7.33914822E-02  6.60592457E-04
3.49170476E-01  7.74478018E-02  6.86292129E-04
3.49417152E-01  7.14978948E-02  6.37928897E-04
3.49663829E-01  7.27068558E-02  6.75485469E-04
3.49910505E-01  7.58423507E-02  6.80870959E-04
3.50157182E-01  7.54793212E-02  6.90105313E-04
3.50403858E-01  7.30579048E-02  6.58632896E-04
3.50650534E-01  7.53093362E-02  6.62289909E-04
3.50897211E-01  7.45364800E-02  6.59271958E-04
3.51143887E-01  7.19084591E-02  6.59857295E-04
3.51390564E-01  7.42241070E-02  6.63656159E-04
3.51637240E-01  7.61111379E-02  6.83263061E-04
3.51883917E-01  7.54246488E-02  6.87159831E-04
3.52130593E-01  6.95195869E-02  6.33167743E-04
3.52377269E-01  7.39455223E-02  6.63625193E-04
3.52623946E-01  7.42220581E-02  6.62545674E-04
3.52870622E-01  7.23872557E-02  6.52027316E-04
3.53117299E-01  7.61230588E-02  6.71073620E-04
3.53363975E-01  7.31492639E-02  6.76467142E-04
3.53610651E-01  7.15047643E-02  6.79436314E-04
3.53857328E-01  7.26883337E-02  6.84189145E-04
3.54104004E-01  7.24262893E-02  6.57343888E-04
3.54350681E-01  7.21818134E-02  6.46099041E-04
3.54597357E-01  7.04896301E-02  6.50848961E-04
3.54844034E-01  7.20098019E-02  6.71568094E-04
3.55090710E-01  7.58513585E-02  6.83082268E-04
3.55337386E-01  7.18613192E-02  6.58049190E-04
3.55584063E-01  7.19514787E-02  6.60977210E-04
3.55830739E-01  7.15071261E-02  6.59099082E-04
3.56077416E-01  7.24704042E-02  6.63065410E-04
3.56324092E-01  6.90625906E-02  6.72818860E-04
3.56570769E-01  7.12707192E-02  6.50991977E-04
3.56817445E-01  7.12486804E-02  6.69021916E-04
3.57064121E-01  7.22839162E-02  6.56535034E-04
3.57310798E-01  7.03319758E-02  6.53802243E-04
3.57557474E-01  7.35207945E-02  6.72297494E-04
3.57804151E-01  7.02397525E-02  6.57786091E-04
3.58050827E-01  7.06029236E-02  6.60053804E-04
3.58297503E-01  7.31675997E-02  6.57551747E-04
3.58544180E-01  7.34267384E-02  6.63728220E-04
3.58790856E-01  7.05134422E-02  6.60820806E-04
3.59037533E-01  6.95564076E-02  6.45023654E-04
3.59284209E-01  6.94415346E-02  6.47778157E-04
3.59530886E-01  6.97063357E-02  6.45299733E-04
3.59777562E-01  7.36691132E-02  6.65612635E-04
3.60024238E-01  6.58315569E-02  6.50001923E-04
3.60270915E-01  6.90366775E-02  6.52039249E-04
3.60517591E-01  7.11897165E-02  6.51401060E-04
3.60764268E-01  6.92887679E-02  6.54296251E-04
3.61010944E-01  6.75891489E-02  6.43478008E-04
3.61257621E-01  7.03646988E-02  6.60253980E-04
3.61504297E-01  6.87526092E-02  6.59919111E-04
3.61750973E-01  6.53859526E-02  6.44094020E-04
3.61997650E-01  6.49360791E-02  6.18889288E-04
3.62244326E-01  6.90865219E-02  6.41649647E-04
3.62491003E-01  7.26166442E-02  6.71361457E-04
3.62737679E-01  7.09830225E-02  6.62184961E-04
3.62984356E-01  6.66539595E-02  6.25003886E-04
3.63231032E-01  6.76690489E-02  6.40737533E-04
3.63477708E-01  6.86343908E-02  6.31990784E-04
3.63724385E-01  7.11030215E-02  6.66193140E-04
3.63971061E-01  6.78738803E-02  6.47320529E-04
3.64217738E-01  7.05298558E-02  6.55817741E-04
3.64464414E-01  7.03076944E-02  6.52857940E-04
3.64711090E-01  6.78429902E-02  6.37982739E-04
3.64957767E-01  6.76877499E-02  6.32407086E-04
3.65204443E-01  6.76066279E-02  6.26273046E-04
3.65451120E-01  7.05219582E-02  6.66290813E-04
3.65697796E-01  6.85253888E-02  6.39164646E-04
3.65944473E-01  6.46111518E-02  6.15969300E-04
3.66191149E-01  6.80579618E-02  6.33051444E-04
3.66437825E-01  6.67661503E-02  6.27060479E-04
3.66684502E-01  7.15383962E-02  6.59320853E-04
3.66931178E-01  6.70045465E-02  6.23077096E-04
3.67177855E-01  7.12105110E-02  6.55789045E-04
3.67424531E-01  7.00559616E-02  6.39825186E-04
3.67671208E-01  6.98630735E-02  6.74496056E-04
3.67917884E-01  6.96874633E-02  6.58675795E-04
3.68164560E-01  6.84711412E-02  6.48266345E-04
3.68411237E-01  6.60382137E-02  6.40057959E-04
3.68657913E-01  6.75055236E-02  6.31315692E-04
3.68904590E-01  7.04018250E-02  6.51011302E-04
3.69151266E-01  6.94008246E-02  6.34815311E-04
3.69397943E-01  6.98235258E-02  6.27598318E-04
3.69644619E-01  6.83634132E-02  6.34242315E-04
3.69891295E-01  6.78592846E-02  6.51771901E-04
3.70137972E-01  6.99052289E-02  6.46369474E-04
3.70384648E-01  7.00347275E-02  6.35644072E-04
3.70631325E-01  6.52015805E-02  6.38657541E-04
3.70878001E-01  6.50023222E-02  6.11899188E-04
3.71124677E-01  6.87034130E-02  6.43341395E-04
3.71371354E-01  6.80115372E-02  6.54271222E-04
3.71618030E-01  6.66993335E-02  6.30892580E-04
3.71864707E-01  6.90981001E-02  6.25417917E-04
3.72111383E-01  6.80083111E-02  6.55427866E-04
3.72358060E-01  6.61516860E-02  6.25747198E-04
3.72604736E-01  6.52299747E-02  6.40529266E-04
3.72851412E-01  6.76509514E-02  6.47631416E-04
3.73098089E-01  7.34566003E-02  7.00840086E-04
3.73344765E-01  6.78947568E-02  6.29146583E-04
3.73591442E-01  6.89501390E-02  6.50668400E-04
3.73838118E-01  6.87804222E-02  6.41053368E-04
3.74084795E-01  7.03402460E-02  6.33863267E-04
3.74331471E-01  6.83266819E-02  6.37863181E-04
3.74578147E-01  6.64973408E-02  6.40604936E-04
3.74824824E-01  6.79466575E-02  6.18207792E-04
3.75071500E-01  6.78146854E-02  6.50298898E-04
3.75318177E-01  6.78152591E-02  6.27547328E-04
3.75564853E-01  6.92287236E-02  6.47371693E-04
3.75811529E-01  6.61857426E-02  6.32010167E-04
3.76058206E-01  6.92252442E-02  6.53539435E-04
3.76304882E-01  6.75685853E-02  6.31147763E-04
3.76551559E-01  6.83534369E-02  6.56258024E-04
3.76798235E-01  6.63287789E-02  6.23197644E-04
3.77044912E-01  6.72704354E-02  6.32857205E-04
3.77291588E-01  6.67681247E-02  6.18993945E-04
3.77538264E-01  6.73567802E-02  6.29396352E-04
3.77784941E-01  6.93501085E-02  6.42866013E-04
3.78031617E-01  6.74308985E-02  6.37388788E-04
3.78278294E-01  6.96327463E-02  6.63305342E-04
3.78524970E-01  6.92311004E-02  6.32181589E-04
3.78771647E-01  6.89144805E-02  6.41230436E-04
3.79018323E-01  6.72200769E-02  6.48761459E-04
3.79264999E-01  6.83811530E-02  6.35130738E-04
3.79511676E-01  6.63881525E-02  6.39144331E-04
3.79758352E-01  6.97354674E-02  6.40854531E-04
3.80005029E-01  6.91016689E-02  6.28206879E-04
3.80251705E-01  6.71247095E-02  6.16391422E-04
3.80498382E-01  6.56670406E-02  6.19845814E-04
3.80745058E-01  6.70375302E-02  6.37821620E-04
3.80991734E-01  6.57655969E-02  6.37373247E-04
3.81238411E-01  6.85325414E-02  6.72340684E-04
3.81485087E-01  6.49133101E-02  6.44231506E-04
3.81731764E-01  6.71824142E-02  6.39900216E-04
3.81978440E-01  6.31954074E-02  6.39235543E-04
3.82225116E-01  6.45463094E-02  6.50889706E-04
3.82471793E-01  6.79258481E-02  6.88372878E-04
3.82718469E-01  6.30846620E-02  6.41037070E-04
3.82965146E-01  6.73587546E-02  6.93634967E-04
3.83211822E-01  6.56041205E-02  7.03892438E-04
3.83458499E-01  6.98066056E-02  6.80684112E-04
3.83705175E-01  6.68567866E-02  6.90313696E-04
3.83951851E-01  6.66412786E-02  6.98148389E-04
3.84198528E-01  6.72276467E-02  6.94992603E-04
3.84445204E-01  6.69010803E-02  7.07662606E-04
3.84691881E-01  6.53236285E-02  6.74659444E-04
3.84938557E-01  6.64680004E-02  6.83413004E-04
3.85185234E-01  6.51848167E-02  7.12243200E-04
3.85431910E-01  6.81090876E-02  7.15042988E-04
3.85678586E-01  6.91845044E-02  7.36860908E-04
3.85925263E-01  6.63750321E-02  7.22795492E-04
3.86171939E-01  6.61153346E-02  7.34141620E-04
3.86418616E-01  6.60599545E-02  7.23992824E-04
3.86665292E-01  6.51314259E-02  7.26595579E-04
3.86911968E-01  6.81568161E-02  7.57636153E-04
3.87158645E-01  6.87350035E-02  7.60516734E-04
3.87405321E-01  6.30676746E-02  7.21880177E-04
3.87651998E-01  6.44945577E-02  7.43135228E-04
3.87898674E-01  6.89909309E-02  7.31481297E-04
3.88145351E-01  6.80516809E-02  7.53943052E-04
3.88392027E-01  6.57776818E-02  7.19084288E-04
3.88638703E-01  6.52251914E-02  7.32629793E-04
3.88885380E-01  6.44873828E-02  7.17817747E-04
3.89132056E-01  6.54898658E-02  7.45588972E-04
3.89378733E-01  6.59030378E-02  7.46504287E-04
3.89625409E-01  7.06602708E-02  7.66953104E-04
3.89872086E-01  6.51004463E-02  7.31559703E-04
3.90118762E-01  6.82912245E-02  7.59200368E-04
3.90365438E-01  7.15779811E-02  7.48400285E-04
3.90612115E-01  6.79282099E-02  7.09412911E-04
3.90858791E-01  6.61195740E-02  7.44821678E-04
3.91105468E-01  6.87478855E-02  7.33657682E-04
3.91352144E-01  7.07898438E-02  7.52987165E-04
3.91598821E-01  6.89856037E-02  7.39679439E-04
3.91845497E-01  7.07364827E-02  7.12221838E-04
3.92092173E-01  6.93569481E-02  7.35082780E-04
3.92338850E-01  6.56275079E-02  7.04870443E-04
3.92585526E-01  6.60538897E-02  6.88120024E-04
3.92832203E-01  6.81680664E-02  7.08117266E-04
3.93078879E-01  6.85455129E-02  7.03162339E-04
3.93325555E-01  6.62436709E-02  7.04713631E-04
3.93572232E-01  6.84736446E-02  6.92745962E-04
3.93818908E-01  6.87518790E-02  7.07397063E-04
3.94065585E-01  6.58346638E-02  6.93309179E-04
3.94312261E-01  6.60344586E-02  6.77743752E-04
3.94558938E-01  6.82082772E-02  7.08773790E-04
3.94805614E-01  6.42799512E-02  6.67175802E-04
3.95052290E-01  6.42447621E-02  6.77255739E-04
3.95298967E-01  6.77717924E-02  7.08642066E-04
3.95545643E-01  6.59514144E-02  6.86904415E-04
3.95792320E-01  7.18388557E-02  7.28027895E-04
3.96038996E-01  6.76705316E-02  6.80529280E-04
3.96285673E-01  6.55989274E-02  6.69436762E-04
3.96532349E-01  6.38115704E-02  6.73031551E-04
3.96779025E-01  6.82169572E-02  7.13979010E-04
3.97025702E-01  6.61974251E-02  7.02319143E-04
3.97272378E-01  6.78649843E-02  7.03383528E-04
3.97519055E-01  6.93674609E-02  6.80243887E-04
3.97765731E-01  6.64500371E-02  6.68050896E-04
3.98012407E-01  6.73256442E-02  6.90586923E-04
3.98259084E-01  6.73149228E-02  6.83072140E-04
3.98505760E-01  6.92818761E-02  6.95225084E-04
3.98752437E-01  6.99520186E-02  6.83783495E-04
3.98999113E-01  7.09098205E-02  7.25594931E-04
3.99245790E-01  6.62945360E-02  6.65290630E-04
3.99492466E-01  6.37833700E-02  6.62608654E-04
3.99739142E-01  6.81712329E-02  6.85747887E-04
3.99985819E-01  7.19843730E-02  7.15240138E-04
4.00232495E-01  6.87431693E-02  6.81358040E-04
4.00479172E-01  6.78573325E-02  6.80821016E-04
4.00725848E-01  6.37326613E-02  6.52686402E-04
4.00972525E-01  6.96695447E-02  7.07164814E-04
4.01219201E-01  6.80085644E-02  7.05984712E-04
4.01465877E-01  7.13973120E-02  7.06041232E-04
4.01712554E-01  6.90882280E-02  7.12303387E-04
4.01959230E-01  6.94753602E-02  6.96509669E-04
4.02205907E-01  6.56328648E-02  6.80173573E-04
4.02452583E-01  6.83805868E-02  6.67549728E-04
4.02699260E-01  6.67708665E-02  6.73240458E-04
4.02945936E-01  6.64424747E-02  6.94820541E-04
4.03192612E-01  6.61634877E-02  6.65987260E-04
4.03439289E-01  6.54685497E-02  6.78979151E-04
4.03685965E-01  6.68057874E-02  6.95668045E-04
4.03932642E-01  6.98569864E-02  6.92766625E-04
4.04179318E-01  6.87162802E-02  6.92478439E-04
4.04425994E-01  6.74802437E-02  6.81480451E-04
4.04672671E-01  6.47496507E-02  6.75937801E-04
4.04919347E-01  6.55014142E-02  6.84209925E-04
4.05166024E-01  6.75372034E-02  6.84817613E-04
4.05412700E-01  6.77931160E-02  6.69268542E-04
4.05659377E-01  6.46466389E-02  6.44507294E-04
4.05906053E-01  6.36713430E-02  6.47367211E-04
4.06152729E-01  6.73741028E-02  6.84534607E-04
4.06399406E-01  6.78574443E-02  6.74438197E-04
4.06646082E-01  6.60704225E-02  6.81754551E-04
4.06892759E-01  6.74809217E-02  6.85403182E-04
4.07139435E-01  6.77323863E-02  6.77286647E-04
4.07386112E-01  6.75956383E-02  6.82148384E-04
4.07632788E-01  6.75754547E-02  6.74899260E-04
4.07879464E-01  6.60355315E-02  6.68917433E-04
4.08126141E-01  6.64160401E-02  6.61610975E-04
4.08372817E-01  6.89613223E-02  6.76227151E-04
4.08619494E-01  6.41391203E-02  6.63651212E-04
4.08866170E-01  6.65391088E-02  6.88993314E-04
4.09112847E-01  6.37738109E-02  6.46445027E-04
4.09359523E-01  6.84763193E-02  6.81519741E-04
4.09606199E-01  6.95861280E-02  6.93341950E-04
4.09852876E-01  6.11548834E-02  6.53899508E-04
4.10099552E-01  6.47831112E-02  6.70473848E-04
4.10346229E-01  7.06606582E-02  7.01260578E-04
4.10592905E-01  6.60711378E-02  6.51223934E-04
4.10839581E-01  6.71703070E-02  6.54825300E-04
4.11086258E-01  6.69292435E-02  6.73146395E-04
4.11332934E-01  7.04781711E-02  6.96568401E-04
4.11579611E-01  6.43668398E-02  6.39735605E-04
4.11826287E-01  6.69393986E-02  6.61013881E-04
4.12072964E-01  6.64476976E-02  6.70683454E-04
4.12319640E-01  6.77093342E-02  6.78353710E-04
4.12566316E-01  6.68034628E-02  6.55602373E-04
4.12812993E-01  6.46965429E-02  6.53672148E-04
4.13059669E-01  6.66401088E-02  6.71065063E-04
4.13306346E-01  6.58335760E-02  6.66082837E-04
4.13553022E-01  6.83611259E-02  6.65142317E-04
4.13799699E-01  6.88280240E-02  6.78516226E-04
4.14046375E-01  6.67879805E-02  6.68858294E-04
4.14293051E-01  6.80185705E-02  6.88352506E-04
4.14539728E-01  6.48846328E-02  6.76979718E-04
4.14786404E-01  7.01278448E-02  6.88728178E-04
4.15033081E-01  6.85389489E-02  6.75640709E-04
4.15279757E-01  6.76899478E-02  6.62006612E-04
4.15526433E-01  6.83521256E-02  6.63518149E-04
4.15773110E-01  6.65850043E-02  6.72354014E-04
4.16019786E-01  6.68924674E-02  6.66665379E-04
4.16266463E-01  7.01871738E-02  6.77439035E-04
4.16513139E-01  6.70845956E-02  6.69246714E-04
4.16759816E-01  6.87476844E-02  6.81536796E-04
4.17006492E-01  6.56141490E-02  6.65165484E-04
4.17253168E-01  6.87807128E-02  6.89754263E-04
4.17499845E-01  6.43103421E-02  6.41905004E-04
4.17746521E-01  6.54683858E-02  6.69142057E-04
4.17993198E-01  6.75257966E-02  6.72735914E-04
4.18239874E-01  6.88072443E-02  6.97420910E-04
4.18486551E-01  6.58336133E-02  6.48591900E-04
4.18733227E-01  6.65396824E-02  6.75751886E-04
4.18979903E-01  6.97672144E-02  6.80519675E-04
4.19226580E-01  7.09843114E-02  6.82027428E-04
4.19473256E-01  6.52784705E-02  6.60891179E-04
4.19719933E-01  6.60421327E-02  6.67790009E-04
4.19966609E-01  6.72896802E-02  6.64816063E-04
4.20213286E-01  6.60880804E-02  6.67979883E-04
4.20459962E-01  6.95972070E-02  6.78418495E-04
4.20706638E-01  7.37325475E-02  7.11952918E-04
4.20953315E-01  6.58344030E-02  6.75541640E-04
4.21199991E-01  6.69738278E-02  6.61340018E-04
4.21446668E-01  6.68239444E-02  6.83568418E-04
4.21693344E-01  6.75826073E-02  6.71091140E-04
4.21940020E-01  6.69919550E-02  6.69284025E-04
4.22186697E-01  6.97017759E-02  7.15066679E-04
4.22433373E-01  6.46828040E-02  6.65102736E-04
4.22680050E-01  6.85151666E-02  6.85807317E-04
4.22926726E-01  6.79005980E-02  6.76501833E-04
4.23173403E-01  6.64840043E-02  6.40568673E-04
4.23420079E-01  6.62910566E-02  6.51239185E-04
4.23666755E-01  6.81186542E-02  6.79259829E-04
4.23913432E-01  6.70297891E-02  6.62087172E-04
4.24160108E-01  6.48446307E-02  6.58571429E-04
4.24406785E-01  6.71875402E-02  6.95027993E-04
4.24653461E-01  6.82271793E-02  6.64916588E-04
4.24900138E-01  6.68852553E-02  6.84237399E-04
4.25146814E-01  6.59807846E-02  6.50956237E-04
4.25393490E-01  6.80225268E-02  6.86823332E-04
4.25640167E-01  6.63849711E-02  6.50375907E-04
4.25886843E-01  6.48460388E-02  6.47125416E-04
4.26133520E-01  6.49861172E-02  6.51402224E-04
4.26380196E-01  6.59518763E-02  6.48654997E-04
4.26626872E-01  6.71194568E-02  6.67839893E-04
4.26873549E-01  6.68244585E-02  6.85125939E-04
4.27120225E-01  6.68577850E-02  6.58340461E-04
4.27366902E-01  6.57313392E-02  6.60013466E-04
4.27613578E-01  6.66543171E-02  6.71036134E-04
4.27860255E-01  6.83306977E-02  6.84261904E-04
4.28106931E-01  6.69516772E-02  6.80643134E-04
4.28353607E-01  6.63845018E-02  6.71124784E-04
4.28600284E-01  6.88130111E-02  6.95154944E-04
4.28846960E-01  6.83729574E-02  6.63629966E-04
4.29093637E-01  6.65553585E-02  6.54562260E-04
4.29340313E-01  6.63495511E-02  6.76615979E-04
4.29586990E-01  6.81042895E-02  6.81309320E-04
4.29833666E-01  6.51499182E-02  6.68789784E-04
4.30080342E-01  6.73651770E-02  6.77863427E-04
4.30327019E-01  6.55714795E-02  6.60821272E-04
4.30573695E-01  6.61688745E-02  6.83007471E-04
4.30820372E-01  6.62509799E-02  6.55186828E-04
4.31067048E-01  6.80527911E-02  6.68982451E-04
4.31313725E-01  6.70412853E-02  6.67022832E-04
4.31560401E-01  6.54907227E-02  6.67014683E-04
4.31807077E-01  6.64718673E-02  6.66968175E-04
4.32053754E-01  6.54567629E-02  6.72050519E-04
4.32300430E-01  6.84212968E-02  6.73030794E-04
4.32547107E-01  6.33132830E-02  6.43931038E-04
4.32793783E-01  6.81010336E-02  6.72138238E-04
4.33040459E-01  6.87915012E-02  6.88391156E-04
4.33287136E-01  6.64247051E-02  6.58815436E-04
4.33533812E-01  6.95236996E-02  6.79117977E-04
4.33780489E-01  6.65504336E-02  6.63877814E-04
4.34027165E-01  6.79546446E-02  6.78970362E-04
4.34273842E-01  6.89876899E-02  6.83695311E-04
4.34520518E-01  6.69021085E-02  6.84834376E-04
4.34767194E-01  6.75080866E-02  6.71475660E-04
4.35013871E-01  6.87297434E-02  6.65187079E-04
4.35260547E-01  6.85157999E-02  6.77204516E-04
4.35507224E-01  6.64275512E-02  6.60129532E-04
4.35753900E-01  6.67478517E-02  6.78204757E-04
4.36000577E-01  6.51471764E-02  6.41485676E-04
4.36247253E-01  6.78696558E-02  6.84595027E-04
4.36493929E-01  6.35550767E-02  6.47734618E-04
4.36740606E-01  6.76938444E-02  6.81606587E-04
4.36987282E-01  6.90319091E-02  6.75890304E-04
4.37233959E-01  6.29598871E-02  6.37070509E-04
4.37480635E-01  6.65332377E-02  6.53784431E-04
4.37727311E-01  6.86517209E-02  6.87534048E-04
4.37973988E-01  6.65153563E-02  6.77356089E-04
4.38220664E-01  6.63259178E-02  6.64865831E-04
4.38467341E-01  6.59200102E-02  6.68067951E-04
4.38714017E-01  6.53776303E-02  6.70432055E-04
4.38960694E-01  6.54914826E-02  6.43439475E-04
4.39207370E-01  6.77051917E-02  6.52240124E-04
4.39454046E-01  6.90318495E-02  6.90599787E-04
4.39700723E-01  6.47807866E-02  6.57141383E-04
4.39947399E-01  6.94268569E-02  6.82445068E-04
4.40194076E-01  7.02374130E-02  6.71889400E-04
4.40440752E-01  6.59931377E-02  6.65697386E-04
4.40687429E-01  6.73142821E-02  6.88760658E-04
4.40934105E-01  6.81281611E-02  6.75201009E-04
4.41180781E-01  6.49589524E-02  6.59603334E-04
4.41427458E-01  6.83419332E-02  6.90063811E-04
4.41674134E-01  6.71673045E-02  6.76795316E-04
4.41920811E-01  6.84518516E-02  6.87993132E-04
4.42167487E-01  6.48513660E-02  6.59802172E-04
4.42414164E-01  6.84638247E-02  6.81989943E-04
4.42660840E-01  6.85267746E-02  6.82501821E-04
4.42907516E-01  6.99473694E-02  6.77337579E-04
4.43154193E-01  6.29874691E-02  6.49491267E-04
4.43400869E-01  6.81279972E-02  6.85832638E-04
4.43647546E-01  6.74189478E-02  6.89076318E-04
4.43894222E-01  6.48317710E-02  6.63057901E-04
4.44140898E-01  6.79259598E-02  6.72398659E-04
4.44387575E-01  6.78485781E-02  6.72833470E-04
4.44634251E-01  6.70769811E-02  6.73530216E-04
4.44880928E-01  7.06384107E-02  6.76125637E-04
4.45127604E-01  6.45974576E-02  6.64713036E-04
4.45374281E-01  6.66878074E-02  6.71230955E-04
4.45620957E-01  6.46818429E-02  6.64438470E-04
4.45867633E-01  6.38904870E-02  6.56473974E-04
4.46114310E-01  6.34181350E-02  6.40356040E-04
4.46360986E-01  6.55604824E-02  6.72405818E-04
4.46607663E-01  6.94007576E-02  6.91499386E-04
4.46854339E-01  6.49235025E-02  6.65845058E-04
4.47101016E-01  6.72873408E-02  6.64280844E-04
4.47347692E-01  7.12939128E-02  6.90442452E-04
4.47594368E-01  6.91022277E-02  6.74520968E-04
4.47841045E-01  6.74794391E-02  6.81910780E-04
4.48087721E-01  6.50250390E-02  6.63798652E-04
4.48334398E-01  7.01450929E-02  6.76782976E-04
4.48581074E-01  6.70639277E-02  6.63361512E-04
4.48827751E-01  6.75985888E-02  6.72809896E-04
4.49074427E-01  6.92021325E-02  7.06858118E-04
4.49321103E-01  6.60171509E-02  6.58593315E-04
4.49567780E-01  6.69928938E-02  6.51410199E-04
4.49814456E-01  6.44009933E-02  6.59016485E-04
4.50061133E-01  6.45790845E-02  6.44647575E-04
4.50307809E-01  6.73932657E-02  6.72408030E-04
4.50554485E-01  6.66125789E-02  6.59747922E-04
4.50801162E-01  6.48718625E-02  6.54370524E-04
4.51047838E-01  6.60968348E-02  6.80445810E-04
4.51294515E-01  6.96440488E-02  6.77592878E-04
4.51541191E-01  6.77919313E-02  6.75408577E-04
4.51787868E-01  6.56033158E-02  6.67202577E-04
4.52034544E-01  6.55758753E-02  6.57737895E-04
4.52281220E-01  6.82358816E-02  6.69788511E-04
4.52527897E-01  6.78449348E-02  6.72779919E-04
4.52774573E-01  6.44291714E-02  6.40410930E-04
4.53021250E-01  6.70840442E-02  6.48810528E-04
4.53267926E-01  6.48208484E-02  6.38812780E-04
4.53514603E-01  6.75328299E-02  6.43440755E-04
4.53761279E-01  6.55398741E-02  6.57819444E-04
4.54007955E-01  6.72978014E-02  6.57746568E-04
4.54254632E-01  6.83757439E-02  6.65826607E-04
4.54501308E-01  6.78386837E-02  6.71165762E-04
4.54747985E-01  6.59860745E-02  6.39498234E-04
4.54994661E-01  6.96857572E-02  6.70096022E-04
4.55241337E-01  6.84539899E-02  6.69906731E-04
4.55488014E-01  6.60248324E-02  6.50084694E-04
4.55734690E-01  6.92109913E-02  6.73808507E-04
4.55981367E-01  6.94150329E-02  6.76054624E-04
4.56228043E-01  6.38665780E-02  6.53266034E-04
4.56474720E-01  6.81845471E-02  6.40272920E-04
4.56721396E-01  6.93257600E-02  6.69370405E-04
4.56968072E-01  6.71283901E-02  6.34834054E-04
4.57214749E-01  6.37128875E-02  6.51691400E-04
4.57461425E-01  6.66635931E-02  6.44600659E-04
4.57708102E-01  6.49478585E-02  6.46091765E-04
4.57954778E-01  7.01244771E-02  6.71771064E-04
4.58201455E-01  6.69877455E-02  6.61826052E-04


### HEADER:
#
#{
#    "analysis": {},
#    "calibration_params": {
#        "Beam_Center_X": 1092.0,
#        "Beam_Center_Y": 2091.0,
#        "Detector Tilt": 0.0,
#        "Detector Tilt Plane Rotation": 0.0,
#        "Detector_X_Pixel_Size": 75.0,
#        "Detector_Y_Pixel_Size": 75.0,
#        "Integration Method": "nosplit_csr",
#        "Radial_Average_Method": "pyFAI",
#        "Sample-to-detector distance (mm)": 1731.0,
#        "Wavelength (A)": 1.0993212460550197
#    },
#    "config_file": "/mnt/home/chess_id7a/.RAW/backup.cfg",
#    "counters": {
#        "Epoch": "177.974",
#        "I1": "0",
#        "I2": "0",
#        "I3": "0",
#        "Seconds": "0.3",
#        "date": "Sat May 18 09:36:45 2024",
#        "diode": "14328",
#        "hpz": "0.29998007"
#    },
#    "filename": "D1M0015_85C_000MPa_up_4_data_000004_00004.h5",
#    "history": {},
#    "imageHeader": {},
#    "load_path": "/nfs/chess/daq/current/id7a/Budin_05_16_24/D1M0015/D1M0015_85C_000MPa_up_4_data_000004.h5",
#    "normalizations": {
#        "Absolute_scale": {
#            "Absolute_scale_factor": 0.01111656324368444,
#            "Method": "Water"
#        },
#        "Counter_norms": [
#            [
#                "/",
#                "diode/150000"
#            ]
#        ],
#        "Polarization": {
#            "Used": false
#        },
#        "Solid_Angle_Correction": "On"
#    },
#    "raw_version": "2.1.4"
#}

