### DATA:
#
# 1823
#      Q             I(Q)           Error     
8.75701299E-03  5.66258747E-03  6.66212058E-04
9.00368942E-03  1.73023529E-02  1.13153167E-03
9.25036584E-03  1.78550128E-02  1.06230110E-03
9.49704226E-03  1.88753027E-02  1.13453774E-03
9.74371868E-03  2.46665943E-02  1.06702081E-03
9.99039511E-03  3.30317952E-02  1.51348964E-03
1.02370715E-02  3.26028168E-02  1.51119847E-03
1.04837480E-02  4.56411429E-02  1.76192936E-03
1.07304244E-02  5.41505218E-02  2.38640839E-03
1.09771008E-02  6.41466230E-02  2.95651332E-03
1.12237772E-02  1.00275211E-01  4.02971078E-03
1.14704536E-02  1.10106140E-01  5.35655953E-03
1.17171301E-02  2.01861322E-01  9.80026275E-03
1.19638065E-02  2.58616775E-01  1.29708536E-02
1.22104829E-02  4.39340115E-01  2.23209057E-02
1.24571593E-02  3.45655022E+01  2.29310131E+00
1.27038358E-02  6.51513062E+01  4.24641752E+00
1.29505122E-02  7.92288132E+01  4.42352057E+00
1.31971886E-02  6.00125923E+01  3.24936557E+00
1.34438650E-02  5.65246162E+01  2.97474051E+00
1.36905414E-02  5.00377083E+01  2.57338285E+00
1.39372179E-02  3.89823227E+01  1.95477819E+00
1.41838943E-02  3.61019211E+01  1.73797870E+00
1.44305707E-02  2.78635750E+01  1.29666984E+00
1.46772471E-02  2.42634468E+01  1.09470999E+00
1.49239236E-02  2.12734909E+01  9.22492445E-01
1.51706000E-02  1.68662815E+01  7.15867877E-01
1.54172764E-02  1.62948551E+01  6.81219280E-01
1.56639528E-02  1.33428364E+01  5.42061806E-01
1.59106292E-02  1.28191977E+01  5.18404841E-01
1.61573057E-02  1.17627325E+01  4.65038329E-01
1.64039821E-02  9.83746433E+00  3.86790484E-01
1.66506585E-02  1.01565104E+01  3.90231609E-01
1.68973349E-02  7.88376427E+00  2.95582473E-01
1.71440114E-02  7.95391750E+00  2.86743253E-01
1.73906878E-02  6.61545658E+00  2.27619454E-01
1.76373642E-02  6.35824537E+00  2.17153057E-01
1.78840406E-02  5.84529495E+00  1.94030449E-01
1.81307170E-02  5.07248688E+00  1.66575149E-01
1.83773935E-02  5.04099417E+00  1.62550911E-01
1.86240699E-02  4.27493382E+00  1.32938877E-01
1.88707463E-02  4.01840496E+00  1.22634381E-01
1.91174227E-02  3.75814486E+00  1.14636585E-01
1.93640992E-02  3.20884347E+00  9.96590778E-02
1.96107756E-02  3.02129149E+00  9.30863544E-02
1.98574520E-02  2.82850933E+00  8.67029503E-02
2.01041284E-02  2.45226049E+00  7.00275153E-02
2.03508048E-02  2.15128946E+00  6.21855035E-02
2.05974813E-02  1.86407447E+00  5.27471863E-02
2.08441577E-02  1.71674025E+00  4.85190786E-02
2.10908341E-02  1.52818346E+00  4.18287218E-02
2.13375105E-02  1.49490237E+00  4.01535742E-02
2.15841870E-02  1.37145555E+00  3.64091918E-02
2.18308634E-02  1.28717327E+00  3.43557373E-02
2.20775398E-02  1.18930507E+00  2.91203279E-02
2.23242162E-02  1.07526159E+00  2.58922465E-02
2.25708926E-02  1.06000853E+00  2.58608796E-02
2.28175691E-02  9.54158723E-01  2.19494905E-02
2.30642455E-02  8.89202118E-01  1.99190974E-02
2.33109219E-02  8.23609471E-01  1.83342341E-02
2.35575983E-02  7.81525671E-01  1.70693882E-02
2.38042748E-02  7.44525671E-01  1.59536228E-02
2.40509512E-02  6.74408197E-01  1.36341844E-02
2.42976276E-02  6.27869368E-01  1.20448619E-02
2.45443040E-02  6.06593251E-01  1.19664380E-02
2.47909804E-02  5.83231390E-01  9.79432929E-03
2.50376569E-02  5.53178608E-01  9.76542570E-03
2.52843333E-02  5.25457561E-01  8.59014783E-03
2.55310097E-02  4.98860151E-01  7.71587715E-03
2.57776861E-02  4.96146828E-01  7.52611272E-03
2.60243626E-02  4.58659202E-01  6.91811321E-03
2.62710390E-02  4.50306326E-01  6.74670935E-03
2.65177154E-02  4.13207203E-01  5.69266919E-03
2.67643918E-02  4.08639580E-01  5.60765155E-03
2.70110682E-02  4.02995110E-01  5.34525001E-03
2.72577447E-02  3.76861960E-01  4.72136959E-03
2.75044211E-02  3.68523777E-01  4.55429498E-03
2.77510975E-02  3.60759825E-01  4.29798989E-03
2.79977739E-02  3.47063005E-01  4.28238232E-03
2.82444504E-02  3.46333832E-01  3.95965716E-03
2.84911268E-02  3.31071049E-01  3.82672111E-03
2.87378032E-02  3.36431086E-01  3.27604730E-03
2.89844796E-02  3.33296478E-01  3.23276524E-03
2.92311561E-02  3.18041414E-01  3.14072589E-03
2.94778325E-02  3.07075173E-01  2.74018873E-03
2.97245089E-02  3.09323937E-01  2.77664093E-03
2.99711853E-02  3.00325930E-01  2.42838333E-03
3.02178617E-02  2.78746039E-01  2.15192861E-03
3.04645382E-02  2.77026743E-01  2.10703723E-03
3.07112146E-02  2.74687290E-01  1.96590158E-03
3.09578910E-02  2.68992901E-01  1.86075293E-03
3.12045674E-02  2.63019770E-01  1.82760914E-03
3.14512439E-02  2.64614701E-01  1.71031314E-03
3.16979203E-02  2.58314073E-01  1.60265702E-03
3.19445967E-02  2.57565886E-01  1.49701093E-03
3.21912731E-02  2.55070984E-01  1.61488587E-03
3.24379495E-02  2.55679518E-01  1.61656830E-03
3.26846260E-02  2.54147798E-01  1.48175959E-03
3.29313024E-02  2.47791931E-01  1.37220719E-03
3.31779788E-02  2.43534967E-01  1.25864602E-03
3.34246552E-02  2.42272556E-01  1.34383468E-03
3.36713317E-02  2.39512563E-01  1.40601583E-03
3.39180081E-02  2.35546649E-01  1.17185223E-03
3.41646845E-02  2.41533741E-01  1.28612178E-03
3.44113609E-02  2.40958199E-01  1.17664400E-03
3.46580373E-02  2.44008273E-01  1.17907405E-03
3.49047138E-02  2.39120662E-01  1.17408461E-03
3.51513902E-02  2.30728135E-01  1.15260656E-03
3.53980666E-02  2.32305512E-01  1.10139081E-03
3.56447430E-02  2.29526073E-01  1.07307569E-03
3.58914195E-02  2.39688218E-01  1.08977954E-03
3.61380959E-02  2.40054637E-01  1.04579667E-03
3.63847723E-02  2.36552939E-01  1.08059018E-03
3.66314487E-02  2.32819229E-01  1.02108507E-03
3.68781251E-02  2.32136995E-01  1.04623754E-03
3.71248016E-02  2.34763548E-01  1.05412852E-03
3.73714780E-02  2.31364280E-01  1.00431417E-03
3.76181544E-02  2.34362364E-01  1.00636377E-03
3.78648308E-02  2.25677311E-01  9.60788690E-04
3.81115073E-02  2.36403346E-01  1.11052056E-03
3.83581837E-02  2.36642390E-01  9.88556538E-04
3.86048601E-02  2.34443441E-01  9.92389396E-04
3.88515365E-02  2.31372789E-01  1.02688267E-03
3.90982129E-02  2.29236811E-01  1.03093288E-03
3.93448894E-02  2.30565876E-01  9.92697780E-04
3.95915658E-02  2.23853216E-01  9.36330471E-04
3.98382422E-02  2.18084067E-01  8.72097793E-04
4.00849186E-02  2.27289885E-01  9.33646050E-04
4.03315951E-02  2.23512575E-01  9.47165128E-04
4.05782715E-02  2.20650837E-01  9.15164826E-04
4.08249479E-02  2.19323471E-01  9.45551496E-04
4.10716243E-02  2.17781037E-01  8.94901983E-04
4.13183007E-02  2.16679245E-01  9.03778127E-04
4.15649772E-02  2.14882374E-01  8.24783463E-04
4.18116536E-02  2.18125120E-01  8.61645443E-04
4.20583300E-02  2.19588220E-01  9.06943285E-04
4.23050064E-02  2.14001849E-01  9.02560016E-04
4.25516829E-02  2.18728855E-01  8.50880926E-04
4.27983593E-02  2.12532908E-01  8.06888274E-04
4.30450357E-02  2.20589235E-01  9.03968059E-04
4.32917121E-02  2.23222911E-01  8.65671085E-04
4.35383885E-02  2.21674547E-01  8.15649342E-04
4.37850650E-02  2.21619010E-01  8.56686558E-04
4.40317414E-02  2.14104533E-01  8.05677671E-04
4.42784178E-02  2.12264121E-01  8.17490218E-04
4.45250942E-02  2.13008821E-01  8.57420964E-04
4.47717707E-02  2.17861727E-01  8.04219628E-04
4.50184471E-02  2.24309802E-01  8.40916822E-04
4.52651235E-02  2.20623314E-01  8.31501617E-04
4.55117999E-02  2.21235991E-01  8.17889231E-04
4.57584764E-02  2.21063524E-01  8.36946128E-04
4.60051528E-02  2.16068923E-01  7.97195768E-04
4.62518292E-02  2.16863230E-01  8.39119079E-04
4.64985056E-02  2.23976269E-01  7.86125544E-04
4.67451820E-02  2.23105088E-01  8.15480365E-04
4.69918585E-02  2.28173867E-01  8.50885932E-04
4.72385349E-02  2.27503598E-01  7.98172725E-04
4.74852113E-02  2.19456911E-01  8.24092131E-04
4.77318877E-02  2.25729629E-01  8.28157004E-04
4.79785642E-02  2.22237512E-01  8.19044013E-04
4.82252406E-02  2.30027303E-01  8.01632123E-04
4.84719170E-02  2.26441100E-01  7.99588277E-04
4.87185934E-02  2.29626641E-01  8.34380742E-04
4.89652698E-02  2.28940144E-01  8.45080998E-04
4.92119463E-02  2.29035601E-01  8.08615179E-04
4.94586227E-02  2.36025363E-01  8.07593227E-04
4.97052991E-02  2.35419020E-01  8.29825934E-04
4.99519755E-02  2.28029415E-01  8.27687152E-04
5.01986520E-02  2.36390591E-01  8.01398593E-04
5.04453284E-02  2.27104113E-01  7.67759397E-04
5.06920048E-02  2.39885882E-01  7.71264429E-04
5.09386812E-02  2.40413755E-01  8.05566204E-04
5.11853576E-02  2.33263314E-01  7.91036349E-04
5.14320341E-02  2.39697859E-01  8.02014081E-04
5.16787105E-02  2.45854035E-01  7.99865229E-04
5.19253869E-02  2.44291142E-01  7.99037633E-04
5.21720633E-02  2.48446360E-01  8.62435147E-04
5.24187398E-02  2.45948911E-01  8.31717625E-04
5.26654162E-02  2.46349618E-01  8.18335626E-04
5.29120926E-02  2.51682460E-01  8.49486387E-04
5.31587690E-02  2.48518363E-01  8.10287660E-04
5.34054454E-02  2.52742231E-01  8.35722894E-04
5.36521219E-02  2.56686777E-01  8.38418782E-04
5.38987983E-02  2.56608546E-01  8.54857964E-04
5.41454747E-02  2.51237422E-01  7.89173238E-04
5.43921511E-02  2.62033343E-01  8.24656920E-04
5.46388276E-02  2.65273809E-01  8.03923118E-04
5.48855040E-02  2.72242337E-01  8.80678650E-04
5.51321804E-02  2.70507276E-01  8.04598269E-04
5.53788568E-02  2.71225333E-01  8.70779273E-04
5.56255332E-02  2.64446706E-01  8.09548248E-04
5.58722097E-02  2.68228412E-01  7.79480732E-04
5.61188861E-02  2.79786378E-01  8.67504277E-04
5.63655625E-02  2.75823295E-01  8.88592564E-04
5.66122389E-02  2.74005413E-01  8.46754934E-04
5.68589154E-02  2.74506301E-01  8.29426514E-04
5.71055918E-02  2.80880839E-01  8.85752437E-04
5.73522682E-02  2.86424130E-01  8.30327626E-04
5.75989446E-02  2.87164509E-01  8.76940438E-04
5.78456210E-02  2.92740673E-01  8.45204399E-04
5.80922975E-02  2.92064130E-01  8.33639351E-04
5.83389739E-02  2.95012593E-01  9.12500080E-04
5.85856503E-02  2.95302927E-01  8.75321799E-04
5.88323267E-02  2.98633039E-01  9.24459251E-04
5.90790032E-02  3.01140547E-01  8.94905999E-04
5.93256796E-02  3.08196664E-01  8.80959968E-04
5.95723560E-02  3.07197571E-01  8.77206563E-04
5.98190324E-02  3.09440851E-01  9.11903509E-04
6.00657088E-02  3.14195782E-01  8.95665842E-04
6.03123853E-02  3.12163770E-01  9.60081466E-04
6.05590617E-02  3.12878340E-01  9.28692752E-04
6.08057381E-02  3.23039055E-01  8.97939666E-04
6.10524145E-02  3.12142700E-01  9.00558196E-04
6.12990910E-02  3.12534690E-01  9.07258247E-04
6.15457674E-02  3.28388274E-01  9.13384371E-04
6.17924438E-02  3.28868628E-01  9.46964719E-04
6.20391202E-02  3.30323130E-01  9.38858313E-04
6.22857966E-02  3.37203056E-01  8.97229416E-04
6.25324731E-02  3.36250007E-01  9.25008091E-04
6.27791495E-02  3.37507725E-01  9.23914718E-04
6.30258259E-02  3.38234186E-01  9.29258880E-04
6.32725023E-02  3.44918579E-01  9.52700560E-04
6.35191788E-02  3.58530104E-01  9.28712951E-04
6.37658552E-02  3.53875488E-01  9.88720334E-04
6.40125316E-02  3.56015205E-01  9.10638541E-04
6.42592080E-02  3.55942041E-01  9.89165856E-04
6.45058845E-02  3.66448462E-01  9.37323784E-04
6.47525609E-02  3.62401426E-01  9.23627405E-04
6.49992373E-02  3.73897463E-01  1.00175699E-03
6.52459137E-02  3.74555320E-01  9.80026554E-04
6.54925901E-02  3.83308560E-01  1.02426554E-03
6.57392666E-02  3.82346839E-01  9.09778289E-04
6.59859430E-02  3.80307585E-01  9.51690541E-04
6.62326194E-02  3.95789474E-01  9.91067151E-04
6.64792958E-02  3.91851276E-01  9.84216225E-04
6.67259723E-02  3.97431642E-01  9.58093791E-04
6.69726487E-02  3.96451920E-01  9.73592920E-04
6.72193251E-02  4.09876078E-01  1.04515674E-03
6.74660015E-02  4.09459770E-01  9.94137023E-04
6.77126779E-02  4.03425008E-01  9.79631674E-04
6.79593544E-02  4.05356467E-01  1.00295315E-03
6.82060308E-02  4.12683576E-01  9.63850995E-04
6.84527072E-02  4.17311311E-01  1.00867206E-03
6.86993836E-02  4.20408279E-01  9.79105243E-04
6.89460601E-02  4.22983795E-01  9.72268288E-04
6.91927365E-02  4.23744440E-01  1.01019221E-03
6.94394129E-02  4.27375942E-01  1.00344256E-03
6.96860893E-02  4.32279855E-01  1.00618612E-03
6.99327657E-02  4.32221144E-01  9.66928026E-04
7.01794422E-02  4.35256988E-01  9.93208843E-04
7.04261186E-02  4.38649625E-01  9.68094100E-04
7.06727950E-02  4.38801438E-01  9.83396079E-04
7.09194714E-02  4.42042679E-01  1.01214577E-03
7.11661479E-02  4.38295871E-01  9.90794157E-04
7.14128243E-02  4.52858806E-01  9.62222111E-04
7.16595007E-02  4.49494243E-01  1.00109668E-03
7.19061771E-02  4.59018439E-01  1.00570312E-03
7.21528535E-02  4.51171517E-01  1.01434963E-03
7.23995300E-02  4.53123152E-01  9.67625878E-04
7.26462064E-02  4.51236159E-01  9.95591749E-04
7.28928828E-02  4.58713919E-01  9.86535917E-04
7.31395592E-02  4.69279379E-01  1.05931540E-03
7.33862357E-02  4.66881424E-01  1.02495146E-03
7.36329121E-02  4.67036635E-01  9.92472051E-04
7.38795885E-02  4.62365359E-01  1.00769941E-03
7.41262649E-02  4.78583664E-01  1.02417602E-03
7.43729413E-02  4.65319186E-01  9.67847009E-04
7.46196178E-02  4.66008991E-01  1.01991557E-03
7.48662942E-02  4.75875139E-01  1.01011049E-03
7.51129706E-02  4.82703984E-01  1.05809106E-03
7.53596470E-02  4.75827307E-01  1.01432786E-03
7.56063235E-02  4.74629104E-01  1.01677596E-03
7.58529999E-02  4.80158538E-01  1.01768470E-03
7.60996763E-02  4.88440186E-01  1.00566132E-03
7.63463527E-02  4.80577022E-01  1.00554444E-03
7.65930291E-02  4.82598752E-01  9.70152905E-04
7.68397056E-02  4.86782998E-01  1.03385898E-03
7.70863820E-02  4.89919126E-01  1.03211065E-03
7.73330584E-02  4.91148025E-01  1.06647983E-03
7.75797348E-02  4.89084661E-01  1.00374210E-03
7.78264113E-02  4.95550334E-01  9.93263093E-04
7.80730877E-02  4.88461673E-01  1.01187115E-03
7.83197641E-02  4.96784687E-01  1.00117852E-03
7.85664405E-02  4.92261231E-01  1.01439864E-03
7.88131169E-02  4.88205731E-01  1.00354734E-03
7.90597934E-02  4.89938647E-01  9.85254417E-04
7.93064698E-02  4.96527106E-01  9.57655371E-04
7.95531462E-02  4.94380921E-01  1.00165734E-03
7.97998226E-02  4.99268770E-01  9.86280967E-04
8.00464991E-02  4.99033928E-01  1.03381544E-03
8.02931755E-02  5.01916349E-01  1.02230569E-03
8.05398519E-02  5.14555871E-01  1.02148682E-03
8.07865283E-02  5.03903568E-01  1.01369119E-03
8.10332047E-02  4.98202026E-01  1.00502744E-03
8.12798812E-02  5.17643034E-01  1.05147250E-03
8.15265576E-02  5.13247609E-01  1.00368587E-03
8.17732340E-02  5.08179784E-01  1.00254908E-03
8.20199104E-02  5.07733464E-01  9.60131758E-04
8.22665869E-02  5.14791131E-01  1.00052834E-03
8.25132633E-02  5.12710333E-01  9.97640309E-04
8.27599397E-02  5.12795210E-01  1.01155927E-03
8.30066161E-02  5.16364932E-01  1.00843492E-03
8.32532926E-02  5.13146996E-01  9.89823369E-04
8.34999690E-02  5.11079788E-01  1.01260550E-03
8.37466454E-02  5.21649420E-01  1.00676797E-03
8.39933218E-02  5.13605714E-01  9.39191727E-04
8.42399982E-02  5.12601733E-01  9.39272635E-04
8.44866747E-02  5.21499634E-01  9.91209759E-04
8.47333511E-02  5.20472646E-01  1.02878036E-03
8.49800275E-02  5.11041701E-01  9.83106554E-04
8.52267039E-02  5.12741387E-01  9.75650910E-04
8.54733804E-02  5.24708986E-01  1.00855704E-03
8.57200568E-02  5.20648956E-01  9.90025816E-04
8.59667332E-02  5.27766168E-01  1.02642423E-03
8.62134096E-02  5.20333171E-01  9.57574579E-04
8.64600860E-02  5.24970949E-01  9.66657826E-04
8.67067625E-02  5.19325256E-01  9.88655491E-04
8.69534389E-02  5.16661882E-01  9.80620855E-04
8.72001153E-02  5.23989677E-01  1.00475643E-03
8.74467917E-02  5.25892079E-01  1.00858917E-03
8.76934682E-02  5.20669997E-01  9.95834591E-04
8.79401446E-02  5.20812273E-01  9.71866306E-04
8.81868210E-02  5.34374654E-01  9.98317264E-04
8.84334974E-02  5.31251967E-01  9.67866043E-04
8.86801738E-02  5.31140447E-01  9.78332246E-04
8.89268503E-02  5.25353014E-01  1.00622326E-03
8.91735267E-02  5.30955136E-01  1.04433985E-03
8.94202031E-02  5.35620868E-01  1.00115791E-03
8.96668795E-02  5.27258098E-01  9.93762398E-04
8.99135560E-02  5.39241433E-01  9.55823867E-04
9.01602324E-02  5.29557109E-01  9.77947959E-04
9.04069088E-02  5.25466263E-01  9.70161345E-04
9.06535852E-02  5.32181799E-01  9.82893282E-04
9.09002616E-02  5.25537789E-01  9.64583480E-04
9.11469381E-02  5.40941119E-01  1.00223511E-03
9.13936145E-02  5.35385191E-01  9.60556325E-04
9.16402909E-02  5.36535978E-01  9.59419122E-04
9.18869673E-02  5.38606226E-01  9.61075828E-04
9.21336438E-02  5.35043359E-01  9.64232837E-04
9.23803202E-02  5.34995794E-01  9.88208572E-04
9.26269966E-02  5.29751420E-01  9.91753768E-04
9.28736730E-02  5.30277371E-01  9.58861201E-04
9.31203494E-02  5.33998489E-01  9.64139763E-04
9.33670259E-02  5.31451881E-01  9.43935593E-04
9.36137023E-02  5.37326336E-01  9.89598106E-04
9.38603787E-02  5.31725824E-01  9.50494956E-04
9.41070551E-02  5.31856537E-01  9.45383974E-04
9.43537316E-02  5.34839869E-01  9.85018210E-04
9.46004080E-02  5.31111002E-01  1.01943116E-03
9.48470844E-02  5.44051707E-01  9.44385829E-04
9.50937608E-02  5.38650572E-01  9.78264259E-04
9.53404372E-02  5.34964204E-01  9.53975599E-04
9.55871137E-02  5.29981732E-01  9.94063448E-04
9.58337901E-02  5.33955157E-01  9.80986981E-04
9.60804665E-02  5.35785615E-01  9.30333976E-04
9.63271429E-02  5.37446856E-01  9.41465551E-04
9.65738194E-02  5.37843287E-01  9.36243450E-04
9.68204958E-02  5.38217843E-01  9.48301342E-04
9.70671722E-02  5.30645967E-01  9.38667741E-04
9.73138486E-02  5.36432505E-01  9.45948879E-04
9.75605250E-02  5.36285162E-01  9.51019407E-04
9.78072015E-02  5.36874831E-01  9.78671131E-04
9.80538779E-02  5.35979927E-01  9.57931974E-04
9.83005543E-02  5.42275667E-01  9.65967309E-04
9.85472307E-02  5.46711922E-01  9.21318657E-04
9.87939072E-02  5.32451749E-01  1.00288249E-03
9.90405836E-02  5.39020300E-01  9.72737500E-04
9.92872600E-02  5.40830076E-01  9.48256289E-04
9.95339364E-02  5.28498471E-01  9.41635575E-04
9.97806128E-02  5.37829578E-01  9.54941963E-04
1.00027289E-01  5.40390193E-01  9.74935072E-04
1.00273966E-01  5.36481559E-01  9.43891180E-04
1.00520642E-01  5.38200319E-01  9.71713627E-04
1.00767319E-01  5.38486719E-01  9.52978851E-04
1.01013995E-01  5.39955914E-01  9.33129166E-04
1.01260671E-01  5.49812078E-01  9.73189541E-04
1.01507348E-01  5.29419124E-01  9.46182350E-04
1.01754024E-01  5.32818735E-01  9.37739795E-04
1.02000701E-01  5.38851023E-01  9.24163731E-04
1.02247377E-01  5.34169972E-01  9.71146568E-04
1.02494053E-01  5.38491488E-01  9.45815409E-04
1.02740730E-01  5.31673372E-01  9.51314229E-04
1.02987406E-01  5.32699704E-01  9.92132351E-04
1.03234083E-01  5.32945693E-01  9.38976184E-04
1.03480759E-01  5.35125434E-01  9.27848159E-04
1.03727436E-01  5.40571928E-01  9.46106156E-04
1.03974112E-01  5.41240275E-01  9.36524884E-04
1.04220788E-01  5.40414333E-01  9.39597609E-04
1.04467465E-01  5.37472546E-01  9.15156153E-04
1.04714141E-01  5.43435514E-01  9.72838374E-04
1.04960818E-01  5.27522743E-01  8.93460296E-04
1.05207494E-01  5.36953747E-01  9.38374142E-04
1.05454171E-01  5.32893658E-01  9.48465953E-04
1.05700847E-01  5.31028688E-01  9.37463832E-04
1.05947523E-01  5.31196058E-01  9.16068559E-04
1.06194200E-01  5.31822979E-01  9.21052822E-04
1.06440876E-01  5.34251392E-01  9.43542516E-04
1.06687553E-01  5.41743457E-01  9.18808393E-04
1.06934229E-01  5.33483088E-01  9.12507239E-04
1.07180906E-01  5.32099366E-01  9.30129609E-04
1.07427582E-01  5.29873788E-01  9.17137892E-04
1.07674258E-01  5.32880187E-01  9.23657964E-04
1.07920935E-01  5.30631781E-01  8.78059189E-04
1.08167611E-01  5.31764030E-01  8.93547258E-04
1.08414288E-01  5.32160759E-01  8.88956536E-04
1.08660964E-01  5.28633893E-01  9.18645121E-04
1.08907640E-01  5.26780546E-01  9.13737807E-04
1.09154317E-01  5.32556891E-01  9.48620145E-04
1.09400993E-01  5.33741117E-01  9.46682354E-04
1.09647670E-01  5.27685165E-01  9.52727394E-04
1.09894346E-01  5.24963260E-01  9.53088864E-04
1.10141023E-01  5.28208494E-01  9.35997232E-04
1.10387699E-01  5.25474548E-01  9.71925852E-04
1.10634375E-01  5.18324316E-01  9.38544981E-04
1.10881052E-01  5.19966185E-01  9.41629987E-04
1.11127728E-01  5.17950714E-01  9.50910791E-04
1.11374405E-01  5.12253702E-01  9.79143544E-04
1.11621081E-01  5.20996213E-01  9.47406865E-04
1.11867758E-01  5.20962179E-01  9.49395122E-04
1.12114434E-01  5.18688738E-01  9.91167268E-04
1.12361110E-01  5.17680883E-01  9.61325946E-04
1.12607787E-01  5.08692145E-01  9.52482922E-04
1.12854463E-01  5.17490804E-01  9.83489095E-04
1.13101140E-01  5.04870653E-01  9.44976986E-04
1.13347816E-01  5.04814386E-01  9.53324547E-04
1.13594493E-01  5.10778606E-01  9.59657424E-04
1.13841169E-01  5.10856628E-01  9.85515071E-04
1.14087845E-01  5.06785631E-01  9.72911075E-04
1.14334522E-01  5.09375691E-01  9.72230802E-04
1.14581198E-01  5.12506604E-01  9.73791990E-04
1.14827875E-01  5.17250001E-01  9.98119707E-04
1.15074551E-01  5.10903716E-01  9.82251950E-04
1.15321227E-01  5.07224917E-01  9.23139101E-04
1.15567904E-01  5.11456728E-01  9.74424009E-04
1.15814580E-01  5.11777580E-01  9.78743425E-04
1.16061257E-01  5.06798565E-01  9.95061942E-04
1.16307933E-01  5.05133986E-01  1.01512042E-03
1.16554610E-01  5.02017379E-01  9.36507829E-04
1.16801286E-01  5.00828147E-01  9.72702750E-04
1.17047962E-01  5.05207658E-01  9.66016669E-04
1.17294639E-01  5.01428545E-01  9.78127471E-04
1.17541315E-01  5.02207458E-01  9.57261713E-04
1.17787992E-01  4.99545544E-01  9.85558610E-04
1.18034668E-01  4.92295444E-01  9.48795583E-04
1.18281345E-01  5.00268221E-01  9.45482810E-04
1.18528021E-01  4.96767968E-01  9.40388592E-04
1.18774697E-01  4.97923166E-01  9.51367314E-04
1.19021374E-01  4.92595494E-01  9.31543938E-04
1.19268050E-01  4.84297246E-01  8.92142009E-04
1.19514727E-01  4.96289134E-01  9.41980339E-04
1.19761403E-01  4.94462818E-01  9.20039602E-04
1.20008079E-01  4.86070871E-01  9.32292023E-04
1.20254756E-01  4.84434932E-01  8.97295715E-04
1.20501432E-01  4.87067670E-01  9.12230462E-04
1.20748109E-01  4.89194483E-01  8.79989471E-04
1.20994785E-01  4.84902114E-01  9.09529394E-04
1.21241462E-01  4.90510345E-01  8.64479633E-04
1.21488138E-01  4.84919876E-01  8.92628275E-04
1.21734814E-01  4.80347753E-01  9.10198258E-04
1.21981491E-01  4.83906001E-01  8.78169667E-04
1.22228167E-01  4.86373872E-01  8.85578862E-04
1.22474844E-01  4.84272897E-01  8.90440075E-04
1.22721520E-01  4.69790399E-01  8.75300495E-04
1.22968197E-01  4.80621487E-01  9.04319750E-04
1.23214873E-01  4.77301270E-01  8.44631984E-04
1.23461549E-01  4.80117977E-01  8.66402930E-04
1.23708226E-01  4.76968676E-01  8.65993148E-04
1.23954902E-01  4.67613608E-01  8.34528066E-04
1.24201579E-01  4.71027434E-01  8.46504816E-04
1.24448255E-01  4.71078098E-01  8.59126274E-04
1.24694932E-01  4.71047133E-01  8.82438209E-04
1.24941608E-01  4.68438804E-01  8.66491406E-04
1.25188284E-01  4.64658767E-01  8.31938698E-04
1.25434961E-01  4.67218429E-01  8.52762780E-04
1.25681637E-01  4.63206470E-01  8.57002451E-04
1.25928314E-01  4.62540865E-01  8.39562214E-04
1.26174990E-01  4.66462553E-01  8.25977419E-04
1.26421666E-01  4.61317956E-01  8.30021279E-04
1.26668343E-01  4.61994290E-01  8.40574736E-04
1.26915019E-01  4.53441828E-01  8.34647159E-04
1.27161696E-01  4.54897225E-01  8.34516191E-04
1.27408372E-01  4.62988704E-01  8.50489596E-04
1.27655049E-01  4.54159260E-01  8.08796496E-04
1.27901725E-01  4.61116880E-01  8.52670521E-04
1.28148401E-01  4.51934308E-01  7.95382133E-04
1.28395078E-01  4.51356739E-01  8.04695766E-04
1.28641754E-01  4.52004761E-01  8.24017858E-04
1.28888431E-01  4.42350954E-01  7.97630812E-04
1.29135107E-01  4.45424139E-01  8.08730838E-04
1.29381784E-01  4.49016541E-01  8.20895541E-04
1.29628460E-01  4.44390863E-01  8.26368516E-04
1.29875136E-01  4.47976857E-01  8.19278590E-04
1.30121813E-01  4.46021438E-01  8.24217277E-04
1.30368489E-01  4.32794631E-01  7.87397206E-04
1.30615166E-01  4.40641791E-01  8.14262719E-04
1.30861842E-01  4.35913652E-01  8.05785588E-04
1.31108518E-01  4.35607553E-01  8.02795927E-04
1.31355195E-01  4.39741641E-01  8.25519266E-04
1.31601871E-01  4.31306750E-01  7.73673702E-04
1.31848548E-01  4.35169965E-01  7.95366592E-04
1.32095224E-01  4.34951305E-01  7.94116524E-04
1.32341901E-01  4.30863261E-01  7.93374551E-04
1.32588577E-01  4.24333215E-01  7.76708010E-04
1.32835253E-01  4.30137843E-01  7.87445984E-04
1.33081930E-01  4.31297392E-01  7.81612354E-04
1.33328606E-01  4.24161166E-01  7.79841794E-04
1.33575283E-01  4.31116313E-01  8.00508598E-04
1.33821959E-01  4.22726125E-01  7.83379772E-04
1.34068636E-01  4.19309556E-01  7.67195888E-04
1.34315312E-01  4.28660184E-01  7.71638122E-04
1.34561988E-01  4.20023441E-01  7.63806456E-04
1.34808665E-01  4.17309463E-01  7.42649194E-04
1.35055341E-01  4.12687778E-01  7.47151091E-04
1.35302018E-01  4.09076095E-01  7.39525422E-04
1.35548694E-01  4.02737349E-01  7.55004061E-04
1.35795371E-01  4.07358855E-01  7.51365034E-04
1.36042047E-01  4.05729353E-01  7.42123229E-04
1.36288723E-01  4.13583308E-01  7.57195987E-04
1.36535400E-01  4.02741045E-01  7.57983769E-04
1.36782076E-01  4.05280471E-01  7.70130602E-04
1.37028753E-01  4.00936991E-01  7.24803074E-04
1.37275429E-01  3.97567958E-01  7.45126919E-04
1.37522105E-01  3.99820775E-01  7.28818122E-04
1.37768782E-01  3.96239996E-01  7.29701947E-04
1.38015458E-01  3.95448118E-01  7.24579731E-04
1.38262135E-01  3.92707080E-01  7.30653177E-04
1.38508811E-01  3.90850067E-01  7.66525220E-04
1.38755488E-01  3.88485909E-01  7.54022214E-04
1.39002164E-01  3.92051339E-01  7.42428936E-04
1.39248840E-01  3.89457375E-01  7.10236607E-04
1.39495517E-01  3.89404267E-01  7.34790345E-04
1.39742193E-01  3.80052507E-01  7.12670968E-04
1.39988870E-01  3.84015232E-01  7.20239710E-04
1.40235546E-01  3.82793576E-01  7.25905353E-04
1.40482223E-01  3.80545706E-01  7.11618457E-04
1.40728899E-01  3.79593432E-01  6.96601870E-04
1.40975575E-01  3.71331781E-01  7.06650491E-04
1.41222252E-01  3.75219226E-01  7.02493300E-04
1.41468928E-01  3.76058012E-01  7.26109429E-04
1.41715605E-01  3.75022590E-01  6.98796532E-04
1.41962281E-01  3.70749325E-01  7.17903196E-04
1.42208957E-01  3.69521767E-01  7.04333652E-04
1.42455634E-01  3.70655060E-01  6.81236677E-04
1.42702310E-01  3.70118946E-01  6.82596758E-04
1.42948987E-01  3.65478128E-01  6.76041062E-04
1.43195663E-01  3.62761468E-01  6.96852221E-04
1.43442340E-01  3.65674794E-01  6.90648798E-04
1.43689016E-01  3.62144262E-01  6.99916913E-04
1.43935692E-01  3.56779993E-01  6.81005884E-04
1.44182369E-01  3.55894387E-01  6.89342385E-04
1.44429045E-01  3.55126232E-01  6.76706724E-04
1.44675722E-01  3.53905976E-01  6.73449656E-04
1.44922398E-01  3.47230792E-01  6.59630634E-04
1.45169075E-01  3.50494146E-01  6.78069133E-04
1.45415751E-01  3.47232372E-01  6.79958786E-04
1.45662427E-01  3.46324682E-01  6.60106016E-04
1.45909104E-01  3.47407341E-01  6.58645702E-04
1.46155780E-01  3.50983024E-01  6.71000977E-04
1.46402457E-01  3.41143966E-01  6.58180681E-04
1.46649133E-01  3.40424120E-01  6.41587365E-04
1.46895810E-01  3.42396259E-01  6.43795065E-04
1.47142486E-01  3.45734358E-01  6.70920999E-04
1.47389162E-01  3.36066574E-01  6.41018676E-04
1.47635839E-01  3.44125211E-01  6.71591260E-04
1.47882515E-01  3.49577576E-01  6.69754576E-04
1.48129192E-01  3.45489979E-01  6.36490062E-04
1.48375868E-01  3.46966147E-01  6.66865264E-04
1.48622544E-01  3.49551141E-01  6.96806354E-04
1.48869221E-01  3.51961583E-01  6.90570392E-04
1.49115897E-01  3.55914086E-01  7.36689195E-04
1.49362574E-01  3.62955153E-01  7.78736954E-04
1.49609250E-01  3.64949882E-01  8.47705815E-04
1.49855927E-01  3.70198041E-01  9.06594156E-04
1.50102603E-01  3.68306786E-01  9.13531752E-04
1.50349279E-01  3.70707810E-01  9.73838905E-04
1.50595956E-01  3.65271807E-01  9.28600610E-04
1.50842632E-01  3.67182285E-01  8.67738447E-04
1.51089309E-01  3.66732568E-01  8.08309298E-04
1.51335985E-01  3.57146174E-01  7.93305284E-04
1.51582662E-01  3.60756904E-01  8.26291100E-04
1.51829338E-01  3.66321355E-01  7.94426363E-04
1.52076014E-01  3.64419192E-01  7.93305226E-04
1.52322691E-01  3.65332574E-01  8.00873386E-04
1.52569367E-01  3.63069475E-01  8.19175912E-04
1.52816044E-01  3.58456910E-01  8.24634510E-04
1.53062720E-01  3.63732070E-01  8.35028070E-04
1.53309397E-01  3.66156429E-01  8.41995992E-04
1.53556073E-01  3.57304871E-01  8.32030550E-04
1.53802749E-01  3.65133286E-01  8.53005156E-04
1.54049426E-01  3.65425050E-01  8.88040988E-04
1.54296102E-01  3.71579885E-01  8.57042673E-04
1.54542779E-01  3.72321457E-01  9.11713752E-04
1.54789455E-01  3.77233773E-01  9.34554788E-04
1.55036131E-01  3.78017128E-01  9.44087806E-04
1.55282808E-01  3.78989428E-01  9.90332919E-04
1.55529484E-01  3.88672322E-01  1.05167832E-03
1.55776161E-01  3.78236234E-01  1.10584160E-03
1.56022837E-01  3.62187713E-01  1.00073044E-03
1.56269514E-01  3.53924572E-01  9.54150630E-04
1.56516190E-01  3.34398061E-01  8.65966489E-04
1.56762866E-01  3.21420431E-01  7.78855756E-04
1.57009543E-01  3.10202867E-01  7.05142447E-04
1.57256219E-01  2.95324832E-01  6.36613520E-04
1.57502896E-01  2.88339019E-01  5.94466517E-04
1.57749572E-01  2.78286159E-01  5.95093181E-04
1.57996249E-01  2.75723904E-01  5.84804162E-04
1.58242925E-01  2.70741403E-01  5.76946302E-04
1.58489601E-01  2.68973559E-01  5.60134940E-04
1.58736278E-01  2.69322783E-01  5.59142441E-04
1.58982954E-01  2.61842698E-01  5.62367262E-04
1.59229631E-01  2.63742656E-01  5.74624573E-04
1.59476307E-01  2.57159173E-01  5.43680333E-04
1.59722983E-01  2.59747326E-01  5.42406400E-04
1.59969660E-01  2.55575299E-01  5.41886373E-04
1.60216336E-01  2.56345600E-01  5.53365506E-04
1.60463013E-01  2.59876400E-01  5.47801377E-04
1.60709689E-01  2.51125395E-01  5.29975689E-04
1.60956366E-01  2.48378828E-01  5.38848282E-04
1.61203042E-01  2.51483858E-01  5.48986485E-04
1.61449718E-01  2.45630741E-01  5.33174840E-04
1.61696395E-01  2.46803001E-01  5.39922446E-04
1.61943071E-01  2.46449485E-01  5.28022705E-04
1.62189748E-01  2.47928873E-01  5.31204278E-04
1.62436424E-01  2.49290347E-01  5.42696798E-04
1.62683101E-01  2.42612392E-01  5.25104464E-04
1.62929777E-01  2.40355968E-01  5.21595241E-04
1.63176453E-01  2.37485915E-01  5.23771276E-04
1.63423130E-01  2.32067049E-01  5.13859792E-04
1.63669806E-01  2.35731289E-01  5.23372320E-04
1.63916483E-01  2.40391970E-01  5.34580497E-04
1.64163159E-01  2.31550634E-01  5.06602810E-04
1.64409836E-01  2.31078804E-01  5.20694593E-04
1.64656512E-01  2.35183343E-01  5.26390446E-04
1.64903188E-01  2.28663072E-01  4.97592147E-04
1.65149865E-01  2.27335021E-01  4.93602536E-04
1.65396541E-01  2.25683317E-01  4.90566890E-04
1.65643218E-01  2.23801881E-01  4.94775828E-04
1.65889894E-01  2.21924558E-01  4.87941230E-04
1.66136570E-01  2.22755745E-01  4.96205990E-04
1.66383247E-01  2.18166590E-01  4.90497216E-04
1.66629923E-01  2.19888747E-01  4.92111838E-04
1.66876600E-01  2.18438178E-01  4.87227895E-04
1.67123276E-01  2.15124607E-01  4.80093848E-04
1.67369953E-01  2.16035619E-01  4.81871626E-04
1.67616629E-01  2.17871532E-01  4.88916470E-04
1.67863305E-01  2.15746090E-01  4.80758172E-04
1.68109982E-01  2.11039916E-01  4.63919190E-04
1.68356658E-01  2.10082009E-01  4.78804635E-04
1.68603335E-01  2.04961285E-01  4.73431748E-04
1.68850011E-01  2.09664613E-01  4.77117603E-04
1.69096688E-01  2.07168296E-01  4.84637159E-04
1.69343364E-01  2.06565127E-01  4.70241532E-04
1.69590040E-01  2.04795510E-01  4.58615687E-04
1.69836717E-01  2.01233312E-01  4.79939743E-04
1.70083393E-01  2.01839119E-01  4.65998834E-04
1.70330070E-01  2.03018501E-01  4.75673151E-04
1.70576746E-01  1.99797511E-01  4.59252042E-04
1.70823422E-01  1.99331552E-01  4.66377911E-04
1.71070099E-01  1.96498007E-01  4.69897874E-04
1.71316775E-01  1.98913425E-01  4.44899953E-04
1.71563452E-01  1.96750626E-01  4.69632825E-04
1.71810128E-01  1.95993766E-01  4.49765037E-04
1.72056805E-01  1.93869770E-01  4.59239644E-04
1.72303481E-01  1.90449491E-01  4.49994957E-04
1.72550157E-01  1.91428393E-01  4.49546613E-04
1.72796834E-01  1.87262759E-01  4.40986565E-04
1.73043510E-01  1.87419444E-01  4.34132933E-04
1.73290187E-01  1.85019210E-01  4.45348298E-04
1.73536863E-01  1.85258254E-01  4.33462759E-04
1.73783540E-01  1.86303139E-01  4.41296957E-04
1.74030216E-01  1.79395229E-01  4.37110517E-04
1.74276892E-01  1.83075219E-01  4.37531475E-04
1.74523569E-01  1.79822892E-01  4.39825875E-04
1.74770245E-01  1.78280413E-01  4.29841311E-04
1.75016922E-01  1.80601344E-01  4.39012889E-04
1.75263598E-01  1.77756384E-01  4.27107618E-04
1.75510275E-01  1.72419190E-01  4.35598282E-04
1.75756951E-01  1.74711898E-01  4.23924328E-04
1.76003627E-01  1.76401541E-01  4.31802153E-04
1.76250304E-01  1.73469827E-01  4.24606202E-04
1.76496980E-01  1.69770181E-01  4.13750124E-04
1.76743657E-01  1.72567904E-01  4.06378967E-04
1.76990333E-01  1.67525113E-01  4.16358962E-04
1.77237009E-01  1.71524003E-01  4.25039820E-04
1.77483686E-01  1.68523505E-01  4.14121459E-04
1.77730362E-01  1.69869885E-01  4.07781772E-04
1.77977039E-01  1.61560178E-01  4.04336344E-04
1.78223715E-01  1.67229697E-01  4.10956447E-04
1.78470392E-01  1.65021688E-01  4.12853464E-04
1.78717068E-01  1.65224090E-01  4.04416642E-04
1.78963744E-01  1.62722394E-01  3.96157935E-04
1.79210421E-01  1.60326168E-01  4.05285537E-04
1.79457097E-01  1.56721175E-01  3.97624506E-04
1.79703774E-01  1.58415884E-01  3.90867266E-04
1.79950450E-01  1.56198531E-01  3.91250243E-04
1.80197127E-01  1.55797437E-01  3.99336830E-04
1.80443803E-01  1.55074552E-01  3.97889497E-04
1.80690479E-01  1.53772309E-01  4.02014790E-04
1.80937156E-01  1.54441252E-01  3.87058361E-04
1.81183832E-01  1.51886180E-01  3.76368902E-04
1.81430509E-01  1.51699007E-01  3.87377921E-04
1.81677185E-01  1.49035752E-01  3.88109824E-04
1.81923861E-01  1.51835248E-01  3.80618760E-04
1.82170538E-01  1.51159972E-01  3.77966964E-04
1.82417214E-01  1.51176527E-01  3.78053752E-04
1.82663891E-01  1.47298694E-01  3.81377089E-04
1.82910567E-01  1.43395066E-01  3.75113334E-04
1.83157244E-01  1.45657614E-01  3.78669996E-04
1.83403920E-01  1.45619884E-01  3.80679237E-04
1.83650596E-01  1.43267453E-01  3.64857086E-04
1.83897273E-01  1.42805561E-01  3.69668618E-04
1.84143949E-01  1.42227829E-01  3.65895889E-04
1.84390626E-01  1.43201500E-01  3.77086719E-04
1.84637302E-01  1.41097352E-01  3.66636028E-04
1.84883979E-01  1.36290073E-01  3.70260212E-04
1.85130655E-01  1.39434949E-01  3.64005013E-04
1.85377331E-01  1.38494506E-01  3.70159134E-04
1.85624008E-01  1.39205396E-01  3.70283291E-04
1.85870684E-01  1.36398822E-01  3.64976004E-04
1.86117361E-01  1.37258038E-01  3.63985280E-04
1.86364037E-01  1.34849951E-01  3.50327959E-04
1.86610714E-01  1.34411991E-01  3.49796232E-04
1.86857390E-01  1.34655744E-01  3.50223650E-04
1.87104066E-01  1.33331507E-01  3.62557010E-04
1.87350743E-01  1.34789750E-01  3.53237963E-04
1.87597419E-01  1.31511703E-01  3.53814423E-04
1.87844096E-01  1.30051523E-01  3.56975943E-04
1.88090772E-01  1.31384075E-01  3.51125578E-04
1.88337448E-01  1.27707720E-01  3.47214984E-04
1.88584125E-01  1.28770217E-01  3.47607449E-04
1.88830801E-01  1.27170622E-01  3.48333415E-04
1.89077478E-01  1.29311189E-01  3.44903237E-04
1.89324154E-01  1.24741554E-01  3.38471436E-04
1.89570831E-01  1.26773715E-01  3.39123420E-04
1.89817507E-01  1.26451984E-01  3.48675065E-04
1.90064183E-01  1.22827075E-01  3.39139078E-04
1.90310860E-01  1.23284660E-01  3.39811260E-04
1.90557536E-01  1.24768950E-01  3.40402563E-04
1.90804213E-01  1.21277988E-01  3.30837182E-04
1.91050889E-01  1.21216670E-01  3.34039971E-04
1.91297566E-01  1.20224133E-01  3.43103544E-04
1.91544242E-01  1.20022558E-01  3.35504359E-04
1.91790918E-01  1.18650034E-01  3.23315617E-04
1.92037595E-01  1.21014714E-01  3.42990592E-04
1.92284271E-01  1.18670702E-01  3.28659022E-04
1.92530948E-01  1.16431527E-01  3.30489420E-04
1.92777624E-01  1.15249112E-01  3.25442437E-04
1.93024301E-01  1.16066925E-01  3.26143403E-04
1.93270977E-01  1.13702357E-01  3.21265950E-04
1.93517653E-01  1.15307577E-01  3.24013468E-04
1.93764330E-01  1.15306906E-01  3.30532115E-04
1.94011006E-01  1.13439925E-01  3.13539349E-04
1.94257683E-01  1.13662586E-01  3.23113549E-04
1.94504359E-01  1.11383200E-01  3.17690166E-04
1.94751035E-01  1.12048902E-01  3.20826075E-04
1.94997712E-01  1.08398534E-01  3.15812707E-04
1.95244388E-01  1.12200446E-01  3.24472756E-04
1.95491065E-01  1.10975020E-01  3.20395688E-04
1.95737741E-01  1.07529141E-01  3.20930674E-04
1.95984418E-01  1.07267551E-01  3.05050984E-04
1.96231094E-01  1.08070768E-01  3.11930169E-04
1.96477770E-01  1.08121485E-01  3.13625555E-04
1.96724447E-01  1.07222639E-01  3.16624210E-04
1.96971123E-01  1.08000144E-01  3.15343699E-04
1.97217800E-01  1.07527755E-01  3.11776530E-04
1.97464476E-01  1.04774423E-01  3.12831922E-04
1.97711153E-01  1.06818661E-01  2.97877617E-04
1.97957829E-01  1.06651060E-01  3.17433558E-04
1.98204505E-01  1.03405744E-01  2.99532083E-04
1.98451182E-01  1.03688896E-01  3.07612587E-04
1.98697858E-01  1.05805710E-01  3.03297915E-04
1.98944535E-01  1.01996854E-01  2.94324418E-04
1.99191211E-01  1.02399454E-01  3.02769651E-04
1.99437887E-01  1.00656874E-01  3.07664071E-04
1.99684564E-01  1.00835145E-01  2.99817446E-04
1.99931240E-01  9.93195549E-02  2.98500847E-04
2.00177917E-01  9.87712890E-02  2.96386803E-04
2.00424593E-01  9.97750908E-02  2.96378043E-04
2.00671270E-01  1.00642763E-01  2.94105615E-04
2.00917946E-01  1.00440025E-01  2.93596007E-04
2.01164622E-01  9.76065099E-02  2.93574412E-04
2.01411299E-01  1.00248262E-01  2.91765493E-04
2.01657975E-01  9.68890041E-02  2.98791099E-04
2.01904652E-01  9.78808030E-02  2.91081757E-04
2.02151328E-01  9.50862840E-02  2.82291468E-04
2.02398005E-01  9.57804322E-02  2.89118674E-04
2.02644681E-01  9.56616625E-02  2.86236318E-04
2.02891357E-01  9.39599425E-02  2.83328787E-04
2.03138034E-01  9.46094990E-02  2.89985182E-04
2.03384710E-01  9.34815258E-02  2.83834786E-04
2.03631387E-01  9.43061784E-02  2.87534669E-04
2.03878063E-01  9.52709243E-02  2.87057803E-04
2.04124740E-01  9.45025533E-02  2.80420965E-04
2.04371416E-01  9.60118100E-02  2.81071698E-04
2.04618092E-01  9.20324028E-02  2.84369627E-04
2.04864769E-01  9.26403254E-02  2.84937065E-04
2.05111445E-01  9.36601683E-02  2.86148919E-04
2.05358122E-01  9.28737223E-02  2.80028500E-04
2.05604798E-01  9.06358510E-02  2.77972664E-04
2.05851474E-01  9.00699198E-02  2.77377636E-04
2.06098151E-01  9.10378769E-02  2.77984975E-04
2.06344827E-01  9.24631134E-02  2.79882835E-04
2.06591504E-01  8.94712061E-02  2.78734922E-04
2.06838180E-01  8.88623372E-02  2.67340802E-04
2.07084857E-01  9.04562175E-02  2.75771104E-04
2.07331533E-01  8.81136060E-02  2.69066863E-04
2.07578209E-01  8.75417963E-02  2.69421871E-04
2.07824886E-01  9.07242000E-02  2.73173762E-04
2.08071562E-01  8.57173353E-02  2.70095275E-04
2.08318239E-01  8.73566717E-02  2.73623678E-04
2.08564915E-01  8.85092616E-02  2.66370131E-04
2.08811592E-01  8.64333510E-02  2.64269591E-04
2.09058268E-01  8.65988880E-02  2.78622116E-04
2.09304944E-01  8.86074975E-02  2.76419858E-04
2.09551621E-01  8.53996798E-02  2.67927157E-04
2.09798297E-01  8.73591527E-02  2.78159743E-04
2.10044974E-01  8.64716172E-02  2.63303460E-04
2.10291650E-01  8.65865797E-02  2.67010881E-04
2.10538326E-01  8.44874829E-02  2.71733414E-04
2.10785003E-01  8.77488852E-02  2.67109019E-04
2.11031679E-01  8.25976953E-02  2.59884255E-04
2.11278356E-01  8.34244713E-02  2.59086402E-04
2.11525032E-01  8.30610991E-02  2.53723498E-04
2.11771709E-01  8.37223977E-02  2.60201952E-04
2.12018385E-01  8.29243287E-02  2.55499705E-04
2.12265061E-01  8.24000835E-02  2.57710461E-04
2.12511738E-01  8.38940442E-02  2.66587682E-04
2.12758414E-01  8.37783962E-02  2.67614290E-04
2.13005091E-01  8.35190266E-02  2.62428512E-04
2.13251767E-01  8.21483806E-02  2.59967695E-04
2.13498444E-01  8.31492320E-02  2.59347406E-04
2.13745120E-01  8.25956613E-02  2.63973750E-04
2.13991796E-01  8.31250623E-02  2.59406690E-04
2.14238473E-01  7.93124288E-02  2.58046784E-04
2.14485149E-01  8.29117596E-02  2.56498723E-04
2.14731826E-01  8.12302828E-02  2.54535757E-04
2.14978502E-01  7.90457949E-02  2.59273133E-04
2.15225179E-01  8.16679522E-02  2.54708284E-04
2.15471855E-01  8.29297006E-02  2.59060325E-04
2.15718531E-01  8.05746019E-02  2.54546379E-04
2.15965208E-01  8.08665305E-02  2.60430883E-04
2.16211884E-01  7.94210061E-02  2.59798486E-04
2.16458561E-01  8.03174749E-02  2.53637554E-04
2.16705237E-01  8.39080736E-02  2.66758841E-04
2.16951913E-01  7.97989517E-02  2.48094177E-04
2.17198590E-01  8.06719065E-02  2.58251384E-04
2.17445266E-01  8.02825242E-02  2.60081841E-04
2.17691943E-01  8.02627727E-02  2.51589256E-04
2.17938619E-01  8.07816833E-02  2.59800756E-04
2.18185296E-01  7.82800987E-02  2.51236226E-04
2.18431972E-01  7.91924372E-02  2.59288994E-04
2.18678648E-01  8.03270712E-02  2.57404317E-04
2.18925325E-01  7.88084716E-02  2.56168743E-04
2.19172001E-01  7.85408691E-02  2.50686513E-04
2.19418678E-01  7.78420642E-02  2.55087332E-04
2.19665354E-01  7.71510452E-02  2.53634353E-04
2.19912031E-01  7.82839954E-02  2.52841128E-04
2.20158707E-01  7.75705650E-02  2.51765538E-04
2.20405383E-01  7.64091760E-02  2.53970706E-04
2.20652060E-01  7.70465657E-02  2.50933983E-04
2.20898736E-01  7.70761222E-02  2.48344964E-04
2.21145413E-01  7.80971870E-02  2.49338831E-04
2.21392089E-01  7.68534392E-02  2.49442412E-04
2.21638766E-01  7.90242106E-02  2.54693092E-04
2.21885442E-01  7.73807541E-02  2.52053549E-04
2.22132118E-01  7.59854540E-02  2.43942777E-04
2.22378795E-01  7.90532753E-02  2.54321523E-04
2.22625471E-01  7.86506012E-02  2.53225706E-04
2.22872148E-01  7.66786560E-02  2.48460623E-04
2.23118824E-01  7.68941864E-02  2.47619580E-04
2.23365500E-01  7.84693062E-02  2.49736826E-04
2.23612177E-01  7.45745152E-02  2.46346433E-04
2.23858853E-01  7.70315751E-02  2.50914512E-04
2.24105530E-01  7.47105181E-02  2.48500030E-04
2.24352206E-01  7.45439082E-02  2.41226793E-04
2.24598883E-01  7.52920136E-02  2.46887066E-04
2.24845559E-01  7.53904060E-02  2.47615972E-04
2.25092235E-01  7.71598965E-02  2.46271840E-04
2.25338912E-01  7.57006481E-02  2.39351619E-04
2.25585588E-01  7.64841363E-02  2.48185272E-04
2.25832265E-01  7.47139305E-02  2.45115662E-04
2.26078941E-01  7.44391084E-02  2.44490016E-04
2.26325618E-01  7.44996294E-02  2.44792114E-04
2.26572294E-01  7.36400932E-02  2.42599373E-04
2.26818970E-01  7.31698945E-02  2.42627313E-04
2.27065647E-01  7.53698722E-02  2.42740702E-04
2.27312323E-01  7.67996088E-02  2.44302006E-04
2.27559000E-01  7.81057701E-02  2.51837191E-04
2.27805676E-01  7.36856535E-02  2.40179943E-04
2.28052352E-01  7.49653131E-02  2.41191476E-04
2.28299029E-01  7.52833113E-02  2.37004846E-04
2.28545705E-01  7.42709413E-02  2.37812710E-04
2.28792382E-01  7.41147250E-02  2.39358575E-04
2.29039058E-01  7.37518966E-02  2.37631626E-04
2.29285735E-01  7.34454319E-02  2.36328939E-04
2.29532411E-01  7.59934857E-02  2.40493478E-04
2.29779087E-01  7.56176189E-02  2.41390779E-04
2.30025764E-01  7.42086768E-02  2.37976841E-04
2.30272440E-01  7.23236650E-02  2.37477041E-04
2.30519117E-01  7.41991252E-02  2.34485313E-04
2.30765793E-01  7.40798935E-02  2.43169721E-04
2.31012470E-01  7.39558265E-02  2.46770564E-04
2.31259146E-01  7.32712224E-02  2.36656022E-04
2.31505822E-01  7.36082345E-02  2.37948290E-04
2.31752499E-01  7.49181733E-02  2.38832610E-04
2.31999175E-01  7.41394088E-02  2.35183034E-04
2.32245852E-01  7.27936551E-02  2.38267516E-04
2.32492528E-01  7.62898102E-02  2.36648077E-04
2.32739205E-01  7.56364763E-02  2.36496227E-04
2.32985881E-01  7.48764873E-02  2.42587674E-04
2.33232557E-01  7.41764009E-02  2.38775538E-04
2.33479234E-01  7.32699484E-02  2.33916086E-04
2.33725910E-01  7.46668056E-02  2.37718486E-04
2.33972587E-01  7.40107968E-02  2.37240019E-04
2.34219263E-01  7.56207034E-02  2.38673936E-04
2.34465939E-01  7.23344088E-02  2.35777552E-04
2.34712616E-01  7.40040541E-02  2.43531438E-04
2.34959292E-01  7.43087754E-02  2.39640314E-04
2.35205969E-01  7.44136199E-02  2.43006449E-04
2.35452645E-01  7.23633617E-02  2.37823915E-04
2.35699322E-01  7.29060471E-02  2.37243657E-04
2.35945998E-01  7.28151128E-02  2.40263747E-04
2.36192674E-01  7.35244304E-02  2.31179438E-04
2.36439351E-01  7.43873715E-02  2.38914858E-04
2.36686027E-01  7.41478726E-02  2.31950253E-04
2.36932704E-01  7.31486380E-02  2.35957254E-04
2.37179380E-01  7.30679184E-02  2.36180698E-04
2.37426057E-01  7.35586286E-02  2.30263846E-04
2.37672733E-01  7.42398798E-02  2.36669861E-04
2.37919409E-01  7.25853369E-02  2.32403414E-04
2.38166086E-01  7.43895546E-02  2.37079745E-04
2.38412762E-01  7.26739392E-02  2.34438470E-04
2.38659439E-01  7.14551285E-02  2.23182156E-04
2.38906115E-01  7.32017457E-02  2.33430968E-04
2.39152791E-01  7.11093023E-02  2.29325684E-04
2.39399468E-01  7.36202374E-02  2.35675077E-04
2.39646144E-01  7.55360052E-02  2.36563967E-04
2.39892821E-01  7.34102130E-02  2.31266822E-04
2.40139497E-01  7.47797787E-02  2.33808765E-04
2.40386174E-01  7.38476217E-02  2.35977626E-04
2.40632850E-01  7.39774480E-02  2.40586072E-04
2.40879526E-01  7.68813565E-02  2.40137757E-04
2.41126203E-01  7.40244389E-02  2.34341889E-04
2.41372879E-01  7.38100260E-02  2.33903658E-04
2.41619556E-01  7.42427781E-02  2.34193736E-04
2.41866232E-01  7.20464960E-02  2.33144892E-04
2.42112909E-01  7.44431689E-02  2.36460633E-04
2.42359585E-01  7.30066895E-02  2.33890882E-04
2.42606261E-01  7.55770802E-02  2.40170441E-04
2.42852938E-01  7.57815987E-02  2.43089482E-04
2.43099614E-01  7.60180503E-02  2.44566152E-04
2.43346291E-01  7.56115392E-02  2.39557150E-04
2.43592967E-01  7.57730529E-02  2.44365248E-04
2.43839644E-01  7.41529614E-02  2.48365133E-04
2.44086320E-01  7.46349841E-02  2.44029317E-04
2.44332996E-01  7.37385005E-02  2.43716073E-04
2.44579673E-01  7.37432688E-02  2.37072280E-04
2.44826349E-01  7.64255151E-02  2.39925910E-04
2.45073026E-01  7.38368258E-02  2.46069365E-04
2.45319702E-01  7.55659267E-02  2.47192860E-04
2.45566378E-01  7.49303252E-02  2.43408707E-04
2.45813055E-01  7.45204985E-02  2.44142313E-04
2.46059731E-01  7.60217682E-02  2.52257509E-04
2.46306408E-01  7.59888291E-02  2.46463285E-04
2.46553084E-01  7.63490051E-02  2.51371326E-04
2.46799761E-01  7.49148503E-02  2.54782615E-04
2.47046437E-01  7.26252720E-02  2.47540156E-04
2.47293113E-01  7.46944174E-02  2.53887265E-04
2.47539790E-01  7.47462139E-02  2.52080616E-04
2.47786466E-01  7.68812820E-02  2.58489046E-04
2.48033143E-01  7.50874951E-02  2.53221049E-04
2.48279819E-01  7.36035854E-02  2.60455650E-04
2.48526496E-01  7.63106346E-02  2.63550057E-04
2.48773172E-01  7.41266310E-02  2.60485918E-04
2.49019848E-01  7.51892328E-02  2.60874134E-04
2.49266525E-01  7.49154612E-02  2.58766115E-04
2.49513201E-01  7.46243373E-02  2.53368868E-04
2.49759878E-01  7.50455260E-02  2.65278999E-04
2.50006554E-01  7.41360784E-02  2.61141511E-04
2.50253230E-01  7.51774758E-02  2.62119109E-04
2.50499907E-01  7.35944882E-02  2.56564323E-04
2.50746583E-01  7.53859654E-02  2.62312009E-04
2.50993260E-01  7.32821301E-02  2.58331682E-04
2.51239936E-01  7.52607286E-02  2.60578527E-04
2.51486613E-01  7.43430555E-02  2.58435874E-04
2.51733289E-01  7.83801004E-02  2.64272734E-04
2.51979965E-01  7.80216232E-02  2.72707955E-04
2.52226642E-01  7.39252791E-02  2.59274500E-04
2.52473318E-01  7.37374648E-02  2.66806834E-04
2.52719995E-01  7.47011900E-02  2.65250448E-04
2.52966671E-01  7.28792995E-02  2.58247805E-04
2.53213348E-01  7.49516785E-02  2.61754583E-04
2.53460024E-01  7.37410337E-02  2.61750974E-04
2.53706700E-01  7.52235427E-02  2.68636388E-04
2.53953377E-01  7.49004111E-02  2.64165021E-04
2.54200053E-01  7.57684261E-02  2.62143090E-04
2.54446730E-01  7.60390759E-02  2.65400478E-04
2.54693406E-01  7.60847330E-02  2.59992783E-04
2.54940083E-01  7.46121407E-02  2.59808876E-04
2.55186759E-01  7.62158781E-02  2.56163126E-04
2.55433435E-01  7.60519877E-02  2.64216418E-04
2.55680112E-01  7.69949704E-02  2.54378770E-04
2.55926788E-01  7.57766142E-02  2.56969099E-04
2.56173465E-01  7.63941556E-02  2.58521177E-04
2.56420141E-01  7.66019225E-02  2.58839107E-04
2.56666817E-01  7.65844733E-02  2.60347122E-04
2.56913494E-01  7.62321576E-02  2.62597605E-04
2.57160170E-01  7.77306110E-02  2.56530446E-04
2.57406847E-01  7.68955275E-02  2.62452377E-04
2.57653523E-01  7.60139897E-02  2.52125756E-04
2.57900200E-01  7.45918229E-02  2.55586550E-04
2.58146876E-01  7.76352435E-02  2.60760396E-04
2.58393552E-01  7.52867609E-02  2.53504055E-04
2.58640229E-01  7.82353282E-02  2.57644715E-04
2.58886905E-01  7.51642287E-02  2.48582219E-04
2.59133582E-01  7.76671469E-02  2.55920459E-04
2.59380258E-01  7.65491724E-02  2.51357182E-04
2.59626935E-01  7.73306936E-02  2.64339615E-04
2.59873611E-01  7.34918788E-02  2.49907229E-04
2.60120287E-01  7.44868666E-02  2.48645840E-04
2.60366964E-01  7.61991143E-02  2.54585641E-04
2.60613640E-01  7.65260831E-02  2.56623112E-04
2.60860317E-01  7.58867040E-02  2.51708581E-04
2.61106993E-01  7.56504610E-02  2.52154539E-04
2.61353670E-01  7.61084259E-02  2.57023639E-04
2.61600346E-01  7.48107657E-02  2.49503442E-04
2.61847022E-01  7.59153515E-02  2.54428393E-04
2.62093699E-01  7.62057528E-02  2.49743258E-04
2.62340375E-01  7.78098926E-02  2.52736936E-04
2.62587052E-01  7.59522766E-02  2.54755927E-04
2.62833728E-01  7.66074732E-02  2.53246981E-04
2.63080404E-01  7.84357488E-02  2.57069973E-04
2.63327081E-01  7.86348209E-02  2.58799730E-04
2.63573757E-01  7.51726031E-02  2.55100953E-04
2.63820434E-01  7.66266584E-02  2.53104256E-04
2.64067110E-01  7.75736943E-02  2.52556725E-04
2.64313787E-01  7.77762234E-02  2.46652722E-04
2.64560463E-01  7.63826892E-02  2.52396392E-04
2.64807139E-01  7.59211704E-02  2.55552644E-04
2.65053816E-01  7.71350265E-02  2.54168146E-04
2.65300492E-01  8.00443068E-02  2.56881176E-04
2.65547169E-01  7.66885132E-02  2.46369687E-04
2.65793845E-01  7.91481733E-02  2.58983404E-04
2.66040522E-01  7.76922107E-02  2.54223181E-04
2.66287198E-01  7.48269185E-02  2.49455159E-04
2.66533874E-01  7.78103322E-02  2.55614432E-04
2.66780551E-01  7.67374262E-02  2.52479076E-04
2.67027227E-01  7.70890042E-02  2.58892571E-04
2.67273904E-01  7.68758133E-02  2.48026801E-04
2.67520580E-01  7.75396079E-02  2.50441517E-04
2.67767256E-01  7.69908950E-02  2.53144011E-04
2.68013933E-01  7.70051628E-02  2.53551523E-04
2.68260609E-01  7.63165057E-02  2.55999767E-04
2.68507286E-01  7.44948536E-02  2.47612392E-04
2.68753962E-01  7.65904784E-02  2.53667473E-04
2.69000639E-01  7.53654763E-02  2.49623670E-04
2.69247315E-01  7.71404952E-02  2.51380989E-04
2.69493991E-01  7.52861127E-02  2.50110344E-04
2.69740668E-01  7.72826821E-02  2.47261982E-04
2.69987344E-01  7.84295052E-02  2.52320810E-04
2.70234021E-01  7.88111910E-02  2.53807084E-04
2.70480697E-01  7.95207024E-02  2.61986279E-04
2.70727374E-01  7.73860887E-02  2.57013278E-04
2.70974050E-01  7.93314800E-02  2.56840052E-04
2.71220726E-01  7.81313255E-02  2.59965076E-04
2.71467403E-01  7.87596181E-02  2.64610426E-04
2.71714079E-01  7.75132999E-02  2.60080909E-04
2.71960756E-01  7.75872394E-02  2.61488254E-04
2.72207432E-01  7.79542029E-02  2.67239375E-04
2.72454109E-01  7.91836083E-02  2.69101409E-04
2.72700785E-01  7.63102248E-02  2.53839360E-04
2.72947461E-01  7.69770071E-02  2.64361850E-04
2.73194138E-01  7.55329579E-02  2.58576154E-04
2.73440814E-01  7.80298263E-02  2.62938673E-04
2.73687491E-01  7.74605572E-02  2.63584312E-04
2.73934167E-01  7.95527771E-02  2.61311128E-04
2.74180843E-01  7.85197765E-02  2.66023591E-04
2.74427520E-01  7.82984048E-02  2.61482201E-04
2.74674196E-01  7.78965205E-02  2.60639936E-04
2.74920873E-01  7.86203668E-02  2.66687217E-04
2.75167549E-01  7.94908106E-02  2.69196840E-04
2.75414226E-01  7.92371482E-02  2.67789204E-04
2.75660902E-01  7.76859745E-02  2.69086304E-04
2.75907578E-01  7.98254088E-02  2.77322921E-04
2.76154255E-01  7.94858634E-02  2.68371543E-04
2.76400931E-01  7.83439949E-02  2.65522365E-04
2.76647608E-01  7.78313652E-02  2.68653006E-04
2.76894284E-01  7.89629892E-02  2.65477342E-04
2.77140961E-01  7.90235698E-02  2.72680103E-04
2.77387637E-01  7.74448439E-02  2.65428593E-04
2.77634313E-01  7.78699443E-02  2.68517935E-04
2.77880990E-01  7.91206881E-02  2.67084397E-04
2.78127666E-01  7.91157186E-02  2.75345781E-04
2.78374343E-01  7.75430575E-02  2.71746016E-04
2.78621019E-01  7.70438015E-02  2.65299517E-04
2.78867695E-01  7.73989186E-02  2.72438192E-04
2.79114372E-01  7.87514076E-02  2.76246108E-04
2.79361048E-01  7.92873055E-02  2.76358420E-04
2.79607725E-01  7.85614178E-02  2.73192913E-04
2.79854401E-01  7.92204663E-02  2.69271724E-04
2.80101078E-01  7.92039931E-02  2.73205485E-04
2.80347754E-01  8.03238004E-02  2.72162462E-04
2.80594430E-01  7.96941593E-02  2.64368748E-04
2.80841107E-01  7.98696280E-02  2.72955163E-04
2.81087783E-01  8.17186534E-02  2.69633922E-04
2.81334460E-01  7.82347694E-02  2.68529722E-04
2.81581136E-01  7.96594769E-02  2.73182814E-04
2.81827813E-01  7.95992911E-02  2.72792298E-04
2.82074489E-01  7.94127882E-02  2.63972674E-04
2.82321165E-01  8.04475322E-02  2.68944335E-04
2.82567842E-01  8.05608705E-02  2.75287894E-04
2.82814518E-01  7.98979849E-02  2.76250357E-04
2.83061195E-01  7.87315443E-02  2.73895130E-04
2.83307871E-01  7.98238218E-02  2.69651704E-04
2.83554548E-01  7.82634988E-02  2.65010603E-04
2.83801224E-01  7.66993463E-02  2.63077847E-04
2.84047900E-01  7.84417614E-02  2.71121273E-04
2.84294577E-01  7.58138523E-02  2.65480980E-04
2.84541253E-01  8.02611336E-02  2.71046185E-04
2.84787930E-01  8.01160932E-02  2.77049839E-04
2.85034606E-01  7.96872228E-02  2.75443104E-04
2.85281282E-01  7.83727542E-02  2.68742588E-04
2.85527959E-01  7.82131180E-02  2.67542113E-04
2.85774635E-01  8.00048634E-02  2.72235629E-04
2.86021312E-01  7.85396621E-02  2.71181460E-04
2.86267988E-01  8.01455081E-02  2.77961983E-04
2.86514665E-01  7.92328715E-02  2.76722130E-04
2.86761341E-01  7.87404925E-02  2.72786303E-04
2.87008017E-01  7.73747787E-02  2.65678565E-04
2.87254694E-01  7.94423223E-02  2.68575328E-04
2.87501370E-01  7.75652230E-02  2.66674237E-04
2.87748047E-01  7.88588971E-02  2.76230072E-04
2.87994723E-01  7.91255459E-02  2.78560619E-04
2.88241400E-01  7.97732994E-02  2.79509521E-04
2.88488076E-01  7.75182396E-02  2.69855285E-04
2.88734752E-01  7.98589066E-02  2.72235571E-04
2.88981429E-01  7.83686116E-02  2.72227771E-04
2.89228105E-01  7.92643428E-02  2.74627178E-04
2.89474782E-01  7.79386684E-02  2.72746343E-04
2.89721458E-01  7.76319951E-02  2.70040124E-04
2.89968134E-01  7.81058893E-02  2.75959901E-04
2.90214811E-01  7.75014386E-02  2.68921023E-04
2.90461487E-01  7.65041038E-02  2.75147439E-04
2.90708164E-01  7.82098323E-02  2.76922277E-04
2.90954840E-01  8.03022608E-02  2.80179200E-04
2.91201517E-01  7.94086531E-02  2.74733669E-04
2.91448193E-01  7.90444314E-02  2.75050901E-04
2.91694869E-01  8.11389089E-02  2.67977564E-04
2.91941546E-01  7.99525529E-02  2.80806678E-04
2.92188222E-01  7.95176551E-02  2.71837780E-04
2.92434899E-01  8.03681463E-02  2.84565991E-04
2.92681575E-01  7.83702731E-02  2.77280982E-04
2.92928252E-01  7.71932304E-02  2.69285432E-04
2.93174928E-01  7.87865594E-02  2.74130405E-04
2.93421604E-01  7.69031420E-02  2.63412512E-04
2.93668281E-01  7.69774988E-02  2.67698866E-04
2.93914957E-01  7.88845867E-02  2.77651590E-04
2.94161634E-01  8.08756873E-02  2.75372120E-04
2.94408310E-01  7.68912062E-02  2.70759425E-04
2.94654987E-01  7.47156218E-02  2.64575850E-04
2.94901663E-01  7.87226930E-02  2.68001168E-04
2.95148339E-01  7.85915777E-02  2.71545548E-04
2.95395016E-01  7.88427815E-02  2.70009361E-04
2.95641692E-01  7.77081177E-02  2.74866266E-04
2.95888369E-01  8.12860504E-02  2.74851016E-04
2.96135045E-01  7.82180354E-02  2.68479722E-04
2.96381721E-01  7.88133889E-02  2.79166852E-04
2.96628398E-01  8.03639963E-02  2.67498544E-04
2.96875074E-01  7.99180493E-02  2.85108254E-04
2.97121751E-01  7.88858607E-02  2.66863062E-04
2.97368427E-01  7.96830133E-02  2.68291624E-04
2.97615104E-01  7.68082365E-02  2.70146789E-04
2.97861780E-01  7.82937929E-02  2.73499201E-04
2.98108456E-01  7.61642680E-02  2.68565695E-04
2.98355133E-01  7.96640068E-02  2.70734163E-04
2.98601809E-01  7.94449523E-02  2.76515580E-04
2.98848486E-01  7.76057690E-02  2.78249034E-04
2.99095162E-01  7.95943439E-02  2.72627833E-04
2.99341839E-01  7.92506114E-02  2.74234189E-04
2.99588515E-01  8.07101130E-02  2.86048918E-04
2.99835191E-01  7.85045400E-02  2.74932041E-04
3.00081868E-01  8.08057934E-02  2.84424081E-04
3.00328544E-01  8.00164416E-02  2.72724777E-04
3.00575221E-01  8.23822841E-02  2.85482471E-04
3.00821897E-01  8.09131190E-02  2.80611508E-04
3.01068574E-01  8.58711302E-02  2.87015573E-04
3.01315250E-01  8.68361890E-02  2.92957528E-04
3.01561926E-01  8.83538574E-02  2.99596402E-04
3.01808603E-01  8.98088962E-02  3.03374807E-04
3.02055279E-01  9.15984064E-02  3.04235524E-04
3.02301956E-01  9.50214639E-02  3.14081146E-04
3.02548632E-01  9.80861187E-02  3.12333548E-04
3.02795308E-01  1.03188343E-01  3.36457160E-04
3.03041985E-01  1.07856162E-01  3.41580046E-04
3.03288661E-01  1.09089032E-01  3.35821300E-04
3.03535338E-01  1.11827135E-01  3.41651496E-04
3.03782014E-01  1.09738767E-01  3.40110564E-04
3.04028691E-01  1.14314079E-01  3.49638867E-04
3.04275367E-01  1.21787243E-01  3.56176897E-04
3.04522043E-01  1.19802780E-01  3.56199365E-04
3.04768720E-01  1.20153904E-01  3.59803904E-04
3.05015396E-01  1.18838809E-01  3.53528711E-04
3.05262073E-01  1.18172713E-01  3.61376005E-04
3.05508749E-01  1.15632109E-01  3.50657414E-04
3.05755426E-01  1.12488776E-01  3.51760769E-04
3.06002102E-01  1.08609855E-01  3.41171457E-04
3.06248778E-01  1.02268860E-01  3.43376014E-04
3.06495455E-01  9.91281494E-02  3.20988445E-04
3.06742131E-01  9.49705765E-02  3.08347953E-04
3.06988808E-01  9.35856178E-02  3.10783013E-04
3.07235484E-01  9.07841772E-02  3.12924880E-04
3.07482160E-01  8.46596658E-02  2.89627089E-04
3.07728837E-01  8.31372142E-02  2.89517047E-04
3.07975513E-01  8.40699375E-02  2.90356955E-04
3.08222190E-01  8.06678981E-02  2.88319890E-04
3.08468866E-01  7.91782290E-02  2.81383866E-04
3.08715543E-01  7.94474632E-02  2.78790423E-04
3.08962219E-01  7.88417757E-02  2.74476857E-04
3.09208895E-01  7.97566101E-02  2.80163018E-04
3.09455572E-01  7.89936036E-02  2.89270567E-04
3.09702248E-01  7.85746649E-02  2.75390776E-04
3.09948925E-01  7.79958516E-02  2.87053699E-04
3.10195601E-01  7.81183168E-02  2.77198182E-04
3.10442278E-01  7.97538012E-02  2.75823841E-04
3.10688954E-01  7.84399211E-02  2.77443702E-04
3.10935630E-01  7.84057379E-02  2.70263525E-04
3.11182307E-01  8.00020918E-02  2.78149935E-04
3.11428983E-01  7.81479478E-02  2.77351035E-04
3.11675660E-01  7.68338814E-02  2.78363208E-04
3.11922336E-01  7.70268142E-02  2.75815313E-04
3.12169013E-01  7.86028504E-02  2.73520593E-04
3.12415689E-01  7.70412534E-02  2.78142717E-04
3.12662365E-01  7.94144720E-02  2.80553213E-04
3.12909042E-01  7.69793093E-02  2.67799624E-04
3.13155718E-01  7.72978067E-02  2.81129411E-04
3.13402395E-01  7.81439617E-02  2.65561568E-04
3.13649071E-01  7.64580294E-02  2.67749623E-04
3.13895747E-01  7.79776424E-02  2.76815321E-04
3.14142424E-01  7.67228231E-02  2.75008439E-04
3.14389100E-01  7.52313212E-02  2.75396073E-04
3.14635777E-01  7.79365748E-02  2.76654231E-04
3.14882453E-01  7.68220648E-02  2.76240375E-04
3.15129130E-01  7.95375556E-02  2.82355584E-04
3.15375806E-01  7.80962408E-02  2.78193533E-04
3.15622482E-01  7.84555003E-02  2.81876128E-04
3.15869159E-01  7.90990666E-02  2.76697392E-04
3.16115835E-01  7.86078945E-02  2.82318360E-04
3.16362512E-01  7.87460580E-02  2.76471488E-04
3.16609188E-01  7.85207152E-02  2.86453782E-04
3.16855865E-01  7.73437619E-02  2.73277168E-04
3.17102541E-01  7.64507651E-02  2.65411480E-04
3.17349217E-01  7.68218562E-02  2.72990612E-04
3.17595894E-01  7.78864399E-02  2.78645020E-04
3.17842570E-01  7.70829618E-02  2.74917576E-04
3.18089247E-01  7.77358860E-02  2.75600731E-04
3.18335923E-01  7.71468356E-02  2.66777177E-04
3.18582599E-01  7.87118822E-02  2.78114720E-04
3.18829276E-01  7.83786401E-02  2.74654041E-04
3.19075952E-01  7.68401846E-02  2.75492814E-04
3.19322629E-01  7.72757009E-02  2.72516219E-04
3.19569305E-01  7.97601566E-02  2.80328968E-04
3.19815982E-01  7.65116960E-02  2.77008483E-04
3.20062658E-01  7.82308802E-02  2.71675439E-04
3.20309334E-01  7.86893442E-02  2.71085737E-04
3.20556011E-01  7.99868852E-02  2.85486167E-04
3.20802687E-01  7.88135082E-02  2.77249201E-04
3.21049364E-01  7.75090232E-02  2.69193057E-04
3.21296040E-01  7.74752945E-02  2.73028942E-04
3.21542717E-01  7.99082592E-02  2.87299132E-04
3.21789393E-01  7.93483481E-02  2.77518557E-04
3.22036069E-01  7.94197470E-02  2.85614777E-04
3.22282746E-01  7.82390609E-02  2.71707861E-04
3.22529422E-01  7.87398815E-02  2.77627551E-04
3.22776099E-01  7.89613202E-02  2.76118197E-04
3.23022775E-01  7.95015693E-02  2.91860575E-04
3.23269452E-01  7.82001987E-02  2.79800966E-04
3.23516128E-01  7.92517364E-02  2.77560437E-04
3.23762804E-01  7.83757195E-02  2.78392370E-04
3.24009481E-01  8.15601572E-02  2.79542408E-04
3.24256157E-01  8.05179626E-02  2.84815178E-04
3.24502834E-01  7.84462467E-02  2.71462428E-04
3.24749510E-01  8.25561658E-02  2.87605653E-04
3.24996186E-01  7.97537491E-02  2.87807372E-04
3.25242863E-01  8.03284645E-02  2.76408216E-04
3.25489539E-01  7.66479820E-02  2.76205246E-04
3.25736216E-01  7.92761892E-02  2.78683729E-04
3.25982892E-01  7.93258101E-02  2.83637055E-04
3.26229569E-01  8.26600641E-02  2.88914162E-04
3.26476245E-01  8.08827132E-02  2.80271866E-04
3.26722921E-01  7.81721249E-02  2.73520534E-04
3.26969598E-01  7.94922784E-02  2.80606269E-04
3.27216274E-01  8.15309137E-02  2.91925273E-04
3.27462951E-01  8.03802609E-02  2.93552148E-04
3.27709627E-01  8.14634040E-02  2.80488486E-04
3.27956304E-01  7.96256438E-02  2.88040203E-04
3.28202980E-01  8.13527405E-02  2.84463196E-04
3.28449656E-01  7.89151490E-02  2.77887710E-04
3.28696333E-01  7.86300078E-02  2.76929932E-04
3.28943009E-01  7.85792843E-02  2.78421183E-04
3.29189686E-01  8.05487037E-02  2.89487216E-04
3.29436362E-01  8.13949779E-02  2.78356980E-04
3.29683039E-01  7.92471841E-02  2.76987237E-04
3.29929715E-01  8.19539651E-02  2.84226320E-04
3.30176391E-01  8.02164748E-02  2.85067275E-04
3.30423068E-01  8.28712583E-02  2.81948422E-04
3.30669744E-01  7.87386745E-02  2.82547408E-04
3.30916421E-01  8.02529976E-02  2.78446329E-04
3.31163097E-01  8.18218514E-02  2.78791704E-04
3.31409773E-01  8.03826377E-02  2.80540437E-04
3.31656450E-01  8.11532065E-02  2.74978229E-04
3.31903126E-01  8.08104128E-02  2.76379491E-04
3.32149803E-01  8.14106688E-02  2.91485077E-04
3.32396479E-01  8.06492344E-02  2.77282263E-04
3.32643156E-01  8.03875029E-02  2.88542156E-04
3.32889832E-01  8.18308145E-02  2.82704073E-04
3.33136508E-01  8.10520574E-02  2.84500595E-04
3.33383185E-01  8.24517310E-02  2.99388368E-04
3.33629861E-01  7.97192380E-02  2.83231144E-04
3.33876538E-01  8.18724036E-02  2.92122480E-04
3.34123214E-01  8.33996534E-02  2.81582790E-04
3.34369891E-01  8.21400359E-02  2.89499789E-04
3.34616567E-01  8.10350776E-02  2.88049836E-04
3.34863243E-01  8.25094804E-02  2.83844100E-04
3.35109920E-01  8.22754875E-02  3.02690780E-04
3.35356596E-01  8.22305679E-02  2.89664342E-04
3.35603273E-01  8.31670836E-02  2.91430159E-04
3.35849949E-01  8.23245570E-02  2.84422014E-04
3.36096625E-01  8.25418830E-02  2.90962809E-04
3.36343302E-01  8.24635774E-02  2.92640616E-04
3.36589978E-01  8.12768415E-02  2.83676432E-04
3.36836655E-01  8.08876008E-02  2.77263898E-04
3.37083331E-01  8.50324705E-02  2.88284849E-04
3.37330008E-01  8.45132172E-02  2.88274197E-04
3.37576684E-01  8.15809071E-02  2.95016245E-04
3.37823360E-01  8.41843635E-02  2.86861847E-04
3.38070037E-01  8.46124962E-02  2.90412107E-04
3.38316713E-01  8.16421360E-02  2.90224474E-04
3.38563390E-01  8.30584019E-02  2.96184473E-04
3.38810066E-01  8.22876021E-02  2.87299190E-04
3.39056743E-01  8.26035291E-02  2.78900552E-04
3.39303419E-01  8.16502273E-02  2.83658184E-04
3.39550095E-01  7.92501271E-02  2.75194383E-04
3.39796772E-01  8.33325610E-02  2.85168993E-04
3.40043448E-01  8.28635544E-02  2.91702367E-04
3.40290125E-01  8.28682557E-02  2.80085893E-04
3.40536801E-01  8.42123777E-02  2.89993128E-04
3.40783478E-01  8.54102373E-02  2.94097001E-04
3.41030154E-01  8.44722092E-02  3.01640801E-04
3.41276830E-01  8.17665234E-02  2.89214309E-04
3.41523507E-01  8.29471424E-02  2.85624730E-04
3.41770183E-01  8.22672397E-02  2.82886438E-04
3.42016860E-01  8.29808041E-02  2.94437603E-04
3.42263536E-01  8.12083855E-02  2.80121429E-04
3.42510212E-01  8.20429549E-02  2.97492807E-04
3.42756889E-01  8.36606249E-02  2.91962089E-04
3.43003565E-01  8.30054209E-02  2.91078613E-04
3.43250242E-01  8.25598389E-02  2.93386081E-04
3.43496918E-01  8.30930546E-02  2.84107693E-04
3.43743595E-01  8.27882290E-02  2.86775146E-04
3.43990271E-01  8.11852664E-02  2.87617004E-04
3.44236947E-01  8.04047361E-02  2.71706580E-04
3.44483624E-01  8.11913460E-02  2.87017872E-04
3.44730300E-01  7.98515752E-02  2.83889036E-04
3.44976977E-01  8.39229822E-02  2.86940980E-04
3.45223653E-01  8.14831704E-02  2.79624946E-04
3.45470330E-01  8.17447901E-02  2.85335060E-04
3.45717006E-01  8.25938359E-02  2.90345255E-04
3.45963682E-01  8.45735669E-02  2.87535135E-04
3.46210359E-01  8.08338225E-02  2.83613947E-04
3.46457035E-01  8.31152499E-02  2.93999212E-04
3.46703712E-01  7.98322484E-02  2.83088913E-04
3.46950388E-01  7.86226690E-02  2.76613049E-04
3.47197064E-01  7.98939094E-02  2.89340765E-04
3.47443741E-01  7.96477050E-02  2.83537403E-04
3.47690417E-01  8.18571448E-02  2.84190144E-04
3.47937094E-01  7.98238963E-02  2.81016866E-04
3.48183770E-01  8.00065398E-02  2.81816669E-04
3.48430447E-01  8.28232020E-02  2.91708275E-04
3.48677123E-01  8.26360211E-02  2.86833412E-04
3.48923799E-01  8.08673799E-02  2.74614198E-04
3.49170476E-01  8.15026537E-02  2.87997507E-04
3.49417152E-01  7.97489882E-02  2.86993221E-04
3.49663829E-01  7.88029879E-02  2.86478898E-04
3.49910505E-01  8.32188800E-02  2.83596310E-04
3.50157182E-01  8.16398188E-02  2.84916197E-04
3.50403858E-01  7.88251609E-02  2.78111926E-04
3.50650534E-01  8.11490789E-02  2.90992379E-04
3.50897211E-01  8.00738782E-02  2.81830435E-04
3.51143887E-01  8.05992633E-02  2.81037093E-04
3.51390564E-01  7.94486627E-02  2.78041523E-04
3.51637240E-01  8.05248767E-02  2.77922343E-04
3.51883917E-01  8.34675282E-02  2.83298636E-04
3.52130593E-01  8.00520107E-02  2.77943240E-04
3.52377269E-01  7.78865367E-02  2.74534017E-04
3.52623946E-01  8.04958045E-02  2.80968030E-04
3.52870622E-01  7.93194026E-02  2.71909899E-04
3.53117299E-01  8.03936422E-02  2.73468264E-04
3.53363975E-01  7.78169185E-02  2.78979482E-04
3.53610651E-01  7.93521628E-02  2.82806985E-04
3.53857328E-01  7.89177120E-02  2.85326183E-04
3.54104004E-01  7.79188275E-02  2.78007996E-04
3.54350681E-01  7.88539872E-02  2.80743523E-04
3.54597357E-01  7.79412612E-02  2.70139397E-04
3.54844034E-01  7.78813958E-02  2.77441519E-04
3.55090710E-01  8.01227689E-02  2.77236482E-04
3.55337386E-01  7.97713995E-02  2.81540619E-04
3.55584063E-01  7.87676275E-02  2.78531836E-04
3.55830739E-01  7.49059096E-02  2.70136195E-04
3.56077416E-01  7.78549835E-02  2.84157111E-04
3.56324092E-01  7.69541040E-02  2.71312310E-04
3.56570769E-01  7.86066651E-02  2.74805294E-04
3.56817445E-01  8.09352621E-02  2.83509260E-04
3.57064121E-01  7.82131478E-02  2.82392808E-04
3.57310798E-01  7.84436613E-02  2.80266977E-04
3.57557474E-01  8.08161497E-02  2.86497787E-04
3.57804151E-01  7.91947320E-02  2.75463157E-04
3.58050827E-01  7.79423863E-02  2.79895408E-04
3.58297503E-01  7.76698962E-02  2.79107946E-04
3.58544180E-01  7.58560747E-02  2.78466061E-04
3.58790856E-01  7.74134099E-02  2.83115631E-04
3.59037533E-01  7.68306404E-02  2.78260821E-04
3.59284209E-01  7.85378590E-02  2.78908963E-04
3.59530886E-01  7.69078732E-02  2.81489163E-04
3.59777562E-01  7.74029866E-02  2.74335063E-04
3.60024238E-01  7.81344250E-02  2.77923566E-04
3.60270915E-01  7.70469904E-02  2.77388172E-04
3.60517591E-01  7.49483630E-02  2.78037449E-04
3.60764268E-01  7.82673061E-02  2.77025189E-04
3.61010944E-01  7.38912821E-02  2.73300655E-04
3.61257621E-01  7.65628293E-02  2.76838313E-04
3.61504297E-01  7.92391077E-02  2.83991423E-04
3.61750973E-01  7.78853148E-02  2.87860050E-04
3.61997650E-01  7.58474022E-02  2.82670400E-04
3.62244326E-01  7.43485168E-02  2.71323486E-04
3.62491003E-01  7.83737227E-02  2.79544474E-04
3.62737679E-01  7.59800822E-02  2.64929462E-04
3.62984356E-01  7.65034109E-02  2.77011655E-04
3.63231032E-01  7.70330578E-02  2.81029003E-04
3.63477708E-01  7.54727721E-02  2.72079313E-04
3.63724385E-01  7.70074502E-02  2.77373561E-04
3.63971061E-01  7.71884471E-02  2.75932049E-04
3.64217738E-01  7.55164251E-02  2.71247525E-04
3.64464414E-01  7.68979564E-02  2.66725867E-04
3.64711090E-01  7.32067451E-02  2.71671888E-04
3.64957767E-01  7.66029060E-02  2.80792010E-04
3.65204443E-01  7.52053633E-02  2.68459029E-04
3.65451120E-01  7.54084960E-02  2.76257517E-04
3.65697796E-01  7.31347203E-02  2.70984136E-04
3.65944473E-01  7.51687363E-02  2.71183701E-04
3.66191149E-01  7.53265321E-02  2.76573061E-04
3.66437825E-01  7.39631876E-02  2.69053387E-04
3.66684502E-01  7.68480748E-02  2.81055312E-04
3.66931178E-01  7.53030404E-02  2.73472077E-04
3.67177855E-01  7.53722638E-02  2.73744663E-04
3.67424531E-01  7.44648352E-02  2.75928585E-04
3.67671208E-01  7.75585026E-02  2.70661607E-04
3.67917884E-01  7.67186657E-02  2.74855964E-04
3.68164560E-01  7.36372620E-02  2.63011898E-04
3.68411237E-01  7.39236996E-02  2.72660778E-04
3.68657913E-01  7.52502382E-02  2.71114870E-04
3.68904590E-01  7.37393722E-02  2.73148093E-04
3.69151266E-01  7.55830482E-02  2.71859841E-04
3.69397943E-01  7.29524642E-02  2.68273987E-04
3.69644619E-01  7.27363527E-02  2.64809583E-04
3.69891295E-01  7.39821941E-02  2.63028953E-04
3.70137972E-01  7.65464231E-02  2.76151201E-04
3.70384648E-01  7.67520145E-02  2.65526789E-04
3.70631325E-01  7.44440779E-02  2.65473587E-04
3.70878001E-01  7.47215301E-02  2.62427784E-04
3.71124677E-01  7.30804652E-02  2.64347793E-04
3.71371354E-01  7.53562152E-02  2.70233606E-04
3.71618030E-01  7.54877180E-02  2.71743396E-04
3.71864707E-01  7.30615482E-02  2.71075638E-04
3.72111383E-01  7.42603242E-02  2.71897035E-04
3.72358060E-01  7.30975941E-02  2.71952391E-04
3.72604736E-01  7.41483718E-02  2.67869444E-04
3.72851412E-01  7.55211785E-02  2.62318412E-04
3.73098089E-01  7.32003674E-02  2.61406851E-04
3.73344765E-01  7.40380436E-02  2.67332303E-04
3.73591442E-01  7.45589808E-02  2.71050638E-04
3.73838118E-01  7.49588013E-02  2.75605853E-04
3.74084795E-01  7.50499964E-02  2.72221660E-04
3.74331471E-01  7.24556595E-02  2.69626791E-04
3.74578147E-01  7.39530921E-02  2.71849131E-04
3.74824824E-01  7.29808062E-02  2.62185349E-04
3.75071500E-01  7.45077059E-02  2.79456406E-04
3.75318177E-01  7.27417320E-02  2.64154165E-04
3.75564853E-01  7.34717846E-02  2.70198390E-04
3.75811529E-01  7.40394220E-02  2.71316356E-04
3.76058206E-01  7.47864619E-02  2.68442906E-04
3.76304882E-01  7.32042268E-02  2.72092817E-04
3.76551559E-01  7.49814510E-02  2.72091042E-04
3.76798235E-01  7.69326985E-02  2.69947195E-04
3.77044912E-01  7.36011490E-02  2.74779770E-04
3.77291588E-01  7.40426257E-02  2.68894422E-04
3.77538264E-01  7.64291957E-02  2.75273836E-04
3.77784941E-01  7.27890581E-02  2.72351492E-04
3.78031617E-01  7.19752088E-02  2.67347059E-04
3.78278294E-01  7.68938661E-02  2.76126462E-04
3.78524970E-01  7.39049017E-02  2.69311073E-04
3.78771647E-01  7.41112754E-02  2.69588054E-04
3.79018323E-01  7.19308481E-02  2.61851004E-04
3.79264999E-01  7.35413730E-02  2.76299455E-04
3.79511676E-01  7.52195045E-02  2.73553072E-04
3.79758352E-01  7.26426318E-02  2.63323978E-04
3.80005029E-01  7.45424554E-02  2.68081378E-04
3.80251705E-01  7.44237900E-02  2.71375786E-04
3.80498382E-01  7.41497576E-02  2.60138244E-04
3.80745058E-01  7.38303363E-02  2.74878228E-04
3.80991734E-01  7.39048943E-02  2.73744139E-04
3.81238411E-01  7.34485760E-02  2.74217193E-04
3.81485087E-01  7.47650340E-02  2.84294132E-04
3.81731764E-01  7.32638016E-02  2.79083033E-04
3.81978440E-01  7.45975748E-02  2.91144592E-04
3.82225116E-01  7.50901923E-02  2.87803909E-04
3.82471793E-01  7.57457241E-02  2.93508579E-04
3.82718469E-01  7.59677514E-02  2.94417230E-04
3.82965146E-01  7.42301196E-02  2.86155991E-04
3.83211822E-01  7.45306388E-02  3.04440182E-04
3.83458499E-01  7.31298849E-02  2.90941156E-04
3.83705175E-01  7.48177469E-02  2.98338622E-04
3.83951851E-01  7.24962428E-02  2.90020107E-04
3.84198528E-01  7.55666569E-02  2.97044724E-04
3.84445204E-01  7.07978383E-02  2.89544987E-04
3.84691881E-01  7.34271705E-02  2.95995589E-04
3.84938557E-01  7.28897303E-02  3.06654896E-04
3.85185234E-01  7.11340904E-02  2.94711208E-04
3.85431910E-01  7.27518648E-02  3.13592027E-04
3.85678586E-01  7.54568204E-02  3.01591208E-04
3.85925263E-01  7.42378980E-02  3.09831579E-04
3.86171939E-01  7.11600333E-02  3.06962436E-04
3.86418616E-01  7.64655098E-02  3.23049317E-04
3.86665292E-01  7.27619603E-02  3.01449210E-04
3.86911968E-01  7.38425851E-02  3.01568478E-04
3.87158645E-01  7.50449523E-02  3.12324555E-04
3.87405321E-01  7.36211464E-02  3.06737813E-04
3.87651998E-01  7.45486841E-02  3.14486620E-04
3.87898674E-01  7.11746961E-02  3.02713626E-04
3.88145351E-01  7.43879378E-02  3.20405175E-04
3.88392027E-01  7.52220303E-02  3.22312495E-04
3.88638703E-01  7.38472790E-02  3.19150888E-04
3.88885380E-01  7.43597448E-02  3.12514545E-04
3.89132056E-01  7.30309412E-02  3.22624546E-04
3.89378733E-01  7.61356279E-02  3.22646345E-04
3.89625409E-01  7.30192289E-02  3.34565440E-04
3.89872086E-01  7.27531463E-02  3.21405241E-04
3.90118762E-01  7.33930171E-02  3.29790288E-04
3.90365438E-01  7.43862092E-02  3.06086324E-04
3.90612115E-01  7.23170266E-02  3.09953524E-04
3.90858791E-01  7.20775425E-02  2.97475432E-04
3.91105468E-01  7.72762150E-02  3.12525255E-04
3.91352144E-01  7.13636801E-02  3.07565817E-04
3.91598821E-01  7.47155771E-02  3.01960274E-04
3.91845497E-01  7.54951537E-02  3.00772692E-04
3.92092173E-01  7.42869303E-02  3.07997136E-04
3.92338850E-01  7.41857290E-02  3.02133063E-04
3.92585526E-01  7.63202235E-02  3.09782277E-04
3.92832203E-01  7.74802864E-02  3.09802475E-04
3.93078879E-01  7.27070197E-02  3.00681073E-04
3.93325555E-01  7.30736628E-02  2.95737787E-04
3.93572232E-01  7.34364837E-02  3.03945999E-04
3.93818908E-01  7.30005205E-02  3.02473258E-04
3.94065585E-01  7.32049718E-02  3.04858375E-04
3.94312261E-01  7.40483105E-02  2.91475822E-04
3.94558938E-01  7.45980367E-02  2.97457154E-04
3.94805614E-01  7.37416372E-02  2.97285151E-04
3.95052290E-01  7.33022690E-02  2.98043218E-04
3.95298967E-01  7.55616426E-02  3.02582979E-04
3.95545643E-01  7.42198154E-02  2.93470337E-04
3.95792320E-01  7.51682073E-02  2.93372490E-04
3.96038996E-01  7.26687312E-02  2.97895545E-04
3.96285673E-01  7.51296058E-02  3.00740969E-04
3.96532349E-01  7.40276799E-02  2.90898868E-04
3.96779025E-01  7.36428350E-02  2.88777315E-04
3.97025702E-01  7.25762025E-02  2.85919261E-04
3.97272378E-01  7.39021823E-02  2.93993246E-04
3.97519055E-01  7.27351978E-02  2.81863060E-04
3.97765731E-01  7.73573741E-02  2.98530678E-04
3.98012407E-01  7.18390569E-02  2.93288991E-04
3.98259084E-01  6.99621737E-02  2.87227740E-04
3.98505760E-01  7.49107674E-02  2.92150682E-04
3.98752437E-01  7.66840354E-02  2.91477016E-04
3.98999113E-01  7.45184943E-02  2.97143444E-04
3.99245790E-01  7.32813179E-02  2.91921984E-04
3.99492466E-01  7.27401301E-02  2.87603529E-04
3.99739142E-01  7.40213916E-02  2.90568802E-04
3.99985819E-01  7.42527246E-02  2.90909316E-04
4.00232495E-01  7.30609745E-02  2.89580552E-04
4.00479172E-01  7.49057755E-02  2.92610261E-04
4.00725848E-01  7.51973540E-02  2.85369664E-04
4.00972525E-01  7.07931668E-02  2.90927972E-04
4.01219201E-01  7.31031448E-02  2.86318565E-04
4.01465877E-01  7.34258965E-02  2.85280315E-04
4.01712554E-01  7.29748905E-02  2.86027062E-04
4.01959230E-01  7.26310611E-02  2.96416052E-04
4.02205907E-01  7.42727220E-02  2.88752082E-04
4.02452583E-01  7.43771195E-02  2.83228641E-04
4.02699260E-01  7.42288679E-02  2.99278996E-04
4.02945936E-01  7.41649345E-02  2.90798373E-04
4.03192612E-01  7.18006417E-02  2.81058135E-04
4.03439289E-01  7.40161166E-02  2.94076046E-04
4.03685965E-01  7.18853027E-02  2.92108394E-04
4.03932642E-01  7.16984645E-02  2.78936786E-04
4.04179318E-01  7.17247352E-02  2.81734829E-04
4.04425994E-01  7.30812103E-02  2.77248997E-04
4.04672671E-01  7.32950494E-02  2.79990840E-04
4.04919347E-01  7.22222626E-02  2.86843744E-04
4.05166024E-01  7.33990446E-02  2.82146153E-04
4.05412700E-01  7.36096427E-02  2.94897385E-04
4.05659377E-01  7.56764933E-02  2.92396435E-04
4.05906053E-01  7.39885047E-02  2.92599929E-04
4.06152729E-01  7.25024045E-02  2.87668343E-04
4.06399406E-01  7.23952726E-02  2.80163717E-04
4.06646082E-01  7.40732923E-02  2.87726434E-04
4.06892759E-01  7.13348463E-02  2.77876679E-04
4.07139435E-01  7.33464509E-02  2.93000630E-04
4.07386112E-01  7.50046670E-02  2.96849175E-04
4.07632788E-01  7.33041763E-02  2.79593660E-04
4.07879464E-01  7.43019208E-02  2.87537114E-04
4.08126141E-01  7.51255229E-02  2.89586693E-04
4.08372817E-01  7.31174797E-02  2.83847796E-04
4.08619494E-01  7.26800784E-02  2.88435374E-04
4.08866170E-01  7.13282153E-02  2.71986792E-04
4.09112847E-01  7.30559155E-02  2.88896845E-04
4.09359523E-01  7.58623555E-02  2.85247370E-04
4.09606199E-01  7.29042813E-02  2.84599198E-04
4.09852876E-01  7.41281658E-02  2.93277815E-04
4.10099552E-01  7.57613257E-02  2.95346283E-04
4.10346229E-01  7.34745190E-02  2.84586626E-04
4.10592905E-01  7.33290985E-02  2.78084364E-04
4.10839581E-01  7.37526193E-02  2.85932998E-04
4.11086258E-01  7.33641759E-02  2.79739208E-04
4.11332934E-01  7.43797198E-02  2.92379467E-04
4.11579611E-01  7.31610209E-02  2.85528280E-04
4.11826287E-01  7.44853020E-02  2.84898764E-04
4.12072964E-01  7.39315748E-02  2.89373827E-04
4.12319640E-01  7.41113722E-02  2.93961435E-04
4.12566316E-01  7.43426457E-02  2.84357258E-04
4.12812993E-01  7.50529841E-02  2.84115988E-04
4.13059669E-01  7.48898461E-02  2.88941024E-04
4.13306346E-01  7.49877542E-02  2.88345298E-04
4.13553022E-01  7.32804462E-02  2.91588745E-04
4.13799699E-01  7.24412948E-02  2.89466057E-04
4.14046375E-01  7.36048073E-02  2.91393808E-04
4.14293051E-01  7.35133737E-02  2.93039280E-04
4.14539728E-01  7.20606446E-02  2.84620153E-04
4.14786404E-01  7.14262798E-02  2.72312638E-04
4.15033081E-01  7.16858208E-02  2.81580084E-04
4.15279757E-01  7.51043409E-02  2.90390337E-04
4.15526433E-01  7.47637600E-02  2.83293804E-04
4.15773110E-01  7.35496506E-02  2.91662582E-04
4.16019786E-01  7.32714459E-02  2.85271584E-04
4.16266463E-01  7.35793859E-02  2.86005816E-04
4.16513139E-01  7.11148605E-02  2.85894232E-04
4.16759816E-01  7.37209693E-02  2.84415379E-04
4.17006492E-01  7.30617642E-02  2.88277166E-04
4.17253168E-01  7.36495927E-02  2.82899768E-04
4.17499845E-01  7.42983297E-02  2.87750270E-04
4.17746521E-01  7.38527998E-02  2.87728530E-04
4.17993198E-01  7.19736665E-02  2.93063844E-04
4.18239874E-01  7.29596391E-02  2.78897525E-04
4.18486551E-01  7.44740665E-02  2.79383006E-04
4.18733227E-01  7.24743381E-02  2.77771178E-04
4.18979903E-01  7.29664862E-02  2.88736075E-04
4.19226580E-01  7.40305036E-02  2.83686240E-04
4.19473256E-01  7.50173256E-02  2.92126701E-04
4.19719933E-01  7.47194365E-02  2.86418595E-04
4.19966609E-01  7.37870261E-02  2.85321352E-04
4.20213286E-01  7.28819221E-02  2.84653564E-04
4.20459962E-01  7.11364001E-02  2.76771549E-04
4.20706638E-01  7.45429024E-02  2.84672657E-04
4.20953315E-01  7.36508891E-02  2.88830546E-04
4.21199991E-01  7.38736913E-02  2.91651930E-04
4.21446668E-01  7.47170299E-02  2.85011425E-04
4.21693344E-01  7.50479847E-02  2.85303773E-04
4.21940020E-01  7.34631792E-02  2.81740446E-04
4.22186697E-01  7.52464384E-02  2.94741476E-04
4.22433373E-01  7.39669427E-02  2.88430019E-04
4.22680050E-01  7.39806071E-02  2.87932227E-04
4.22926726E-01  7.38928914E-02  2.82642111E-04
4.23173403E-01  7.39274323E-02  2.80386215E-04
4.23420079E-01  7.31504261E-02  2.86649447E-04
4.23666755E-01  7.36068934E-02  2.83151341E-04
4.23913432E-01  7.46419355E-02  2.85795075E-04
4.24160108E-01  7.26741180E-02  2.81781133E-04
4.24406785E-01  7.28803203E-02  2.82410823E-04
4.24653461E-01  7.24363402E-02  2.78747117E-04
4.24900138E-01  7.26828873E-02  2.77412910E-04
4.25146814E-01  7.39117786E-02  2.80041888E-04
4.25393490E-01  6.92447051E-02  2.75482802E-04
4.25640167E-01  7.32868463E-02  2.81301182E-04
4.25886843E-01  7.35504627E-02  2.93112447E-04
4.26133520E-01  7.47043416E-02  2.90194323E-04
4.26380196E-01  7.26002678E-02  2.84112873E-04
4.26626872E-01  7.41407797E-02  2.79107393E-04
4.26873549E-01  7.21451566E-02  2.86590745E-04
4.27120225E-01  7.30421022E-02  2.76384439E-04
4.27366902E-01  7.12273493E-02  2.78739259E-04
4.27613578E-01  7.24031031E-02  2.82331457E-04
4.27860255E-01  7.17468485E-02  2.80334352E-04
4.28106931E-01  7.32592717E-02  2.83175352E-04
4.28353607E-01  7.17080906E-02  2.83893227E-04
4.28600284E-01  7.40469992E-02  2.87023897E-04
4.28846960E-01  7.47958198E-02  2.83532048E-04
4.29093637E-01  7.21817538E-02  2.80125532E-04
4.29340313E-01  7.30776042E-02  2.78051361E-04
4.29586990E-01  6.88119009E-02  2.70235876E-04
4.29833666E-01  7.28291869E-02  2.78077699E-04
4.30080342E-01  7.51842335E-02  2.87042174E-04
4.30327019E-01  7.16897845E-02  2.72296515E-04
4.30573695E-01  7.26813525E-02  2.87652016E-04
4.30820372E-01  7.29394481E-02  2.85241113E-04
4.31067048E-01  7.37142265E-02  2.86182709E-04
4.31313725E-01  7.22569898E-02  2.75743339E-04
4.31560401E-01  7.37543628E-02  2.85261427E-04
4.31807077E-01  7.45700225E-02  2.87132803E-04
4.32053754E-01  7.39244223E-02  2.85146001E-04
4.32300430E-01  7.29407072E-02  2.82389927E-04
4.32547107E-01  7.27319494E-02  2.81962159E-04
4.32793783E-01  7.22356811E-02  2.82116991E-04
4.33040459E-01  7.49078542E-02  2.91303237E-04
4.33287136E-01  7.26495832E-02  2.85966089E-04
4.33533812E-01  7.37787187E-02  2.91923963E-04
4.33780489E-01  7.41825774E-02  2.87052942E-04
4.34027165E-01  7.47309700E-02  2.88343930E-04
4.34273842E-01  7.27047473E-02  2.85363087E-04
4.34520518E-01  7.03989342E-02  2.80067878E-04
4.34767194E-01  7.19335452E-02  2.82633089E-04
4.35013871E-01  7.50730261E-02  2.90940749E-04
4.35260547E-01  7.20472261E-02  2.84177397E-04
4.35507224E-01  7.37752989E-02  2.86107679E-04
4.35753900E-01  7.33326524E-02  2.86863011E-04
4.36000577E-01  7.11156800E-02  2.81946181E-04
4.36247253E-01  7.30876625E-02  2.79331667E-04
4.36493929E-01  7.38647804E-02  2.86259456E-04
4.36740606E-01  7.37045854E-02  2.84434354E-04
4.36987282E-01  7.40820840E-02  2.86856695E-04
4.37233959E-01  7.39668608E-02  2.78850872E-04
4.37480635E-01  7.26054907E-02  2.88578682E-04
4.37727311E-01  7.04759806E-02  2.69242970E-04
4.37973988E-01  7.20986575E-02  2.85775663E-04
4.38220664E-01  7.38747343E-02  2.78364139E-04
4.38467341E-01  7.47285783E-02  2.88783718E-04
4.38714017E-01  7.33198747E-02  2.79530213E-04
4.38960694E-01  7.35127628E-02  2.81023444E-04
4.39207370E-01  7.28442743E-02  2.87446019E-04
4.39454046E-01  7.20916167E-02  2.82542285E-04
4.39700723E-01  7.20877051E-02  2.87465227E-04
4.39947399E-01  7.43196905E-02  2.78187537E-04
4.40194076E-01  7.41601735E-02  2.76912644E-04
4.40440752E-01  7.34693408E-02  2.88180890E-04
4.40687429E-01  7.24857971E-02  2.81920918E-04
4.40934105E-01  7.29005337E-02  2.81653949E-04
4.41180781E-01  7.33064041E-02  2.82750872E-04
4.41427458E-01  7.08052292E-02  2.76325562E-04
4.41674134E-01  7.18730539E-02  2.81403918E-04
4.41920811E-01  7.46595114E-02  2.95722974E-04
4.42167487E-01  7.31789321E-02  2.74737249E-04
4.42414164E-01  7.43113235E-02  2.78335006E-04
4.42660840E-01  7.38188997E-02  2.89623975E-04
4.42907516E-01  7.27410316E-02  2.85205373E-04
4.43154193E-01  7.30393231E-02  2.93673045E-04
4.43400869E-01  7.26426244E-02  2.79048254E-04
4.43647546E-01  7.48834461E-02  2.85916147E-04
4.43894222E-01  7.38812685E-02  2.88135721E-04
4.44140898E-01  7.17142448E-02  2.80889391E-04
4.44387575E-01  7.26846009E-02  2.85490794E-04
4.44634251E-01  7.13584647E-02  2.87957111E-04
4.44880928E-01  7.27216452E-02  2.89405958E-04
4.45127604E-01  7.14881048E-02  2.80464854E-04
4.45374281E-01  7.24377707E-02  2.79884058E-04
4.45620957E-01  7.26161674E-02  2.86007533E-04
4.45867633E-01  7.30381757E-02  2.79827305E-04
4.46114310E-01  7.36376122E-02  2.88033829E-04
4.46360986E-01  7.42281452E-02  2.93463352E-04
4.46607663E-01  7.29160011E-02  2.90117081E-04
4.46854339E-01  7.32432529E-02  2.88352021E-04
4.47101016E-01  7.53218010E-02  2.84902955E-04
4.47347692E-01  7.38512427E-02  2.90819531E-04
4.47594368E-01  7.47628734E-02  2.74867692E-04
4.47841045E-01  7.19149262E-02  2.83039873E-04
4.48087721E-01  7.25926310E-02  2.82959052E-04
4.48334398E-01  7.35684931E-02  2.87578994E-04
4.48581074E-01  7.35505000E-02  2.83221045E-04
4.48827751E-01  7.31451958E-02  2.89632735E-04
4.49074427E-01  7.27940053E-02  2.82386289E-04
4.49321103E-01  7.17653930E-02  2.78118590E-04
4.49567780E-01  7.25671500E-02  2.85980146E-04
4.49814456E-01  7.24418759E-02  2.84401904E-04
4.50061133E-01  7.08869174E-02  2.78018095E-04
4.50307809E-01  7.04898983E-02  2.73916172E-04
4.50554485E-01  7.47093260E-02  2.88789510E-04
4.50801162E-01  7.23227337E-02  2.79476953E-04
4.51047838E-01  7.45487809E-02  2.89877848E-04
4.51294515E-01  7.43042752E-02  2.80316832E-04
4.51541191E-01  7.48905912E-02  2.84516107E-04
4.51787868E-01  7.31849447E-02  2.88939831E-04
4.52034544E-01  7.41300657E-02  2.77386716E-04
4.52281220E-01  7.52092823E-02  2.89317162E-04
4.52527897E-01  7.38094375E-02  2.83559813E-04
4.52774573E-01  7.40330219E-02  2.83840694E-04
4.53021250E-01  7.42314905E-02  2.89500371E-04
4.53267926E-01  7.42595270E-02  2.81121436E-04
4.53514603E-01  7.28735179E-02  2.69468699E-04
4.53761279E-01  7.23360106E-02  2.78809515E-04
4.54007955E-01  7.68080279E-02  2.85018003E-04
4.54254632E-01  7.65725002E-02  2.79992615E-04
4.54501308E-01  7.41495788E-02  2.85408838E-04
4.54747985E-01  7.56836012E-02  2.82727822E-04
4.54994661E-01  7.36827031E-02  2.77836836E-04
4.55241337E-01  7.26885051E-02  2.81958608E-04
4.55488014E-01  7.52479732E-02  2.83649773E-04
4.55734690E-01  7.45921433E-02  2.80193199E-04
4.55981367E-01  7.41623268E-02  2.89417716E-04
4.56228043E-01  7.40366280E-02  2.81429093E-04
4.56474720E-01  7.33932853E-02  2.79283384E-04
4.56721396E-01  7.34608695E-02  2.78163177E-04
4.56968072E-01  7.38461912E-02  2.80600711E-04
4.57214749E-01  7.40650594E-02  2.76650972E-04
4.57461425E-01  7.45397434E-02  2.77672341E-04
4.57708102E-01  7.31231272E-02  2.77381769E-04
4.57954778E-01  7.11849183E-02  2.83468456E-04
4.58201455E-01  7.45801479E-02  2.80662469E-04


### HEADER:
#
#{
#    "analysis": {},
#    "calibration_params": {
#        "Beam_Center_X": 1092.0,
#        "Beam_Center_Y": 2091.0,
#        "Detector Tilt": 0.0,
#        "Detector Tilt Plane Rotation": 0.0,
#        "Detector_X_Pixel_Size": 75.0,
#        "Detector_Y_Pixel_Size": 75.0,
#        "Integration Method": "nosplit_csr",
#        "Radial_Average_Method": "pyFAI",
#        "Sample-to-detector distance (mm)": 1731.0,
#        "Wavelength (A)": 1.0993212460550197
#    },
#    "config_file": "/mnt/home/chess_id7a/.RAW/backup.cfg",
#    "counters": {
#        "Epoch": "1560.150",
#        "I1": "0",
#        "I2": "0",
#        "I3": "0",
#        "Seconds": "1",
#        "Time": "1.81198e-05",
#        "date": "Fri May 17 18:02:36 2024",
#        "diode": "35337"
#    },
#    "filename": "D1M0009_85C_000MPa_up_8_data_000001_00001.h5",
#    "history": {},
#    "imageHeader": {},
#    "load_path": "/nfs/chess/daq/current/id7a/Budin_05_16_24/D1M0009/D1M0009_85C_000MPa_up_8_data_000001.h5",
#    "normalizations": {
#        "Absolute_scale": {
#            "Absolute_scale_factor": 0.01111656324368444,
#            "Method": "Water"
#        },
#        "Counter_norms": [
#            [
#                "/",
#                "diode/150000"
#            ]
#        ],
#        "Polarization": {
#            "Used": false
#        },
#        "Solid_Angle_Correction": "On"
#    },
#    "raw_version": "2.1.4"
#}

