### DATA:
#
# 1823
#      Q             I(Q)           Error     
8.75701299E-03  7.70247867E-03  1.62098755E-03
9.00368942E-03  1.60468332E-02  2.03275029E-03
9.25036584E-03  1.82153285E-02  1.92361465E-03
9.49704226E-03  2.64772866E-02  2.58457381E-03
9.74371868E-03  3.28230895E-02  3.02786380E-03
9.99039511E-03  5.00661619E-02  3.40525364E-03
1.02370715E-02  4.72652689E-02  3.90737411E-03
1.04837480E-02  6.47135451E-02  4.73428518E-03
1.07304244E-02  6.47135600E-02  4.93278634E-03
1.09771008E-02  1.06811926E-01  6.37033163E-03
1.12237772E-02  1.00794382E-01  6.96863513E-03
1.14704536E-02  1.69109330E-01  1.15311071E-02
1.17171301E-02  2.38028646E-01  1.60164069E-02
1.19638065E-02  2.97596663E-01  1.98762305E-02
1.22104829E-02  5.36740601E-01  3.77191678E-02
1.24571593E-02  4.01645775E+01  3.76735473E+00
1.27038358E-02  7.92238388E+01  7.19591522E+00
1.29505122E-02  9.79555511E+01  7.59018421E+00
1.31971886E-02  7.45388031E+01  5.59065628E+00
1.34438650E-02  6.97865372E+01  5.12355518E+00
1.36905414E-02  6.17164230E+01  4.35697126E+00
1.39372179E-02  4.75235176E+01  3.23184037E+00
1.41838943E-02  4.52097321E+01  2.94515204E+00
1.44305707E-02  3.58699493E+01  2.26351857E+00
1.46772471E-02  3.18434772E+01  1.90663087E+00
1.49239236E-02  2.86363144E+01  1.66372871E+00
1.51706000E-02  2.31468525E+01  1.33851588E+00
1.54172764E-02  2.30464096E+01  1.33808804E+00
1.56639528E-02  1.91179848E+01  1.07638395E+00
1.59106292E-02  1.80123310E+01  9.85471249E-01
1.61573057E-02  1.66528053E+01  8.86358202E-01
1.64039821E-02  1.39943552E+01  7.12298632E-01
1.66506585E-02  1.40371265E+01  7.02565491E-01
1.68973349E-02  1.10943317E+01  5.27582884E-01
1.71440114E-02  1.11465454E+01  5.08545160E-01
1.73906878E-02  9.78661919E+00  4.15010661E-01
1.76373642E-02  9.31581974E+00  4.01548386E-01
1.78840406E-02  8.43333817E+00  3.47165406E-01
1.81307170E-02  7.53313637E+00  2.86994159E-01
1.83773935E-02  7.42837620E+00  2.89102882E-01
1.86240699E-02  6.58772802E+00  2.55312502E-01
1.88707463E-02  6.00138330E+00  2.27313802E-01
1.91174227E-02  5.54724216E+00  2.13944688E-01
1.93640992E-02  4.93417788E+00  1.80400878E-01
1.96107756E-02  4.69698381E+00  1.74421474E-01
1.98574520E-02  4.26409864E+00  1.48340300E-01
2.01041284E-02  3.85661674E+00  1.33994356E-01
2.03508048E-02  3.49304986E+00  1.21617615E-01
2.05974813E-02  3.00849295E+00  9.76415128E-02
2.08441577E-02  2.86190104E+00  9.36089233E-02
2.10908341E-02  2.51050925E+00  7.82222152E-02
2.13375105E-02  2.45104742E+00  7.54228160E-02
2.15841870E-02  2.20919514E+00  6.61982447E-02
2.18308634E-02  2.07341194E+00  5.90608828E-02
2.20775398E-02  1.93524861E+00  5.20462692E-02
2.23242162E-02  1.87054324E+00  4.63915616E-02
2.25708926E-02  1.74200714E+00  4.58963402E-02
2.28175691E-02  1.64773571E+00  4.12247926E-02
2.30642455E-02  1.59380448E+00  3.65269110E-02
2.33109219E-02  1.53507268E+00  3.44868079E-02
2.35575983E-02  1.47249353E+00  3.14085595E-02
2.38042748E-02  1.37573230E+00  3.13465148E-02
2.40509512E-02  1.30670059E+00  2.51251683E-02
2.42976276E-02  1.22767889E+00  2.34590620E-02
2.45443040E-02  1.16344488E+00  2.07037069E-02
2.47909804E-02  1.11753893E+00  1.90529097E-02
2.50376569E-02  1.07424057E+00  1.72493272E-02
2.52843333E-02  1.05461657E+00  1.58680435E-02
2.55310097E-02  1.04411352E+00  1.55273061E-02
2.57776861E-02  9.89405155E-01  1.38765452E-02
2.60243626E-02  9.47571874E-01  1.31590609E-02
2.62710390E-02  9.67891812E-01  1.26952752E-02
2.65177154E-02  8.92229438E-01  1.14455465E-02
2.67643918E-02  9.05984819E-01  1.18189501E-02
2.70110682E-02  8.82376075E-01  1.11474628E-02
2.72577447E-02  8.88174653E-01  1.02567812E-02
2.75044211E-02  8.35065305E-01  1.00542028E-02
2.77510975E-02  8.16421568E-01  9.09280963E-03
2.79977739E-02  8.20959866E-01  9.05020442E-03
2.82444504E-02  7.91974187E-01  8.06688704E-03
2.84911268E-02  7.81092286E-01  8.06513522E-03
2.87378032E-02  7.78989732E-01  7.06884265E-03
2.89844796E-02  7.56213069E-01  6.22859783E-03
2.92311561E-02  7.72382259E-01  6.56231679E-03
2.94778325E-02  7.39504516E-01  5.94367506E-03
2.97245089E-02  7.32400477E-01  5.70870610E-03
2.99711853E-02  7.20100403E-01  5.23997704E-03
3.02178617E-02  7.11415112E-01  5.21507207E-03
3.04645382E-02  6.95238233E-01  5.16205374E-03
3.07112146E-02  7.10005701E-01  4.83517442E-03
3.09578910E-02  6.85913324E-01  4.61159041E-03
3.12045674E-02  6.90379620E-01  4.66895150E-03
3.14512439E-02  6.80235803E-01  4.34482004E-03
3.16979203E-02  6.82190061E-01  4.09948453E-03
3.19445967E-02  6.70833409E-01  4.14906722E-03
3.21912731E-02  6.75947070E-01  4.28566895E-03
3.24379495E-02  6.57328844E-01  4.05890122E-03
3.26846260E-02  6.66711092E-01  4.15135454E-03
3.29313024E-02  6.66060507E-01  3.92813934E-03
3.31779788E-02  6.46347344E-01  3.72644281E-03
3.34246552E-02  6.58180714E-01  3.86607344E-03
3.36713317E-02  6.57107353E-01  3.45410220E-03
3.39180081E-02  6.58256292E-01  3.67366313E-03
3.41646845E-02  6.60771787E-01  3.71297565E-03
3.44113609E-02  6.54063106E-01  3.66578670E-03
3.46580373E-02  6.79313958E-01  3.86183383E-03
3.49047138E-02  6.46861136E-01  3.74356238E-03
3.51513902E-02  6.55959308E-01  3.46612278E-03
3.53980666E-02  6.51024044E-01  3.48696439E-03
3.56447430E-02  6.56889796E-01  3.62405088E-03
3.58914195E-02  6.43205702E-01  3.80589510E-03
3.61380959E-02  6.57273173E-01  3.32110282E-03
3.63847723E-02  6.56457186E-01  3.46206198E-03
3.66314487E-02  6.65528953E-01  3.54655506E-03
3.68781251E-02  6.43313289E-01  3.31873517E-03
3.71248016E-02  6.44505143E-01  3.30763753E-03
3.73714780E-02  6.45904839E-01  3.28543945E-03
3.76181544E-02  6.43202662E-01  3.18823080E-03
3.78648308E-02  6.43239856E-01  3.29874642E-03
3.81115073E-02  6.48758769E-01  3.39532224E-03
3.83581837E-02  6.60476923E-01  3.45135806E-03
3.86048601E-02  6.42257869E-01  3.22510069E-03
3.88515365E-02  6.45952940E-01  3.22739291E-03
3.90982129E-02  6.49054110E-01  3.19401338E-03
3.93448894E-02  6.76573992E-01  3.45012476E-03
3.95915658E-02  6.54020429E-01  3.47571075E-03
3.98382422E-02  6.62626266E-01  4.32121055E-03
4.00849186E-02  6.96385622E-01  6.14463584E-03
4.03315951E-02  6.59483552E-01  3.87653988E-03
4.05782715E-02  6.45517647E-01  3.38466815E-03
4.08249479E-02  6.57118320E-01  3.18910438E-03
4.10716243E-02  6.42776549E-01  3.27375904E-03
4.13183007E-02  6.59486055E-01  3.52568692E-03
4.15649772E-02  6.65475070E-01  3.51196993E-03
4.18116536E-02  6.38750196E-01  3.45020881E-03
4.20583300E-02  6.47441864E-01  3.34293093E-03
4.23050064E-02  6.51547790E-01  3.43484082E-03
4.25516829E-02  6.22503936E-01  3.07245716E-03
4.27983593E-02  6.27598703E-01  3.12610203E-03
4.30450357E-02  6.23676538E-01  3.06810136E-03
4.32917121E-02  6.39085770E-01  3.25179775E-03
4.35383885E-02  6.29677713E-01  3.19449836E-03
4.37850650E-02  6.20235682E-01  3.14091099E-03
4.40317414E-02  6.01707160E-01  2.97714071E-03
4.42784178E-02  6.01153851E-01  2.96169403E-03
4.45250942E-02  6.08819783E-01  2.92144855E-03
4.47717707E-02  6.06073260E-01  2.94518727E-03
4.50184471E-02  6.00456119E-01  2.76086992E-03
4.52651235E-02  5.98514378E-01  2.80910800E-03
4.55117999E-02  6.05328202E-01  2.84626591E-03
4.57584764E-02  6.19924784E-01  2.85474281E-03
4.60051528E-02  6.07165575E-01  3.07742856E-03
4.62518292E-02  6.26756132E-01  3.03442241E-03
4.64985056E-02  6.12755835E-01  3.20640719E-03
4.67451820E-02  6.22624040E-01  3.22667463E-03
4.69918585E-02  6.62341356E-01  3.78906704E-03
4.72385349E-02  6.81450367E-01  3.89307365E-03
4.74852113E-02  6.84469044E-01  4.49598860E-03
4.77318877E-02  7.18053579E-01  4.89911484E-03
4.79785642E-02  7.58967876E-01  5.66887064E-03
4.82252406E-02  7.89075434E-01  6.07363228E-03
4.84719170E-02  8.34647655E-01  6.82403566E-03
4.87185934E-02  8.77987027E-01  7.38151371E-03
4.89652698E-02  9.24091399E-01  7.86431599E-03
4.92119463E-02  9.60342228E-01  7.97799136E-03
4.94586227E-02  9.67573822E-01  7.82309100E-03
4.97052991E-02  1.02566051E+00  8.38532951E-03
4.99519755E-02  1.03972232E+00  8.33171047E-03
5.01986520E-02  1.05736017E+00  8.68845917E-03
5.04453284E-02  1.10295761E+00  8.78017116E-03
5.06920048E-02  1.11762667E+00  8.59442446E-03
5.09386812E-02  1.14146531E+00  8.98583326E-03
5.11853576E-02  1.14115489E+00  8.95566400E-03
5.14320341E-02  1.16656387E+00  8.74788966E-03
5.16787105E-02  1.19449365E+00  9.17107146E-03
5.19253869E-02  1.16039515E+00  8.58096592E-03
5.21720633E-02  1.21909237E+00  9.12357867E-03
5.24187398E-02  1.21683431E+00  8.93229432E-03
5.26654162E-02  1.23004532E+00  9.02653020E-03
5.29120926E-02  1.26712048E+00  9.21909697E-03
5.31587690E-02  1.27844989E+00  8.81957822E-03
5.34054454E-02  1.29059374E+00  9.41889919E-03
5.36521219E-02  1.32365537E+00  8.95212498E-03
5.38987983E-02  1.34365189E+00  9.38112102E-03
5.41454747E-02  1.33491468E+00  9.42079443E-03
5.43921511E-02  1.37436390E+00  9.16418619E-03
5.46388276E-02  1.37906957E+00  9.44536552E-03
5.48855040E-02  1.45414066E+00  9.39216465E-03
5.51321804E-02  1.47739339E+00  9.73944552E-03
5.53788568E-02  1.44500160E+00  9.78772622E-03
5.56255332E-02  1.53070450E+00  1.00885211E-02
5.58722097E-02  1.50846624E+00  9.91503894E-03
5.61188861E-02  1.58552229E+00  1.05352979E-02
5.63655625E-02  1.59488082E+00  1.11206481E-02
5.66122389E-02  1.57509196E+00  1.11107854E-02
5.68589154E-02  1.63481796E+00  1.18523547E-02
5.71055918E-02  1.59439552E+00  1.24328276E-02
5.73522682E-02  1.56226695E+00  1.23803755E-02
5.75989446E-02  1.49161553E+00  1.23585034E-02
5.78456210E-02  1.41696584E+00  1.16596874E-02
5.80922975E-02  1.31979668E+00  1.06353443E-02
5.83389739E-02  1.21650195E+00  1.00336364E-02
5.85856503E-02  1.11350822E+00  8.95646308E-03
5.88323267E-02  1.03004456E+00  7.85716716E-03
5.90790032E-02  9.24912572E-01  6.79477071E-03
5.93256796E-02  8.55461240E-01  5.66791464E-03
5.95723560E-02  7.90540874E-01  5.13367308E-03
5.98190324E-02  7.41408765E-01  4.12671547E-03
6.00657088E-02  6.84932590E-01  3.76428314E-03
6.03123853E-02  6.45240664E-01  3.27269244E-03
6.05590617E-02  6.38600230E-01  3.20509635E-03
6.08057381E-02  6.02363825E-01  2.80822720E-03
6.10524145E-02  5.85222006E-01  2.74516852E-03
6.12990910E-02  5.71335971E-01  2.58848281E-03
6.15457674E-02  5.68019569E-01  2.59504700E-03
6.17924438E-02  5.50665081E-01  2.51181261E-03
6.20391202E-02  5.44034302E-01  2.57425895E-03
6.22857966E-02  5.40874302E-01  2.28637899E-03
6.25324731E-02  5.38937807E-01  2.47040275E-03
6.27791495E-02  5.38076818E-01  2.26702844E-03
6.30258259E-02  5.26634097E-01  2.33959011E-03
6.32725023E-02  5.26458323E-01  2.28704908E-03
6.35191788E-02  5.26411831E-01  2.28818087E-03
6.37658552E-02  5.21806538E-01  2.39927182E-03
6.40125316E-02  5.21877170E-01  2.35265074E-03
6.42592080E-02  5.16503036E-01  2.25838763E-03
6.45058845E-02  5.16250491E-01  2.32352642E-03
6.47525609E-02  5.24484813E-01  2.32402701E-03
6.49992373E-02  5.26754260E-01  2.19535315E-03
6.52459137E-02  5.18604457E-01  2.29060301E-03
6.54925901E-02  5.13003469E-01  2.24540941E-03
6.57392666E-02  5.12625933E-01  2.25860858E-03
6.59859430E-02  5.12307525E-01  2.27732887E-03
6.62326194E-02  5.11222422E-01  2.22797995E-03
6.64792958E-02  5.13174713E-01  2.26752693E-03
6.67259723E-02  5.25533080E-01  2.15653074E-03
6.69726487E-02  5.15564561E-01  2.24284362E-03
6.72193251E-02  5.13702691E-01  2.20366754E-03
6.74660015E-02  5.06764650E-01  2.17383495E-03
6.77126779E-02  5.09046078E-01  2.24606250E-03
6.79593544E-02  5.16812503E-01  2.20812648E-03
6.82060308E-02  5.06005406E-01  2.16501323E-03
6.84527072E-02  5.10328352E-01  2.25669751E-03
6.86993836E-02  5.23561478E-01  2.20782054E-03
6.89460601E-02  5.21021366E-01  2.18656356E-03
6.91927365E-02  5.21594584E-01  2.18019285E-03
6.94394129E-02  5.15433311E-01  2.16987263E-03
6.96860893E-02  5.15688598E-01  2.26619164E-03
6.99327657E-02  5.09983301E-01  2.12134840E-03
7.01794422E-02  5.20701706E-01  2.12171744E-03
7.04261186E-02  5.10074794E-01  2.08826107E-03
7.06727950E-02  5.10468602E-01  2.10976182E-03
7.09194714E-02  5.24400055E-01  2.25906842E-03
7.11661479E-02  5.20800292E-01  2.14768108E-03
7.14128243E-02  5.16962171E-01  2.20781961E-03
7.16595007E-02  5.19363582E-01  2.26109591E-03
7.19061771E-02  5.11093199E-01  2.12523458E-03
7.21528535E-02  5.30729949E-01  2.25243950E-03
7.23995300E-02  5.17533004E-01  2.10405630E-03
7.26462064E-02  5.23236394E-01  2.18859850E-03
7.28928828E-02  5.19351184E-01  2.08158582E-03
7.31395592E-02  5.26499271E-01  2.15125992E-03
7.33862357E-02  5.13290942E-01  2.10309448E-03
7.36329121E-02  5.16461492E-01  2.12064572E-03
7.38795885E-02  5.28015852E-01  2.14304030E-03
7.41262649E-02  5.20191908E-01  2.13166745E-03
7.43729413E-02  5.30865371E-01  2.08068849E-03
7.46196178E-02  5.36811054E-01  2.12220824E-03
7.48662942E-02  5.41620314E-01  2.08506826E-03
7.51129706E-02  5.38604617E-01  2.11905362E-03
7.53596470E-02  5.32238841E-01  2.12549348E-03
7.56063235E-02  5.26875436E-01  2.11053994E-03
7.58529999E-02  5.48072457E-01  2.30532908E-03
7.60996763E-02  5.24496019E-01  2.08869181E-03
7.63463527E-02  5.31593680E-01  2.14517233E-03
7.65930291E-02  5.38704336E-01  2.13857763E-03
7.68397056E-02  5.49973786E-01  2.20898655E-03
7.70863820E-02  5.40247619E-01  2.13745120E-03
7.73330584E-02  5.44893146E-01  2.07475992E-03
7.75797348E-02  5.27110994E-01  2.09689629E-03
7.78264113E-02  5.47827780E-01  2.14822427E-03
7.80730877E-02  5.42567134E-01  2.06480501E-03
7.83197641E-02  5.47017694E-01  2.14170455E-03
7.85664405E-02  5.43086112E-01  2.14028312E-03
7.88131169E-02  5.38376749E-01  2.10637413E-03
7.90597934E-02  5.50296962E-01  2.13323114E-03
7.93064698E-02  5.41756153E-01  2.03695102E-03
7.95531462E-02  5.54994524E-01  2.11932603E-03
7.97998226E-02  5.46936870E-01  2.02669459E-03
8.00464991E-02  5.46918750E-01  2.05659121E-03
8.02931755E-02  5.52501559E-01  2.15469301E-03
8.05398519E-02  5.49865782E-01  2.01666821E-03
8.07865283E-02  5.52718580E-01  2.04204465E-03
8.10332047E-02  5.52985549E-01  2.02054717E-03
8.12798812E-02  5.58308184E-01  2.15338264E-03
8.15265576E-02  5.56206584E-01  2.13025603E-03
8.17732340E-02  5.60449719E-01  2.13342579E-03
8.20199104E-02  5.50953269E-01  2.04097712E-03
8.22665869E-02  5.66137969E-01  2.05529691E-03
8.25132633E-02  5.68743825E-01  2.15934892E-03
8.27599397E-02  5.74204147E-01  2.02045497E-03
8.30066161E-02  5.73477805E-01  2.14403262E-03
8.32532926E-02  5.68973780E-01  2.05003866E-03
8.34999690E-02  5.92049181E-01  2.14033294E-03
8.37466454E-02  5.86023748E-01  2.18250044E-03
8.39933218E-02  5.86584628E-01  2.12954171E-03
8.42399982E-02  5.86576521E-01  2.07650545E-03
8.44866747E-02  6.02846026E-01  2.11611274E-03
8.47333511E-02  5.98402619E-01  2.16132496E-03
8.49800275E-02  6.04004920E-01  2.05646036E-03
8.52267039E-02  6.15507185E-01  2.15769862E-03
8.54733804E-02  6.17231369E-01  2.21241638E-03
8.57200568E-02  6.11662030E-01  2.14664824E-03
8.59667332E-02  6.09741747E-01  2.24214839E-03
8.62134096E-02  6.27912045E-01  2.22969847E-03
8.64600860E-02  6.45387471E-01  2.28283508E-03
8.67067625E-02  6.51952744E-01  2.29056459E-03
8.69534389E-02  6.56450450E-01  2.33600964E-03
8.72001153E-02  6.70032799E-01  2.40202551E-03
8.74467917E-02  6.79051578E-01  2.33617285E-03
8.76934682E-02  6.87526703E-01  2.48126173E-03
8.79401446E-02  6.83270693E-01  2.36766087E-03
8.81868210E-02  7.20252216E-01  2.52568931E-03
8.84334974E-02  7.16396749E-01  2.45401450E-03
8.86801738E-02  7.23909378E-01  2.40542204E-03
8.89268503E-02  7.44057059E-01  2.49831541E-03
8.91735267E-02  7.47512937E-01  2.48543383E-03
8.94202031E-02  7.74437785E-01  2.54590949E-03
8.96668795E-02  7.69011557E-01  2.58460920E-03
8.99135560E-02  7.89943755E-01  2.46315682E-03
9.01602324E-02  7.84968734E-01  2.45280913E-03
9.04069088E-02  7.94447899E-01  2.51568714E-03
9.06535852E-02  8.18509281E-01  2.62041274E-03
9.09002616E-02  8.19332182E-01  2.62215803E-03
9.11469381E-02  8.09215903E-01  2.51586526E-03
9.13936145E-02  8.26505899E-01  2.57818028E-03
9.16402909E-02  8.37854803E-01  2.55049928E-03
9.18869673E-02  8.41735363E-01  2.59301113E-03
9.21336438E-02  8.39644909E-01  2.69759446E-03
9.23803202E-02  8.79567564E-01  2.70598172E-03
9.26269966E-02  8.63217115E-01  2.69641192E-03
9.28736730E-02  8.64986122E-01  2.72999774E-03
9.31203494E-02  8.58485818E-01  2.76583084E-03
9.33670259E-02  8.68955255E-01  2.85109179E-03
9.36137023E-02  8.76027405E-01  2.83105299E-03
9.38603787E-02  8.72864783E-01  2.82934960E-03
9.41070551E-02  8.73638809E-01  2.95044156E-03
9.43537316E-02  8.84051740E-01  2.98441108E-03
9.46004080E-02  8.74410391E-01  2.95685162E-03
9.48470844E-02  8.62200558E-01  2.84537696E-03
9.50937608E-02  8.45767200E-01  2.91224080E-03
9.53404372E-02  8.43069255E-01  2.93786195E-03
9.55871137E-02  8.34011614E-01  2.94384942E-03
9.58337901E-02  8.09453964E-01  2.77701858E-03
9.60804665E-02  8.00632477E-01  2.83346162E-03
9.63271429E-02  7.82226920E-01  2.75362190E-03
9.65738194E-02  7.60724783E-01  2.75864732E-03
9.68204958E-02  7.59265900E-01  2.65977136E-03
9.70671722E-02  7.56856918E-01  2.58315844E-03
9.73138486E-02  7.20023334E-01  2.50204746E-03
9.75605250E-02  7.16453552E-01  2.52597686E-03
9.78072015E-02  7.05123365E-01  2.33737682E-03
9.80538779E-02  6.91978276E-01  2.21704901E-03
9.83005543E-02  6.94068372E-01  2.24762247E-03
9.85472307E-02  6.71917439E-01  2.24445900E-03
9.87939072E-02  6.67310238E-01  2.16289191E-03
9.90405836E-02  6.65486634E-01  2.17285939E-03
9.92872600E-02  6.57721460E-01  2.21140077E-03
9.95339364E-02  6.47502959E-01  2.13560904E-03
9.97806128E-02  6.40361369E-01  2.12008669E-03
1.00027289E-01  6.53417528E-01  2.12720712E-03
1.00273966E-01  6.47895396E-01  2.03776290E-03
1.00520642E-01  6.50488973E-01  2.06571771E-03
1.00767319E-01  6.38875961E-01  2.09046062E-03
1.01013995E-01  6.32637024E-01  1.99281587E-03
1.01260671E-01  6.44523203E-01  2.13265186E-03
1.01507348E-01  6.43424213E-01  2.09157984E-03
1.01754024E-01  6.31956577E-01  2.10020505E-03
1.02000701E-01  6.41521037E-01  2.01242650E-03
1.02247377E-01  6.37677014E-01  2.05986504E-03
1.02494053E-01  6.36803746E-01  1.99343869E-03
1.02740730E-01  6.32194102E-01  2.04138691E-03
1.02987406E-01  6.33176565E-01  2.04602210E-03
1.03234083E-01  6.31115198E-01  2.09582620E-03
1.03480759E-01  6.38443828E-01  1.91643124E-03
1.03727436E-01  6.39112175E-01  2.02348852E-03
1.03974112E-01  6.40962243E-01  1.97180500E-03
1.04220788E-01  6.32297337E-01  2.05047941E-03
1.04467465E-01  6.39931440E-01  2.00641877E-03
1.04714141E-01  6.55432582E-01  2.02015508E-03
1.04960818E-01  6.34853899E-01  1.96583266E-03
1.05207494E-01  6.47422969E-01  2.05959659E-03
1.05454171E-01  6.37351990E-01  2.04542466E-03
1.05700847E-01  6.49621785E-01  1.95226795E-03
1.05947523E-01  6.43039346E-01  1.98925124E-03
1.06194200E-01  6.51143074E-01  2.05523078E-03
1.06440876E-01  6.39691234E-01  2.06159800E-03
1.06687553E-01  6.53724611E-01  2.04852107E-03
1.06934229E-01  6.35438979E-01  2.10640207E-03
1.07180906E-01  6.47179902E-01  2.03586998E-03
1.07427582E-01  6.41616166E-01  2.08968949E-03
1.07674258E-01  6.33419752E-01  2.11031572E-03
1.07920935E-01  6.39880121E-01  2.07797578E-03
1.08167611E-01  6.33982360E-01  2.09923997E-03
1.08414288E-01  6.24351263E-01  2.07826961E-03
1.08660964E-01  6.18606150E-01  2.05784407E-03
1.08907640E-01  6.19084716E-01  2.12710258E-03
1.09154317E-01  6.11359000E-01  2.10665003E-03
1.09400993E-01  6.15487456E-01  2.13813875E-03
1.09647670E-01  5.98595440E-01  2.20408035E-03
1.09894346E-01  5.97204208E-01  2.06072908E-03
1.10141023E-01  5.91063321E-01  2.08321400E-03
1.10387699E-01  5.91181755E-01  2.12612841E-03
1.10634375E-01  5.77938139E-01  2.03394308E-03
1.10881052E-01  5.69160044E-01  2.06905790E-03
1.11127728E-01  5.79040766E-01  2.06465670E-03
1.11374405E-01  5.64012408E-01  2.03300710E-03
1.11621081E-01  5.53410709E-01  1.97580131E-03
1.11867758E-01  5.49954116E-01  2.02517956E-03
1.12114434E-01  5.58093309E-01  2.06204015E-03
1.12361110E-01  5.32506704E-01  2.01127701E-03
1.12607787E-01  5.30507803E-01  1.94100302E-03
1.12854463E-01  5.48830986E-01  2.02175486E-03
1.13101140E-01  5.26844144E-01  1.96168316E-03
1.13347816E-01  5.26971698E-01  1.94689515E-03
1.13594493E-01  5.33731401E-01  1.98215316E-03
1.13841169E-01  5.14730692E-01  2.03069486E-03
1.14087845E-01  5.24808943E-01  1.92309602E-03
1.14334522E-01  5.22371769E-01  1.94568257E-03
1.14581198E-01  5.13756931E-01  1.93815539E-03
1.14827875E-01  5.08914590E-01  1.89370092E-03
1.15074551E-01  5.05157292E-01  1.93204870E-03
1.15321227E-01  5.04545152E-01  1.88357732E-03
1.15567904E-01  5.11972487E-01  1.98858790E-03
1.15814580E-01  5.06953239E-01  2.07876344E-03
1.16061257E-01  4.98878032E-01  1.96924550E-03
1.16307933E-01  5.04379869E-01  1.98075571E-03
1.16554610E-01  4.95811164E-01  1.84859661E-03
1.16801286E-01  4.95576769E-01  1.90465874E-03
1.17047962E-01  4.80338544E-01  1.94237824E-03
1.17294639E-01  4.88109887E-01  1.94805488E-03
1.17541315E-01  4.89903152E-01  1.90460635E-03
1.17787992E-01  4.86413330E-01  1.93923234E-03
1.18034668E-01  4.89359856E-01  1.91228546E-03
1.18281345E-01  4.93144274E-01  1.94089382E-03
1.18528021E-01  4.87460405E-01  1.85027590E-03
1.18774697E-01  4.79033113E-01  1.81119528E-03
1.19021374E-01  4.88982409E-01  1.91497896E-03
1.19268050E-01  4.89292175E-01  1.86914415E-03
1.19514727E-01  4.86057639E-01  1.78177585E-03
1.19761403E-01  4.72686023E-01  1.81780558E-03
1.20008079E-01  4.88006532E-01  1.77566404E-03
1.20254756E-01  4.74069148E-01  1.73469319E-03
1.20501432E-01  4.68965679E-01  1.74781471E-03
1.20748109E-01  4.70531732E-01  1.72171427E-03
1.20994785E-01  4.74186301E-01  1.79446850E-03
1.21241462E-01  4.80405778E-01  1.73140329E-03
1.21488138E-01  4.75852460E-01  1.79787178E-03
1.21734814E-01  4.66037452E-01  1.70488656E-03
1.21981491E-01  4.74928319E-01  1.77428580E-03
1.22228167E-01  4.62238818E-01  1.74262642E-03
1.22474844E-01  4.54781115E-01  1.74746627E-03
1.22721520E-01  4.77259517E-01  1.75632478E-03
1.22968197E-01  4.60054576E-01  1.71617023E-03
1.23214873E-01  4.58681375E-01  1.62958365E-03
1.23461549E-01  4.61943656E-01  1.69274048E-03
1.23708226E-01  4.72481042E-01  1.72606751E-03
1.23954902E-01  4.65716839E-01  1.69532443E-03
1.24201579E-01  4.68672544E-01  1.73671253E-03
1.24448255E-01  4.56889510E-01  1.68841321E-03
1.24694932E-01  4.63331938E-01  1.74743030E-03
1.24941608E-01  4.64207679E-01  1.68745662E-03
1.25188284E-01  4.46679652E-01  1.65336474E-03
1.25434961E-01  4.63350743E-01  1.75412302E-03
1.25681637E-01  4.57493395E-01  1.67228747E-03
1.25928314E-01  4.55806077E-01  1.73581939E-03
1.26174990E-01  4.64956850E-01  1.71136938E-03
1.26421666E-01  4.49660063E-01  1.72495760E-03
1.26668343E-01  4.49785441E-01  1.67836575E-03
1.26915019E-01  4.47434843E-01  1.62479305E-03
1.27161696E-01  4.45303261E-01  1.65492750E-03
1.27408372E-01  4.44161266E-01  1.70759589E-03
1.27655049E-01  4.49563950E-01  1.67176570E-03
1.27901725E-01  4.44840759E-01  1.61816028E-03
1.28148401E-01  4.52818006E-01  1.67682453E-03
1.28395078E-01  4.54655319E-01  1.71120628E-03
1.28641754E-01  4.41747159E-01  1.59579795E-03
1.28888431E-01  4.48037565E-01  1.67195045E-03
1.29135107E-01  4.47005570E-01  1.59100303E-03
1.29381784E-01  4.44104850E-01  1.58933387E-03
1.29628460E-01  4.46269453E-01  1.60053291E-03
1.29875136E-01  4.40898299E-01  1.64019829E-03
1.30121813E-01  4.45309162E-01  1.60961098E-03
1.30368489E-01  4.44687665E-01  1.62064342E-03
1.30615166E-01  4.39709544E-01  1.57280592E-03
1.30861842E-01  4.40486342E-01  1.57257635E-03
1.31108518E-01  4.36180353E-01  1.60526822E-03
1.31355195E-01  4.41304177E-01  1.61102333E-03
1.31601871E-01  4.38303113E-01  1.55122625E-03
1.31848548E-01  4.42403227E-01  1.58405746E-03
1.32095224E-01  4.33115929E-01  1.57700479E-03
1.32341901E-01  4.37277615E-01  1.55977742E-03
1.32588577E-01  4.42182481E-01  1.54866220E-03
1.32835253E-01  4.36616391E-01  1.56753522E-03
1.33081930E-01  4.34737235E-01  1.55622989E-03
1.33328606E-01  4.38096553E-01  1.57034432E-03
1.33575283E-01  4.41968441E-01  1.54275622E-03
1.33821959E-01  4.33816254E-01  1.52410276E-03
1.34068636E-01  4.42917615E-01  1.58325478E-03
1.34315312E-01  4.38339949E-01  1.58234430E-03
1.34561988E-01  4.42738533E-01  1.53155869E-03
1.34808665E-01  4.48933035E-01  1.57137844E-03
1.35055341E-01  4.37727064E-01  1.52643374E-03
1.35302018E-01  4.38238859E-01  1.57357357E-03
1.35548694E-01  4.44440097E-01  1.55539205E-03
1.35795371E-01  4.35490549E-01  1.54948898E-03
1.36042047E-01  4.33990240E-01  1.51940552E-03
1.36288723E-01  4.27012950E-01  1.56157080E-03
1.36535400E-01  4.47220802E-01  1.58649881E-03
1.36782076E-01  4.47862536E-01  1.58318144E-03
1.37028753E-01  4.43556458E-01  1.53653673E-03
1.37275429E-01  4.40812856E-01  1.59078895E-03
1.37522105E-01  4.19297159E-01  1.44931104E-03
1.37768782E-01  4.39371407E-01  1.54990074E-03
1.38015458E-01  4.33174282E-01  1.52496167E-03
1.38262135E-01  4.34160948E-01  1.56456814E-03
1.38508811E-01  4.51587558E-01  1.54881261E-03
1.38755488E-01  4.41170454E-01  1.57070928E-03
1.39002164E-01  4.39643145E-01  1.58012426E-03
1.39248840E-01  4.30666000E-01  1.55177840E-03
1.39495517E-01  4.37356681E-01  1.54955580E-03
1.39742193E-01  4.31590140E-01  1.52171694E-03
1.39988870E-01  4.38307256E-01  1.50454510E-03
1.40235546E-01  4.33411419E-01  1.50706468E-03
1.40482223E-01  4.27204221E-01  1.53330958E-03
1.40728899E-01  4.39636976E-01  1.51342107E-03
1.40975575E-01  4.28596586E-01  1.56616536E-03
1.41222252E-01  4.25394386E-01  1.56227010E-03
1.41468928E-01  4.13480520E-01  1.49824342E-03
1.41715605E-01  4.22245651E-01  1.56244787E-03
1.41962281E-01  4.16480392E-01  1.58693863E-03
1.42208957E-01  4.21531767E-01  1.56012620E-03
1.42455634E-01  4.16018993E-01  1.48304412E-03
1.42702310E-01  4.06904489E-01  1.45064853E-03
1.42948987E-01  4.17152703E-01  1.49218983E-03
1.43195663E-01  3.99313778E-01  1.48967735E-03
1.43442340E-01  4.07996058E-01  1.46360067E-03
1.43689016E-01  4.00623769E-01  1.47488771E-03
1.43935692E-01  3.99129242E-01  1.43717555E-03
1.44182369E-01  3.86323482E-01  1.44276267E-03
1.44429045E-01  3.91038716E-01  1.45260582E-03
1.44675722E-01  3.90913635E-01  1.40354550E-03
1.44922398E-01  3.94193888E-01  1.48412597E-03
1.45169075E-01  3.92265975E-01  1.43387308E-03
1.45415751E-01  3.80291522E-01  1.44078012E-03
1.45662427E-01  3.77573341E-01  1.43746904E-03
1.45909104E-01  3.81171882E-01  1.38248084E-03
1.46155780E-01  3.72503847E-01  1.42358243E-03
1.46402457E-01  3.73123348E-01  1.42339291E-03
1.46649133E-01  3.55719805E-01  1.35761593E-03
1.46895810E-01  3.61576557E-01  1.37512235E-03
1.47142486E-01  3.59900177E-01  1.36335869E-03
1.47389162E-01  3.58087271E-01  1.34115294E-03
1.47635839E-01  3.58875781E-01  1.36838178E-03
1.47882515E-01  3.49897385E-01  1.36401190E-03
1.48129192E-01  3.50404382E-01  1.30856666E-03
1.48375868E-01  3.46100897E-01  1.32533547E-03
1.48622544E-01  3.49016666E-01  1.38226140E-03
1.48869221E-01  3.52557540E-01  1.37029367E-03
1.49115897E-01  3.50501209E-01  1.34406239E-03
1.49362574E-01  3.47157687E-01  1.36159849E-03
1.49609250E-01  3.53358775E-01  1.37768919E-03
1.49855927E-01  3.40123236E-01  1.36848993E-03
1.50102603E-01  3.28666329E-01  1.31290324E-03
1.50349279E-01  3.33246619E-01  1.30420981E-03
1.50595956E-01  3.32847685E-01  1.33076857E-03
1.50842632E-01  3.28742445E-01  1.28583307E-03
1.51089309E-01  3.27089250E-01  1.26870384E-03
1.51335985E-01  3.25825274E-01  1.23442849E-03
1.51582662E-01  3.28040630E-01  1.29073730E-03
1.51829338E-01  3.25772285E-01  1.29823538E-03
1.52076014E-01  3.24984193E-01  1.32662745E-03
1.52322691E-01  3.27781856E-01  1.30202516E-03
1.52569367E-01  3.16920787E-01  1.30017556E-03
1.52816044E-01  3.22709262E-01  1.31960365E-03
1.53062720E-01  3.24949980E-01  1.37154886E-03
1.53309397E-01  3.20286751E-01  1.32857368E-03
1.53556073E-01  3.21952224E-01  1.29258144E-03
1.53802749E-01  3.12412918E-01  1.29771524E-03
1.54049426E-01  3.13708425E-01  1.24713441E-03
1.54296102E-01  3.11584353E-01  1.24159956E-03
1.54542779E-01  3.00431907E-01  1.23917428E-03
1.54789455E-01  3.10310930E-01  1.20832562E-03
1.55036131E-01  3.08535963E-01  1.24328642E-03
1.55282808E-01  3.06137353E-01  1.25634321E-03
1.55529484E-01  3.03527772E-01  1.23101857E-03
1.55776161E-01  3.06675792E-01  1.24494289E-03
1.56022837E-01  3.02610070E-01  1.26012939E-03
1.56269514E-01  2.97928661E-01  1.25953346E-03
1.56516190E-01  2.99179673E-01  1.22210023E-03
1.56762866E-01  2.87483811E-01  1.20956404E-03
1.57009543E-01  2.99942940E-01  1.24591927E-03
1.57256219E-01  2.89647102E-01  1.18255836E-03
1.57502896E-01  2.91146994E-01  1.18267629E-03
1.57749572E-01  2.89601505E-01  1.20616250E-03
1.57996249E-01  2.82243818E-01  1.15392078E-03
1.58242925E-01  2.85516918E-01  1.20393559E-03
1.58489601E-01  2.85020918E-01  1.14802807E-03
1.58736278E-01  2.83976227E-01  1.15774362E-03
1.58982954E-01  2.73598373E-01  1.12542650E-03
1.59229631E-01  2.75231868E-01  1.15776039E-03
1.59476307E-01  2.70899653E-01  1.12110481E-03
1.59722983E-01  2.72789001E-01  1.11260463E-03
1.59969660E-01  2.69362301E-01  1.13017031E-03
1.60216336E-01  2.72551745E-01  1.14081404E-03
1.60463013E-01  2.69923806E-01  1.14995055E-03
1.60709689E-01  2.71102130E-01  1.10051839E-03
1.60956366E-01  2.73421317E-01  1.11194968E-03
1.61203042E-01  2.63623118E-01  1.11648371E-03
1.61449718E-01  2.66265333E-01  1.11945113E-03
1.61696395E-01  2.62899071E-01  1.10816676E-03
1.61943071E-01  2.56890059E-01  1.07274612E-03
1.62189748E-01  2.54044920E-01  1.07514265E-03
1.62436424E-01  2.63143867E-01  1.09608984E-03
1.62683101E-01  2.63689727E-01  1.14321103E-03
1.62929777E-01  2.56329238E-01  1.09892059E-03
1.63176453E-01  2.57047296E-01  1.10171514E-03
1.63423130E-01  2.49239564E-01  1.07887341E-03
1.63669806E-01  2.53760040E-01  1.08278997E-03
1.63916483E-01  2.50367850E-01  1.06503034E-03
1.64163159E-01  2.45844975E-01  1.06740685E-03
1.64409836E-01  2.46029586E-01  1.09501916E-03
1.64656512E-01  2.40568087E-01  1.03242288E-03
1.64903188E-01  2.41756603E-01  1.06290111E-03
1.65149865E-01  2.39560172E-01  1.01014005E-03
1.65396541E-01  2.43560150E-01  1.06721953E-03
1.65643218E-01  2.46396467E-01  1.09062961E-03
1.65889894E-01  2.36093074E-01  1.04385254E-03
1.66136570E-01  2.45207042E-01  1.08485972E-03
1.66383247E-01  2.29908645E-01  1.00900151E-03
1.66629923E-01  2.29864478E-01  1.01072679E-03
1.66876600E-01  2.33522639E-01  9.87427076E-04
1.67123276E-01  2.29735866E-01  1.01143459E-03
1.67369953E-01  2.34086767E-01  1.02405902E-03
1.67616629E-01  2.32674316E-01  9.94343427E-04
1.67863305E-01  2.28397414E-01  9.90235596E-04
1.68109982E-01  2.32252076E-01  9.84949642E-04
1.68356658E-01  2.25462228E-01  9.95586277E-04
1.68603335E-01  2.26772681E-01  1.01904769E-03
1.68850011E-01  2.25376874E-01  1.00230263E-03
1.69096688E-01  2.21066177E-01  1.01709203E-03
1.69343364E-01  2.22643048E-01  9.76753887E-04
1.69590040E-01  2.19521597E-01  9.77011630E-04
1.69836717E-01  2.11654946E-01  9.73768299E-04
1.70083393E-01  2.15815455E-01  9.73539369E-04
1.70330070E-01  2.18658283E-01  9.67665459E-04
1.70576746E-01  2.19376504E-01  9.74580646E-04
1.70823422E-01  2.10472018E-01  9.34321200E-04
1.71070099E-01  2.12263197E-01  9.55006690E-04
1.71316775E-01  2.16481879E-01  9.65013343E-04
1.71563452E-01  2.03281239E-01  9.30305163E-04
1.71810128E-01  2.08668590E-01  9.53278097E-04
1.72056805E-01  2.05856621E-01  9.38193232E-04
1.72303481E-01  2.07686990E-01  9.72272654E-04
1.72550157E-01  2.03116700E-01  9.25705186E-04
1.72796834E-01  2.04849601E-01  9.39859427E-04
1.73043510E-01  2.01249078E-01  9.23572632E-04
1.73290187E-01  2.09299698E-01  9.37593752E-04
1.73536863E-01  2.03597203E-01  9.55008727E-04
1.73783540E-01  1.97452635E-01  9.20713763E-04
1.74030216E-01  1.99725538E-01  9.34292155E-04
1.74276892E-01  1.98085204E-01  8.96505080E-04
1.74523569E-01  2.02640161E-01  9.18268459E-04
1.74770245E-01  2.01493457E-01  9.00927465E-04
1.75016922E-01  1.88688651E-01  8.77552724E-04
1.75263598E-01  1.94187418E-01  9.25077184E-04
1.75510275E-01  1.90553322E-01  8.79762112E-04
1.75756951E-01  1.94157779E-01  8.95987148E-04
1.76003627E-01  1.93938315E-01  8.69490032E-04
1.76250304E-01  1.87308505E-01  8.75756552E-04
1.76496980E-01  1.85393676E-01  9.22466337E-04
1.76743657E-01  1.89649999E-01  8.93074437E-04
1.76990333E-01  1.85167357E-01  8.61830893E-04
1.77237009E-01  1.93135440E-01  9.12539545E-04
1.77483686E-01  1.89449459E-01  8.61297187E-04
1.77730362E-01  1.82358503E-01  8.73141689E-04
1.77977039E-01  1.84038520E-01  8.63521593E-04
1.78223715E-01  1.88556060E-01  8.90127849E-04
1.78470392E-01  1.82871401E-01  8.56478116E-04
1.78717068E-01  1.81781918E-01  8.50177836E-04
1.78963744E-01  1.82117492E-01  8.45143630E-04
1.79210421E-01  1.76165849E-01  8.39061919E-04
1.79457097E-01  1.79914057E-01  8.67254159E-04
1.79703774E-01  1.80287898E-01  8.41969450E-04
1.79950450E-01  1.72425762E-01  8.61731474E-04
1.80197127E-01  1.77224547E-01  8.52176396E-04
1.80443803E-01  1.75703585E-01  8.43329180E-04
1.80690479E-01  1.74240410E-01  8.54858372E-04
1.80937156E-01  1.75624862E-01  8.48547788E-04
1.81183832E-01  1.71941161E-01  8.46860465E-04
1.81430509E-01  1.75414264E-01  8.53827281E-04
1.81677185E-01  1.77308664E-01  8.01264599E-04
1.81923861E-01  1.64637730E-01  8.27857060E-04
1.82170538E-01  1.69013932E-01  7.95148197E-04
1.82417214E-01  1.69670507E-01  8.08105979E-04
1.82663891E-01  1.67671025E-01  8.44259339E-04
1.82910567E-01  1.66891128E-01  8.22529604E-04
1.83157244E-01  1.64899468E-01  7.97339831E-04
1.83403920E-01  1.62931204E-01  8.05789779E-04
1.83650596E-01  1.63443983E-01  7.99846661E-04
1.83897273E-01  1.66955173E-01  8.38174950E-04
1.84143949E-01  1.57691106E-01  7.87312048E-04
1.84390626E-01  1.63367048E-01  8.05307820E-04
1.84637302E-01  1.61709458E-01  7.88007339E-04
1.84883979E-01  1.65522352E-01  8.02321301E-04
1.85130655E-01  1.61083505E-01  7.95890985E-04
1.85377331E-01  1.59827933E-01  7.75164808E-04
1.85624008E-01  1.57463193E-01  8.09351564E-04
1.85870684E-01  1.57568753E-01  8.07644159E-04
1.86117361E-01  1.57100543E-01  7.94950174E-04
1.86364037E-01  1.55845493E-01  7.77313486E-04
1.86610714E-01  1.57579690E-01  7.82309391E-04
1.86857390E-01  1.54312268E-01  7.80899602E-04
1.87104066E-01  1.55482695E-01  7.98617082E-04
1.87350743E-01  1.57171324E-01  7.90562481E-04
1.87597419E-01  1.53514951E-01  7.53998640E-04
1.87844096E-01  1.51227713E-01  7.60425173E-04
1.88090772E-01  1.50234014E-01  7.58942449E-04
1.88337448E-01  1.53643668E-01  7.78880785E-04
1.88584125E-01  1.49669632E-01  7.47898128E-04
1.88830801E-01  1.51114717E-01  7.65249133E-04
1.89077478E-01  1.49262965E-01  7.63316522E-04
1.89324154E-01  1.48935035E-01  7.63438642E-04
1.89570831E-01  1.46523952E-01  7.46969192E-04
1.89817507E-01  1.50230780E-01  7.36498565E-04
1.90064183E-01  1.45980000E-01  7.43655488E-04
1.90310860E-01  1.44002497E-01  7.56964087E-04
1.90557536E-01  1.43656194E-01  7.49419502E-04
1.90804213E-01  1.44988596E-01  7.32810004E-04
1.91050889E-01  1.47607639E-01  7.54378445E-04
1.91297566E-01  1.44132271E-01  7.51719344E-04
1.91544242E-01  1.40647709E-01  7.43969344E-04
1.91790918E-01  1.42762437E-01  7.34150119E-04
1.92037595E-01  1.43898487E-01  7.48972350E-04
1.92284271E-01  1.38718069E-01  7.27754261E-04
1.92530948E-01  1.35626584E-01  7.26865139E-04
1.92777624E-01  1.38014317E-01  7.18784926E-04
1.93024301E-01  1.37107402E-01  7.12481153E-04
1.93270977E-01  1.37188435E-01  7.19781732E-04
1.93517653E-01  1.36815712E-01  7.28881045E-04
1.93764330E-01  1.34947285E-01  7.20631622E-04
1.94011006E-01  1.35199368E-01  6.84526691E-04
1.94257683E-01  1.33504480E-01  6.98112708E-04
1.94504359E-01  1.32707939E-01  7.00775185E-04
1.94751035E-01  1.37417123E-01  7.02419260E-04
1.94997712E-01  1.31019145E-01  7.07262021E-04
1.95244388E-01  1.31376594E-01  7.16557843E-04
1.95491065E-01  1.29289478E-01  6.81063975E-04
1.95737741E-01  1.28587410E-01  6.98119286E-04
1.95984418E-01  1.25457227E-01  6.93083508E-04
1.96231094E-01  1.26690000E-01  6.86660409E-04
1.96477770E-01  1.27376631E-01  6.80663914E-04
1.96724447E-01  1.30342528E-01  6.91842986E-04
1.96971123E-01  1.30418226E-01  6.85481995E-04
1.97217800E-01  1.28954425E-01  6.79384393E-04
1.97464476E-01  1.25529096E-01  6.77537930E-04
1.97711153E-01  1.22769430E-01  6.73893490E-04
1.97957829E-01  1.26636744E-01  6.90082787E-04
1.98204505E-01  1.24257885E-01  6.83703576E-04
1.98451182E-01  1.22173749E-01  6.66217937E-04
1.98697858E-01  1.21504329E-01  6.68396940E-04
1.98944535E-01  1.24814287E-01  6.60171907E-04
1.99191211E-01  1.21261470E-01  6.51953625E-04
1.99437887E-01  1.23024277E-01  6.63086423E-04
1.99684564E-01  1.24937832E-01  6.84954051E-04
1.99931240E-01  1.18261434E-01  6.79251098E-04
2.00177917E-01  1.17188834E-01  6.55528274E-04
2.00424593E-01  1.18073992E-01  6.47519017E-04
2.00671270E-01  1.17935061E-01  6.40201150E-04
2.00917946E-01  1.15983993E-01  6.57683122E-04
2.01164622E-01  1.17561512E-01  6.53987401E-04
2.01411299E-01  1.16808139E-01  6.37856079E-04
2.01657975E-01  1.19477130E-01  6.53162715E-04
2.01904652E-01  1.14100114E-01  6.43103500E-04
2.02151328E-01  1.18768021E-01  6.54062373E-04
2.02398005E-01  1.15747005E-01  6.58744946E-04
2.02644681E-01  1.13881774E-01  6.36216544E-04
2.02891357E-01  1.16983749E-01  6.40782528E-04
2.03138034E-01  1.15600802E-01  6.52259623E-04
2.03384710E-01  1.16187371E-01  6.48350397E-04
2.03631387E-01  1.14162043E-01  6.42474159E-04
2.03878063E-01  1.15196347E-01  6.48257963E-04
2.04124740E-01  1.14804178E-01  6.17102894E-04
2.04371416E-01  1.10973828E-01  6.24963839E-04
2.04618092E-01  1.15089320E-01  6.46681583E-04
2.04864769E-01  1.13088667E-01  6.36580691E-04
2.05111445E-01  1.10583082E-01  6.18385035E-04
2.05358122E-01  1.09932937E-01  6.28798618E-04
2.05604798E-01  1.09653756E-01  6.31501549E-04
2.05851474E-01  1.10447541E-01  6.27872476E-04
2.06098151E-01  1.07809432E-01  6.09598181E-04
2.06344827E-01  1.09309725E-01  6.35717239E-04
2.06591504E-01  1.12633161E-01  6.37878024E-04
2.06838180E-01  1.08524352E-01  6.08100672E-04
2.07084857E-01  1.11521326E-01  6.27001456E-04
2.07331533E-01  1.06375478E-01  6.24359644E-04
2.07578209E-01  1.07060157E-01  6.05105772E-04
2.07824886E-01  1.08991362E-01  6.31285191E-04
2.08071562E-01  1.07870623E-01  5.96589583E-04
2.08318239E-01  1.07583478E-01  5.98666957E-04
2.08564915E-01  1.08085394E-01  6.17799873E-04
2.08811592E-01  1.05711661E-01  6.10595802E-04
2.09058268E-01  1.03843674E-01  5.82531327E-04
2.09304944E-01  1.02212846E-01  6.04876084E-04
2.09551621E-01  1.05304465E-01  5.96591912E-04
2.09798297E-01  1.08161867E-01  6.03488355E-04
2.10044974E-01  1.03434876E-01  5.95900579E-04
2.10291650E-01  1.03420459E-01  5.78185543E-04
2.10538326E-01  1.06063753E-01  6.05664623E-04
2.10785003E-01  1.01127706E-01  5.75178768E-04
2.11031679E-01  1.02654621E-01  6.02888525E-04
2.11278356E-01  9.79373530E-02  5.78232983E-04
2.11525032E-01  1.03666648E-01  5.87924616E-04
2.11771709E-01  1.02947064E-01  6.02484506E-04
2.12018385E-01  1.03532352E-01  5.91281976E-04
2.12265061E-01  1.01524591E-01  5.93463657E-04
2.12511738E-01  1.02157995E-01  5.92985074E-04
2.12758414E-01  1.02987334E-01  5.91380813E-04
2.13005091E-01  9.68037099E-02  5.81119966E-04
2.13251767E-01  9.61004794E-02  5.66852628E-04
2.13498444E-01  9.88866612E-02  5.79743646E-04
2.13745120E-01  9.68386680E-02  5.73137775E-04
2.13991796E-01  9.96580720E-02  5.67885290E-04
2.14238473E-01  1.00098513E-01  5.73926722E-04
2.14485149E-01  9.75296497E-02  5.59231034E-04
2.14731826E-01  9.91177633E-02  5.73477708E-04
2.14978502E-01  9.82595310E-02  5.92464057E-04
2.15225179E-01  9.83498469E-02  5.77342580E-04
2.15471855E-01  9.91229936E-02  5.69848460E-04
2.15718531E-01  9.62808654E-02  5.67392213E-04
2.15965208E-01  9.85504761E-02  5.70258067E-04
2.16211884E-01  9.75010619E-02  5.67046169E-04
2.16458561E-01  9.58073884E-02  5.55795967E-04
2.16705237E-01  9.99628380E-02  5.82842040E-04
2.16951913E-01  9.48979706E-02  5.72820310E-04
2.17198590E-01  9.61662009E-02  5.81000408E-04
2.17445266E-01  9.47110355E-02  5.69471857E-04
2.17691943E-01  9.29180458E-02  5.64019370E-04
2.17938619E-01  9.58811417E-02  5.65401628E-04
2.18185296E-01  9.08773616E-02  5.61574358E-04
2.18431972E-01  9.43151116E-02  5.69508935E-04
2.18678648E-01  9.53302309E-02  5.77465922E-04
2.18925325E-01  9.59587544E-02  5.68610849E-04
2.19172001E-01  9.88824740E-02  5.84178022E-04
2.19418678E-01  9.48119909E-02  5.66712813E-04
2.19665354E-01  9.25028622E-02  5.48276759E-04
2.19912031E-01  9.33436304E-02  5.63787180E-04
2.20158707E-01  9.26298201E-02  5.58055530E-04
2.20405383E-01  9.35909376E-02  5.68342046E-04
2.20652060E-01  9.38825533E-02  5.52090118E-04
2.20898736E-01  9.28138867E-02  5.78954525E-04
2.21145413E-01  9.29608122E-02  5.58774977E-04
2.21392089E-01  8.99625197E-02  5.37672022E-04
2.21638766E-01  9.35633704E-02  5.71563665E-04
2.21885442E-01  9.10832509E-02  5.64815477E-04
2.22132118E-01  9.02133286E-02  5.65916765E-04
2.22378795E-01  9.33990702E-02  5.61926805E-04
2.22625471E-01  8.77714381E-02  5.56530606E-04
2.22872148E-01  9.07532200E-02  5.52532962E-04
2.23118824E-01  8.98791254E-02  5.47862786E-04
2.23365500E-01  8.91291872E-02  5.50182885E-04
2.23612177E-01  9.08910558E-02  5.52423531E-04
2.23858853E-01  8.94608274E-02  5.57245803E-04
2.24105530E-01  9.42739174E-02  5.67685813E-04
2.24352206E-01  9.15060118E-02  5.48398762E-04
2.24598883E-01  9.38920751E-02  5.66945178E-04
2.24845559E-01  8.75071362E-02  5.44402865E-04
2.25092235E-01  8.83606747E-02  5.28751814E-04
2.25338912E-01  9.27149281E-02  5.57795633E-04
2.25585588E-01  8.96724612E-02  5.50368452E-04
2.25832265E-01  8.94033685E-02  5.45569288E-04
2.26078941E-01  9.09182802E-02  5.37144835E-04
2.26325618E-01  9.10054371E-02  5.53461083E-04
2.26572294E-01  8.91078711E-02  5.46011433E-04
2.26818970E-01  9.16692987E-02  5.52560727E-04
2.27065647E-01  8.70868713E-02  5.35969099E-04
2.27312323E-01  8.77389833E-02  5.45849442E-04
2.27559000E-01  8.81725177E-02  5.36342443E-04
2.27805676E-01  8.96119997E-02  5.33955172E-04
2.28052352E-01  8.93066004E-02  5.55447710E-04
2.28299029E-01  8.68670121E-02  5.28033066E-04
2.28545705E-01  8.57731849E-02  5.29855897E-04
2.28792382E-01  8.91530290E-02  5.41289279E-04
2.29039058E-01  8.97543281E-02  5.36750478E-04
2.29285735E-01  8.71517062E-02  5.39064233E-04
2.29532411E-01  8.85495245E-02  5.24857373E-04
2.29779087E-01  8.90719593E-02  5.45754679E-04
2.30025764E-01  9.00426060E-02  5.33891667E-04
2.30272440E-01  8.84724930E-02  5.41139452E-04
2.30519117E-01  8.67562890E-02  5.26853313E-04
2.30765793E-01  8.48895609E-02  5.04561060E-04
2.31012470E-01  8.93137008E-02  5.34390041E-04
2.31259146E-01  8.72356743E-02  5.24461153E-04
2.31505822E-01  8.64654109E-02  5.28408913E-04
2.31752499E-01  8.80001783E-02  5.46731346E-04
2.31999175E-01  8.83195624E-02  5.32827573E-04
2.32245852E-01  9.04110894E-02  5.36213396E-04
2.32492528E-01  8.71262550E-02  5.02516574E-04
2.32739205E-01  8.44303370E-02  5.16459870E-04
2.32985881E-01  8.38314071E-02  5.14771207E-04
2.33232557E-01  8.76798704E-02  5.42241265E-04
2.33479234E-01  8.54787081E-02  5.17244567E-04
2.33725910E-01  8.77477825E-02  5.25583629E-04
2.33972587E-01  8.68041962E-02  5.27941505E-04
2.34219263E-01  8.93433318E-02  5.41184505E-04
2.34465939E-01  8.56453553E-02  5.21516020E-04
2.34712616E-01  8.55771452E-02  5.15856314E-04
2.34959292E-01  8.56250003E-02  5.17760636E-04
2.35205969E-01  8.61039236E-02  5.34449646E-04
2.35452645E-01  8.75945538E-02  5.21750830E-04
2.35699322E-01  8.70902464E-02  5.26782009E-04
2.35945998E-01  8.69664550E-02  5.23896073E-04
2.36192674E-01  8.62087682E-02  5.19328634E-04
2.36439351E-01  8.60014707E-02  5.16630593E-04
2.36686027E-01  8.67215097E-02  5.16988046E-04
2.36932704E-01  8.44305679E-02  5.34441089E-04
2.37179380E-01  8.67142901E-02  5.19560766E-04
2.37426057E-01  8.57217535E-02  5.17140666E-04
2.37672733E-01  8.73623490E-02  5.32864069E-04
2.37919409E-01  8.87062028E-02  5.27833414E-04
2.38166086E-01  8.72637555E-02  5.22024406E-04
2.38412762E-01  8.40996802E-02  5.24345611E-04
2.38659439E-01  8.80605951E-02  5.19525027E-04
2.38906115E-01  8.43027905E-02  5.13016363E-04
2.39152791E-01  8.48667622E-02  5.09793172E-04
2.39399468E-01  8.63009021E-02  5.15603402E-04
2.39646144E-01  8.80551264E-02  5.23609458E-04
2.39892821E-01  8.85866582E-02  5.23010152E-04
2.40139497E-01  8.77541229E-02  5.14049898E-04
2.40386174E-01  8.62545669E-02  5.14944317E-04
2.40632850E-01  8.43969211E-02  5.11385733E-04
2.40879526E-01  8.68391916E-02  5.24460804E-04
2.41126203E-01  8.52615237E-02  5.14767657E-04
2.41372879E-01  8.44066367E-02  5.14313055E-04
2.41619556E-01  8.57985020E-02  5.07919700E-04
2.41866232E-01  8.64094123E-02  5.32226695E-04
2.42112909E-01  8.29935893E-02  5.03701449E-04
2.42359585E-01  8.41274634E-02  5.07270568E-04
2.42606261E-01  8.53374302E-02  5.26034099E-04
2.42852938E-01  9.03502554E-02  5.42092836E-04
2.43099614E-01  8.82489458E-02  5.36921551E-04
2.43346291E-01  8.64473656E-02  5.32513775E-04
2.43592967E-01  8.90289024E-02  5.38549037E-04
2.43839644E-01  8.69814679E-02  5.23070630E-04
2.44086320E-01  8.60050172E-02  5.30230172E-04
2.44332996E-01  8.69973972E-02  5.48778044E-04
2.44579673E-01  8.51892605E-02  5.27638011E-04
2.44826349E-01  8.63135904E-02  5.45306306E-04
2.45073026E-01  8.38216022E-02  5.19290508E-04
2.45319702E-01  8.51364508E-02  5.26991906E-04
2.45566378E-01  8.65126848E-02  5.43014146E-04
2.45813055E-01  8.63650367E-02  5.32275240E-04
2.46059731E-01  8.28069821E-02  5.24836825E-04
2.46306408E-01  8.78502429E-02  5.56966930E-04
2.46553084E-01  8.42991695E-02  5.39771863E-04
2.46799761E-01  8.54942054E-02  5.50839875E-04
2.47046437E-01  8.56967792E-02  5.55252656E-04
2.47293113E-01  8.73648450E-02  5.52380865E-04
2.47539790E-01  8.66816267E-02  5.52101235E-04
2.47786466E-01  8.96162316E-02  5.74162288E-04
2.48033143E-01  8.25009793E-02  5.51392615E-04
2.48279819E-01  8.74084756E-02  5.67188021E-04
2.48526496E-01  8.52345899E-02  5.53516031E-04
2.48773172E-01  9.02750939E-02  5.85153291E-04
2.49019848E-01  8.61828625E-02  5.59666078E-04
2.49266525E-01  8.61941427E-02  5.50234341E-04
2.49513201E-01  8.86482671E-02  5.69882279E-04
2.49759878E-01  8.87485966E-02  5.69155498E-04
2.50006554E-01  8.75308812E-02  5.77169412E-04
2.50253230E-01  8.92388895E-02  5.96176193E-04
2.50499907E-01  8.49870443E-02  5.52818878E-04
2.50746583E-01  8.33524466E-02  5.60952933E-04
2.50993260E-01  8.83753374E-02  5.80539636E-04
2.51239936E-01  8.43263641E-02  5.68434712E-04
2.51486613E-01  8.66550505E-02  5.64151269E-04
2.51733289E-01  8.60139355E-02  5.61489956E-04
2.51979965E-01  8.47062841E-02  5.78594743E-04
2.52226642E-01  8.79138783E-02  5.74340229E-04
2.52473318E-01  8.64179283E-02  5.81123459E-04
2.52719995E-01  8.58975947E-02  5.79309533E-04
2.52966671E-01  8.46665204E-02  5.49020537E-04
2.53213348E-01  8.76173824E-02  6.03815599E-04
2.53460024E-01  8.69005099E-02  5.84334775E-04
2.53706700E-01  8.60972703E-02  5.77680301E-04
2.53953377E-01  8.87793899E-02  5.95233694E-04
2.54200053E-01  8.52648094E-02  5.59966313E-04
2.54446730E-01  8.85167867E-02  5.72310237E-04
2.54693406E-01  8.64910036E-02  5.55638457E-04
2.54940083E-01  8.65800753E-02  5.73201396E-04
2.55186759E-01  8.72978643E-02  5.80449763E-04
2.55433435E-01  8.71463493E-02  5.75562881E-04
2.55680112E-01  8.69639739E-02  5.64706570E-04
2.55926788E-01  8.64751041E-02  5.61201421E-04
2.56173465E-01  8.56731459E-02  5.68291405E-04
2.56420141E-01  8.38383958E-02  5.51753445E-04
2.56666817E-01  8.59236568E-02  5.62069763E-04
2.56913494E-01  8.90443921E-02  5.51655947E-04
2.57160170E-01  8.43537822E-02  5.42226073E-04
2.57406847E-01  9.02691633E-02  5.65867580E-04
2.57653523E-01  8.45305994E-02  5.49344986E-04
2.57900200E-01  8.55121464E-02  5.51320321E-04
2.58146876E-01  8.61402825E-02  5.62625122E-04
2.58393552E-01  8.24387446E-02  5.55411796E-04
2.58640229E-01  8.59478116E-02  5.49521879E-04
2.58886905E-01  8.77712071E-02  5.59901760E-04
2.59133582E-01  8.64001960E-02  5.54449332E-04
2.59380258E-01  8.90444517E-02  5.67425101E-04
2.59626935E-01  8.58649462E-02  5.64358023E-04
2.59873611E-01  8.78547803E-02  5.54821512E-04
2.60120287E-01  8.67891684E-02  5.65847207E-04
2.60366964E-01  8.56041610E-02  5.44314156E-04
2.60613640E-01  8.69123563E-02  5.52542333E-04
2.60860317E-01  8.45372304E-02  5.59779932E-04
2.61106993E-01  8.60821381E-02  5.51841629E-04
2.61353670E-01  8.88853669E-02  5.73844358E-04
2.61600346E-01  8.89296010E-02  5.64918038E-04
2.61847022E-01  8.47315267E-02  5.41364774E-04
2.62093699E-01  8.60484317E-02  5.42502909E-04
2.62340375E-01  8.71840641E-02  5.57162566E-04
2.62587052E-01  8.49386528E-02  5.40147768E-04
2.62833728E-01  8.78194273E-02  5.47380536E-04
2.63080404E-01  8.69901180E-02  5.66206058E-04
2.63327081E-01  8.73350203E-02  5.68851246E-04
2.63573757E-01  8.58114213E-02  5.45151939E-04
2.63820434E-01  8.30803066E-02  5.44337323E-04
2.64067110E-01  8.59183148E-02  5.57086372E-04
2.64313787E-01  8.65980759E-02  5.41196263E-04
2.64560463E-01  8.62691849E-02  5.58419153E-04
2.64807139E-01  8.57788622E-02  5.32557839E-04
2.65053816E-01  8.68081227E-02  5.42832189E-04
2.65300492E-01  8.49216431E-02  5.37064509E-04
2.65547169E-01  8.50104764E-02  5.39648870E-04
2.65793845E-01  8.47074613E-02  5.49670309E-04
2.66040522E-01  8.31823796E-02  5.34302730E-04
2.66287198E-01  8.80824849E-02  5.67552459E-04
2.66533874E-01  8.81927013E-02  5.54339611E-04
2.66780551E-01  8.66480395E-02  5.53073536E-04
2.67027227E-01  8.41655135E-02  5.36403037E-04
2.67273904E-01  8.49597976E-02  5.53041755E-04
2.67520580E-01  8.20526853E-02  5.23538620E-04
2.67767256E-01  8.72477815E-02  5.44938666E-04
2.68013933E-01  8.65183920E-02  5.41780202E-04
2.68260609E-01  8.28825086E-02  5.29531681E-04
2.68507286E-01  8.64223838E-02  5.54085418E-04
2.68753962E-01  8.78286436E-02  5.57492313E-04
2.69000639E-01  8.62193853E-02  5.36677602E-04
2.69247315E-01  8.79482403E-02  5.66895644E-04
2.69493991E-01  8.30938667E-02  5.29003970E-04
2.69740668E-01  8.37344453E-02  5.50110359E-04
2.69987344E-01  8.61891061E-02  5.34925610E-04
2.70234021E-01  8.92312229E-02  5.37661777E-04
2.70480697E-01  8.52306709E-02  5.53344202E-04
2.70727374E-01  8.43622610E-02  5.43164962E-04
2.70974050E-01  8.69607031E-02  5.79984917E-04
2.71220726E-01  8.74168053E-02  5.46898751E-04
2.71467403E-01  8.73759985E-02  5.58162923E-04
2.71714079E-01  8.51250812E-02  5.63100562E-04
2.71960756E-01  8.59166905E-02  5.64251386E-04
2.72207432E-01  8.67430195E-02  5.69024065E-04
2.72454109E-01  8.90277475E-02  5.76042687E-04
2.72700785E-01  8.51035267E-02  5.44111070E-04
2.72947461E-01  8.63014460E-02  5.72643592E-04
2.73194138E-01  8.60614032E-02  5.63548005E-04
2.73440814E-01  8.81082118E-02  5.63826528E-04
2.73687491E-01  8.66836831E-02  5.44184004E-04
2.73934167E-01  8.72547328E-02  5.71718381E-04
2.74180843E-01  9.03488398E-02  5.79216401E-04
2.74427520E-01  8.78876522E-02  5.66315139E-04
2.74674196E-01  8.68622810E-02  5.71010460E-04
2.74920873E-01  8.45044330E-02  5.58226835E-04
2.75167549E-01  8.94799680E-02  5.78096195E-04
2.75414226E-01  8.74640122E-02  5.78048348E-04
2.75660902E-01  8.59169513E-02  5.87681774E-04
2.75907578E-01  8.96079689E-02  5.82722423E-04
2.76154255E-01  8.94123316E-02  5.75941929E-04
2.76400931E-01  8.94474536E-02  5.78329316E-04
2.76647608E-01  8.38065594E-02  5.57113031E-04
2.76894284E-01  9.13315341E-02  5.87438117E-04
2.77140961E-01  8.56972262E-02  5.76958002E-04
2.77387637E-01  8.65004659E-02  5.74411592E-04
2.77634313E-01  8.62655416E-02  5.66656876E-04
2.77880990E-01  8.57944116E-02  5.66671020E-04
2.78127666E-01  8.84884149E-02  5.75942511E-04
2.78374343E-01  8.96990523E-02  5.92809578E-04
2.78621019E-01  8.54469016E-02  5.64525079E-04
2.78867695E-01  8.66127163E-02  5.77085535E-04
2.79114372E-01  8.89858827E-02  5.81584871E-04
2.79361048E-01  8.94143730E-02  5.88238065E-04
2.79607725E-01  9.27734971E-02  5.94488345E-04
2.79854401E-01  8.66807476E-02  5.66553324E-04
2.80101078E-01  8.99389982E-02  5.84708469E-04
2.80347754E-01  8.94787312E-02  5.88177470E-04
2.80594430E-01  8.49229842E-02  5.74934587E-04
2.80841107E-01  8.96543115E-02  5.97278820E-04
2.81087783E-01  8.98413733E-02  5.83579415E-04
2.81334460E-01  8.91794339E-02  5.96276077E-04
2.81581136E-01  8.74251351E-02  5.81000815E-04
2.81827813E-01  8.88173729E-02  5.98125800E-04
2.82074489E-01  8.73202085E-02  5.95382415E-04
2.82321165E-01  8.77764374E-02  5.75047918E-04
2.82567842E-01  8.99346247E-02  5.87445102E-04
2.82814518E-01  8.46988037E-02  5.55637176E-04
2.83061195E-01  8.54075104E-02  5.88180497E-04
2.83307871E-01  9.02160257E-02  5.96598315E-04
2.83554548E-01  8.76531377E-02  5.84849913E-04
2.83801224E-01  8.77210200E-02  5.92819066E-04
2.84047900E-01  8.36557597E-02  5.84384485E-04
2.84294577E-01  8.86264890E-02  5.90310723E-04
2.84541253E-01  8.78951177E-02  5.69847005E-04
2.84787930E-01  8.77985507E-02  5.80419379E-04
2.85034606E-01  8.70472491E-02  5.75651356E-04
2.85281282E-01  8.75504985E-02  5.73154597E-04
2.85527959E-01  9.11265239E-02  5.81613858E-04
2.85774635E-01  9.11272243E-02  6.14760327E-04
2.86021312E-01  8.46296772E-02  5.71948243E-04
2.86267988E-01  8.71778801E-02  5.87836897E-04
2.86514665E-01  8.86250436E-02  5.85713424E-04
2.86761341E-01  8.59483853E-02  5.87923569E-04
2.87008017E-01  8.54392499E-02  5.83252637E-04
2.87254694E-01  8.79815146E-02  6.01242005E-04
2.87501370E-01  8.75825137E-02  5.69258526E-04
2.87748047E-01  8.74863267E-02  5.92781173E-04
2.87994723E-01  8.82440582E-02  5.95593010E-04
2.88241400E-01  8.50608796E-02  5.71338460E-04
2.88488076E-01  8.66886601E-02  5.85265690E-04
2.88734752E-01  8.72268677E-02  5.90543903E-04
2.88981429E-01  8.83736014E-02  5.95713966E-04
2.89228105E-01  8.91973674E-02  6.05944777E-04
2.89474782E-01  8.79259408E-02  5.83909277E-04
2.89721458E-01  8.39625970E-02  5.71926299E-04
2.89968134E-01  8.91197473E-02  5.95286954E-04
2.90214811E-01  8.64907727E-02  5.76064340E-04
2.90461487E-01  8.78716037E-02  5.95266756E-04
2.90708164E-01  8.59479234E-02  5.97657578E-04
2.90954840E-01  8.94884169E-02  5.97492442E-04
2.91201517E-01  8.51873830E-02  5.87399467E-04
2.91448193E-01  8.58373195E-02  5.79898537E-04
2.91694869E-01  8.80049244E-02  5.83160378E-04
2.91941546E-01  8.58303457E-02  6.02683809E-04
2.92188222E-01  8.39948431E-02  5.88339404E-04
2.92434899E-01  8.77714604E-02  5.89070492E-04
2.92681575E-01  8.59296992E-02  6.00726577E-04
2.92928252E-01  8.88775811E-02  6.00920175E-04
2.93174928E-01  9.01559666E-02  6.07117719E-04
2.93421604E-01  8.44134092E-02  5.94054640E-04
2.93668281E-01  8.88098329E-02  5.88230090E-04
2.93914957E-01  8.97381678E-02  6.15275640E-04
2.94161634E-01  8.70223045E-02  5.85198984E-04
2.94408310E-01  8.93844813E-02  6.13133656E-04
2.94654987E-01  8.73548239E-02  6.01715758E-04
2.94901663E-01  8.54107812E-02  5.82880108E-04
2.95148339E-01  8.33913907E-02  5.80415886E-04
2.95395016E-01  8.74901563E-02  5.87422110E-04
2.95641692E-01  8.78033340E-02  5.91156830E-04
2.95888369E-01  8.90683457E-02  5.97825332E-04
2.96135045E-01  8.79037082E-02  6.06622139E-04
2.96381721E-01  8.99697170E-02  5.94958372E-04
2.96628398E-01  8.68397653E-02  5.79392305E-04
2.96875074E-01  8.50150287E-02  5.79067797E-04
2.97121751E-01  8.56566429E-02  5.87504066E-04
2.97368427E-01  9.03876796E-02  5.88878640E-04
2.97615104E-01  8.75682160E-02  5.97353093E-04
2.97861780E-01  8.69606882E-02  5.82210254E-04
2.98108456E-01  8.79464522E-02  5.90087089E-04
2.98355133E-01  8.94483551E-02  5.89240110E-04
2.98601809E-01  8.54954198E-02  5.69775235E-04
2.98848486E-01  8.63846466E-02  6.06136222E-04
2.99095162E-01  8.90841112E-02  5.91858465E-04
2.99341839E-01  8.97544399E-02  5.97676204E-04
2.99588515E-01  8.68693590E-02  5.95338061E-04
2.99835191E-01  8.72470737E-02  5.95412916E-04
3.00081868E-01  8.35000202E-02  5.86160168E-04
3.00328544E-01  8.15897211E-02  5.68246527E-04
3.00575221E-01  8.53168890E-02  5.89721662E-04
3.00821897E-01  8.53981078E-02  5.77157771E-04
3.01068574E-01  8.64455104E-02  5.92978089E-04
3.01315250E-01  8.62464607E-02  5.80805179E-04
3.01561926E-01  8.65888223E-02  5.97839360E-04
3.01808603E-01  8.88690352E-02  6.02274318E-04
3.02055279E-01  8.71806294E-02  5.86822745E-04
3.02301956E-01  8.76122639E-02  5.76620630E-04
3.02548632E-01  8.65700319E-02  5.83491812E-04
3.02795308E-01  8.57086182E-02  5.86132694E-04
3.03041985E-01  8.97215605E-02  5.99404913E-04
3.03288661E-01  9.14779454E-02  6.01226639E-04
3.03535338E-01  8.75250697E-02  5.95488993E-04
3.03782014E-01  8.63894895E-02  5.74611768E-04
3.04028691E-01  9.01738927E-02  6.09204581E-04
3.04275367E-01  8.80120844E-02  5.86983573E-04
3.04522043E-01  8.70976895E-02  5.82274341E-04
3.04768720E-01  8.63295272E-02  5.85660280E-04
3.05015396E-01  9.06789154E-02  6.03695342E-04
3.05262073E-01  8.81908834E-02  5.96492202E-04
3.05508749E-01  9.18846056E-02  6.14610384E-04
3.05755426E-01  8.80364999E-02  6.15402823E-04
3.06002102E-01  9.09783542E-02  6.08815229E-04
3.06248778E-01  9.58813652E-02  6.41001272E-04
3.06495455E-01  9.21820998E-02  6.38586178E-04
3.06742131E-01  9.24496725E-02  6.38690428E-04
3.06988808E-01  8.81927982E-02  6.28637150E-04
3.07235484E-01  9.25745517E-02  6.55608892E-04
3.07482160E-01  9.47359502E-02  6.66595588E-04
3.07728837E-01  9.03643668E-02  6.22390187E-04
3.07975513E-01  9.22772214E-02  6.28770504E-04
3.08222190E-01  8.91537666E-02  6.17471582E-04
3.08468866E-01  9.02218074E-02  6.20447041E-04
3.08715543E-01  8.76201168E-02  5.90578828E-04
3.08962219E-01  8.63876939E-02  5.88106632E-04
3.09208895E-01  8.62948075E-02  6.09031296E-04
3.09455572E-01  8.79059359E-02  6.06661488E-04
3.09702248E-01  8.92510787E-02  5.88532945E-04
3.09948925E-01  8.42630565E-02  6.01471285E-04
3.10195601E-01  8.40694010E-02  5.78929146E-04
3.10442278E-01  8.65349025E-02  5.77567029E-04
3.10688954E-01  8.76543373E-02  6.06833491E-04
3.10935630E-01  8.58113319E-02  5.66280098E-04
3.11182307E-01  8.93997848E-02  6.04164437E-04
3.11428983E-01  8.52881745E-02  5.84253168E-04
3.11675660E-01  8.69455934E-02  5.90201293E-04
3.11922336E-01  8.93912241E-02  6.05753215E-04
3.12169013E-01  8.77912119E-02  6.03886496E-04
3.12415689E-01  8.63730013E-02  5.96432365E-04
3.12662365E-01  8.73465165E-02  5.97690872E-04
3.12909042E-01  8.61299559E-02  5.95801685E-04
3.13155718E-01  8.90314803E-02  6.06330228E-04
3.13402395E-01  9.04436111E-02  5.95083518E-04
3.13649071E-01  8.36049169E-02  5.92745142E-04
3.13895747E-01  8.92648622E-02  6.09391253E-04
3.14142424E-01  8.84859934E-02  6.00761326E-04
3.14389100E-01  8.78912434E-02  6.14666671E-04
3.14635777E-01  8.39776024E-02  5.87024668E-04
3.14882453E-01  9.02952924E-02  6.13832439E-04
3.15129130E-01  8.56177211E-02  5.97195118E-04
3.15375806E-01  8.63061845E-02  5.93385601E-04
3.15622482E-01  8.86800140E-02  5.97413222E-04
3.15869159E-01  8.86342898E-02  6.01352192E-04
3.16115835E-01  8.34656879E-02  5.83203277E-04
3.16362512E-01  8.91764835E-02  5.94208657E-04
3.16609188E-01  8.81765559E-02  6.06199435E-04
3.16855865E-01  8.60117376E-02  5.87915129E-04
3.17102541E-01  8.43948871E-02  5.76373539E-04
3.17349217E-01  8.74216333E-02  6.10550283E-04
3.17595894E-01  8.65004435E-02  5.82074630E-04
3.17842570E-01  8.67976546E-02  5.75616607E-04
3.18089247E-01  8.55892822E-02  5.72364836E-04
3.18335923E-01  8.83637369E-02  5.88509021E-04
3.18582599E-01  8.38964731E-02  5.82707406E-04
3.18829276E-01  8.60412046E-02  6.01041131E-04
3.19075952E-01  8.85279477E-02  6.04106113E-04
3.19322629E-01  8.62072855E-02  6.06797170E-04
3.19569305E-01  8.66354629E-02  5.94727986E-04
3.19815982E-01  8.62382799E-02  6.02169253E-04
3.20062658E-01  8.46268013E-02  5.84642577E-04
3.20309334E-01  8.38347077E-02  5.69771335E-04
3.20556011E-01  8.66605490E-02  6.07591239E-04
3.20802687E-01  8.66457745E-02  6.02260348E-04
3.21049364E-01  8.97575617E-02  5.99102874E-04
3.21296040E-01  8.74498636E-02  5.88834169E-04
3.21542717E-01  9.10964161E-02  6.08469069E-04
3.21789393E-01  8.46636891E-02  5.98051120E-04
3.22036069E-01  8.45816880E-02  5.89002389E-04
3.22282746E-01  8.68038610E-02  5.90120035E-04
3.22529422E-01  8.73196423E-02  5.92064171E-04
3.22776099E-01  8.88732746E-02  5.93572855E-04
3.23022775E-01  8.45470354E-02  5.93454111E-04
3.23269452E-01  8.62106308E-02  5.93767618E-04
3.23516128E-01  8.65952671E-02  5.84995432E-04
3.23762804E-01  8.82529467E-02  6.07861439E-04
3.24009481E-01  8.59824345E-02  5.93849923E-04
3.24256157E-01  8.85896981E-02  6.13140874E-04
3.24502834E-01  8.60170126E-02  5.85043628E-04
3.24749510E-01  9.23782736E-02  6.08528440E-04
3.24996186E-01  8.39750618E-02  5.93056844E-04
3.25242863E-01  8.64819661E-02  6.04985689E-04
3.25489539E-01  8.48574638E-02  6.07148220E-04
3.25736216E-01  9.18665603E-02  6.19171886E-04
3.25982892E-01  8.59968737E-02  6.06017828E-04
3.26229569E-01  8.68835524E-02  6.06281566E-04
3.26476245E-01  8.60266611E-02  6.16787933E-04
3.26722921E-01  8.65162760E-02  6.07908063E-04
3.26969598E-01  8.67266655E-02  5.87771588E-04
3.27216274E-01  8.73935372E-02  6.12999604E-04
3.27462951E-01  8.69203210E-02  5.92719996E-04
3.27709627E-01  9.07528698E-02  6.15484372E-04
3.27956304E-01  8.64662081E-02  5.98690880E-04
3.28202980E-01  8.64732489E-02  6.03670371E-04
3.28449656E-01  8.56014118E-02  6.13168988E-04
3.28696333E-01  8.69374052E-02  6.00929488E-04
3.28943009E-01  9.16542634E-02  6.13585347E-04
3.29189686E-01  8.70807618E-02  5.94459125E-04
3.29436362E-01  8.73965696E-02  5.88263734E-04
3.29683039E-01  8.92624483E-02  6.24362088E-04
3.29929715E-01  8.85844603E-02  5.93687641E-04
3.30176391E-01  8.77761468E-02  6.14790479E-04
3.30423068E-01  8.64894018E-02  6.09208422E-04
3.30669744E-01  9.12646577E-02  6.16838748E-04
3.30916421E-01  8.88813958E-02  5.91991295E-04
3.31163097E-01  8.65308791E-02  5.98104845E-04
3.31409773E-01  8.94195065E-02  6.10168965E-04
3.31656450E-01  8.94141570E-02  5.92307770E-04
3.31903126E-01  9.05851275E-02  6.35572418E-04
3.32149803E-01  8.65603462E-02  6.07857539E-04
3.32396479E-01  9.27530378E-02  6.28788839E-04
3.32643156E-01  8.94127712E-02  6.02262211E-04
3.32889832E-01  8.98476243E-02  6.12178177E-04
3.33136508E-01  8.63573328E-02  5.87313087E-04
3.33383185E-01  9.00373831E-02  6.29791291E-04
3.33629861E-01  8.81906375E-02  6.16634265E-04
3.33876538E-01  8.63592923E-02  6.07359863E-04
3.34123214E-01  9.06170234E-02  6.13091863E-04
3.34369891E-01  8.94107670E-02  6.19078171E-04
3.34616567E-01  9.08629298E-02  6.29706716E-04
3.34863243E-01  8.67814198E-02  5.99180174E-04
3.35109920E-01  8.92555341E-02  6.09638635E-04
3.35356596E-01  9.10029635E-02  6.20392093E-04
3.35603273E-01  8.92873332E-02  6.09396258E-04
3.35849949E-01  9.17240009E-02  6.19416940E-04
3.36096625E-01  8.99470150E-02  6.12132892E-04
3.36343302E-01  8.96975920E-02  6.19841856E-04
3.36589978E-01  9.06588063E-02  6.09436480E-04
3.36836655E-01  8.93763676E-02  6.28480106E-04
3.37083331E-01  8.63993466E-02  6.01686770E-04
3.37330008E-01  9.03535187E-02  6.12283940E-04
3.37576684E-01  9.50467288E-02  6.25538756E-04
3.37823360E-01  9.07486230E-02  6.12852746E-04
3.38070037E-01  8.95153880E-02  6.14226388E-04
3.38316713E-01  8.79059508E-02  6.07319176E-04
3.38563390E-01  8.93100128E-02  6.02375134E-04
3.38810066E-01  9.11564082E-02  6.30845316E-04
3.39056743E-01  9.07056779E-02  6.05763751E-04
3.39303419E-01  9.27345455E-02  6.38505095E-04
3.39550095E-01  9.18127745E-02  6.23935601E-04
3.39796772E-01  9.04726312E-02  6.32476527E-04
3.40043448E-01  9.25471634E-02  6.28115085E-04
3.40290125E-01  9.09655392E-02  6.11017342E-04
3.40536801E-01  8.95543844E-02  6.23119180E-04
3.40783478E-01  8.83388445E-02  6.15167199E-04
3.41030154E-01  9.02680904E-02  5.97329577E-04
3.41276830E-01  9.01398361E-02  6.17526181E-04
3.41523507E-01  9.02565345E-02  6.18979044E-04
3.41770183E-01  9.04944912E-02  6.19522820E-04
3.42016860E-01  9.05058905E-02  6.20811828E-04
3.42263536E-01  8.82540494E-02  6.01326523E-04
3.42510212E-01  8.64593312E-02  5.89392846E-04
3.42756889E-01  9.18433219E-02  6.12583128E-04
3.43003565E-01  9.27400813E-02  6.30656665E-04
3.43250242E-01  8.92569050E-02  6.22254214E-04
3.43496918E-01  8.91640484E-02  6.24146545E-04
3.43743595E-01  8.98248330E-02  6.17919955E-04
3.43990271E-01  8.89530182E-02  6.23704691E-04
3.44236947E-01  9.23748463E-02  6.24211796E-04
3.44483624E-01  8.61535519E-02  6.19472179E-04
3.44730300E-01  9.26782787E-02  6.25819725E-04
3.44976977E-01  9.32605043E-02  6.38993166E-04
3.45223653E-01  8.61487612E-02  5.99335821E-04
3.45470330E-01  8.73758718E-02  6.13337150E-04
3.45717006E-01  9.08095688E-02  6.22295018E-04
3.45963682E-01  9.13733542E-02  6.22258580E-04
3.46210359E-01  8.97041857E-02  6.24025823E-04
3.46457035E-01  9.30149630E-02  6.28850481E-04
3.46703712E-01  8.77647623E-02  6.04815781E-04
3.46950388E-01  9.46903154E-02  6.19665370E-04
3.47197064E-01  9.06917974E-02  6.19433646E-04
3.47443741E-01  8.69019032E-02  5.87779155E-04
3.47690417E-01  8.87633339E-02  6.07553462E-04
3.47937094E-01  8.76488164E-02  6.06051763E-04
3.48183770E-01  9.02679414E-02  6.27409143E-04
3.48430447E-01  8.82216617E-02  5.98568527E-04
3.48677123E-01  8.56800079E-02  6.00206316E-04
3.48923799E-01  9.08178315E-02  6.15673140E-04
3.49170476E-01  8.58476758E-02  5.87721181E-04
3.49417152E-01  8.81024003E-02  5.95469319E-04
3.49663829E-01  8.52558240E-02  5.99113060E-04
3.49910505E-01  8.92172903E-02  6.14713295E-04
3.50157182E-01  8.80576447E-02  6.10404881E-04
3.50403858E-01  8.33799019E-02  5.73615369E-04
3.50650534E-01  8.67126435E-02  5.93580538E-04
3.50897211E-01  8.66640657E-02  5.86527865E-04
3.51143887E-01  8.83478075E-02  6.12058502E-04
3.51390564E-01  8.43688697E-02  5.74250997E-04
3.51637240E-01  8.57400820E-02  5.93198405E-04
3.51883917E-01  9.04523581E-02  6.17165409E-04
3.52130593E-01  8.45711082E-02  5.94264129E-04
3.52377269E-01  8.60003904E-02  6.08034141E-04
3.52623946E-01  8.53351951E-02  5.78489911E-04
3.52870622E-01  9.06541869E-02  6.01313193E-04
3.53117299E-01  8.51605162E-02  5.82176261E-04
3.53363975E-01  8.67415369E-02  5.99609630E-04
3.53610651E-01  8.75335187E-02  6.01332227E-04
3.53857328E-01  8.71871635E-02  5.95825957E-04
3.54104004E-01  8.66865665E-02  5.92479075E-04
3.54350681E-01  8.78176168E-02  6.10816176E-04
3.54597357E-01  8.72612223E-02  5.94273559E-04
3.54844034E-01  8.64377022E-02  5.94581536E-04
3.55090710E-01  8.94074142E-02  5.96962345E-04
3.55337386E-01  8.94585177E-02  6.18853082E-04
3.55584063E-01  8.49194899E-02  5.79963380E-04
3.55830739E-01  8.64910260E-02  6.01835258E-04
3.56077416E-01  8.70006904E-02  5.94772282E-04
3.56324092E-01  8.63967687E-02  5.97400824E-04
3.56570769E-01  8.66075233E-02  6.05352048E-04
3.56817445E-01  8.20350200E-02  5.82008215E-04
3.57064121E-01  8.56635943E-02  5.90164622E-04
3.57310798E-01  8.30303431E-02  5.72505465E-04
3.57557474E-01  8.59276429E-02  6.07737631E-04
3.57804151E-01  8.49618837E-02  5.89098781E-04
3.58050827E-01  8.21079239E-02  6.01712440E-04
3.58297503E-01  8.26899856E-02  5.84166904E-04
3.58544180E-01  8.46592486E-02  5.86855749E-04
3.58790856E-01  8.66615996E-02  5.85310976E-04
3.59037533E-01  8.43376219E-02  5.67758107E-04
3.59284209E-01  8.66902024E-02  5.94143523E-04
3.59530886E-01  8.46059099E-02  5.96797967E-04
3.59777562E-01  8.52137059E-02  5.93788922E-04
3.60024238E-01  8.43078122E-02  5.88979339E-04
3.60270915E-01  8.42701048E-02  5.99946652E-04
3.60517591E-01  8.56189728E-02  5.87332353E-04
3.60764268E-01  8.15263763E-02  5.81104541E-04
3.61010944E-01  8.35966170E-02  5.85480651E-04
3.61257621E-01  8.28343555E-02  6.07160269E-04
3.61504297E-01  8.58945400E-02  5.82791050E-04
3.61750973E-01  8.29991624E-02  5.89108502E-04
3.61997650E-01  8.57222751E-02  6.17113430E-04
3.62244326E-01  8.40139091E-02  5.95336838E-04
3.62491003E-01  8.47613662E-02  5.92786935E-04
3.62737679E-01  8.35025460E-02  5.94068377E-04
3.62984356E-01  8.27141777E-02  5.91601362E-04
3.63231032E-01  8.30220655E-02  5.74476551E-04
3.63477708E-01  8.12018290E-02  5.94677636E-04
3.63724385E-01  8.26825798E-02  5.80894994E-04
3.63971061E-01  8.41850415E-02  5.96709491E-04
3.64217738E-01  8.48757103E-02  5.99150313E-04
3.64464414E-01  8.15704167E-02  5.71889570E-04
3.64711090E-01  8.23533908E-02  5.85509813E-04
3.64957767E-01  8.37614164E-02  6.02384331E-04
3.65204443E-01  8.06844309E-02  5.67216368E-04
3.65451120E-01  8.21784735E-02  5.86917624E-04
3.65697796E-01  8.16263705E-02  5.90566895E-04
3.65944473E-01  8.10578838E-02  5.83192566E-04
3.66191149E-01  8.26822668E-02  5.89908392E-04
3.66437825E-01  8.23387802E-02  5.76302817E-04
3.66684502E-01  8.24498832E-02  5.80874679E-04
3.66931178E-01  8.30201283E-02  5.88181138E-04
3.67177855E-01  8.31002071E-02  5.87695336E-04
3.67424531E-01  7.94671699E-02  5.66190865E-04
3.67671208E-01  8.16044137E-02  5.88250172E-04
3.67917884E-01  8.08410048E-02  5.70016273E-04
3.68164560E-01  8.12396854E-02  5.69044729E-04
3.68411237E-01  7.97861516E-02  5.73135214E-04
3.68657913E-01  8.00364539E-02  5.70283621E-04
3.68904590E-01  8.28648582E-02  5.87881834E-04
3.69151266E-01  8.24370310E-02  5.80460182E-04
3.69397943E-01  7.98214525E-02  5.86633396E-04
3.69644619E-01  7.99287483E-02  5.76721970E-04
3.69891295E-01  8.11994001E-02  5.72888006E-04
3.70137972E-01  8.27959478E-02  5.85151371E-04
3.70384648E-01  7.54946172E-02  5.51538833E-04
3.70631325E-01  7.99569488E-02  5.73590922E-04
3.70878001E-01  8.20505694E-02  5.81160071E-04
3.71124677E-01  8.16335306E-02  5.82202105E-04
3.71371354E-01  8.15090686E-02  5.84223715E-04
3.71618030E-01  8.08012709E-02  5.67736221E-04
3.71864707E-01  8.16335827E-02  5.74674108E-04
3.72111383E-01  8.46755281E-02  5.91299031E-04
3.72358060E-01  8.24478865E-02  5.72089164E-04
3.72604736E-01  8.25292543E-02  5.77479193E-04
3.72851412E-01  7.94951096E-02  5.66457806E-04
3.73098089E-01  7.97989145E-02  5.69222611E-04
3.73344765E-01  8.10339153E-02  5.79775311E-04
3.73591442E-01  7.80269280E-02  5.66222065E-04
3.73838118E-01  8.09445009E-02  5.85723668E-04
3.74084795E-01  7.74617568E-02  5.47687407E-04
3.74331471E-01  7.91961625E-02  5.56094979E-04
3.74578147E-01  7.83521533E-02  5.66561532E-04
3.74824824E-01  7.77701735E-02  5.63932233E-04
3.75071500E-01  8.08329657E-02  5.75533835E-04
3.75318177E-01  8.02875459E-02  5.65064314E-04
3.75564853E-01  8.14462304E-02  5.80784283E-04
3.75811529E-01  8.04300234E-02  5.73969563E-04
3.76058206E-01  8.05212036E-02  5.72439109E-04
3.76304882E-01  7.93823302E-02  5.64897258E-04
3.76551559E-01  8.26449022E-02  5.88762865E-04
3.76798235E-01  8.36920515E-02  5.84695139E-04
3.77044912E-01  8.12795609E-02  5.82457636E-04
3.77291588E-01  8.13705176E-02  5.88672294E-04
3.77538264E-01  8.05140957E-02  5.68866206E-04
3.77784941E-01  8.04604664E-02  5.90175099E-04
3.78031617E-01  8.19628164E-02  5.82980399E-04
3.78278294E-01  7.87039176E-02  5.82321547E-04
3.78524970E-01  8.13659877E-02  5.95565944E-04
3.78771647E-01  8.08708891E-02  5.69577969E-04
3.79018323E-01  8.25281292E-02  5.89223753E-04
3.79264999E-01  8.02706480E-02  5.65105351E-04
3.79511676E-01  8.17187205E-02  5.79727523E-04
3.79758352E-01  8.12294707E-02  5.85058529E-04
3.80005029E-01  8.37979317E-02  5.71968907E-04
3.80251705E-01  7.98060298E-02  5.69303986E-04
3.80498382E-01  7.88430125E-02  5.65673574E-04
3.80745058E-01  7.72604719E-02  5.59920445E-04
3.80991734E-01  7.79185146E-02  5.91135409E-04
3.81238411E-01  8.03665295E-02  5.87667222E-04
3.81485087E-01  8.14897045E-02  6.20879175E-04
3.81731764E-01  8.03700387E-02  5.96187892E-04
3.81978440E-01  7.43634626E-02  5.66936156E-04
3.82225116E-01  7.81200379E-02  6.11885160E-04
3.82471793E-01  7.67098740E-02  6.01582811E-04
3.82718469E-01  7.59081393E-02  5.95599995E-04
3.82965146E-01  7.96584412E-02  6.15983270E-04
3.83211822E-01  7.95346051E-02  6.19621191E-04
3.83458499E-01  7.97976181E-02  6.17170997E-04
3.83705175E-01  8.08385462E-02  6.28307404E-04
3.83951851E-01  7.81602710E-02  6.21614628E-04
3.84198528E-01  7.92731866E-02  6.42864441E-04
3.84445204E-01  8.32854062E-02  6.55602780E-04
3.84691881E-01  8.23047385E-02  6.46120112E-04
3.84938557E-01  7.98916146E-02  6.43732434E-04
3.85185234E-01  8.15935060E-02  6.54416915E-04
3.85431910E-01  8.11325163E-02  6.59788551E-04
3.85678586E-01  8.33421722E-02  6.68619759E-04
3.85925263E-01  8.35689008E-02  6.57606230E-04
3.86171939E-01  8.45471621E-02  6.72645518E-04
3.86418616E-01  7.85755143E-02  6.60134479E-04
3.86665292E-01  7.80066326E-02  6.45362888E-04
3.86911968E-01  7.76585191E-02  6.41307444E-04
3.87158645E-01  7.86067173E-02  6.69441128E-04
3.87405321E-01  8.09902400E-02  6.83879887E-04
3.87651998E-01  7.98600987E-02  6.68418594E-04
3.87898674E-01  8.08387175E-02  6.71622984E-04
3.88145351E-01  8.17131400E-02  6.74590527E-04
3.88392027E-01  7.86102489E-02  6.68515102E-04
3.88638703E-01  7.77983740E-02  6.60877093E-04
3.88885380E-01  8.01732689E-02  6.49584865E-04
3.89132056E-01  8.19673240E-02  6.88652042E-04
3.89378733E-01  7.75511563E-02  6.69871981E-04
3.89625409E-01  7.61303082E-02  6.73336152E-04
3.89872086E-01  7.58625716E-02  6.69066736E-04
3.90118762E-01  8.20121989E-02  6.98640652E-04
3.90365438E-01  7.83763900E-02  6.62617153E-04
3.90612115E-01  7.56343752E-02  6.51383540E-04
3.90858791E-01  8.04817528E-02  6.41224848E-04
3.91105468E-01  8.36169422E-02  6.57615368E-04
3.91352144E-01  8.13363716E-02  6.52544084E-04
3.91598821E-01  8.01631063E-02  6.37488090E-04
3.91845497E-01  7.79556185E-02  6.40390499E-04
3.92092173E-01  8.14600140E-02  6.44332089E-04
3.92338850E-01  8.00144523E-02  6.24684966E-04
3.92585526E-01  7.90344179E-02  6.42281142E-04
3.92832203E-01  7.85924643E-02  6.33229327E-04
3.93078879E-01  7.72811696E-02  6.20119274E-04
3.93325555E-01  7.90322050E-02  6.33484160E-04
3.93572232E-01  7.72809684E-02  6.11022871E-04
3.93818908E-01  7.84619451E-02  6.33198535E-04
3.94065585E-01  7.99889714E-02  6.42978353E-04
3.94312261E-01  7.79178441E-02  6.16597012E-04
3.94558938E-01  7.81280175E-02  6.30763825E-04
3.94805614E-01  8.06655735E-02  6.22294319E-04
3.95052290E-01  8.03105086E-02  6.22090767E-04
3.95298967E-01  7.88337737E-02  6.24131295E-04
3.95545643E-01  8.11022818E-02  6.17650221E-04
3.95792320E-01  8.13717023E-02  6.26968802E-04
3.96038996E-01  8.26500356E-02  6.17709593E-04
3.96285673E-01  7.97853172E-02  6.15670870E-04
3.96532349E-01  7.85505697E-02  6.18325721E-04
3.96779025E-01  8.15976858E-02  6.30120281E-04
3.97025702E-01  8.00644532E-02  6.11503143E-04
3.97272378E-01  7.91314319E-02  6.24001550E-04
3.97519055E-01  8.00420046E-02  6.24135311E-04
3.97765731E-01  7.55767971E-02  6.00397936E-04
3.98012407E-01  7.72672370E-02  6.05180743E-04
3.98259084E-01  8.04570839E-02  6.16406091E-04
3.98505760E-01  7.99922124E-02  6.06178830E-04
3.98752437E-01  7.81312287E-02  6.01003296E-04
3.98999113E-01  8.16582069E-02  6.22041873E-04
3.99245790E-01  8.14804286E-02  6.22177555E-04
3.99492466E-01  7.64191151E-02  5.96549362E-04
3.99739142E-01  7.96797723E-02  6.11918396E-04
3.99985819E-01  7.92204812E-02  6.18104648E-04
4.00232495E-01  7.87105188E-02  6.01960870E-04
4.00479172E-01  8.02258849E-02  6.11987256E-04
4.00725848E-01  7.88416862E-02  6.15459925E-04
4.00972525E-01  7.84150735E-02  6.02597545E-04
4.01219201E-01  7.91204721E-02  6.14587276E-04
4.01465877E-01  8.11804533E-02  6.14026620E-04
4.01712554E-01  7.88880885E-02  6.10095216E-04
4.01959230E-01  8.08733031E-02  6.30263705E-04
4.02205907E-01  7.81302005E-02  5.93769539E-04
4.02452583E-01  7.87973851E-02  5.90919517E-04
4.02699260E-01  7.91946575E-02  6.18432066E-04
4.02945936E-01  7.77508691E-02  6.17820013E-04
4.03192612E-01  7.73014799E-02  6.19383703E-04
4.03439289E-01  7.77787194E-02  6.02916640E-04
4.03685965E-01  8.19855854E-02  6.43256470E-04
4.03932642E-01  7.76924863E-02  6.21638261E-04
4.04179318E-01  8.06096345E-02  6.22510735E-04
4.04425994E-01  7.91236013E-02  6.04010129E-04
4.04672671E-01  7.98862875E-02  6.22698688E-04
4.04919347E-01  8.17022845E-02  6.31300500E-04
4.05166024E-01  7.51486272E-02  6.10802264E-04
4.05412700E-01  7.43928179E-02  5.99266496E-04
4.05659377E-01  8.02473500E-02  6.00601023E-04
4.05906053E-01  8.23480263E-02  6.24236884E-04
4.06152729E-01  7.85652995E-02  6.12091564E-04
4.06399406E-01  8.01152214E-02  6.26591616E-04
4.06646082E-01  8.03477913E-02  6.06089074E-04
4.06892759E-01  8.10657591E-02  6.16774079E-04
4.07139435E-01  8.03621039E-02  6.08390605E-04
4.07386112E-01  7.59146214E-02  5.96751925E-04
4.07632788E-01  7.88705200E-02  5.92259108E-04
4.07879464E-01  7.93095380E-02  6.00469939E-04
4.08126141E-01  8.13219622E-02  6.02465821E-04
4.08372817E-01  7.89722800E-02  6.11809257E-04
4.08619494E-01  8.10942426E-02  6.15712255E-04
4.08866170E-01  7.66892359E-02  5.87557268E-04
4.09112847E-01  7.83918574E-02  6.00654166E-04
4.09359523E-01  7.73208216E-02  6.09053997E-04
4.09606199E-01  7.63556212E-02  5.89362171E-04
4.09852876E-01  7.74862617E-02  5.96338476E-04
4.10099552E-01  7.91467205E-02  6.03871711E-04
4.10346229E-01  7.95444995E-02  6.05265843E-04
4.10592905E-01  7.81347975E-02  5.95999532E-04
4.10839581E-01  7.98878372E-02  5.86169423E-04
4.11086258E-01  7.90592283E-02  5.98729239E-04
4.11332934E-01  7.69685134E-02  5.77254628E-04
4.11579611E-01  8.16061422E-02  6.17982470E-04
4.11826287E-01  7.32728243E-02  5.98538958E-04
4.12072964E-01  7.85661712E-02  5.99276915E-04
4.12319640E-01  8.17986876E-02  6.27025671E-04
4.12566316E-01  7.68408254E-02  6.01037173E-04
4.12812993E-01  7.78305754E-02  6.00377680E-04
4.13059669E-01  7.65712857E-02  5.81088185E-04
4.13306346E-01  7.82890916E-02  6.03869441E-04
4.13553022E-01  8.05874541E-02  6.02709712E-04
4.13799699E-01  7.85115585E-02  6.07772323E-04
4.14046375E-01  7.59797990E-02  5.84221038E-04
4.14293051E-01  7.97624066E-02  6.05241745E-04
4.14539728E-01  7.79041350E-02  6.23049506E-04
4.14786404E-01  7.78658092E-02  6.04818575E-04
4.15033081E-01  7.52192065E-02  6.06421439E-04
4.15279757E-01  7.97792971E-02  6.02225773E-04
4.15526433E-01  7.88515285E-02  6.06112415E-04
4.15773110E-01  7.88793117E-02  6.11798081E-04
4.16019786E-01  7.67247826E-02  5.83362998E-04
4.16266463E-01  7.62265101E-02  5.94305224E-04
4.16513139E-01  8.11948255E-02  6.17758778E-04
4.16759816E-01  7.95489997E-02  6.01805921E-04
4.17006492E-01  7.77873322E-02  6.16966921E-04
4.17253168E-01  8.01608562E-02  5.89538307E-04
4.17499845E-01  7.83505142E-02  6.00618485E-04
4.17746521E-01  7.84864873E-02  5.95146732E-04
4.17993198E-01  7.73208216E-02  5.86705341E-04
4.18239874E-01  7.88806677E-02  5.94772573E-04
4.18486551E-01  8.28447938E-02  6.27208559E-04
4.18733227E-01  7.89801925E-02  5.95724501E-04
4.18979903E-01  7.97885805E-02  5.94142359E-04
4.19226580E-01  7.99755082E-02  6.12648088E-04
4.19473256E-01  8.32452998E-02  6.33293064E-04
4.19719933E-01  7.99514353E-02  5.84714580E-04
4.19966609E-01  7.63429552E-02  5.83812653E-04
4.20213286E-01  7.83750042E-02  5.97553328E-04
4.20459962E-01  8.11846033E-02  6.05168927E-04
4.20706638E-01  7.69240111E-02  6.01782172E-04
4.20953315E-01  8.08983371E-02  6.23070751E-04
4.21199991E-01  7.51519054E-02  5.77006140E-04
4.21446668E-01  7.73775652E-02  5.78958890E-04
4.21693344E-01  7.85133988E-02  6.06471091E-04
4.21940020E-01  7.76197687E-02  5.86633221E-04
4.22186697E-01  7.83828050E-02  5.94022858E-04
4.22433373E-01  7.65069947E-02  5.85955451E-04
4.22680050E-01  7.69739598E-02  6.04041852E-04
4.22926726E-01  7.76033401E-02  5.98541345E-04
4.23173403E-01  8.04281682E-02  6.09774259E-04
4.23420079E-01  7.82148913E-02  6.11728989E-04
4.23666755E-01  8.30016956E-02  6.11120136E-04
4.23913432E-01  7.80424476E-02  6.05342677E-04
4.24160108E-01  7.91984648E-02  6.23137516E-04
4.24406785E-01  7.77415037E-02  6.01130654E-04
4.24653461E-01  7.83630386E-02  5.88503026E-04
4.24900138E-01  7.63033628E-02  5.91239659E-04
4.25146814E-01  7.55951926E-02  5.84376801E-04
4.25393490E-01  7.77540132E-02  5.95330261E-04
4.25640167E-01  7.97152668E-02  5.91980701E-04
4.25886843E-01  8.01383108E-02  6.18236547E-04
4.26133520E-01  7.91192800E-02  6.02378976E-04
4.26380196E-01  7.77757540E-02  6.07389491E-04
4.26626872E-01  7.97643438E-02  6.01261214E-04
4.26873549E-01  7.83939064E-02  5.98094426E-04
4.27120225E-01  7.78157935E-02  6.10573043E-04
4.27366902E-01  8.18073377E-02  6.27132773E-04
4.27613578E-01  7.47895837E-02  5.89635107E-04
4.27860255E-01  8.32514390E-02  6.16413134E-04
4.28106931E-01  8.17670822E-02  6.14753109E-04
4.28353607E-01  7.76010603E-02  5.84773894E-04
4.28600284E-01  7.56362379E-02  5.97343955E-04
4.28846960E-01  7.73340911E-02  5.83463581E-04
4.29093637E-01  8.10118020E-02  6.15208934E-04
4.29340313E-01  8.06802362E-02  5.99739607E-04
4.29586990E-01  7.73452595E-02  6.03293534E-04
4.29833666E-01  7.77853280E-02  5.94264769E-04
4.30080342E-01  7.83364251E-02  5.90232725E-04
4.30327019E-01  7.88791999E-02  5.91192453E-04
4.30573695E-01  7.46998042E-02  5.99367253E-04
4.30820372E-01  7.59814382E-02  5.76390477E-04
4.31067048E-01  8.02311301E-02  5.99112071E-04
4.31313725E-01  7.65449032E-02  5.92937227E-04
4.31560401E-01  8.09869990E-02  6.33408199E-04
4.31807077E-01  7.55723119E-02  5.99967374E-04
4.32053754E-01  8.20895955E-02  6.07638620E-04
4.32300430E-01  7.70719424E-02  5.81279048E-04
4.32547107E-01  7.48882666E-02  5.85787464E-04
4.32793783E-01  7.80200139E-02  5.92083437E-04
4.33040459E-01  7.95522258E-02  6.16852369E-04
4.33287136E-01  7.47078210E-02  5.83445246E-04
4.33533812E-01  7.73404837E-02  5.99644904E-04
4.33780489E-01  7.91806057E-02  6.05430803E-04
4.34027165E-01  8.12739283E-02  6.19285856E-04
4.34273842E-01  7.98557028E-02  6.09796029E-04
4.34520518E-01  7.82752857E-02  6.10645860E-04
4.34767194E-01  7.89464489E-02  6.17415935E-04
4.35013871E-01  8.07612240E-02  6.19115075E-04
4.35260547E-01  8.01133737E-02  6.04131259E-04
4.35507224E-01  7.40888193E-02  5.99032035E-04
4.35753900E-01  7.96091035E-02  6.01036125E-04
4.36000577E-01  7.59809911E-02  5.94851910E-04
4.36247253E-01  7.48965144E-02  5.88591036E-04
4.36493929E-01  7.51402825E-02  5.78843930E-04
4.36740606E-01  7.86506906E-02  5.95025427E-04
4.36987282E-01  7.75234625E-02  6.09241193E-04
4.37233959E-01  7.73737729E-02  6.12871081E-04
4.37480635E-01  7.67279193E-02  5.86652954E-04
4.37727311E-01  7.80581757E-02  5.93784847E-04
4.37973988E-01  7.83936083E-02  5.92074823E-04
4.38220664E-01  7.55072013E-02  5.88326773E-04
4.38467341E-01  8.08126926E-02  6.05845707E-04
4.38714017E-01  7.75946006E-02  6.06854679E-04
4.38960694E-01  7.85720199E-02  5.85450733E-04
4.39207370E-01  7.56568760E-02  5.82351058E-04
4.39454046E-01  8.15857351E-02  6.10184972E-04
4.39700723E-01  7.68594369E-02  6.02207088E-04
4.39947399E-01  7.73854852E-02  5.91001066E-04
4.40194076E-01  7.96164721E-02  6.30325638E-04
4.40440752E-01  7.56344125E-02  6.01945503E-04
4.40687429E-01  8.13290477E-02  6.06439426E-04
4.40934105E-01  7.94695392E-02  6.13973534E-04
4.41180781E-01  8.01879764E-02  6.05104666E-04
4.41427458E-01  7.97978640E-02  5.91117598E-04
4.41674134E-01  7.72824064E-02  6.01244799E-04
4.41920811E-01  7.63590932E-02  5.95495570E-04
4.42167487E-01  7.81486258E-02  5.92891534E-04
4.42414164E-01  7.81453922E-02  5.90213400E-04
4.42660840E-01  7.63441622E-02  5.88293420E-04
4.42907516E-01  7.72980452E-02  5.98375860E-04
4.43154193E-01  7.85672814E-02  5.81669505E-04
4.43400869E-01  7.54336119E-02  5.80427586E-04
4.43647546E-01  8.07179287E-02  6.02882879E-04
4.43894222E-01  8.11000094E-02  5.98661136E-04
4.44140898E-01  7.81294852E-02  5.85904869E-04
4.44387575E-01  7.58922473E-02  5.70093223E-04
4.44634251E-01  7.80903175E-02  5.84953988E-04
4.44880928E-01  7.79188201E-02  6.14696764E-04
4.45127604E-01  7.72458836E-02  5.94905170E-04
4.45374281E-01  8.08195323E-02  5.92214579E-04
4.45620957E-01  7.66884014E-02  5.92988916E-04
4.45867633E-01  7.92611092E-02  6.08833856E-04
4.46114310E-01  7.86039829E-02  5.90984011E-04
4.46360986E-01  8.25117379E-02  5.96682075E-04
4.46607663E-01  7.73153380E-02  5.96164435E-04
4.46854339E-01  7.95366243E-02  6.22515858E-04
4.47101016E-01  7.72653073E-02  6.07333204E-04
4.47347692E-01  7.85947368E-02  5.93849341E-04
4.47594368E-01  8.08110088E-02  6.09842944E-04
4.47841045E-01  8.09377730E-02  6.08849397E-04
4.48087721E-01  7.52942264E-02  5.81936853E-04
4.48334398E-01  7.54544660E-02  5.86036302E-04
4.48581074E-01  8.13170597E-02  5.93709934E-04
4.48827751E-01  8.25526118E-02  6.23469008E-04
4.49074427E-01  7.67344236E-02  5.99956664E-04
4.49321103E-01  7.96639621E-02  5.97451057E-04
4.49567780E-01  8.19525421E-02  6.09169132E-04
4.49814456E-01  8.24520662E-02  6.16876408E-04
4.50061133E-01  8.01156610E-02  6.12322823E-04
4.50307809E-01  7.85822496E-02  5.98064566E-04
4.50554485E-01  8.00419822E-02  5.96705417E-04
4.50801162E-01  7.89298043E-02  5.87820774E-04
4.51047838E-01  8.08527693E-02  5.93757664E-04
4.51294515E-01  7.66026601E-02  5.92446828E-04
4.51541191E-01  7.40611404E-02  5.82035398E-04
4.51787868E-01  7.40915239E-02  5.75444021E-04
4.52034544E-01  7.77706057E-02  5.92460157E-04
4.52281220E-01  7.86087289E-02  5.79528452E-04
4.52527897E-01  8.10947493E-02  6.16954232E-04
4.52774573E-01  7.78566524E-02  5.87605406E-04
4.53021250E-01  7.95954168E-02  5.81050990E-04
4.53267926E-01  7.81914368E-02  5.91183139E-04
4.53514603E-01  7.67210498E-02  5.81316242E-04
4.53761279E-01  7.82053024E-02  5.68558287E-04
4.54007955E-01  8.07481334E-02  5.91621269E-04
4.54254632E-01  7.80012533E-02  5.86255745E-04
4.54501308E-01  7.94766769E-02  5.89079398E-04
4.54747985E-01  8.03350434E-02  5.88195340E-04
4.54994661E-01  7.65422732E-02  5.79480373E-04
4.55241337E-01  7.70565867E-02  5.87524613E-04
4.55488014E-01  7.59360790E-02  5.68121090E-04
4.55734690E-01  8.10965151E-02  5.96482714E-04
4.55981367E-01  7.91839212E-02  6.01667387E-04
4.56228043E-01  7.68030360E-02  5.83179353E-04
4.56474720E-01  7.91108012E-02  5.92968718E-04
4.56721396E-01  7.74429739E-02  5.81283355E-04
4.56968072E-01  7.98952803E-02  5.96659258E-04
4.57214749E-01  7.68739805E-02  5.72374382E-04
4.57461425E-01  7.98656121E-02  5.85830247E-04
4.57708102E-01  7.65751898E-02  5.77819650E-04
4.57954778E-01  7.80761391E-02  5.86962327E-04
4.58201455E-01  7.41390362E-02  5.80745167E-04


### HEADER:
#
#{
#    "analysis": {},
#    "calibration_params": {
#        "Beam_Center_X": 1092.0,
#        "Beam_Center_Y": 2091.0,
#        "Detector Tilt": 0.0,
#        "Detector Tilt Plane Rotation": 0.0,
#        "Detector_X_Pixel_Size": 75.0,
#        "Detector_Y_Pixel_Size": 75.0,
#        "Integration Method": "nosplit_csr",
#        "Radial_Average_Method": "pyFAI",
#        "Sample-to-detector distance (mm)": 1731.0,
#        "Wavelength (A)": 1.0993212460550197
#    },
#    "config_file": "/mnt/home/chess_id7a/.RAW/backup.cfg",
#    "counters": {
#        "Epoch": "30.829",
#        "I1": "0",
#        "I2": "0",
#        "I3": "0",
#        "Seconds": "0.5",
#        "Time": "2.09808e-05",
#        "date": "Sat May 18 07:43:42 2024",
#        "diode": "17319"
#    },
#    "filename": "D1M0014_80C_050MPa_up_3_data_000001_00001.h5",
#    "history": {},
#    "imageHeader": {},
#    "load_path": "/nfs/chess/daq/current/id7a/Budin_05_16_24/D1M0014/D1M0014_80C_050MPa_up_3_data_000001.h5",
#    "normalizations": {
#        "Absolute_scale": {
#            "Absolute_scale_factor": 0.01111656324368444,
#            "Method": "Water"
#        },
#        "Counter_norms": [
#            [
#                "/",
#                "diode/150000"
#            ]
#        ],
#        "Polarization": {
#            "Used": false
#        },
#        "Solid_Angle_Correction": "On"
#    },
#    "raw_version": "2.1.4"
#}

