### DATA:
#
# 1823
#      Q             I(Q)           Error     
8.75701299E-03  0.00000000E+00  0.00000000E+00
9.00368942E-03  0.00000000E+00  0.00000000E+00
9.25036584E-03  0.00000000E+00  0.00000000E+00
9.49704226E-03  0.00000000E+00  0.00000000E+00
9.74371868E-03  0.00000000E+00  0.00000000E+00
9.99039511E-03  0.00000000E+00  0.00000000E+00
1.02370715E-02  0.00000000E+00  0.00000000E+00
1.04837480E-02  0.00000000E+00  0.00000000E+00
1.07304244E-02  1.79570098E-03  5.89422474E-04
1.09771008E-02  3.42305587E-03  7.88473058E-04
1.12237772E-02  1.71152840E-03  5.62013069E-04
1.14704536E-02  2.80866260E-03  6.48822868E-04
1.17171301E-02  0.00000000E+00  0.00000000E+00
1.19638065E-02  2.84514017E-03  9.35507589E-04
1.22104829E-02  1.25905673E-03  4.14302136E-04
1.24571593E-02  1.91023514E-01  2.04025470E-02
1.27038358E-02  4.50447053E-01  3.25282328E-02
1.29505122E-02  6.09546900E-01  3.48249301E-02
1.31971886E-02  5.97089827E-01  2.93892361E-02
1.34438650E-02  5.51009774E-01  2.46384535E-02
1.36905414E-02  6.03555083E-01  2.38253381E-02
1.39372179E-02  5.66273153E-01  2.17999741E-02
1.41838943E-02  5.00294626E-01  1.91360693E-02
1.44305707E-02  4.21818256E-01  1.57422926E-02
1.46772471E-02  4.38153058E-01  1.42672304E-02
1.49239236E-02  4.43818986E-01  1.37998313E-02
1.51706000E-02  3.69059950E-01  1.10999607E-02
1.54172764E-02  3.85240912E-01  1.14192497E-02
1.56639528E-02  3.45654577E-01  9.81467310E-03
1.59106292E-02  3.98163587E-01  1.12589076E-02
1.61573057E-02  3.54653329E-01  9.15959943E-03
1.64039821E-02  3.09565425E-01  8.20649136E-03
1.66506585E-02  3.15471113E-01  7.64707802E-03
1.68973349E-02  2.78756887E-01  6.99157128E-03
1.71440114E-02  2.62545049E-01  7.14211632E-03
1.73906878E-02  2.60251522E-01  6.29323535E-03
1.76373642E-02  2.58836001E-01  6.24744920E-03
1.78840406E-02  2.68724650E-01  6.26204908E-03
1.81307170E-02  2.31169626E-01  4.83098999E-03
1.83773935E-02  2.53209442E-01  5.95369376E-03
1.86240699E-02  1.98178977E-01  4.45874128E-03
1.88707463E-02  2.05563396E-01  4.70036222E-03
1.91174227E-02  1.91872269E-01  4.85933572E-03
1.93640992E-02  1.80805445E-01  4.37739026E-03
1.96107756E-02  1.83495462E-01  4.80190618E-03
1.98574520E-02  1.81034788E-01  4.68558306E-03
2.01041284E-02  1.62190661E-01  3.95141309E-03
2.03508048E-02  1.59026548E-01  3.97603447E-03
2.05974813E-02  1.41127393E-01  3.19993217E-03
2.08441577E-02  1.41261175E-01  3.26225325E-03
2.10908341E-02  1.20855473E-01  2.92960508E-03
2.13375105E-02  1.39290929E-01  3.12977121E-03
2.15841870E-02  1.23339780E-01  2.70050508E-03
2.18308634E-02  1.17544398E-01  2.63687177E-03
2.20775398E-02  1.27728865E-01  2.47229659E-03
2.23242162E-02  1.16338708E-01  2.35505868E-03
2.25708926E-02  1.18059501E-01  2.55956617E-03
2.28175691E-02  1.09928243E-01  2.47624540E-03
2.30642455E-02  1.06618792E-01  2.22761510E-03
2.33109219E-02  1.15747176E-01  2.26741657E-03
2.35575983E-02  1.07121110E-01  2.21424550E-03
2.38042748E-02  1.16064362E-01  2.32876255E-03
2.40509512E-02  1.00598045E-01  1.92507484E-03
2.42976276E-02  1.04937620E-01  1.87355850E-03
2.45443040E-02  9.68441740E-02  1.90496712E-03
2.47909804E-02  1.12392887E-01  1.94805639E-03
2.50376569E-02  1.02944978E-01  1.81967765E-03
2.52843333E-02  9.78750587E-02  1.81289751E-03
2.55310097E-02  1.06695257E-01  1.83503539E-03
2.57776861E-02  1.00943670E-01  1.74766954E-03
2.60243626E-02  1.01525426E-01  1.76365569E-03
2.62710390E-02  9.88604426E-02  1.82896561E-03
2.65177154E-02  1.00727096E-01  1.75652991E-03
2.67643918E-02  9.91083309E-02  1.74399768E-03
2.70110682E-02  9.77125019E-02  1.76278700E-03
2.72577447E-02  1.04216017E-01  1.68260664E-03
2.75044211E-02  9.51073468E-02  1.72860874E-03
2.77510975E-02  9.56992656E-02  1.66934682E-03
2.79977739E-02  9.40992013E-02  1.55048619E-03
2.82444504E-02  1.02829702E-01  1.73134333E-03
2.84911268E-02  1.02156460E-01  1.62530877E-03
2.87378032E-02  1.03167161E-01  1.58872770E-03
2.89844796E-02  9.04327631E-02  1.49810943E-03
2.92311561E-02  1.01631485E-01  1.72101846E-03
2.94778325E-02  8.62780884E-02  1.46699243E-03
2.97245089E-02  9.97894704E-02  1.56945095E-03
2.99711853E-02  9.52153206E-02  1.47076254E-03
3.02178617E-02  9.44631472E-02  1.58197957E-03
3.04645382E-02  9.75676402E-02  1.53963384E-03
3.07112146E-02  9.16443244E-02  1.47205987E-03
3.09578910E-02  9.97955203E-02  1.61123637E-03
3.12045674E-02  9.19483230E-02  1.46153709E-03
3.14512439E-02  9.35165435E-02  1.41063705E-03
3.16979203E-02  1.00643247E-01  1.57212804E-03
3.19445967E-02  9.47500989E-02  1.34615880E-03
3.21912731E-02  9.42104906E-02  1.51869690E-03
3.24379495E-02  9.66313854E-02  1.50260609E-03
3.26846260E-02  9.39500108E-02  1.46035978E-03
3.29313024E-02  9.18744653E-02  1.38363487E-03
3.31779788E-02  8.85704383E-02  1.40857068E-03
3.34246552E-02  8.72430131E-02  1.34687650E-03
3.36713317E-02  9.91651341E-02  1.45446789E-03
3.39180081E-02  9.67221037E-02  1.42030884E-03
3.41646845E-02  9.60168615E-02  1.40459859E-03
3.44113609E-02  9.40521881E-02  1.40267843E-03
3.46580373E-02  1.11998498E-01  1.51154120E-03
3.49047138E-02  1.02375202E-01  1.47816644E-03
3.51513902E-02  1.00025997E-01  1.47793419E-03
3.53980666E-02  1.04572602E-01  1.39986828E-03
3.56447430E-02  9.62600484E-02  1.37091544E-03
3.58914195E-02  9.90318954E-02  1.43083720E-03
3.61380959E-02  1.03258453E-01  1.49301242E-03
3.63847723E-02  9.77387950E-02  1.34833890E-03
3.66314487E-02  9.51685682E-02  1.38472358E-03
3.68781251E-02  9.90859345E-02  1.36754394E-03
3.71248016E-02  1.06224597E-01  1.44370855E-03
3.73714780E-02  1.04826994E-01  1.43964507E-03
3.76181544E-02  1.05669744E-01  1.47142995E-03
3.78648308E-02  1.02229819E-01  1.36062480E-03
3.81115073E-02  1.02795303E-01  1.39431807E-03
3.83581837E-02  1.10075489E-01  1.44306151E-03
3.86048601E-02  1.07036017E-01  1.38345885E-03
3.88515365E-02  1.08149298E-01  1.36365741E-03
3.90982129E-02  1.08843781E-01  1.46064244E-03
3.93448894E-02  1.10573553E-01  1.43983169E-03
3.95915658E-02  1.23760834E-01  1.56756956E-03
3.98382422E-02  1.20532475E-01  1.48670573E-03
4.00849186E-02  1.15908176E-01  1.42505986E-03
4.03315951E-02  1.14054091E-01  1.42408139E-03
4.05782715E-02  1.26738697E-01  1.51798513E-03
4.08249479E-02  1.16174646E-01  1.40444061E-03
4.10716243E-02  1.26910686E-01  1.40484783E-03
4.13183007E-02  1.32423460E-01  1.57144677E-03
4.15649772E-02  1.28654629E-01  1.60054141E-03
4.18116536E-02  1.23557672E-01  1.43042323E-03
4.20583300E-02  1.30860478E-01  1.56780239E-03
4.23050064E-02  1.26374543E-01  1.46671152E-03
4.25516829E-02  1.29953563E-01  1.49717869E-03
4.27983593E-02  1.31643727E-01  1.54096074E-03
4.30450357E-02  1.30203843E-01  1.59740401E-03
4.32917121E-02  1.35075167E-01  1.49657845E-03
4.35383885E-02  1.40508980E-01  1.68988958E-03
4.37850650E-02  1.46326646E-01  1.62754627E-03
4.40317414E-02  1.53274283E-01  1.66827370E-03
4.42784178E-02  1.48570240E-01  1.66335073E-03
4.45250942E-02  1.52768761E-01  1.65034819E-03
4.47717707E-02  1.58744216E-01  1.65831309E-03
4.50184471E-02  1.63494572E-01  1.61180762E-03
4.52651235E-02  1.67578876E-01  1.69776916E-03
4.55117999E-02  1.66574508E-01  1.85143983E-03
4.57584764E-02  1.67597339E-01  1.69300660E-03
4.60051528E-02  1.76203117E-01  1.87357573E-03
4.62518292E-02  1.79329515E-01  1.91114377E-03
4.64985056E-02  1.86436728E-01  1.76547631E-03
4.67451820E-02  1.95459396E-01  2.03483482E-03
4.69918585E-02  1.99667826E-01  2.02443847E-03
4.72385349E-02  2.04984993E-01  2.10469007E-03
4.74852113E-02  2.15189964E-01  2.15258147E-03
4.77318877E-02  2.26495370E-01  2.24476354E-03
4.79785642E-02  2.39068881E-01  2.37574172E-03
4.82252406E-02  2.37815380E-01  2.35319184E-03
4.84719170E-02  2.42063344E-01  2.39213347E-03
4.87185934E-02  2.58637011E-01  2.62090703E-03
4.89652698E-02  2.76831925E-01  2.58815847E-03
4.92119463E-02  2.78773129E-01  2.69436394E-03
4.94586227E-02  2.86106288E-01  2.85776472E-03
4.97052991E-02  3.14372033E-01  3.17035429E-03
4.99519755E-02  3.22027266E-01  3.45470035E-03
5.01986520E-02  3.40011328E-01  3.53470631E-03
5.04453284E-02  3.53813082E-01  3.56704602E-03
5.06920048E-02  3.64187658E-01  3.93744698E-03
5.09386812E-02  3.99469614E-01  4.24986286E-03
5.11853576E-02  4.25083309E-01  4.38510068E-03
5.14320341E-02  4.52808678E-01  4.67735203E-03
5.16787105E-02  4.83253926E-01  5.25669148E-03
5.19253869E-02  5.08722961E-01  5.42663084E-03
5.21720633E-02  5.40059209E-01  5.69523545E-03
5.24187398E-02  5.65468490E-01  5.99139975E-03
5.26654162E-02  6.16441429E-01  6.40048413E-03
5.29120926E-02  6.50094867E-01  6.57161698E-03
5.31587690E-02  6.76594675E-01  6.78697973E-03
5.34054454E-02  7.23422587E-01  7.16005405E-03
5.36521219E-02  7.38248408E-01  7.22098583E-03
5.38987983E-02  7.95951843E-01  7.46468827E-03
5.41454747E-02  8.36922646E-01  7.86561333E-03
5.43921511E-02  8.49473298E-01  7.32368883E-03
5.46388276E-02  8.87036741E-01  7.53378496E-03
5.48855040E-02  9.31774139E-01  7.67966919E-03
5.51321804E-02  9.81773853E-01  7.91453756E-03
5.53788568E-02  1.02735698E+00  7.87201617E-03
5.56255332E-02  1.02387190E+00  7.37531949E-03
5.58722097E-02  1.06685734E+00  7.42762024E-03
5.61188861E-02  1.08561766E+00  7.28237443E-03
5.63655625E-02  1.13170481E+00  7.07416749E-03
5.66122389E-02  1.14228427E+00  7.01471651E-03
5.68589154E-02  1.18622518E+00  6.83044828E-03
5.71055918E-02  1.18408632E+00  6.66828686E-03
5.73522682E-02  1.22774446E+00  6.56145532E-03
5.75989446E-02  1.24654543E+00  6.67199912E-03
5.78456210E-02  1.26432610E+00  6.46217912E-03
5.80922975E-02  1.28387213E+00  6.46260381E-03
5.83389739E-02  1.28513181E+00  6.74129231E-03
5.85856503E-02  1.31219423E+00  6.51611388E-03
5.88323267E-02  1.30922163E+00  6.61864039E-03
5.90790032E-02  1.33484113E+00  6.86088810E-03
5.93256796E-02  1.34640670E+00  6.91924151E-03
5.95723560E-02  1.34661400E+00  7.14762742E-03
5.98190324E-02  1.39162743E+00  7.37148803E-03
6.00657088E-02  1.37160313E+00  8.06033239E-03
6.03123853E-02  1.41152954E+00  8.24522320E-03
6.05590617E-02  1.36901593E+00  8.64949822E-03
6.08057381E-02  1.37473655E+00  8.76331422E-03
6.10524145E-02  1.38602364E+00  9.12335888E-03
6.12990910E-02  1.32958019E+00  9.37202293E-03
6.15457674E-02  1.32779324E+00  9.81382467E-03
6.17924438E-02  1.28984869E+00  9.75236669E-03
6.20391202E-02  1.25444043E+00  9.96469054E-03
6.22857966E-02  1.22189844E+00  1.00349085E-02
6.25324731E-02  1.17632556E+00  9.92222223E-03
6.27791495E-02  1.12660933E+00  9.45931859E-03
6.30258259E-02  1.05369270E+00  9.83407162E-03
6.32725023E-02  9.96527791E-01  9.13854875E-03
6.35191788E-02  9.20893371E-01  8.20867810E-03
6.37658552E-02  8.59218061E-01  8.07046425E-03
6.40125316E-02  7.95519590E-01  7.40442472E-03
6.42592080E-02  7.12184429E-01  6.87680487E-03
6.45058845E-02  6.71170890E-01  6.16595568E-03
6.47525609E-02  6.01487458E-01  5.42625599E-03
6.49992373E-02  5.60144901E-01  5.21494728E-03
6.52459137E-02  4.85770136E-01  4.34978493E-03
6.54925901E-02  4.57058400E-01  4.03624214E-03
6.57392666E-02  4.14774597E-01  3.51391896E-03
6.59859430E-02  3.91540885E-01  3.18806106E-03
6.62326194E-02  3.35440665E-01  2.79248180E-03
6.64792958E-02  3.31252158E-01  2.63920031E-03
6.67259723E-02  3.14509630E-01  2.46471772E-03
6.69726487E-02  2.90915161E-01  2.21726391E-03
6.72193251E-02  2.79270351E-01  2.13676761E-03
6.74660015E-02  2.60631859E-01  2.04819953E-03
6.77126779E-02  2.53565967E-01  1.89951493E-03
6.79593544E-02  2.44404003E-01  1.91553950E-03
6.82060308E-02  2.25231692E-01  1.79599447E-03
6.84527072E-02  2.28633940E-01  1.83036993E-03
6.86993836E-02  2.15954080E-01  1.73254218E-03
6.89460601E-02  2.09086061E-01  1.58241973E-03
6.91927365E-02  2.02748790E-01  1.70404557E-03
6.94394129E-02  1.98665783E-01  1.60092465E-03
6.96860893E-02  2.02063069E-01  1.60840771E-03
6.99327657E-02  1.88107535E-01  1.53933454E-03
7.01794422E-02  1.86054587E-01  1.44720334E-03
7.04261186E-02  1.87698632E-01  1.46463932E-03
7.06727950E-02  1.83159828E-01  1.53375196E-03
7.09194714E-02  1.84151322E-01  1.51695765E-03
7.11661479E-02  1.75362334E-01  1.39778561E-03
7.14128243E-02  1.75447181E-01  1.43570325E-03
7.16595007E-02  1.79372132E-01  1.46802759E-03
7.19061771E-02  1.65019825E-01  1.38856436E-03
7.21528535E-02  1.71422109E-01  1.41007057E-03
7.23995300E-02  1.63384244E-01  1.37036061E-03
7.26462064E-02  1.69486269E-01  1.39778492E-03
7.28928828E-02  1.70501724E-01  1.40173372E-03
7.31395592E-02  1.57886237E-01  1.32036826E-03
7.33862357E-02  1.61713153E-01  1.32852013E-03
7.36329121E-02  1.60218909E-01  1.29224337E-03
7.38795885E-02  1.61334693E-01  1.35341857E-03
7.41262649E-02  1.57273546E-01  1.34868827E-03
7.43729413E-02  1.57593504E-01  1.30545464E-03
7.46196178E-02  1.63591817E-01  1.31172186E-03
7.48662942E-02  1.60544410E-01  1.30887446E-03
7.51129706E-02  1.63884521E-01  1.37732306E-03
7.53596470E-02  1.59960076E-01  1.31872413E-03
7.56063235E-02  1.53883651E-01  1.27915852E-03
7.58529999E-02  1.58671394E-01  1.31188903E-03
7.60996763E-02  1.62544504E-01  1.32938148E-03
7.63463527E-02  1.59856021E-01  1.30123040E-03
7.65930291E-02  1.55638903E-01  1.32324768E-03
7.68397056E-02  1.58418372E-01  1.29231159E-03
7.70863820E-02  1.49944395E-01  1.25130801E-03
7.73330584E-02  1.54088005E-01  1.29029457E-03
7.75797348E-02  1.56703591E-01  1.25733146E-03
7.78264113E-02  1.54491365E-01  1.30417082E-03
7.80730877E-02  1.56734765E-01  1.31901307E-03
7.83197641E-02  1.63215876E-01  1.35911722E-03
7.85664405E-02  1.52841479E-01  1.27820845E-03
7.88131169E-02  1.59582525E-01  1.31678418E-03
7.90597934E-02  1.55869290E-01  1.21778157E-03
7.93064698E-02  1.55622274E-01  1.30877516E-03
7.95531462E-02  1.60701230E-01  1.24943629E-03
7.97998226E-02  1.60210460E-01  1.29730126E-03
8.00464991E-02  1.60805523E-01  1.28749979E-03
8.02931755E-02  1.54977709E-01  1.26174057E-03
8.05398519E-02  1.66851372E-01  1.31208287E-03
8.07865283E-02  1.66676432E-01  1.29403220E-03
8.10332047E-02  1.62917286E-01  1.26214640E-03
8.12798812E-02  1.63920447E-01  1.31958234E-03
8.15265576E-02  1.55991063E-01  1.25788990E-03
8.17732340E-02  1.69093147E-01  1.32818916E-03
8.20199104E-02  1.67692110E-01  1.30062003E-03
8.22665869E-02  1.64770842E-01  1.28255854E-03
8.25132633E-02  1.71163723E-01  1.34259777E-03
8.27599397E-02  1.64629132E-01  1.27755222E-03
8.30066161E-02  1.69212222E-01  1.27671880E-03
8.32532926E-02  1.69918731E-01  1.29485095E-03
8.34999690E-02  1.75222367E-01  1.32776832E-03
8.37466454E-02  1.75058782E-01  1.29018887E-03
8.39933218E-02  1.69315666E-01  1.25298288E-03
8.42399982E-02  1.76783711E-01  1.35988498E-03
8.44866747E-02  1.81777328E-01  1.34618138E-03
8.47333511E-02  1.80745184E-01  1.37952820E-03
8.49800275E-02  1.81988105E-01  1.36196765E-03
8.52267039E-02  1.84845343E-01  1.34546531E-03
8.54733804E-02  1.74919516E-01  1.33462774E-03
8.57200568E-02  1.81506976E-01  1.29789277E-03
8.59667332E-02  1.87224030E-01  1.36669225E-03
8.62134096E-02  1.93126276E-01  1.36108464E-03
8.64600860E-02  1.91423714E-01  1.39389932E-03
8.67067625E-02  1.99675992E-01  1.44876237E-03
8.69534389E-02  1.93214446E-01  1.37428835E-03
8.72001153E-02  2.11994931E-01  1.46404107E-03
8.74467917E-02  2.11443350E-01  1.42863451E-03
8.76934682E-02  2.03126818E-01  1.39530026E-03
8.79401446E-02  2.11461037E-01  1.50628411E-03
8.81868210E-02  2.07190886E-01  1.46007573E-03
8.84334974E-02  2.19931409E-01  1.45835406E-03
8.86801738E-02  2.21123993E-01  1.49007363E-03
8.89268503E-02  2.20448151E-01  1.44757901E-03
8.91735267E-02  2.35022351E-01  1.54578057E-03
8.94202031E-02  2.27024540E-01  1.49120740E-03
8.96668795E-02  2.34870881E-01  1.54032314E-03
8.99135560E-02  2.50669956E-01  1.58871664E-03
9.01602324E-02  2.48875186E-01  1.62702485E-03
9.04069088E-02  2.60091513E-01  1.65670144E-03
9.06535852E-02  2.59838402E-01  1.64136593E-03
9.09002616E-02  2.70754039E-01  1.67849730E-03
9.11469381E-02  2.77060002E-01  1.71526475E-03
9.13936145E-02  2.86690772E-01  1.74409815E-03
9.16402909E-02  2.93322891E-01  1.71372597E-03
9.18869673E-02  3.03579956E-01  1.77855254E-03
9.21336438E-02  3.03333551E-01  1.92724983E-03
9.23803202E-02  3.26015294E-01  1.92092394E-03
9.26269966E-02  3.23910356E-01  1.90201320E-03
9.28736730E-02  3.41265231E-01  1.96195184E-03
9.31203494E-02  3.49397689E-01  1.99723616E-03
9.33670259E-02  3.56244147E-01  2.12580455E-03
9.36137023E-02  3.62748981E-01  1.99360237E-03
9.38603787E-02  3.70196700E-01  2.10509426E-03
9.41070551E-02  3.90028298E-01  2.19780602E-03
9.43537316E-02  3.97778451E-01  2.15591793E-03
9.46004080E-02  4.07847315E-01  2.19016266E-03
9.48470844E-02  4.24333751E-01  2.23147171E-03
9.50937608E-02  4.28284913E-01  2.25323625E-03
9.53404372E-02  4.52079177E-01  2.28712917E-03
9.55871137E-02  4.62912768E-01  2.36208970E-03
9.58337901E-02  4.75211799E-01  2.34563579E-03
9.60804665E-02  4.73818719E-01  2.37029581E-03
9.63271429E-02  4.80728626E-01  2.25166185E-03
9.65738194E-02  5.11979461E-01  2.31882604E-03
9.68204958E-02  5.33004463E-01  2.39524501E-03
9.70671722E-02  5.26516080E-01  2.36123637E-03
9.73138486E-02  5.43693662E-01  2.43933056E-03
9.75605250E-02  5.63360989E-01  2.46067951E-03
9.78072015E-02  5.63959479E-01  2.29863427E-03
9.80538779E-02  5.81969857E-01  2.29631900E-03
9.83005543E-02  5.98900914E-01  2.37856619E-03
9.85472307E-02  5.96713662E-01  2.33533303E-03
9.87939072E-02  5.98484814E-01  2.41004652E-03
9.90405836E-02  6.10664129E-01  2.34445976E-03
9.92872600E-02  6.18141592E-01  2.44371244E-03
9.95339364E-02  6.26912534E-01  2.31697829E-03
9.97806128E-02  6.39140725E-01  2.34100083E-03
1.00027289E-01  6.36606693E-01  2.38066749E-03
1.00273966E-01  6.30416036E-01  2.40861089E-03
1.00520642E-01  6.43172622E-01  2.52350327E-03
1.00767319E-01  6.52600825E-01  2.47426587E-03
1.01013995E-01  6.50696397E-01  2.40677153E-03
1.01260671E-01  6.53445184E-01  2.54702079E-03
1.01507348E-01  6.32021725E-01  2.46514077E-03
1.01754024E-01  6.42216682E-01  2.74236477E-03
1.02000701E-01  6.39309585E-01  2.52964860E-03
1.02247377E-01  6.29458725E-01  2.68365047E-03
1.02494053E-01  6.16527498E-01  2.65470799E-03
1.02740730E-01  6.18723750E-01  2.72202655E-03
1.02987406E-01  6.19605064E-01  2.88580242E-03
1.03234083E-01  6.04815006E-01  2.83081969E-03
1.03480759E-01  5.96139491E-01  2.83090118E-03
1.03727436E-01  5.65479100E-01  2.76112463E-03
1.03974112E-01  5.61273396E-01  2.75568804E-03
1.04220788E-01  5.43157220E-01  2.82283244E-03
1.04467465E-01  5.36200047E-01  2.74246675E-03
1.04714141E-01  5.20806789E-01  2.68363394E-03
1.04960818E-01  5.09270310E-01  2.67244573E-03
1.05207494E-01  4.83107775E-01  2.56395456E-03
1.05454171E-01  4.80724037E-01  2.54990906E-03
1.05700847E-01  4.56300437E-01  2.46280828E-03
1.05947523E-01  4.48529154E-01  2.39419797E-03
1.06194200E-01  4.27962422E-01  2.34810263E-03
1.06440876E-01  4.18158889E-01  2.36029527E-03
1.06687553E-01  4.10380810E-01  2.31176661E-03
1.06934229E-01  3.89540136E-01  2.12474237E-03
1.07180906E-01  3.78113836E-01  2.04817113E-03
1.07427582E-01  3.49892437E-01  2.00076168E-03
1.07674258E-01  3.47089499E-01  1.91968365E-03
1.07920935E-01  3.36108088E-01  1.77315867E-03
1.08167611E-01  3.22087020E-01  1.73255592E-03
1.08414288E-01  3.16952854E-01  1.71189907E-03
1.08660964E-01  3.09158295E-01  1.64994050E-03
1.08907640E-01  2.95359373E-01  1.57514785E-03
1.09154317E-01  2.87949175E-01  1.55841897E-03
1.09400993E-01  2.84028172E-01  1.62778958E-03
1.09647670E-01  2.79369742E-01  1.61221775E-03
1.09894346E-01  2.72396564E-01  1.54537114E-03
1.10141023E-01  2.78934181E-01  1.57216680E-03
1.10387699E-01  2.73361802E-01  1.55620195E-03
1.10634375E-01  2.71070540E-01  1.56054238E-03
1.10881052E-01  2.71521717E-01  1.57174317E-03
1.11127728E-01  2.75793701E-01  1.53731124E-03
1.11374405E-01  2.56420135E-01  1.52804924E-03
1.11621081E-01  2.75340110E-01  1.53840578E-03
1.11867758E-01  2.72601575E-01  1.56691927E-03
1.12114434E-01  2.60799199E-01  1.56292121E-03
1.12361110E-01  2.75880158E-01  1.59844477E-03
1.12607787E-01  2.69774288E-01  1.57968432E-03
1.12854463E-01  2.72437423E-01  1.55247794E-03
1.13101140E-01  2.77595997E-01  1.59367162E-03
1.13347816E-01  2.75727361E-01  1.50475593E-03
1.13594493E-01  2.74421066E-01  1.64204196E-03
1.13841169E-01  2.83168048E-01  1.62377872E-03
1.14087845E-01  2.81918734E-01  1.67357060E-03
1.14334522E-01  2.81442344E-01  1.52637716E-03
1.14581198E-01  2.76879072E-01  1.58424291E-03
1.14827875E-01  2.76358664E-01  1.55190076E-03
1.15074551E-01  2.81901717E-01  1.58492546E-03
1.15321227E-01  2.80798405E-01  1.57674332E-03
1.15567904E-01  2.76301444E-01  1.55066466E-03
1.15814580E-01  2.77270675E-01  1.67600345E-03
1.16061257E-01  2.79025346E-01  1.56459457E-03
1.16307933E-01  2.73123473E-01  1.60728453E-03
1.16554610E-01  2.70604253E-01  1.57827232E-03
1.16801286E-01  2.71586597E-01  1.59771997E-03
1.17047962E-01  2.61567920E-01  1.54763891E-03
1.17294639E-01  2.67339051E-01  1.56645803E-03
1.17541315E-01  2.62080252E-01  1.61728775E-03
1.17787992E-01  2.64265031E-01  1.61517423E-03
1.18034668E-01  2.49419332E-01  1.58584374E-03
1.18281345E-01  2.49807119E-01  1.52316829E-03
1.18528021E-01  2.59975672E-01  1.58610463E-03
1.18774697E-01  2.55350888E-01  1.53999741E-03
1.19021374E-01  2.48705491E-01  1.54770759E-03
1.19268050E-01  2.39270851E-01  1.51333516E-03
1.19514727E-01  2.45464727E-01  1.54870399E-03
1.19761403E-01  2.33102039E-01  1.50108500E-03
1.20008079E-01  2.32498169E-01  1.45082793E-03
1.20254756E-01  2.26094395E-01  1.43284630E-03
1.20501432E-01  2.18671262E-01  1.47700112E-03
1.20748109E-01  2.27833882E-01  1.39319524E-03
1.20994785E-01  2.19834477E-01  1.47694990E-03
1.21241462E-01  2.06282616E-01  1.35273009E-03
1.21488138E-01  2.03821704E-01  1.35099597E-03
1.21734814E-01  2.02800572E-01  1.36504055E-03
1.21981491E-01  1.98484719E-01  1.33397605E-03
1.22228167E-01  1.97272077E-01  1.33819401E-03
1.22474844E-01  1.90845445E-01  1.32672943E-03
1.22721520E-01  1.87781408E-01  1.26318773E-03
1.22968197E-01  1.85601041E-01  1.21280528E-03
1.23214873E-01  1.80094898E-01  1.20843563E-03
1.23461549E-01  1.81276068E-01  1.22525776E-03
1.23708226E-01  1.72756001E-01  1.19289092E-03
1.23954902E-01  1.75717339E-01  1.20806659E-03
1.24201579E-01  1.68230802E-01  1.19269488E-03
1.24448255E-01  1.67243376E-01  1.16564403E-03
1.24694932E-01  1.63529336E-01  1.15326140E-03
1.24941608E-01  1.59010038E-01  1.12007186E-03
1.25188284E-01  1.58255965E-01  1.14997814E-03
1.25434961E-01  1.55212179E-01  1.12023624E-03
1.25681637E-01  1.64318576E-01  1.13052188E-03
1.25928314E-01  1.50945634E-01  1.12306338E-03
1.26174990E-01  1.56713143E-01  1.06799894E-03
1.26421666E-01  1.50890350E-01  1.04039093E-03
1.26668343E-01  1.48107558E-01  1.09180214E-03
1.26915019E-01  1.52608484E-01  1.05860585E-03
1.27161696E-01  1.47788689E-01  1.08183140E-03
1.27408372E-01  1.43553421E-01  1.01500668E-03
1.27655049E-01  1.45902097E-01  1.03778380E-03
1.27901725E-01  1.46616951E-01  1.02572562E-03
1.28148401E-01  1.43932000E-01  1.05482293E-03
1.28395078E-01  1.34703293E-01  1.00462162E-03
1.28641754E-01  1.38788685E-01  1.01752649E-03
1.28888431E-01  1.36905402E-01  9.94217582E-04
1.29135107E-01  1.31980270E-01  9.85415187E-04
1.29381784E-01  1.40951291E-01  1.00970443E-03
1.29628460E-01  1.47394538E-01  1.05517136E-03
1.29875136E-01  1.40942663E-01  1.00230414E-03
1.30121813E-01  1.34502679E-01  9.87548381E-04
1.30368489E-01  1.37910292E-01  9.81419813E-04
1.30615166E-01  1.35333762E-01  9.83288744E-04
1.30861842E-01  1.33685380E-01  1.00398611E-03
1.31108518E-01  1.33391947E-01  1.00483361E-03
1.31355195E-01  1.37892261E-01  1.00541103E-03
1.31601871E-01  1.35071680E-01  9.72055306E-04
1.31848548E-01  1.34687439E-01  9.64178937E-04
1.32095224E-01  1.31126583E-01  1.00935274E-03
1.32341901E-01  1.33271292E-01  9.58952412E-04
1.32588577E-01  1.28537863E-01  9.53975425E-04
1.32835253E-01  1.35975257E-01  9.98745440E-04
1.33081930E-01  1.37769192E-01  9.86781786E-04
1.33328606E-01  1.29815832E-01  9.35639895E-04
1.33575283E-01  1.35940060E-01  9.62999067E-04
1.33821959E-01  1.31322369E-01  9.67298460E-04
1.34068636E-01  1.37147069E-01  9.53634386E-04
1.34315312E-01  1.32009000E-01  9.58494551E-04
1.34561988E-01  1.36616707E-01  9.88845946E-04
1.34808665E-01  1.32529423E-01  9.59410041E-04
1.35055341E-01  1.30196318E-01  9.45402484E-04
1.35302018E-01  1.36215866E-01  9.76949465E-04
1.35548694E-01  1.32866725E-01  9.51002934E-04
1.35795371E-01  1.28522992E-01  9.46680724E-04
1.36042047E-01  1.30237058E-01  9.63719445E-04
1.36288723E-01  1.34035408E-01  9.61213955E-04
1.36535400E-01  1.33182302E-01  9.55211115E-04
1.36782076E-01  1.33958384E-01  9.81752761E-04
1.37028753E-01  1.31644830E-01  9.31354181E-04
1.37275429E-01  1.40347049E-01  9.77839692E-04
1.37522105E-01  1.32532239E-01  9.47751512E-04
1.37768782E-01  1.34445652E-01  9.73905320E-04
1.38015458E-01  1.32486314E-01  9.15683166E-04
1.38262135E-01  1.37645990E-01  9.64789535E-04
1.38508811E-01  1.40921324E-01  1.00840989E-03
1.38755488E-01  1.32233262E-01  9.44684085E-04
1.39002164E-01  1.43368095E-01  9.81396995E-04
1.39248840E-01  1.37089327E-01  9.66010673E-04
1.39495517E-01  1.45215750E-01  9.80152749E-04
1.39742193E-01  1.36153117E-01  9.89555381E-04
1.39988870E-01  1.39325023E-01  9.70305409E-04
1.40235546E-01  1.41513556E-01  9.77056217E-04
1.40482223E-01  1.43848017E-01  9.91994515E-04
1.40728899E-01  1.42533958E-01  9.86802508E-04
1.40975575E-01  1.50167480E-01  9.90867498E-04
1.41222252E-01  1.42172024E-01  9.71988717E-04
1.41468928E-01  1.47772834E-01  1.01368991E-03
1.41715605E-01  1.45079330E-01  9.99465701E-04
1.41962281E-01  1.46020100E-01  1.02089683E-03
1.42208957E-01  1.45267040E-01  9.86558385E-04
1.42455634E-01  1.45511538E-01  9.62127873E-04
1.42702310E-01  1.52094364E-01  9.67778964E-04
1.42948987E-01  1.55826271E-01  1.00049400E-03
1.43195663E-01  1.53739512E-01  1.00565236E-03
1.43442340E-01  1.53711438E-01  9.92000452E-04
1.43689016E-01  1.49981305E-01  1.00149936E-03
1.43935692E-01  1.57628238E-01  9.83020989E-04
1.44182369E-01  1.60642132E-01  1.01053051E-03
1.44429045E-01  1.55704856E-01  9.77029558E-04
1.44675722E-01  1.53048873E-01  9.41296457E-04
1.44922398E-01  1.61797345E-01  1.01544417E-03
1.45169075E-01  1.63441852E-01  1.03142706E-03
1.45415751E-01  1.62706420E-01  1.01237046E-03
1.45662427E-01  1.64495036E-01  1.06495491E-03
1.45909104E-01  1.65074676E-01  1.02230138E-03
1.46155780E-01  1.64317995E-01  1.02122687E-03
1.46402457E-01  1.72544524E-01  1.05644099E-03
1.46649133E-01  1.71331838E-01  1.02852995E-03
1.46895810E-01  1.67173475E-01  1.01519807E-03
1.47142486E-01  1.73168093E-01  1.05427217E-03
1.47389162E-01  1.74471915E-01  1.03020272E-03
1.47635839E-01  1.72045201E-01  1.05506449E-03
1.47882515E-01  1.75122172E-01  1.03691430E-03
1.48129192E-01  1.69355586E-01  1.07052946E-03
1.48375868E-01  1.77854225E-01  1.04180677E-03
1.48622544E-01  1.81063682E-01  1.04038476E-03
1.48869221E-01  1.79022968E-01  1.06738694E-03
1.49115897E-01  1.81067184E-01  1.05580478E-03
1.49362574E-01  1.77267611E-01  1.01229211E-03
1.49609250E-01  1.81061655E-01  1.05409196E-03
1.49855927E-01  1.84200913E-01  1.05817837E-03
1.50102603E-01  1.74729154E-01  1.07497349E-03
1.50349279E-01  1.81019366E-01  1.05552236E-03
1.50595956E-01  1.83778599E-01  1.08912762E-03
1.50842632E-01  1.81619495E-01  1.03673351E-03
1.51089309E-01  1.70179129E-01  1.03841722E-03
1.51335985E-01  1.80379704E-01  1.03869755E-03
1.51582662E-01  1.80644915E-01  1.06929359E-03
1.51829338E-01  1.78889915E-01  1.04278245E-03
1.52076014E-01  1.81178764E-01  1.04439037E-03
1.52322691E-01  1.75971970E-01  1.05181476E-03
1.52569367E-01  1.79327637E-01  1.05857698E-03
1.52816044E-01  1.78408757E-01  1.04894361E-03
1.53062720E-01  1.74484044E-01  1.01403380E-03
1.53309397E-01  1.71249688E-01  1.03548728E-03
1.53556073E-01  1.75984025E-01  1.03283557E-03
1.53802749E-01  1.72095552E-01  1.04396604E-03
1.54049426E-01  1.69214904E-01  1.05315365E-03
1.54296102E-01  1.72954082E-01  1.02685392E-03
1.54542779E-01  1.65662199E-01  1.01533078E-03
1.54789455E-01  1.70529947E-01  1.01308338E-03
1.55036131E-01  1.63515598E-01  1.02693622E-03
1.55282808E-01  1.67761639E-01  1.04548456E-03
1.55529484E-01  1.63589567E-01  1.02921342E-03
1.55776161E-01  1.62435651E-01  1.03881385E-03
1.56022837E-01  1.56098649E-01  9.76221228E-04
1.56269514E-01  1.54386342E-01  9.62864142E-04
1.56516190E-01  1.55443206E-01  1.00479950E-03
1.56762866E-01  1.47820458E-01  9.59082856E-04
1.57009543E-01  1.51008964E-01  9.59486177E-04
1.57256219E-01  1.45636767E-01  9.54455929E-04
1.57502896E-01  1.46483675E-01  9.57215903E-04
1.57749572E-01  1.42978996E-01  9.36358876E-04
1.57996249E-01  1.40490219E-01  9.36863653E-04
1.58242925E-01  1.35504991E-01  9.36275697E-04
1.58489601E-01  1.37172461E-01  9.37541481E-04
1.58736278E-01  1.31231099E-01  9.18264326E-04
1.58982954E-01  1.30226493E-01  9.03136912E-04
1.59229631E-01  1.25693575E-01  8.54803598E-04
1.59476307E-01  1.25209153E-01  8.64643313E-04
1.59722983E-01  1.24870449E-01  8.60422268E-04
1.59969660E-01  1.22126818E-01  8.53493111E-04
1.60216336E-01  1.19602434E-01  8.34794890E-04
1.60463013E-01  1.19297124E-01  8.52951431E-04
1.60709689E-01  1.14186868E-01  8.21008929E-04
1.60956366E-01  1.13096356E-01  8.22141767E-04
1.61203042E-01  1.12624727E-01  8.21157009E-04
1.61449718E-01  1.12636700E-01  8.20419926E-04
1.61696395E-01  1.13132022E-01  8.16155225E-04
1.61943071E-01  1.08367950E-01  7.90784135E-04
1.62189748E-01  1.06293529E-01  7.76160916E-04
1.62436424E-01  1.04624651E-01  8.01091315E-04
1.62683101E-01  1.04642540E-01  7.61887815E-04
1.62929777E-01  1.05244406E-01  7.92466453E-04
1.63176453E-01  1.04982190E-01  7.78559886E-04
1.63423130E-01  1.02554142E-01  7.70602492E-04
1.63669806E-01  9.75506604E-02  7.50396575E-04
1.63916483E-01  1.00220576E-01  7.42721546E-04
1.64163159E-01  1.01208337E-01  7.72581028E-04
1.64409836E-01  9.64539424E-02  7.30556843E-04
1.64656512E-01  9.70609263E-02  7.67000369E-04
1.64903188E-01  9.15250629E-02  7.11169268E-04
1.65149865E-01  9.53778997E-02  7.16882350E-04
1.65396541E-01  9.58819017E-02  7.28786981E-04
1.65643218E-01  9.51632932E-02  7.20964512E-04
1.65889894E-01  9.32423845E-02  7.42707576E-04
1.66136570E-01  9.06130075E-02  7.06802704E-04
1.66383247E-01  9.03640464E-02  7.17083109E-04
1.66629923E-01  9.54870805E-02  7.45917088E-04
1.66876600E-01  9.02226269E-02  7.20926793E-04
1.67123276E-01  9.54537094E-02  7.10931898E-04
1.67369953E-01  9.32033733E-02  6.99733850E-04
1.67616629E-01  9.17075425E-02  7.06901075E-04
1.67863305E-01  9.09533426E-02  7.11056404E-04
1.68109982E-01  9.25404727E-02  7.11269211E-04
1.68356658E-01  9.06051099E-02  7.08022737E-04
1.68603335E-01  8.70194957E-02  6.84145896E-04
1.68850011E-01  9.07546207E-02  7.18772935E-04
1.69096688E-01  9.37637985E-02  7.02538877E-04
1.69343364E-01  8.67445320E-02  6.64053310E-04
1.69590040E-01  8.96799490E-02  7.04151986E-04
1.69836717E-01  8.85023400E-02  6.92422211E-04
1.70083393E-01  9.01338980E-02  6.98341522E-04
1.70330070E-01  9.07311663E-02  6.97998155E-04
1.70576746E-01  9.05929878E-02  6.88363740E-04
1.70823422E-01  8.93020779E-02  7.02738878E-04
1.71070099E-01  8.66492316E-02  6.90658169E-04
1.71316775E-01  9.19352844E-02  7.06233666E-04
1.71563452E-01  8.71309042E-02  6.96055882E-04
1.71810128E-01  8.97963569E-02  6.99420983E-04
1.72056805E-01  8.91668499E-02  6.99972094E-04
1.72303481E-01  8.71407688E-02  6.70039619E-04
1.72550157E-01  8.68013203E-02  6.75749034E-04
1.72796834E-01  8.66375938E-02  6.80077879E-04
1.73043510E-01  8.41021836E-02  6.59777957E-04
1.73290187E-01  8.82417485E-02  6.97870739E-04
1.73536863E-01  8.72183219E-02  6.59928366E-04
1.73783540E-01  8.87936950E-02  6.96588773E-04
1.74030216E-01  8.47944692E-02  6.91340363E-04
1.74276892E-01  8.58716592E-02  6.71584334E-04
1.74523569E-01  8.17416981E-02  6.61187398E-04
1.74770245E-01  8.68247151E-02  6.75231277E-04
1.75016922E-01  8.33984986E-02  6.72843133E-04
1.75263598E-01  8.39462951E-02  6.67521963E-04
1.75510275E-01  8.55244026E-02  6.71412796E-04
1.75756951E-01  8.45881626E-02  6.76354975E-04
1.76003627E-01  8.32470953E-02  6.54712145E-04
1.76250304E-01  8.04579481E-02  6.56459713E-04
1.76496980E-01  8.21358934E-02  6.63212966E-04
1.76743657E-01  8.11522231E-02  6.58936973E-04
1.76990333E-01  7.61836991E-02  6.30892406E-04
1.77237009E-01  8.05266723E-02  6.61318598E-04
1.77483686E-01  7.84023330E-02  6.33154705E-04
1.77730362E-01  7.84578919E-02  6.67953223E-04
1.77977039E-01  7.99802840E-02  6.57176599E-04
1.78223715E-01  7.66238049E-02  6.32107374E-04
1.78470392E-01  7.38595277E-02  6.13813871E-04
1.78717068E-01  7.86932260E-02  6.50932430E-04
1.78963744E-01  7.43899718E-02  6.19050115E-04
1.79210421E-01  7.63351172E-02  6.26035151E-04
1.79457097E-01  7.03053251E-02  6.04179746E-04
1.79703774E-01  7.26056993E-02  5.98915620E-04
1.79950450E-01  7.57937282E-02  6.21335639E-04
1.80197127E-01  7.28836358E-02  6.06730697E-04
1.80443803E-01  7.28657767E-02  6.10730320E-04
1.80690479E-01  7.11979866E-02  6.21273473E-04
1.80937156E-01  7.36323968E-02  6.15652767E-04
1.81183832E-01  7.38319382E-02  6.00703177E-04
1.81430509E-01  6.93675056E-02  5.91494201E-04
1.81677185E-01  7.10202083E-02  5.93910052E-04
1.81923861E-01  6.92218244E-02  5.95405872E-04
1.82170538E-01  6.90885633E-02  5.94776706E-04
1.82417214E-01  6.97654858E-02  5.93629549E-04
1.82663891E-01  6.74030036E-02  5.89544419E-04
1.82910567E-01  6.68496937E-02  5.78007603E-04
1.83157244E-01  6.47757351E-02  5.66400704E-04
1.83403920E-01  6.77721947E-02  5.86362323E-04
1.83650596E-01  6.61407039E-02  5.83864341E-04
1.83897273E-01  6.26634061E-02  5.75295766E-04
1.84143949E-01  6.32912219E-02  5.55406325E-04
1.84390626E-01  6.27752766E-02  5.48618671E-04
1.84637302E-01  6.42632470E-02  5.66216535E-04
1.84883979E-01  6.54716715E-02  5.81402564E-04
1.85130655E-01  6.23569787E-02  5.50197030E-04
1.85377331E-01  6.14304319E-02  5.37566491E-04
1.85624008E-01  6.51764646E-02  5.70885313E-04
1.85870684E-01  6.37106523E-02  5.67388954E-04
1.86117361E-01  6.32064268E-02  5.67421084E-04
1.86364037E-01  6.22811653E-02  5.52980229E-04
1.86610714E-01  6.12508282E-02  5.57590742E-04
1.86857390E-01  6.26151264E-02  5.52715093E-04
1.87104066E-01  6.12578206E-02  5.50443481E-04
1.87350743E-01  5.93444183E-02  5.41151036E-04
1.87597419E-01  5.96436821E-02  5.36695763E-04
1.87844096E-01  5.97737841E-02  5.40044042E-04
1.88090772E-01  5.92616275E-02  5.47951669E-04
1.88337448E-01  6.08469434E-02  5.58187312E-04
1.88584125E-01  5.92637733E-02  5.21550304E-04
1.88830801E-01  5.66440262E-02  5.34073799E-04
1.89077478E-01  5.82830049E-02  5.31250727E-04
1.89324154E-01  6.03065975E-02  5.36256412E-04
1.89570831E-01  5.49707040E-02  5.04268333E-04
1.89817507E-01  5.65715693E-02  5.24195959E-04
1.90064183E-01  5.88244796E-02  5.21949376E-04
1.90310860E-01  5.92440106E-02  5.33316925E-04
1.90557536E-01  6.03572279E-02  5.37821790E-04
1.90804213E-01  5.75868972E-02  5.43244008E-04
1.91050889E-01  5.91863245E-02  5.36449254E-04
1.91297566E-01  5.57791740E-02  5.23025694E-04
1.91544242E-01  5.76474778E-02  5.24981588E-04
1.91790918E-01  5.88626340E-02  5.17836830E-04
1.92037595E-01  5.62715866E-02  5.14182204E-04
1.92284271E-01  5.50149828E-02  5.17112028E-04
1.92530948E-01  5.62674887E-02  5.42339636E-04
1.92777624E-01  5.48403412E-02  4.99103975E-04
1.93024301E-01  5.84225915E-02  5.38592925E-04
1.93270977E-01  5.62180914E-02  5.29727549E-04
1.93517653E-01  5.88804446E-02  5.21859154E-04
1.93764330E-01  5.47518320E-02  5.03119780E-04
1.94011006E-01  5.52703887E-02  4.85917524E-04
1.94257683E-01  5.61537370E-02  5.13187319E-04
1.94504359E-01  5.60292862E-02  5.07478951E-04
1.94751035E-01  5.44502623E-02  4.93502012E-04
1.94997712E-01  5.55894040E-02  5.00914059E-04
1.95244388E-01  5.44533543E-02  5.01995266E-04
1.95491065E-01  5.31427935E-02  5.11517457E-04
1.95737741E-01  5.44036329E-02  5.21659909E-04
1.95984418E-01  5.42882197E-02  5.09699748E-04
1.96231094E-01  5.46698272E-02  5.15996711E-04
1.96477770E-01  5.32057993E-02  5.06112410E-04
1.96724447E-01  5.49315289E-02  5.02789335E-04
1.96971123E-01  5.52345030E-02  5.19644178E-04
1.97217800E-01  5.14253415E-02  4.92417952E-04
1.97464476E-01  5.48022427E-02  5.09355974E-04
1.97711153E-01  5.27132750E-02  4.92703053E-04
1.97957829E-01  5.18784672E-02  4.97104891E-04
1.98204505E-01  5.16449921E-02  4.82245057E-04
1.98451182E-01  5.16046435E-02  4.95653308E-04
1.98697858E-01  5.56202047E-02  5.24739211E-04
1.98944535E-01  5.03556393E-02  4.78301372E-04
1.99191211E-01  5.14432527E-02  5.00204158E-04
1.99437887E-01  5.15362881E-02  4.95175715E-04
1.99684564E-01  5.31737804E-02  4.92618943E-04
1.99931240E-01  5.14144264E-02  4.90169856E-04
2.00177917E-01  5.24303690E-02  4.87891695E-04
2.00424593E-01  5.41773066E-02  4.93788917E-04
2.00671270E-01  4.94101830E-02  4.75941197E-04
2.00917946E-01  5.20722605E-02  4.94389504E-04
2.01164622E-01  5.22433668E-02  4.97259956E-04
2.01411299E-01  5.32648638E-02  4.82865667E-04
2.01657975E-01  5.15660159E-02  4.86877252E-04
2.01904652E-01  5.09248748E-02  4.80193761E-04
2.02151328E-01  5.09688519E-02  4.84126271E-04
2.02398005E-01  5.08312024E-02  4.80837771E-04
2.02644681E-01  4.98760901E-02  4.74643370E-04
2.02891357E-01  5.29267192E-02  5.09060977E-04
2.03138034E-01  4.98076677E-02  4.70380153E-04
2.03384710E-01  5.07102795E-02  4.86467936E-04
2.03631387E-01  4.83064726E-02  4.75191220E-04
2.03878063E-01  5.17844334E-02  4.91335697E-04
2.04124740E-01  4.98888344E-02  4.83308017E-04
2.04371416E-01  5.24353944E-02  4.91885003E-04
2.04618092E-01  4.84047048E-02  4.73700638E-04
2.04864769E-01  5.01567610E-02  4.77394846E-04
2.05111445E-01  4.80960347E-02  4.63654287E-04
2.05358122E-01  4.90887389E-02  4.75518085E-04
2.05604798E-01  5.01973704E-02  4.73929656E-04
2.05851474E-01  5.06605096E-02  4.78299276E-04
2.06098151E-01  5.12801893E-02  4.74077184E-04
2.06344827E-01  4.71137017E-02  4.55230591E-04
2.06591504E-01  4.93426919E-02  4.68378566E-04
2.06838180E-01  4.73941043E-02  4.42707358E-04
2.07084857E-01  5.06680012E-02  4.74912435E-04
2.07331533E-01  4.87342142E-02  4.65300720E-04
2.07578209E-01  4.89371158E-02  4.64326353E-04
2.07824886E-01  4.69621532E-02  4.66683763E-04
2.08071562E-01  5.06845787E-02  4.71194799E-04
2.08318239E-01  4.96621206E-02  4.55713802E-04
2.08564915E-01  4.63191569E-02  4.53820248E-04
2.08811592E-01  4.65322584E-02  4.57853923E-04
2.09058268E-01  4.79385890E-02  4.53247398E-04
2.09304944E-01  4.83913682E-02  4.53818880E-04
2.09551621E-01  4.95696068E-02  4.70735366E-04
2.09798297E-01  4.79453541E-02  4.56810259E-04
2.10044974E-01  4.69426289E-02  4.55802685E-04
2.10291650E-01  4.72805761E-02  4.60836716E-04
2.10538326E-01  4.76564579E-02  4.81359224E-04
2.10785003E-01  4.89590019E-02  4.71794192E-04
2.11031679E-01  4.78734151E-02  4.59390634E-04
2.11278356E-01  4.46578749E-02  4.45737096E-04
2.11525032E-01  4.93435189E-02  4.69837250E-04
2.11771709E-01  4.96693179E-02  4.67053556E-04
2.12018385E-01  4.62848991E-02  4.36133501E-04
2.12265061E-01  4.61531021E-02  4.51774220E-04
2.12511738E-01  4.53753062E-02  4.51850152E-04
2.12758414E-01  4.44523245E-02  4.37361596E-04
2.13005091E-01  4.64315042E-02  4.49124491E-04
2.13251767E-01  4.69919406E-02  4.50395077E-04
2.13498444E-01  4.53100093E-02  4.39374417E-04
2.13745120E-01  4.37531136E-02  4.31225169E-04
2.13991796E-01  4.60899249E-02  4.47381259E-04
2.14238473E-01  4.59477082E-02  4.35213471E-04
2.14485149E-01  4.76894118E-02  4.43911325E-04
2.14731826E-01  4.59573269E-02  4.51954111E-04
2.14978502E-01  4.60638218E-02  4.43256431E-04
2.15225179E-01  4.75999415E-02  4.40192758E-04
2.15471855E-01  4.82739918E-02  4.62580501E-04
2.15718531E-01  4.61251326E-02  4.41735698E-04
2.15965208E-01  4.70679253E-02  4.57357062E-04
2.16211884E-01  4.64376844E-02  4.49398591E-04
2.16458561E-01  4.78200652E-02  4.50842781E-04
2.16705237E-01  4.66489419E-02  4.52419044E-04
2.16951913E-01  4.58163768E-02  4.60447074E-04
2.17198590E-01  4.48335670E-02  4.50114749E-04
2.17445266E-01  4.42825332E-02  4.42506251E-04
2.17691943E-01  4.53509614E-02  4.58652474E-04
2.17938619E-01  4.26862985E-02  4.35048045E-04
2.18185296E-01  4.47890051E-02  4.48954816E-04
2.18431972E-01  4.27904949E-02  4.30263841E-04
2.18678648E-01  4.39512879E-02  4.37015929E-04
2.18925325E-01  4.53292467E-02  4.38819116E-04
2.19172001E-01  4.30840552E-02  4.33730864E-04
2.19418678E-01  4.63593975E-02  4.53281449E-04
2.19665354E-01  4.62861545E-02  4.46799648E-04
2.19912031E-01  4.47328836E-02  4.43149707E-04
2.20158707E-01  4.62552831E-02  4.59914998E-04
2.20405383E-01  4.67902981E-02  4.51288273E-04
2.20652060E-01  4.48803604E-02  4.41043696E-04
2.20898736E-01  4.77404892E-02  4.67332575E-04
2.21145413E-01  4.63672094E-02  4.55375819E-04
2.21392089E-01  4.42932881E-02  4.27049061E-04
2.21638766E-01  4.74196486E-02  4.61837160E-04
2.21885442E-01  4.58299480E-02  4.49271145E-04
2.22132118E-01  4.35866937E-02  4.31355002E-04
2.22378795E-01  4.67681661E-02  4.52890585E-04
2.22625471E-01  4.43718545E-02  4.37928829E-04
2.22872148E-01  4.78460081E-02  4.53035085E-04
2.23118824E-01  4.65755202E-02  4.47634520E-04
2.23365500E-01  4.71991710E-02  4.49570391E-04
2.23612177E-01  4.42883298E-02  4.36991832E-04
2.23858853E-01  4.40815985E-02  4.28638130E-04
2.24105530E-01  4.43608500E-02  4.21211647E-04
2.24352206E-01  4.66610640E-02  4.42554068E-04
2.24598883E-01  4.53944802E-02  4.34535672E-04
2.24845559E-01  4.41854931E-02  4.26774204E-04
2.25092235E-01  4.45062481E-02  4.39893251E-04
2.25338912E-01  4.57276516E-02  4.41985700E-04
2.25585588E-01  4.64480631E-02  4.55217581E-04
2.25832265E-01  4.66994010E-02  4.50525433E-04
2.26078941E-01  4.54763919E-02  4.35857393E-04
2.26325618E-01  4.31560576E-02  4.27993160E-04
2.26572294E-01  4.44614775E-02  4.23636317E-04
2.26818970E-01  4.42777611E-02  4.31184308E-04
2.27065647E-01  4.67440858E-02  4.49068903E-04
2.27312323E-01  4.64858934E-02  4.47467610E-04
2.27559000E-01  4.64589782E-02  4.44076810E-04
2.27805676E-01  4.36270609E-02  4.26899263E-04
2.28052352E-01  4.56981137E-02  4.48575272E-04
2.28299029E-01  4.37363945E-02  4.23263118E-04
2.28545705E-01  4.29551937E-02  4.24113910E-04
2.28792382E-01  4.59542722E-02  4.34979913E-04
2.29039058E-01  4.56737168E-02  4.34609421E-04
2.29285735E-01  4.51697819E-02  4.27884457E-04
2.29532411E-01  4.68343273E-02  4.40410426E-04
2.29779087E-01  4.42692377E-02  4.23631107E-04
2.30025764E-01  4.48295362E-02  4.36357543E-04
2.30272440E-01  4.47946489E-02  4.37774986E-04
2.30519117E-01  4.60658036E-02  4.43951372E-04
2.30765793E-01  4.63347510E-02  4.42143471E-04
2.31012470E-01  4.57845815E-02  4.34564921E-04
2.31259146E-01  4.44562733E-02  4.18241281E-04
2.31505822E-01  4.47207876E-02  4.32805042E-04
2.31752499E-01  4.55179550E-02  4.34764836E-04
2.31999175E-01  4.63372953E-02  4.40955686E-04
2.32245852E-01  4.53441739E-02  4.25664854E-04
2.32492528E-01  4.66414951E-02  4.14952112E-04
2.32739205E-01  4.69798185E-02  4.50220774E-04
2.32985881E-01  4.25904728E-02  4.20980243E-04
2.33232557E-01  4.51513939E-02  4.41335869E-04
2.33479234E-01  4.39172275E-02  4.20111784E-04
2.33725910E-01  4.74934950E-02  4.38086892E-04
2.33972587E-01  4.57806550E-02  4.33771958E-04
2.34219263E-01  4.53950800E-02  4.28531435E-04
2.34465939E-01  4.44057249E-02  4.28596133E-04
2.34712616E-01  4.43511792E-02  4.34491376E-04
2.34959292E-01  4.36646640E-02  4.24506696E-04
2.35205969E-01  4.34111841E-02  4.25134989E-04
2.35452645E-01  4.48946953E-02  4.12395952E-04
2.35699322E-01  4.26445119E-02  4.12996131E-04
2.35945998E-01  4.41812389E-02  4.27380495E-04
2.36192674E-01  4.48040627E-02  4.18582378E-04
2.36439351E-01  4.39124703E-02  4.33009758E-04
2.36686027E-01  4.37887572E-02  4.17444040E-04
2.36932704E-01  4.53266613E-02  4.33419948E-04
2.37179380E-01  4.55921926E-02  4.24680416E-04
2.37426057E-01  4.22815345E-02  4.07004758E-04
2.37672733E-01  4.48525921E-02  4.21965757E-04
2.37919409E-01  4.51329872E-02  4.23129910E-04
2.38166086E-01  4.46271896E-02  4.23646416E-04
2.38412762E-01  4.33962345E-02  4.19167103E-04
2.38659439E-01  4.55653481E-02  4.28503758E-04
2.38906115E-01  4.67053689E-02  4.35608556E-04
2.39152791E-01  4.60757390E-02  4.25313978E-04
2.39399468E-01  4.32703868E-02  4.26583778E-04
2.39646144E-01  4.53758985E-02  4.23200778E-04
2.39892821E-01  4.47080731E-02  4.28233383E-04
2.40139497E-01  4.41457219E-02  4.19012329E-04
2.40386174E-01  4.71518114E-02  4.21552424E-04
2.40632850E-01  4.60882708E-02  4.36200586E-04
2.40879526E-01  4.68209200E-02  4.25621372E-04
2.41126203E-01  4.33941744E-02  4.07781074E-04
2.41372879E-01  4.32476960E-02  4.15147166E-04
2.41619556E-01  4.26238142E-02  4.09374305E-04
2.41866232E-01  4.52695489E-02  4.17279516E-04
2.42112909E-01  4.20791805E-02  4.08269523E-04
2.42359585E-01  4.22925055E-02  4.17375064E-04
2.42606261E-01  4.54905629E-02  4.31564491E-04
2.42852938E-01  4.34896573E-02  4.27287596E-04
2.43099614E-01  4.41727564E-02  4.25938371E-04
2.43346291E-01  4.38125245E-02  4.26775892E-04
2.43592967E-01  4.57363203E-02  4.33523528E-04
2.43839644E-01  4.63428386E-02  4.44102159E-04
2.44086320E-01  4.46190387E-02  4.34432091E-04
2.44332996E-01  4.30568084E-02  4.34854068E-04
2.44579673E-01  4.60823737E-02  4.32321627E-04
2.44826349E-01  4.79966439E-02  4.48941893E-04
2.45073026E-01  4.57213148E-02  4.36150702E-04
2.45319702E-01  4.66025062E-02  4.49621904E-04
2.45566378E-01  4.63479571E-02  4.46843944E-04
2.45813055E-01  4.65005636E-02  4.39906988E-04
2.46059731E-01  4.45525460E-02  4.41922515E-04
2.46306408E-01  4.62260582E-02  4.68244543E-04
2.46553084E-01  4.64582667E-02  4.47607221E-04
2.46799761E-01  4.47513089E-02  4.56905866E-04
2.47046437E-01  4.38043922E-02  4.48734121E-04
2.47293113E-01  4.42212857E-02  4.41718643E-04
2.47539790E-01  4.83795032E-02  4.79663926E-04
2.47786466E-01  4.45209891E-02  4.53514338E-04
2.48033143E-01  4.21550721E-02  4.38609713E-04
2.48279819E-01  4.58308309E-02  4.55811678E-04
2.48526496E-01  4.47325334E-02  4.61411139E-04
2.48773172E-01  4.60699238E-02  4.63189877E-04
2.49019848E-01  4.66817729E-02  4.62094147E-04
2.49266525E-01  4.68915813E-02  4.78530128E-04
2.49513201E-01  4.71792780E-02  4.77434456E-04
2.49759878E-01  4.51106317E-02  4.64847835E-04
2.50006554E-01  4.64126468E-02  4.68485494E-04
2.50253230E-01  4.67108078E-02  4.85681987E-04
2.50499907E-01  4.62749228E-02  4.68409969E-04
2.50746583E-01  4.66047414E-02  4.68299346E-04
2.50993260E-01  4.39150035E-02  4.53650864E-04
2.51239936E-01  4.48730141E-02  4.71117441E-04
2.51486613E-01  4.46661822E-02  4.66664089E-04
2.51733289E-01  4.57403474E-02  4.69383405E-04
2.51979965E-01  4.20452468E-02  4.76146204E-04
2.52226642E-01  4.28328030E-02  4.57435090E-04
2.52473318E-01  4.65414636E-02  4.81886964E-04
2.52719995E-01  4.72875535E-02  4.88715013E-04
2.52966671E-01  4.58685495E-02  4.73721069E-04
2.53213348E-01  4.53607701E-02  4.76624147E-04
2.53460024E-01  4.19782475E-02  4.60367679E-04
2.53706700E-01  4.54357080E-02  4.84103162E-04
2.53953377E-01  4.68536951E-02  4.83786600E-04
2.54200053E-01  4.33908254E-02  4.61189426E-04
2.54446730E-01  4.43227999E-02  4.68842190E-04
2.54693406E-01  4.53709550E-02  4.69886174E-04
2.54940083E-01  4.48711701E-02  4.57176415E-04
2.55186759E-01  4.54707071E-02  4.53569490E-04
2.55433435E-01  4.73575704E-02  4.82611125E-04
2.55680112E-01  4.48263027E-02  4.68757615E-04
2.55926788E-01  4.68463078E-02  4.55535774E-04
2.56173465E-01  4.54914980E-02  4.64366196E-04
2.56420141E-01  4.53405455E-02  4.58365452E-04
2.56666817E-01  4.45973277E-02  4.57700429E-04
2.56913494E-01  4.44783717E-02  4.64058510E-04
2.57160170E-01  4.75627966E-02  4.57686489E-04
2.57406847E-01  4.54880446E-02  4.61076474E-04
2.57653523E-01  4.65715043E-02  4.62576281E-04
2.57900200E-01  4.39231023E-02  4.55785193E-04
2.58146876E-01  4.60002981E-02  4.67481907E-04
2.58393552E-01  4.53669317E-02  4.55311034E-04
2.58640229E-01  4.61168811E-02  4.81115538E-04
2.58886905E-01  4.46899757E-02  4.48171922E-04
2.59133582E-01  4.44866456E-02  4.57233167E-04
2.59380258E-01  4.29000705E-02  4.50531341E-04
2.59626935E-01  4.76033539E-02  4.77590336E-04
2.59873611E-01  4.44323011E-02  4.36683622E-04
2.60120287E-01  4.52126525E-02  4.57492046E-04
2.60366964E-01  4.49659415E-02  4.70549217E-04
2.60613640E-01  4.52568047E-02  4.60335665E-04
2.60860317E-01  4.51278389E-02  4.43516386E-04
2.61106993E-01  4.43660095E-02  4.58712602E-04
2.61353670E-01  4.49347645E-02  4.44778299E-04
2.61600346E-01  4.61488068E-02  4.67161823E-04
2.61847022E-01  4.45041917E-02  4.48919774E-04
2.62093699E-01  4.67420742E-02  4.58290713E-04
2.62340375E-01  4.55830880E-02  4.49305022E-04
2.62587052E-01  4.36288603E-02  4.46169433E-04
2.62833728E-01  4.35284637E-02  4.52922657E-04
2.63080404E-01  4.30974104E-02  4.35297174E-04
2.63327081E-01  4.28978354E-02  4.38450748E-04
2.63573757E-01  4.41474281E-02  4.58215160E-04
2.63820434E-01  4.36750203E-02  4.51082073E-04
2.64067110E-01  4.56933938E-02  4.51266795E-04
2.64313787E-01  4.55121882E-02  4.46006306E-04
2.64560463E-01  4.55133580E-02  4.53283166E-04
2.64807139E-01  4.48173396E-02  4.37346695E-04
2.65053816E-01  4.15635929E-02  4.34807880E-04
2.65300492E-01  4.54412512E-02  4.51778324E-04
2.65547169E-01  4.49819565E-02  4.40461183E-04
2.65793845E-01  4.35315967E-02  4.44008125E-04
2.66040522E-01  4.34311405E-02  4.53146087E-04
2.66287198E-01  4.37250845E-02  4.45076206E-04
2.66533874E-01  4.50031869E-02  4.38845251E-04
2.66780551E-01  4.21131067E-02  4.27163410E-04
2.67027227E-01  4.38837670E-02  4.33371431E-04
2.67273904E-01  4.33740877E-02  4.40496457E-04
2.67520580E-01  4.26906534E-02  4.44607373E-04
2.67767256E-01  4.52523679E-02  4.54456691E-04
2.68013933E-01  4.26560976E-02  4.37773007E-04
2.68260609E-01  4.34315316E-02  4.50665684E-04
2.68507286E-01  4.70372997E-02  4.55785281E-04
2.68753962E-01  4.33691144E-02  4.45625541E-04
2.69000639E-01  4.55868617E-02  4.51076863E-04
2.69247315E-01  4.70834710E-02  4.66975529E-04
2.69493991E-01  4.39450108E-02  4.47601458E-04
2.69740668E-01  4.37195934E-02  4.33421897E-04
2.69987344E-01  4.59638350E-02  4.59027448E-04
2.70234021E-01  4.75465246E-02  4.62666911E-04
2.70480697E-01  4.32339720E-02  4.47424245E-04
2.70727374E-01  4.39457260E-02  4.43169760E-04
2.70974050E-01  4.37190793E-02  4.62097494E-04
2.71220726E-01  4.44125086E-02  4.51700442E-04
2.71467403E-01  4.40663509E-02  4.63954639E-04
2.71714079E-01  4.41988930E-02  4.64853510E-04
2.71960756E-01  4.43389565E-02  4.69856634E-04
2.72207432E-01  4.32248004E-02  4.62345488E-04
2.72454109E-01  4.35288250E-02  4.64570592E-04
2.72700785E-01  4.47165854E-02  4.67203034E-04
2.72947461E-01  4.34497483E-02  4.60945186E-04
2.73194138E-01  4.54162322E-02  4.64184181E-04
2.73440814E-01  4.24159206E-02  4.57095797E-04
2.73687491E-01  4.41688932E-02  4.56727867E-04
2.73934167E-01  4.41340692E-02  4.53779707E-04
2.74180843E-01  4.46030125E-02  4.63640492E-04
2.74427520E-01  4.45227213E-02  4.60368145E-04
2.74674196E-01  4.57801782E-02  4.70088737E-04
2.74920873E-01  4.34694774E-02  4.58294991E-04
2.75167549E-01  4.45629358E-02  4.66082711E-04
2.75414226E-01  4.53322940E-02  4.76987392E-04
2.75660902E-01  4.51721065E-02  4.72334621E-04
2.75907578E-01  4.58915457E-02  4.80318355E-04
2.76154255E-01  4.38439026E-02  4.61867952E-04
2.76400931E-01  4.34249900E-02  4.73230291E-04
2.76647608E-01  4.28667925E-02  4.50588210E-04
2.76894284E-01  4.56219353E-02  4.66609607E-04
2.77140961E-01  4.34744842E-02  4.71848267E-04
2.77387637E-01  4.20866311E-02  4.53664572E-04
2.77634313E-01  4.63999212E-02  4.76215064E-04
2.77880990E-01  4.20121364E-02  4.52617300E-04
2.78127666E-01  4.69107330E-02  4.83861804E-04
2.78374343E-01  4.52780500E-02  4.75731911E-04
2.78621019E-01  4.64789644E-02  4.78111760E-04
2.78867695E-01  4.30178121E-02  4.56850510E-04
2.79114372E-01  4.51522544E-02  4.78108821E-04
2.79361048E-01  4.38362658E-02  4.63116507E-04
2.79607725E-01  4.37486656E-02  4.66160505E-04
2.79854401E-01  4.23471890E-02  4.49584855E-04
2.80101078E-01  4.18570451E-02  4.61723976E-04
2.80347754E-01  4.23740111E-02  4.50652442E-04
2.80594430E-01  4.38912772E-02  4.83724521E-04
2.80841107E-01  4.43777964E-02  4.68028797E-04
2.81087783E-01  4.50430363E-02  4.71816515E-04
2.81334460E-01  4.30850051E-02  4.60702140E-04
2.81581136E-01  4.35521230E-02  4.59115574E-04
2.81827813E-01  4.73278351E-02  4.88950463E-04
2.82074489E-01  4.43972796E-02  4.80268238E-04
2.82321165E-01  4.39847037E-02  4.66646306E-04
2.82567842E-01  4.29751799E-02  4.65614343E-04
2.82814518E-01  4.38552722E-02  4.70463303E-04
2.83061195E-01  4.33492884E-02  4.52922483E-04
2.83307871E-01  4.34018299E-02  4.68608690E-04
2.83554548E-01  4.11594100E-02  4.61343123E-04
2.83801224E-01  4.53204922E-02  4.80779679E-04
2.84047900E-01  4.34329584E-02  4.68039041E-04
2.84294577E-01  4.26012501E-02  4.58778144E-04
2.84541253E-01  4.52111997E-02  4.77820722E-04
2.84787930E-01  4.19198833E-02  4.54507361E-04
2.85034606E-01  4.31377143E-02  4.75397042E-04
2.85281282E-01  4.57027704E-02  4.90748731E-04
2.85527959E-01  4.11094837E-02  4.51732107E-04
2.85774635E-01  4.42980118E-02  4.72711137E-04
2.86021312E-01  4.48411256E-02  4.75673703E-04
2.86267988E-01  4.43940051E-02  4.83870681E-04
2.86514665E-01  4.20621485E-02  4.57890652E-04
2.86761341E-01  4.54581194E-02  4.88794059E-04
2.87008017E-01  4.29480299E-02  4.65561840E-04
2.87254694E-01  4.38865162E-02  4.74696892E-04
2.87501370E-01  4.72890362E-02  4.86168399E-04
2.87748047E-01  4.15968671E-02  4.69839608E-04
2.87994723E-01  4.44602333E-02  4.76618443E-04
2.88241400E-01  4.31503020E-02  4.63715143E-04
2.88488076E-01  4.40017059E-02  4.86811070E-04
2.88734752E-01  4.58661504E-02  4.69211605E-04
2.88981429E-01  4.25184742E-02  4.75826615E-04
2.89228105E-01  4.44981456E-02  4.68128390E-04
2.89474782E-01  4.28776741E-02  4.69062827E-04
2.89721458E-01  4.53474447E-02  4.80972871E-04
2.89968134E-01  4.50676009E-02  4.90547274E-04
2.90214811E-01  4.52589989E-02  4.71649138E-04
2.90461487E-01  4.32841703E-02  4.64319834E-04
2.90708164E-01  4.52458300E-02  4.85793833E-04
2.90954840E-01  4.56355698E-02  4.88376711E-04
2.91201517E-01  4.64726612E-02  4.89164144E-04
2.91448193E-01  4.24318276E-02  4.76974092E-04
2.91694869E-01  4.28761095E-02  4.65861172E-04
2.91941546E-01  4.39487435E-02  4.78596339E-04
2.92188222E-01  4.54660431E-02  5.01041475E-04
2.92434899E-01  4.16185372E-02  4.55943664E-04
2.92681575E-01  4.41703089E-02  4.84458607E-04
2.92928252E-01  4.56198938E-02  4.83692449E-04
2.93174928E-01  4.28804308E-02  4.80784482E-04
2.93421604E-01  4.52545397E-02  4.90341685E-04
2.93668281E-01  4.48121093E-02  4.79529845E-04
2.93914957E-01  4.49004322E-02  4.82001196E-04
2.94161634E-01  4.38778736E-02  4.73430118E-04
2.94408310E-01  4.49089631E-02  4.88070335E-04
2.94654987E-01  4.31237705E-02  4.72725602E-04
2.94901663E-01  4.22983728E-02  4.68786078E-04
2.95148339E-01  4.14383449E-02  4.62194381E-04
2.95395016E-01  4.31092232E-02  4.66981641E-04
2.95641692E-01  4.29826602E-02  4.55291185E-04
2.95888369E-01  4.62256484E-02  4.69971739E-04
2.96135045E-01  4.38700505E-02  4.72802465E-04
2.96381721E-01  4.36277129E-02  4.91855666E-04
2.96628398E-01  4.33399417E-02  4.79726557E-04
2.96875074E-01  4.34353128E-02  4.77228547E-04
2.97121751E-01  4.47972566E-02  4.83928423E-04
2.97368427E-01  4.34663966E-02  4.73919703E-04
2.97615104E-01  4.25328352E-02  4.70275321E-04
2.97861780E-01  4.32539843E-02  4.54053574E-04
2.98108456E-01  4.23202552E-02  4.76326211E-04
2.98355133E-01  4.57609929E-02  4.83463431E-04
2.98601809E-01  4.68602739E-02  4.79464536E-04
2.98848486E-01  4.06934991E-02  4.61873278E-04
2.99095162E-01  4.40897532E-02  4.76808695E-04
2.99341839E-01  4.41759527E-02  4.83263459E-04
2.99588515E-01  4.56320792E-02  4.85059194E-04
2.99835191E-01  4.23962027E-02  4.68586426E-04
3.00081868E-01  4.29431312E-02  4.63554723E-04
3.00328544E-01  4.45722714E-02  4.77054826E-04
3.00575221E-01  4.34182324E-02  4.67765407E-04
3.00821897E-01  3.96014862E-02  4.50156425E-04
3.01068574E-01  4.04990092E-02  4.76831221E-04
3.01315250E-01  4.40821871E-02  4.82633681E-04
3.01561926E-01  4.38734032E-02  4.76216926E-04
3.01808603E-01  4.36448976E-02  4.80560178E-04
3.02055279E-01  4.10038009E-02  4.47010389E-04
3.02301956E-01  4.40760665E-02  4.81463765E-04
3.02548632E-01  4.45750132E-02  4.81185154E-04
3.02795308E-01  4.20515873E-02  4.75175941E-04
3.03041985E-01  4.60244641E-02  4.94857843E-04
3.03288661E-01  4.35032733E-02  4.86148783E-04
3.03535338E-01  4.13170755E-02  4.68506245E-04
3.03782014E-01  4.18180190E-02  4.61872871E-04
3.04028691E-01  4.23645526E-02  4.69085528E-04
3.04275367E-01  4.09819447E-02  4.72260028E-04
3.04522043E-01  4.77415696E-02  4.95097775E-04
3.04768720E-01  4.29724790E-02  4.64272220E-04
3.05015396E-01  4.10536565E-02  4.58770286E-04
3.05262073E-01  4.49167751E-02  4.86030098E-04
3.05508749E-01  4.37767580E-02  4.93960397E-04
3.05755426E-01  4.34794128E-02  4.77417227E-04
3.06002102E-01  4.28263135E-02  4.77875525E-04
3.06248778E-01  4.30963002E-02  4.74476081E-04
3.06495455E-01  4.16167937E-02  4.67969629E-04
3.06742131E-01  4.12962921E-02  4.67348815E-04
3.06988808E-01  4.52561639E-02  4.93564468E-04
3.07235484E-01  4.12846208E-02  4.60544892E-04
3.07482160E-01  4.27427813E-02  4.72475367E-04
3.07728837E-01  4.22352552E-02  4.67797479E-04
3.07975513E-01  4.49179038E-02  4.78669041E-04
3.08222190E-01  4.54884917E-02  4.91989078E-04
3.08468866E-01  4.29852419E-02  4.66415222E-04
3.08715543E-01  4.34976965E-02  4.74851637E-04
3.08962219E-01  4.49425951E-02  4.84456861E-04
3.09208895E-01  4.59703542E-02  4.99271147E-04
3.09455572E-01  4.20257524E-02  4.84881253E-04
3.09702248E-01  4.47151810E-02  4.97994479E-04
3.09948925E-01  4.50178236E-02  5.05260250E-04
3.10195601E-01  4.32300232E-02  4.79506474E-04
3.10442278E-01  4.39705960E-02  4.90667822E-04
3.10688954E-01  4.19886932E-02  4.78067581E-04
3.10935630E-01  4.22590226E-02  4.66176629E-04
3.11182307E-01  4.45679799E-02  5.01737464E-04
3.11428983E-01  4.28361930E-02  4.71846579E-04
3.11675660E-01  4.17496562E-02  4.87411686E-04
3.11922336E-01  4.37871516E-02  4.83399373E-04
3.12169013E-01  4.46977019E-02  4.79161099E-04
3.12415689E-01  4.25586030E-02  4.75759705E-04
3.12662365E-01  4.30616103E-02  4.83512267E-04
3.12909042E-01  4.20992859E-02  4.85692115E-04
3.13155718E-01  4.44425344E-02  4.93622560E-04
3.13402395E-01  4.32030186E-02  4.76136920E-04
3.13649071E-01  4.30287458E-02  4.85612836E-04
3.13895747E-01  4.21083458E-02  4.65979130E-04
3.14142424E-01  3.88358980E-02  4.55577188E-04
3.14389100E-01  4.24152277E-02  4.89631959E-04
3.14635777E-01  4.17380221E-02  4.66723402E-04
3.14882453E-01  4.17975299E-02  4.65538644E-04
3.15129130E-01  4.46204580E-02  4.86480771E-04
3.15375806E-01  4.39074151E-02  4.85671480E-04
3.15622482E-01  4.38504294E-02  4.74536180E-04
3.15869159E-01  4.46005017E-02  4.88504535E-04
3.16115835E-01  4.37814631E-02  4.87987301E-04
3.16362512E-01  4.26949933E-02  4.67023609E-04
3.16609188E-01  4.23090048E-02  4.86784847E-04
3.16855865E-01  4.30753566E-02  4.73470544E-04
3.17102541E-01  4.30142917E-02  4.79337148E-04
3.17349217E-01  4.24932167E-02  4.74939588E-04
3.17595894E-01  4.24012654E-02  4.71949781E-04
3.17842570E-01  4.58901897E-02  5.01765811E-04
3.18089247E-01  4.21347171E-02  4.60834359E-04
3.18335923E-01  4.32245620E-02  4.90704202E-04
3.18582599E-01  4.21871804E-02  4.74711094E-04
3.18829276E-01  4.24935967E-02  4.83395736E-04
3.19075952E-01  4.41767164E-02  4.94147418E-04
3.19322629E-01  4.69779931E-02  4.92404797E-04
3.19569305E-01  4.24530245E-02  4.86018718E-04
3.19815982E-01  4.26955894E-02  4.78597241E-04
3.20062658E-01  4.58681919E-02  4.97301982E-04
3.20309334E-01  4.44705412E-02  4.82990465E-04
3.20556011E-01  4.31957319E-02  4.78463189E-04
3.20802687E-01  4.39433977E-02  4.68796148E-04
3.21049364E-01  4.47731726E-02  4.94780717E-04
3.21296040E-01  4.37797271E-02  4.82345058E-04
3.21542717E-01  4.62509803E-02  4.95027401E-04
3.21789393E-01  4.33418564E-02  4.75080451E-04
3.22036069E-01  4.44165356E-02  5.03588584E-04
3.22282746E-01  4.56575416E-02  4.91685933E-04
3.22529422E-01  4.29281555E-02  4.74436965E-04
3.22776099E-01  4.42295074E-02  5.02159528E-04
3.23022775E-01  4.58392166E-02  4.92053689E-04
3.23269452E-01  4.39079180E-02  4.74309956E-04
3.23516128E-01  4.24537547E-02  4.56075883E-04
3.23762804E-01  4.13370393E-02  4.63315548E-04
3.24009481E-01  4.45127077E-02  4.86218662E-04
3.24256157E-01  4.55039702E-02  5.02894050E-04
3.24502834E-01  4.36074510E-02  4.80381656E-04
3.24749510E-01  4.21866812E-02  4.72356158E-04
3.24996186E-01  4.62454408E-02  5.00627968E-04
3.25242863E-01  4.44291718E-02  4.72795306E-04
3.25489539E-01  4.39003147E-02  4.79459122E-04
3.25736216E-01  4.61641923E-02  5.08832978E-04
3.25982892E-01  4.37496826E-02  4.77890193E-04
3.26229569E-01  4.43605073E-02  4.90614679E-04
3.26476245E-01  4.29549254E-02  4.79017326E-04
3.26722921E-01  4.36404236E-02  4.87190729E-04
3.26969598E-01  4.50555347E-02  4.91886050E-04
3.27216274E-01  4.33075279E-02  4.68173530E-04
3.27462951E-01  4.42679413E-02  4.89811006E-04
3.27709627E-01  4.38842177E-02  5.03332412E-04
3.27956304E-01  4.58332822E-02  5.04799711E-04
3.28202980E-01  4.20853607E-02  4.69026505E-04
3.28449656E-01  4.41530459E-02  4.94680542E-04
3.28696333E-01  4.58758324E-02  4.84569930E-04
3.28943009E-01  4.70659882E-02  5.03802265E-04
3.29189686E-01  4.63167652E-02  4.99870570E-04
3.29436362E-01  4.35527489E-02  4.83299285E-04
3.29683039E-01  4.41037267E-02  4.90186503E-04
3.29929715E-01  4.38179746E-02  4.85067721E-04
3.30176391E-01  4.34962176E-02  4.86887933E-04
3.30423068E-01  4.49704900E-02  5.04626776E-04
3.30669744E-01  4.58786227E-02  4.88609308E-04
3.30916421E-01  4.37069982E-02  4.86281613E-04
3.31163097E-01  4.57929671E-02  4.92819818E-04
3.31409773E-01  4.48222309E-02  4.91644372E-04
3.31656450E-01  4.49176542E-02  4.94956854E-04
3.31903126E-01  4.52858321E-02  4.92105843E-04
3.32149803E-01  4.60576527E-02  4.98907117E-04
3.32396479E-01  4.28091735E-02  4.72179585E-04
3.32643156E-01  4.52889837E-02  4.90338833E-04
3.32889832E-01  4.65830266E-02  4.96511406E-04
3.33136508E-01  4.60988581E-02  5.15079882E-04
3.33383185E-01  4.42295857E-02  4.91434592E-04
3.33629861E-01  4.61017601E-02  5.06597804E-04
3.33876538E-01  4.72499020E-02  5.00873779E-04
3.34123214E-01  4.64019924E-02  5.04247029E-04
3.34369891E-01  4.57367748E-02  4.98497509E-04
3.34616567E-01  4.40608487E-02  4.83945536E-04
3.34863243E-01  4.63256650E-02  4.91069048E-04
3.35109920E-01  4.48215269E-02  5.01554518E-04
3.35356596E-01  4.78673838E-02  4.97272471E-04
3.35603273E-01  4.75235693E-02  5.22386283E-04
3.35849949E-01  4.40425836E-02  4.91197803E-04
3.36096625E-01  4.61563431E-02  5.19838824E-04
3.36343302E-01  4.81596366E-02  5.18065121E-04
3.36589978E-01  4.62222174E-02  4.96688124E-04
3.36836655E-01  4.39937674E-02  5.04507567E-04
3.37083331E-01  4.83533777E-02  5.03525895E-04
3.37330008E-01  4.41043414E-02  4.88091027E-04
3.37576684E-01  4.41971719E-02  4.93617961E-04
3.37823360E-01  4.76432331E-02  5.09430945E-04
3.38070037E-01  4.70341407E-02  5.05607110E-04
3.38316713E-01  4.81379293E-02  5.21400536E-04
3.38563390E-01  4.26948741E-02  4.82604955E-04
3.38810066E-01  4.88005206E-02  5.25971933E-04
3.39056743E-01  4.49733287E-02  5.09452482E-04
3.39303419E-01  4.69068736E-02  4.94613603E-04
3.39550095E-01  4.92455103E-02  5.19850932E-04
3.39796772E-01  4.43999693E-02  4.79265378E-04
3.40043448E-01  4.56221960E-02  4.97074798E-04
3.40290125E-01  4.68218066E-02  5.08331519E-04
3.40536801E-01  4.78090420E-02  5.10150334E-04
3.40783478E-01  4.50164787E-02  4.93499567E-04
3.41030154E-01  4.37723994E-02  4.88730439E-04
3.41276830E-01  4.40500341E-02  4.93434665E-04
3.41523507E-01  4.52069491E-02  5.11071994E-04
3.41770183E-01  4.48775403E-02  4.90288076E-04
3.42016860E-01  4.56848182E-02  5.24424424E-04
3.42263536E-01  4.52419743E-02  5.09365811E-04
3.42510212E-01  4.78107966E-02  5.14395535E-04
3.42756889E-01  4.67778780E-02  5.06596232E-04
3.43003565E-01  4.66665477E-02  5.04343770E-04
3.43250242E-01  4.59869839E-02  4.95274784E-04
3.43496918E-01  4.53192368E-02  5.05419506E-04
3.43743595E-01  4.64060158E-02  4.97696514E-04
3.43990271E-01  4.43714447E-02  4.92990483E-04
3.44236947E-01  4.55715656E-02  4.87816171E-04
3.44483624E-01  4.34735082E-02  4.88959777E-04
3.44730300E-01  4.37185355E-02  4.88288060E-04
3.44976977E-01  4.67463285E-02  5.03257965E-04
3.45223653E-01  4.50768694E-02  4.92206134E-04
3.45470330E-01  4.28348295E-02  4.86821082E-04
3.45717006E-01  4.50031236E-02  4.91771789E-04
3.45963682E-01  4.57162894E-02  4.91760205E-04
3.46210359E-01  4.49003354E-02  4.85126831E-04
3.46457035E-01  4.35072705E-02  4.75699519E-04
3.46703712E-01  4.70427163E-02  5.03650750E-04
3.46950388E-01  4.93752807E-02  5.19813213E-04
3.47197064E-01  4.58245464E-02  4.97478526E-04
3.47443741E-01  4.44803946E-02  4.82473988E-04
3.47690417E-01  4.67440784E-02  5.14019455E-04
3.47937094E-01  4.53842767E-02  4.85560828E-04
3.48183770E-01  4.51129787E-02  5.03432937E-04
3.48430447E-01  4.35589068E-02  4.72915970E-04
3.48677123E-01  4.35514636E-02  4.83449636E-04
3.48923799E-01  4.65389006E-02  4.87587065E-04
3.49170476E-01  4.62041646E-02  5.05910022E-04
3.49417152E-01  4.71109301E-02  5.02475072E-04
3.49663829E-01  4.67425250E-02  4.98095818E-04
3.49910505E-01  4.19010669E-02  4.74496832E-04
3.50157182E-01  4.30748351E-02  4.71576030E-04
3.50403858E-01  4.45222221E-02  4.83578362E-04
3.50650534E-01  4.79665250E-02  5.14570333E-04
3.50897211E-01  4.37122695E-02  4.94446489E-04
3.51143887E-01  4.43001427E-02  4.92304272E-04
3.51390564E-01  4.40739021E-02  4.72132349E-04
3.51637240E-01  4.43739444E-02  4.92466672E-04
3.51883917E-01  4.39276583E-02  4.64461627E-04
3.52130593E-01  4.52692024E-02  4.91856365E-04
3.52377269E-01  4.58400883E-02  4.95958142E-04
3.52623946E-01  4.43275906E-02  4.83144599E-04
3.52870622E-01  4.64641824E-02  4.91020444E-04
3.53117299E-01  4.36158367E-02  4.90585575E-04
3.53363975E-01  4.21041511E-02  4.80999443E-04
3.53610651E-01  4.11607884E-02  4.78730828E-04
3.53857328E-01  4.46460471E-02  4.90111066E-04
3.54104004E-01  4.20021117E-02  4.79055918E-04
3.54350681E-01  4.35652174E-02  4.92331106E-04
3.54597357E-01  4.48436551E-02  4.90479579E-04
3.54844034E-01  4.28368784E-02  4.73606342E-04
3.55090710E-01  4.33502644E-02  4.88490681E-04
3.55337386E-01  4.46133465E-02  4.73970402E-04
3.55584063E-01  4.20136265E-02  4.69613966E-04
3.55830739E-01  4.28247824E-02  4.76435613E-04
3.56077416E-01  4.25519347E-02  4.83857089E-04
3.56324092E-01  4.32526171E-02  4.92398918E-04
3.56570769E-01  4.17717583E-02  4.70444269E-04
3.56817445E-01  4.21976484E-02  4.74925764E-04
3.57064121E-01  4.54870947E-02  4.85809607E-04
3.57310798E-01  4.45218608E-02  4.98791516E-04
3.57557474E-01  4.26178500E-02  4.79576294E-04
3.57804151E-01  4.35869880E-02  4.79437847E-04
3.58050827E-01  4.46588621E-02  4.91066254E-04
3.58297503E-01  4.32587154E-02  5.00741880E-04
3.58544180E-01  4.24392521E-02  4.79826413E-04
3.58790856E-01  4.18544374E-02  4.80529183E-04
3.59037533E-01  3.99749912E-02  4.58410184E-04
3.59284209E-01  4.17434573E-02  4.71710926E-04
3.59530886E-01  4.78547513E-02  4.93818545E-04
3.59777562E-01  4.42126580E-02  4.64449404E-04
3.60024238E-01  4.21831459E-02  4.75537963E-04
3.60270915E-01  4.12425362E-02  4.59352101E-04
3.60517591E-01  4.30916138E-02  4.81027964E-04
3.60764268E-01  4.27744426E-02  4.73115622E-04
3.61010944E-01  4.08365168E-02  4.61567135E-04
3.61257621E-01  4.38684002E-02  4.89737315E-04
3.61504297E-01  4.20885049E-02  4.79094451E-04
3.61750973E-01  4.16911729E-02  4.73779539E-04
3.61997650E-01  4.07618582E-02  4.66544123E-04
3.62244326E-01  3.90148498E-02  4.54867200E-04
3.62491003E-01  3.92189361E-02  4.63266479E-04
3.62737679E-01  4.16699946E-02  4.66165773E-04
3.62984356E-01  4.06163931E-02  4.70289699E-04
3.63231032E-01  3.98189388E-02  4.69228369E-04
3.63477708E-01  4.28708196E-02  4.83150623E-04
3.63724385E-01  4.28384207E-02  4.86186822E-04
3.63971061E-01  4.22139168E-02  4.67950536E-04
3.64217738E-01  4.18318883E-02  4.76048706E-04
3.64464414E-01  3.92015092E-02  4.65377787E-04
3.64711090E-01  4.03575078E-02  4.58776631E-04
3.64957767E-01  4.19684537E-02  4.80340561E-04
3.65204443E-01  4.40940522E-02  4.92452702E-04
3.65451120E-01  4.09997404E-02  4.83699638E-04
3.65697796E-01  4.16633226E-02  4.84041055E-04
3.65944473E-01  3.98914330E-02  4.53873625E-04
3.66191149E-01  3.98347788E-02  4.60970914E-04
3.66437825E-01  4.21052836E-02  4.67573816E-04
3.66684502E-01  3.86939906E-02  4.47378785E-04
3.66931178E-01  4.01501879E-02  4.61862510E-04
3.67177855E-01  4.17382456E-02  4.62045631E-04
3.67424531E-01  4.07373346E-02  4.61854041E-04
3.67671208E-01  3.94632891E-02  4.60175623E-04
3.67917884E-01  3.95478383E-02  4.57337126E-04
3.68164560E-01  3.90843563E-02  4.46207821E-04
3.68411237E-01  4.01208661E-02  4.75024339E-04
3.68657913E-01  3.96862961E-02  4.64574376E-04
3.68904590E-01  4.12049741E-02  4.75418230E-04
3.69151266E-01  4.08792682E-02  4.59119678E-04
3.69397943E-01  4.14987057E-02  4.62315744E-04
3.69644619E-01  4.06925343E-02  4.68441140E-04
3.69891295E-01  4.21616957E-02  4.75029083E-04
3.70137972E-01  3.96922715E-02  4.62919823E-04
3.70384648E-01  4.02800702E-02  4.60987299E-04
3.70631325E-01  4.28273790E-02  4.78877599E-04
3.70878001E-01  3.90081331E-02  4.56606387E-04
3.71124677E-01  3.94446589E-02  4.50928579E-04
3.71371354E-01  4.13376763E-02  4.58650873E-04
3.71618030E-01  3.97480987E-02  4.54005291E-04
3.71864707E-01  4.04472239E-02  4.63896053E-04
3.72111383E-01  3.93491574E-02  4.49967745E-04
3.72358060E-01  4.21932079E-02  4.70915256E-04
3.72604736E-01  4.13515829E-02  4.60603012E-04
3.72851412E-01  3.79158147E-02  4.55119502E-04
3.73098089E-01  3.98347378E-02  4.70803003E-04
3.73344765E-01  3.91569957E-02  4.47151164E-04
3.73591442E-01  3.69875766E-02  4.34935675E-04
3.73838118E-01  4.04175855E-02  4.61581687E-04
3.74084795E-01  4.11713906E-02  4.80588817E-04
3.74331471E-01  3.73225249E-02  4.50471241E-04
3.74578147E-01  4.01690081E-02  4.69386985E-04
3.74824824E-01  3.92322131E-02  4.66191297E-04
3.75071500E-01  3.96424010E-02  4.68306622E-04
3.75318177E-01  4.05696072E-02  4.64853016E-04
3.75564853E-01  4.16412465E-02  4.77868627E-04
3.75811529E-01  3.87039781E-02  4.49928542E-04
3.76058206E-01  3.91907990E-02  4.60519805E-04
3.76304882E-01  4.02194187E-02  4.64616867E-04
3.76551559E-01  3.96504253E-02  4.56505397E-04
3.76798235E-01  4.16355431E-02  4.78443981E-04
3.77044912E-01  3.72700952E-02  4.43555211E-04
3.77291588E-01  4.06542495E-02  4.72487212E-04
3.77538264E-01  4.01110686E-02  4.67080128E-04
3.77784941E-01  3.91539037E-02  4.45995625E-04
3.78031617E-01  3.93231809E-02  4.46036487E-04
3.78278294E-01  4.04597148E-02  4.72775253E-04
3.78524970E-01  3.98312472E-02  4.60290234E-04
3.78771647E-01  3.89756486E-02  4.60285984E-04
3.79018323E-01  3.91048715E-02  4.58420865E-04
3.79264999E-01  4.02980112E-02  4.60348325E-04
3.79511676E-01  3.92302349E-02  4.72219865E-04
3.79758352E-01  4.04582694E-02  4.61844058E-04
3.80005029E-01  4.19419408E-02  4.67205624E-04
3.80251705E-01  4.04183976E-02  4.72631684E-04
3.80498382E-01  3.88276577E-02  4.49674757E-04
3.80745058E-01  3.48219685E-02  4.29002655E-04
3.80991734E-01  4.02753875E-02  4.65033168E-04
3.81238411E-01  3.88794355E-02  4.76596091E-04
3.81485087E-01  4.03941944E-02  4.91350715E-04
3.81731764E-01  4.19081226E-02  4.92944848E-04
3.81978440E-01  4.18888591E-02  5.02109760E-04
3.82225116E-01  4.11309078E-02  5.00059163E-04
3.82471793E-01  3.93644348E-02  4.86118573E-04
3.82718469E-01  3.91935706E-02  4.99930873E-04
3.82965146E-01  4.20948192E-02  5.14192274E-04
3.83211822E-01  3.98182124E-02  4.98574344E-04
3.83458499E-01  3.85252871E-02  4.86124976E-04
3.83705175E-01  3.99484523E-02  5.03115763E-04
3.83951851E-01  3.93569320E-02  4.93767322E-04
3.84198528E-01  3.98908593E-02  5.17812266E-04
3.84445204E-01  4.03330997E-02  5.02164883E-04
3.84691881E-01  3.79836820E-02  5.02684736E-04
3.84938557E-01  3.72685976E-02  4.97783942E-04
3.85185234E-01  3.90368663E-02  5.22990013E-04
3.85431910E-01  4.04179692E-02  5.28361415E-04
3.85678586E-01  4.04495671E-02  5.33413957E-04
3.85925263E-01  3.98061462E-02  5.17497945E-04
3.86171939E-01  3.72484066E-02  4.89882892E-04
3.86418616E-01  4.07627672E-02  5.31809288E-04
3.86665292E-01  3.78329344E-02  5.13581675E-04
3.86911968E-01  4.00128923E-02  5.32416685E-04
3.87158645E-01  3.90394218E-02  5.26765245E-04
3.87405321E-01  3.93119641E-02  5.30092628E-04
3.87651998E-01  4.02039997E-02  5.46102121E-04
3.87898674E-01  4.07151543E-02  5.32680948E-04
3.88145351E-01  4.20312099E-02  5.64380724E-04
3.88392027E-01  3.82307284E-02  5.45153511E-04
3.88638703E-01  4.35804576E-02  5.74184465E-04
3.88885380E-01  3.75064984E-02  5.31215221E-04
3.89132056E-01  3.92753668E-02  5.52284240E-04
3.89378733E-01  3.94726358E-02  5.43642498E-04
3.89625409E-01  4.04941179E-02  5.58688596E-04
3.89872086E-01  4.03184779E-02  5.62567147E-04
3.90118762E-01  3.81510369E-02  5.28991222E-04
3.90365438E-01  3.79325151E-02  5.21238602E-04
3.90612115E-01  3.99346910E-02  5.40348643E-04
3.90858791E-01  3.99791077E-02  5.28907112E-04
3.91105468E-01  3.83935012E-02  5.11885097E-04
3.91352144E-01  3.81361358E-02  5.05870092E-04
3.91598821E-01  3.94060761E-02  5.27497847E-04
3.91845497E-01  4.12379727E-02  5.25201787E-04
3.92092173E-01  3.80644202E-02  5.12188417E-04
3.92338850E-01  4.37097475E-02  5.64613438E-04
3.92585526E-01  4.01921980E-02  5.08871104E-04
3.92832203E-01  3.86049189E-02  5.02608775E-04
3.93078879E-01  4.15846072E-02  5.18351444E-04
3.93325555E-01  4.03926261E-02  5.08769357E-04
3.93572232E-01  3.93615998E-02  5.27827302E-04
3.93818908E-01  3.66550349E-02  4.96302324E-04
3.94065585E-01  4.12897468E-02  5.22996415E-04
3.94312261E-01  4.10626940E-02  5.18018322E-04
3.94558938E-01  3.88023704E-02  5.01639384E-04
3.94805614E-01  3.98476608E-02  5.09881880E-04
3.95052290E-01  4.09301631E-02  5.13134059E-04
3.95298967E-01  4.03421149E-02  5.14427782E-04
3.95545643E-01  3.80340926E-02  4.79942217E-04
3.95792320E-01  3.81434448E-02  4.85350378E-04
3.96038996E-01  3.94449607E-02  4.98317007E-04
3.96285673E-01  3.91204022E-02  4.93011612E-04
3.96532349E-01  3.91518883E-02  4.93523956E-04
3.96779025E-01  4.05056030E-02  4.99112415E-04
3.97025702E-01  3.82056683E-02  4.82640025E-04
3.97272378E-01  3.98061723E-02  4.87628509E-04
3.97519055E-01  4.00288180E-02  4.98005014E-04
3.97765731E-01  3.80747840E-02  4.91607701E-04
3.98012407E-01  4.08215821E-02  4.99548099E-04
3.98259084E-01  3.82289626E-02  4.92868654E-04
3.98505760E-01  3.86103615E-02  4.91377432E-04
3.98752437E-01  4.02224846E-02  5.00700145E-04
3.98999113E-01  4.10932116E-02  5.13094012E-04
3.99245790E-01  3.94321606E-02  4.91708517E-04
3.99492466E-01  3.91177945E-02  4.80459712E-04
3.99739142E-01  3.85322124E-02  4.92036866E-04
3.99985819E-01  4.12306078E-02  5.01519826E-04
4.00232495E-01  3.77753787E-02  4.82605450E-04
4.00479172E-01  3.93335745E-02  4.88816237E-04
4.00725848E-01  4.07969989E-02  4.98421723E-04
4.00972525E-01  4.13101614E-02  5.12384344E-04
4.01219201E-01  3.71725671E-02  4.71904612E-04
4.01465877E-01  4.10417877E-02  4.99879068E-04
4.01712554E-01  3.87222879E-02  4.91583720E-04
4.01959230E-01  4.20931652E-02  5.12873405E-04
4.02205907E-01  3.93565558E-02  4.78880858E-04
4.02452583E-01  3.56130823E-02  4.58026654E-04
4.02699260E-01  3.88935320E-02  4.81225550E-04
4.02945936E-01  3.89365330E-02  4.73855733E-04
4.03192612E-01  4.20125723E-02  5.15902240E-04
4.03439289E-01  4.07465771E-02  4.92429826E-04
4.03685965E-01  3.85727584E-02  4.87421639E-04
4.03932642E-01  3.91050652E-02  4.92364576E-04
4.04179318E-01  3.71413827E-02  4.79266106E-04
4.04425994E-01  3.91525440E-02  4.88620542E-04
4.04672671E-01  3.90145555E-02  4.92386986E-04
4.04919347E-01  4.14362475E-02  5.22910093E-04
4.05166024E-01  3.92502435E-02  4.93364292E-04
4.05412700E-01  3.94525789E-02  4.95286135E-04
4.05659377E-01  3.78706604E-02  4.77772468E-04
4.05906053E-01  4.27976996E-02  5.06173004E-04
4.06152729E-01  4.19208668E-02  5.04623458E-04
4.06399406E-01  3.79592404E-02  4.79624112E-04
4.06646082E-01  3.94309275E-02  4.88974154E-04
4.06892759E-01  3.80085409E-02  4.79455048E-04
4.07139435E-01  3.91671620E-02  4.95674729E-04
4.07386112E-01  3.95024791E-02  4.80048388E-04
4.07632788E-01  3.76411751E-02  4.80307528E-04
4.07879464E-01  3.94168645E-02  4.91555955E-04
4.08126141E-01  3.81612703E-02  4.73473541E-04
4.08372817E-01  3.91423330E-02  4.91759623E-04
4.08619494E-01  3.93274687E-02  4.83339390E-04
4.08866170E-01  3.97134013E-02  4.98351816E-04
4.09112847E-01  3.96501422E-02  4.73914697E-04
4.09359523E-01  4.13185954E-02  4.96090739E-04
4.09606199E-01  3.94508354E-02  4.98402398E-04
4.09852876E-01  4.04456817E-02  4.94547305E-04
4.10099552E-01  3.71293165E-02  4.74902627E-04
4.10346229E-01  4.10404727E-02  5.01132337E-04
4.10592905E-01  4.11287323E-02  4.96495748E-04
4.10839581E-01  3.85134295E-02  4.81492578E-04
4.11086258E-01  3.91854309E-02  4.87448793E-04
4.11332934E-01  4.09228206E-02  4.77328780E-04
4.11579611E-01  3.75633650E-02  4.83127893E-04
4.11826287E-01  3.62465270E-02  4.64917888E-04
4.12072964E-01  3.88337672E-02  4.72232408E-04
4.12319640E-01  4.08897176E-02  4.93975822E-04
4.12566316E-01  3.94123308E-02  4.85587720E-04
4.12812993E-01  3.79021503E-02  4.67393402E-04
4.13059669E-01  3.32969502E-02  4.59235831E-04
4.13306346E-01  3.85963246E-02  4.93098341E-04
4.13553022E-01  3.89108099E-02  4.87134675E-04
4.13799699E-01  3.73316817E-02  4.62219643E-04
4.14046375E-01  3.80231775E-02  4.82205098E-04
4.14293051E-01  3.80612575E-02  4.76393936E-04
4.14539728E-01  3.74933109E-02  4.72771935E-04
4.14786404E-01  3.90152298E-02  4.78241884E-04
4.15033081E-01  4.18601371E-02  5.07830933E-04
4.15279757E-01  3.69311087E-02  4.71228006E-04
4.15526433E-01  3.87957245E-02  4.89517697E-04
4.15773110E-01  3.70771922E-02  4.79499984E-04
4.16019786E-01  3.81374583E-02  4.71148029E-04
4.16266463E-01  4.06612083E-02  5.01452247E-04
4.16513139E-01  4.05359976E-02  4.93857602E-04
4.16759816E-01  3.39988917E-02  4.49389656E-04
4.17006492E-01  3.83032933E-02  4.73604363E-04
4.17253168E-01  3.78403328E-02  4.85739292E-04
4.17499845E-01  3.98462377E-02  4.85086348E-04
4.17746521E-01  3.82369943E-02  4.81731462E-04
4.17993198E-01  3.76224108E-02  4.67708509E-04
4.18239874E-01  3.72244790E-02  4.72761632E-04
4.18486551E-01  3.87677625E-02  4.73213324E-04
4.18733227E-01  3.83776985E-02  4.82174248E-04
4.18979903E-01  3.60805020E-02  4.75434063E-04
4.19226580E-01  3.77887599E-02  4.62909258E-04
4.19473256E-01  3.64215299E-02  4.71459585E-04
4.19719933E-01  4.13501784E-02  4.99753456E-04
4.19966609E-01  4.19166647E-02  5.01336413E-04
4.20213286E-01  3.94041091E-02  4.89506463E-04
4.20459962E-01  3.94124202E-02  4.87536396E-04
4.20706638E-01  3.94169837E-02  4.89448663E-04
4.20953315E-01  3.64071913E-02  4.75570414E-04
4.21199991E-01  3.96596417E-02  4.75507579E-04
4.21446668E-01  3.81414779E-02  4.82818927E-04
4.21693344E-01  4.14678156E-02  5.01918315E-04
4.21940020E-01  3.94150577E-02  4.81064664E-04
4.22186697E-01  3.97249311E-02  5.00364811E-04
4.22433373E-01  3.91061492E-02  4.90425213E-04
4.22680050E-01  4.08056267E-02  4.67811944E-04
4.22926726E-01  3.88229489E-02  4.75250476E-04
4.23173403E-01  4.20062728E-02  5.01653762E-04
4.23420079E-01  4.03820872E-02  4.83798009E-04
4.23666755E-01  4.16712798E-02  4.97921137E-04
4.23913432E-01  3.70128900E-02  4.54646768E-04
4.24160108E-01  3.93246226E-02  4.79672570E-04
4.24406785E-01  3.83010097E-02  4.84645017E-04
4.24653461E-01  4.08004746E-02  5.02178853E-04
4.24900138E-01  3.71039733E-02  4.56129521E-04
4.25146814E-01  3.83632928E-02  4.84893273E-04
4.25393490E-01  4.08902057E-02  4.94981068E-04
4.25640167E-01  4.03371826E-02  4.90470207E-04
4.25886843E-01  3.74843366E-02  4.79819195E-04
4.26133520E-01  3.95839997E-02  4.85039287E-04
4.26380196E-01  4.18880396E-02  4.89442376E-04
4.26626872E-01  3.57636362E-02  4.65111283E-04
4.26873549E-01  3.81693058E-02  4.92271211E-04
4.27120225E-01  3.98627929E-02  5.04471536E-04
4.27366902E-01  3.92762199E-02  4.81519906E-04
4.27613578E-01  3.97900976E-02  4.78638976E-04
4.27860255E-01  3.84672880E-02  4.73802676E-04
4.28106931E-01  3.89433131E-02  4.80153336E-04
4.28353607E-01  4.06265557E-02  4.84051998E-04
4.28600284E-01  4.01352085E-02  4.99177899E-04
4.28846960E-01  4.09420952E-02  4.98623762E-04
4.29093637E-01  3.80212106E-02  4.87065583E-04
4.29340313E-01  3.80613990E-02  4.61562944E-04
4.29586990E-01  3.80782820E-02  4.82939417E-04
4.29833666E-01  3.78423333E-02  4.68707032E-04
4.30080342E-01  3.72016840E-02  4.72644169E-04
4.30327019E-01  3.94163989E-02  4.76023677E-04
4.30573695E-01  3.64611112E-02  4.60225798E-04
4.30820372E-01  3.79981361E-02  4.77545254E-04
4.31067048E-01  3.99171188E-02  4.91728017E-04
4.31313725E-01  4.01348770E-02  4.84578952E-04
4.31560401E-01  3.94261628E-02  4.76851914E-04
4.31807077E-01  3.82243656E-02  4.88703256E-04
4.32053754E-01  3.64643261E-02  4.75483364E-04
4.32300430E-01  3.87904495E-02  4.75081790E-04
4.32547107E-01  3.73861492E-02  4.77771362E-04
4.32793783E-01  3.80944945E-02  4.61877062E-04
4.33040459E-01  3.60725969E-02  4.66655911E-04
4.33287136E-01  3.84278856E-02  4.77023830E-04
4.33533812E-01  3.85461077E-02  4.73002176E-04
4.33780489E-01  3.97760682E-02  4.84133052E-04
4.34027165E-01  3.99067663E-02  4.75285575E-04
4.34273842E-01  3.98176350E-02  4.83462441E-04
4.34520518E-01  4.00170237E-02  4.83227195E-04
4.34767194E-01  4.00081016E-02  4.78933071E-04
4.35013871E-01  3.93313058E-02  4.90330509E-04
4.35260547E-01  3.67955342E-02  4.67003847E-04
4.35507224E-01  3.93637866E-02  4.97734407E-04
4.35753900E-01  3.89321521E-02  4.83099633E-04
4.36000577E-01  3.95593569E-02  4.83104202E-04
4.36247253E-01  4.00535390E-02  4.94241307E-04
4.36493929E-01  4.13291492E-02  4.89665777E-04
4.36740606E-01  3.88105251E-02  4.77158785E-04
4.36987282E-01  4.10471633E-02  4.86311386E-04
4.37233959E-01  3.95772420E-02  4.85739700E-04
4.37480635E-01  3.96243408E-02  4.87779384E-04
4.37727311E-01  3.68535668E-02  4.68387938E-04
4.37973988E-01  4.12301607E-02  4.91394254E-04
4.38220664E-01  3.83584201E-02  4.71212814E-04
4.38467341E-01  3.89119312E-02  4.87228623E-04
4.38714017E-01  4.03340645E-02  4.93952597E-04
4.38960694E-01  3.85256670E-02  4.68377082E-04
4.39207370E-01  4.04107422E-02  4.90625273E-04
4.39454046E-01  3.98415998E-02  4.77890193E-04
4.39700723E-01  3.76830548E-02  4.69624298E-04
4.39947399E-01  3.77159454E-02  4.77742346E-04
4.40194076E-01  3.89717147E-02  4.70665924E-04
4.40440752E-01  3.99452336E-02  4.94076114E-04
4.40687429E-01  3.99114490E-02  4.86935955E-04
4.40934105E-01  3.75088155E-02  4.73734428E-04
4.41180781E-01  3.83727364E-02  4.69647901E-04
4.41427458E-01  3.70023958E-02  4.55734466E-04
4.41674134E-01  3.96463275E-02  4.79626033E-04
4.41920811E-01  3.84698473E-02  4.91252344E-04
4.42167487E-01  3.78841907E-02  4.76561079E-04
4.42414164E-01  3.78261879E-02  4.85803263E-04
4.42660840E-01  4.00029495E-02  4.96190914E-04
4.42907516E-01  3.92756388E-02  4.82586474E-04
4.43154193E-01  3.92171666E-02  4.84243443E-04
4.43400869E-01  3.80105264E-02  4.71278356E-04
4.43647546E-01  3.89703661E-02  4.79765411E-04
4.43894222E-01  4.12254035E-02  5.03092422E-04
4.44140898E-01  4.00444083E-02  4.82548698E-04
4.44387575E-01  3.92364413E-02  4.81764320E-04
4.44634251E-01  4.14922833E-02  5.13170264E-04
4.44880928E-01  3.95128615E-02  4.80104587E-04
4.45127604E-01  4.08387780E-02  4.97498608E-04
4.45374281E-01  3.89069766E-02  4.75131470E-04
4.45620957E-01  3.94176878E-02  4.82511445E-04
4.45867633E-01  4.05757278E-02  5.08511439E-04
4.46114310E-01  3.94878089E-02  4.89592727E-04
4.46360986E-01  3.84925455E-02  4.82252799E-04
4.46607663E-01  4.06222045E-02  4.89351165E-04
4.46854339E-01  4.18642089E-02  4.99370683E-04
4.47101016E-01  3.62428725E-02  4.59716161E-04
4.47347692E-01  3.82445902E-02  4.78661037E-04
4.47594368E-01  3.98091376E-02  4.78460279E-04
4.47841045E-01  3.94250564E-02  4.86387959E-04
4.48087721E-01  3.78251374E-02  4.76659916E-04
4.48334398E-01  4.06118296E-02  4.86636185E-04
4.48581074E-01  3.92967463E-02  4.78685601E-04
4.48827751E-01  3.90200056E-02  4.81460593E-04
4.49074427E-01  3.58152688E-02  4.70411906E-04
4.49321103E-01  3.92098539E-02  4.82665084E-04
4.49567780E-01  3.80907655E-02  4.69930877E-04
4.49814456E-01  3.75541672E-02  4.78127069E-04
4.50061133E-01  3.72675918E-02  4.68355080E-04
4.50307809E-01  4.22161110E-02  4.97638248E-04
4.50554485E-01  4.04543914E-02  4.99389251E-04
4.50801162E-01  3.68190929E-02  4.80067742E-04
4.51047838E-01  4.02061269E-02  4.84406482E-04
4.51294515E-01  3.75867002E-02  4.74394794E-04
4.51541191E-01  3.87737602E-02  4.86533972E-04
4.51787868E-01  3.99566852E-02  5.00818598E-04
4.52034544E-01  3.86624485E-02  4.97639587E-04
4.52281220E-01  3.70359086E-02  4.61418706E-04
4.52527897E-01  3.81214842E-02  4.80292423E-04
4.52774573E-01  4.10812423E-02  5.05079457E-04
4.53021250E-01  4.01505604E-02  5.01134899E-04
4.53267926E-01  3.98646966E-02  4.87658195E-04
4.53514603E-01  3.93048003E-02  4.69470513E-04
4.53761279E-01  4.10890169E-02  4.85508499E-04
4.54007955E-01  3.84952351E-02  4.67298552E-04
4.54254632E-01  4.07657139E-02  4.94067091E-04
4.54501308E-01  3.74910310E-02  4.59971896E-04
4.54747985E-01  3.69325727E-02  4.57382092E-04
4.54994661E-01  3.95967588E-02  4.76983812E-04
4.55241337E-01  4.11925688E-02  4.90938372E-04
4.55488014E-01  4.14112099E-02  4.75294539E-04
4.55734690E-01  3.63888852E-02  4.47724684E-04
4.55981367E-01  4.01033536E-02  4.82204225E-04
4.56228043E-01  3.84251662E-02  4.69814928E-04
4.56474720E-01  3.79815958E-02  4.63570235E-04
4.56721396E-01  3.87602411E-02  4.77077701E-04
4.56968072E-01  3.97112407E-02  4.70673200E-04
4.57214749E-01  4.03977446E-02  4.93102358E-04
4.57461425E-01  4.00417745E-02  4.80067887E-04
4.57708102E-01  4.23042662E-02  4.91736340E-04
4.57954778E-01  4.09157835E-02  4.91642859E-04
4.58201455E-01  4.41240110E-02  5.02976181E-04


### HEADER:
#
#{
#    "analysis": {},
#    "calibration_params": {
#        "Beam_Center_X": 1092.0,
#        "Beam_Center_Y": 2091.0,
#        "Detector Tilt": 0.0,
#        "Detector Tilt Plane Rotation": 0.0,
#        "Detector_X_Pixel_Size": 75.0,
#        "Detector_Y_Pixel_Size": 75.0,
#        "Integration Method": "nosplit_csr",
#        "Radial_Average_Method": "pyFAI",
#        "Sample-to-detector distance (mm)": 1731.0,
#        "Wavelength (A)": 1.0993212460550197
#    },
#    "config_file": "/mnt/home/chess_id7a/.RAW/backup.cfg",
#    "counters": {
#        "Epoch": "50.448",
#        "I1": "0",
#        "I2": "0",
#        "I3": "0",
#        "Seconds": "0.3",
#        "Time": "1.81198e-05",
#        "date": "Thu May 16 21:24:13 2024",
#        "diode": "15223"
#    },
#    "filename": "D1M0006_35C_150MPa_up_2_data_000001_00001.h5",
#    "history": {},
#    "imageHeader": {},
#    "load_path": "/nfs/chess/daq/current/id7a/Budin_05_16_24/D1M0006/D1M0006_35C_150MPa_up_2_data_000001.h5",
#    "normalizations": {
#        "Absolute_scale": {
#            "Absolute_scale_factor": 0.01111656324368444,
#            "Method": "Water"
#        },
#        "Counter_norms": [
#            [
#                "/",
#                "diode/150000"
#            ]
#        ],
#        "Polarization": {
#            "Used": false
#        },
#        "Solid_Angle_Correction": "On"
#    },
#    "raw_version": "2.1.4"
#}

