### DATA:
#
# 1802
#      Q             I(Q)           Error     
1.16130467E-02  1.08838100E+01  1.90000549E-01
1.19070479E-02  9.76361752E+00  1.79810822E-01
1.22010491E-02  8.96767902E+00  1.63299203E-01
1.24950503E-02  8.44813442E+00  1.23254061E-01
1.27890515E-02  7.86022520E+00  1.32317185E-01
1.30830527E-02  7.49657965E+00  1.23039737E-01
1.33770538E-02  6.96201515E+00  9.63506401E-02
1.36710550E-02  6.62807512E+00  1.04310192E-01
1.39650562E-02  5.87215281E+00  9.59193856E-02
1.42590574E-02  5.48388433E+00  8.12340826E-02
1.45530586E-02  5.21495342E+00  7.65523389E-02
1.48470598E-02  4.66737270E+00  6.37613237E-02
1.51410609E-02  4.46545219E+00  6.24276921E-02
1.54350621E-02  4.39058304E+00  6.14135340E-02
1.57290633E-02  4.19550753E+00  6.52843118E-02
1.60230645E-02  3.86751342E+00  5.13048954E-02
1.63170657E-02  3.61338496E+00  5.15700281E-02
1.66110669E-02  3.57486343E+00  4.72336151E-02
1.69050680E-02  3.44482517E+00  4.31074835E-02
1.71990692E-02  3.16596270E+00  4.16189730E-02
1.74930704E-02  3.07354450E+00  4.48349230E-02
1.77870716E-02  2.92133164E+00  3.97854559E-02
1.80810728E-02  2.87811756E+00  4.18500528E-02
1.83750740E-02  2.65131021E+00  3.14539745E-02
1.86690751E-02  2.54610038E+00  3.30808200E-02
1.89630763E-02  2.39110899E+00  3.14079486E-02
1.92570775E-02  2.26595640E+00  2.87612639E-02
1.95510787E-02  2.08953404E+00  2.96442229E-02
1.98450799E-02  2.08985281E+00  2.76002232E-02
2.01390811E-02  1.85492158E+00  2.33709551E-02
2.04330822E-02  1.87832594E+00  2.41133291E-02
2.07270834E-02  1.85462081E+00  2.23786049E-02
2.10210846E-02  1.71709406E+00  2.16554403E-02
2.13150858E-02  1.73694444E+00  2.03559846E-02
2.16090870E-02  1.70124662E+00  2.10475121E-02
2.19030882E-02  1.57048106E+00  1.96259078E-02
2.21970893E-02  1.53073561E+00  1.84631459E-02
2.24910905E-02  1.51172781E+00  1.81613714E-02
2.27850917E-02  1.54775155E+00  1.76778715E-02
2.30790929E-02  1.48815560E+00  1.81642342E-02
2.33730941E-02  1.43137395E+00  1.67115927E-02
2.36670953E-02  1.41395831E+00  1.68970693E-02
2.39610964E-02  1.37257874E+00  1.55350948E-02
2.42550976E-02  1.34334624E+00  1.61834024E-02
2.45490988E-02  1.30873907E+00  1.45587530E-02
2.48431000E-02  1.33455002E+00  1.50434896E-02
2.51371012E-02  1.28530204E+00  1.34881483E-02
2.54311024E-02  1.24217677E+00  1.40750436E-02
2.57251035E-02  1.22663713E+00  1.46422135E-02
2.60191047E-02  1.21683812E+00  1.42215751E-02
2.63131059E-02  1.16049850E+00  1.33653590E-02
2.66071071E-02  1.13736379E+00  1.29705481E-02
2.69011083E-02  1.17228782E+00  1.35639636E-02
2.71951094E-02  1.11898255E+00  1.34737091E-02
2.74891106E-02  1.13311768E+00  1.33439377E-02
2.77831118E-02  1.13321590E+00  1.28415730E-02
2.80771130E-02  1.05166411E+00  1.26570221E-02
2.83711142E-02  1.03386593E+00  1.16805220E-02
2.86651154E-02  1.03124535E+00  1.22884875E-02
2.89591165E-02  1.05322981E+00  1.19942101E-02
2.92531177E-02  1.03542173E+00  1.14423689E-02
2.95471189E-02  1.04102969E+00  1.25888260E-02
2.98411201E-02  1.06322420E+00  1.11405533E-02
3.01351213E-02  9.80549574E-01  1.14125684E-02
3.04291225E-02  9.85387981E-01  1.08403964E-02
3.07231236E-02  9.35628414E-01  1.06531670E-02
3.10171248E-02  9.62605655E-01  1.04646683E-02
3.13111260E-02  9.52632904E-01  1.03017436E-02
3.16051272E-02  9.32854295E-01  1.06090056E-02
3.18991284E-02  9.26292360E-01  1.03966268E-02
3.21931296E-02  9.33334231E-01  1.00713642E-02
3.24871307E-02  9.17440414E-01  1.10413488E-02
3.27811319E-02  9.25536335E-01  9.64645017E-03
3.30751331E-02  8.77247632E-01  9.50047746E-03
3.33691343E-02  9.10689235E-01  9.56453197E-03
3.36631355E-02  8.98462117E-01  8.90364312E-03
3.39571367E-02  9.02537763E-01  9.37707629E-03
3.42511378E-02  8.74454558E-01  9.18857288E-03
3.45451390E-02  8.73674154E-01  9.44036804E-03
3.48391402E-02  8.49980891E-01  9.06365179E-03
3.51331414E-02  8.97399843E-01  9.73148830E-03
3.54271426E-02  9.11035478E-01  9.20553505E-03
3.57211438E-02  8.93101692E-01  8.96782242E-03
3.60151449E-02  8.58212948E-01  8.55216384E-03
3.63091461E-02  9.00404751E-01  8.58054589E-03
3.66031473E-02  8.75285029E-01  8.69969930E-03
3.68971485E-02  8.84968400E-01  8.01452808E-03
3.71911497E-02  8.37969244E-01  7.47286808E-03
3.74851509E-02  8.91106367E-01  7.99158588E-03
3.77791520E-02  8.67689788E-01  7.57711846E-03
3.80731532E-02  8.37496281E-01  7.62516167E-03
3.83671544E-02  8.31967711E-01  7.49857118E-03
3.86611556E-02  8.95510852E-01  8.03619809E-03
3.89551568E-02  8.69177163E-01  7.67691014E-03
3.92491580E-02  8.87768328E-01  7.79159972E-03
3.95431591E-02  8.69813561E-01  7.72630470E-03
3.98371603E-02  8.87214601E-01  7.47177750E-03
4.01311615E-02  8.61189365E-01  7.49260234E-03
4.04251627E-02  8.71431947E-01  7.35408161E-03
4.07191639E-02  8.97911131E-01  7.60336407E-03
4.10131651E-02  8.97087038E-01  7.49697676E-03
4.13071662E-02  8.85206521E-01  7.50919711E-03
4.16011674E-02  8.82680655E-01  7.36242859E-03
4.18951686E-02  8.74647141E-01  7.52299419E-03
4.21891698E-02  9.07752633E-01  7.67262373E-03
4.24831710E-02  9.21065807E-01  7.74206454E-03
4.27771722E-02  9.19164062E-01  7.34128011E-03
4.30711733E-02  8.89011562E-01  7.28994189E-03
4.33651745E-02  9.06884730E-01  7.22132018E-03
4.36591757E-02  9.16348696E-01  7.39554595E-03
4.39531769E-02  9.64133084E-01  7.85482582E-03
4.42471781E-02  9.49206710E-01  7.16512511E-03
4.45411793E-02  9.26033556E-01  7.26573030E-03
4.48351804E-02  9.49500561E-01  7.28480844E-03
4.51291816E-02  9.40089345E-01  7.44962879E-03
4.54231828E-02  9.54201758E-01  7.59684807E-03
4.57171840E-02  9.45233345E-01  7.21536437E-03
4.60111852E-02  9.58154857E-01  7.17176730E-03
4.63051864E-02  9.51707959E-01  7.39537599E-03
4.65991875E-02  9.98625994E-01  7.76587799E-03
4.68931887E-02  1.00340354E+00  7.44967442E-03
4.71871899E-02  9.92585242E-01  6.73741940E-03
4.74811911E-02  9.96171355E-01  7.32011441E-03
4.77751923E-02  1.01780021E+00  7.36403186E-03
4.80691935E-02  1.03794622E+00  7.62734516E-03
4.83631946E-02  1.06279385E+00  7.37360073E-03
4.86571958E-02  1.09252608E+00  7.79355457E-03
4.89511970E-02  1.07107186E+00  7.62613909E-03
4.92451982E-02  1.08906960E+00  7.76474969E-03
4.95391994E-02  1.08705831E+00  7.78777665E-03
4.98332006E-02  1.10802174E+00  7.70993764E-03
5.01272017E-02  1.14251113E+00  8.03889707E-03
5.04212029E-02  1.14897645E+00  8.04604311E-03
5.07152041E-02  1.13650918E+00  8.19265842E-03
5.10092053E-02  1.16696465E+00  8.05466622E-03
5.13032065E-02  1.19928646E+00  8.37782677E-03
5.15972077E-02  1.22666669E+00  8.24486185E-03
5.18912088E-02  1.20623243E+00  8.22635740E-03
5.21852100E-02  1.28246260E+00  8.55514687E-03
5.24792112E-02  1.25350296E+00  8.33640341E-03
5.27732124E-02  1.26627588E+00  7.97605421E-03
5.30672136E-02  1.26918566E+00  8.26850533E-03
5.33612148E-02  1.35149384E+00  8.93716235E-03
5.36552159E-02  1.35447037E+00  8.71866290E-03
5.39492171E-02  1.37655318E+00  9.01085977E-03
5.42432183E-02  1.37630463E+00  8.38547479E-03
5.45372195E-02  1.42070627E+00  9.23486706E-03
5.48312207E-02  1.45611596E+00  9.58621688E-03
5.51252219E-02  1.46598685E+00  8.78261123E-03
5.54192230E-02  1.46889997E+00  9.38482489E-03
5.57132242E-02  1.53841770E+00  9.44703445E-03
5.60072254E-02  1.55742073E+00  9.56820976E-03
5.63012266E-02  1.58721864E+00  9.97199398E-03
5.65952278E-02  1.65970814E+00  9.83708259E-03
5.68892290E-02  1.67545033E+00  1.02444040E-02
5.71832301E-02  1.72027063E+00  1.03975413E-02
5.74772313E-02  1.75689256E+00  1.01971403E-02
5.77712325E-02  1.76772273E+00  1.05935987E-02
5.80652337E-02  1.82838035E+00  1.06327739E-02
5.83592349E-02  1.88941514E+00  1.11285001E-02
5.86532361E-02  1.96771121E+00  1.17503172E-02
5.89472372E-02  2.01364613E+00  1.14828898E-02
5.92412384E-02  2.01332140E+00  1.13123786E-02
5.95352396E-02  2.08058333E+00  1.19232573E-02
5.98292408E-02  2.15700650E+00  1.18882572E-02
6.01232420E-02  2.21697068E+00  1.23918829E-02
6.04172432E-02  2.24964261E+00  1.26098339E-02
6.07112443E-02  2.37371898E+00  1.29750744E-02
6.10052455E-02  2.45196319E+00  1.32818380E-02
6.12992467E-02  2.52724195E+00  1.44401025E-02
6.15932479E-02  2.63828826E+00  1.45223951E-02
6.18872491E-02  2.72843599E+00  1.55332955E-02
6.21812503E-02  2.77627134E+00  1.55978464E-02
6.24752514E-02  2.89082003E+00  1.66548975E-02
6.27692526E-02  3.00295591E+00  1.74985621E-02
6.30632538E-02  3.12874913E+00  1.78430676E-02
6.33572550E-02  3.23900795E+00  1.82727985E-02
6.36512562E-02  3.35998893E+00  1.97463110E-02
6.39452574E-02  3.52197599E+00  2.08557621E-02
6.42392585E-02  3.68820667E+00  2.32952740E-02
6.45332597E-02  3.79605937E+00  2.33453717E-02
6.48272609E-02  4.05063009E+00  2.54875235E-02
6.51212621E-02  4.21447182E+00  2.58127972E-02
6.54152633E-02  4.46312094E+00  2.86574196E-02
6.57092645E-02  4.63715553E+00  3.05519272E-02
6.60032656E-02  4.91930103E+00  3.28802578E-02
6.62972668E-02  5.19322252E+00  3.54637727E-02
6.65912680E-02  5.40892076E+00  3.68251204E-02
6.68852692E-02  5.75493193E+00  4.09525670E-02
6.71792704E-02  6.08992720E+00  4.25770730E-02
6.74732716E-02  6.41481066E+00  4.70198765E-02
6.77672727E-02  6.83756924E+00  4.99077663E-02
6.80612739E-02  7.25806808E+00  5.36689609E-02
6.83552751E-02  7.76880932E+00  5.92542924E-02
6.86492763E-02  8.31623745E+00  6.51855841E-02
6.89432775E-02  8.87016010E+00  7.11282045E-02
6.92372787E-02  9.54478455E+00  7.52172172E-02
6.95312798E-02  1.01456032E+01  8.22851732E-02
6.98252810E-02  1.08711672E+01  9.04160514E-02
7.01192822E-02  1.16276760E+01  9.57419500E-02
7.04132834E-02  1.25009565E+01  1.06542908E-01
7.07072846E-02  1.34040956E+01  1.11756913E-01
7.10012858E-02  1.44421415E+01  1.19820267E-01
7.12952869E-02  1.53046846E+01  1.28567427E-01
7.15892881E-02  1.63856258E+01  1.29581362E-01
7.18832893E-02  1.74324913E+01  1.38828218E-01
7.21772905E-02  1.84459553E+01  1.41698599E-01
7.24712917E-02  1.94934711E+01  1.46031573E-01
7.27652929E-02  2.05856724E+01  1.45555303E-01
7.30592940E-02  2.15997181E+01  1.42036200E-01
7.33532952E-02  2.26180096E+01  1.40210539E-01
7.36472964E-02  2.34533520E+01  1.32038489E-01
7.39412976E-02  2.42140179E+01  1.23245046E-01
7.42352988E-02  2.50976200E+01  1.12803280E-01
7.45293000E-02  2.56837120E+01  9.91135091E-02
7.48233011E-02  2.62804718E+01  8.52432922E-02
7.51173023E-02  2.67907562E+01  7.46117905E-02
7.54113035E-02  2.72679729E+01  6.68292865E-02
7.57053047E-02  2.74741745E+01  6.51298761E-02
7.59993059E-02  2.76479435E+01  6.67081624E-02
7.62933071E-02  2.81177864E+01  7.80629292E-02
7.65873082E-02  2.82324467E+01  9.09185410E-02
7.68813094E-02  2.81455173E+01  1.06139727E-01
7.71753106E-02  2.80213394E+01  1.20540217E-01
7.74693118E-02  2.78010731E+01  1.33220956E-01
7.77633130E-02  2.74131031E+01  1.47250250E-01
7.80573141E-02  2.68213997E+01  1.53672397E-01
7.83513153E-02  2.59040947E+01  1.63573921E-01
7.86453165E-02  2.50846996E+01  1.64025620E-01
7.89393177E-02  2.37877140E+01  1.63300842E-01
7.92333189E-02  2.27964878E+01  1.65580496E-01
7.95273201E-02  2.12089901E+01  1.54775232E-01
7.98213212E-02  1.96813316E+01  1.49265066E-01
8.01153224E-02  1.82817383E+01  1.38959557E-01
8.04093236E-02  1.67278347E+01  1.29622191E-01
8.07033248E-02  1.52416344E+01  1.17297322E-01
8.09973260E-02  1.39124651E+01  1.05128765E-01
8.12913272E-02  1.26712427E+01  9.54903960E-02
8.15853283E-02  1.14977636E+01  8.30871761E-02
8.18793295E-02  1.03913412E+01  7.43502676E-02
8.21733307E-02  9.41634274E+00  6.62385076E-02
8.24673319E-02  8.64702702E+00  5.72602898E-02
8.27613331E-02  7.82501698E+00  4.88956496E-02
8.30553343E-02  7.13992548E+00  4.31186557E-02
8.33493354E-02  6.57141876E+00  3.80638912E-02
8.36433366E-02  6.12596655E+00  3.48373875E-02
8.39373378E-02  5.71918488E+00  3.17524523E-02
8.42313390E-02  5.34491920E+00  2.79923398E-02
8.45253402E-02  5.01249027E+00  2.57540103E-02
8.48193414E-02  4.70092106E+00  2.33578943E-02
8.51133425E-02  4.45722723E+00  2.09939964E-02
8.54073437E-02  4.23544168E+00  1.95096713E-02
8.57013449E-02  4.02147913E+00  1.77622568E-02
8.59953461E-02  3.88384366E+00  1.70530658E-02
8.62893473E-02  3.65316987E+00  1.62661113E-02
8.65833485E-02  3.60421419E+00  1.51078356E-02
8.68773496E-02  3.42232299E+00  1.42403468E-02
8.71713508E-02  3.27402306E+00  1.30728846E-02
8.74653520E-02  3.12833190E+00  1.29517419E-02
8.77593532E-02  3.10622287E+00  1.30100530E-02
8.80533544E-02  3.02107787E+00  1.19857555E-02
8.83473556E-02  3.00061893E+00  1.17404750E-02
8.86413567E-02  2.85257626E+00  1.10080084E-02
8.89353579E-02  2.79009295E+00  1.12068625E-02
8.92293591E-02  2.72920895E+00  1.07434746E-02
8.95233603E-02  2.63630795E+00  1.05591873E-02
8.98173615E-02  2.62394118E+00  1.02894213E-02
9.01113627E-02  2.56804490E+00  1.01138866E-02
9.04053638E-02  2.51604033E+00  9.98657849E-03
9.06993650E-02  2.47264290E+00  9.47290659E-03
9.09933662E-02  2.46277785E+00  9.75850038E-03
9.12873674E-02  2.38598037E+00  9.58537590E-03
9.15813686E-02  2.36454797E+00  9.52127390E-03
9.18753698E-02  2.31862807E+00  8.98691267E-03
9.21693709E-02  2.27325249E+00  9.11341514E-03
9.24633721E-02  2.25312185E+00  8.99428595E-03
9.27573733E-02  2.21623468E+00  8.74315761E-03
9.30513745E-02  2.20246100E+00  8.64618830E-03
9.33453757E-02  2.20937419E+00  8.78946111E-03
9.36393769E-02  2.16674876E+00  8.55131634E-03
9.39333780E-02  2.09117746E+00  8.43554270E-03
9.42273792E-02  2.12913680E+00  7.92537723E-03
9.45213804E-02  2.12142491E+00  8.06728937E-03
9.48153816E-02  2.10713005E+00  8.10163096E-03
9.51093828E-02  2.06523800E+00  8.00640322E-03
9.54033840E-02  2.05146885E+00  7.73851341E-03
9.56973851E-02  2.02691913E+00  8.13032594E-03
9.59913863E-02  2.03640389E+00  7.94625469E-03
9.62853875E-02  2.04664159E+00  8.04090593E-03
9.65793887E-02  1.99777043E+00  7.85412826E-03
9.68733899E-02  1.99464893E+00  7.80557701E-03
9.71673911E-02  1.96475363E+00  7.83960242E-03
9.74613922E-02  1.99199593E+00  7.71957496E-03
9.77553934E-02  1.96385050E+00  8.03504977E-03
9.80493946E-02  1.95292604E+00  7.64368149E-03
9.83433958E-02  1.96802509E+00  7.72022828E-03
9.86373970E-02  1.92415631E+00  7.55590340E-03
9.89313982E-02  1.93982053E+00  7.70320650E-03
9.92253993E-02  1.93644738E+00  7.56505691E-03
9.95194005E-02  1.92760253E+00  7.70255504E-03
9.98134017E-02  1.93091869E+00  7.58261792E-03
1.00107403E-01  1.92011833E+00  7.57922558E-03
1.00401404E-01  1.93132758E+00  7.58061931E-03
1.00695405E-01  1.94020545E+00  7.64410663E-03
1.00989406E-01  1.91719687E+00  7.57063460E-03
1.01283408E-01  1.92886555E+00  7.71155907E-03
1.01577409E-01  1.95260942E+00  7.60774221E-03
1.01871410E-01  1.92913663E+00  7.28439260E-03
1.02165411E-01  1.96330822E+00  7.62527948E-03
1.02459412E-01  1.94263732E+00  7.21318973E-03
1.02753414E-01  1.93108952E+00  7.71886529E-03
1.03047415E-01  1.95333111E+00  7.62775494E-03
1.03341416E-01  1.95132041E+00  7.95184914E-03
1.03635417E-01  1.96964443E+00  7.60906702E-03
1.03929418E-01  1.94715714E+00  7.76188867E-03
1.04223419E-01  1.96310437E+00  7.71527598E-03
1.04517421E-01  1.98231101E+00  7.39287585E-03
1.04811422E-01  1.98606563E+00  7.70110637E-03
1.05105423E-01  1.96860909E+00  7.47494027E-03
1.05399424E-01  2.02720952E+00  7.59643083E-03
1.05693425E-01  2.01509190E+00  7.67592248E-03
1.05987427E-01  2.01726627E+00  7.56270904E-03
1.06281428E-01  2.03893924E+00  7.82261789E-03
1.06575429E-01  2.04247165E+00  7.72025809E-03
1.06869430E-01  2.03015661E+00  7.89215602E-03
1.07163431E-01  2.05298996E+00  7.48625165E-03
1.07457432E-01  2.05642581E+00  7.76667614E-03
1.07751434E-01  2.07895184E+00  7.76222395E-03
1.08045435E-01  2.08636856E+00  7.71223428E-03
1.08339436E-01  2.11190414E+00  7.62585225E-03
1.08633437E-01  2.13332057E+00  7.78583391E-03
1.08927438E-01  2.10086560E+00  7.78641552E-03
1.09221440E-01  2.13552570E+00  7.99777824E-03
1.09515441E-01  2.11230254E+00  7.83580169E-03
1.09809442E-01  2.16871309E+00  8.04900937E-03
1.10103443E-01  2.18589616E+00  8.09285976E-03
1.10397444E-01  2.17421651E+00  7.84904603E-03
1.10691445E-01  2.17849970E+00  7.83760753E-03
1.10985447E-01  2.23354268E+00  8.20060261E-03
1.11279448E-01  2.22958827E+00  8.16660561E-03
1.11573449E-01  2.26666617E+00  8.12132470E-03
1.11867450E-01  2.29527473E+00  8.06915760E-03
1.12161451E-01  2.31227374E+00  8.38814210E-03
1.12455453E-01  2.33231997E+00  8.37530755E-03
1.12749454E-01  2.40287209E+00  8.75995588E-03
1.13043455E-01  2.37844586E+00  8.52412730E-03
1.13337456E-01  2.44612622E+00  8.36814009E-03
1.13631457E-01  2.44013333E+00  8.55756830E-03
1.13925459E-01  2.45647359E+00  8.54412094E-03
1.14219460E-01  2.49858665E+00  8.90862290E-03
1.14513461E-01  2.55575442E+00  8.76780134E-03
1.14807462E-01  2.59433436E+00  8.85032769E-03
1.15101463E-01  2.62903881E+00  9.37297102E-03
1.15395464E-01  2.64163923E+00  9.13778320E-03
1.15689466E-01  2.72936273E+00  9.42871626E-03
1.15983467E-01  2.78037453E+00  9.66593903E-03
1.16277468E-01  2.77314758E+00  9.77935828E-03
1.16571469E-01  2.82253718E+00  9.55314282E-03
1.16865470E-01  2.87938905E+00  9.55732260E-03
1.17159472E-01  2.89848304E+00  1.00146504E-02
1.17453473E-01  2.97665167E+00  1.00296475E-02
1.17747474E-01  3.05112720E+00  1.01481881E-02
1.18041475E-01  3.08091807E+00  1.03436429E-02
1.18335476E-01  3.17365313E+00  1.06434189E-02
1.18629477E-01  3.19333553E+00  1.07358564E-02
1.18923479E-01  3.28273129E+00  1.09227402E-02
1.19217480E-01  3.36429214E+00  1.12684416E-02
1.19511481E-01  3.39493442E+00  1.14009101E-02
1.19805482E-01  3.52538729E+00  1.19907819E-02
1.20099483E-01  3.64331937E+00  1.25548784E-02
1.20393485E-01  3.67628455E+00  1.24266213E-02
1.20687486E-01  3.80625963E+00  1.35308495E-02
1.20981487E-01  3.88482237E+00  1.32929925E-02
1.21275488E-01  3.99555540E+00  1.32626798E-02
1.21569489E-01  4.13756037E+00  1.44157307E-02
1.21863490E-01  4.21389103E+00  1.45192714E-02
1.22157492E-01  4.33113480E+00  1.47660486E-02
1.22451493E-01  4.45895624E+00  1.50802378E-02
1.22745494E-01  4.56665707E+00  1.56906731E-02
1.23039495E-01  4.75075054E+00  1.65208504E-02
1.23333496E-01  4.90465498E+00  1.76681578E-02
1.23627498E-01  5.08141136E+00  1.79616604E-02
1.23921499E-01  5.23748350E+00  1.87687837E-02
1.24215500E-01  5.42905474E+00  2.02519931E-02
1.24509501E-01  5.64626026E+00  2.05042753E-02
1.24803502E-01  5.79253626E+00  2.03705616E-02
1.25097503E-01  6.00633240E+00  2.16730144E-02
1.25391505E-01  6.19975042E+00  2.19813734E-02
1.25685506E-01  6.39463139E+00  2.30276342E-02
1.25979507E-01  6.62779570E+00  2.33911015E-02
1.26273508E-01  6.83814669E+00  2.41298899E-02
1.26567509E-01  7.04051256E+00  2.55159251E-02
1.26861511E-01  7.28949642E+00  2.48265453E-02
1.27155512E-01  7.47423697E+00  2.52297688E-02
1.27449513E-01  7.69817114E+00  2.40216982E-02
1.27743514E-01  7.93920565E+00  2.49240808E-02
1.28037515E-01  8.11615753E+00  2.43543107E-02
1.28331516E-01  8.30188084E+00  2.41739452E-02
1.28625518E-01  8.40412235E+00  2.32694298E-02
1.28919519E-01  8.58781242E+00  2.21773628E-02
1.29213520E-01  8.81065559E+00  2.23142691E-02
1.29507521E-01  8.96027279E+00  2.07729340E-02
1.29801522E-01  9.06844234E+00  2.01438908E-02
1.30095524E-01  9.20683575E+00  1.92830563E-02
1.30389525E-01  9.27336407E+00  1.82821620E-02
1.30683526E-01  9.33837605E+00  1.79635640E-02
1.30977527E-01  9.37295246E+00  1.71949659E-02
1.31271528E-01  9.37484837E+00  1.73810720E-02
1.31565529E-01  9.39832211E+00  1.85005460E-02
1.31859531E-01  9.31044197E+00  1.91013608E-02
1.32153532E-01  9.24927807E+00  2.04938874E-02
1.32447533E-01  9.25237846E+00  2.21153293E-02
1.32741534E-01  9.12123775E+00  2.42476538E-02
1.33035535E-01  8.99794102E+00  2.68482864E-02
1.33329537E-01  8.88671875E+00  2.82576308E-02
1.33623538E-01  8.68581390E+00  3.02836690E-02
1.33917539E-01  8.49239635E+00  3.09900343E-02
1.34211540E-01  8.27338314E+00  3.30179520E-02
1.34505541E-01  8.12823963E+00  3.24373767E-02
1.34799543E-01  7.98604441E+00  3.20516415E-02
1.35093544E-01  7.76460123E+00  3.17698196E-02
1.35387545E-01  7.49234438E+00  3.18089686E-02
1.35681546E-01  7.20831347E+00  3.12086772E-02
1.35975547E-01  6.94092321E+00  3.04694362E-02
1.36269548E-01  6.65791655E+00  2.87143067E-02
1.36563550E-01  6.40417337E+00  2.79296320E-02
1.36857551E-01  6.15237236E+00  2.64742207E-02
1.37151552E-01  5.85391188E+00  2.53529232E-02
1.37445553E-01  5.59778357E+00  2.32994761E-02
1.37739554E-01  5.39812517E+00  2.20378302E-02
1.38033556E-01  5.21135426E+00  2.09297147E-02
1.38327557E-01  4.97037792E+00  1.91831086E-02
1.38621558E-01  4.74751520E+00  1.77715123E-02
1.38915559E-01  4.55628061E+00  1.70661584E-02
1.39209560E-01  4.35358667E+00  1.55054200E-02
1.39503561E-01  4.20055437E+00  1.44490981E-02
1.39797563E-01  4.07873964E+00  1.33525440E-02
1.40091564E-01  3.92688942E+00  1.25705060E-02
1.40385565E-01  3.85356379E+00  1.19292503E-02
1.40679566E-01  3.78108978E+00  1.13616874E-02
1.40973567E-01  3.70590615E+00  1.07902130E-02
1.41267569E-01  3.61407089E+00  1.04340864E-02
1.41561570E-01  3.54065824E+00  9.72473063E-03
1.41855571E-01  3.47396207E+00  1.00987712E-02
1.42149572E-01  3.44184899E+00  9.54572298E-03
1.42443573E-01  3.41922379E+00  9.25502926E-03
1.42737574E-01  3.41637850E+00  9.56398714E-03
1.43031576E-01  3.41790962E+00  9.21249297E-03
1.43325577E-01  3.33816791E+00  9.43066832E-03
1.43619578E-01  3.39275289E+00  9.53042135E-03
1.43913579E-01  3.41346741E+00  9.39508248E-03
1.44207580E-01  3.41364789E+00  9.48480330E-03
1.44501582E-01  3.42179751E+00  9.56606306E-03
1.44795583E-01  3.50353670E+00  9.31607187E-03
1.45089584E-01  3.48642588E+00  9.76902340E-03
1.45383585E-01  3.50064683E+00  9.71521717E-03
1.45677586E-01  3.53921390E+00  9.65362042E-03
1.45971587E-01  3.53554058E+00  1.02742482E-02
1.46265589E-01  3.62633991E+00  1.00470344E-02
1.46559590E-01  3.68723202E+00  1.02089839E-02
1.46853591E-01  3.73037505E+00  1.01595400E-02
1.47147592E-01  3.74399066E+00  1.06047364E-02
1.47441593E-01  3.78883696E+00  1.06076049E-02
1.47735595E-01  3.85356236E+00  1.02144051E-02
1.48029596E-01  3.90795922E+00  1.07674412E-02
1.48323597E-01  4.00280285E+00  1.05086379E-02
1.48617598E-01  4.04735851E+00  1.05363009E-02
1.48911599E-01  4.12514257E+00  1.05427932E-02
1.49205600E-01  4.13431263E+00  1.05632460E-02
1.49499602E-01  4.18582201E+00  1.06653972E-02
1.49793603E-01  4.23488331E+00  1.01350937E-02
1.50087604E-01  4.24529886E+00  1.02504632E-02
1.50381605E-01  4.27632523E+00  1.02506904E-02
1.50675606E-01  4.33256245E+00  1.01399245E-02
1.50969608E-01  4.33148003E+00  1.00561650E-02
1.51263609E-01  4.38645220E+00  9.85796377E-03
1.51557610E-01  4.36615610E+00  1.01167802E-02
1.51851611E-01  4.39839268E+00  1.03751868E-02
1.52145612E-01  4.36950731E+00  1.03685418E-02
1.52439614E-01  4.37888479E+00  1.01286191E-02
1.52733615E-01  4.34228182E+00  1.03186574E-02
1.53027616E-01  4.35640144E+00  1.08963493E-02
1.53321617E-01  4.29646063E+00  1.08887823E-02
1.53615618E-01  4.29919863E+00  1.13731455E-02
1.53909619E-01  4.17926645E+00  1.13593880E-02
1.54203621E-01  4.15462828E+00  1.18786190E-02
1.54497622E-01  4.07060289E+00  1.19992550E-02
1.54791623E-01  4.01671934E+00  1.20820673E-02
1.55085624E-01  3.94556689E+00  1.20919710E-02
1.55379625E-01  3.84608197E+00  1.20500224E-02
1.55673627E-01  3.74219418E+00  1.22510567E-02
1.55967628E-01  3.66678762E+00  1.20134046E-02
1.56261629E-01  3.61984611E+00  1.21205831E-02
1.56555630E-01  3.47723484E+00  1.21691599E-02
1.56849631E-01  3.41410398E+00  1.19862119E-02
1.57143632E-01  3.32392502E+00  1.16877835E-02
1.57437634E-01  3.20501924E+00  1.16003333E-02
1.57731635E-01  3.10950494E+00  1.09829279E-02
1.58025636E-01  3.00024319E+00  1.07513973E-02
1.58319637E-01  2.91964483E+00  1.05768880E-02
1.58613638E-01  2.81585002E+00  1.00867236E-02
1.58907640E-01  2.73613501E+00  9.79313347E-03
1.59201641E-01  2.64364266E+00  9.74813756E-03
1.59495642E-01  2.55592799E+00  9.33332834E-03
1.59789643E-01  2.49669075E+00  8.97075050E-03
1.60083644E-01  2.42568421E+00  8.64453241E-03
1.60377645E-01  2.32443237E+00  8.38827714E-03
1.60671647E-01  2.28479910E+00  8.31507146E-03
1.60965648E-01  2.21704602E+00  8.08537006E-03
1.61259649E-01  2.17211342E+00  7.64838327E-03
1.61553650E-01  2.09432077E+00  7.27037527E-03
1.61847651E-01  2.07992649E+00  7.42689893E-03
1.62141653E-01  2.02288246E+00  7.25209247E-03
1.62435654E-01  1.95526588E+00  7.03514367E-03
1.62729655E-01  1.92822254E+00  6.64078351E-03
1.63023656E-01  1.88622999E+00  6.78386120E-03
1.63317657E-01  1.86880982E+00  6.65735919E-03
1.63611658E-01  1.84225595E+00  6.73902920E-03
1.63905660E-01  1.80152869E+00  6.58481102E-03
1.64199661E-01  1.79244101E+00  6.36575418E-03
1.64493662E-01  1.73118412E+00  6.25351490E-03
1.64787663E-01  1.70921421E+00  6.34912960E-03
1.65081664E-01  1.72104502E+00  6.27559656E-03
1.65375666E-01  1.66763783E+00  6.19432610E-03
1.65669667E-01  1.62978458E+00  5.84869040E-03
1.65963668E-01  1.61615717E+00  5.95764862E-03
1.66257669E-01  1.62599552E+00  6.00940874E-03
1.66551670E-01  1.58826709E+00  5.93915861E-03
1.66845671E-01  1.60540462E+00  6.00467762E-03
1.67139673E-01  1.55249166E+00  5.76803600E-03
1.67433674E-01  1.54023397E+00  5.69547247E-03
1.67727675E-01  1.52546704E+00  5.67873567E-03
1.68021676E-01  1.51735294E+00  5.81481028E-03
1.68315677E-01  1.49261081E+00  5.48044452E-03
1.68609679E-01  1.46447372E+00  5.54434862E-03
1.68903680E-01  1.45362496E+00  5.73135959E-03
1.69197681E-01  1.46048498E+00  5.46577154E-03
1.69491682E-01  1.46792603E+00  5.66292368E-03
1.69785683E-01  1.42494202E+00  5.28822606E-03
1.70079685E-01  1.43614709E+00  5.47950994E-03
1.70373686E-01  1.40349698E+00  5.20922989E-03
1.70667687E-01  1.40984440E+00  5.27823716E-03
1.70961688E-01  1.40095937E+00  5.30261546E-03
1.71255689E-01  1.40136838E+00  5.31338854E-03
1.71549690E-01  1.39010918E+00  5.27860364E-03
1.71843692E-01  1.40174592E+00  5.28252032E-03
1.72137693E-01  1.36536849E+00  5.36490977E-03
1.72431694E-01  1.36713564E+00  5.14997030E-03
1.72725695E-01  1.33825672E+00  5.35918260E-03
1.73019696E-01  1.35510087E+00  5.11515280E-03
1.73313698E-01  1.35514951E+00  5.34680393E-03
1.73607699E-01  1.33151805E+00  5.25775598E-03
1.73901700E-01  1.31264555E+00  5.05275652E-03
1.74195701E-01  1.30982041E+00  5.08166896E-03
1.74489702E-01  1.31620216E+00  5.07698674E-03
1.74783703E-01  1.32573128E+00  5.30395098E-03
1.75077705E-01  1.30547392E+00  5.07233758E-03
1.75371706E-01  1.29288185E+00  5.17677562E-03
1.75665707E-01  1.30238819E+00  5.15822927E-03
1.75959708E-01  1.30557907E+00  5.06827794E-03
1.76253709E-01  1.29139555E+00  5.05226944E-03
1.76547711E-01  1.27125823E+00  4.86844871E-03
1.76841712E-01  1.29303694E+00  4.99722734E-03
1.77135713E-01  1.25817704E+00  5.01283817E-03
1.77429714E-01  1.26131320E+00  4.78856964E-03
1.77723715E-01  1.28092110E+00  4.98411991E-03
1.78017716E-01  1.29174352E+00  5.08028595E-03
1.78311718E-01  1.26717484E+00  5.08965226E-03
1.78605719E-01  1.26378500E+00  4.83196788E-03
1.78899720E-01  1.25058568E+00  4.93597938E-03
1.79193721E-01  1.25518274E+00  4.88326419E-03
1.79487722E-01  1.25497007E+00  4.91728168E-03
1.79781724E-01  1.26801705E+00  4.96139517E-03
1.80075725E-01  1.23585200E+00  4.92369337E-03
1.80369726E-01  1.26710820E+00  4.82800836E-03
1.80663727E-01  1.24390388E+00  5.00280550E-03
1.80957728E-01  1.25796950E+00  4.84713260E-03
1.81251729E-01  1.23822451E+00  4.84577566E-03
1.81545731E-01  1.24642575E+00  4.84174676E-03
1.81839732E-01  1.25868952E+00  4.78017423E-03
1.82133733E-01  1.24596643E+00  4.86858562E-03
1.82427734E-01  1.26350355E+00  4.90973890E-03
1.82721735E-01  1.25834990E+00  4.90652816E-03
1.83015737E-01  1.24446416E+00  4.80492506E-03
1.83309738E-01  1.24268556E+00  4.79092496E-03
1.83603739E-01  1.24679923E+00  4.85211890E-03
1.83897740E-01  1.26250744E+00  4.68270015E-03
1.84191741E-01  1.26280582E+00  4.83673671E-03
1.84485742E-01  1.26674104E+00  4.93555143E-03
1.84779744E-01  1.26681185E+00  4.93356399E-03
1.85073745E-01  1.26222253E+00  4.90318006E-03
1.85367746E-01  1.26759696E+00  4.89743846E-03
1.85661747E-01  1.26658809E+00  4.74527711E-03
1.85955748E-01  1.26039243E+00  4.71490668E-03
1.86249750E-01  1.29173470E+00  4.98796115E-03
1.86543751E-01  1.29468739E+00  4.69515240E-03
1.86837752E-01  1.27171183E+00  4.90588089E-03
1.87131753E-01  1.29070079E+00  4.76373499E-03
1.87425754E-01  1.30930972E+00  4.88664676E-03
1.87719755E-01  1.31908417E+00  4.95431386E-03
1.88013757E-01  1.30239415E+00  4.85044392E-03
1.88307758E-01  1.30952859E+00  4.85621858E-03
1.88601759E-01  1.33088100E+00  4.93116351E-03
1.88895760E-01  1.34816980E+00  4.98240814E-03
1.89189761E-01  1.33396554E+00  4.94986679E-03
1.89483763E-01  1.33858001E+00  4.86482121E-03
1.89777764E-01  1.34991348E+00  4.90740035E-03
1.90071765E-01  1.35090590E+00  4.97174356E-03
1.90365766E-01  1.35928953E+00  5.06903930E-03
1.90659767E-01  1.37321520E+00  5.12084318E-03
1.90953769E-01  1.41024876E+00  5.13317250E-03
1.91247770E-01  1.41109872E+00  5.01874741E-03
1.91541771E-01  1.41446030E+00  4.89476789E-03
1.91835772E-01  1.42010689E+00  5.28896321E-03
1.92129773E-01  1.41885018E+00  5.13067702E-03
1.92423774E-01  1.44049168E+00  4.99210460E-03
1.92717776E-01  1.43899238E+00  5.14512276E-03
1.93011777E-01  1.43612218E+00  5.05460892E-03
1.93305778E-01  1.45374644E+00  5.24784392E-03
1.93599779E-01  1.46466017E+00  5.08672325E-03
1.93893780E-01  1.46034789E+00  5.19705843E-03
1.94187782E-01  1.47386181E+00  5.03649237E-03
1.94481783E-01  1.47540092E+00  5.04185073E-03
1.94775784E-01  1.51502311E+00  5.20458538E-03
1.95069785E-01  1.50845408E+00  5.01332153E-03
1.95363786E-01  1.51381803E+00  5.16530359E-03
1.95657787E-01  1.50681090E+00  5.18839993E-03
1.95951789E-01  1.53748882E+00  5.24193794E-03
1.96245790E-01  1.53600657E+00  5.01846895E-03
1.96539791E-01  1.53770065E+00  5.09005925E-03
1.96833792E-01  1.54400539E+00  5.22499764E-03
1.97127793E-01  1.57333255E+00  5.23762684E-03
1.97421795E-01  1.55032241E+00  5.27326483E-03
1.97715796E-01  1.53866863E+00  5.20342635E-03
1.98009797E-01  1.55166996E+00  5.19490754E-03
1.98303798E-01  1.55857766E+00  5.42715797E-03
1.98597799E-01  1.54968631E+00  5.11396257E-03
1.98891800E-01  1.56671548E+00  5.27018961E-03
1.99185802E-01  1.56044090E+00  5.17536048E-03
1.99479803E-01  1.56637168E+00  5.22454875E-03
1.99773804E-01  1.56185675E+00  5.26013691E-03
2.00067805E-01  1.54077601E+00  5.01150545E-03
2.00361806E-01  1.53457713E+00  5.27633401E-03
2.00655808E-01  1.54467201E+00  5.17758122E-03
2.00949809E-01  1.53417778E+00  5.19715017E-03
2.01243810E-01  1.51277184E+00  5.12046600E-03
2.01537811E-01  1.51636732E+00  5.18000452E-03
2.01831812E-01  1.50082064E+00  5.20427199E-03
2.02125813E-01  1.48675561E+00  5.13371453E-03
2.02419815E-01  1.47648835E+00  5.25419414E-03
2.02713816E-01  1.45225573E+00  5.14493603E-03
2.03007817E-01  1.43967116E+00  5.30191790E-03
2.03301818E-01  1.41468608E+00  5.23610367E-03
2.03595819E-01  1.40389216E+00  5.10868477E-03
2.03889821E-01  1.37058127E+00  4.91712382E-03
2.04183822E-01  1.34673619E+00  4.98946616E-03
2.04477823E-01  1.32090127E+00  5.08770393E-03
2.04771824E-01  1.28626335E+00  4.98933485E-03
2.05065825E-01  1.28632390E+00  5.01458952E-03
2.05359826E-01  1.26697266E+00  4.83954977E-03
2.05653828E-01  1.22564113E+00  4.81347507E-03
2.05947829E-01  1.21162283E+00  4.69507417E-03
2.06241830E-01  1.18419635E+00  4.68100002E-03
2.06535831E-01  1.16856456E+00  4.61437320E-03
2.06829832E-01  1.12092590E+00  4.64216014E-03
2.07123834E-01  1.11592329E+00  4.69293166E-03
2.07417835E-01  1.10757995E+00  4.48628468E-03
2.07711836E-01  1.06112790E+00  4.28235531E-03
2.08005837E-01  1.04423869E+00  4.39413311E-03
2.08299838E-01  1.01532507E+00  4.38044732E-03
2.08593840E-01  1.01348734E+00  4.21101041E-03
2.08887841E-01  9.85323370E-01  4.32632817E-03
2.09181842E-01  9.66548383E-01  4.04906087E-03
2.09475843E-01  9.57091391E-01  4.17604996E-03
2.09769844E-01  9.19878364E-01  4.04691324E-03
2.10063845E-01  9.13611829E-01  3.81365814E-03
2.10357847E-01  9.12607253E-01  3.99227208E-03
2.10651848E-01  9.00536299E-01  3.87052330E-03
2.10945849E-01  8.78020823E-01  3.92568251E-03
2.11239850E-01  8.73963833E-01  3.81580018E-03
2.11533851E-01  8.43895435E-01  3.84348421E-03
2.11827853E-01  8.28541040E-01  3.70621355E-03
2.12121854E-01  8.21712136E-01  3.71856894E-03
2.12415855E-01  8.28545392E-01  3.62322549E-03
2.12709856E-01  8.05142164E-01  3.55577911E-03
2.13003857E-01  8.12166095E-01  3.63011495E-03
2.13297858E-01  7.95554340E-01  3.58183496E-03
2.13591860E-01  7.87802160E-01  3.57068703E-03
2.13885861E-01  7.91102231E-01  3.65585228E-03
2.14179862E-01  7.81522453E-01  3.48428707E-03
2.14473863E-01  7.89420128E-01  3.54692806E-03
2.14767864E-01  7.79817641E-01  3.54658719E-03
2.15061866E-01  7.70536304E-01  3.51696438E-03
2.15355867E-01  7.60262191E-01  3.47132934E-03
2.15649868E-01  7.71870017E-01  3.56922299E-03
2.15943869E-01  7.67086983E-01  3.45987128E-03
2.16237870E-01  7.69211888E-01  3.47422389E-03
2.16531871E-01  7.65133440E-01  3.44164250E-03
2.16825873E-01  7.52429783E-01  3.46716447E-03
2.17119874E-01  7.54749656E-01  3.43778986E-03
2.17413875E-01  7.46143997E-01  3.32452240E-03
2.17707876E-01  7.45256066E-01  3.42517835E-03
2.18001877E-01  7.43713975E-01  3.47019522E-03
2.18295879E-01  7.52627730E-01  3.39080463E-03
2.18589880E-01  7.55132437E-01  3.46608367E-03
2.18883881E-01  7.45742977E-01  3.47422645E-03
2.19177882E-01  7.60079920E-01  3.38860322E-03
2.19471883E-01  7.46157587E-01  3.27840284E-03
2.19765884E-01  7.45243430E-01  3.38107347E-03
2.20059886E-01  7.65917897E-01  3.51289590E-03
2.20353887E-01  7.43689775E-01  3.48102418E-03
2.20647888E-01  7.68967271E-01  3.39061581E-03
2.20941889E-01  7.58085668E-01  3.46299144E-03
2.21235890E-01  7.57455170E-01  3.36629478E-03
2.21529892E-01  7.65020549E-01  3.43415607E-03
2.21823893E-01  7.51883805E-01  3.44363623E-03
2.22117894E-01  7.72358119E-01  3.48241115E-03
2.22411895E-01  7.74885535E-01  3.46037210E-03
2.22705896E-01  7.68318355E-01  3.45185702E-03
2.22999897E-01  7.82283843E-01  3.46861756E-03
2.23293899E-01  7.71689713E-01  3.52343381E-03
2.23587900E-01  7.64946938E-01  3.37731279E-03
2.23881901E-01  7.69114971E-01  3.44271073E-03
2.24175902E-01  7.76313543E-01  3.40710743E-03
2.24469903E-01  7.64797270E-01  3.51013616E-03
2.24763905E-01  7.80341387E-01  3.53717315E-03
2.25057906E-01  7.71640599E-01  3.40947881E-03
2.25351907E-01  7.83105433E-01  3.55665758E-03
2.25645908E-01  7.71832645E-01  3.44378198E-03
2.25939909E-01  7.69247234E-01  3.38824256E-03
2.26233911E-01  7.79110432E-01  3.52437538E-03
2.26527912E-01  7.75012016E-01  3.40556004E-03
2.26821913E-01  7.68706083E-01  3.50249838E-03
2.27115914E-01  7.55915284E-01  3.43009643E-03
2.27409915E-01  7.64457226E-01  3.35447886E-03
2.27703916E-01  7.59624064E-01  3.39016132E-03
2.27997918E-01  7.54977465E-01  3.38510680E-03
2.28291919E-01  7.52425015E-01  3.39020998E-03
2.28585920E-01  7.52997756E-01  3.32370843E-03
2.28879921E-01  7.49845624E-01  3.44228861E-03
2.29173922E-01  7.33784437E-01  3.39399115E-03
2.29467924E-01  7.34068215E-01  3.31933610E-03
2.29761925E-01  7.29736447E-01  3.34313302E-03
2.30055926E-01  7.35487640E-01  3.29192588E-03
2.30349927E-01  7.35682905E-01  3.31854378E-03
2.30643928E-01  7.19640017E-01  3.36799817E-03
2.30937929E-01  7.10338235E-01  3.30606708E-03
2.31231931E-01  7.01099277E-01  3.29788215E-03
2.31525932E-01  6.91567063E-01  3.20894271E-03
2.31819933E-01  6.88217402E-01  3.22479708E-03
2.32113934E-01  6.81526244E-01  3.16619617E-03
2.32407935E-01  6.63248658E-01  3.12710344E-03
2.32701937E-01  6.73364997E-01  3.23523721E-03
2.32995938E-01  6.56635106E-01  3.11504654E-03
2.33289939E-01  6.62424564E-01  3.18172132E-03
2.33583940E-01  6.38710558E-01  3.05769406E-03
2.33877941E-01  6.39784634E-01  3.17568006E-03
2.34171942E-01  6.30821168E-01  3.11348122E-03
2.34465944E-01  6.24977291E-01  3.04013374E-03
2.34759945E-01  6.12303615E-01  2.99626449E-03
2.35053946E-01  5.92295229E-01  2.96597090E-03
2.35347947E-01  5.88313997E-01  2.93309242E-03
2.35641948E-01  5.83009660E-01  2.98971008E-03
2.35935950E-01  5.69865406E-01  2.91787949E-03
2.36229951E-01  5.72376907E-01  2.93843332E-03
2.36523952E-01  5.60312212E-01  2.86363717E-03
2.36817953E-01  5.52583635E-01  2.87408545E-03
2.37111954E-01  5.57602942E-01  2.88076256E-03
2.37405955E-01  5.39493024E-01  2.83631240E-03
2.37699957E-01  5.24883330E-01  2.81352829E-03
2.37993958E-01  5.17527163E-01  2.74804467E-03
2.38287959E-01  5.07131755E-01  2.71542789E-03
2.38581960E-01  5.11265695E-01  2.76028528E-03
2.38875961E-01  5.09248734E-01  2.78393622E-03
2.39169963E-01  5.02590060E-01  2.71763746E-03
2.39463964E-01  4.98852015E-01  2.66835140E-03
2.39757965E-01  4.89280045E-01  2.69525079E-03
2.40051966E-01  4.87091124E-01  2.73806741E-03
2.40345967E-01  4.87154454E-01  2.63240654E-03
2.40639968E-01  4.78336424E-01  2.61371746E-03
2.40933970E-01  4.66298670E-01  2.63187219E-03
2.41227971E-01  4.64904696E-01  2.64650700E-03
2.41521972E-01  4.54110026E-01  2.52469140E-03
2.41815973E-01  4.62829441E-01  2.48041307E-03
2.42109974E-01  4.48341310E-01  2.53856648E-03
2.42403976E-01  4.44110066E-01  2.53611431E-03
2.42697977E-01  4.52749252E-01  2.47268658E-03
2.42991978E-01  4.32166845E-01  2.44412199E-03
2.43285979E-01  4.44760770E-01  2.51240819E-03
2.43579980E-01  4.33423847E-01  2.51756189E-03
2.43873981E-01  4.30301458E-01  2.47866614E-03
2.44167983E-01  4.25728738E-01  2.43706792E-03
2.44461984E-01  4.20566410E-01  2.43433029E-03
2.44755985E-01  4.19169754E-01  2.49230093E-03
2.45049986E-01  4.23209310E-01  2.42524594E-03
2.45343987E-01  4.24754173E-01  2.45689531E-03
2.45637989E-01  3.97452265E-01  2.36614654E-03
2.45931990E-01  4.15093988E-01  2.38943077E-03
2.46225991E-01  4.08192396E-01  2.39801477E-03
2.46519992E-01  3.92639369E-01  2.27658730E-03
2.46813993E-01  4.09820527E-01  2.35710572E-03
2.47107995E-01  3.99287611E-01  2.30135955E-03
2.47401996E-01  4.02551353E-01  2.41374807E-03
2.47695997E-01  3.92431438E-01  2.32264586E-03
2.47989998E-01  3.97110045E-01  2.31737271E-03
2.48283999E-01  3.91929746E-01  2.32214876E-03
2.48578000E-01  3.87720555E-01  2.28697434E-03
2.48872002E-01  3.98858786E-01  2.36471347E-03
2.49166003E-01  3.93738627E-01  2.38617836E-03
2.49460004E-01  3.84601504E-01  2.26762611E-03
2.49754005E-01  3.87802273E-01  2.38331407E-03
2.50048006E-01  3.84761512E-01  2.26120069E-03
2.50342008E-01  3.82786185E-01  2.33514188E-03
2.50636009E-01  3.84639621E-01  2.28892732E-03
2.50930010E-01  3.77633154E-01  2.25565629E-03
2.51224011E-01  3.75614464E-01  2.31657410E-03
2.51518012E-01  3.77592683E-01  2.29380163E-03
2.51812013E-01  3.73003453E-01  2.34853593E-03
2.52106015E-01  3.72877002E-01  2.25428655E-03
2.52400016E-01  3.74151409E-01  2.28983699E-03
2.52694017E-01  3.80926818E-01  2.34088325E-03
2.52988018E-01  3.78472269E-01  2.37914431E-03
2.53282019E-01  3.70178938E-01  2.29753088E-03
2.53576021E-01  3.70070666E-01  2.28737551E-03
2.53870022E-01  3.59359682E-01  2.28194217E-03
2.54164023E-01  3.68820250E-01  2.28116754E-03
2.54458024E-01  3.64552051E-01  2.34229444E-03
2.54752025E-01  3.61654103E-01  2.33063940E-03
2.55046026E-01  3.64544481E-01  2.22562696E-03
2.55340028E-01  3.63251656E-01  2.24303082E-03
2.55634029E-01  3.57704133E-01  2.23232596E-03
2.55928030E-01  3.52714896E-01  2.17618141E-03
2.56222031E-01  3.57834667E-01  2.28529423E-03
2.56516032E-01  3.54582816E-01  2.26326101E-03
2.56810034E-01  3.69198084E-01  2.25356524E-03
2.57104035E-01  3.62882406E-01  2.23279255E-03
2.57398036E-01  3.62768531E-01  2.22475268E-03
2.57692037E-01  3.57320160E-01  2.21866718E-03
2.57986038E-01  3.57240647E-01  2.19375989E-03
2.58280039E-01  3.57811809E-01  2.23969109E-03
2.58574041E-01  3.50034177E-01  2.22666352E-03
2.58868042E-01  3.53535831E-01  2.23625964E-03
2.59162043E-01  3.55896831E-01  2.19008792E-03
2.59456044E-01  3.47148657E-01  2.15136912E-03
2.59750045E-01  3.46171767E-01  2.21604016E-03
2.60044047E-01  3.61477792E-01  2.23413785E-03
2.60338048E-01  3.59172255E-01  2.25884514E-03
2.60632049E-01  3.54913682E-01  2.14115554E-03
2.60926050E-01  3.51368964E-01  2.19037896E-03
2.61220051E-01  3.45309556E-01  2.12210882E-03
2.61514052E-01  3.49292070E-01  2.18707789E-03
2.61808054E-01  3.57912093E-01  2.20509502E-03
2.62102055E-01  3.52530777E-01  2.16545630E-03
2.62396056E-01  3.40873092E-01  2.15484947E-03
2.62690057E-01  3.56393248E-01  2.20864150E-03
2.62984058E-01  3.50928545E-01  2.15487671E-03
2.63278060E-01  3.57577026E-01  2.16652337E-03
2.63572061E-01  3.48781884E-01  2.14709248E-03
2.63866062E-01  3.39621723E-01  2.14490783E-03
2.64160063E-01  3.43764633E-01  2.13765725E-03
2.64454064E-01  3.41680288E-01  2.13362928E-03
2.64748066E-01  3.47199589E-01  2.13621557E-03
2.65042067E-01  3.52411717E-01  2.11398886E-03
2.65336068E-01  3.51929069E-01  2.20809830E-03
2.65630069E-01  3.43818277E-01  2.11927644E-03
2.65924070E-01  3.44846040E-01  2.14118115E-03
2.66218071E-01  3.53847861E-01  2.20195926E-03
2.66512073E-01  3.46917540E-01  2.17927201E-03
2.66806074E-01  3.39904517E-01  2.17108708E-03
2.67100075E-01  3.35075021E-01  2.16457108E-03
2.67394076E-01  3.45453978E-01  2.11522705E-03
2.67688077E-01  3.48913491E-01  2.22600228E-03
2.67982079E-01  3.39559346E-01  2.08495813E-03
2.68276080E-01  3.41405720E-01  2.20728223E-03
2.68570081E-01  3.36518705E-01  2.12517707E-03
2.68864082E-01  3.43337148E-01  2.14316556E-03
2.69158083E-01  3.47240895E-01  2.19969987E-03
2.69452084E-01  3.34703416E-01  2.08318862E-03
2.69746086E-01  3.41239810E-01  2.16956623E-03
2.70040087E-01  3.36235523E-01  2.09924928E-03
2.70334088E-01  3.43051136E-01  2.13998323E-03
2.70628089E-01  3.40811521E-01  2.13263743E-03
2.70922090E-01  3.40858966E-01  2.12329696E-03
2.71216092E-01  3.41201752E-01  2.11331085E-03
2.71510093E-01  3.36884767E-01  2.12097261E-03
2.71804094E-01  3.34231079E-01  2.16731708E-03
2.72098095E-01  3.30830693E-01  2.06252723E-03
2.72392096E-01  3.33784401E-01  2.09390931E-03
2.72686097E-01  3.38328302E-01  2.08430504E-03
2.72980099E-01  3.31065893E-01  2.04083975E-03
2.73274100E-01  3.47363979E-01  2.16906378E-03
2.73568101E-01  3.35290849E-01  2.08115601E-03
2.73862102E-01  3.36344808E-01  2.12483597E-03
2.74156103E-01  3.35225582E-01  2.12558918E-03
2.74450105E-01  3.33336174E-01  2.12253863E-03
2.74744106E-01  3.30367863E-01  2.08850927E-03
2.75038107E-01  3.33438516E-01  2.04471126E-03
2.75332108E-01  3.32062840E-01  2.11096718E-03
2.75626109E-01  3.33009660E-01  2.10894295E-03
2.75920110E-01  3.35879266E-01  2.08484684E-03
2.76214112E-01  3.35127890E-01  2.07002717E-03
2.76508113E-01  3.34679276E-01  2.04305281E-03
2.76802114E-01  3.31487894E-01  2.02331482E-03
2.77096115E-01  3.22224081E-01  2.03619502E-03
2.77390116E-01  3.33064735E-01  2.05430924E-03
2.77684118E-01  3.34285557E-01  2.06965394E-03
2.77978119E-01  3.30382258E-01  2.02765851E-03
2.78272120E-01  3.22421551E-01  2.05703196E-03
2.78566121E-01  3.37150693E-01  2.08731694E-03
2.78860122E-01  3.32674891E-01  2.08078930E-03
2.79154123E-01  3.28861356E-01  2.12453329E-03
2.79448125E-01  3.36913079E-01  2.06836662E-03
2.79742126E-01  3.25768560E-01  2.12228298E-03
2.80036127E-01  3.33250731E-01  2.10431661E-03
2.80330128E-01  3.31891447E-01  2.02895747E-03
2.80624129E-01  3.29171509E-01  2.07227445E-03
2.80918131E-01  3.31104994E-01  2.02700170E-03
2.81212132E-01  3.37484568E-01  2.12280895E-03
2.81506133E-01  3.31088752E-01  2.01842119E-03
2.81800134E-01  3.31996560E-01  2.05041934E-03
2.82094135E-01  3.39418590E-01  2.07278901E-03
2.82388137E-01  3.28402877E-01  2.00302852E-03
2.82682138E-01  3.29357028E-01  2.03244877E-03
2.82976139E-01  3.33723247E-01  2.03104573E-03
2.83270140E-01  3.29101622E-01  2.05443380E-03
2.83564141E-01  3.30518544E-01  2.05500983E-03
2.83858142E-01  3.31544966E-01  2.02441798E-03
2.84152144E-01  3.29468846E-01  2.03399058E-03
2.84446145E-01  3.30372989E-01  2.01716274E-03
2.84740146E-01  3.30607682E-01  2.04592641E-03
2.85034147E-01  3.38816583E-01  2.08469993E-03
2.85328148E-01  3.34713548E-01  2.06731376E-03
2.85622150E-01  3.28318298E-01  1.99237815E-03
2.85916151E-01  3.36586714E-01  2.04046979E-03
2.86210152E-01  3.35750967E-01  2.03761039E-03
2.86504153E-01  3.29298437E-01  2.03188765E-03
2.86798154E-01  3.37496668E-01  2.07670918E-03
2.87092155E-01  3.33058208E-01  2.05034018E-03
2.87386157E-01  3.42214942E-01  2.08564964E-03
2.87680158E-01  3.37358952E-01  2.08529923E-03
2.87974159E-01  3.27081203E-01  2.03841738E-03
2.88268160E-01  3.32023025E-01  2.07879720E-03
2.88562161E-01  3.35193574E-01  2.16025161E-03
2.88856163E-01  3.37673575E-01  2.22370401E-03
2.89150164E-01  3.35089654E-01  2.22534197E-03
2.89444165E-01  3.38849694E-01  2.19894038E-03
2.89738166E-01  3.38651866E-01  2.20056158E-03
2.90032167E-01  3.35523248E-01  2.21042451E-03
2.90326168E-01  3.34900469E-01  2.20215996E-03
2.90620170E-01  3.51452827E-01  2.23605940E-03
2.90914171E-01  3.34105074E-01  2.24709860E-03
2.91208172E-01  3.38290155E-01  2.26000370E-03
2.91502173E-01  3.38096529E-01  2.27362104E-03
2.91796174E-01  3.37144315E-01  2.24451208E-03
2.92090176E-01  3.40132684E-01  2.25944398E-03
2.92384177E-01  3.33521158E-01  2.26667942E-03
2.92678178E-01  3.35768700E-01  2.21558497E-03
2.92972179E-01  3.28232676E-01  2.20605033E-03
2.93266180E-01  3.37139755E-01  2.20356882E-03
2.93560181E-01  3.45173419E-01  2.30877497E-03
2.93854183E-01  3.36406350E-01  2.26856908E-03
2.94148184E-01  3.43255848E-01  2.28069955E-03
2.94442185E-01  3.37949514E-01  2.33350461E-03
2.94736186E-01  3.46745282E-01  2.36080214E-03
2.95030187E-01  3.44324797E-01  2.27158098E-03
2.95324189E-01  3.41867596E-01  2.25894968E-03
2.95618190E-01  3.46063972E-01  2.38689850E-03
2.95912191E-01  3.34498525E-01  2.28432147E-03
2.96206192E-01  3.35106641E-01  2.32320838E-03
2.96500193E-01  3.36734205E-01  2.37643742E-03
2.96794194E-01  3.40577006E-01  2.34009605E-03
2.97088196E-01  3.43894094E-01  2.27672188E-03
2.97382197E-01  3.40829462E-01  2.29915278E-03
2.97676198E-01  3.45235646E-01  2.34576082E-03
2.97970199E-01  3.42850327E-01  2.32482958E-03
2.98264200E-01  3.35422933E-01  2.26682774E-03
2.98558202E-01  3.38450044E-01  2.29813694E-03
2.98852203E-01  3.46031755E-01  2.26893160E-03
2.99146204E-01  3.28547269E-01  2.24140822E-03
2.99440205E-01  3.48720580E-01  2.23307079E-03
2.99734206E-01  3.40118825E-01  2.22823210E-03
3.00028207E-01  3.43542427E-01  2.19014543E-03
3.00322209E-01  3.49073499E-01  2.30139494E-03
3.00616210E-01  3.40492129E-01  2.19992874E-03
3.00910211E-01  3.39636892E-01  2.25935481E-03
3.01204212E-01  3.41926724E-01  2.24089064E-03
3.01498213E-01  3.37514818E-01  2.17660726E-03
3.01792215E-01  3.51167142E-01  2.28855503E-03
3.02086216E-01  3.44539225E-01  2.20712204E-03
3.02380217E-01  3.52255970E-01  2.25310843E-03
3.02674218E-01  3.31469566E-01  2.22679321E-03
3.02968219E-01  3.40703100E-01  2.18812819E-03
3.03262221E-01  3.47721636E-01  2.24533980E-03
3.03556222E-01  3.41230690E-01  2.23269267E-03
3.03850223E-01  3.44675601E-01  2.21448322E-03
3.04144224E-01  3.46000075E-01  2.26945360E-03
3.04438225E-01  3.37938756E-01  2.21278169E-03
3.04732226E-01  3.43537718E-01  2.25922070E-03
3.05026228E-01  3.48628253E-01  2.24138284E-03
3.05320229E-01  3.33680660E-01  2.17284868E-03
3.05614230E-01  3.35418493E-01  2.16336362E-03
3.05908231E-01  3.42324525E-01  2.24467460E-03
3.06202232E-01  3.44997376E-01  2.29305332E-03
3.06496234E-01  3.32158566E-01  2.19478132E-03
3.06790235E-01  3.40291649E-01  2.23311386E-03
3.07084236E-01  3.49627256E-01  2.20550876E-03
3.07378237E-01  3.44959289E-01  2.24433816E-03
3.07672238E-01  3.39803100E-01  2.22085533E-03
3.07966239E-01  3.41641277E-01  2.20011943E-03
3.08260241E-01  3.35800499E-01  2.21873866E-03
3.08554242E-01  3.34832937E-01  2.19451962E-03
3.08848243E-01  3.41100186E-01  2.16260855E-03
3.09142244E-01  3.37066621E-01  2.15393212E-03
3.09436245E-01  3.37437838E-01  2.18985649E-03
3.09730247E-01  3.43626291E-01  2.18995893E-03
3.10024248E-01  3.51358235E-01  2.21268903E-03
3.10318249E-01  3.40725482E-01  2.17619236E-03
3.10612250E-01  3.34185272E-01  2.18701526E-03
3.10906251E-01  3.38389993E-01  2.17927387E-03
3.11200252E-01  3.36225778E-01  2.17469968E-03
3.11494254E-01  3.46980929E-01  2.24053115E-03
3.11788255E-01  3.31984222E-01  2.17485498E-03
3.12082256E-01  3.36955100E-01  2.17243866E-03
3.12376257E-01  3.39965552E-01  2.15281383E-03
3.12670258E-01  3.35639447E-01  2.17005354E-03
3.12964260E-01  3.39563251E-01  2.18137563E-03
3.13258261E-01  3.45372528E-01  2.22694059E-03
3.13552262E-01  3.40353340E-01  2.18666741E-03
3.13846263E-01  3.35114777E-01  2.15936592E-03
3.14140264E-01  3.45375896E-01  2.20818608E-03
3.14434265E-01  3.41720670E-01  2.22782069E-03
3.14728267E-01  3.36173803E-01  2.14930857E-03
3.15022268E-01  3.45811039E-01  2.22970964E-03
3.15316269E-01  3.46400470E-01  2.22537341E-03
3.15610270E-01  3.50966752E-01  2.21894379E-03
3.15904271E-01  3.36003840E-01  2.20097904E-03
3.16198273E-01  3.37373435E-01  2.11596861E-03
3.16492274E-01  3.38124186E-01  2.15878198E-03
3.16786275E-01  3.42450857E-01  2.14615418E-03
3.17080276E-01  3.37275356E-01  2.21117167E-03
3.17374277E-01  3.40230227E-01  2.19460251E-03
3.17668278E-01  3.48061234E-01  2.25234218E-03
3.17962280E-01  3.45447600E-01  2.19473243E-03
3.18256281E-01  3.46024454E-01  2.22571567E-03
3.18550282E-01  3.37786049E-01  2.15030275E-03
3.18844283E-01  3.45385730E-01  2.16054032E-03
3.19138284E-01  3.50330412E-01  2.23793928E-03
3.19432286E-01  3.39180022E-01  2.20753509E-03
3.19726287E-01  3.44073981E-01  2.22927472E-03
3.20020288E-01  3.43750983E-01  2.17250432E-03
3.20314289E-01  3.47015619E-01  2.24668067E-03
3.20608290E-01  3.44325125E-01  2.15596217E-03
3.20902292E-01  3.43397111E-01  2.17538187E-03
3.21196293E-01  3.40220332E-01  2.16919929E-03
3.21490294E-01  3.49681407E-01  2.19167722E-03
3.21784295E-01  3.53338987E-01  2.20456137E-03
3.22078296E-01  3.44068766E-01  2.19143252E-03
3.22372297E-01  3.45541209E-01  2.11814884E-03
3.22666299E-01  3.54455978E-01  2.32105306E-03
3.22960300E-01  3.52861047E-01  2.24005082E-03
3.23254301E-01  3.47971469E-01  2.26022745E-03
3.23548302E-01  3.54170948E-01  2.25843024E-03
3.23842303E-01  3.44564468E-01  2.20485521E-03
3.24136305E-01  3.45327705E-01  2.28797086E-03
3.24430306E-01  3.55935991E-01  2.29656487E-03
3.24724307E-01  3.41287792E-01  2.28043948E-03
3.25018308E-01  3.49089950E-01  2.29525333E-03
3.25312309E-01  3.44565690E-01  2.25666608E-03
3.25606310E-01  3.52712721E-01  2.31552008E-03
3.25900312E-01  3.53999525E-01  2.30864179E-03
3.26194313E-01  3.51610392E-01  2.34168419E-03
3.26488314E-01  3.61338526E-01  2.31317501E-03
3.26782315E-01  3.43317270E-01  2.30100146E-03
3.27076316E-01  3.53315949E-01  2.34854128E-03
3.27370318E-01  3.57316315E-01  2.36738985E-03
3.27664319E-01  3.53038996E-01  2.27542734E-03
3.27958320E-01  3.52273554E-01  2.30760174E-03
3.28252321E-01  3.39526385E-01  2.29536928E-03
3.28546322E-01  3.46511632E-01  2.32498348E-03
3.28840323E-01  3.47506672E-01  2.35023606E-03
3.29134325E-01  3.45526993E-01  2.27338285E-03
3.29428326E-01  3.44206452E-01  2.32324400E-03
3.29722327E-01  3.47948700E-01  2.31264019E-03
3.30016328E-01  3.59065622E-01  2.30135769E-03
3.30310329E-01  3.53052318E-01  2.37545208E-03
3.30604331E-01  3.55268210E-01  2.38075457E-03
3.30898332E-01  3.51965308E-01  2.35948805E-03
3.31192333E-01  3.44536453E-01  2.38542096E-03
3.31486334E-01  3.54232013E-01  2.32787803E-03
3.31780335E-01  3.43435943E-01  2.31907400E-03
3.32074336E-01  3.44471991E-01  2.32929224E-03
3.32368338E-01  3.57382208E-01  2.37620040E-03
3.32662339E-01  3.42465609E-01  2.46355915E-03
3.32956340E-01  3.46209109E-01  2.32002372E-03
3.33250341E-01  3.58004659E-01  2.40269932E-03
3.33544342E-01  3.51345181E-01  2.39247293E-03
3.33838344E-01  3.41946542E-01  2.38489290E-03
3.34132345E-01  3.59167129E-01  2.40112888E-03
3.34426346E-01  3.46988559E-01  2.34407675E-03
3.34720347E-01  3.42702478E-01  2.33855355E-03
3.35014348E-01  3.40771794E-01  2.27348506E-03
3.35308349E-01  3.47250223E-01  2.37409119E-03
3.35602351E-01  3.45161259E-01  2.31746119E-03
3.35896352E-01  3.49253267E-01  2.35142256E-03
3.36190353E-01  3.52113903E-01  2.40914151E-03
3.36484354E-01  3.58472228E-01  2.46823672E-03
3.36778355E-01  3.45390439E-01  2.38517532E-03
3.37072357E-01  3.44908834E-01  2.32113712E-03
3.37366358E-01  3.51480484E-01  2.38836277E-03
3.37660359E-01  3.60151589E-01  2.45915423E-03
3.37954360E-01  3.45480740E-01  2.40976061E-03
3.38248361E-01  3.52317035E-01  2.32698512E-03
3.38542362E-01  3.44917566E-01  2.34092819E-03
3.38836364E-01  3.45014453E-01  2.33815424E-03
3.39130365E-01  3.48701358E-01  2.44973088E-03
3.39424366E-01  3.38432848E-01  2.30951770E-03
3.39718367E-01  3.38433832E-01  2.31813104E-03
3.40012368E-01  3.34303349E-01  2.28976202E-03
3.40306370E-01  3.37642610E-01  2.35420093E-03
3.40600371E-01  3.44984531E-01  2.43817549E-03
3.40894372E-01  3.39222878E-01  2.36413674E-03
3.41188373E-01  3.39414388E-01  2.33171065E-03
3.41482374E-01  3.42396438E-01  2.35272013E-03
3.41776376E-01  3.42252910E-01  2.39307224E-03
3.42070377E-01  3.41964602E-01  2.35840888E-03
3.42364378E-01  3.43245387E-01  2.36350135E-03
3.42658379E-01  3.30128491E-01  2.35171639E-03
3.42952380E-01  3.31782788E-01  2.26964569E-03
3.43246381E-01  3.36486578E-01  2.40203203E-03
3.43540383E-01  3.28585446E-01  2.33517913E-03
3.43834384E-01  3.32984358E-01  2.27889605E-03
3.44128385E-01  3.26528221E-01  2.34079757E-03
3.44422386E-01  3.36342633E-01  2.31796061E-03
3.44716387E-01  3.33796203E-01  2.35170126E-03
3.45010389E-01  3.24702322E-01  2.28198036E-03
3.45304390E-01  3.25766474E-01  2.31228606E-03
3.45598391E-01  3.38768452E-01  2.33880337E-03
3.45892392E-01  3.28947842E-01  2.31098034E-03
3.46186393E-01  3.24411064E-01  2.30037002E-03
3.46480394E-01  3.20009947E-01  2.23519444E-03
3.46774396E-01  3.25808883E-01  2.34887539E-03
3.47068397E-01  3.32280368E-01  2.29974859E-03
3.47362398E-01  3.31173122E-01  2.32508359E-03
3.47656399E-01  3.26861858E-01  2.32835277E-03
3.47950400E-01  3.32151234E-01  2.34078011E-03
3.48244402E-01  3.26348513E-01  2.30150041E-03
3.48538403E-01  3.25545847E-01  2.23547616E-03
3.48832404E-01  3.24456215E-01  2.34989193E-03
3.49126405E-01  3.30759585E-01  2.30748462E-03
3.49420406E-01  3.15764576E-01  2.25350168E-03
3.49714407E-01  3.23996186E-01  2.29713600E-03
3.50008409E-01  3.15072298E-01  2.29368825E-03
3.50302410E-01  3.23804438E-01  2.29554251E-03
3.50596411E-01  3.20919156E-01  2.24423502E-03
3.50890412E-01  3.14967275E-01  2.22674920E-03
3.51184413E-01  3.24620426E-01  2.33433791E-03
3.51478415E-01  3.30430895E-01  2.26469967E-03
3.51772416E-01  3.16454589E-01  2.27632606E-03
3.52066417E-01  3.14624012E-01  2.23813602E-03
3.52360418E-01  3.17495733E-01  2.25877203E-03
3.52654419E-01  3.16645622E-01  2.28190189E-03
3.52948420E-01  3.20581317E-01  2.30149692E-03
3.53242422E-01  3.23780209E-01  2.21987441E-03
3.53536423E-01  3.21957290E-01  2.23876210E-03
3.53830424E-01  3.24212849E-01  2.33567739E-03
3.54124425E-01  3.14722240E-01  2.30361172E-03
3.54418426E-01  3.19081068E-01  2.30023661E-03
3.54712428E-01  3.18210244E-01  2.31085648E-03
3.55006429E-01  3.18829358E-01  2.24827440E-03
3.55300430E-01  3.08336079E-01  2.22376990E-03
3.55594431E-01  3.18758905E-01  2.24364502E-03
3.55888432E-01  3.17406893E-01  2.27368879E-03
3.56182433E-01  3.09940487E-01  2.29689828E-03
3.56476435E-01  3.13385993E-01  2.26082047E-03
3.56770436E-01  3.10190111E-01  2.23963964E-03
3.57064437E-01  3.10571969E-01  2.25235801E-03
3.57358438E-01  3.15620273E-01  2.33519170E-03
3.57652439E-01  3.13378692E-01  2.31043436E-03
3.57946441E-01  3.12496603E-01  2.20933580E-03
3.58240442E-01  3.03437889E-01  2.21177423E-03
3.58534443E-01  3.10643792E-01  2.29277276E-03
3.58828444E-01  3.13941300E-01  2.28274916E-03
3.59122445E-01  3.15234274E-01  2.28737690E-03
3.59416447E-01  3.16255927E-01  2.30946601E-03
3.59710448E-01  3.08418959E-01  2.32449174E-03
3.60004449E-01  3.18829983E-01  2.30495958E-03
3.60298450E-01  3.06871504E-01  2.27607135E-03
3.60592451E-01  3.06991726E-01  2.32012267E-03
3.60886452E-01  3.03411126E-01  2.27972260E-03
3.61180454E-01  3.06992382E-01  2.26819562E-03
3.61474455E-01  3.10722739E-01  2.20607338E-03
3.61768456E-01  3.09527963E-01  2.31033936E-03
3.62062457E-01  3.08483064E-01  2.28644139E-03
3.62356458E-01  3.10948521E-01  2.27761082E-03
3.62650460E-01  3.00993174E-01  2.23478791E-03
3.62944461E-01  2.95250237E-01  2.24493374E-03
3.63238462E-01  3.13292593E-01  2.30657659E-03
3.63532463E-01  3.04681778E-01  2.18194816E-03
3.63826464E-01  3.00941765E-01  2.29510665E-03
3.64120465E-01  3.09915185E-01  2.28380738E-03
3.64414467E-01  3.04909259E-01  2.24438030E-03
3.64708468E-01  3.00975442E-01  2.20250268E-03
3.65002469E-01  2.96026558E-01  2.25586840E-03
3.65296470E-01  3.05117190E-01  2.27068574E-03
3.65590471E-01  3.05648506E-01  2.26870365E-03
3.65884473E-01  3.03932667E-01  2.30999035E-03
3.66178474E-01  3.02271634E-01  2.23973580E-03
3.66472475E-01  3.03221524E-01  2.32797326E-03
3.66766476E-01  2.99360782E-01  2.27422686E-03
3.67060477E-01  3.01788688E-01  2.23492691E-03
3.67354478E-01  3.02711755E-01  2.25942233E-03
3.67648480E-01  3.04473132E-01  2.24265410E-03
3.67942481E-01  2.98270285E-01  2.25710031E-03
3.68236482E-01  3.00280899E-01  2.26778304E-03
3.68530483E-01  3.03348213E-01  2.25179084E-03
3.68824484E-01  2.97985315E-01  2.23645545E-03
3.69118486E-01  3.05310935E-01  2.27615517E-03
3.69412487E-01  3.08523953E-01  2.34960672E-03
3.69706488E-01  3.04997712E-01  2.22271471E-03
3.70000489E-01  3.04430276E-01  2.35972018E-03
3.70294490E-01  3.06401104E-01  2.27220426E-03
3.70588491E-01  3.02125871E-01  2.23636022E-03
3.70882493E-01  2.99529999E-01  2.25272542E-03
3.71176494E-01  3.02922368E-01  2.26117368E-03
3.71470495E-01  3.01442921E-01  2.20860937E-03
3.71764496E-01  3.03438127E-01  2.26972392E-03
3.72058497E-01  3.02707165E-01  2.14904523E-03
3.72352499E-01  3.14592719E-01  2.28043459E-03
3.72646500E-01  3.06564391E-01  2.25431821E-03
3.72940501E-01  2.97275782E-01  2.24436959E-03
3.73234502E-01  2.97118843E-01  2.24969839E-03
3.73528503E-01  2.97852814E-01  2.20875628E-03
3.73822504E-01  2.94805706E-01  2.19390588E-03
3.74116506E-01  2.98163980E-01  2.29006517E-03
3.74410507E-01  3.06660682E-01  2.31188210E-03
3.74704508E-01  2.95159400E-01  2.21799989E-03
3.74998509E-01  2.94641823E-01  2.26473436E-03
3.75292510E-01  3.09634924E-01  2.26358860E-03
3.75586512E-01  3.04200023E-01  2.24262848E-03
3.75880513E-01  2.93717295E-01  2.22026231E-03
3.76174514E-01  2.95866668E-01  2.27943924E-03
3.76468515E-01  3.00112814E-01  2.25705304E-03
3.76762516E-01  3.05469513E-01  2.29256088E-03
3.77056518E-01  3.04578900E-01  2.20523216E-03
3.77350519E-01  2.94606060E-01  2.21922714E-03
3.77644520E-01  3.02713931E-01  2.23008194E-03
3.77938521E-01  2.97087878E-01  2.27429019E-03
3.78232522E-01  3.03787172E-01  2.30699987E-03
3.78526523E-01  3.02673697E-01  2.25693383E-03
3.78820525E-01  3.09508532E-01  2.29580957E-03
3.79114526E-01  3.00180703E-01  2.30531301E-03
3.79408527E-01  3.01418722E-01  2.25943257E-03
3.79702528E-01  2.99098551E-01  2.27886019E-03
3.79996529E-01  2.97412574E-01  2.22476502E-03
3.80290531E-01  3.03446651E-01  2.21020449E-03
3.80584532E-01  2.99513817E-01  2.23112805E-03
3.80878533E-01  3.05755854E-01  2.29776860E-03
3.81172534E-01  3.04379642E-01  2.26395088E-03
3.81466535E-01  3.00623894E-01  2.24372651E-03
3.81760536E-01  3.00337136E-01  2.26511946E-03
3.82054538E-01  2.92438954E-01  2.23820331E-03
3.82348539E-01  3.05219501E-01  2.31987541E-03
3.82642540E-01  2.92558312E-01  2.28163553E-03
3.82936541E-01  3.04561049E-01  2.24959827E-03
3.83230542E-01  2.99435854E-01  2.23142002E-03
3.83524544E-01  3.03674191E-01  2.32150801E-03
3.83818545E-01  3.04201692E-01  2.32747686E-03
3.84112546E-01  3.08118492E-01  2.31552636E-03
3.84406547E-01  3.02190483E-01  2.31196196E-03
3.84700548E-01  3.03027332E-01  2.27755262E-03
3.84994549E-01  3.01809549E-01  2.30456027E-03
3.85288551E-01  2.96860486E-01  2.26038019E-03
3.85582552E-01  2.88151026E-01  2.23056832E-03
3.85876553E-01  3.04249167E-01  2.28639320E-03
3.86170554E-01  2.92199641E-01  2.22069467E-03
3.86464555E-01  3.00031781E-01  2.31473148E-03
3.86758557E-01  3.00409168E-01  2.22717598E-03
3.87052558E-01  2.97890812E-01  2.20760563E-03
3.87346559E-01  3.04090172E-01  2.28982535E-03
3.87640560E-01  3.05329144E-01  2.22646026E-03
3.87934561E-01  3.06580454E-01  2.24357937E-03
3.88228562E-01  3.03991973E-01  2.27510231E-03
3.88522564E-01  2.96490073E-01  2.21129949E-03
3.88816565E-01  2.97048867E-01  2.23361538E-03
3.89110566E-01  3.10460776E-01  2.25768774E-03
3.89404567E-01  3.01261157E-01  2.26009637E-03
3.89698568E-01  3.07038546E-01  2.24918290E-03
3.89992570E-01  3.15251112E-01  2.31292890E-03
3.90286571E-01  3.02785128E-01  2.31805537E-03
3.90580572E-01  3.07946831E-01  2.31750635E-03
3.90874573E-01  3.05347532E-01  2.19962536E-03
3.91168574E-01  2.94526190E-01  2.23263958E-03
3.91462575E-01  2.98362762E-01  2.31416919E-03
3.91756577E-01  2.95542955E-01  2.30568415E-03
3.92050578E-01  2.98909605E-01  2.17579748E-03
3.92344579E-01  3.10617775E-01  2.27747555E-03
3.92638580E-01  3.02420378E-01  2.25887494E-03
3.92932581E-01  3.01807582E-01  2.29394995E-03
3.93226583E-01  2.97266185E-01  2.26317276E-03
3.93520584E-01  3.05099249E-01  2.33313465E-03
3.93814585E-01  2.95788556E-01  2.25188863E-03
3.94108586E-01  3.02643001E-01  2.24740617E-03
3.94402587E-01  3.02829176E-01  2.28078291E-03
3.94696588E-01  3.04605752E-01  2.27159495E-03
3.94990590E-01  3.01704228E-01  2.26444285E-03
3.95284591E-01  3.01145673E-01  2.20657466E-03
3.95578592E-01  2.99554408E-01  2.23194039E-03
3.95872593E-01  3.08507502E-01  2.35326635E-03
3.96166594E-01  3.01858544E-01  2.30550952E-03
3.96460596E-01  3.02699655E-01  2.27409764E-03
3.96754597E-01  3.02695304E-01  2.23681191E-03
3.97048598E-01  2.97767699E-01  2.29504751E-03
3.97342599E-01  2.97569633E-01  2.29041511E-03
3.97636600E-01  3.10328394E-01  2.33645178E-03
3.97930602E-01  3.09502333E-01  2.30224081E-03
3.98224603E-01  3.09801370E-01  2.30411137E-03
3.98518604E-01  3.09557170E-01  2.35074875E-03
3.98812605E-01  3.09176683E-01  2.25186441E-03
3.99106606E-01  3.01521808E-01  2.29127216E-03
3.99400607E-01  3.03628951E-01  2.31259735E-03
3.99694609E-01  2.94801712E-01  2.29063188E-03
3.99988610E-01  3.04600894E-01  2.24955194E-03
4.00282611E-01  3.02626014E-01  2.22771894E-03
4.00576612E-01  3.03869814E-01  2.25440343E-03
4.00870613E-01  3.09717089E-01  2.29325891E-03
4.01164615E-01  2.95033991E-01  2.25823047E-03
4.01458616E-01  2.89540738E-01  2.20495439E-03
4.01752617E-01  2.99344629E-01  2.28464627E-03
4.02046618E-01  2.97216207E-01  2.22578039E-03
4.02340619E-01  3.03890705E-01  2.30536284E-03
4.02634620E-01  3.01654309E-01  2.31363229E-03
4.02928622E-01  3.03310424E-01  2.32702587E-03
4.03222623E-01  3.02947342E-01  2.28095916E-03
4.03516624E-01  2.93989271E-01  2.23246985E-03
4.03810625E-01  2.87688583E-01  2.24510557E-03
4.04104626E-01  3.06265861E-01  2.29954696E-03
4.04398628E-01  3.03562224E-01  2.23672739E-03
4.04692629E-01  2.99741566E-01  2.24466715E-03
4.04986630E-01  2.93484181E-01  2.30037444E-03
4.05280631E-01  2.89453059E-01  2.25960882E-03
4.05574632E-01  2.97220469E-01  2.21391977E-03
4.05868633E-01  3.00178260E-01  2.22891779E-03
4.06162635E-01  2.84450501E-01  2.19750428E-03
4.06456636E-01  2.98577935E-01  2.25556619E-03
4.06750637E-01  2.90839463E-01  2.20845593E-03
4.07044638E-01  3.01991135E-01  2.28761439E-03
4.07338639E-01  2.94021338E-01  2.25149794E-03
4.07632641E-01  2.93344796E-01  2.28187954E-03
4.07926642E-01  2.99380511E-01  2.28801696E-03
4.08220643E-01  3.02202076E-01  2.28259130E-03
4.08514644E-01  2.90767878E-01  2.24461243E-03
4.08808645E-01  2.96440035E-01  2.28520413E-03
4.09102646E-01  3.00077498E-01  2.32742052E-03
4.09396648E-01  2.88577199E-01  2.22119712E-03
4.09690649E-01  2.90089369E-01  2.21671606E-03
4.09984650E-01  2.94497341E-01  2.17823707E-03
4.10278651E-01  2.88002282E-01  2.21146061E-03
4.10572652E-01  2.98617244E-01  2.27349158E-03
4.10866654E-01  2.92124569E-01  2.26744986E-03
4.11160655E-01  2.90352732E-01  2.20890180E-03
4.11454656E-01  2.89359868E-01  2.17340956E-03
4.11748657E-01  2.97558188E-01  2.27002054E-03
4.12042658E-01  2.82528818E-01  2.19183136E-03
4.12336659E-01  2.89272666E-01  2.22679856E-03
4.12630661E-01  2.88310975E-01  2.19942722E-03
4.12924662E-01  2.84747064E-01  2.18648533E-03
4.13218663E-01  2.87488073E-01  2.22562440E-03
4.13512664E-01  2.80475885E-01  2.14844942E-03
4.13806665E-01  2.87176937E-01  2.20819749E-03
4.14100667E-01  2.95350194E-01  2.21374724E-03
4.14394668E-01  2.79730052E-01  2.14250875E-03
4.14688669E-01  2.83810049E-01  2.23436207E-03
4.14982670E-01  2.91400164E-01  2.22290913E-03
4.15276671E-01  2.81708091E-01  2.13742000E-03
4.15570673E-01  2.84148216E-01  2.15739198E-03
4.15864674E-01  2.85502166E-01  2.21185503E-03
4.16158675E-01  2.82388568E-01  2.15327670E-03
4.16452676E-01  2.85876334E-01  2.17130198E-03
4.16746677E-01  2.87285924E-01  2.26233806E-03
4.17040678E-01  2.77889699E-01  2.16552312E-03
4.17334680E-01  2.80441672E-01  2.21042987E-03
4.17628681E-01  2.87747115E-01  2.16160296E-03
4.17922682E-01  2.79292971E-01  2.21772259E-03
4.18216683E-01  2.79729635E-01  2.21509184E-03
4.18510684E-01  2.76036382E-01  2.22071935E-03
4.18804686E-01  2.88167894E-01  2.21135514E-03
4.19098687E-01  2.92095661E-01  2.28748238E-03
4.19392688E-01  2.88295329E-01  2.21773982E-03
4.19686689E-01  2.79150099E-01  2.14769621E-03
4.19980690E-01  2.80802459E-01  2.16733059E-03
4.20274691E-01  2.68121779E-01  2.06641830E-03
4.20568693E-01  2.79892832E-01  2.14696652E-03
4.20862694E-01  2.75631815E-01  2.18893890E-03
4.21156695E-01  2.67813474E-01  2.19894899E-03
4.21450696E-01  2.78610140E-01  2.16486678E-03
4.21744697E-01  2.67887235E-01  2.11289595E-03
4.22038699E-01  2.75937051E-01  2.21302430E-03
4.22332700E-01  2.70699978E-01  2.15130439E-03
4.22626701E-01  2.78036982E-01  2.21594912E-03
4.22920702E-01  2.74466544E-01  2.17768969E-03
4.23214703E-01  2.74035186E-01  2.11082981E-03
4.23508704E-01  2.66914070E-01  2.07880372E-03
4.23802706E-01  2.73643881E-01  2.17677886E-03
4.24096707E-01  2.80132264E-01  2.20342143E-03
4.24390708E-01  2.67891258E-01  2.07817415E-03
4.24684709E-01  2.79064119E-01  2.20737816E-03
4.24978710E-01  2.75818735E-01  2.21970212E-03
4.25272712E-01  2.81582564E-01  2.16808892E-03
4.25566713E-01  2.68885016E-01  2.13540741E-03
4.25860714E-01  2.71083891E-01  2.16909009E-03
4.26154715E-01  2.72984952E-01  2.13292055E-03
4.26448716E-01  2.69796610E-01  2.16349377E-03
4.26742717E-01  2.61967599E-01  2.09621782E-03
4.27036719E-01  2.68774420E-01  2.13596411E-03
4.27330720E-01  2.68582731E-01  2.09715776E-03
4.27624721E-01  2.67080605E-01  2.07593641E-03
4.27918722E-01  2.75558382E-01  2.17617652E-03
4.28212723E-01  2.67365426E-01  2.13830522E-03
4.28506725E-01  2.76060760E-01  2.23775487E-03
4.28800726E-01  2.72759497E-01  2.10846844E-03
4.29094727E-01  2.64889687E-01  2.11687782E-03
4.29388728E-01  2.62597501E-01  2.10228330E-03
4.29682729E-01  2.66528010E-01  2.14436185E-03
4.29976730E-01  2.68392444E-01  2.10573664E-03
4.30270732E-01  2.72630304E-01  2.16519274E-03
4.30564733E-01  2.61201233E-01  2.14453740E-03
4.30858734E-01  2.70515293E-01  2.13031238E-03
4.31152735E-01  2.73034692E-01  2.13371217E-03
4.31446736E-01  2.71509737E-01  2.15842039E-03
4.31740738E-01  2.64771938E-01  2.09196331E-03
4.32034739E-01  2.66763121E-01  2.17159279E-03
4.32328740E-01  2.65861273E-01  2.09699105E-03
4.32622741E-01  2.59419113E-01  2.13784049E-03
4.32916742E-01  2.64610410E-01  2.05605500E-03
4.33210744E-01  2.61436313E-01  2.11595697E-03
4.33504745E-01  2.65404105E-01  2.14869622E-03
4.33798746E-01  2.64184892E-01  2.06599128E-03
4.34092747E-01  2.67213970E-01  2.15332420E-03
4.34386748E-01  2.61385918E-01  2.08851625E-03
4.34680749E-01  2.64382452E-01  2.13981466E-03
4.34974751E-01  2.75819421E-01  2.14457209E-03
4.35268752E-01  2.64023930E-01  2.11360957E-03
4.35562753E-01  2.56702662E-01  2.09713029E-03
4.35856754E-01  2.68202573E-01  2.14689062E-03
4.36150755E-01  2.57958114E-01  2.11470760E-03
4.36444757E-01  2.61931181E-01  2.09928537E-03
4.36738758E-01  2.66228169E-01  2.08056136E-03
4.37032759E-01  2.57103294E-01  2.11069034E-03
4.37326760E-01  2.56120026E-01  2.04894436E-03
4.37620761E-01  2.68670827E-01  2.10083625E-03
4.37914762E-01  2.53643662E-01  2.06083339E-03
4.38208764E-01  2.63472676E-01  2.10485747E-03
4.38502765E-01  2.70223975E-01  2.11205357E-03
4.38796766E-01  2.61979401E-01  2.12104758E-03
4.39090767E-01  2.66895503E-01  2.09177169E-03
4.39384768E-01  2.65510470E-01  2.17803381E-03
4.39678770E-01  2.62324423E-01  2.16404116E-03
4.39972771E-01  2.56975532E-01  2.08567688E-03
4.40266772E-01  2.60145992E-01  2.07665516E-03
4.40560773E-01  2.56850600E-01  2.05734000E-03
4.40854774E-01  2.53295600E-01  2.11957865E-03
4.41148775E-01  2.54308462E-01  2.09750677E-03
4.41442777E-01  2.62307286E-01  2.11859937E-03
4.41736778E-01  2.65205622E-01  2.16676807E-03
4.42030779E-01  2.66630739E-01  2.08613626E-03
4.42324780E-01  2.53889382E-01  2.05227919E-03
4.42618781E-01  2.56719142E-01  2.10246770E-03
4.42912783E-01  2.69454390E-01  2.17542355E-03
4.43206784E-01  2.55023390E-01  2.10373639E-03
4.43500785E-01  2.59143263E-01  2.02072854E-03
4.43794786E-01  2.50733346E-01  2.05599284E-03
4.44088787E-01  2.63866216E-01  2.14637211E-03
4.44382788E-01  2.58267760E-01  2.04130914E-03
4.44676790E-01  2.63447583E-01  2.12322432E-03
4.44970791E-01  2.65245289E-01  2.10087607E-03
4.45264792E-01  2.69104958E-01  2.11484521E-03
4.45558793E-01  2.57664710E-01  2.10381951E-03
4.45852794E-01  2.63721317E-01  2.12037237E-03
4.46146796E-01  2.66557336E-01  2.16406002E-03
4.46440797E-01  2.60578126E-01  2.09652772E-03
4.46734798E-01  2.59348065E-01  2.02226103E-03
4.47028799E-01  2.58718878E-01  2.03789864E-03
4.47322800E-01  2.52771050E-01  2.03763437E-03
4.47616801E-01  2.54195094E-01  2.06756522E-03
4.47910803E-01  2.57716715E-01  2.11400166E-03
4.48204804E-01  2.58559138E-01  2.17981637E-03
4.48498805E-01  2.59745449E-01  2.16481066E-03
4.48792806E-01  2.58229882E-01  2.14486080E-03
4.49086807E-01  2.50987440E-01  2.15063104E-03
4.49380809E-01  2.57128954E-01  2.17372156E-03
4.49674810E-01  2.51219839E-01  2.18578544E-03
4.49968811E-01  2.57289946E-01  2.16843956E-03
4.50262812E-01  2.63322264E-01  2.27651768E-03
4.50556813E-01  2.59326398E-01  2.22211238E-03
4.50850814E-01  2.56261557E-01  2.24476517E-03
4.51144816E-01  2.55478591E-01  2.28642812E-03
4.51438817E-01  2.58822650E-01  2.35249544E-03
4.51732818E-01  2.61530429E-01  2.31963582E-03
4.52026819E-01  2.55473107E-01  2.22726585E-03
4.52320820E-01  2.51399428E-01  2.31356313E-03
4.52614822E-01  2.59507507E-01  2.38081231E-03
4.52908823E-01  2.55174667E-01  2.31784792E-03
4.53202824E-01  2.64207363E-01  2.37316755E-03
4.53496825E-01  2.58537084E-01  2.33660219E-03
4.53790826E-01  2.55813450E-01  2.33184616E-03
4.54084828E-01  2.59536058E-01  2.37086229E-03
4.54378829E-01  2.57021368E-01  2.34197220E-03
4.54672830E-01  2.52104968E-01  2.38294597E-03
4.54966831E-01  2.59477526E-01  2.44155969E-03
4.55260832E-01  2.63402402E-01  2.50460231E-03
4.55554833E-01  2.64452398E-01  2.47087097E-03
4.55848835E-01  2.64869571E-01  2.43113493E-03
4.56142836E-01  2.71190554E-01  2.48196698E-03
4.56436837E-01  2.71089762E-01  2.57637049E-03
4.56730838E-01  2.60939747E-01  2.43290816E-03
4.57024839E-01  2.46038914E-01  2.34810240E-03
4.57318841E-01  2.56993026E-01  2.40652380E-03
4.57612842E-01  2.53955066E-01  2.44025281E-03
4.57906843E-01  2.57640392E-01  2.49275868E-03
4.58200844E-01  2.50464380E-01  2.49349326E-03
4.58494845E-01  2.55342871E-01  2.47696671E-03
4.58788846E-01  2.54436851E-01  2.45380052E-03
4.59082848E-01  2.58144855E-01  2.41306284E-03
4.59376849E-01  2.49476567E-01  2.37021991E-03
4.59670850E-01  2.60630548E-01  2.39895377E-03
4.59964851E-01  2.60199338E-01  2.40702764E-03
4.60258852E-01  2.67509311E-01  2.36313557E-03
4.60552854E-01  2.64689296E-01  2.37852964E-03
4.60846855E-01  2.63034523E-01  2.35549314E-03
4.61140856E-01  2.55252391E-01  2.27886881E-03
4.61434857E-01  2.55612731E-01  2.33025942E-03
4.61728858E-01  2.61241078E-01  2.27927719E-03
4.62022859E-01  2.66326457E-01  2.34122085E-03
4.62316861E-01  2.56036401E-01  2.28089979E-03
4.62610862E-01  2.61667669E-01  2.31362181E-03
4.62904863E-01  2.55809277E-01  2.24715192E-03
4.63198864E-01  2.64763236E-01  2.24356633E-03
4.63492865E-01  2.52943277E-01  2.33802316E-03
4.63786867E-01  2.57228851E-01  2.34067184E-03
4.64080868E-01  2.59336472E-01  2.36187992E-03
4.64374869E-01  2.60255337E-01  2.21177563E-03
4.64668870E-01  2.54837513E-01  2.24386877E-03
4.64962871E-01  2.47169033E-01  2.24509812E-03
4.65256872E-01  2.65924066E-01  2.29512854E-03
4.65550874E-01  2.64635891E-01  2.35431362E-03
4.65844875E-01  2.50685543E-01  2.21443805E-03
4.66138876E-01  2.55960196E-01  2.28512520E-03
4.66432877E-01  2.61430949E-01  2.30400660E-03
4.66726878E-01  2.57221311E-01  2.28815968E-03
4.67020880E-01  2.54275292E-01  2.28833477E-03
4.67314881E-01  2.65391976E-01  2.26323493E-03
4.67608882E-01  2.61848450E-01  2.22564233E-03
4.67902883E-01  2.53687739E-01  2.26663542E-03
4.68196884E-01  2.65123695E-01  2.34813849E-03
4.68490885E-01  2.55950391E-01  2.19995342E-03
4.68784887E-01  2.48733625E-01  2.13502487E-03
4.69078888E-01  2.61348337E-01  2.31035892E-03
4.69372889E-01  2.48500988E-01  2.20153085E-03
4.69666890E-01  2.56983966E-01  2.26859655E-03
4.69960891E-01  2.63866514E-01  2.23815790E-03
4.70254893E-01  2.56610215E-01  2.24759639E-03
4.70548894E-01  2.58576155E-01  2.22978834E-03
4.70842895E-01  2.59414613E-01  2.26525171E-03
4.71136896E-01  2.54140407E-01  2.21779360E-03
4.71430897E-01  2.47398943E-01  2.18580849E-03
4.71724899E-01  2.49164194E-01  2.20107194E-03
4.72018900E-01  2.62136191E-01  2.21475377E-03
4.72312901E-01  2.56661892E-01  2.25027930E-03
4.72606902E-01  2.53689557E-01  2.27261614E-03
4.72900903E-01  2.59202987E-01  2.28528492E-03
4.73194904E-01  2.56586701E-01  2.20148778E-03
4.73488906E-01  2.45435715E-01  2.15941924E-03
4.73782907E-01  2.62009531E-01  2.22917227E-03
4.74076908E-01  2.54975855E-01  2.23841355E-03
4.74370909E-01  2.58695513E-01  2.23881775E-03
4.74664910E-01  2.54830509E-01  2.22410145E-03
4.74958912E-01  2.69163758E-01  2.26739980E-03
4.75252913E-01  2.64123082E-01  2.27923947E-03
4.75546914E-01  2.59403557E-01  2.23292178E-03
4.75840915E-01  2.69252896E-01  2.21859640E-03
4.76134916E-01  2.67615765E-01  2.34281505E-03
4.76428917E-01  2.63598502E-01  2.25666631E-03
4.76722919E-01  2.54533470E-01  2.25894852E-03
4.77016920E-01  2.53241628E-01  2.24567624E-03
4.77310921E-01  2.59119421E-01  2.25727097E-03
4.77604922E-01  2.57065862E-01  2.29296391E-03
4.77898923E-01  2.65343875E-01  2.23329873E-03
4.78192925E-01  2.61439830E-01  2.23646895E-03
4.78486926E-01  2.59243906E-01  2.18791771E-03
4.78780927E-01  2.53379583E-01  2.25655735E-03
4.79074928E-01  2.54654139E-01  2.17708643E-03
4.79368929E-01  2.63710052E-01  2.24796752E-03
4.79662930E-01  2.57896930E-01  2.15014466E-03
4.79956932E-01  2.52355129E-01  2.22839462E-03
4.80250933E-01  2.55488634E-01  2.19941535E-03
4.80544934E-01  2.49358609E-01  2.10921885E-03
4.80838935E-01  2.58849353E-01  2.26758677E-03
4.81132936E-01  2.60852039E-01  2.23616813E-03
4.81426938E-01  2.46809080E-01  2.18436774E-03
4.81720939E-01  2.56686449E-01  2.16559554E-03
4.82014940E-01  2.57522613E-01  2.30164849E-03
4.82308941E-01  2.60794669E-01  2.24479660E-03
4.82602942E-01  2.48725906E-01  2.16514035E-03
4.82896943E-01  2.58883238E-01  2.20971648E-03
4.83190945E-01  2.55992144E-01  2.19040108E-03
4.83484946E-01  2.60607749E-01  2.24629673E-03
4.83778947E-01  2.61886477E-01  2.20917375E-03
4.84072948E-01  2.59310365E-01  2.18534563E-03
4.84366949E-01  2.66250998E-01  2.21265364E-03
4.84660951E-01  2.63393074E-01  2.25601252E-03
4.84954952E-01  2.55394161E-01  2.19721929E-03
4.85248953E-01  2.60984391E-01  2.19452288E-03
4.85542954E-01  2.55493224E-01  2.19936646E-03
4.85836955E-01  2.66497165E-01  2.31370749E-03
4.86130956E-01  2.50568986E-01  2.22791196E-03
4.86424958E-01  2.63078809E-01  2.22436711E-03
4.86718959E-01  2.58845657E-01  2.22519715E-03
4.87012960E-01  2.56894618E-01  2.23740260E-03
4.87306961E-01  2.53349632E-01  2.14256532E-03
4.87600962E-01  2.71816224E-01  2.27181404E-03
4.87894964E-01  2.60611087E-01  2.22156313E-03
4.88188965E-01  2.64515191E-01  2.24802922E-03
4.88482966E-01  2.49134451E-01  2.19241949E-03
4.88776967E-01  2.54045516E-01  2.24324339E-03
4.89070968E-01  2.50738412E-01  2.16270611E-03
4.89364970E-01  2.54131615E-01  2.14850740E-03
4.89658971E-01  2.63071358E-01  2.25394825E-03
4.89952972E-01  2.59743363E-01  2.19670217E-03
4.90246973E-01  2.46554956E-01  2.07588589E-03
4.90540974E-01  2.60302961E-01  2.24944809E-03
4.90834975E-01  2.54970819E-01  2.14361376E-03
4.91128977E-01  2.50377446E-01  2.21362500E-03
4.91422978E-01  2.56687403E-01  2.21249787E-03
4.91716979E-01  2.51614898E-01  2.16613617E-03
4.92010980E-01  2.60982811E-01  2.19274918E-03
4.92304981E-01  2.63221085E-01  2.26759724E-03
4.92598983E-01  2.56649613E-01  2.19245232E-03
4.92892984E-01  2.60026306E-01  2.20484426E-03
4.93186985E-01  2.61417449E-01  2.25543114E-03
4.93480986E-01  2.65729308E-01  2.21271417E-03
4.93774987E-01  2.55835325E-01  2.20784824E-03
4.94068988E-01  2.55204499E-01  2.15027854E-03
4.94362990E-01  2.50968844E-01  2.16163206E-03
4.94656991E-01  2.59391844E-01  2.22342578E-03
4.94950992E-01  2.58417189E-01  2.23240908E-03
4.95244993E-01  2.57601798E-01  2.21421826E-03
4.95538994E-01  2.60742992E-01  2.19876505E-03
4.95832996E-01  2.58080125E-01  2.17212946E-03
4.96126997E-01  2.54778802E-01  2.25469400E-03
4.96420998E-01  2.56707162E-01  2.21727160E-03
4.96714999E-01  2.55814642E-01  2.18905043E-03
4.97009000E-01  2.49695197E-01  2.16955389E-03
4.97303001E-01  2.53176183E-01  2.21856358E-03
4.97597003E-01  2.48748600E-01  2.09164433E-03
4.97891004E-01  2.61739403E-01  2.20943266E-03
4.98185005E-01  2.54249603E-01  2.17247452E-03
4.98479006E-01  2.61478543E-01  2.23390665E-03
4.98773007E-01  2.55887628E-01  2.20214901E-03
4.99067009E-01  2.52530575E-01  2.19915365E-03
4.99361010E-01  2.63696581E-01  2.24963506E-03
4.99655011E-01  2.66862780E-01  2.18556495E-03
4.99949012E-01  2.55893588E-01  2.20214087E-03
5.00243013E-01  2.61065722E-01  2.22431286E-03
5.00537014E-01  2.48769507E-01  2.20844452E-03
5.00831016E-01  2.60410398E-01  2.23141001E-03
5.01125017E-01  2.49876902E-01  2.17923662E-03
5.01419018E-01  2.58697331E-01  2.20340793E-03
5.01713019E-01  2.57485390E-01  2.17392598E-03
5.02007020E-01  2.59699762E-01  2.20771460E-03
5.02301022E-01  2.61470139E-01  2.21635145E-03
5.02595023E-01  2.49204442E-01  2.19757040E-03
5.02889024E-01  2.55258143E-01  2.15365319E-03
5.03183025E-01  2.54026026E-01  2.21947278E-03
5.03477026E-01  2.58065581E-01  2.15150835E-03
5.03771027E-01  2.58676827E-01  2.19974853E-03
5.04065029E-01  2.57516772E-01  2.25333311E-03
5.04359030E-01  2.58598268E-01  2.21038354E-03
5.04653031E-01  2.57399142E-01  2.24390300E-03
5.04947032E-01  2.58062333E-01  2.21994985E-03
5.05241033E-01  2.60311753E-01  2.14732904E-03
5.05535035E-01  2.45139405E-01  2.14053597E-03
5.05829036E-01  2.47681126E-01  2.09159940E-03
5.06123037E-01  2.58562177E-01  2.23911530E-03
5.06417038E-01  2.50268877E-01  2.18887976E-03
5.06711039E-01  2.61148453E-01  2.27902550E-03
5.07005040E-01  2.46825114E-01  2.11190851E-03
5.07299042E-01  2.61062890E-01  2.21914798E-03
5.07593043E-01  2.62117147E-01  2.24592234E-03
5.07887044E-01  2.62570441E-01  2.24450929E-03
5.08181045E-01  2.54154712E-01  2.19751545E-03
5.08475046E-01  2.52448201E-01  2.17013690E-03
5.08769048E-01  2.59066671E-01  2.24447274E-03
5.09063049E-01  2.55903810E-01  2.21481244E-03
5.09357050E-01  2.51010805E-01  2.23899772E-03
5.09651051E-01  2.53550142E-01  2.10192916E-03
5.09945052E-01  2.54629135E-01  2.15367926E-03
5.10239054E-01  2.54414737E-01  2.19328678E-03
5.10533055E-01  2.59368569E-01  2.22805631E-03
5.10827056E-01  2.51597553E-01  2.18804041E-03
5.11121057E-01  2.66284138E-01  2.24180031E-03
5.11415058E-01  2.57874548E-01  2.19634641E-03
5.11709059E-01  2.53403515E-01  2.12926045E-03
5.12003061E-01  2.52923399E-01  2.13158503E-03
5.12297062E-01  2.61038035E-01  2.21064989E-03
5.12591063E-01  2.55384356E-01  2.16875179E-03
5.12885064E-01  2.58006483E-01  2.19791755E-03
5.13179065E-01  2.53122658E-01  2.19480228E-03
5.13473067E-01  2.52483398E-01  2.15101335E-03
5.13767068E-01  2.55740434E-01  2.20827316E-03
5.14061069E-01  2.67377377E-01  2.26083747E-03
5.14355070E-01  2.51341462E-01  2.14885012E-03
5.14649071E-01  2.62950391E-01  2.22013914E-03
5.14943072E-01  2.61020303E-01  2.19900114E-03
5.15237074E-01  2.60005176E-01  2.20555277E-03
5.15531075E-01  2.59675890E-01  2.18955334E-03
5.15825076E-01  2.69335955E-01  2.27679941E-03
5.16119077E-01  2.51048088E-01  2.20543006E-03
5.16413078E-01  2.65466601E-01  2.18731700E-03
5.16707080E-01  2.49187410E-01  2.25523207E-03
5.17001081E-01  2.59492129E-01  2.15459778E-03
5.17295082E-01  2.49455258E-01  2.15197145E-03
5.17589083E-01  2.59399414E-01  2.20383261E-03
5.17883084E-01  2.51560748E-01  2.17191619E-03
5.18177085E-01  2.58603454E-01  2.16940721E-03
5.18471087E-01  2.49561250E-01  2.13494524E-03
5.18765088E-01  2.60067075E-01  2.20775907E-03
5.19059089E-01  2.52144307E-01  2.16789544E-03
5.19353090E-01  2.50631332E-01  2.15469860E-03
5.19647091E-01  2.50762999E-01  2.16402765E-03
5.19941093E-01  2.51438260E-01  2.20720842E-03
5.20235094E-01  2.64376342E-01  2.23433250E-03
5.20529095E-01  2.56705433E-01  2.15171999E-03
5.20823096E-01  2.60505289E-01  2.20910530E-03
5.21117097E-01  2.56855071E-01  2.24367296E-03
5.21411098E-01  2.60215521E-01  2.19260319E-03
5.21705100E-01  2.58821100E-01  2.26024841E-03
5.21999101E-01  2.54085660E-01  2.16091587E-03
5.22293102E-01  2.57950425E-01  2.21028086E-03
5.22587103E-01  2.49405637E-01  2.21639522E-03
5.22881104E-01  2.54909962E-01  2.23286520E-03
5.23175106E-01  2.57523000E-01  2.23336928E-03
5.23469107E-01  2.59948671E-01  2.25428282E-03
5.23763108E-01  2.51293719E-01  2.12844671E-03
5.24057109E-01  2.61511773E-01  2.25275755E-03
5.24351110E-01  2.58175105E-01  2.14846269E-03
5.24645111E-01  2.55878627E-01  2.21371534E-03
5.24939113E-01  2.58498132E-01  2.24328297E-03
5.25233114E-01  2.59067208E-01  2.22548540E-03
5.25527115E-01  2.60855913E-01  2.26664077E-03
5.25821116E-01  2.57930517E-01  2.18226854E-03
5.26115117E-01  2.53059924E-01  2.17573531E-03
5.26409119E-01  2.53377616E-01  2.15596729E-03
5.26703120E-01  2.52404004E-01  2.14576954E-03
5.26997121E-01  2.56577194E-01  2.17086053E-03
5.27291122E-01  2.55014241E-01  2.19507492E-03
5.27585123E-01  2.54620194E-01  2.16347771E-03
5.27879125E-01  2.63891965E-01  2.24859244E-03
5.28173126E-01  2.60027796E-01  2.21319986E-03
5.28467127E-01  2.55688012E-01  2.25811033E-03
5.28761128E-01  2.48162970E-01  2.14291923E-03
5.29055129E-01  2.54105419E-01  2.17484566E-03
5.29349130E-01  2.54379004E-01  2.16125953E-03
5.29643132E-01  2.52433330E-01  2.24544108E-03
5.29937133E-01  2.55807817E-01  2.15703109E-03
5.30231134E-01  2.51651645E-01  2.13414663E-03
5.30525135E-01  2.60387361E-01  2.18228530E-03
5.30819136E-01  2.62411416E-01  2.18765112E-03
5.31113138E-01  2.45404527E-01  2.12340546E-03
5.31407139E-01  2.56862640E-01  2.22052704E-03
5.31701140E-01  2.47302249E-01  2.15043291E-03
5.31995141E-01  2.55321234E-01  2.19440972E-03
5.32289142E-01  2.61466801E-01  2.25036149E-03
5.32583143E-01  2.56487995E-01  2.19937111E-03
5.32877145E-01  2.67169684E-01  2.25736247E-03
5.33171146E-01  2.61516303E-01  2.19485117E-03
5.33465147E-01  2.59310901E-01  2.21206248E-03
5.33759148E-01  2.61470795E-01  2.17089802E-03
5.34053149E-01  2.54181862E-01  2.16011517E-03
5.34347151E-01  2.62205064E-01  2.15579499E-03
5.34641152E-01  2.50408292E-01  2.16570264E-03
5.34935153E-01  2.59359092E-01  2.18893820E-03
5.35229154E-01  2.51145184E-01  2.09074095E-03
5.35523155E-01  2.63476998E-01  2.19793688E-03
5.35817156E-01  2.45672077E-01  2.12964229E-03
5.36111158E-01  2.46385559E-01  2.12730374E-03
5.36405159E-01  2.57090032E-01  2.10992550E-03
5.36699160E-01  2.55365312E-01  2.14821845E-03
5.36993161E-01  2.51375943E-01  2.12454260E-03
5.37287162E-01  2.64874578E-01  2.16204138E-03
5.37581164E-01  2.51960546E-01  2.07914435E-03
5.37875165E-01  2.52332419E-01  2.12529092E-03
5.38169166E-01  2.45102271E-01  2.12216261E-03
5.38463167E-01  2.55089581E-01  2.14777142E-03
5.38757168E-01  2.43849859E-01  2.11120327E-03
5.39051169E-01  2.47670949E-01  2.03832239E-03
5.39345171E-01  2.45510146E-01  2.14114180E-03
5.39639172E-01  2.51585484E-01  2.15773936E-03
5.39933173E-01  2.50466257E-01  2.12176982E-03
5.40227174E-01  2.55887240E-01  2.16578995E-03
5.40521175E-01  2.53235698E-01  2.19107838E-03
5.40815177E-01  2.44185865E-01  2.10593012E-03
5.41109178E-01  2.57491350E-01  2.15145573E-03


### HEADER:
#
#{
#    "analysis": {},
#    "calibration_params": {
#        "Beam_Center_X": 1093.5,
#        "Beam_Center_Y": 2070.0,
#        "Detector Tilt": 0.0,
#        "Detector Tilt Plane Rotation": 0.0,
#        "Detector_X_Pixel_Size": 75.0,
#        "Detector_Y_Pixel_Size": 75.0,
#        "Integration Method": "nosplit_csr",
#        "Radial_Average_Method": "pyFAI",
#        "Sample-to-detector distance (mm)": 1790.0,
#        "Wavelength (A)": 0.8922346081119231
#    },
#    "config_file": "/nfs/chess/daq/2024-3/id7a/Winnikoff_10_17_24/HP-SAXS_10_20_24.cfg",
#    "counters": {
#        "Epoch": "67.722",
#        "I1": "0",
#        "I2": "0",
#        "I3": "0",
#        "Seconds": "1",
#        "Time": "1.78814e-05",
#        "date": "Fri Oct 18 07:38:51 2024",
#        "diode": "38144"
#    },
#    "filename": "D2M0010_035C_040MPa_up_2_data_000001_00001.h5",
#    "history": {},
#    "imageHeader": {},
#    "load_path": "/nfs/chess/daq/2024-3/id7a/Milshteyn_10_18_2024/D2M0010/D2M0010_035C_040MPa_up_2_data_000001.h5",
#    "normalizations": {
#        "Absolute_scale": {
#            "Absolute_scale_factor": 0.049803809341568875,
#            "Method": "Water"
#        },
#        "Counter_norms": [
#            [
#                "/",
#                "diode/150000"
#            ]
#        ],
#        "Polarization": {
#            "Used": false
#        },
#        "Solid_Angle_Correction": "On"
#    },
#    "raw_version": "2.1.4"
#}

