### DATA:
#
# 1786
#      Q             I(Q)           Error     
1.06204562E-02  4.95322895E+00  1.15774691E-01
1.09114276E-02  4.35784006E+00  1.01002224E-01
1.12023990E-02  3.98031712E+00  8.34032148E-02
1.14933704E-02  3.64278793E+00  7.53370002E-02
1.17843418E-02  3.31440806E+00  6.83331490E-02
1.20753132E-02  3.00194407E+00  6.14213757E-02
1.23662846E-02  2.86455536E+00  6.16631359E-02
1.26572560E-02  2.58752656E+00  5.72018139E-02
1.29482274E-02  2.43885493E+00  5.00405878E-02
1.32391988E-02  2.26430297E+00  4.58514243E-02
1.35301702E-02  2.10498428E+00  4.29573990E-02
1.38211416E-02  1.92539144E+00  3.62730175E-02
1.41121131E-02  1.80051136E+00  3.46865617E-02
1.44030845E-02  1.67633951E+00  3.01517174E-02
1.46940559E-02  1.61577976E+00  2.65459474E-02
1.49850273E-02  1.50184965E+00  2.57236939E-02
1.52759987E-02  1.41429412E+00  2.75161881E-02
1.55669701E-02  1.38481295E+00  2.30219215E-02
1.58579415E-02  1.25666058E+00  2.27222610E-02
1.61489129E-02  1.24870861E+00  2.36697234E-02
1.64398843E-02  1.12341070E+00  1.84274334E-02
1.67308557E-02  1.11608505E+00  2.26590391E-02
1.70218271E-02  1.04947734E+00  1.69303827E-02
1.73127985E-02  9.79400873E-01  1.75279099E-02
1.76037699E-02  9.47542250E-01  1.79351214E-02
1.78947413E-02  9.29459870E-01  1.46038886E-02
1.81857127E-02  8.64848137E-01  1.45165520E-02
1.84766841E-02  8.28982413E-01  1.35992002E-02
1.87676555E-02  8.44064057E-01  1.31011624E-02
1.90586269E-02  7.85159290E-01  1.41565790E-02
1.93495983E-02  7.72624075E-01  1.10236285E-02
1.96405697E-02  7.48163462E-01  1.31522743E-02
1.99315411E-02  7.18526721E-01  1.26112020E-02
2.02225125E-02  6.98042393E-01  1.05139157E-02
2.05134839E-02  6.66438699E-01  1.14703523E-02
2.08044553E-02  6.39436305E-01  1.06494147E-02
2.10954267E-02  6.20626152E-01  1.09334299E-02
2.13863981E-02  6.08854830E-01  1.00610042E-02
2.16773695E-02  5.87482810E-01  9.52871889E-03
2.19683409E-02  5.71476460E-01  9.44241602E-03
2.22593123E-02  5.51839471E-01  8.95930175E-03
2.25502837E-02  5.36325872E-01  8.35108943E-03
2.28412551E-02  5.33692658E-01  7.72261340E-03
2.31322265E-02  5.17379642E-01  7.93780666E-03
2.34231979E-02  5.10395348E-01  7.86336139E-03
2.37141694E-02  4.89856690E-01  6.93050167E-03
2.40051408E-02  4.74213153E-01  7.12723471E-03
2.42961122E-02  4.61191952E-01  7.03878701E-03
2.45870836E-02  4.64659125E-01  7.13394862E-03
2.48780550E-02  4.49559689E-01  6.93187490E-03
2.51690264E-02  4.39326674E-01  6.55339658E-03
2.54599978E-02  4.36376989E-01  6.24792324E-03
2.57509692E-02  4.15479034E-01  5.61855687E-03
2.60419406E-02  4.16902900E-01  6.51215529E-03
2.63329120E-02  4.07661796E-01  5.94108924E-03
2.66238834E-02  4.05046344E-01  6.15035975E-03
2.69148548E-02  4.07479912E-01  6.15322217E-03
2.72058262E-02  3.92699897E-01  6.35667704E-03
2.74967976E-02  3.96034032E-01  6.15576515E-03
2.77877690E-02  3.72271717E-01  5.52823115E-03
2.80787404E-02  3.61297548E-01  5.87009452E-03
2.83697118E-02  3.61351669E-01  5.56854950E-03
2.86606832E-02  3.77611995E-01  5.54642640E-03
2.89516546E-02  3.56239229E-01  5.91085711E-03
2.92426260E-02  3.56455684E-01  5.61182573E-03
2.95335974E-02  3.61806989E-01  5.71945449E-03
2.98245688E-02  3.45012039E-01  5.29966364E-03
3.01155402E-02  3.43348652E-01  5.47444681E-03
3.04065116E-02  3.36860836E-01  5.55318128E-03
3.06974830E-02  3.33692789E-01  4.82030818E-03
3.09884544E-02  3.37082952E-01  5.14911953E-03
3.12794258E-02  3.29364657E-01  4.45478130E-03
3.15703972E-02  3.26524019E-01  4.59848903E-03
3.18613686E-02  3.12571615E-01  4.53652395E-03
3.21523400E-02  3.18026215E-01  4.59808763E-03
3.24433114E-02  3.03976983E-01  4.51125018E-03
3.27342828E-02  3.12182695E-01  4.12222883E-03
3.30252543E-02  3.09319824E-01  4.35930025E-03
3.33162257E-02  3.07519615E-01  4.39348491E-03
3.36071971E-02  3.10011595E-01  4.34695231E-03
3.38981685E-02  2.98020810E-01  4.30181902E-03
3.41891399E-02  3.02330166E-01  4.37097531E-03
3.44801113E-02  2.98987836E-01  4.09503561E-03
3.47710827E-02  2.93915629E-01  4.36604209E-03
3.50620541E-02  2.94577181E-01  4.06929897E-03
3.53530255E-02  2.99272537E-01  4.09369217E-03
3.56439969E-02  2.92920858E-01  3.84515710E-03
3.59349683E-02  2.94521242E-01  4.13981220E-03
3.62259397E-02  2.93804556E-01  3.75664979E-03
3.65169111E-02  2.92918444E-01  4.06198436E-03
3.68078825E-02  2.81211525E-01  3.72329354E-03
3.70988539E-02  2.90377825E-01  3.84349865E-03
3.73898253E-02  2.89341688E-01  3.91768385E-03
3.76807967E-02  2.93781072E-01  3.62672447E-03
3.79717681E-02  2.83908218E-01  3.75296525E-03
3.82627395E-02  2.85552889E-01  3.74155072E-03
3.85537109E-02  2.84903616E-01  3.55305988E-03
3.88446823E-02  2.80341476E-01  3.43377050E-03
3.91356537E-02  2.79292941E-01  3.61924572E-03
3.94266251E-02  2.82010615E-01  3.33945826E-03
3.97175965E-02  2.72623688E-01  3.45405191E-03
4.00085679E-02  2.78678566E-01  3.54492688E-03
4.02995393E-02  2.78812110E-01  3.39934137E-03
4.05905107E-02  2.76621222E-01  3.15558771E-03
4.08814821E-02  2.77330935E-01  3.37806763E-03
4.11724535E-02  2.73261696E-01  3.24756838E-03
4.14634249E-02  2.76305467E-01  3.40431719E-03
4.17543963E-02  2.71810353E-01  3.33575369E-03
4.20453677E-02  2.70505816E-01  3.20063275E-03
4.23363392E-02  2.78139055E-01  3.54968011E-03
4.26273106E-02  2.83847868E-01  3.14771989E-03
4.29182820E-02  2.76649117E-01  3.35598108E-03
4.32092534E-02  2.80021578E-01  3.38740018E-03
4.35002248E-02  2.76068717E-01  3.24914395E-03
4.37911962E-02  2.75184870E-01  3.36484867E-03
4.40821676E-02  2.76354760E-01  3.23357643E-03
4.43731390E-02  2.78140515E-01  3.33457836E-03
4.46641104E-02  2.73515999E-01  3.38090677E-03
4.49550818E-02  2.74770409E-01  3.27016157E-03
4.52460532E-02  2.75837868E-01  3.29748890E-03
4.55370246E-02  2.87706345E-01  3.31902411E-03
4.58279960E-02  2.83691466E-01  3.32014705E-03
4.61189674E-02  2.83429205E-01  3.20088165E-03
4.64099388E-02  2.77428806E-01  3.12807621E-03
4.67009102E-02  2.83254951E-01  3.24689411E-03
4.69918816E-02  2.82686770E-01  3.22348904E-03
4.72828530E-02  2.80632406E-01  3.23933689E-03
4.75738244E-02  2.82859296E-01  3.26325512E-03
4.78647958E-02  2.85424978E-01  3.17703234E-03
4.81557672E-02  2.94977188E-01  3.35796154E-03
4.84467386E-02  2.86288321E-01  3.11792479E-03
4.87377100E-02  2.89400071E-01  3.16949235E-03
4.90286814E-02  2.97163934E-01  3.30907945E-03
4.93196528E-02  2.96621054E-01  3.35697923E-03
4.96106242E-02  2.89812475E-01  3.23120086E-03
4.99015956E-02  2.93175936E-01  3.31629021E-03
5.01925670E-02  2.99016535E-01  3.13604088E-03
5.04835384E-02  2.98231930E-01  3.18002491E-03
5.07745098E-02  3.06148589E-01  3.12054972E-03
5.10654812E-02  3.00245941E-01  3.32617573E-03
5.13564526E-02  3.01602542E-01  3.23208934E-03
5.16474241E-02  3.04323137E-01  3.26917088E-03
5.19383955E-02  3.09996903E-01  3.24043073E-03
5.22293669E-02  3.11028242E-01  3.13646696E-03
5.25203383E-02  3.13643813E-01  3.25689255E-03
5.28113097E-02  3.12298983E-01  3.17915366E-03
5.31022811E-02  3.11899275E-01  3.18237604E-03
5.33932525E-02  3.12367558E-01  3.15781659E-03
5.36842239E-02  3.15409392E-01  3.42006213E-03
5.39751953E-02  3.24785322E-01  3.41964513E-03
5.42661667E-02  3.31377536E-01  3.44423298E-03
5.45571381E-02  3.24926138E-01  3.38597153E-03
5.48481095E-02  3.30194294E-01  3.40540684E-03
5.51390809E-02  3.31427544E-01  3.40959942E-03
5.54300523E-02  3.35800678E-01  3.36693693E-03
5.57210237E-02  3.44691396E-01  3.37987719E-03
5.60119951E-02  3.42050880E-01  3.29946587E-03
5.63029665E-02  3.44063640E-01  3.35340435E-03
5.65939379E-02  3.52685511E-01  3.47305881E-03
5.68849093E-02  3.54317307E-01  3.43413232E-03
5.71758807E-02  3.57107490E-01  3.68181989E-03
5.74668521E-02  3.63605171E-01  3.48326424E-03
5.77578235E-02  3.58353913E-01  3.35024158E-03
5.80487949E-02  3.69996190E-01  3.67167289E-03
5.83397663E-02  3.77208918E-01  3.49646737E-03
5.86307377E-02  3.67163092E-01  3.36667406E-03
5.89217091E-02  3.74867618E-01  3.42840538E-03
5.92126805E-02  3.79437983E-01  3.40661872E-03
5.95036519E-02  3.87529522E-01  3.76292132E-03
5.97946233E-02  3.88328999E-01  3.38235078E-03
6.00855947E-02  3.93160641E-01  3.58373346E-03
6.03765661E-02  3.99258703E-01  3.51143372E-03
6.06675375E-02  4.05351222E-01  3.60040716E-03
6.09585090E-02  4.12117124E-01  3.63365188E-03
6.12494804E-02  4.24301028E-01  3.57781001E-03
6.15404518E-02  4.14458722E-01  3.66892060E-03
6.18314232E-02  4.26139534E-01  3.50530818E-03
6.21223946E-02  4.32756066E-01  3.69921047E-03
6.24133660E-02  4.39538062E-01  3.86149297E-03
6.27043374E-02  4.47286695E-01  3.60869127E-03
6.29953088E-02  4.52155054E-01  3.89547343E-03
6.32862802E-02  4.61780995E-01  3.72869405E-03
6.35772516E-02  4.63562578E-01  3.84525955E-03
6.38682230E-02  4.67548102E-01  3.88291804E-03
6.41591944E-02  4.77779865E-01  3.69331823E-03
6.44501658E-02  4.89037246E-01  3.88295297E-03
6.47411372E-02  4.95411754E-01  3.88400978E-03
6.50321086E-02  5.12741089E-01  4.07715049E-03
6.53230800E-02  5.08833766E-01  3.92890396E-03
6.56140514E-02  5.18142164E-01  4.08584857E-03
6.59050228E-02  5.39426863E-01  4.08651913E-03
6.61959942E-02  5.50446153E-01  4.27376293E-03
6.64869656E-02  5.46214879E-01  4.19353275E-03
6.67779370E-02  5.55709600E-01  4.29693516E-03
6.70689084E-02  5.73784113E-01  4.11012257E-03
6.73598798E-02  5.77878058E-01  4.21945658E-03
6.76508512E-02  5.90209961E-01  4.05883277E-03
6.79418226E-02  5.92882097E-01  4.19345265E-03
6.82327940E-02  6.00404441E-01  4.11303388E-03
6.85237654E-02  6.18213892E-01  4.25131293E-03
6.88147368E-02  6.31242037E-01  4.29104595E-03
6.91057082E-02  6.41270339E-01  4.46537463E-03
6.93966796E-02  6.53042376E-01  4.50885203E-03
6.96876510E-02  6.75308824E-01  4.55396716E-03
6.99786224E-02  6.86944366E-01  4.68351459E-03
7.02695938E-02  7.06141233E-01  4.60766116E-03
7.05605653E-02  7.21176147E-01  4.64236364E-03
7.08515367E-02  7.27890193E-01  4.87369671E-03
7.11425081E-02  7.54842758E-01  4.84318100E-03
7.14334795E-02  7.57921398E-01  4.57122223E-03
7.17244509E-02  7.93260038E-01  5.00124786E-03
7.20154223E-02  8.08653891E-01  4.82894387E-03
7.23063937E-02  8.24034154E-01  5.11051947E-03
7.25973651E-02  8.43806505E-01  5.15404809E-03
7.28883365E-02  8.75341773E-01  5.25755808E-03
7.31793079E-02  8.95339370E-01  5.53179346E-03
7.34702793E-02  9.15873230E-01  5.60911279E-03
7.37612507E-02  9.45387542E-01  5.74989896E-03
7.40522221E-02  9.60578680E-01  5.63900359E-03
7.43431935E-02  9.98619735E-01  5.66492463E-03
7.46341649E-02  1.02408957E+00  5.74879581E-03
7.49251363E-02  1.06827497E+00  6.36503287E-03
7.52161077E-02  1.11114454E+00  6.16107741E-03
7.55070791E-02  1.13321948E+00  6.54550595E-03
7.57980505E-02  1.17189252E+00  6.44978695E-03
7.60890219E-02  1.21339107E+00  6.76091574E-03
7.63799933E-02  1.25811481E+00  6.99148467E-03
7.66709647E-02  1.31557727E+00  7.31104985E-03
7.69619361E-02  1.35185671E+00  7.50138238E-03
7.72529075E-02  1.39805853E+00  8.02575052E-03
7.75438789E-02  1.47638309E+00  8.42770748E-03
7.78348503E-02  1.52301466E+00  8.53692647E-03
7.81258217E-02  1.60066175E+00  9.39052738E-03
7.84167931E-02  1.66459417E+00  9.59700812E-03
7.87077645E-02  1.75193572E+00  1.01879518E-02
7.89987359E-02  1.83975244E+00  1.04758888E-02
7.92897073E-02  1.94569671E+00  1.16428426E-02
7.95806787E-02  2.03053284E+00  1.27662653E-02
7.98716502E-02  2.15923500E+00  1.38470018E-02
8.01626216E-02  2.29145837E+00  1.52705833E-02
8.04535930E-02  2.43480468E+00  1.65822562E-02
8.07445644E-02  2.60131502E+00  1.84123367E-02
8.10355358E-02  2.75854468E+00  2.02335306E-02
8.13265072E-02  2.97897983E+00  2.33471040E-02
8.16174786E-02  3.22562408E+00  2.61883643E-02
8.19084500E-02  3.48308349E+00  2.99506839E-02
8.21994214E-02  3.77525425E+00  3.37204970E-02
8.24903928E-02  4.15244865E+00  3.91981304E-02
8.27813642E-02  4.55586576E+00  4.65505384E-02
8.30723356E-02  5.06117964E+00  5.50504439E-02
8.33633070E-02  5.59843874E+00  6.32285997E-02
8.36542784E-02  6.29518652E+00  7.59862438E-02
8.39452498E-02  7.08789062E+00  8.93561319E-02
8.42362212E-02  8.03994083E+00  1.08746044E-01
8.45271926E-02  9.14900589E+00  1.25363275E-01
8.48181640E-02  1.05268669E+01  1.51639014E-01
8.51091354E-02  1.20347309E+01  1.76964030E-01
8.54001068E-02  1.37990742E+01  2.03771263E-01
8.56910782E-02  1.58042440E+01  2.31153220E-01
8.59820496E-02  1.80845509E+01  2.50107944E-01
8.62730210E-02  2.06499767E+01  2.70073563E-01
8.65639924E-02  2.32628231E+01  2.75133878E-01
8.68549638E-02  2.60231152E+01  2.68408746E-01
8.71459352E-02  2.87454224E+01  2.49739558E-01
8.74369066E-02  3.13678036E+01  2.21202597E-01
8.77278780E-02  3.36700783E+01  1.84898779E-01
8.80188494E-02  3.55215912E+01  1.46802455E-01
8.83098208E-02  3.68440399E+01  1.31391391E-01
8.86007922E-02  3.74909668E+01  1.49014845E-01
8.88917636E-02  3.74857216E+01  1.85283795E-01
8.91827351E-02  3.63897362E+01  2.32444569E-01
8.94737065E-02  3.47299385E+01  2.64384061E-01
8.97646779E-02  3.24063034E+01  2.80673683E-01
9.00556493E-02  2.94504948E+01  2.82491893E-01
9.03466207E-02  2.63200569E+01  2.68282384E-01
9.06375921E-02  2.30750065E+01  2.53475755E-01
9.09285635E-02  2.00582523E+01  2.22313851E-01
9.12195349E-02  1.71984940E+01  1.94097072E-01
9.15105063E-02  1.46454811E+01  1.63759753E-01
9.18014777E-02  1.25010548E+01  1.34053752E-01
9.20924491E-02  1.05964775E+01  1.11633413E-01
9.23834205E-02  9.13614655E+00  8.98262933E-02
9.26743919E-02  7.86416006E+00  7.54120424E-02
9.29653633E-02  6.83087540E+00  6.13652393E-02
9.32563347E-02  6.01588297E+00  5.14123924E-02
9.35473061E-02  5.34015465E+00  4.23707999E-02
9.38382775E-02  4.76306391E+00  3.60383689E-02
9.41292489E-02  4.27689743E+00  3.08252014E-02
9.44202203E-02  3.87290835E+00  2.60099024E-02
9.47111917E-02  3.56695890E+00  2.29404308E-02
9.50021631E-02  3.26565742E+00  2.01358255E-02
9.52931345E-02  3.00908470E+00  1.74264591E-02
9.55841059E-02  2.81178236E+00  1.63299236E-02
9.58750773E-02  2.62924457E+00  1.45500451E-02
9.61660487E-02  2.48374939E+00  1.29667548E-02
9.64570201E-02  2.32748532E+00  1.19197583E-02
9.67479915E-02  2.20455337E+00  1.06939003E-02
9.70389629E-02  2.07522774E+00  9.90293082E-03
9.73299343E-02  1.99906874E+00  9.60755628E-03
9.76209057E-02  1.90655053E+00  9.04340856E-03
9.79118771E-02  1.82386088E+00  8.64690728E-03
9.82028485E-02  1.75756013E+00  8.27700272E-03
9.84938200E-02  1.68575871E+00  7.99624436E-03
9.87847914E-02  1.61770844E+00  7.44138937E-03
9.90757628E-02  1.57299745E+00  7.08941650E-03
9.93667342E-02  1.52102900E+00  6.64140284E-03
9.96577056E-02  1.46933818E+00  6.58046501E-03
9.99486770E-02  1.42108870E+00  6.39193272E-03
1.00239648E-01  1.39781523E+00  6.04866259E-03
1.00530620E-01  1.35416245E+00  6.21382706E-03
1.00821591E-01  1.31653929E+00  5.67479106E-03
1.01112563E-01  1.29805899E+00  5.73289115E-03
1.01403534E-01  1.24890745E+00  5.78878913E-03
1.01694505E-01  1.21222496E+00  5.34670195E-03
1.01985477E-01  1.20216715E+00  5.56947337E-03
1.02276448E-01  1.18283141E+00  5.30599291E-03
1.02567420E-01  1.15087497E+00  5.44337137E-03
1.02858391E-01  1.11845374E+00  5.08990278E-03
1.03149362E-01  1.10376704E+00  4.92016412E-03
1.03440334E-01  1.09913909E+00  5.22290356E-03
1.03731305E-01  1.07287431E+00  4.85542044E-03
1.04022277E-01  1.05334473E+00  4.76335641E-03
1.04313248E-01  1.04222882E+00  5.06256055E-03
1.04604219E-01  1.02435923E+00  4.78476891E-03
1.04895191E-01  1.01319516E+00  5.01795392E-03
1.05186162E-01  9.86530244E-01  4.67051892E-03
1.05477134E-01  9.79228139E-01  4.50344756E-03
1.05768105E-01  9.60698962E-01  4.77586640E-03
1.06059076E-01  9.57398653E-01  4.54814686E-03
1.06350048E-01  9.43646729E-01  4.44880640E-03
1.06641019E-01  9.29657459E-01  4.42421157E-03
1.06931991E-01  9.14808750E-01  4.44532186E-03
1.07222962E-01  9.05273855E-01  4.28517209E-03
1.07513933E-01  8.99990261E-01  4.41121636E-03
1.07804905E-01  8.84487212E-01  4.50417399E-03
1.08095876E-01  8.74445796E-01  4.31923661E-03
1.08386848E-01  8.64164889E-01  4.14202875E-03
1.08677819E-01  8.57058287E-01  4.17237915E-03
1.08968790E-01  8.52658987E-01  4.37232293E-03
1.09259762E-01  8.46334040E-01  4.13974375E-03
1.09550733E-01  8.25019300E-01  4.09606472E-03
1.09841705E-01  8.28341961E-01  4.11624881E-03
1.10132676E-01  8.19279730E-01  4.11260314E-03
1.10423647E-01  8.15092564E-01  4.12292732E-03
1.10714619E-01  8.13262701E-01  4.15447680E-03
1.11005590E-01  8.07749748E-01  4.03021695E-03
1.11296562E-01  7.98109949E-01  4.04634140E-03
1.11587533E-01  7.83698320E-01  3.88775580E-03
1.11878504E-01  7.83794940E-01  4.01087431E-03
1.12169476E-01  7.87640154E-01  3.99515964E-03
1.12460447E-01  7.80055404E-01  3.87444324E-03
1.12751419E-01  7.81158984E-01  3.99919925E-03
1.13042390E-01  7.74569094E-01  3.94752249E-03
1.13333362E-01  7.67152667E-01  3.90298618E-03
1.13624333E-01  7.65688479E-01  3.86641989E-03
1.13915304E-01  7.50672698E-01  3.78451543E-03
1.14206276E-01  7.51300454E-01  3.89054138E-03
1.14497247E-01  7.56792784E-01  3.68427578E-03
1.14788219E-01  7.43918180E-01  3.94079927E-03
1.15079190E-01  7.49677896E-01  3.79887433E-03
1.15370161E-01  7.39833951E-01  3.77782946E-03
1.15661133E-01  7.44224072E-01  3.82105261E-03
1.15952104E-01  7.36890435E-01  3.75510240E-03
1.16243076E-01  7.36994982E-01  3.76955885E-03
1.16534047E-01  7.29513347E-01  3.56380921E-03
1.16825018E-01  7.28217483E-01  3.68236168E-03
1.17115990E-01  7.27779686E-01  3.67527036E-03
1.17406961E-01  7.32753515E-01  3.74933728E-03
1.17697933E-01  7.27814019E-01  3.66675202E-03
1.17988904E-01  7.23576188E-01  3.73318000E-03
1.18279875E-01  7.13172853E-01  3.80585901E-03
1.18570847E-01  7.19364285E-01  3.56949819E-03
1.18861818E-01  7.18020499E-01  3.62171466E-03
1.19152790E-01  7.20944643E-01  3.70214391E-03
1.19443761E-01  7.15328217E-01  3.59290186E-03
1.19734732E-01  7.14236200E-01  3.62508255E-03
1.20025704E-01  7.04080701E-01  3.74265667E-03
1.20316675E-01  7.08798707E-01  3.59661342E-03
1.20607647E-01  7.08026469E-01  3.74576962E-03
1.20898618E-01  7.14623034E-01  3.55121610E-03
1.21189589E-01  7.13354290E-01  3.75216641E-03
1.21480561E-01  7.10916758E-01  3.78387910E-03
1.21771532E-01  7.17008233E-01  3.69447866E-03
1.22062504E-01  7.11472213E-01  3.75690474E-03
1.22353475E-01  7.06575930E-01  3.66828660E-03
1.22644446E-01  7.06602514E-01  3.69995064E-03
1.22935418E-01  7.05739975E-01  3.85991205E-03
1.23226389E-01  7.00799048E-01  3.79283098E-03
1.23517361E-01  7.12424457E-01  3.84489493E-03
1.23808332E-01  7.12850988E-01  3.96573870E-03
1.24099303E-01  7.10582972E-01  3.85798304E-03
1.24390275E-01  7.11251020E-01  3.80341895E-03
1.24681246E-01  7.09744513E-01  3.84507794E-03
1.24972218E-01  7.13713229E-01  3.98454443E-03
1.25263189E-01  7.19545841E-01  3.97575367E-03
1.25554160E-01  7.13087857E-01  3.85074201E-03
1.25845132E-01  7.13863134E-01  3.95662524E-03
1.26136103E-01  7.16916919E-01  4.06642817E-03
1.26427075E-01  7.20635116E-01  3.94708198E-03
1.26718046E-01  7.22797155E-01  3.91338300E-03
1.27009017E-01  7.26884723E-01  3.99103807E-03
1.27299989E-01  7.22484350E-01  4.02946444E-03
1.27590960E-01  7.21132398E-01  4.11513774E-03
1.27881932E-01  7.28445828E-01  3.94753506E-03
1.28172903E-01  7.21224964E-01  3.98336025E-03
1.28463874E-01  7.26154149E-01  3.91500816E-03
1.28754846E-01  7.31202841E-01  4.00411617E-03
1.29045817E-01  7.36883640E-01  4.08371026E-03
1.29336789E-01  7.41922736E-01  4.03209263E-03
1.29627760E-01  7.49528587E-01  4.04932117E-03
1.29918731E-01  7.49852896E-01  4.02094517E-03
1.30209703E-01  7.47411013E-01  3.96303181E-03
1.30500674E-01  7.51027524E-01  4.10020119E-03
1.30791646E-01  7.57463872E-01  4.21826961E-03
1.31082617E-01  7.56148636E-01  3.96205438E-03
1.31373589E-01  7.58975923E-01  4.08702064E-03
1.31664560E-01  7.63226569E-01  4.06091940E-03
1.31955531E-01  7.68665791E-01  3.96486279E-03
1.32246503E-01  7.75059462E-01  4.06761328E-03
1.32537474E-01  7.69902766E-01  4.10213415E-03
1.32828446E-01  7.80755103E-01  3.99968913E-03
1.33119417E-01  7.84603357E-01  4.00310103E-03
1.33410388E-01  7.86111534E-01  4.01790254E-03
1.33701360E-01  7.99068987E-01  4.00076760E-03
1.33992331E-01  7.98601866E-01  4.10553254E-03
1.34283303E-01  8.00788462E-01  3.83774331E-03
1.34574274E-01  8.13435495E-01  4.06837324E-03
1.34865245E-01  8.11933756E-01  4.09712363E-03
1.35156217E-01  8.24953139E-01  3.99934687E-03
1.35447188E-01  8.35094750E-01  4.08049440E-03
1.35738160E-01  8.42472136E-01  4.14930703E-03
1.36029131E-01  8.44303966E-01  4.07238118E-03
1.36320102E-01  8.53665173E-01  4.13248595E-03
1.36611074E-01  8.64867210E-01  4.03115340E-03
1.36902045E-01  8.82380307E-01  4.40264167E-03
1.37193017E-01  8.87720764E-01  4.12262557E-03
1.37483988E-01  8.94395173E-01  4.37135715E-03
1.37774959E-01  9.04776037E-01  4.21269424E-03
1.38065931E-01  9.13795531E-01  4.12748056E-03
1.38356902E-01  9.30826962E-01  4.22139419E-03
1.38647874E-01  9.41970527E-01  4.38673468E-03
1.38938845E-01  9.55503881E-01  4.34148917E-03
1.39229816E-01  9.67551351E-01  4.44055395E-03
1.39520788E-01  9.83307123E-01  4.55642259E-03
1.39811759E-01  9.98824179E-01  4.42410959E-03
1.40102731E-01  1.01994133E+00  4.64928709E-03
1.40393702E-01  1.03846180E+00  4.55251941E-03
1.40684673E-01  1.04809475E+00  4.71469341E-03
1.40975645E-01  1.07487762E+00  4.85650869E-03
1.41266616E-01  1.10393667E+00  4.84905764E-03
1.41557588E-01  1.11508977E+00  4.93589416E-03
1.41848559E-01  1.15117729E+00  5.05624386E-03
1.42139530E-01  1.17263222E+00  5.18654287E-03
1.42430502E-01  1.20342481E+00  5.19965682E-03
1.42721473E-01  1.24253070E+00  5.53436950E-03
1.43012445E-01  1.26488698E+00  5.39642293E-03
1.43303416E-01  1.30925679E+00  5.67156263E-03
1.43594387E-01  1.35028493E+00  5.69839682E-03
1.43885359E-01  1.40137458E+00  6.26987731E-03
1.44176330E-01  1.44272447E+00  6.50282530E-03
1.44467302E-01  1.50243485E+00  6.79618120E-03
1.44758273E-01  1.55668473E+00  7.22288340E-03
1.45049244E-01  1.62472165E+00  7.24968500E-03
1.45340216E-01  1.69853938E+00  7.91657995E-03
1.45631187E-01  1.78299856E+00  8.28512479E-03
1.45922159E-01  1.86679542E+00  9.08328220E-03
1.46213130E-01  1.96171451E+00  9.81075410E-03
1.46504101E-01  2.07086110E+00  1.05398437E-02
1.46795073E-01  2.19062376E+00  1.12347314E-02
1.47086044E-01  2.30904913E+00  1.21352719E-02
1.47377016E-01  2.45129633E+00  1.31632769E-02
1.47667987E-01  2.64035988E+00  1.46929286E-02
1.47958958E-01  2.78277278E+00  1.56406201E-02
1.48249930E-01  2.97185159E+00  1.68164782E-02
1.48540901E-01  3.19374824E+00  1.84190348E-02
1.48831873E-01  3.43843508E+00  2.00196318E-02
1.49122844E-01  3.66979647E+00  2.14163717E-02
1.49413815E-01  3.95502186E+00  2.25053094E-02
1.49704787E-01  4.23599291E+00  2.37914156E-02
1.49995758E-01  4.51429653E+00  2.44678110E-02
1.50286730E-01  4.83858156E+00  2.50458065E-02
1.50577701E-01  5.14644337E+00  2.46680621E-02
1.50868673E-01  5.48203850E+00  2.45055482E-02
1.51159644E-01  5.78173351E+00  2.36924905E-02
1.51450615E-01  6.04314470E+00  2.15619374E-02
1.51741587E-01  6.30139732E+00  1.96894370E-02
1.52032558E-01  6.53556299E+00  1.74216367E-02
1.52323530E-01  6.68391085E+00  1.56683400E-02
1.52614501E-01  6.81238079E+00  1.48191927E-02
1.52905472E-01  6.85104465E+00  1.40486537E-02
1.53196444E-01  6.85360384E+00  1.60881728E-02
1.53487415E-01  6.75562286E+00  1.81141943E-02
1.53778387E-01  6.61522007E+00  2.02070195E-02
1.54069358E-01  6.41263390E+00  2.24577338E-02
1.54360329E-01  6.13247156E+00  2.35479064E-02
1.54651301E-01  5.84996080E+00  2.51826253E-02
1.54942272E-01  5.52223396E+00  2.53811516E-02
1.55233244E-01  5.13402176E+00  2.56825313E-02
1.55524215E-01  4.78385496E+00  2.44796202E-02
1.55815186E-01  4.41651678E+00  2.33537164E-02
1.56106158E-01  4.06482458E+00  2.19431352E-02
1.56397129E-01  3.74719357E+00  2.03836057E-02
1.56688101E-01  3.41993141E+00  1.84288621E-02
1.56979072E-01  3.13953328E+00  1.62753332E-02
1.57270043E-01  2.87986636E+00  1.50276003E-02
1.57561015E-01  2.64668584E+00  1.33119076E-02
1.57851986E-01  2.44144177E+00  1.19575737E-02
1.58142958E-01  2.26629448E+00  1.07071232E-02
1.58433929E-01  2.11410069E+00  9.76443756E-03
1.58724900E-01  1.96772075E+00  8.64007510E-03
1.59015872E-01  1.84036851E+00  7.91415945E-03
1.59306843E-01  1.74074185E+00  7.31530366E-03
1.59597815E-01  1.64186144E+00  6.74182177E-03
1.59888786E-01  1.57086205E+00  6.29862770E-03
1.60179757E-01  1.49582434E+00  6.04840089E-03
1.60470729E-01  1.42809176E+00  5.41753601E-03
1.60761700E-01  1.37290382E+00  5.14678517E-03
1.61052672E-01  1.32391894E+00  5.01711201E-03
1.61343643E-01  1.28589511E+00  4.67977859E-03
1.61634614E-01  1.24629951E+00  4.78303013E-03
1.61925586E-01  1.21904457E+00  4.53009363E-03
1.62216557E-01  1.18797016E+00  4.57879528E-03
1.62507529E-01  1.16307187E+00  4.33575734E-03
1.62798500E-01  1.14511430E+00  4.36071632E-03
1.63089471E-01  1.12498939E+00  4.15241905E-03
1.63380443E-01  1.09835219E+00  4.11482155E-03
1.63671414E-01  1.09562445E+00  4.10951953E-03
1.63962386E-01  1.08094335E+00  4.05033398E-03
1.64253357E-01  1.08054745E+00  4.03916417E-03
1.64544328E-01  1.07628810E+00  3.99181992E-03
1.64835300E-01  1.07438874E+00  3.89934913E-03
1.65126271E-01  1.06635106E+00  4.05620411E-03
1.65417243E-01  1.06988084E+00  3.95325385E-03
1.65708214E-01  1.07774627E+00  4.05385019E-03
1.65999185E-01  1.08274627E+00  4.02229652E-03
1.66290157E-01  1.08590305E+00  4.06937022E-03
1.66581128E-01  1.09632158E+00  4.28162981E-03
1.66872100E-01  1.10780084E+00  4.34800331E-03
1.67163071E-01  1.12337422E+00  4.37849434E-03
1.67454042E-01  1.14186347E+00  4.49525751E-03
1.67745014E-01  1.16034424E+00  4.49873647E-03
1.68035985E-01  1.18671298E+00  4.71085357E-03
1.68326957E-01  1.20186126E+00  4.80517233E-03
1.68617928E-01  1.24206102E+00  5.03868330E-03
1.68908900E-01  1.27547956E+00  5.14374999E-03
1.69199871E-01  1.30499601E+00  5.42535027E-03
1.69490842E-01  1.35239446E+00  5.67086274E-03
1.69781814E-01  1.39779723E+00  5.70444670E-03
1.70072785E-01  1.45136487E+00  6.18536025E-03
1.70363757E-01  1.52096605E+00  6.61377050E-03
1.70654728E-01  1.57310152E+00  6.95131021E-03
1.70945699E-01  1.64736557E+00  7.49610085E-03
1.71236671E-01  1.72445023E+00  7.81887770E-03
1.71527642E-01  1.80592561E+00  8.45844857E-03
1.71818614E-01  1.89869773E+00  9.01130121E-03
1.72109585E-01  1.99693835E+00  9.44876298E-03
1.72400556E-01  2.12228560E+00  9.89310537E-03
1.72691528E-01  2.23245883E+00  1.05857132E-02
1.72982499E-01  2.35187507E+00  1.09612290E-02
1.73273471E-01  2.49045539E+00  1.14094494E-02
1.73564442E-01  2.62192750E+00  1.15168961E-02
1.73855413E-01  2.76698470E+00  1.19011458E-02
1.74146385E-01  2.91801357E+00  1.19679719E-02
1.74437356E-01  3.05025291E+00  1.16677489E-02
1.74728328E-01  3.17709303E+00  1.12441732E-02
1.75019299E-01  3.29553199E+00  1.07582686E-02
1.75310270E-01  3.41883135E+00  1.02423374E-02
1.75601242E-01  3.49626374E+00  9.56153683E-03
1.75892213E-01  3.58100772E+00  8.81623570E-03
1.76183185E-01  3.64424038E+00  8.53237137E-03
1.76474156E-01  3.64591622E+00  8.48031417E-03
1.76765127E-01  3.63464546E+00  8.36326368E-03
1.77056099E-01  3.63700271E+00  9.04999487E-03
1.77347070E-01  3.58673120E+00  9.44375433E-03
1.77638042E-01  3.50330591E+00  1.00396983E-02
1.77929013E-01  3.39903355E+00  1.08230952E-02
1.78219984E-01  3.31206656E+00  1.07580647E-02
1.78510956E-01  3.14263439E+00  1.12120621E-02
1.78801927E-01  2.99157333E+00  1.14432955E-02
1.79092899E-01  2.84040236E+00  1.11760180E-02
1.79383870E-01  2.67549372E+00  1.11190015E-02
1.79674841E-01  2.51084805E+00  1.06765050E-02
1.79965813E-01  2.35005832E+00  1.02977166E-02
1.80256784E-01  2.19739199E+00  9.78554226E-03
1.80547756E-01  2.05384517E+00  9.18631069E-03
1.80838727E-01  1.91099691E+00  8.43153056E-03
1.81129698E-01  1.79081881E+00  7.96533749E-03
1.81420670E-01  1.66655064E+00  7.32122315E-03
1.81711641E-01  1.57261562E+00  6.95593841E-03
1.82002613E-01  1.46795774E+00  6.45225868E-03
1.82293584E-01  1.38603246E+00  6.00692118E-03
1.82584555E-01  1.30077302E+00  5.63117117E-03
1.82875527E-01  1.23666084E+00  5.32738538E-03
1.83166498E-01  1.16511238E+00  5.00471191E-03
1.83457470E-01  1.10924196E+00  4.82910872E-03
1.83748441E-01  1.05408394E+00  4.42391261E-03
1.84039412E-01  1.01557124E+00  4.25910950E-03
1.84330384E-01  9.69218969E-01  4.00215713E-03
1.84621355E-01  9.20481384E-01  3.88750643E-03
1.84912327E-01  8.87806296E-01  3.76752624E-03
1.85203298E-01  8.62439334E-01  3.70443985E-03
1.85494269E-01  8.30172300E-01  3.66339530E-03
1.85785241E-01  8.06946933E-01  3.54338391E-03
1.86076212E-01  7.80073881E-01  3.39565217E-03
1.86367184E-01  7.57443786E-01  3.26436106E-03
1.86658155E-01  7.31529832E-01  3.31497053E-03
1.86949126E-01  7.09776461E-01  3.22911236E-03
1.87240098E-01  6.97999656E-01  3.14707635E-03
1.87531069E-01  6.79509223E-01  3.12568108E-03
1.87822041E-01  6.66013360E-01  3.00626853E-03
1.88113012E-01  6.46401107E-01  3.05589288E-03
1.88403984E-01  6.38353825E-01  2.93742563E-03
1.88694955E-01  6.19198978E-01  2.90595973E-03
1.88985926E-01  6.13950968E-01  2.87952460E-03
1.89276898E-01  5.96182823E-01  2.80724326E-03
1.89567869E-01  5.87128580E-01  2.82660872E-03
1.89858841E-01  5.79493642E-01  2.76233908E-03
1.90149812E-01  5.71348786E-01  2.80593568E-03
1.90440783E-01  5.60462177E-01  2.74083694E-03
1.90731755E-01  5.46756923E-01  2.68596620E-03
1.91022726E-01  5.41189134E-01  2.66249035E-03
1.91313698E-01  5.28939724E-01  2.66535883E-03
1.91604669E-01  5.23112833E-01  2.60428060E-03
1.91895640E-01  5.14371395E-01  2.61329790E-03
1.92186612E-01  5.07956445E-01  2.59793852E-03
1.92477583E-01  5.03800452E-01  2.58103199E-03
1.92768555E-01  4.93567079E-01  2.55280337E-03
1.93059526E-01  4.87844467E-01  2.54789670E-03
1.93350497E-01  4.80423570E-01  2.42360379E-03
1.93641469E-01  4.78052020E-01  2.41513434E-03
1.93932440E-01  4.72722918E-01  2.45116465E-03
1.94223412E-01  4.68276352E-01  2.45804642E-03
1.94514383E-01  4.63660628E-01  2.41831876E-03
1.94805354E-01  4.57985997E-01  2.46829074E-03
1.95096326E-01  4.54033047E-01  2.35807733E-03
1.95387297E-01  4.48694527E-01  2.36915401E-03
1.95678269E-01  4.43241000E-01  2.42821081E-03
1.95969240E-01  4.41691965E-01  2.32928153E-03
1.96260211E-01  4.32029873E-01  2.34615989E-03
1.96551183E-01  4.22863692E-01  2.34628515E-03
1.96842154E-01  4.22553688E-01  2.35279836E-03
1.97133126E-01  4.16209996E-01  2.27633957E-03
1.97424097E-01  4.09459919E-01  2.25759018E-03
1.97715068E-01  4.15168494E-01  2.25523114E-03
1.98006040E-01  4.06481028E-01  2.27327459E-03
1.98297011E-01  4.07979339E-01  2.29963544E-03
1.98587983E-01  4.04169112E-01  2.20991834E-03
1.98878954E-01  3.95467877E-01  2.20876606E-03
1.99169925E-01  3.93074244E-01  2.23793206E-03
1.99460897E-01  3.90492469E-01  2.17822869E-03
1.99751868E-01  3.90999556E-01  2.17597908E-03
2.00042840E-01  3.84259522E-01  2.15149601E-03
2.00333811E-01  3.77684414E-01  2.16048094E-03
2.00624782E-01  3.82463127E-01  2.13000644E-03
2.00915754E-01  3.75234425E-01  2.15425296E-03
2.01206725E-01  3.74502808E-01  2.15811864E-03
2.01497697E-01  3.68671477E-01  2.16784002E-03
2.01788668E-01  3.69113117E-01  2.10924726E-03
2.02079639E-01  3.66471171E-01  2.11891159E-03
2.02370611E-01  3.63257170E-01  2.11674417E-03
2.02661582E-01  3.60027283E-01  2.12477101E-03
2.02952554E-01  3.55751932E-01  2.06721737E-03
2.03243525E-01  3.55440974E-01  2.10029026E-03
2.03534496E-01  3.52966785E-01  2.04367703E-03
2.03825468E-01  3.49023074E-01  2.02533836E-03
2.04116439E-01  3.46895516E-01  2.05838541E-03
2.04407411E-01  3.44712973E-01  2.01793108E-03
2.04698382E-01  3.45938891E-01  2.07013357E-03
2.04989353E-01  3.38116944E-01  1.97052443E-03
2.05280325E-01  3.36164445E-01  2.02003121E-03
2.05571296E-01  3.34981441E-01  2.05615186E-03
2.05862268E-01  3.30596954E-01  1.98370265E-03
2.06153239E-01  3.31409186E-01  1.94971124E-03
2.06444211E-01  3.28860730E-01  1.93330657E-03
2.06735182E-01  3.28116298E-01  1.97424181E-03
2.07026153E-01  3.24513435E-01  1.95713015E-03
2.07317125E-01  3.24003071E-01  1.89745182E-03
2.07608096E-01  3.20225030E-01  1.98739208E-03
2.07899068E-01  3.20999473E-01  1.93464907E-03
2.08190039E-01  3.19288254E-01  1.92149554E-03
2.08481010E-01  3.12954217E-01  1.97152048E-03
2.08771982E-01  3.13113213E-01  1.97375636E-03
2.09062953E-01  3.12807202E-01  1.94075517E-03
2.09353925E-01  3.13951015E-01  1.92739931E-03
2.09644896E-01  3.08293194E-01  1.93698378E-03
2.09935867E-01  3.07839811E-01  1.90384046E-03
2.10226839E-01  3.06363255E-01  1.86970236E-03
2.10517810E-01  3.06951940E-01  1.90316478E-03
2.10808782E-01  3.03832263E-01  1.85850484E-03
2.11099753E-01  3.04390401E-01  1.87860127E-03
2.11390724E-01  3.04892451E-01  1.89997593E-03
2.11681696E-01  2.99414426E-01  1.81060156E-03
2.11972667E-01  2.94093400E-01  1.84803177E-03
2.12263639E-01  2.96648562E-01  1.85404986E-03
2.12554610E-01  2.94845939E-01  1.85004843E-03
2.12845581E-01  2.91494399E-01  1.81418506E-03
2.13136553E-01  2.91829139E-01  1.81180960E-03
2.13427524E-01  2.87050158E-01  1.77631935E-03
2.13718496E-01  2.92749435E-01  1.79185881E-03
2.14009467E-01  2.87779987E-01  1.75145315E-03
2.14300438E-01  2.90197283E-01  1.85565616E-03
2.14591410E-01  2.86328882E-01  1.79310224E-03
2.14882381E-01  2.86915511E-01  1.86246436E-03
2.15173353E-01  2.88278133E-01  1.77440001E-03
2.15464324E-01  2.84258604E-01  1.79484754E-03
2.15755295E-01  2.84357041E-01  1.79648562E-03
2.16046267E-01  2.82253772E-01  1.81734061E-03
2.16337238E-01  2.81160474E-01  1.82758097E-03
2.16628210E-01  2.80302495E-01  1.75595144E-03
2.16919181E-01  2.78254062E-01  1.77471235E-03
2.17210152E-01  2.79181749E-01  1.79747853E-03
2.17501124E-01  2.76609838E-01  1.80414924E-03
2.17792095E-01  2.77382404E-01  1.78080786E-03
2.18083067E-01  2.77434349E-01  1.74191210E-03
2.18374038E-01  2.74858832E-01  1.72620662E-03
2.18665009E-01  2.72095412E-01  1.78725622E-03
2.18955981E-01  2.71918446E-01  1.75388821E-03
2.19246952E-01  2.75149137E-01  1.72277691E-03
2.19537924E-01  2.73802966E-01  1.73895073E-03
2.19828895E-01  2.72836924E-01  1.74410536E-03
2.20119866E-01  2.74163753E-01  1.75002136E-03
2.20410838E-01  2.70129293E-01  1.72141998E-03
2.20701809E-01  2.68236548E-01  1.75929395E-03
2.20992781E-01  2.69183040E-01  1.69686368E-03
2.21283752E-01  2.74314642E-01  1.77817291E-03
2.21574723E-01  2.72475123E-01  1.72229158E-03
2.21865695E-01  2.69818038E-01  1.68554578E-03
2.22156666E-01  2.70631313E-01  1.71217951E-03
2.22447638E-01  2.72592634E-01  1.77559629E-03
2.22738609E-01  2.73683816E-01  1.70320703E-03
2.23029580E-01  2.71721393E-01  1.71887642E-03
2.23320552E-01  2.70355940E-01  1.73512043E-03
2.23611523E-01  2.73564875E-01  1.76422077E-03
2.23902495E-01  2.72893101E-01  1.72776019E-03
2.24193466E-01  2.73067087E-01  1.72607554E-03
2.24484437E-01  2.70915568E-01  1.74152118E-03
2.24775409E-01  2.71028370E-01  1.73005706E-03
2.25066380E-01  2.76406199E-01  1.71191839E-03
2.25357352E-01  2.73757488E-01  1.75066025E-03
2.25648323E-01  2.77655959E-01  1.71597500E-03
2.25939295E-01  2.79474288E-01  1.77029893E-03
2.26230266E-01  2.77742326E-01  1.75770582E-03
2.26521237E-01  2.80054480E-01  1.73181901E-03
2.26812209E-01  2.77770579E-01  1.71466114E-03
2.27103180E-01  2.79826939E-01  1.74598082E-03
2.27394152E-01  2.82373458E-01  1.73384417E-03
2.27685123E-01  2.82483637E-01  1.79867528E-03
2.27976094E-01  2.84172058E-01  1.74150080E-03
2.28267066E-01  2.85634398E-01  1.75753364E-03
2.28558037E-01  2.86747277E-01  1.74831611E-03
2.28849009E-01  2.93230861E-01  1.77496043E-03
2.29139980E-01  2.91753948E-01  1.75457634E-03
2.29430951E-01  2.92431176E-01  1.78614666E-03
2.29721923E-01  2.96042830E-01  1.78004615E-03
2.30012894E-01  2.97513306E-01  1.77339395E-03
2.30303866E-01  2.96760887E-01  1.77851191E-03
2.30594837E-01  2.97141403E-01  1.76609680E-03
2.30885808E-01  2.99983710E-01  1.80952821E-03
2.31176780E-01  2.98815280E-01  1.76977785E-03
2.31467751E-01  2.99698770E-01  1.74429722E-03
2.31758723E-01  3.00349385E-01  1.79273332E-03
2.32049694E-01  2.97951460E-01  1.79443392E-03
2.32340665E-01  2.98564047E-01  1.76241342E-03
2.32631637E-01  2.96048164E-01  1.81623572E-03
2.32922608E-01  2.93936014E-01  1.77673798E-03
2.33213580E-01  2.95248747E-01  1.75581558E-03
2.33504551E-01  2.89064080E-01  1.77545426E-03
2.33795522E-01  2.84859121E-01  1.75944227E-03
2.34086494E-01  2.81654775E-01  1.74656743E-03
2.34377465E-01  2.78705359E-01  1.73401623E-03
2.34668437E-01  2.77542710E-01  1.75300601E-03
2.34959408E-01  2.70146519E-01  1.69402978E-03
2.35250379E-01  2.64741540E-01  1.66192569E-03
2.35541351E-01  2.59224057E-01  1.64693664E-03
2.35832322E-01  2.56833613E-01  1.62762799E-03
2.36123294E-01  2.52106011E-01  1.64321205E-03
2.36414265E-01  2.46400625E-01  1.58773351E-03
2.36705236E-01  2.41208836E-01  1.55288214E-03
2.36996208E-01  2.36792535E-01  1.58669543E-03
2.37287179E-01  2.28665829E-01  1.52653072E-03
2.37578151E-01  2.31966302E-01  1.57810084E-03
2.37869122E-01  2.26850837E-01  1.53600029E-03
2.38160093E-01  2.23152667E-01  1.56842545E-03
2.38451065E-01  2.20505208E-01  1.47077243E-03
2.38742036E-01  2.18594804E-01  1.48694008E-03
2.39033008E-01  2.12506562E-01  1.50251912E-03
2.39323979E-01  2.13426918E-01  1.44281180E-03
2.39614950E-01  2.08671242E-01  1.47560972E-03
2.39905922E-01  2.08592862E-01  1.46773702E-03
2.40196893E-01  2.06053063E-01  1.48487522E-03
2.40487865E-01  2.02646926E-01  1.41250645E-03
2.40778836E-01  2.02010781E-01  1.42865686E-03
2.41069807E-01  2.01997310E-01  1.45919505E-03
2.41360779E-01  1.97857127E-01  1.37100462E-03
2.41651750E-01  1.97400540E-01  1.41013123E-03
2.41942722E-01  1.97155371E-01  1.38255232E-03
2.42233693E-01  1.94193318E-01  1.40073441E-03
2.42524664E-01  1.94462493E-01  1.40032487E-03
2.42815636E-01  1.91445544E-01  1.37259485E-03
2.43106607E-01  1.96481794E-01  1.38951535E-03
2.43397579E-01  1.93950400E-01  1.39740156E-03
2.43688550E-01  1.91494063E-01  1.37603295E-03
2.43979522E-01  1.92944154E-01  1.37536379E-03
2.44270493E-01  1.91829666E-01  1.37848698E-03
2.44561464E-01  1.89625695E-01  1.35596585E-03
2.44852436E-01  1.87384129E-01  1.35125651E-03
2.45143407E-01  1.91312790E-01  1.41695933E-03
2.45434379E-01  1.89026609E-01  1.34275912E-03
2.45725350E-01  1.90706417E-01  1.35540473E-03
2.46016321E-01  1.89732492E-01  1.33608154E-03
2.46307293E-01  1.91770107E-01  1.38853758E-03
2.46598264E-01  1.91177607E-01  1.34705729E-03
2.46889236E-01  1.90247700E-01  1.36788306E-03
2.47180207E-01  1.89267695E-01  1.37111999E-03
2.47471178E-01  1.89104065E-01  1.38380076E-03
2.47762150E-01  1.90428659E-01  1.39673217E-03
2.48053121E-01  1.88203037E-01  1.36849785E-03
2.48344093E-01  1.88875005E-01  1.36881485E-03
2.48635064E-01  1.88501522E-01  1.36172900E-03
2.48926035E-01  1.93208635E-01  1.39445404E-03
2.49217007E-01  1.92839503E-01  1.36713404E-03
2.49507978E-01  1.92082599E-01  1.39626092E-03
2.49798950E-01  1.90925434E-01  1.35655736E-03
2.50089921E-01  1.93152875E-01  1.38868880E-03
2.50380892E-01  1.94896981E-01  1.41530891E-03
2.50671864E-01  1.95041105E-01  1.40280032E-03
2.50962835E-01  1.93389475E-01  1.37719035E-03
2.51253807E-01  1.93000004E-01  1.40829140E-03
2.51544778E-01  1.93528906E-01  1.34945381E-03
2.51835749E-01  1.94774628E-01  1.38457166E-03
2.52126721E-01  1.93455830E-01  1.36890844E-03
2.52417692E-01  1.98500767E-01  1.40565948E-03
2.52708664E-01  2.00282305E-01  1.41751464E-03
2.52999635E-01  1.97743267E-01  1.39201409E-03
2.53290606E-01  2.01750427E-01  1.38333230E-03
2.53581578E-01  2.02482015E-01  1.41160272E-03
2.53872549E-01  2.02039793E-01  1.39180932E-03
2.54163521E-01  2.04580337E-01  1.43226585E-03
2.54454492E-01  2.05566272E-01  1.44057500E-03
2.54745463E-01  2.08833978E-01  1.43150380E-03
2.55036435E-01  2.09271088E-01  1.41511578E-03
2.55327406E-01  2.07736373E-01  1.45008671E-03
2.55618378E-01  2.11825848E-01  1.42984418E-03
2.55909349E-01  2.14188561E-01  1.49166933E-03
2.56200320E-01  2.15287119E-01  1.43566600E-03
2.56491292E-01  2.16215730E-01  1.47830718E-03
2.56782263E-01  2.18985781E-01  1.48903672E-03
2.57073235E-01  2.22941682E-01  1.49526296E-03
2.57364206E-01  2.22523585E-01  1.46746845E-03
2.57655177E-01  2.22614273E-01  1.47877447E-03
2.57946149E-01  2.27312461E-01  1.50041445E-03
2.58237120E-01  2.27932215E-01  1.48980133E-03
2.58528092E-01  2.31084555E-01  1.48795615E-03
2.58819063E-01  2.35480249E-01  1.48973463E-03
2.59110034E-01  2.38789082E-01  1.52159983E-03
2.59401006E-01  2.43517607E-01  1.53979950E-03
2.59691977E-01  2.41672367E-01  1.55589322E-03
2.59982949E-01  2.46991888E-01  1.55472534E-03
2.60273920E-01  2.53978938E-01  1.58914470E-03
2.60564891E-01  2.55148202E-01  1.55566854E-03
2.60855863E-01  2.59712547E-01  1.62220420E-03
2.61146834E-01  2.59429723E-01  1.61593850E-03
2.61437806E-01  2.65633702E-01  1.61457958E-03
2.61728777E-01  2.68020719E-01  1.66146189E-03
2.62019748E-01  2.70653248E-01  1.63130683E-03
2.62310720E-01  2.71574199E-01  1.61684898E-03
2.62601691E-01  2.75639147E-01  1.65774964E-03
2.62892663E-01  2.73901314E-01  1.64737843E-03
2.63183634E-01  2.78258801E-01  1.66617066E-03
2.63474606E-01  2.77182162E-01  1.64976704E-03
2.63765577E-01  2.80358016E-01  1.64247269E-03
2.64056548E-01  2.81649768E-01  1.67679263E-03
2.64347520E-01  2.77857542E-01  1.62432075E-03
2.64638491E-01  2.78395861E-01  1.61789695E-03
2.64929463E-01  2.74285108E-01  1.61968113E-03
2.65220434E-01  2.74297982E-01  1.63969444E-03
2.65511405E-01  2.75968879E-01  1.59900775E-03
2.65802377E-01  2.70247489E-01  1.61481299E-03
2.66093348E-01  2.67660528E-01  1.58130180E-03
2.66384320E-01  2.64432073E-01  1.61547982E-03
2.66675291E-01  2.58366734E-01  1.55900652E-03
2.66966262E-01  2.55546480E-01  1.57297647E-03
2.67257234E-01  2.51414090E-01  1.57573458E-03
2.67548205E-01  2.48793915E-01  1.56405463E-03
2.67839177E-01  2.42963716E-01  1.56479108E-03
2.68130148E-01  2.38872215E-01  1.48165412E-03
2.68421119E-01  2.34325305E-01  1.48528453E-03
2.68712091E-01  2.31060848E-01  1.48726651E-03
2.69003062E-01  2.25946769E-01  1.46292953E-03
2.69294034E-01  2.17127591E-01  1.44418876E-03
2.69585005E-01  2.17044964E-01  1.44445861E-03
2.69875976E-01  2.11564749E-01  1.44944410E-03
2.70166948E-01  2.05892414E-01  1.42111303E-03
2.70457919E-01  2.03160077E-01  1.37506623E-03
2.70748891E-01  1.99870452E-01  1.36527605E-03
2.71039862E-01  1.96946397E-01  1.35324779E-03
2.71330833E-01  1.94046497E-01  1.37564191E-03
2.71621805E-01  1.89744860E-01  1.31775066E-03
2.71912776E-01  1.87838405E-01  1.32375653E-03
2.72203748E-01  1.86992630E-01  1.34897488E-03
2.72494719E-01  1.82879016E-01  1.27892324E-03
2.72785690E-01  1.79243803E-01  1.29399274E-03
2.73076662E-01  1.80694893E-01  1.28859235E-03
2.73367633E-01  1.78105056E-01  1.26075279E-03
2.73658605E-01  1.73270538E-01  1.25448743E-03
2.73949576E-01  1.70838103E-01  1.23824901E-03
2.74240547E-01  1.68683216E-01  1.24691671E-03
2.74531519E-01  1.68685064E-01  1.24018267E-03
2.74822490E-01  1.67326942E-01  1.23319449E-03
2.75113462E-01  1.68922380E-01  1.24940567E-03
2.75404433E-01  1.65817469E-01  1.21173682E-03
2.75695404E-01  1.64248213E-01  1.22777058E-03
2.75986376E-01  1.60621166E-01  1.21179654E-03
2.76277347E-01  1.62218705E-01  1.20321510E-03
2.76568319E-01  1.61463737E-01  1.21897552E-03
2.76859290E-01  1.60545439E-01  1.21016975E-03
2.77150261E-01  1.59596831E-01  1.20375666E-03
2.77441233E-01  1.59586519E-01  1.21116964E-03
2.77732204E-01  1.56250149E-01  1.18859322E-03
2.78023176E-01  1.56629518E-01  1.17926707E-03
2.78314147E-01  1.57796130E-01  1.16470514E-03
2.78605118E-01  1.57546476E-01  1.19375845E-03
2.78896090E-01  1.56439781E-01  1.18771882E-03
2.79187061E-01  1.57512486E-01  1.18181459E-03
2.79478033E-01  1.52963653E-01  1.13908178E-03
2.79769004E-01  1.54630765E-01  1.16457441E-03
2.80059975E-01  1.52341738E-01  1.16558548E-03
2.80350947E-01  1.52881071E-01  1.18818646E-03
2.80641918E-01  1.53823391E-01  1.15725922E-03
2.80932890E-01  1.52938858E-01  1.14360137E-03
2.81223861E-01  1.52722821E-01  1.18772627E-03
2.81514833E-01  1.53050676E-01  1.18646759E-03
2.81805804E-01  1.52744576E-01  1.14445912E-03
2.82096775E-01  1.50824606E-01  1.13996072E-03
2.82387747E-01  1.53913662E-01  1.18187873E-03
2.82678718E-01  1.51735187E-01  1.17048889E-03
2.82969690E-01  1.51968166E-01  1.17689872E-03
2.83260661E-01  1.51205555E-01  1.15965074E-03
2.83551632E-01  1.51401997E-01  1.17385399E-03
2.83842604E-01  1.50765702E-01  1.19247427E-03
2.84133575E-01  1.50622532E-01  1.20047235E-03
2.84424547E-01  1.50860474E-01  1.17130706E-03
2.84715518E-01  1.51192948E-01  1.17204024E-03
2.85006489E-01  1.48703024E-01  1.18489133E-03
2.85297461E-01  1.51285753E-01  1.21529377E-03
2.85588432E-01  1.50561512E-01  1.16002874E-03
2.85879404E-01  1.49571985E-01  1.21262216E-03
2.86170375E-01  1.50511935E-01  1.19150593E-03
2.86461346E-01  1.51874214E-01  1.26146339E-03
2.86752318E-01  1.49180368E-01  1.18747319E-03
2.87043289E-01  1.51291147E-01  1.21274719E-03
2.87334261E-01  1.49429128E-01  1.19858724E-03
2.87625232E-01  1.52217418E-01  1.19663496E-03
2.87916203E-01  1.50690585E-01  1.21090782E-03
2.88207175E-01  1.51101410E-01  1.19037216E-03
2.88498146E-01  1.49683326E-01  1.21739856E-03
2.88789118E-01  1.53190896E-01  1.20291219E-03
2.89080089E-01  1.50079265E-01  1.17798580E-03
2.89371060E-01  1.51944533E-01  1.22400583E-03
2.89662032E-01  1.50245935E-01  1.21715525E-03
2.89953003E-01  1.52968422E-01  1.22598419E-03
2.90243975E-01  1.56646580E-01  1.25948747E-03
2.90534946E-01  1.54004455E-01  1.20344653E-03
2.90825917E-01  1.50841892E-01  1.21167186E-03
2.91116889E-01  1.53198361E-01  1.22975663E-03
2.91407860E-01  1.51709571E-01  1.23342301E-03
2.91698832E-01  1.54707938E-01  1.26211485E-03
2.91989803E-01  1.54844791E-01  1.23699696E-03
2.92280774E-01  1.51263118E-01  1.22591516E-03
2.92571746E-01  1.52657747E-01  1.21423788E-03
2.92862717E-01  1.53723493E-01  1.18365721E-03
2.93153689E-01  1.53055981E-01  1.17272360E-03
2.93444660E-01  1.56174660E-01  1.23622140E-03
2.93735631E-01  1.56376526E-01  1.24366407E-03
2.94026603E-01  1.59505859E-01  1.24072644E-03
2.94317574E-01  1.56587020E-01  1.24170748E-03
2.94608546E-01  1.57254845E-01  1.25975616E-03
2.94899517E-01  1.57676727E-01  1.23156351E-03
2.95190488E-01  1.59808144E-01  1.24869845E-03
2.95481460E-01  1.58014283E-01  1.27267372E-03
2.95772431E-01  1.62261873E-01  1.26550451E-03
2.96063403E-01  1.60710499E-01  1.25251710E-03
2.96354374E-01  1.61639035E-01  1.26487401E-03
2.96645345E-01  1.62891507E-01  1.27887877E-03
2.96936317E-01  1.63999140E-01  1.23752968E-03
2.97227288E-01  1.64587632E-01  1.27215090E-03
2.97518260E-01  1.65158048E-01  1.30809855E-03
2.97809231E-01  1.68201029E-01  1.28699036E-03
2.98100202E-01  1.70028165E-01  1.26431801E-03
2.98391174E-01  1.68381140E-01  1.28339557E-03
2.98682145E-01  1.70195058E-01  1.27887307E-03
2.98973117E-01  1.70476705E-01  1.32256048E-03
2.99264088E-01  1.75923049E-01  1.29312498E-03
2.99555059E-01  1.75417989E-01  1.33570761E-03
2.99846031E-01  1.75627992E-01  1.30272354E-03
3.00137002E-01  1.77497849E-01  1.31937081E-03
3.00427974E-01  1.76238850E-01  1.35253440E-03
3.00718945E-01  1.78762525E-01  1.32096536E-03
3.01009917E-01  1.81908593E-01  1.33988250E-03
3.01300888E-01  1.82237998E-01  1.30547956E-03
3.01591859E-01  1.85068622E-01  1.32718706E-03
3.01882831E-01  1.82997197E-01  1.34952774E-03
3.02173802E-01  1.85324594E-01  1.34531676E-03
3.02464774E-01  1.87879354E-01  1.35938497E-03
3.02755745E-01  1.90867364E-01  1.37231138E-03
3.03046716E-01  1.89704522E-01  1.35367573E-03
3.03337688E-01  1.92124665E-01  1.39193283E-03
3.03628659E-01  1.90906018E-01  1.34110986E-03
3.03919631E-01  1.92910522E-01  1.38765015E-03
3.04210602E-01  1.94452763E-01  1.36024703E-03
3.04501573E-01  1.91802785E-01  1.35139166E-03
3.04792545E-01  1.95518181E-01  1.39002956E-03
3.05083516E-01  2.00514987E-01  1.38554990E-03
3.05374488E-01  1.97203472E-01  1.40466797E-03
3.05665459E-01  1.98723450E-01  1.38450367E-03
3.05956430E-01  1.98878586E-01  1.36349839E-03
3.06247402E-01  2.01841950E-01  1.39217242E-03
3.06538373E-01  2.00397372E-01  1.36812066E-03
3.06829345E-01  1.98243901E-01  1.37625297E-03
3.07120316E-01  1.99198171E-01  1.37910713E-03
3.07411287E-01  2.01230645E-01  1.43080461E-03
3.07702259E-01  1.98732525E-01  1.39961333E-03
3.07993230E-01  1.98407143E-01  1.41549006E-03
3.08284202E-01  1.99459434E-01  1.38218689E-03
3.08575173E-01  1.97770447E-01  1.37115328E-03
3.08866144E-01  1.96168438E-01  1.37810793E-03
3.09157116E-01  1.95157126E-01  1.36597850E-03
3.09448087E-01  1.98844120E-01  1.36939227E-03
3.09739059E-01  1.95796892E-01  1.38765248E-03
3.10030030E-01  1.97826028E-01  1.41065184E-03
3.10321001E-01  1.97210342E-01  1.37644564E-03
3.10611973E-01  1.93101779E-01  1.36278162E-03
3.10902944E-01  1.94227591E-01  1.35624362E-03
3.11193916E-01  1.90812334E-01  1.37632142E-03
3.11484887E-01  1.92495912E-01  1.39430875E-03
3.11775858E-01  1.95388988E-01  1.39885780E-03
3.12066830E-01  1.96018428E-01  1.41923362E-03
3.12357801E-01  1.92881882E-01  1.38953608E-03
3.12648773E-01  1.94103390E-01  1.42029487E-03
3.12939744E-01  1.93561733E-01  1.40871399E-03
3.13230715E-01  1.92241132E-01  1.41642964E-03
3.13521687E-01  1.93886831E-01  1.41198665E-03
3.13812658E-01  1.90646678E-01  1.46039552E-03
3.14103630E-01  1.93800822E-01  1.41516665E-03
3.14394601E-01  1.94136545E-01  1.43561873E-03
3.14685572E-01  1.91077188E-01  1.40635448E-03
3.14976544E-01  1.91227034E-01  1.44052354E-03
3.15267515E-01  1.95613116E-01  1.44404767E-03
3.15558487E-01  1.96322352E-01  1.44631905E-03
3.15849458E-01  1.96175545E-01  1.44733151E-03
3.16140429E-01  1.94326639E-01  1.42407173E-03
3.16431401E-01  1.94986224E-01  1.44982757E-03
3.16722372E-01  1.95821211E-01  1.46846671E-03
3.17013344E-01  1.98299184E-01  1.48074119E-03
3.17304315E-01  1.93866163E-01  1.42917992E-03
3.17595286E-01  1.94556192E-01  1.41331810E-03
3.17886258E-01  1.96168318E-01  1.47642766E-03
3.18177229E-01  1.97138891E-01  1.50481949E-03
3.18468201E-01  1.97492480E-01  1.47504802E-03
3.18759172E-01  1.95334241E-01  1.48716115E-03
3.19050144E-01  1.93295091E-01  1.43731607E-03
3.19341115E-01  1.97137401E-01  1.49513094E-03
3.19632086E-01  1.94147766E-01  1.44916400E-03
3.19923058E-01  1.95115656E-01  1.45447592E-03
3.20214029E-01  1.94442183E-01  1.46681792E-03
3.20505001E-01  1.91604093E-01  1.44447479E-03
3.20795972E-01  1.89744353E-01  1.45178370E-03
3.21086943E-01  1.91335782E-01  1.43663120E-03
3.21377915E-01  1.88141301E-01  1.43174687E-03
3.21668886E-01  1.86404124E-01  1.44575792E-03
3.21959858E-01  1.87047005E-01  1.41471310E-03
3.22250829E-01  1.83229387E-01  1.42098672E-03
3.22541800E-01  1.84980854E-01  1.43808883E-03
3.22832772E-01  1.81138441E-01  1.45901227E-03
3.23123743E-01  1.82793781E-01  1.41210656E-03
3.23414715E-01  1.81744531E-01  1.43151742E-03
3.23705686E-01  1.79102138E-01  1.43306656E-03
3.23996657E-01  1.77411571E-01  1.40871224E-03
3.24287629E-01  1.74954921E-01  1.41399272E-03
3.24578600E-01  1.76107526E-01  1.41644327E-03
3.24869572E-01  1.75649226E-01  1.41332648E-03
3.25160543E-01  1.74220175E-01  1.40194804E-03
3.25451514E-01  1.72890976E-01  1.37206959E-03
3.25742486E-01  1.74089983E-01  1.39677362E-03
3.26033457E-01  1.71378523E-01  1.37720397E-03
3.26324429E-01  1.68055519E-01  1.34895660E-03
3.26615400E-01  1.67542949E-01  1.34954171E-03
3.26906371E-01  1.67419061E-01  1.33213378E-03
3.27197343E-01  1.64301157E-01  1.34715042E-03
3.27488314E-01  1.69064134E-01  1.39276276E-03
3.27779286E-01  1.67117044E-01  1.35978509E-03
3.28070257E-01  1.65084511E-01  1.36031152E-03
3.28361228E-01  1.67168468E-01  1.34464470E-03
3.28652200E-01  1.63006246E-01  1.35440635E-03
3.28943171E-01  1.61360338E-01  1.35786901E-03
3.29234143E-01  1.61325425E-01  1.35697052E-03
3.29525114E-01  1.58681706E-01  1.32613291E-03
3.29816085E-01  1.60301730E-01  1.34336203E-03
3.30107057E-01  1.58529207E-01  1.36148604E-03
3.30398028E-01  1.59699574E-01  1.35458715E-03
3.30689000E-01  1.60317332E-01  1.33773801E-03
3.30979971E-01  1.58645242E-01  1.33828958E-03
3.31270942E-01  1.55517846E-01  1.35987683E-03
3.31561914E-01  1.59606352E-01  1.35919545E-03
3.31852885E-01  1.55441225E-01  1.32585631E-03
3.32143857E-01  1.56857565E-01  1.37040997E-03
3.32434828E-01  1.55765057E-01  1.31985173E-03
3.32725799E-01  1.57685012E-01  1.35072717E-03
3.33016771E-01  1.53714493E-01  1.29199121E-03
3.33307742E-01  1.53405830E-01  1.38562568E-03
3.33598714E-01  1.52606845E-01  1.33602286E-03
3.33889685E-01  1.56715706E-01  1.34941679E-03
3.34180656E-01  1.54196694E-01  1.32514455E-03
3.34471628E-01  1.52622923E-01  1.32241531E-03
3.34762599E-01  1.51634932E-01  1.35252392E-03
3.35053571E-01  1.51384890E-01  1.31222769E-03
3.35344542E-01  1.52658939E-01  1.26813306E-03
3.35635513E-01  1.49448469E-01  1.30737969E-03
3.35926485E-01  1.52305767E-01  1.29502593E-03
3.36217456E-01  1.49852514E-01  1.34296960E-03
3.36508428E-01  1.52452245E-01  1.34813122E-03
3.36799399E-01  1.53045431E-01  1.31679093E-03
3.37090370E-01  1.50402933E-01  1.30175264E-03
3.37381342E-01  1.52415588E-01  1.28998386E-03
3.37672313E-01  1.48447767E-01  1.31263817E-03
3.37963285E-01  1.48239225E-01  1.29403512E-03
3.38254256E-01  1.49732977E-01  1.28912809E-03
3.38545228E-01  1.47115558E-01  1.28721911E-03
3.38836199E-01  1.45936996E-01  1.28803984E-03
3.39127170E-01  1.47574916E-01  1.30436814E-03
3.39418142E-01  1.49346843E-01  1.30641961E-03
3.39709113E-01  1.48578808E-01  1.29178469E-03
3.40000085E-01  1.49485961E-01  1.29245257E-03
3.40291056E-01  1.49249569E-01  1.29610742E-03
3.40582027E-01  1.48678809E-01  1.29947753E-03
3.40872999E-01  1.44841179E-01  1.25938607E-03
3.41163970E-01  1.44965768E-01  1.26649707E-03
3.41454942E-01  1.48146763E-01  1.32892479E-03
3.41745913E-01  1.45259395E-01  1.30499166E-03
3.42036884E-01  1.45817176E-01  1.33804441E-03
3.42327856E-01  1.45540208E-01  1.27391552E-03
3.42618827E-01  1.46522120E-01  1.32045522E-03
3.42909799E-01  1.46911263E-01  1.29114639E-03
3.43200770E-01  1.46523520E-01  1.28362735E-03
3.43491741E-01  1.45681813E-01  1.28651399E-03
3.43782713E-01  1.45024493E-01  1.29336887E-03
3.44073684E-01  1.44978568E-01  1.31499988E-03
3.44364656E-01  1.43994436E-01  1.26483629E-03
3.44655627E-01  1.45180717E-01  1.26155082E-03
3.44946598E-01  1.44693583E-01  1.30829995E-03
3.45237570E-01  1.45046651E-01  1.27806829E-03
3.45528541E-01  1.43215492E-01  1.27677678E-03
3.45819513E-01  1.43016055E-01  1.30007905E-03
3.46110484E-01  1.42827034E-01  1.27971999E-03
3.46401455E-01  1.43930733E-01  1.33376452E-03
3.46692427E-01  1.44936725E-01  1.29871699E-03
3.46983398E-01  1.45596415E-01  1.28339243E-03
3.47274370E-01  1.41859710E-01  1.26664224E-03
3.47565341E-01  1.43508971E-01  1.29285711E-03
3.47856312E-01  1.42187312E-01  1.26646517E-03
3.48147284E-01  1.39791355E-01  1.28105422E-03
3.48438255E-01  1.43852115E-01  1.29416410E-03
3.48729227E-01  1.39219493E-01  1.25815987E-03
3.49020198E-01  1.42804906E-01  1.32570474E-03
3.49311169E-01  1.40483305E-01  1.27087429E-03
3.49602141E-01  1.41824886E-01  1.26702245E-03
3.49893112E-01  1.45272970E-01  1.30156183E-03
3.50184084E-01  1.43347412E-01  1.30383263E-03
3.50475055E-01  1.40150875E-01  1.24063564E-03
3.50766026E-01  1.41267493E-01  1.28208066E-03
3.51056998E-01  1.40967727E-01  1.30679086E-03
3.51347969E-01  1.41517445E-01  1.24050165E-03
3.51638941E-01  1.40040994E-01  1.26407540E-03
3.51929912E-01  1.42391711E-01  1.32796552E-03
3.52220883E-01  1.41646802E-01  1.26944203E-03
3.52511855E-01  1.39617398E-01  1.30000280E-03
3.52802826E-01  1.39784470E-01  1.28394668E-03
3.53093798E-01  1.42301500E-01  1.27673615E-03
3.53384769E-01  1.38912424E-01  1.28215505E-03
3.53675740E-01  1.40702888E-01  1.27594569E-03
3.53966712E-01  1.39983937E-01  1.28999737E-03
3.54257683E-01  1.40733391E-01  1.26329542E-03
3.54548655E-01  1.40569404E-01  1.26674632E-03
3.54839626E-01  1.37635052E-01  1.23197911E-03
3.55130597E-01  1.39554009E-01  1.28751784E-03
3.55421569E-01  1.39780492E-01  1.30586943E-03
3.55712540E-01  1.38316557E-01  1.27505790E-03
3.56003512E-01  1.39432520E-01  1.25709316E-03
3.56294483E-01  1.41471758E-01  1.32781651E-03
3.56585455E-01  1.43639967E-01  1.28557149E-03
3.56876426E-01  1.38476312E-01  1.26633665E-03
3.57167397E-01  1.39158487E-01  1.28939981E-03
3.57458369E-01  1.37727559E-01  1.29904982E-03
3.57749340E-01  1.38902247E-01  1.26692920E-03
3.58040312E-01  1.38576224E-01  1.28163828E-03
3.58331283E-01  1.38825387E-01  1.25347020E-03
3.58622254E-01  1.37047887E-01  1.30756153E-03
3.58913226E-01  1.38407305E-01  1.28462550E-03
3.59204197E-01  1.39842555E-01  1.27627200E-03
3.59495169E-01  1.40510842E-01  1.26936391E-03
3.59786140E-01  1.42508700E-01  1.28344551E-03
3.60077111E-01  1.39084920E-01  1.26580044E-03
3.60368083E-01  1.39519408E-01  1.28459965E-03
3.60659054E-01  1.38670638E-01  1.26644410E-03
3.60950026E-01  1.35567054E-01  1.23709370E-03
3.61240997E-01  1.37860805E-01  1.29424839E-03
3.61531968E-01  1.40236065E-01  1.26326503E-03
3.61822940E-01  1.39811337E-01  1.31650153E-03
3.62113911E-01  1.40078261E-01  1.27036509E-03
3.62404883E-01  1.39253125E-01  1.25688768E-03
3.62695854E-01  1.38768062E-01  1.26950280E-03
3.62986825E-01  1.39570594E-01  1.29559624E-03
3.63277797E-01  1.38639644E-01  1.26692932E-03
3.63568768E-01  1.37370676E-01  1.28811481E-03
3.63859740E-01  1.38401791E-01  1.27289048E-03
3.64150711E-01  1.41347870E-01  1.28497835E-03
3.64441682E-01  1.40554696E-01  1.29345816E-03
3.64732654E-01  1.40089020E-01  1.29609369E-03
3.65023625E-01  1.39091507E-01  1.30090769E-03
3.65314597E-01  1.39333680E-01  1.30236964E-03
3.65605568E-01  1.38443783E-01  1.27255218E-03
3.65896539E-01  1.38462737E-01  1.25579513E-03
3.66187511E-01  1.41868696E-01  1.28876837E-03
3.66478482E-01  1.41823962E-01  1.29601127E-03
3.66769454E-01  1.37254104E-01  1.24434265E-03
3.67060425E-01  1.38996154E-01  1.26159762E-03
3.67351396E-01  1.38440967E-01  1.28936593E-03
3.67642368E-01  1.38272181E-01  1.27609260E-03
3.67933339E-01  1.39485881E-01  1.25133700E-03
3.68224311E-01  1.38625666E-01  1.26239238E-03
3.68515282E-01  1.39002025E-01  1.28014735E-03
3.68806253E-01  1.42461404E-01  1.24840729E-03
3.69097225E-01  1.40203044E-01  1.29232591E-03
3.69388196E-01  1.37154907E-01  1.31125282E-03
3.69679168E-01  1.38528198E-01  1.26759568E-03
3.69970139E-01  1.36103392E-01  1.25495426E-03
3.70261110E-01  1.38752759E-01  1.29913620E-03
3.70552082E-01  1.41422182E-01  1.26803131E-03
3.70843053E-01  1.42069250E-01  1.27484591E-03
3.71134025E-01  1.39567018E-01  1.29886623E-03
3.71424996E-01  1.42676696E-01  1.28699618E-03
3.71715967E-01  1.41510442E-01  1.30864722E-03
3.72006939E-01  1.38709188E-01  1.27745618E-03
3.72297910E-01  1.40081137E-01  1.30666140E-03
3.72588882E-01  1.38135761E-01  1.25439267E-03
3.72879853E-01  1.37945399E-01  1.28148322E-03
3.73170824E-01  1.39994174E-01  1.27777061E-03
3.73461796E-01  1.40337199E-01  1.28697674E-03
3.73752767E-01  1.40666947E-01  1.32039213E-03
3.74043739E-01  1.40812635E-01  1.26921583E-03
3.74334710E-01  1.39933541E-01  1.34504586E-03
3.74625681E-01  1.40132800E-01  1.27756048E-03
3.74916653E-01  1.37950942E-01  1.29649125E-03
3.75207624E-01  1.41715497E-01  1.32473418E-03
3.75498596E-01  1.37701392E-01  1.26363209E-03
3.75789567E-01  1.41457424E-01  1.26707018E-03
3.76080539E-01  1.40787095E-01  1.30666781E-03
3.76371510E-01  1.39942184E-01  1.26826018E-03
3.76662481E-01  1.39672965E-01  1.30524847E-03
3.76953453E-01  1.40521944E-01  1.30401424E-03
3.77244424E-01  1.40381575E-01  1.32227503E-03
3.77535396E-01  1.42232805E-01  1.30428898E-03
3.77826367E-01  1.40279934E-01  1.30321085E-03
3.78117338E-01  1.41073525E-01  1.25867582E-03
3.78408310E-01  1.42215118E-01  1.30781124E-03
3.78699281E-01  1.40136108E-01  1.29435561E-03
3.78990253E-01  1.39057949E-01  1.30200118E-03
3.79281224E-01  1.43498123E-01  1.29715318E-03
3.79572195E-01  1.44233316E-01  1.31252885E-03
3.79863167E-01  1.41864687E-01  1.36288512E-03
3.80154138E-01  1.40528947E-01  1.27752125E-03
3.80445110E-01  1.41534820E-01  1.27784454E-03
3.80736081E-01  1.44214183E-01  1.32525316E-03
3.81027052E-01  1.42139569E-01  1.29553443E-03
3.81318024E-01  1.40702337E-01  1.28709944E-03
3.81608995E-01  1.45027578E-01  1.25586346E-03
3.81899967E-01  1.43233746E-01  1.27535372E-03
3.82190938E-01  1.46624595E-01  1.30822940E-03
3.82481909E-01  1.42560348E-01  1.30770321E-03
3.82772881E-01  1.44180194E-01  1.31383887E-03
3.83063852E-01  1.44507900E-01  1.33533333E-03
3.83354824E-01  1.44655198E-01  1.35238166E-03
3.83645795E-01  1.41981423E-01  1.28673576E-03
3.83936766E-01  1.43489406E-01  1.33693975E-03
3.84227738E-01  1.42160177E-01  1.32573722E-03
3.84518709E-01  1.44580513E-01  1.33554591E-03
3.84809681E-01  1.44118264E-01  1.33302528E-03
3.85100652E-01  1.43316507E-01  1.29370205E-03
3.85391623E-01  1.43254414E-01  1.30666187E-03
3.85682595E-01  1.43958047E-01  1.31557626E-03
3.85973566E-01  1.42735273E-01  1.31699874E-03
3.86264538E-01  1.42707035E-01  1.32570614E-03
3.86555509E-01  1.43538579E-01  1.29964808E-03
3.86846480E-01  1.44216537E-01  1.34048169E-03
3.87137452E-01  1.41523108E-01  1.27668364E-03
3.87428423E-01  1.44409895E-01  1.30798458E-03
3.87719395E-01  1.45354524E-01  1.33773207E-03
3.88010366E-01  1.43767014E-01  1.28155574E-03
3.88301337E-01  1.39835775E-01  1.31768768E-03
3.88592309E-01  1.42330810E-01  1.29218702E-03
3.88883280E-01  1.42578766E-01  1.30589353E-03
3.89174252E-01  1.42846450E-01  1.29565352E-03
3.89465223E-01  1.44394293E-01  1.32614025E-03
3.89756194E-01  1.44733936E-01  1.32438540E-03
3.90047166E-01  1.41895145E-01  1.28834369E-03
3.90338137E-01  1.43834308E-01  1.30174367E-03
3.90629109E-01  1.38429955E-01  1.28334062E-03
3.90920080E-01  1.43616214E-01  1.32118003E-03
3.91211051E-01  1.38365522E-01  1.30963465E-03
3.91502023E-01  1.41661778E-01  1.31992029E-03
3.91792994E-01  1.42070994E-01  1.27862289E-03
3.92083966E-01  1.41021267E-01  1.32202310E-03
3.92374937E-01  1.42213121E-01  1.29506306E-03
3.92665908E-01  1.42996699E-01  1.31531141E-03
3.92956880E-01  1.39375940E-01  1.31894217E-03
3.93247851E-01  1.40333503E-01  1.30738714E-03
3.93538823E-01  1.41382515E-01  1.35947927E-03
3.93829794E-01  1.39060006E-01  1.30230095E-03
3.94120766E-01  1.39900059E-01  1.30438502E-03
3.94411737E-01  1.39927447E-01  1.27201853E-03
3.94702708E-01  1.42341271E-01  1.33062759E-03
3.94993680E-01  1.38117597E-01  1.26024941E-03
3.95284651E-01  1.38925850E-01  1.31129206E-03
3.95575623E-01  1.38577685E-01  1.27470156E-03
3.95866594E-01  1.37960449E-01  1.26392755E-03
3.96157565E-01  1.41538203E-01  1.33627187E-03
3.96448537E-01  1.41349390E-01  1.31859479E-03
3.96739508E-01  1.40754342E-01  1.26756204E-03
3.97030480E-01  1.43636748E-01  1.33914885E-03
3.97321451E-01  1.40774116E-01  1.32762850E-03
3.97612422E-01  1.41799808E-01  1.30207988E-03
3.97903394E-01  1.40275806E-01  1.34055829E-03
3.98194365E-01  1.40317738E-01  1.32167619E-03
3.98485337E-01  1.40777454E-01  1.32140249E-03
3.98776308E-01  1.41358405E-01  1.31642364E-03
3.99067279E-01  1.39875889E-01  1.27688318E-03
3.99358251E-01  1.40323430E-01  1.32576399E-03
3.99649222E-01  1.41744643E-01  1.32532744E-03
3.99940194E-01  1.41576305E-01  1.31621026E-03
4.00231165E-01  1.40251383E-01  1.27610541E-03
4.00522136E-01  1.40862286E-01  1.29986985E-03
4.00813108E-01  1.41369358E-01  1.31624273E-03
4.01104079E-01  1.42110914E-01  1.28023094E-03
4.01395051E-01  1.41679585E-01  1.34446775E-03
4.01686022E-01  1.41562179E-01  1.32536527E-03
4.01976993E-01  1.42091066E-01  1.29524025E-03
4.02267965E-01  1.40778035E-01  1.27733464E-03
4.02558936E-01  1.40258312E-01  1.32699916E-03
4.02849908E-01  1.41577736E-01  1.31633494E-03
4.03140879E-01  1.42631397E-01  1.35134254E-03
4.03431850E-01  1.40633315E-01  1.31796859E-03
4.03722822E-01  1.40793949E-01  1.29497179E-03
4.04013793E-01  1.39429331E-01  1.28753344E-03
4.04304765E-01  1.41375899E-01  1.33677316E-03
4.04595736E-01  1.40258297E-01  1.29841326E-03
4.04886707E-01  1.41883925E-01  1.32637739E-03
4.05177679E-01  1.38968587E-01  1.27097091E-03
4.05468650E-01  1.39730945E-01  1.31465925E-03
4.05759622E-01  1.40800595E-01  1.34328764E-03
4.06050593E-01  1.39945433E-01  1.31033233E-03
4.06341564E-01  1.38503402E-01  1.25649502E-03
4.06632536E-01  1.38557956E-01  1.30608096E-03
4.06923507E-01  1.39792293E-01  1.36352563E-03
4.07214479E-01  1.39762074E-01  1.27931917E-03
4.07505450E-01  1.37570262E-01  1.29910558E-03
4.07796421E-01  1.37511700E-01  1.25602644E-03
4.08087393E-01  1.38517529E-01  1.30401342E-03
4.08378364E-01  1.36054933E-01  1.27664860E-03
4.08669336E-01  1.36981308E-01  1.29096792E-03
4.08960307E-01  1.39454335E-01  1.31092186E-03
4.09251278E-01  1.38184652E-01  1.26901071E-03
4.09542250E-01  1.37331992E-01  1.31219625E-03
4.09833221E-01  1.35929659E-01  1.27549970E-03
4.10124193E-01  1.38400972E-01  1.31777115E-03
4.10415164E-01  1.36524826E-01  1.27726258E-03
4.10706135E-01  1.36186406E-01  1.26396958E-03
4.10997107E-01  1.36392266E-01  1.25649071E-03
4.11288078E-01  1.36007890E-01  1.28617056E-03
4.11579050E-01  1.34553358E-01  1.25672016E-03
4.11870021E-01  1.33106723E-01  1.25680550E-03
4.12160992E-01  1.33606449E-01  1.24683464E-03
4.12451964E-01  1.35145754E-01  1.30910799E-03
4.12742935E-01  1.35796055E-01  1.24594604E-03
4.13033907E-01  1.34071723E-01  1.26410113E-03
4.13324878E-01  1.33944064E-01  1.26304897E-03
4.13615850E-01  1.35479569E-01  1.29501312E-03
4.13906821E-01  1.32471412E-01  1.24757993E-03
4.14197792E-01  1.32052928E-01  1.28039625E-03
4.14488764E-01  1.33873031E-01  1.25837640E-03
4.14779735E-01  1.34324521E-01  1.27878156E-03
4.15070707E-01  1.34226725E-01  1.28457206E-03
4.15361678E-01  1.31437138E-01  1.25549326E-03
4.15652649E-01  1.32157028E-01  1.25179975E-03
4.15943621E-01  1.32450119E-01  1.23667624E-03
4.16234592E-01  1.31246030E-01  1.20228343E-03
4.16525564E-01  1.32298365E-01  1.25320232E-03
4.16816535E-01  1.30626887E-01  1.21872453E-03
4.17107506E-01  1.30540937E-01  1.27322471E-03
4.17398478E-01  1.30223498E-01  1.27978541E-03
4.17689449E-01  1.31954372E-01  1.24154810E-03
4.17980421E-01  1.30412653E-01  1.26077689E-03
4.18271392E-01  1.29158989E-01  1.25542283E-03
4.18562363E-01  1.28264114E-01  1.27825991E-03
4.18853335E-01  1.30773261E-01  1.22698490E-03
4.19144306E-01  1.33353740E-01  1.25326985E-03
4.19435278E-01  1.29877165E-01  1.26017176E-03
4.19726249E-01  1.28520697E-01  1.25968235E-03
4.20017220E-01  1.31001621E-01  1.26705971E-03
4.20308192E-01  1.27804115E-01  1.28449558E-03
4.20599163E-01  1.26983762E-01  1.23611197E-03
4.20890135E-01  1.28895655E-01  1.22551748E-03
4.21181106E-01  1.27779290E-01  1.25200464E-03
4.21472077E-01  1.28081530E-01  1.26413314E-03
4.21763049E-01  1.26081914E-01  1.21766655E-03
4.22054020E-01  1.24176696E-01  1.21385616E-03
4.22344992E-01  1.26447633E-01  1.22856628E-03
4.22635963E-01  1.26313031E-01  1.22910517E-03
4.22926934E-01  1.28030479E-01  1.28591119E-03
4.23217906E-01  1.26823083E-01  1.21894944E-03
4.23508877E-01  1.27426863E-01  1.23988627E-03
4.23799849E-01  1.23382345E-01  1.21041958E-03
4.24090820E-01  1.26715705E-01  1.21391262E-03
4.24381791E-01  1.23429231E-01  1.21844583E-03
4.24672763E-01  1.24787956E-01  1.22427545E-03
4.24963734E-01  1.24852404E-01  1.20902597E-03
4.25254706E-01  1.22263022E-01  1.20379368E-03
4.25545677E-01  1.23166032E-01  1.21482823E-03
4.25836648E-01  1.24161884E-01  1.23060809E-03
4.26127620E-01  1.24588959E-01  1.21149910E-03
4.26418591E-01  1.22877263E-01  1.19054667E-03
4.26709563E-01  1.22672103E-01  1.21731206E-03
4.27000534E-01  1.23834692E-01  1.21456897E-03
4.27291505E-01  1.22310355E-01  1.21770031E-03
4.27582477E-01  1.21687412E-01  1.22270035E-03
4.27873448E-01  1.23665258E-01  1.20105059E-03
4.28164420E-01  1.22189470E-01  1.17885380E-03
4.28455391E-01  1.21855557E-01  1.17498625E-03
4.28746362E-01  1.20488316E-01  1.17288425E-03
4.29037334E-01  1.19540282E-01  1.18463032E-03
4.29328305E-01  1.22198090E-01  1.19760132E-03
4.29619277E-01  1.21455051E-01  1.15974806E-03
4.29910248E-01  1.18895672E-01  1.19940797E-03
4.30201219E-01  1.18960671E-01  1.20134396E-03
4.30492191E-01  1.20247632E-01  1.21202623E-03
4.30783162E-01  1.19734429E-01  1.16108800E-03
4.31074134E-01  1.17708392E-01  1.14429987E-03
4.31365105E-01  1.19895123E-01  1.17994694E-03
4.31656077E-01  1.19264998E-01  1.17936998E-03
4.31947048E-01  1.19956851E-01  1.23873458E-03
4.32238019E-01  1.19403504E-01  1.19759038E-03
4.32528991E-01  1.18799329E-01  1.17606518E-03
4.32819962E-01  1.18175380E-01  1.17683271E-03
4.33110934E-01  1.17934920E-01  1.17407262E-03
4.33401905E-01  1.19401239E-01  1.19584333E-03
4.33692876E-01  1.19334757E-01  1.16974756E-03
4.33983848E-01  1.16300553E-01  1.18312193E-03
4.34274819E-01  1.16896339E-01  1.16070872E-03
4.34565791E-01  1.16603456E-01  1.17338123E-03
4.34856762E-01  1.21234417E-01  1.21929217E-03
4.35147733E-01  1.17326453E-01  1.20181579E-03
4.35438705E-01  1.18002295E-01  1.20438181E-03
4.35729676E-01  1.18687160E-01  1.22014270E-03
4.36020648E-01  1.15974717E-01  1.18104310E-03
4.36311619E-01  1.18678637E-01  1.17164815E-03
4.36602590E-01  1.17044725E-01  1.17464433E-03
4.36893562E-01  1.18422069E-01  1.19813532E-03
4.37184533E-01  1.18298993E-01  1.18148734E-03
4.37475505E-01  1.17104135E-01  1.21372403E-03
4.37766476E-01  1.18103541E-01  1.18123717E-03
4.38057447E-01  1.17346957E-01  1.17427693E-03
4.38348419E-01  1.17273889E-01  1.17368170E-03
4.38639390E-01  1.17871061E-01  1.15817750E-03
4.38930362E-01  1.18452333E-01  1.18182157E-03
4.39221333E-01  1.17903121E-01  1.14922412E-03
4.39512304E-01  1.16286121E-01  1.21511822E-03
4.39803276E-01  1.17284544E-01  1.18351553E-03
4.40094247E-01  1.16618887E-01  1.16048730E-03
4.40385219E-01  1.18504792E-01  1.17021904E-03
4.40676190E-01  1.14960343E-01  1.14778173E-03
4.40967161E-01  1.17108144E-01  1.17648055E-03
4.41258133E-01  1.15728661E-01  1.18912267E-03
4.41549104E-01  1.13643706E-01  1.17134547E-03
4.41840076E-01  1.18101478E-01  1.20615144E-03
4.42131047E-01  1.15610160E-01  1.27369200E-03
4.42422018E-01  1.16668522E-01  1.24912802E-03
4.42712990E-01  1.16277263E-01  1.23190752E-03
4.43003961E-01  1.14259295E-01  1.21676631E-03
4.43294933E-01  1.17163263E-01  1.28419558E-03
4.43585904E-01  1.15100004E-01  1.28202082E-03
4.43876875E-01  1.16400860E-01  1.32409984E-03
4.44167847E-01  1.15787789E-01  1.26037409E-03
4.44458818E-01  1.15646929E-01  1.21991301E-03
4.44749790E-01  1.18798286E-01  1.34043524E-03
4.45040761E-01  1.13929324E-01  1.27557456E-03
4.45331732E-01  1.14446469E-01  1.28837978E-03
4.45622704E-01  1.16312727E-01  1.32646016E-03
4.45913675E-01  1.14141122E-01  1.32125965E-03
4.46204647E-01  1.16661415E-01  1.34521991E-03
4.46495618E-01  1.13789462E-01  1.30397314E-03
4.46786589E-01  1.15881018E-01  1.31844555E-03
4.47077561E-01  1.13477856E-01  1.32321077E-03
4.47368532E-01  1.14598416E-01  1.33966759E-03
4.47659504E-01  1.15344070E-01  1.35661836E-03
4.47950475E-01  1.14926800E-01  1.35170773E-03
4.48241446E-01  1.13237269E-01  1.32352987E-03
4.48532418E-01  1.14661224E-01  1.32169994E-03
4.48823389E-01  1.15164302E-01  1.31464459E-03
4.49114361E-01  1.15331829E-01  1.35368924E-03
4.49405332E-01  1.12864241E-01  1.36404030E-03
4.49696303E-01  1.14318542E-01  1.36746350E-03
4.49987275E-01  1.15434229E-01  1.35461800E-03
4.50278246E-01  1.15209028E-01  1.35682907E-03
4.50569218E-01  1.16636030E-01  1.38913491E-03
4.50860189E-01  1.15337893E-01  1.40425970E-03
4.51151161E-01  1.14910997E-01  1.37400615E-03
4.51442132E-01  1.14753745E-01  1.39778003E-03
4.51733103E-01  1.12930618E-01  1.36477919E-03
4.52024075E-01  1.13831192E-01  1.38896785E-03
4.52315046E-01  1.16738610E-01  1.32716366E-03
4.52606018E-01  1.15085632E-01  1.35853747E-03
4.52896989E-01  1.16902590E-01  1.34176656E-03
4.53187960E-01  1.14251949E-01  1.33225473E-03
4.53478932E-01  1.13675088E-01  1.28454936E-03
4.53769903E-01  1.13051727E-01  1.30606280E-03
4.54060875E-01  1.15774222E-01  1.31904928E-03
4.54351846E-01  1.13731496E-01  1.30459480E-03
4.54642817E-01  1.13047309E-01  1.27857388E-03
4.54933789E-01  1.12751350E-01  1.24396954E-03
4.55224760E-01  1.16142377E-01  1.26692432E-03
4.55515732E-01  1.15406916E-01  1.30759494E-03
4.55806703E-01  1.15050912E-01  1.26914878E-03
4.56097674E-01  1.16269320E-01  1.24434603E-03
4.56388646E-01  1.13746233E-01  1.28886127E-03
4.56679617E-01  1.14310801E-01  1.28221570E-03
4.56970589E-01  1.13871679E-01  1.30284927E-03
4.57261560E-01  1.12586014E-01  1.24808645E-03
4.57552531E-01  1.13287359E-01  1.24977715E-03
4.57843503E-01  1.13045283E-01  1.24041748E-03
4.58134474E-01  1.15343183E-01  1.31109369E-03
4.58425446E-01  1.15568422E-01  1.27923116E-03
4.58716417E-01  1.13646753E-01  1.25291082E-03
4.59007388E-01  1.12605773E-01  1.22679013E-03
4.59298360E-01  1.15758047E-01  1.28460478E-03
4.59589331E-01  1.13187551E-01  1.25692040E-03
4.59880303E-01  1.13384388E-01  1.29032484E-03
4.60171274E-01  1.14469275E-01  1.23914809E-03
4.60462245E-01  1.12166561E-01  1.24399236E-03
4.60753217E-01  1.13692373E-01  1.25893392E-03
4.61044188E-01  1.14743292E-01  1.24050910E-03
4.61335160E-01  1.14092454E-01  1.21019827E-03
4.61626131E-01  1.15284950E-01  1.25479000E-03
4.61917102E-01  1.15539357E-01  1.28001871E-03
4.62208074E-01  1.13228425E-01  1.23634876E-03
4.62499045E-01  1.16650328E-01  1.25972007E-03
4.62790017E-01  1.15861677E-01  1.25557347E-03
4.63080988E-01  1.17945574E-01  1.28998305E-03
4.63371959E-01  1.14345387E-01  1.25740236E-03
4.63662931E-01  1.16151512E-01  1.27049675E-03
4.63953902E-01  1.12829536E-01  1.24097813E-03
4.64244874E-01  1.15909100E-01  1.32888509E-03
4.64535845E-01  1.14510968E-01  1.26050448E-03
4.64826816E-01  1.14348352E-01  1.25019229E-03
4.65117788E-01  1.15403101E-01  1.29827484E-03
4.65408759E-01  1.14978150E-01  1.24172366E-03
4.65699731E-01  1.14091024E-01  1.21486257E-03
4.65990702E-01  1.13966227E-01  1.22683810E-03
4.66281673E-01  1.14677526E-01  1.27938867E-03
4.66572645E-01  1.14064112E-01  1.27131597E-03
4.66863616E-01  1.11088209E-01  1.23483676E-03
4.67154588E-01  1.13790892E-01  1.24918995E-03
4.67445559E-01  1.15333267E-01  1.26134965E-03
4.67736530E-01  1.12000346E-01  1.23838976E-03
4.68027502E-01  1.13767534E-01  1.25981879E-03
4.68318473E-01  1.14309259E-01  1.24111632E-03
4.68609445E-01  1.14859045E-01  1.24589039E-03
4.68900416E-01  1.15349956E-01  1.26910454E-03
4.69191388E-01  1.14261411E-01  1.23326934E-03
4.69482359E-01  1.12198420E-01  1.25332072E-03
4.69773330E-01  1.11235239E-01  1.16817711E-03
4.70064302E-01  1.13339931E-01  1.23453455E-03
4.70355273E-01  1.13835618E-01  1.23646075E-03
4.70646245E-01  1.14988431E-01  1.23212102E-03
4.70937216E-01  1.13745913E-01  1.25519594E-03
4.71228187E-01  1.14564642E-01  1.28593226E-03
4.71519159E-01  1.11315809E-01  1.23810838E-03
4.71810130E-01  1.15782678E-01  1.23578554E-03
4.72101102E-01  1.13921359E-01  1.22151931E-03
4.72392073E-01  1.12413429E-01  1.24513591E-03
4.72683044E-01  1.12532169E-01  1.23503699E-03
4.72974016E-01  1.09802291E-01  1.22973823E-03
4.73264987E-01  1.13199972E-01  1.22841157E-03
4.73555959E-01  1.11398742E-01  1.20894925E-03
4.73846930E-01  1.12049468E-01  1.21568656E-03
4.74137901E-01  1.11793958E-01  1.22791191E-03
4.74428873E-01  1.15717575E-01  1.25428464E-03
4.74719844E-01  1.12469971E-01  1.25353190E-03
4.75010816E-01  1.13329127E-01  1.21605827E-03
4.75301787E-01  1.12376839E-01  1.22944405E-03
4.75592758E-01  1.14059813E-01  1.23511336E-03
4.75883730E-01  1.14343479E-01  1.25448336E-03
4.76174701E-01  1.12591371E-01  1.22933218E-03
4.76465673E-01  1.13018081E-01  1.25021907E-03
4.76756644E-01  1.13169268E-01  1.23299530E-03
4.77047615E-01  1.12762608E-01  1.22892391E-03
4.77338587E-01  1.13142423E-01  1.22500479E-03
4.77629558E-01  1.14773139E-01  1.23356748E-03
4.77920530E-01  1.12191215E-01  1.26685458E-03
4.78211501E-01  1.16478764E-01  1.27840810E-03
4.78502472E-01  1.14223145E-01  1.24780415E-03
4.78793444E-01  1.14744671E-01  1.23333000E-03
4.79084415E-01  1.11955494E-01  1.23408670E-03
4.79375387E-01  1.13685362E-01  1.22419477E-03
4.79666358E-01  1.12634920E-01  1.23167667E-03
4.79957329E-01  1.12832814E-01  1.25801156E-03
4.80248301E-01  1.12646043E-01  1.23464444E-03
4.80539272E-01  1.10750809E-01  1.18779461E-03
4.80830244E-01  1.11893184E-01  1.23989687E-03
4.81121215E-01  1.14206269E-01  1.23019004E-03
4.81412186E-01  1.12927824E-01  1.22284691E-03
4.81703158E-01  1.14702322E-01  1.24051201E-03
4.81994129E-01  1.12537980E-01  1.19884731E-03
4.82285101E-01  1.10754333E-01  1.24979881E-03
4.82576072E-01  1.10107407E-01  1.21119875E-03
4.82867043E-01  1.14467323E-01  1.23769452E-03
4.83158015E-01  1.12632968E-01  1.25231361E-03
4.83448986E-01  1.13695003E-01  1.21042377E-03
4.83739958E-01  1.13331683E-01  1.20912818E-03
4.84030929E-01  1.13259956E-01  1.22104248E-03
4.84321900E-01  1.11930147E-01  1.24727481E-03
4.84612872E-01  1.12803921E-01  1.23868545E-03
4.84903843E-01  1.10865258E-01  1.20270252E-03
4.85194815E-01  1.12856232E-01  1.21348514E-03
4.85485786E-01  1.11200854E-01  1.22233375E-03
4.85776757E-01  1.12000979E-01  1.20118714E-03
4.86067729E-01  1.13091424E-01  1.22944056E-03
4.86358700E-01  1.14202306E-01  1.25864556E-03
4.86649672E-01  1.13373965E-01  1.25697453E-03
4.86940643E-01  1.13553829E-01  1.21903676E-03
4.87231614E-01  1.13849044E-01  1.23197841E-03
4.87522586E-01  1.13345914E-01  1.21937774E-03
4.87813557E-01  1.13048710E-01  1.25031697E-03
4.88104529E-01  1.10955544E-01  1.22013513E-03
4.88395500E-01  1.11711927E-01  1.22934394E-03
4.88686472E-01  1.13729455E-01  1.21238653E-03
4.88977443E-01  1.13275200E-01  1.23585074E-03
4.89268414E-01  1.12996444E-01  1.21215591E-03
4.89559386E-01  1.11561522E-01  1.23348273E-03
4.89850357E-01  1.13205619E-01  1.21989707E-03
4.90141329E-01  1.12830453E-01  1.21049245E-03
4.90432300E-01  1.11815684E-01  1.16750959E-03
4.90723271E-01  1.13937341E-01  1.21337886E-03
4.91014243E-01  1.12588115E-01  1.25378708E-03
4.91305214E-01  1.13826476E-01  1.20226247E-03
4.91596186E-01  1.12986676E-01  1.29434606E-03
4.91887157E-01  1.11361586E-01  1.21919473E-03
4.92178128E-01  1.11133322E-01  1.22160430E-03
4.92469100E-01  1.09798431E-01  1.21650007E-03
4.92760071E-01  1.11661538E-01  1.21586211E-03
4.93051043E-01  1.12983398E-01  1.21266115E-03
4.93342014E-01  1.12006396E-01  1.20655389E-03
4.93632985E-01  1.13540545E-01  1.25005213E-03
4.93923957E-01  1.14287466E-01  1.25845312E-03
4.94214928E-01  1.14306614E-01  1.22737640E-03
4.94505900E-01  1.14017375E-01  1.21968461E-03
4.94796871E-01  1.14149563E-01  1.22388802E-03
4.95087842E-01  1.14180163E-01  1.22387451E-03
4.95378814E-01  1.13766529E-01  1.21210609E-03
4.95669785E-01  1.11827038E-01  1.21005322E-03
4.95960757E-01  1.12151906E-01  1.18366198E-03
4.96251728E-01  1.10038050E-01  1.20475213E-03
4.96542699E-01  1.11889444E-01  1.21358805E-03
4.96833671E-01  1.12317458E-01  1.21307396E-03
4.97124642E-01  1.13098390E-01  1.20168505E-03
4.97415614E-01  1.13596775E-01  1.19975663E-03
4.97706585E-01  1.12424150E-01  1.25239615E-03
4.97997556E-01  1.10521495E-01  1.23784505E-03
4.98288528E-01  1.12331502E-01  1.26082683E-03
4.98579499E-01  1.09983735E-01  1.20810606E-03
4.98870471E-01  1.09940469E-01  1.22921495E-03
4.99161442E-01  1.12711482E-01  1.22428918E-03
4.99452413E-01  1.13838904E-01  1.24082039E-03
4.99743385E-01  1.11498050E-01  1.20054639E-03
5.00034356E-01  1.11973286E-01  1.22607034E-03
5.00325328E-01  1.12426572E-01  1.26922585E-03
5.00616299E-01  1.14545576E-01  1.22839364E-03
5.00907270E-01  1.11878648E-01  1.24610378E-03
5.01198242E-01  1.12533651E-01  1.19137892E-03
5.01489213E-01  1.11578785E-01  1.20784226E-03
5.01780185E-01  1.12807475E-01  1.20323058E-03
5.02071156E-01  1.15003631E-01  1.23561220E-03
5.02362127E-01  1.12095796E-01  1.26181007E-03
5.02653099E-01  1.11396477E-01  1.21446082E-03
5.02944070E-01  1.11680254E-01  1.18143368E-03
5.03235042E-01  1.11206532E-01  1.23275688E-03
5.03526013E-01  1.11040294E-01  1.19641155E-03
5.03816984E-01  1.14802673E-01  1.27065799E-03
5.04107956E-01  1.11888193E-01  1.22253620E-03
5.04398927E-01  1.09274887E-01  1.23391242E-03
5.04689899E-01  1.10773146E-01  1.20077655E-03
5.04980870E-01  1.11495823E-01  1.23304036E-03
5.05271841E-01  1.13012679E-01  1.22646720E-03
5.05562813E-01  1.14723295E-01  1.20484515E-03
5.05853784E-01  1.10736951E-01  1.23453769E-03
5.06144756E-01  1.08472668E-01  1.20374875E-03
5.06435727E-01  1.10965140E-01  1.22935208E-03
5.06726699E-01  1.13027625E-01  1.20095036E-03
5.07017670E-01  1.09073646E-01  1.19136542E-03
5.07308641E-01  1.08353436E-01  1.20702910E-03
5.07599613E-01  1.11210801E-01  1.23530172E-03
5.07890584E-01  1.12595998E-01  1.25383062E-03
5.08181556E-01  1.11901417E-01  1.15821394E-03
5.08472527E-01  1.11244373E-01  1.21423288E-03
5.08763498E-01  1.11422651E-01  1.19933707E-03
5.09054470E-01  1.10523693E-01  1.21866143E-03
5.09345441E-01  1.11049876E-01  1.21641252E-03
5.09636413E-01  1.11805275E-01  1.18313183E-03
5.09927384E-01  1.09317377E-01  1.20832946E-03
5.10218355E-01  1.10225990E-01  1.20020169E-03
5.10509327E-01  1.12572812E-01  1.20952469E-03
5.10800298E-01  1.11315638E-01  1.23492721E-03
5.11091270E-01  1.12838350E-01  1.23134186E-03
5.11382241E-01  1.13600470E-01  1.19313877E-03
5.11673212E-01  1.10847607E-01  1.19120826E-03
5.11964184E-01  1.09062433E-01  1.15595048E-03
5.12255155E-01  1.12438403E-01  1.24684861E-03
5.12546127E-01  1.13230176E-01  1.20877486E-03
5.12837098E-01  1.12385057E-01  1.22057518E-03
5.13128069E-01  1.12906471E-01  1.20257959E-03
5.13419041E-01  1.12220161E-01  1.22992066E-03
5.13710012E-01  1.12266831E-01  1.22423482E-03
5.14000984E-01  1.10640563E-01  1.20592932E-03
5.14291955E-01  1.13903269E-01  1.21528865E-03
5.14582926E-01  1.13531969E-01  1.23038224E-03
5.14873898E-01  1.10004142E-01  1.19392748E-03
5.15164869E-01  1.11234322E-01  1.20309659E-03
5.15455841E-01  1.13053322E-01  1.23925530E-03
5.15746812E-01  1.11979954E-01  1.21159386E-03
5.16037783E-01  1.14095531E-01  1.24373031E-03
5.16328755E-01  1.12026945E-01  1.21465372E-03
5.16619726E-01  1.11578912E-01  1.23958196E-03
5.16910698E-01  1.11488461E-01  1.22604193E-03
5.17201669E-01  1.12696759E-01  1.21875736E-03
5.17492640E-01  1.13549821E-01  1.25084433E-03
5.17783612E-01  1.12844765E-01  1.24820916E-03
5.18074583E-01  1.10314444E-01  1.21021329E-03
5.18365555E-01  1.12137608E-01  1.23320089E-03
5.18656526E-01  1.12205952E-01  1.21400098E-03
5.18947497E-01  1.13348670E-01  1.25252118E-03
5.19238469E-01  1.10938877E-01  1.20626937E-03
5.19529440E-01  1.11757092E-01  1.23120239E-03
5.19820412E-01  1.12353824E-01  1.20538473E-03
5.20111383E-01  1.12277731E-01  1.20655820E-03
5.20402354E-01  1.09327368E-01  1.20345759E-03
5.20693326E-01  1.09742910E-01  1.19680562E-03
5.20984297E-01  1.13502733E-01  1.26441766E-03
5.21275269E-01  1.11359589E-01  1.21886295E-03
5.21566240E-01  1.10477000E-01  1.21724862E-03
5.21857211E-01  1.10601753E-01  1.20201975E-03
5.22148183E-01  1.11529313E-01  1.22181198E-03
5.22439154E-01  1.12658560E-01  1.22890796E-03
5.22730126E-01  1.09855138E-01  1.19995663E-03
5.23021097E-01  1.10689633E-01  1.18095567E-03
5.23312068E-01  1.14450552E-01  1.19217439E-03
5.23603040E-01  1.09753862E-01  1.21491076E-03
5.23894011E-01  1.11894123E-01  1.22908573E-03
5.24184983E-01  1.11172654E-01  1.22857851E-03
5.24475954E-01  1.11619279E-01  1.25041662E-03
5.24766925E-01  1.13824077E-01  1.20376109E-03
5.25057897E-01  1.11473016E-01  1.21169735E-03
5.25348868E-01  1.11510821E-01  1.20118703E-03
5.25639840E-01  1.11870572E-01  1.22318137E-03
5.25930811E-01  1.11928374E-01  1.19131547E-03
5.26221783E-01  1.12673685E-01  1.19785254E-03
5.26512754E-01  1.10428579E-01  1.21918623E-03
5.26803725E-01  1.11497112E-01  1.19783578E-03
5.27094697E-01  1.13816142E-01  1.19969295E-03
5.27385668E-01  1.10522538E-01  1.19812798E-03
5.27676640E-01  1.10870644E-01  1.23122835E-03
5.27967611E-01  1.12452522E-01  1.19249674E-03
5.28258582E-01  1.12182505E-01  1.21224485E-03
5.28549554E-01  1.11976929E-01  1.19069521E-03
5.28840525E-01  1.12046376E-01  1.18877972E-03
5.29131497E-01  1.10567033E-01  1.19503331E-03
5.29422468E-01  1.09760597E-01  1.20983797E-03
5.29713439E-01  1.10985696E-01  1.21018058E-03
5.30004411E-01  1.12790398E-01  1.18924642E-03


### HEADER:
#
#{
#    "analysis": {},
#    "calibration_params": {
#        "Beam_Center_X": 1065.0,
#        "Beam_Center_Y": 2064.0,
#        "Detector Tilt": 0.0,
#        "Detector Tilt Plane Rotation": 0.0,
#        "Detector_X_Pixel_Size": 75.0,
#        "Detector_Y_Pixel_Size": 75.0,
#        "Integration Method": "nosplit_csr",
#        "Radial_Average_Method": "pyFAI",
#        "Sample-to-detector distance (mm)": 1824.0,
#        "Wavelength (A)": 0.8848865554555589
#    },
#    "config_file": "/home/chess_id7a/.RAW/backup.cfg",
#    "counters": {
#        "Epoch": "136.087",
#        "I1": "0",
#        "I2": "0",
#        "I3": "0",
#        "Seconds": "1",
#        "Time": "1.78814e-05",
#        "date": "Sat Mar 16 02:34:02 2024",
#        "diode": "94403"
#    },
#    "filename": "DM0013_35C_060MPa_up_2_data_000001_00001.h5",
#    "history": {},
#    "imageHeader": {},
#    "load_path": "/nfs/chess/daq/current/id7a/Milshteyn_03_15_2024/DM0013/DM0013_35C_060MPa_up_2_data_000001.h5",
#    "normalizations": {
#        "Absolute_scale": {
#            "Absolute_scale_factor": 0.017092358101131556,
#            "Method": "Water"
#        },
#        "Counter_norms": [
#            [
#                "/",
#                "diode/150000"
#            ]
#        ],
#        "Polarization": {
#            "Used": false
#        },
#        "Solid_Angle_Correction": "On"
#    },
#    "raw_version": "2.2.1",
#    "unit": ""
#}

