### DATA:
#
# 1786
#      Q             I(Q)           Error     
1.06204562E-02  5.99821949E+00  1.04905255E-01
1.09114276E-02  5.40497875E+00  7.85214230E-02
1.12023990E-02  4.78722286E+00  7.37866163E-02
1.14933704E-02  4.45329237E+00  7.64564872E-02
1.17843418E-02  3.95127606E+00  6.23417012E-02
1.20753132E-02  3.69849992E+00  5.55831045E-02
1.23662846E-02  3.42847443E+00  5.41415885E-02
1.26572560E-02  3.12806797E+00  4.84527834E-02
1.29482274E-02  2.97991371E+00  5.65122068E-02
1.32391988E-02  2.82772660E+00  5.27379625E-02
1.35301702E-02  2.52240467E+00  4.66670766E-02
1.38211416E-02  2.33469939E+00  4.19394933E-02
1.41121131E-02  2.20519090E+00  4.15136181E-02
1.44030845E-02  2.11032176E+00  4.00857255E-02
1.46940559E-02  2.04173493E+00  3.52942012E-02
1.49850273E-02  1.87289155E+00  3.16348746E-02
1.52759987E-02  1.78155911E+00  3.00095398E-02
1.55669701E-02  1.63566935E+00  2.60949805E-02
1.58579415E-02  1.56372106E+00  2.98999120E-02
1.61489129E-02  1.51044095E+00  2.68919785E-02
1.64398843E-02  1.43862784E+00  2.47892849E-02
1.67308557E-02  1.38514435E+00  2.31218338E-02
1.70218271E-02  1.30395949E+00  2.15629917E-02
1.73127985E-02  1.23935091E+00  2.04429496E-02
1.76037699E-02  1.18818235E+00  2.15662811E-02
1.78947413E-02  1.12691033E+00  1.85992196E-02
1.81857127E-02  1.06143081E+00  2.27055755E-02
1.84766841E-02  1.07936370E+00  1.87336300E-02
1.87676555E-02  1.01878750E+00  1.91088803E-02
1.90586269E-02  9.50908065E-01  1.92322098E-02
1.93495983E-02  9.09681320E-01  1.67325661E-02
1.96405697E-02  8.96056116E-01  1.66728999E-02
1.99315411E-02  8.63083243E-01  1.50525449E-02
2.02225125E-02  8.35885644E-01  1.67361069E-02
2.05134839E-02  7.85681427E-01  1.39946174E-02
2.08044553E-02  8.03909302E-01  1.44563913E-02
2.10954267E-02  7.54295886E-01  1.44070713E-02
2.13863981E-02  7.10488617E-01  1.34096518E-02
2.16773695E-02  6.99745119E-01  1.33241741E-02
2.19683409E-02  7.08722830E-01  1.17507102E-02
2.22593123E-02  6.62114501E-01  9.84400697E-03
2.25502837E-02  6.56589866E-01  1.26567120E-02
2.28412551E-02  6.35439873E-01  1.15591688E-02
2.31322265E-02  6.33897960E-01  1.13292309E-02
2.34231979E-02  6.06701970E-01  1.05385482E-02
2.37141694E-02  5.85931063E-01  9.85170342E-03
2.40051408E-02  5.82743585E-01  9.00095794E-03
2.42961122E-02  5.52086115E-01  9.41540860E-03
2.45870836E-02  5.52067101E-01  9.85363685E-03
2.48780550E-02  5.22769749E-01  8.65528639E-03
2.51690264E-02  5.12295425E-01  9.02243238E-03
2.54599978E-02  5.18631220E-01  8.55833013E-03
2.57509692E-02  4.84601825E-01  8.07599723E-03
2.60419406E-02  4.94470328E-01  8.66121892E-03
2.63329120E-02  4.63993102E-01  7.67841330E-03
2.66238834E-02  4.62306112E-01  8.17317516E-03
2.69148548E-02  4.50736701E-01  7.66898319E-03
2.72058262E-02  4.19888586E-01  7.61253340E-03
2.74967976E-02  4.14709210E-01  7.43834395E-03
2.77877690E-02  4.21959996E-01  7.55713461E-03
2.80787404E-02  4.16460723E-01  7.64187286E-03
2.83697118E-02  3.93137455E-01  7.43857399E-03
2.86606832E-02  3.98846269E-01  6.85992278E-03
2.89516546E-02  3.79495800E-01  7.21648242E-03
2.92426260E-02  3.79854769E-01  6.46384805E-03
2.95335974E-02  3.67336839E-01  7.11177243E-03
2.98245688E-02  3.74835551E-01  6.84267469E-03
3.01155402E-02  3.57548624E-01  6.19968120E-03
3.04065116E-02  3.41394663E-01  6.10221783E-03
3.06974830E-02  3.46231103E-01  5.82871120E-03
3.09884544E-02  3.45703095E-01  5.92231937E-03
3.12794258E-02  3.38114232E-01  5.70308603E-03
3.15703972E-02  3.17275196E-01  5.85679663E-03
3.18613686E-02  3.25366646E-01  5.37937135E-03
3.21523400E-02  3.13244373E-01  5.10756532E-03
3.24433114E-02  3.10746819E-01  5.28201601E-03
3.27342828E-02  3.00262094E-01  5.10314247E-03
3.30252543E-02  3.05176616E-01  5.25402650E-03
3.33162257E-02  2.95675099E-01  4.91820928E-03
3.36071971E-02  3.02037418E-01  5.14574070E-03
3.38981685E-02  2.87606895E-01  4.83770762E-03
3.41891399E-02  2.89328337E-01  4.65477817E-03
3.44801113E-02  2.79844642E-01  5.05648367E-03
3.47710827E-02  2.76864618E-01  4.76304768E-03
3.50620541E-02  2.76335895E-01  4.65968112E-03
3.53530255E-02  2.70722836E-01  5.01473760E-03
3.56439969E-02  2.69848406E-01  4.62159747E-03
3.59349683E-02  2.66302288E-01  4.81049623E-03
3.62259397E-02  2.66542077E-01  4.40013641E-03
3.65169111E-02  2.66557157E-01  4.44803853E-03
3.68078825E-02  2.64759451E-01  4.79663163E-03
3.70988539E-02  2.48736143E-01  4.35002334E-03
3.73898253E-02  2.54924715E-01  4.38541267E-03
3.76807967E-02  2.49985799E-01  4.08181874E-03
3.79717681E-02  2.42147446E-01  4.13883664E-03
3.82627395E-02  2.43504211E-01  4.07363335E-03
3.85537109E-02  2.35710874E-01  3.98091646E-03
3.88446823E-02  2.40488186E-01  3.95817496E-03
3.91356537E-02  2.37700880E-01  4.05059475E-03
3.94266251E-02  2.27057740E-01  3.69896321E-03
3.97175965E-02  2.23221600E-01  4.02624812E-03
4.00085679E-02  2.29517162E-01  3.94810783E-03
4.02995393E-02  2.27787942E-01  3.94151825E-03
4.05905107E-02  2.30405763E-01  3.76786804E-03
4.08814821E-02  2.30963126E-01  3.80367576E-03
4.11724535E-02  2.22233117E-01  3.87602393E-03
4.14634249E-02  2.20080227E-01  3.83607950E-03
4.17543963E-02  2.23559573E-01  3.83224711E-03
4.20453677E-02  2.14553431E-01  3.44889984E-03
4.23363392E-02  2.26876825E-01  3.74238240E-03
4.26273106E-02  2.13659868E-01  3.46706808E-03
4.29182820E-02  2.19607219E-01  3.67805222E-03
4.32092534E-02  2.18167961E-01  3.53467022E-03
4.35002248E-02  2.07698867E-01  3.34708835E-03
4.37911962E-02  2.15578377E-01  3.57045676E-03
4.40821676E-02  2.11020067E-01  3.36942100E-03
4.43731390E-02  2.12788329E-01  3.38187232E-03
4.46641104E-02  2.04490274E-01  3.38305184E-03
4.49550818E-02  2.11142898E-01  3.26372124E-03
4.52460532E-02  2.11169392E-01  3.41446046E-03
4.55370246E-02  2.05968395E-01  3.44304764E-03
4.58279960E-02  2.10398883E-01  3.24101048E-03
4.61189674E-02  2.05498651E-01  3.39321676E-03
4.64099388E-02  2.05089763E-01  3.32902907E-03
4.67009102E-02  2.15952992E-01  3.56541364E-03
4.69918816E-02  2.11808696E-01  3.45480465E-03
4.72828530E-02  2.04749405E-01  3.32150143E-03
4.75738244E-02  2.01744169E-01  3.44675104E-03
4.78647958E-02  2.05966309E-01  3.28050065E-03
4.81557672E-02  2.03949302E-01  3.23109957E-03
4.84467386E-02  2.04145432E-01  3.28867347E-03
4.87377100E-02  2.12389171E-01  3.38608841E-03
4.90286814E-02  2.05071822E-01  3.22447624E-03
4.93196528E-02  2.07609072E-01  3.18166637E-03
4.96106242E-02  2.13622063E-01  3.50656896E-03
4.99015956E-02  2.14157850E-01  3.39635578E-03
5.01925670E-02  2.09718317E-01  3.29242181E-03
5.04835384E-02  2.05548123E-01  3.20880068E-03
5.07745098E-02  2.12402597E-01  3.29284300E-03
5.10654812E-02  2.07413465E-01  3.37238703E-03
5.13564526E-02  2.07102522E-01  3.34924087E-03
5.16474241E-02  2.05381542E-01  3.27007426E-03
5.19383955E-02  2.07501650E-01  3.16423690E-03
5.22293669E-02  2.12578341E-01  3.18481494E-03
5.25203383E-02  2.06108928E-01  3.37452744E-03
5.28113097E-02  2.16355681E-01  3.27800540E-03
5.31022811E-02  2.13376239E-01  3.36652342E-03
5.33932525E-02  2.12188467E-01  3.23779159E-03
5.36842239E-02  2.10735247E-01  3.31879058E-03
5.39751953E-02  2.17487842E-01  3.41692846E-03
5.42661667E-02  2.19590336E-01  3.30387265E-03
5.45571381E-02  2.20627174E-01  3.34372302E-03
5.48481095E-02  2.19982713E-01  3.32654756E-03
5.51390809E-02  2.28396073E-01  3.47778853E-03
5.54300523E-02  2.21614778E-01  3.28275841E-03
5.57210237E-02  2.26325661E-01  3.25883692E-03
5.60119951E-02  2.32654288E-01  3.29409284E-03
5.63029665E-02  2.37260669E-01  3.45958979E-03
5.65939379E-02  2.29125872E-01  3.18235811E-03
5.68849093E-02  2.31258735E-01  3.24728689E-03
5.71758807E-02  2.41076976E-01  3.43725388E-03
5.74668521E-02  2.39799365E-01  3.31250555E-03
5.77578235E-02  2.39956364E-01  3.42091313E-03
5.80487949E-02  2.45902613E-01  3.30296694E-03
5.83397663E-02  2.46472433E-01  3.37874633E-03
5.86307377E-02  2.52412200E-01  3.51748872E-03
5.89217091E-02  2.57643491E-01  3.37033975E-03
5.92126805E-02  2.49109372E-01  3.19373049E-03
5.95036519E-02  2.62425959E-01  3.54969013E-03
5.97946233E-02  2.71581590E-01  3.74161243E-03
6.00855947E-02  2.74894774E-01  3.53484391E-03
6.03765661E-02  2.68788576E-01  3.55873094E-03
6.06675375E-02  2.77901918E-01  3.59100825E-03
6.09585090E-02  2.82524258E-01  3.61049292E-03
6.12494804E-02  2.93896288E-01  3.75740021E-03
6.15404518E-02  2.94913530E-01  3.53783718E-03
6.18314232E-02  3.02910388E-01  3.63820978E-03
6.21223946E-02  3.05977017E-01  3.82786035E-03
6.24133660E-02  3.09091985E-01  3.75856180E-03
6.27043374E-02  3.24121565E-01  3.90451355E-03
6.29953088E-02  3.27694356E-01  4.10371553E-03
6.32862802E-02  3.34848374E-01  3.85546149E-03
6.35772516E-02  3.46488029E-01  3.88878700E-03
6.38682230E-02  3.45286876E-01  4.11837827E-03
6.41591944E-02  3.61829013E-01  4.27566702E-03
6.44501658E-02  3.66322488E-01  4.15842980E-03
6.47411372E-02  3.68139654E-01  4.15140949E-03
6.50321086E-02  3.88153851E-01  4.24345909E-03
6.53230800E-02  3.93651843E-01  4.17622598E-03
6.56140514E-02  4.13760424E-01  4.36028000E-03
6.59050228E-02  4.21464264E-01  4.63600643E-03
6.61959942E-02  4.39345539E-01  4.79943026E-03
6.64869656E-02  4.46910471E-01  4.75124642E-03
6.67779370E-02  4.51053381E-01  4.84581431E-03
6.70689084E-02  4.73054081E-01  4.65420401E-03
6.73598798E-02  4.89613086E-01  4.79059573E-03
6.76508512E-02  5.07792056E-01  4.93008830E-03
6.79418226E-02  5.22664309E-01  4.91088955E-03
6.82327940E-02  5.41052461E-01  4.93115094E-03
6.85237654E-02  5.66462159E-01  5.26450993E-03
6.88147368E-02  5.94092309E-01  5.64511772E-03
6.91057082E-02  6.20077729E-01  5.81901148E-03
6.93966796E-02  6.53130829E-01  5.96095668E-03
6.96876510E-02  6.90852642E-01  6.40037749E-03
6.99786224E-02  7.17480004E-01  6.80426648E-03
7.02695938E-02  7.58701146E-01  7.00000580E-03
7.05605653E-02  8.05550873E-01  7.40522426E-03
7.08515367E-02  8.52936447E-01  8.18101037E-03
7.11425081E-02  9.12840664E-01  8.50676931E-03
7.14334795E-02  9.74843979E-01  9.37591586E-03
7.17244509E-02  1.02349234E+00  1.00794565E-02
7.20154223E-02  1.11641002E+00  1.09761972E-02
7.23063937E-02  1.22290647E+00  1.24402978E-02
7.25973651E-02  1.32045650E+00  1.41802570E-02
7.28883365E-02  1.45446694E+00  1.58684291E-02
7.31793079E-02  1.58079374E+00  1.84078906E-02
7.34702793E-02  1.76213241E+00  2.12701336E-02
7.37612507E-02  1.96554112E+00  2.49876995E-02
7.40522221E-02  2.19409394E+00  2.88335253E-02
7.43431935E-02  2.47695255E+00  3.44730392E-02
7.46341649E-02  2.82411814E+00  4.02725004E-02
7.49251363E-02  3.21736360E+00  4.74894680E-02
7.52161077E-02  3.67389441E+00  5.65200821E-02
7.55070791E-02  4.22223711E+00  6.59493059E-02
7.57980505E-02  4.84764147E+00  7.37820342E-02
7.60890219E-02  5.49835205E+00  8.09125230E-02
7.63799933E-02  6.20203400E+00  8.71200040E-02
7.66709647E-02  6.98688030E+00  8.84179249E-02
7.69619361E-02  7.75577450E+00  8.41789022E-02
7.72529075E-02  8.46002674E+00  7.65539780E-02
7.75438789E-02  9.15220070E+00  6.82652369E-02
7.78348503E-02  9.63296318E+00  5.45878895E-02
7.81258217E-02  1.00437679E+01  4.52020727E-02
7.84167931E-02  1.02434988E+01  4.32996042E-02
7.87077645E-02  1.02539511E+01  5.36748841E-02
7.89987359E-02  1.00894136E+01  6.34933859E-02
7.92897073E-02  9.67102528E+00  7.54098147E-02
7.95806787E-02  9.08498287E+00  8.01485032E-02
7.98716502E-02  8.30138397E+00  8.35062414E-02
8.01626216E-02  7.49609852E+00  8.19955692E-02
8.04535930E-02  6.67508030E+00  7.68735111E-02
8.07445644E-02  5.84326410E+00  6.96541220E-02
8.10355358E-02  5.09775019E+00  6.19853847E-02
8.13265072E-02  4.39422274E+00  5.33561669E-02
8.16174786E-02  3.75776100E+00  4.40046340E-02
8.19084500E-02  3.24382162E+00  3.78810950E-02
8.21994214E-02  2.80691099E+00  3.16898227E-02
8.24903928E-02  2.43871474E+00  2.63907183E-02
8.27813642E-02  2.15708399E+00  2.28992589E-02
8.30723356E-02  1.90932035E+00  1.93919186E-02
8.33633070E-02  1.69651735E+00  1.64468996E-02
8.36542784E-02  1.50920725E+00  1.40095372E-02
8.39452498E-02  1.36987567E+00  1.19761694E-02
8.42362212E-02  1.24847257E+00  1.09723024E-02
8.45271926E-02  1.14402425E+00  9.66443401E-03
8.48181640E-02  1.04507685E+00  8.29883851E-03
8.51091354E-02  9.88044918E-01  7.78943300E-03
8.54001068E-02  9.14367735E-01  7.52130430E-03
8.56910782E-02  8.62677395E-01  7.03748781E-03
8.59820496E-02  8.24330091E-01  6.42791623E-03
8.62730210E-02  7.76108861E-01  6.10799342E-03
8.65639924E-02  7.29981780E-01  5.68981236E-03
8.68549638E-02  6.97026432E-01  5.58937248E-03
8.71459352E-02  6.70385003E-01  5.26546035E-03
8.74369066E-02  6.40626192E-01  4.99121798E-03
8.77278780E-02  6.23104334E-01  4.96852025E-03
8.80188494E-02  6.00955606E-01  4.63866303E-03
8.83098208E-02  5.86870849E-01  4.77627618E-03
8.86007922E-02  5.63337684E-01  4.51466488E-03
8.88917636E-02  5.49697816E-01  4.38852143E-03
8.91827351E-02  5.35207331E-01  4.45880042E-03
8.94737065E-02  5.20056486E-01  4.50788904E-03
8.97646779E-02  5.10407925E-01  4.29162849E-03
9.00556493E-02  4.97758418E-01  4.18489333E-03
9.03466207E-02  4.82978016E-01  4.01416002E-03
9.06375921E-02  4.74420160E-01  4.04635258E-03
9.09285635E-02  4.74271268E-01  3.88936675E-03
9.12195349E-02  4.59670871E-01  4.11064131E-03
9.15105063E-02  4.47846472E-01  3.97300627E-03
9.18014777E-02  4.48697805E-01  3.79331666E-03
9.20924491E-02  4.41699654E-01  3.84135335E-03
9.23834205E-02  4.34247822E-01  3.92516749E-03
9.26743919E-02  4.26316082E-01  3.73604335E-03
9.29653633E-02  4.26636875E-01  3.93261574E-03
9.32563347E-02  4.19062853E-01  3.79909994E-03
9.35473061E-02  4.22712415E-01  3.86738661E-03
9.38382775E-02  4.19969559E-01  3.74303898E-03
9.41292489E-02  4.08191502E-01  3.89958802E-03
9.44202203E-02  4.07796144E-01  3.61647597E-03
9.47111917E-02  4.05608326E-01  3.60628171E-03
9.50021631E-02  4.05854821E-01  3.62838735E-03
9.52931345E-02  3.97857338E-01  3.60921770E-03
9.55841059E-02  3.98019254E-01  3.72728263E-03
9.58750773E-02  3.93302113E-01  3.78655782E-03
9.61660487E-02  3.93494248E-01  3.59968771E-03
9.64570201E-02  3.95861536E-01  3.59432888E-03
9.67479915E-02  3.92861396E-01  3.43905902E-03
9.70389629E-02  3.89377862E-01  3.60852969E-03
9.73299343E-02  3.90330106E-01  3.50844651E-03
9.76209057E-02  3.87802601E-01  3.70881590E-03
9.79118771E-02  3.90480876E-01  3.60186235E-03
9.82028485E-02  3.92184079E-01  3.54013382E-03
9.84938200E-02  3.89875621E-01  3.60992481E-03
9.87847914E-02  3.84943187E-01  3.38157895E-03
9.90757628E-02  3.88402909E-01  3.56079778E-03
9.93667342E-02  3.89284372E-01  3.47733242E-03
9.96577056E-02  3.91221970E-01  3.48677789E-03
9.99486770E-02  3.84431630E-01  3.33586428E-03
1.00239648E-01  3.89669001E-01  3.49198654E-03
1.00530620E-01  3.94670010E-01  3.53843975E-03
1.00821591E-01  3.87197822E-01  3.36077064E-03
1.01112563E-01  3.90307665E-01  3.44508211E-03
1.01403534E-01  3.91583800E-01  3.32463579E-03
1.01694505E-01  3.96080554E-01  3.49212205E-03
1.01985477E-01  3.94257873E-01  3.55071388E-03
1.02276448E-01  3.96652848E-01  3.52871744E-03
1.02567420E-01  3.98297876E-01  3.52878752E-03
1.02858391E-01  3.98012251E-01  3.54199554E-03
1.03149362E-01  4.04363930E-01  3.74521618E-03
1.03440334E-01  4.05399531E-01  3.62746371E-03
1.03731305E-01  4.06452149E-01  3.51187354E-03
1.04022277E-01  4.12858874E-01  3.61864408E-03
1.04313248E-01  4.11967784E-01  3.47769121E-03
1.04604219E-01  4.13742572E-01  3.53931077E-03
1.04895191E-01  4.21553850E-01  3.61303939E-03
1.05186162E-01  4.22257990E-01  3.63299879E-03
1.05477134E-01  4.29317564E-01  3.65593797E-03
1.05768105E-01  4.38582420E-01  3.67806922E-03
1.06059076E-01  4.40507084E-01  3.80344409E-03
1.06350048E-01  4.48316216E-01  3.57879908E-03
1.06641019E-01  4.55678254E-01  3.81512148E-03
1.06931991E-01  4.61692154E-01  3.83866508E-03
1.07222962E-01  4.64161456E-01  3.80479544E-03
1.07513933E-01  4.77851391E-01  3.91143840E-03
1.07804905E-01  4.87873584E-01  3.85065936E-03
1.08095876E-01  4.94734675E-01  3.99563368E-03
1.08386848E-01  5.00790894E-01  3.98689602E-03
1.08677819E-01  5.10703266E-01  4.00971156E-03
1.08968790E-01  5.27693033E-01  4.17752238E-03
1.09259762E-01  5.47287464E-01  4.20189230E-03
1.09550733E-01  5.54653883E-01  4.18324769E-03
1.09841705E-01  5.71565390E-01  4.36662976E-03
1.10132676E-01  5.86219072E-01  4.61670291E-03
1.10423647E-01  6.24028146E-01  4.83993394E-03
1.10714619E-01  6.41476154E-01  5.12680411E-03
1.11005590E-01  6.73280120E-01  5.33605879E-03
1.11296562E-01  7.19323516E-01  5.79031184E-03
1.11587533E-01  7.68926144E-01  6.62851986E-03
1.11878504E-01  8.15688193E-01  7.42905354E-03
1.12169476E-01  8.85832369E-01  8.98781326E-03
1.12460447E-01  9.81885791E-01  1.11005129E-02
1.12751419E-01  1.09309876E+00  1.42939445E-02
1.13042390E-01  1.26147139E+00  1.80723574E-02
1.13333362E-01  1.50071692E+00  2.57529020E-02
1.13624333E-01  1.79668546E+00  3.43176387E-02
1.13915304E-01  2.16318631E+00  4.33373824E-02
1.14206276E-01  2.61914921E+00  5.34353554E-02
1.14497247E-01  3.10759354E+00  5.74506670E-02
1.14788219E-01  3.66029477E+00  6.18103147E-02
1.15079190E-01  4.14049149E+00  5.73738702E-02
1.15370161E-01  4.66500902E+00  5.18614091E-02
1.15661133E-01  5.10223389E+00  4.42411900E-02
1.15952104E-01  5.55473423E+00  3.98056433E-02
1.16243076E-01  5.86133289E+00  4.27584536E-02
1.16534047E-01  5.97540903E+00  4.83851545E-02
1.16825018E-01  5.80068541E+00  5.74427880E-02
1.17115990E-01  5.32854414E+00  6.13078400E-02
1.17406961E-01  4.64967585E+00  5.92533834E-02
1.17697933E-01  3.84139442E+00  5.13535812E-02
1.17988904E-01  3.07656837E+00  4.17632386E-02
1.18279875E-01  2.42487216E+00  3.14931795E-02
1.18570847E-01  1.90048659E+00  2.24701706E-02
1.18861818E-01  1.55501831E+00  1.61021091E-02
1.19152790E-01  1.30902708E+00  1.18249869E-02
1.19443761E-01  1.13673127E+00  8.86452664E-03
1.19734732E-01  1.01369345E+00  7.25189503E-03
1.20025704E-01  9.33856189E-01  6.35190262E-03
1.20316675E-01  8.70891333E-01  5.70551539E-03
1.20607647E-01  8.13302040E-01  5.32984035E-03
1.20898618E-01  7.93520331E-01  4.96620405E-03
1.21189589E-01  7.62741804E-01  4.86317417E-03
1.21480561E-01  7.47168779E-01  4.85716527E-03
1.21771532E-01  7.32648253E-01  4.73192660E-03
1.22062504E-01  7.25586057E-01  4.55853296E-03
1.22353475E-01  7.11428881E-01  4.50144010E-03
1.22644446E-01  6.99102938E-01  4.69239848E-03
1.22935418E-01  7.04088688E-01  4.62842267E-03
1.23226389E-01  7.11363614E-01  4.70387843E-03
1.23517361E-01  7.13547111E-01  4.72526764E-03
1.23808332E-01  7.17872798E-01  4.68569621E-03
1.24099303E-01  7.32141137E-01  4.89934767E-03
1.24390275E-01  7.40465045E-01  4.95627616E-03
1.24681246E-01  7.47364283E-01  4.92690038E-03
1.24972218E-01  7.56879747E-01  4.92623448E-03
1.25263189E-01  7.66716599E-01  5.00184763E-03
1.25554160E-01  7.78429389E-01  5.30718453E-03
1.25845132E-01  8.02270889E-01  5.20160981E-03
1.26136103E-01  8.27594995E-01  5.70463855E-03
1.26427075E-01  8.39561582E-01  5.62948547E-03
1.26718046E-01  8.63196969E-01  5.52074704E-03
1.27009017E-01  8.94160688E-01  5.63219795E-03
1.27299989E-01  9.28669870E-01  6.28683763E-03
1.27590960E-01  9.53656495E-01  6.21125102E-03
1.27881932E-01  9.92699802E-01  6.42196462E-03
1.28172903E-01  1.05195892E+00  7.03086704E-03
1.28463874E-01  1.09349930E+00  7.25465221E-03
1.28754846E-01  1.16416681E+00  7.59530487E-03
1.29045817E-01  1.20565069E+00  8.33498128E-03
1.29336789E-01  1.27079976E+00  8.66334140E-03
1.29627760E-01  1.34722984E+00  9.80396196E-03
1.29918731E-01  1.42594445E+00  9.94953886E-03
1.30209703E-01  1.50652266E+00  1.09642884E-02
1.30500674E-01  1.63424039E+00  1.16792629E-02
1.30791646E-01  1.72081530E+00  1.24901645E-02
1.31082617E-01  1.85295033E+00  1.38966804E-02
1.31373589E-01  1.97810423E+00  1.48943141E-02
1.31664560E-01  2.10774779E+00  1.61451194E-02
1.31955531E-01  2.28181410E+00  1.76499672E-02
1.32246503E-01  2.43078113E+00  1.77467577E-02
1.32537474E-01  2.60610771E+00  1.90541986E-02
1.32828446E-01  2.79473615E+00  1.88476406E-02
1.33119417E-01  2.98559308E+00  1.96940787E-02
1.33410388E-01  3.16226172E+00  1.96694955E-02
1.33701360E-01  3.34634161E+00  1.89483911E-02
1.33992331E-01  3.52778029E+00  1.80976931E-02
1.34283303E-01  3.66348457E+00  1.64389629E-02
1.34574274E-01  3.81698513E+00  1.52122611E-02
1.34865245E-01  3.91574216E+00  1.40228225E-02
1.35156217E-01  3.97587943E+00  1.24720288E-02
1.35447188E-01  4.01431561E+00  1.25048002E-02
1.35738160E-01  4.00199747E+00  1.33927995E-02
1.36029131E-01  3.95942569E+00  1.33515717E-02
1.36320102E-01  3.86506033E+00  1.54104950E-02
1.36611074E-01  3.74505472E+00  1.53890867E-02
1.36902045E-01  3.58745503E+00  1.65216122E-02
1.37193017E-01  3.41251111E+00  1.69718619E-02
1.37483988E-01  3.24102044E+00  1.77754443E-02
1.37774959E-01  3.01515651E+00  1.74435433E-02
1.38065931E-01  2.80902529E+00  1.66899804E-02
1.38356902E-01  2.60014200E+00  1.59982592E-02
1.38647874E-01  2.42373657E+00  1.48812328E-02
1.38938845E-01  2.23829508E+00  1.42560359E-02
1.39229816E-01  2.05917048E+00  1.32173607E-02
1.39520788E-01  1.90810013E+00  1.22696599E-02
1.39811759E-01  1.76179421E+00  1.08233979E-02
1.40102731E-01  1.61939251E+00  1.00283511E-02
1.40393702E-01  1.50954211E+00  9.66732949E-03
1.40684673E-01  1.40139210E+00  8.63891002E-03
1.40975645E-01  1.31322467E+00  8.10481701E-03
1.41266616E-01  1.22922504E+00  7.51754176E-03
1.41557588E-01  1.14700162E+00  6.95113232E-03
1.41848559E-01  1.10008061E+00  6.70569809E-03
1.42139530E-01  1.03228569E+00  6.12109434E-03
1.42430502E-01  9.67400610E-01  5.53025072E-03
1.42721473E-01  9.16308224E-01  5.36307972E-03
1.43012445E-01  8.92645776E-01  5.26528526E-03
1.43303416E-01  8.58881176E-01  5.10356249E-03
1.43594387E-01  8.18617761E-01  4.66145668E-03
1.43885359E-01  8.00703824E-01  4.62861545E-03
1.44176330E-01  7.74271667E-01  4.48391959E-03
1.44467302E-01  7.59369254E-01  4.42975573E-03
1.44758273E-01  7.30707526E-01  4.31413762E-03
1.45049244E-01  7.13309467E-01  4.38831002E-03
1.45340216E-01  7.08219886E-01  4.17212630E-03
1.45631187E-01  6.97477520E-01  4.14451258E-03
1.45922159E-01  6.81911707E-01  4.19273786E-03
1.46213130E-01  6.80660725E-01  4.12440905E-03
1.46504101E-01  6.69740856E-01  4.04174626E-03
1.46795073E-01  6.66568995E-01  3.97182582E-03
1.47086044E-01  6.66501224E-01  4.04943107E-03
1.47377016E-01  6.65738404E-01  4.07911930E-03
1.47667987E-01  6.65232062E-01  4.17663995E-03
1.47958958E-01  6.70909703E-01  4.12113871E-03
1.48249930E-01  6.70048833E-01  4.18525329E-03
1.48540901E-01  6.75942183E-01  3.99018638E-03
1.48831873E-01  6.74903095E-01  4.02962277E-03
1.49122844E-01  6.88821256E-01  4.14776150E-03
1.49413815E-01  7.00856805E-01  4.35515773E-03
1.49704787E-01  7.15884149E-01  4.25959239E-03
1.49995758E-01  7.19155431E-01  4.38593421E-03
1.50286730E-01  7.52359927E-01  4.57888935E-03
1.50577701E-01  7.53142655E-01  4.45667608E-03
1.50868673E-01  7.92222679E-01  4.82393382E-03
1.51159644E-01  8.09774876E-01  4.85252822E-03
1.51450615E-01  8.47286820E-01  5.10248775E-03
1.51741587E-01  8.77495348E-01  5.26345894E-03
1.52032558E-01  9.12649632E-01  5.53975767E-03
1.52323530E-01  9.52322483E-01  5.84577629E-03
1.52614501E-01  9.90626991E-01  6.14537485E-03
1.52905472E-01  1.03793538E+00  6.24403451E-03
1.53196444E-01  1.08418727E+00  6.53371401E-03
1.53487415E-01  1.14203346E+00  6.64432161E-03
1.53778387E-01  1.18658590E+00  6.87693572E-03
1.54069358E-01  1.24199486E+00  7.01813493E-03
1.54360329E-01  1.30590653E+00  7.07153184E-03
1.54651301E-01  1.34935796E+00  6.94064889E-03
1.54942272E-01  1.38800490E+00  7.09419046E-03
1.55233244E-01  1.43713868E+00  6.87031960E-03
1.55524215E-01  1.47159016E+00  6.57415763E-03
1.55815186E-01  1.50714648E+00  6.31443225E-03
1.56106158E-01  1.51398957E+00  6.32952061E-03
1.56397129E-01  1.51085019E+00  6.05196878E-03
1.56688101E-01  1.51458156E+00  6.39853254E-03
1.56979072E-01  1.49452531E+00  6.18853467E-03
1.57270043E-01  1.47554612E+00  6.33220794E-03
1.57561015E-01  1.46061361E+00  6.30819704E-03
1.57851986E-01  1.40094292E+00  6.48525637E-03
1.58142958E-01  1.35756862E+00  6.61400612E-03
1.58433929E-01  1.30455482E+00  6.39638770E-03
1.58724900E-01  1.24763179E+00  6.48613879E-03
1.59015872E-01  1.19736004E+00  6.41821092E-03
1.59306843E-01  1.12774050E+00  6.35256479E-03
1.59597815E-01  1.07674074E+00  6.10238593E-03
1.59888786E-01  1.02047098E+00  5.75785572E-03
1.60179757E-01  9.52906609E-01  5.61328372E-03
1.60470729E-01  9.07474935E-01  5.19808987E-03
1.60761700E-01  8.62883329E-01  5.04548242E-03
1.61052672E-01  8.17787945E-01  4.79743164E-03
1.61343643E-01  7.72193015E-01  4.62197606E-03
1.61634614E-01  7.37824142E-01  4.55717323E-03
1.61925586E-01  7.10910022E-01  4.39395849E-03
1.62216557E-01  6.71092331E-01  4.22860542E-03
1.62507529E-01  6.39957786E-01  3.97726567E-03
1.62798500E-01  6.23204112E-01  3.87944840E-03
1.63089471E-01  5.90285420E-01  3.67620098E-03
1.63380443E-01  5.72029531E-01  3.66072031E-03
1.63671414E-01  5.50635457E-01  3.52517469E-03
1.63962386E-01  5.36611438E-01  3.51930363E-03
1.64253357E-01  5.22266865E-01  3.43896402E-03
1.64544328E-01  5.05682468E-01  3.37997265E-03
1.64835300E-01  4.93684560E-01  3.31461080E-03
1.65126271E-01  4.70952898E-01  3.33067984E-03
1.65417243E-01  4.62966859E-01  3.17657460E-03
1.65708214E-01  4.56300795E-01  3.19531816E-03
1.65999185E-01  4.49177176E-01  3.14700441E-03
1.66290157E-01  4.33392763E-01  3.00221588E-03
1.66581128E-01  4.35135067E-01  3.19607230E-03
1.66872100E-01  4.20106530E-01  2.99236341E-03
1.67163071E-01  4.13638830E-01  2.97900150E-03
1.67454042E-01  4.10812914E-01  2.95987492E-03
1.67745014E-01  4.00460750E-01  2.98125902E-03
1.68035985E-01  3.96512240E-01  2.88349832E-03
1.68326957E-01  3.90684485E-01  2.81419023E-03
1.68617928E-01  3.87062460E-01  2.86035705E-03
1.68908900E-01  3.81686866E-01  2.74385815E-03
1.69199871E-01  3.78648281E-01  2.79802014E-03
1.69490842E-01  3.75040114E-01  2.88029038E-03
1.69781814E-01  3.68067890E-01  2.75008380E-03
1.70072785E-01  3.61267030E-01  2.81688781E-03
1.70363757E-01  3.63403022E-01  2.67084432E-03
1.70654728E-01  3.61029059E-01  2.71555060E-03
1.70945699E-01  3.50993514E-01  2.62860162E-03
1.71236671E-01  3.52051079E-01  2.63134250E-03
1.71527642E-01  3.47757131E-01  2.77820718E-03
1.71818614E-01  3.43925953E-01  2.69601820E-03
1.72109585E-01  3.38827550E-01  2.60708435E-03
1.72400556E-01  3.42214406E-01  2.68764817E-03
1.72691528E-01  3.41391623E-01  2.62869103E-03
1.72982499E-01  3.36214155E-01  2.62677250E-03
1.73273471E-01  3.32312882E-01  2.62116408E-03
1.73564442E-01  3.30808908E-01  2.48552253E-03
1.73855413E-01  3.33687097E-01  2.64618522E-03
1.74146385E-01  3.26190680E-01  2.62595993E-03
1.74437356E-01  3.19400370E-01  2.62014102E-03
1.74728328E-01  3.22544694E-01  2.62110401E-03
1.75019299E-01  3.19071054E-01  2.62457901E-03
1.75310270E-01  3.14855456E-01  2.50716880E-03
1.75601242E-01  3.17062557E-01  2.58986815E-03
1.75892213E-01  3.17631543E-01  2.49795266E-03
1.76183185E-01  3.18686098E-01  2.47605564E-03
1.76474156E-01  3.14960539E-01  2.49749958E-03
1.76765127E-01  3.16305488E-01  2.43319455E-03
1.77056099E-01  3.10323060E-01  2.53301137E-03
1.77347070E-01  3.00701350E-01  2.43586255E-03
1.77638042E-01  3.11697036E-01  2.53772526E-03
1.77929013E-01  3.03720891E-01  2.49693962E-03
1.78219984E-01  3.01003486E-01  2.50930339E-03
1.78510956E-01  3.00683498E-01  2.44964939E-03
1.78801927E-01  3.00650209E-01  2.48713372E-03
1.79092899E-01  3.02647233E-01  2.38418160E-03
1.79383870E-01  2.97270179E-01  2.45689671E-03
1.79674841E-01  2.99768150E-01  2.43631867E-03
1.79965813E-01  2.97831863E-01  2.45125475E-03
1.80256784E-01  2.99641907E-01  2.49885581E-03
1.80547756E-01  3.00878942E-01  2.41786148E-03
1.80838727E-01  3.01132560E-01  2.47777696E-03
1.81129698E-01  2.95986176E-01  2.36644899E-03
1.81420670E-01  2.88093120E-01  2.35502142E-03
1.81711641E-01  2.92472601E-01  2.39687902E-03
1.82002613E-01  2.93451220E-01  2.37739692E-03
1.82293584E-01  2.95089990E-01  2.39016302E-03
1.82584555E-01  2.93072641E-01  2.32122047E-03
1.82875527E-01  2.88249880E-01  2.41867034E-03
1.83166498E-01  2.92343944E-01  2.37280736E-03
1.83457470E-01  2.89618343E-01  2.33949651E-03
1.83748441E-01  2.95345426E-01  2.44526449E-03
1.84039412E-01  2.93801934E-01  2.33668834E-03
1.84330384E-01  2.88588196E-01  2.40438711E-03
1.84621355E-01  2.92826772E-01  2.36078235E-03
1.84912327E-01  2.90839672E-01  2.35747267E-03
1.85203298E-01  2.89514244E-01  2.30847718E-03
1.85494269E-01  2.93269664E-01  2.41018413E-03
1.85785241E-01  2.91756749E-01  2.31705862E-03
1.86076212E-01  2.94973195E-01  2.36780825E-03
1.86367184E-01  2.97519773E-01  2.31469469E-03
1.86658155E-01  2.94881046E-01  2.36632302E-03
1.86949126E-01  2.92827487E-01  2.32733297E-03
1.87240098E-01  2.91562021E-01  2.31332006E-03
1.87531069E-01  2.94930279E-01  2.37655523E-03
1.87822041E-01  2.94551253E-01  2.39295443E-03
1.88113012E-01  2.88830906E-01  2.32501002E-03
1.88403984E-01  2.92522430E-01  2.32247682E-03
1.88694955E-01  2.95343012E-01  2.31157336E-03
1.88985926E-01  2.95936972E-01  2.35791784E-03
1.89276898E-01  2.96771288E-01  2.32615322E-03
1.89567869E-01  2.98281491E-01  2.37382227E-03
1.89858841E-01  2.99334645E-01  2.39669718E-03
1.90149812E-01  2.99408615E-01  2.39254604E-03
1.90440783E-01  3.00528109E-01  2.34557339E-03
1.90731755E-01  3.01617026E-01  2.35823193E-03
1.91022726E-01  3.03722829E-01  2.38035014E-03
1.91313698E-01  3.04197848E-01  2.36351462E-03
1.91604669E-01  3.06646496E-01  2.47643818E-03
1.91895640E-01  3.03869784E-01  2.35055480E-03
1.92186612E-01  3.10237169E-01  2.44301604E-03
1.92477583E-01  3.10530484E-01  2.38734228E-03
1.92768555E-01  3.12578648E-01  2.40743533E-03
1.93059526E-01  3.16237152E-01  2.41822866E-03
1.93350497E-01  3.17431092E-01  2.48566223E-03
1.93641469E-01  3.20235819E-01  2.38818349E-03
1.93932440E-01  3.20613086E-01  2.38068355E-03
1.94223412E-01  3.25220883E-01  2.44535878E-03
1.94514383E-01  3.30016106E-01  2.53301533E-03
1.94805354E-01  3.30144942E-01  2.50206026E-03
1.95096326E-01  3.31698656E-01  2.45224242E-03
1.95387297E-01  3.33671659E-01  2.49906559E-03
1.95678269E-01  3.35904896E-01  2.50060530E-03
1.95969240E-01  3.44160229E-01  2.58987863E-03
1.96260211E-01  3.47019196E-01  2.48695607E-03
1.96551183E-01  3.52334380E-01  2.54010991E-03
1.96842154E-01  3.59466404E-01  2.63914163E-03
1.97133126E-01  3.56306255E-01  2.57193833E-03
1.97424097E-01  3.65606755E-01  2.61572865E-03
1.97715068E-01  3.75456214E-01  2.60370108E-03
1.98006040E-01  3.79722208E-01  2.64593423E-03
1.98297011E-01  3.85112286E-01  2.76816473E-03
1.98587983E-01  3.89694661E-01  2.68784841E-03
1.98878954E-01  4.02215749E-01  2.61024060E-03
1.99169925E-01  4.12452072E-01  2.73583480E-03
1.99460897E-01  4.15752143E-01  2.78569385E-03
1.99751868E-01  4.29833263E-01  2.84806103E-03
2.00042840E-01  4.33152735E-01  2.84975814E-03
2.00333811E-01  4.45537686E-01  2.88246735E-03
2.00624782E-01  4.52936083E-01  2.96786660E-03
2.00915754E-01  4.67009008E-01  2.95856874E-03
2.01206725E-01  4.77465421E-01  3.12666944E-03
2.01497697E-01  4.98891324E-01  3.09443334E-03
2.01788668E-01  5.06511211E-01  3.21570900E-03
2.02079639E-01  5.25665462E-01  3.31258657E-03
2.02370611E-01  5.42171896E-01  3.27632157E-03
2.02661582E-01  5.57522416E-01  3.34656192E-03
2.02952554E-01  5.74231505E-01  3.45499325E-03
2.03243525E-01  5.83640337E-01  3.39280744E-03
2.03534496E-01  6.05828106E-01  3.40064941E-03
2.03825468E-01  6.15639687E-01  3.46826739E-03
2.04116439E-01  6.31959736E-01  3.61035205E-03
2.04407411E-01  6.54939950E-01  3.63188214E-03
2.04698382E-01  6.59939289E-01  3.62086110E-03
2.04989353E-01  6.68018103E-01  3.59619665E-03
2.05280325E-01  6.83022678E-01  3.49380285E-03
2.05571296E-01  6.89491749E-01  3.60605284E-03
2.05862268E-01  6.92788720E-01  3.55779310E-03
2.06153239E-01  6.98343456E-01  3.50344693E-03
2.06444211E-01  6.99200928E-01  3.34262010E-03
2.06735182E-01  6.94753230E-01  3.44604021E-03
2.07026153E-01  6.93494201E-01  3.41559201E-03
2.07317125E-01  6.91714883E-01  3.45942914E-03
2.07608096E-01  6.76420391E-01  3.50639084E-03
2.07899068E-01  6.61153674E-01  3.37443617E-03
2.08190039E-01  6.43789947E-01  3.47170094E-03
2.08481010E-01  6.36469781E-01  3.48285818E-03
2.08771982E-01  6.14315927E-01  3.32742208E-03
2.09062953E-01  5.92967808E-01  3.32099386E-03
2.09353925E-01  5.79007268E-01  3.28418426E-03
2.09644896E-01  5.63935518E-01  3.20030050E-03
2.09935867E-01  5.34699917E-01  3.25363013E-03
2.10226839E-01  5.25668979E-01  3.17200832E-03
2.10517810E-01  5.04363596E-01  3.01041361E-03
2.10808782E-01  4.80294824E-01  3.03589506E-03
2.11099753E-01  4.56209809E-01  2.92230071E-03
2.11390724E-01  4.37389255E-01  2.80976947E-03
2.11681696E-01  4.21748132E-01  2.78886175E-03
2.11972667E-01  4.06682491E-01  2.75103352E-03
2.12263639E-01  3.92866403E-01  2.62969662E-03
2.12554610E-01  3.78458440E-01  2.63827899E-03
2.12845581E-01  3.64541531E-01  2.51577003E-03
2.13136553E-01  3.51640791E-01  2.52080592E-03
2.13427524E-01  3.37872773E-01  2.43384787E-03
2.13718496E-01  3.32442313E-01  2.39882199E-03
2.14009467E-01  3.14695030E-01  2.29180302E-03
2.14300438E-01  3.06245178E-01  2.32773926E-03
2.14591410E-01  2.98159122E-01  2.27760128E-03
2.14882381E-01  2.86463380E-01  2.29595904E-03
2.15173353E-01  2.82894790E-01  2.17454648E-03
2.15464324E-01  2.79028177E-01  2.10368610E-03
2.15755295E-01  2.71778554E-01  2.12375005E-03
2.16046267E-01  2.66431123E-01  2.13432102E-03
2.16337238E-01  2.58516222E-01  2.10368074E-03
2.16628210E-01  2.55024076E-01  2.05218303E-03
2.16919181E-01  2.49122292E-01  2.00255378E-03
2.17210152E-01  2.43575275E-01  1.96402590E-03
2.17501124E-01  2.41268069E-01  2.00148695E-03
2.17792095E-01  2.32984215E-01  1.91719539E-03
2.18083067E-01  2.31595173E-01  1.94493122E-03
2.18374038E-01  2.30329886E-01  1.88250339E-03
2.18665009E-01  2.29357734E-01  1.93707447E-03
2.18955981E-01  2.27309540E-01  1.91769004E-03
2.19246952E-01  2.24161699E-01  1.86666090E-03
2.19537924E-01  2.23233372E-01  1.84078899E-03
2.19828895E-01  2.17377439E-01  1.85949670E-03
2.20119866E-01  2.17343941E-01  1.85461005E-03
2.20410838E-01  2.13956475E-01  1.80096948E-03
2.20701809E-01  2.07295090E-01  1.84477738E-03
2.20992781E-01  2.08467528E-01  1.79689808E-03
2.21283752E-01  2.11173356E-01  1.85629656E-03
2.21574723E-01  2.08475634E-01  1.75678672E-03
2.21865695E-01  2.05625787E-01  1.79345917E-03
2.22156666E-01  2.05237791E-01  1.78628473E-03
2.22447638E-01  2.04153121E-01  1.79037708E-03
2.22738609E-01  2.05703199E-01  1.78623048E-03
2.23029580E-01  2.01330855E-01  1.77834346E-03
2.23320552E-01  2.04480261E-01  1.80371804E-03
2.23611523E-01  2.06092075E-01  1.76995795E-03
2.23902495E-01  2.08613902E-01  1.79839681E-03
2.24193466E-01  2.05083877E-01  1.81082485E-03
2.24484437E-01  2.06763417E-01  1.81680778E-03
2.24775409E-01  2.08059147E-01  1.81297201E-03
2.25066380E-01  2.06116050E-01  1.75709603E-03
2.25357352E-01  2.08180845E-01  1.76678097E-03
2.25648323E-01  2.07485989E-01  1.78782293E-03
2.25939295E-01  2.10900113E-01  1.76730263E-03
2.26230266E-01  2.11501420E-01  1.83466997E-03
2.26521237E-01  2.10615709E-01  1.79528329E-03
2.26812209E-01  2.14539275E-01  1.89949037E-03
2.27103180E-01  2.15114623E-01  1.88982952E-03
2.27394152E-01  2.22192869E-01  1.83009997E-03
2.27685123E-01  2.23506778E-01  1.88061828E-03
2.27976094E-01  2.27302387E-01  1.85857469E-03
2.28267066E-01  2.33000562E-01  1.94787746E-03
2.28558037E-01  2.34711349E-01  1.96058583E-03
2.28849009E-01  2.44430497E-01  2.01999280E-03
2.29139980E-01  2.49207631E-01  1.98447355E-03
2.29430951E-01  2.56247103E-01  2.07010144E-03
2.29721923E-01  2.71748871E-01  2.15356052E-03
2.30012894E-01  2.81439304E-01  2.17798096E-03
2.30303866E-01  2.89212376E-01  2.21588695E-03
2.30594837E-01  3.02904814E-01  2.23147357E-03
2.30885808E-01  3.10685247E-01  2.29243375E-03
2.31176780E-01  3.17648172E-01  2.20367964E-03
2.31467751E-01  3.26515734E-01  2.26185960E-03
2.31758723E-01  3.29398602E-01  2.24071089E-03
2.32049694E-01  3.27184796E-01  2.22603092E-03
2.32340665E-01  3.26018721E-01  2.23864079E-03
2.32631637E-01  3.23614657E-01  2.29831995E-03
2.32922608E-01  3.18043381E-01  2.20533693E-03
2.33213580E-01  3.06571513E-01  2.19909311E-03
2.33504551E-01  2.95223206E-01  2.12853076E-03
2.33795522E-01  2.85839975E-01  2.08713952E-03
2.34086494E-01  2.82760650E-01  2.07920000E-03
2.34377465E-01  2.72191316E-01  2.04814458E-03
2.34668437E-01  2.66816705E-01  1.99625338E-03
2.34959408E-01  2.59506255E-01  2.01238901E-03
2.35250379E-01  2.52481669E-01  1.94533716E-03
2.35541351E-01  2.48747408E-01  1.92037714E-03
2.35832322E-01  2.46375456E-01  1.94486382E-03
2.36123294E-01  2.42274299E-01  1.80415041E-03
2.36414265E-01  2.35902116E-01  1.88989844E-03
2.36705236E-01  2.30847031E-01  1.77893601E-03
2.36996208E-01  2.29846731E-01  1.84039504E-03
2.37287179E-01  2.20072508E-01  1.79329340E-03
2.37578151E-01  2.22253487E-01  1.77665253E-03
2.37869122E-01  2.12211624E-01  1.73503556E-03
2.38160093E-01  2.07511514E-01  1.77331117E-03
2.38451065E-01  2.03965396E-01  1.74734357E-03
2.38742036E-01  2.01366782E-01  1.73144368E-03
2.39033008E-01  1.96159244E-01  1.73219899E-03
2.39323979E-01  1.93823993E-01  1.71353109E-03
2.39614950E-01  1.88363343E-01  1.64391147E-03
2.39905922E-01  1.83259025E-01  1.63677963E-03
2.40196893E-01  1.80689678E-01  1.65612134E-03
2.40487865E-01  1.76545694E-01  1.59914524E-03
2.40778836E-01  1.76068902E-01  1.62511633E-03
2.41069807E-01  1.72025651E-01  1.59246905E-03
2.41360779E-01  1.66666895E-01  1.57352677E-03
2.41651750E-01  1.67665318E-01  1.55916333E-03
2.41942722E-01  1.63108841E-01  1.55532651E-03
2.42233693E-01  1.58361614E-01  1.51076540E-03
2.42524664E-01  1.57659620E-01  1.52929500E-03
2.42815636E-01  1.55412182E-01  1.44228502E-03
2.43106607E-01  1.54151216E-01  1.50100468E-03
2.43397579E-01  1.51554778E-01  1.51916815E-03
2.43688550E-01  1.51028559E-01  1.51346752E-03
2.43979522E-01  1.50054306E-01  1.49080530E-03
2.44270493E-01  1.45912990E-01  1.43596646E-03
2.44561464E-01  1.42722130E-01  1.42116286E-03
2.44852436E-01  1.40784517E-01  1.39502250E-03
2.45143407E-01  1.42927468E-01  1.48904987E-03
2.45434379E-01  1.40771464E-01  1.38937053E-03
2.45725350E-01  1.39575958E-01  1.43338798E-03
2.46016321E-01  1.38143480E-01  1.40029064E-03
2.46307293E-01  1.35819331E-01  1.40502641E-03
2.46598264E-01  1.33479893E-01  1.39091979E-03
2.46889236E-01  1.33229077E-01  1.38763699E-03
2.47180207E-01  1.32685706E-01  1.38565560E-03
2.47471178E-01  1.33908764E-01  1.37769897E-03
2.47762150E-01  1.28246188E-01  1.33671367E-03
2.48053121E-01  1.27362773E-01  1.31764857E-03
2.48344093E-01  1.29415587E-01  1.35658286E-03
2.48635064E-01  1.27853125E-01  1.42385112E-03
2.48926035E-01  1.28375992E-01  1.36369059E-03
2.49217007E-01  1.26407921E-01  1.34030543E-03
2.49507978E-01  1.24842830E-01  1.34392409E-03
2.49798950E-01  1.26495615E-01  1.35905354E-03
2.50089921E-01  1.22600064E-01  1.31732039E-03
2.50380892E-01  1.24134973E-01  1.34395168E-03
2.50671864E-01  1.24151431E-01  1.33919646E-03
2.50962835E-01  1.24491267E-01  1.30325882E-03
2.51253807E-01  1.25314727E-01  1.32378400E-03
2.51544778E-01  1.19116023E-01  1.29245722E-03
2.51835749E-01  1.21204846E-01  1.29425293E-03
2.52126721E-01  1.19208321E-01  1.33216404E-03
2.52417692E-01  1.19761303E-01  1.33221410E-03
2.52708664E-01  1.20274447E-01  1.30029256E-03
2.52999635E-01  1.15472443E-01  1.29348855E-03
2.53290606E-01  1.17198117E-01  1.27604662E-03
2.53581578E-01  1.18241861E-01  1.30369770E-03
2.53872549E-01  1.21433750E-01  1.38582906E-03
2.54163521E-01  1.16287768E-01  1.28035992E-03
2.54454492E-01  1.16428085E-01  1.30309875E-03
2.54745463E-01  1.13505103E-01  1.27550040E-03
2.55036435E-01  1.14198953E-01  1.31131371E-03
2.55327406E-01  1.15292445E-01  1.28360488E-03
2.55618378E-01  1.14357710E-01  1.26732269E-03
2.55909349E-01  1.13242052E-01  1.25002058E-03
2.56200320E-01  1.12060651E-01  1.26390497E-03
2.56491292E-01  1.12977378E-01  1.28209032E-03
2.56782263E-01  1.12726815E-01  1.30908180E-03
2.57073235E-01  1.11655213E-01  1.23322732E-03
2.57364206E-01  1.11014217E-01  1.22097996E-03
2.57655177E-01  1.13262095E-01  1.27919146E-03
2.57946149E-01  1.10194288E-01  1.24485337E-03
2.58237120E-01  1.09414965E-01  1.21797819E-03
2.58528092E-01  1.10364571E-01  1.24887552E-03
2.58819063E-01  1.11083262E-01  1.24735537E-03
2.59110034E-01  1.12487853E-01  1.27040246E-03
2.59401006E-01  1.10000223E-01  1.22827257E-03
2.59691977E-01  1.09229073E-01  1.22567255E-03
2.59982949E-01  1.11018330E-01  1.24718796E-03
2.60273920E-01  1.08904101E-01  1.24614709E-03
2.60564891E-01  1.09792069E-01  1.24656199E-03
2.60855863E-01  1.07876569E-01  1.21337699E-03
2.61146834E-01  1.07116461E-01  1.21209258E-03
2.61437806E-01  1.08060881E-01  1.20575551E-03
2.61728777E-01  1.08367145E-01  1.21167430E-03
2.62019748E-01  1.08122446E-01  1.23390043E-03
2.62310720E-01  1.09687097E-01  1.22681423E-03
2.62601691E-01  1.09547697E-01  1.21657946E-03
2.62892663E-01  1.06847122E-01  1.20353617E-03
2.63183634E-01  1.06601901E-01  1.16795360E-03
2.63474606E-01  1.04592063E-01  1.18878239E-03
2.63765577E-01  1.04306124E-01  1.21058314E-03
2.64056548E-01  1.04707628E-01  1.17373269E-03
2.64347520E-01  1.03225224E-01  1.19276473E-03
2.64638491E-01  1.06163301E-01  1.17756135E-03
2.64929463E-01  1.04885899E-01  1.18050352E-03
2.65220434E-01  1.03672482E-01  1.17421092E-03
2.65511405E-01  1.05100468E-01  1.19659386E-03
2.65802377E-01  1.02169640E-01  1.18142681E-03
2.66093348E-01  1.02988549E-01  1.20629265E-03
2.66384320E-01  1.03492536E-01  1.20510603E-03
2.66675291E-01  1.01840034E-01  1.17785798E-03
2.66966262E-01  1.02746516E-01  1.17128750E-03
2.67257234E-01  1.04478769E-01  1.18770846E-03
2.67548205E-01  1.04574211E-01  1.17707788E-03
2.67839177E-01  1.03154168E-01  1.19199976E-03
2.68130148E-01  1.03238948E-01  1.16523821E-03
2.68421119E-01  1.05727956E-01  1.24641100E-03
2.68712091E-01  1.04589432E-01  1.21370330E-03
2.69003062E-01  1.05254076E-01  1.15994178E-03
2.69294034E-01  1.03369564E-01  1.17766822E-03
2.69585005E-01  1.05626225E-01  1.24762172E-03
2.69875976E-01  1.02420740E-01  1.19563250E-03
2.70166948E-01  1.02704540E-01  1.17908500E-03
2.70457919E-01  1.01433858E-01  1.16528641E-03
2.70748891E-01  1.04125351E-01  1.18728133E-03
2.71039862E-01  1.00936897E-01  1.18176453E-03
2.71330833E-01  1.04513913E-01  1.18242879E-03
2.71621805E-01  1.03823408E-01  1.16184365E-03
2.71912776E-01  1.05187222E-01  1.15249492E-03
2.72203748E-01  1.00532189E-01  1.17016200E-03
2.72494719E-01  1.03325561E-01  1.17550790E-03
2.72785690E-01  1.04677171E-01  1.16479397E-03
2.73076662E-01  1.01329871E-01  1.13843719E-03
2.73367633E-01  1.04237266E-01  1.19172572E-03
2.73658605E-01  1.04585491E-01  1.17224536E-03
2.73949576E-01  1.01723194E-01  1.14139158E-03
2.74240547E-01  1.02346607E-01  1.13178301E-03
2.74531519E-01  1.02177970E-01  1.16550887E-03
2.74822490E-01  1.02173388E-01  1.13554671E-03
2.75113462E-01  1.03471540E-01  1.19050452E-03
2.75404433E-01  1.01806320E-01  1.14717009E-03
2.75695404E-01  1.02413557E-01  1.16868818E-03
2.75986376E-01  1.00328460E-01  1.12685328E-03
2.76277347E-01  1.01567231E-01  1.15179305E-03
2.76568319E-01  1.02126077E-01  1.16208161E-03
2.76859290E-01  1.00649059E-01  1.12237595E-03
2.77150261E-01  1.01410657E-01  1.18390645E-03
2.77441233E-01  9.99097303E-02  1.13200292E-03
2.77732204E-01  1.00699522E-01  1.15041051E-03
2.78023176E-01  1.01802349E-01  1.15317339E-03
2.78314147E-01  9.81254205E-02  1.12669333E-03
2.78605118E-01  9.98368710E-02  1.13524066E-03
2.78896090E-01  1.02717511E-01  1.12632418E-03
2.79187061E-01  9.97617692E-02  1.14682259E-03
2.79478033E-01  9.98603106E-02  1.10879377E-03
2.79769004E-01  1.01138316E-01  1.16402109E-03
2.80059975E-01  9.89189893E-02  1.12735480E-03
2.80350947E-01  9.88490209E-02  1.13611622E-03
2.80641918E-01  1.01494715E-01  1.15089596E-03
2.80932890E-01  9.97808948E-02  1.11984159E-03
2.81223861E-01  1.00973621E-01  1.16742763E-03
2.81514833E-01  9.97764245E-02  1.14407425E-03
2.81805804E-01  9.90997702E-02  1.12076895E-03
2.82096775E-01  9.80720893E-02  1.13704905E-03
2.82387747E-01  9.91752073E-02  1.12482905E-03
2.82678718E-01  9.87023711E-02  1.15609192E-03
2.82969690E-01  9.69926417E-02  1.14159519E-03
2.83260661E-01  9.82568637E-02  1.12977589E-03
2.83551632E-01  9.93113369E-02  1.15619495E-03
2.83842604E-01  1.00326702E-01  1.16321794E-03
2.84133575E-01  9.99428555E-02  1.14712678E-03
2.84424547E-01  1.00721367E-01  1.14698336E-03
2.84715518E-01  9.90371630E-02  1.14971830E-03
2.85006489E-01  9.82442424E-02  1.14553154E-03
2.85297461E-01  9.83540565E-02  1.19490467E-03
2.85588432E-01  9.45502669E-02  1.15036836E-03
2.85879404E-01  9.80965719E-02  1.14825612E-03
2.86170375E-01  9.76883397E-02  1.17355690E-03
2.86461346E-01  9.55901667E-02  1.15646026E-03
2.86752318E-01  9.83784571E-02  1.18954876E-03
2.87043289E-01  9.65546370E-02  1.15331484E-03
2.87334261E-01  9.93338451E-02  1.17465737E-03
2.87625232E-01  9.65798572E-02  1.17463956E-03
2.87916203E-01  9.52015296E-02  1.15674257E-03
2.88207175E-01  9.68741030E-02  1.14825193E-03
2.88498146E-01  9.60053876E-02  1.20367191E-03
2.88789118E-01  9.60800424E-02  1.16459094E-03
2.89080089E-01  9.71358940E-02  1.19014841E-03
2.89371060E-01  9.98903811E-02  1.15617295E-03
2.89662032E-01  9.63901952E-02  1.19876524E-03
2.89953003E-01  9.79735404E-02  1.18196080E-03
2.90243975E-01  9.78759527E-02  1.19001570E-03
2.90534946E-01  9.69320759E-02  1.15089607E-03
2.90825917E-01  9.87095386E-02  1.20276818E-03
2.91116889E-01  9.64915305E-02  1.15967228E-03
2.91407860E-01  9.91073772E-02  1.19071419E-03
2.91698832E-01  9.84502435E-02  1.19341619E-03
2.91989803E-01  9.87382457E-02  1.16890145E-03
2.92280774E-01  9.70520452E-02  1.15479599E-03
2.92571746E-01  9.72327814E-02  1.15436048E-03
2.92862717E-01  9.51536745E-02  1.12812058E-03
2.93153689E-01  9.76911709E-02  1.11492211E-03
2.93444660E-01  9.46605802E-02  1.14372117E-03
2.93735631E-01  9.87611860E-02  1.15778507E-03
2.94026603E-01  9.79721323E-02  1.14838185E-03
2.94317574E-01  9.82690156E-02  1.17275340E-03
2.94608546E-01  9.77867171E-02  1.18663069E-03
2.94899517E-01  9.44463313E-02  1.13301177E-03
2.95190488E-01  9.75858271E-02  1.18245999E-03
2.95481460E-01  9.79248956E-02  1.18671206E-03
2.95772431E-01  9.74911898E-02  1.18166045E-03
2.96063403E-01  9.87341106E-02  1.20250892E-03
2.96354374E-01  9.56529975E-02  1.15478260E-03
2.96645345E-01  9.78766903E-02  1.19367300E-03
2.96936317E-01  9.62320492E-02  1.17933075E-03
2.97227288E-01  9.87404659E-02  1.19542342E-03
2.97518260E-01  9.75519195E-02  1.18201866E-03
2.97809231E-01  9.78871137E-02  1.17904344E-03
2.98100202E-01  9.78215337E-02  1.16361282E-03
2.98391174E-01  9.76649299E-02  1.16778060E-03
2.98682145E-01  9.64880735E-02  1.19016622E-03
2.98973117E-01  9.78905410E-02  1.17400638E-03
2.99264088E-01  9.60456580E-02  1.14246004E-03
2.99555059E-01  9.64584351E-02  1.18095311E-03
2.99846031E-01  9.90057662E-02  1.17956940E-03
3.00137002E-01  9.67254415E-02  1.17314945E-03
3.00427974E-01  1.00284629E-01  1.19447615E-03
3.00718945E-01  9.94593129E-02  1.14648114E-03
3.01009917E-01  1.01367101E-01  1.22854870E-03
3.01300888E-01  9.94904116E-02  1.17156189E-03
3.01591859E-01  1.01751290E-01  1.21702848E-03
3.01882831E-01  9.89289582E-02  1.18801335E-03
3.02173802E-01  9.85088274E-02  1.16834324E-03
3.02464774E-01  9.84698534E-02  1.19631214E-03
3.02755745E-01  9.86940935E-02  1.19910564E-03
3.03046716E-01  9.64847878E-02  1.13840774E-03
3.03337688E-01  9.84864607E-02  1.19029905E-03
3.03628659E-01  9.90339667E-02  1.16913824E-03
3.03919631E-01  1.00741535E-01  1.23997289E-03
3.04210602E-01  1.02497585E-01  1.21102028E-03
3.04501573E-01  1.00238450E-01  1.18151237E-03
3.04792545E-01  1.01638928E-01  1.21527200E-03
3.05083516E-01  1.02527097E-01  1.20203418E-03
3.05374488E-01  1.01558998E-01  1.24434265E-03
3.05665459E-01  1.01371750E-01  1.20533281E-03
3.05956430E-01  1.01096913E-01  1.18417246E-03
3.06247402E-01  1.01850338E-01  1.19494577E-03
3.06538373E-01  1.02427661E-01  1.19795080E-03
3.06829345E-01  1.02068916E-01  1.18977227E-03
3.07120316E-01  1.01762600E-01  1.19519804E-03
3.07411287E-01  1.03866443E-01  1.20126770E-03
3.07702259E-01  1.02423325E-01  1.20171497E-03
3.07993230E-01  1.00760035E-01  1.17725728E-03
3.08284202E-01  1.00875132E-01  1.18172506E-03
3.08575173E-01  1.01927258E-01  1.19801611E-03
3.08866144E-01  1.03940062E-01  1.20068644E-03
3.09157116E-01  1.02354698E-01  1.20149460E-03
3.09448087E-01  1.04137391E-01  1.22957421E-03
3.09739059E-01  1.03027783E-01  1.18410215E-03
3.10030030E-01  1.05498359E-01  1.24381552E-03
3.10321001E-01  1.03240937E-01  1.18689681E-03
3.10611973E-01  1.02308907E-01  1.14322826E-03
3.10902944E-01  1.02525815E-01  1.20396551E-03
3.11193916E-01  1.01124838E-01  1.22304913E-03
3.11484887E-01  1.01981223E-01  1.21604837E-03
3.11775858E-01  1.01837821E-01  1.22721028E-03
3.12066830E-01  1.03726789E-01  1.23324303E-03
3.12357801E-01  1.02810442E-01  1.21639029E-03
3.12648773E-01  1.04368076E-01  1.25940028E-03
3.12939744E-01  1.02142602E-01  1.22926931E-03
3.13230715E-01  1.04199283E-01  1.25475728E-03
3.13521687E-01  1.04525723E-01  1.25656882E-03
3.13812658E-01  1.03053808E-01  1.22956967E-03
3.14103630E-01  1.04540043E-01  1.26344082E-03
3.14394601E-01  1.03008091E-01  1.25872751E-03
3.14685572E-01  1.03299931E-01  1.25326484E-03
3.14976544E-01  1.04535908E-01  1.27084600E-03
3.15267515E-01  1.06070429E-01  1.31163478E-03
3.15558487E-01  1.05486497E-01  1.27984013E-03
3.15849458E-01  1.04649231E-01  1.23500172E-03
3.16140429E-01  1.03432253E-01  1.26245024E-03
3.16431401E-01  1.03859350E-01  1.32571394E-03
3.16722372E-01  1.03582561E-01  1.25514669E-03
3.17013344E-01  1.01548776E-01  1.27107697E-03
3.17304315E-01  1.04385160E-01  1.27452984E-03
3.17595286E-01  1.03021048E-01  1.26476819E-03
3.17886258E-01  1.01940125E-01  1.28935929E-03
3.18177229E-01  1.02767736E-01  1.30279537E-03
3.18468201E-01  1.06498897E-01  1.28393807E-03
3.18759172E-01  1.04988709E-01  1.32598903E-03
3.19050144E-01  1.03025630E-01  1.28836441E-03
3.19341115E-01  1.04135245E-01  1.26698741E-03
3.19632086E-01  1.05867125E-01  1.26496470E-03
3.19923058E-01  1.03204452E-01  1.28882856E-03
3.20214029E-01  1.05639413E-01  1.27284066E-03
3.20505001E-01  1.01917580E-01  1.26297993E-03
3.20795972E-01  1.01094991E-01  1.28154736E-03
3.21086943E-01  1.02956645E-01  1.27841055E-03
3.21377915E-01  1.02389388E-01  1.26143917E-03
3.21668886E-01  1.03594601E-01  1.27149164E-03
3.21959858E-01  1.06750138E-01  1.29526330E-03
3.22250829E-01  1.02351412E-01  1.31956639E-03
3.22541800E-01  1.02889754E-01  1.29233242E-03
3.22832772E-01  1.02796026E-01  1.25876779E-03
3.23123743E-01  1.02446645E-01  1.31988933E-03
3.23414715E-01  1.02680005E-01  1.24513381E-03
3.23705686E-01  1.03208259E-01  1.30396872E-03
3.23996657E-01  1.02513440E-01  1.22428196E-03
3.24287629E-01  1.04089424E-01  1.27595826E-03
3.24578600E-01  1.07022159E-01  1.35047024E-03
3.24869572E-01  1.05129607E-01  1.28737243E-03
3.25160543E-01  1.02776222E-01  1.31412549E-03
3.25451514E-01  1.03501678E-01  1.26577064E-03
3.25742486E-01  1.05931453E-01  1.30163995E-03
3.26033457E-01  1.07095830E-01  1.36409199E-03
3.26324429E-01  1.04026556E-01  1.29495317E-03
3.26615400E-01  1.05699293E-01  1.34916126E-03
3.26906371E-01  1.05231754E-01  1.30420807E-03
3.27197343E-01  1.04765996E-01  1.31287158E-03
3.27488314E-01  1.05138578E-01  1.32767088E-03
3.27779286E-01  1.05747893E-01  1.31534284E-03
3.28070257E-01  1.05870128E-01  1.29790616E-03
3.28361228E-01  1.05676271E-01  1.33627385E-03
3.28652200E-01  1.07782081E-01  1.35604385E-03
3.28943171E-01  1.05633639E-01  1.31988688E-03
3.29234143E-01  1.06765367E-01  1.32025557E-03
3.29525114E-01  1.05638705E-01  1.32039026E-03
3.29816085E-01  1.07606240E-01  1.31618674E-03
3.30107057E-01  1.07724443E-01  1.37576729E-03
3.30398028E-01  1.10739507E-01  1.34211243E-03
3.30689000E-01  1.07195802E-01  1.33215310E-03
3.30979971E-01  1.08874157E-01  1.31992786E-03
3.31270942E-01  1.09528929E-01  1.34584028E-03
3.31561914E-01  1.07779309E-01  1.29983027E-03
3.31852885E-01  1.06766455E-01  1.33411027E-03
3.32143857E-01  1.06374532E-01  1.30455906E-03
3.32434828E-01  1.09602883E-01  1.35822676E-03
3.32725799E-01  1.08125515E-01  1.33326405E-03
3.33016771E-01  1.11988902E-01  1.34557753E-03
3.33307742E-01  1.11718796E-01  1.35245745E-03
3.33598714E-01  1.11249618E-01  1.35779823E-03
3.33889685E-01  1.12253539E-01  1.37308659E-03
3.34180656E-01  1.14629947E-01  1.37990597E-03
3.34471628E-01  1.12123407E-01  1.32042856E-03
3.34762599E-01  1.13217168E-01  1.36947841E-03
3.35053571E-01  1.13301516E-01  1.39479723E-03
3.35344542E-01  1.14482403E-01  1.35886669E-03
3.35635513E-01  1.14476956E-01  1.37208472E-03
3.35926485E-01  1.14574775E-01  1.37336133E-03
3.36217456E-01  1.14024155E-01  1.35996472E-03
3.36508428E-01  1.16482347E-01  1.39941578E-03
3.36799399E-01  1.13283657E-01  1.38906867E-03
3.37090370E-01  1.16220906E-01  1.37703412E-03
3.37381342E-01  1.16060548E-01  1.36869203E-03
3.37672313E-01  1.18332706E-01  1.40980817E-03
3.37963285E-01  1.15933336E-01  1.35281181E-03
3.38254256E-01  1.15629777E-01  1.37824356E-03
3.38545228E-01  1.15436196E-01  1.42596173E-03
3.38836199E-01  1.17991485E-01  1.43033010E-03
3.39127170E-01  1.20622836E-01  1.40007888E-03
3.39418142E-01  1.17973030E-01  1.41268875E-03
3.39709113E-01  1.18139483E-01  1.40017259E-03
3.40000085E-01  1.24049753E-01  1.45695161E-03
3.40291056E-01  1.20454840E-01  1.38863118E-03
3.40582027E-01  1.21778183E-01  1.40738569E-03
3.40872999E-01  1.20642781E-01  1.39466836E-03
3.41163970E-01  1.20912567E-01  1.38849800E-03
3.41454942E-01  1.21300116E-01  1.38501078E-03
3.41745913E-01  1.23976782E-01  1.40724704E-03
3.42036884E-01  1.21303126E-01  1.39409245E-03
3.42327856E-01  1.24768414E-01  1.47402484E-03
3.42618827E-01  1.25253871E-01  1.44292042E-03
3.42909799E-01  1.23933725E-01  1.44477002E-03
3.43200770E-01  1.25940144E-01  1.46623456E-03
3.43491741E-01  1.26118034E-01  1.42719632E-03
3.43782713E-01  1.30338639E-01  1.47862663E-03
3.44073684E-01  1.32420003E-01  1.50132563E-03
3.44364656E-01  1.31152824E-01  1.45507173E-03
3.44655627E-01  1.35225460E-01  1.49686029E-03
3.44946598E-01  1.35670081E-01  1.51932472E-03
3.45237570E-01  1.34324372E-01  1.52145338E-03
3.45528541E-01  1.40460387E-01  1.51714368E-03
3.45819513E-01  1.44873157E-01  1.51810108E-03
3.46110484E-01  1.49027765E-01  1.53564999E-03
3.46401455E-01  1.51196152E-01  1.56194530E-03
3.46692427E-01  1.50709555E-01  1.59232994E-03
3.46983398E-01  1.52827397E-01  1.61231041E-03
3.47274370E-01  1.53570831E-01  1.56746339E-03
3.47565341E-01  1.54523104E-01  1.58117991E-03
3.47856312E-01  1.52968347E-01  1.59044948E-03
3.48147284E-01  1.55921787E-01  1.64388039E-03
3.48438255E-01  1.53955415E-01  1.63493853E-03
3.48729227E-01  1.44559130E-01  1.58285513E-03
3.49020198E-01  1.43514618E-01  1.57652062E-03
3.49311169E-01  1.45402685E-01  1.54992461E-03
3.49602141E-01  1.39037058E-01  1.52387377E-03
3.49893112E-01  1.35559633E-01  1.55386340E-03
3.50184084E-01  1.36583880E-01  1.51826430E-03
3.50475055E-01  1.31984085E-01  1.52191985E-03
3.50766026E-01  1.27125308E-01  1.47941359E-03
3.51056998E-01  1.23124987E-01  1.42635673E-03
3.51347969E-01  1.23048492E-01  1.42824242E-03
3.51638941E-01  1.20728262E-01  1.43900712E-03
3.51929912E-01  1.19345196E-01  1.43412687E-03
3.52220883E-01  1.19027883E-01  1.45484158E-03
3.52511855E-01  1.18970446E-01  1.41254812E-03
3.52802826E-01  1.15439944E-01  1.38411776E-03
3.53093798E-01  1.16164409E-01  1.44022203E-03
3.53384769E-01  1.15800180E-01  1.40243722E-03
3.53675740E-01  1.15781434E-01  1.37133955E-03
3.53966712E-01  1.14859305E-01  1.42362702E-03
3.54257683E-01  1.10720441E-01  1.33763230E-03
3.54548655E-01  1.10205382E-01  1.37649034E-03
3.54839626E-01  1.08659349E-01  1.35160773E-03
3.55130597E-01  1.11267716E-01  1.35508284E-03
3.55421569E-01  1.11157626E-01  1.38154847E-03
3.55712540E-01  1.11187249E-01  1.33616978E-03
3.56003512E-01  1.11313947E-01  1.38940872E-03
3.56294483E-01  1.11391775E-01  1.39548804E-03
3.56585455E-01  1.10032246E-01  1.36553927E-03
3.56876426E-01  1.07754894E-01  1.36307650E-03
3.57167397E-01  1.07776791E-01  1.36333506E-03
3.57458369E-01  1.07641749E-01  1.37392501E-03
3.57749340E-01  1.10977642E-01  1.37280161E-03
3.58040312E-01  1.10998474E-01  1.39849214E-03
3.58331283E-01  1.07185140E-01  1.36664743E-03
3.58622254E-01  1.10135078E-01  1.36654475E-03
3.58913226E-01  1.09376334E-01  1.39852881E-03
3.59204197E-01  1.09104097E-01  1.37729477E-03
3.59495169E-01  1.08602464E-01  1.38805178E-03
3.59786140E-01  1.07477844E-01  1.29629089E-03
3.60077111E-01  1.07292339E-01  1.36323844E-03
3.60368083E-01  1.07024252E-01  1.38785318E-03
3.60659054E-01  1.07676908E-01  1.34494947E-03
3.60950026E-01  1.04542375E-01  1.32359669E-03
3.61240997E-01  1.06636293E-01  1.38454768E-03
3.61531968E-01  1.06759273E-01  1.34311186E-03
3.61822940E-01  1.07375480E-01  1.37992948E-03
3.62113911E-01  1.06552221E-01  1.32487866E-03
3.62404883E-01  1.07440345E-01  1.38443941E-03
3.62695854E-01  1.03423372E-01  1.29687705E-03
3.62986825E-01  1.06043026E-01  1.35657855E-03
3.63277797E-01  1.05153941E-01  1.33992312E-03
3.63568768E-01  1.05466940E-01  1.34732737E-03
3.63859740E-01  1.07445776E-01  1.36965781E-03
3.64150711E-01  1.04375102E-01  1.34351326E-03
3.64441682E-01  1.07492238E-01  1.35971303E-03
3.64732654E-01  1.03680164E-01  1.34397903E-03
3.65023625E-01  1.04154378E-01  1.33796374E-03
3.65314597E-01  1.02873273E-01  1.35169225E-03
3.65605568E-01  1.04411498E-01  1.35564373E-03
3.65896539E-01  1.04911022E-01  1.35160959E-03
3.66187511E-01  1.04437925E-01  1.31916301E-03
3.66478482E-01  1.03008047E-01  1.30748190E-03
3.66769454E-01  1.03525423E-01  1.33347814E-03
3.67060425E-01  1.05763800E-01  1.31262664E-03
3.67351396E-01  1.03502564E-01  1.33007928E-03
3.67642368E-01  1.02236159E-01  1.28398417E-03
3.67933339E-01  1.04511768E-01  1.33183016E-03
3.68224311E-01  1.04793414E-01  1.34950900E-03
3.68515282E-01  1.04460344E-01  1.33078708E-03
3.68806253E-01  1.03411935E-01  1.29111274E-03
3.69097225E-01  1.02558047E-01  1.31620839E-03
3.69388196E-01  1.03224970E-01  1.30897958E-03
3.69679168E-01  1.03079319E-01  1.32765574E-03
3.69970139E-01  1.04494393E-01  1.38038478E-03
3.70261110E-01  1.06282845E-01  1.31805392E-03
3.70552082E-01  1.05786860E-01  1.34560606E-03
3.70843053E-01  1.05647378E-01  1.35800475E-03
3.71134025E-01  1.01737820E-01  1.33927213E-03
3.71424996E-01  1.02438554E-01  1.32829265E-03
3.71715967E-01  1.01361424E-01  1.36035972E-03
3.72006939E-01  1.03483506E-01  1.36267673E-03
3.72297910E-01  1.03811473E-01  1.34426053E-03
3.72588882E-01  1.03868678E-01  1.32390310E-03
3.72879853E-01  1.00994237E-01  1.32244860E-03
3.73170824E-01  1.01826683E-01  1.33481971E-03
3.73461796E-01  1.03500210E-01  1.31727837E-03
3.73752767E-01  1.03378616E-01  1.33430096E-03
3.74043739E-01  1.01981893E-01  1.32628286E-03
3.74334710E-01  9.98857915E-02  1.33713393E-03
3.74625681E-01  1.02764107E-01  1.31428603E-03
3.74916653E-01  1.01785406E-01  1.32621254E-03
3.75207624E-01  1.03412785E-01  1.33700902E-03
3.75498596E-01  1.02372110E-01  1.30680599E-03
3.75789567E-01  1.05002113E-01  1.37518602E-03
3.76080539E-01  1.01692930E-01  1.34861143E-03
3.76371510E-01  1.02961063E-01  1.32469903E-03
3.76662481E-01  1.03958033E-01  1.32409064E-03
3.76953453E-01  1.04001082E-01  1.37445400E-03
3.77244424E-01  1.03736117E-01  1.36404647E-03
3.77535396E-01  1.03554092E-01  1.30492414E-03
3.77826367E-01  1.03604123E-01  1.35764922E-03
3.78117338E-01  1.03882022E-01  1.32631941E-03
3.78408310E-01  1.03281461E-01  1.38139480E-03
3.78699281E-01  1.03977695E-01  1.36281422E-03
3.78990253E-01  1.04823872E-01  1.34216598E-03
3.79281224E-01  1.02895185E-01  1.33523205E-03
3.79572195E-01  1.01548918E-01  1.30571460E-03
3.79863167E-01  1.00672409E-01  1.34313526E-03
3.80154138E-01  1.04420893E-01  1.36723218E-03
3.80445110E-01  1.04543902E-01  1.33184029E-03
3.80736081E-01  1.05942234E-01  1.35081168E-03
3.81027052E-01  1.03408232E-01  1.35146140E-03
3.81318024E-01  1.02611914E-01  1.31548219E-03
3.81608995E-01  1.05812676E-01  1.38327642E-03
3.81899967E-01  1.05152741E-01  1.36497361E-03
3.82190938E-01  1.02510132E-01  1.31869491E-03
3.82481909E-01  1.02712780E-01  1.33496989E-03
3.82772881E-01  1.03849225E-01  1.32714654E-03
3.83063852E-01  1.04982436E-01  1.33220863E-03
3.83354824E-01  1.02739520E-01  1.36318547E-03
3.83645795E-01  1.03693068E-01  1.33640715E-03
3.83936766E-01  1.03621185E-01  1.33740704E-03
3.84227738E-01  1.03966340E-01  1.35758927E-03
3.84518709E-01  1.04472809E-01  1.35781558E-03
3.84809681E-01  1.02510981E-01  1.34452363E-03
3.85100652E-01  1.01323560E-01  1.31348602E-03
3.85391623E-01  1.05941541E-01  1.33879564E-03
3.85682595E-01  1.05019100E-01  1.38323056E-03
3.85973566E-01  1.05025917E-01  1.33802416E-03
3.86264538E-01  1.04111031E-01  1.33484299E-03
3.86555509E-01  1.03667386E-01  1.34690071E-03
3.86846480E-01  1.03707120E-01  1.35654560E-03
3.87137452E-01  1.06836922E-01  1.37580407E-03
3.87428423E-01  1.03211597E-01  1.31406146E-03
3.87719395E-01  1.04117051E-01  1.36256858E-03
3.88010366E-01  1.02511033E-01  1.34571653E-03
3.88301337E-01  1.01965308E-01  1.35344756E-03
3.88592309E-01  1.02878720E-01  1.35456759E-03
3.88883280E-01  1.04132019E-01  1.33629562E-03
3.89174252E-01  1.06274880E-01  1.36790657E-03
3.89465223E-01  1.05141908E-01  1.34164316E-03
3.89756194E-01  1.05137773E-01  1.36422564E-03
3.90047166E-01  1.02836519E-01  1.31971168E-03
3.90338137E-01  1.06237561E-01  1.33401121E-03
3.90629109E-01  1.04206219E-01  1.35746854E-03
3.90920080E-01  1.06021740E-01  1.33698399E-03
3.91211051E-01  1.05315998E-01  1.37184199E-03
3.91502023E-01  1.06450193E-01  1.37706043E-03
3.91792994E-01  1.02351896E-01  1.35395851E-03
3.92083966E-01  1.04278415E-01  1.32922793E-03
3.92374937E-01  1.03663616E-01  1.37656310E-03
3.92665908E-01  1.03689529E-01  1.34354259E-03
3.92956880E-01  1.06238320E-01  1.33792439E-03
3.93247851E-01  1.04650512E-01  1.37908547E-03
3.93538823E-01  1.03758931E-01  1.38086395E-03
3.93829794E-01  1.01292968E-01  1.32012949E-03
3.94120766E-01  1.04462430E-01  1.35880383E-03
3.94411737E-01  1.05555572E-01  1.34284527E-03
3.94702708E-01  1.05096571E-01  1.30374602E-03
3.94993680E-01  1.05492033E-01  1.35491928E-03
3.95284651E-01  1.06861860E-01  1.39525416E-03
3.95575623E-01  1.04450531E-01  1.37692585E-03
3.95866594E-01  1.02511689E-01  1.35289121E-03
3.96157565E-01  1.02802321E-01  1.33650808E-03
3.96448537E-01  1.05323203E-01  1.34563609E-03
3.96739508E-01  1.04385078E-01  1.38033472E-03
3.97030480E-01  1.04054309E-01  1.34979200E-03
3.97321451E-01  1.03472784E-01  1.35414815E-03
3.97612422E-01  1.06475942E-01  1.38310995E-03
3.97903394E-01  1.05061427E-01  1.36671995E-03
3.98194365E-01  1.06116556E-01  1.37578999E-03
3.98485337E-01  1.02918260E-01  1.32730638E-03
3.98776308E-01  1.06684297E-01  1.32964738E-03
3.99067279E-01  1.04866356E-01  1.38478098E-03
3.99358251E-01  1.05486415E-01  1.34086609E-03
3.99649222E-01  1.04752287E-01  1.37097365E-03
3.99940194E-01  1.06289625E-01  1.33797282E-03
4.00231165E-01  1.04361273E-01  1.36303843E-03
4.00522136E-01  1.04079187E-01  1.31560431E-03
4.00813108E-01  1.04874782E-01  1.32891035E-03
4.01104079E-01  1.04774453E-01  1.34208670E-03
4.01395051E-01  1.06508397E-01  1.35869125E-03
4.01686022E-01  1.03946805E-01  1.36056961E-03
4.01976993E-01  1.04025662E-01  1.37131650E-03
4.02267965E-01  1.04607046E-01  1.35995087E-03
4.02558936E-01  1.05923772E-01  1.36433262E-03
4.02849908E-01  1.07421227E-01  1.38584711E-03
4.03140879E-01  1.05261110E-01  1.38880732E-03
4.03431850E-01  1.03299320E-01  1.36864441E-03
4.03722822E-01  1.05174467E-01  1.35993049E-03
4.04013793E-01  1.05628565E-01  1.39148755E-03
4.04304765E-01  1.03565693E-01  1.36304228E-03
4.04595736E-01  1.02000579E-01  1.36427453E-03
4.04886707E-01  1.03281178E-01  1.33752474E-03
4.05177679E-01  1.03765383E-01  1.36853405E-03
4.05468650E-01  1.06775075E-01  1.36817049E-03
4.05759622E-01  1.04779124E-01  1.33561320E-03
4.06050593E-01  1.04959868E-01  1.36633660E-03
4.06341564E-01  1.03106648E-01  1.34270219E-03
4.06632536E-01  1.03693642E-01  1.34913297E-03
4.06923507E-01  1.05749972E-01  1.34273176E-03
4.07214479E-01  1.01964466E-01  1.35438761E-03
4.07505450E-01  1.04045235E-01  1.32852397E-03
4.07796421E-01  1.02608614E-01  1.32099411E-03
4.08087393E-01  1.06425799E-01  1.41563534E-03
4.08378364E-01  1.05513364E-01  1.35693653E-03
4.08669336E-01  1.04691170E-01  1.34887150E-03
4.08960307E-01  1.04980230E-01  1.35312381E-03
4.09251278E-01  1.02559462E-01  1.32321473E-03
4.09542250E-01  1.03549734E-01  1.38115662E-03
4.09833221E-01  1.04120962E-01  1.30756700E-03
4.10124193E-01  1.05788693E-01  1.35594013E-03
4.10415164E-01  1.03501216E-01  1.37673935E-03
4.10706135E-01  1.03994086E-01  1.33555755E-03
4.10997107E-01  1.03592142E-01  1.36206509E-03
4.11288078E-01  1.06458530E-01  1.37282372E-03
4.11579050E-01  1.07398875E-01  1.37147994E-03
4.11870021E-01  1.02223143E-01  1.34108169E-03
4.12160992E-01  1.02530688E-01  1.35105767E-03
4.12451964E-01  1.05957910E-01  1.33590703E-03
4.12742935E-01  1.02349736E-01  1.33129838E-03
4.13033907E-01  1.04372211E-01  1.31810096E-03
4.13324878E-01  1.04048759E-01  1.34593726E-03
4.13615850E-01  1.01098128E-01  1.35224138E-03
4.13906821E-01  1.00855120E-01  1.32944901E-03
4.14197792E-01  1.05363503E-01  1.36913324E-03
4.14488764E-01  1.02867804E-01  1.32624968E-03
4.14779735E-01  1.02164187E-01  1.31418474E-03
4.15070707E-01  1.04072705E-01  1.36673066E-03
4.15361678E-01  1.01799436E-01  1.29442674E-03
4.15652649E-01  1.03682704E-01  1.34109473E-03
4.15943621E-01  1.05444752E-01  1.32388575E-03
4.16234592E-01  1.02490522E-01  1.35494303E-03
4.16525564E-01  1.04136489E-01  1.38115534E-03
4.16816535E-01  1.04090691E-01  1.33007939E-03
4.17107506E-01  9.99645144E-02  1.33760553E-03
4.17398478E-01  9.93824750E-02  1.31554750E-03
4.17689449E-01  1.02257289E-01  1.36445172E-03
4.17980421E-01  1.01117820E-01  1.35522324E-03
4.18271392E-01  9.96407568E-02  1.27938308E-03
4.18562363E-01  9.98716652E-02  1.33363192E-03
4.18853335E-01  1.00087523E-01  1.33011362E-03
4.19144306E-01  9.89060551E-02  1.31782936E-03
4.19435278E-01  9.90117118E-02  1.32501184E-03
4.19726249E-01  9.79113951E-02  1.28893065E-03
4.20017220E-01  1.00902662E-01  1.35778252E-03
4.20308192E-01  9.95579213E-02  1.32738973E-03
4.20599163E-01  9.94624943E-02  1.31272385E-03
4.20890135E-01  1.00067958E-01  1.30481320E-03
4.21181106E-01  9.79638398E-02  1.30303518E-03
4.21472077E-01  1.00753814E-01  1.33612729E-03
4.21763049E-01  9.91969407E-02  1.31185155E-03
4.22054020E-01  9.99203324E-02  1.28169311E-03
4.22344992E-01  9.80590731E-02  1.28950016E-03
4.22635963E-01  9.78339165E-02  1.27865595E-03
4.22926934E-01  9.99152362E-02  1.33038464E-03
4.23217906E-01  9.70888585E-02  1.28670246E-03
4.23508877E-01  9.53243226E-02  1.29810453E-03
4.23799849E-01  9.73958150E-02  1.31203223E-03
4.24090820E-01  9.96405408E-02  1.29368878E-03
4.24381791E-01  9.82879698E-02  1.26037130E-03
4.24672763E-01  9.68465135E-02  1.31377438E-03
4.24963734E-01  9.42608044E-02  1.27227791E-03
4.25254706E-01  9.47816074E-02  1.25133072E-03
4.25545677E-01  9.81285945E-02  1.28975743E-03
4.25836648E-01  9.59680155E-02  1.27403322E-03
4.26127620E-01  9.50459689E-02  1.27648213E-03
4.26418591E-01  9.53434035E-02  1.27269945E-03
4.26709563E-01  9.59220007E-02  1.29273417E-03
4.27000534E-01  9.46601927E-02  1.29886845E-03
4.27291505E-01  9.39754322E-02  1.29037455E-03
4.27582477E-01  9.56506580E-02  1.28563575E-03
4.27873448E-01  9.35912356E-02  1.25124969E-03
4.28164420E-01  9.54468548E-02  1.27153075E-03
4.28455391E-01  9.51322019E-02  1.30073226E-03
4.28746362E-01  9.29239318E-02  1.26956555E-03
4.29037334E-01  9.14914086E-02  1.26137654E-03
4.29328305E-01  9.46698263E-02  1.25441526E-03
4.29619277E-01  9.21634212E-02  1.23630173E-03
4.29910248E-01  9.29838642E-02  1.26515864E-03
4.30201219E-01  9.04235691E-02  1.24395487E-03
4.30492191E-01  9.16341320E-02  1.25894416E-03
4.30783162E-01  9.18739289E-02  1.25511980E-03
4.31074134E-01  9.19402167E-02  1.22707011E-03
4.31365105E-01  9.35241133E-02  1.20677217E-03
4.31656077E-01  9.27160457E-02  1.25438650E-03
4.31947048E-01  9.16612744E-02  1.27722789E-03
4.32238019E-01  9.19198841E-02  1.26342534E-03
4.32528991E-01  9.15453732E-02  1.29516411E-03
4.32819962E-01  9.16267484E-02  1.24498841E-03
4.33110934E-01  9.14649069E-02  1.29057141E-03
4.33401905E-01  9.04709175E-02  1.27318245E-03
4.33692876E-01  9.19269100E-02  1.24579831E-03
4.33983848E-01  9.31491479E-02  1.29335921E-03
4.34274819E-01  9.22034606E-02  1.26238714E-03
4.34565791E-01  9.33398306E-02  1.26151356E-03
4.34856762E-01  9.15255547E-02  1.27312704E-03
4.35147733E-01  9.12947208E-02  1.25361944E-03
4.35438705E-01  9.08401236E-02  1.26077351E-03
4.35729676E-01  8.93271342E-02  1.23013742E-03
4.36020648E-01  9.03876945E-02  1.23861677E-03
4.36311619E-01  9.08181071E-02  1.27399969E-03
4.36602590E-01  9.15314630E-02  1.22912240E-03
4.36893562E-01  9.36731473E-02  1.29138993E-03
4.37184533E-01  8.95303190E-02  1.23302161E-03
4.37475505E-01  8.80120471E-02  1.24168943E-03
4.37766476E-01  8.82099494E-02  1.20813609E-03
4.38057447E-01  8.98096785E-02  1.26710115E-03
4.38348419E-01  9.09997299E-02  1.28773169E-03
4.38639390E-01  9.38311964E-02  1.26413314E-03
4.38930362E-01  9.17684585E-02  1.25014235E-03
4.39221333E-01  9.10433605E-02  1.25757151E-03
4.39512304E-01  9.06703249E-02  1.24312635E-03
4.39803276E-01  8.88212994E-02  1.25097274E-03
4.40094247E-01  8.93709138E-02  1.24285091E-03
4.40385219E-01  8.91851187E-02  1.20356679E-03
4.40676190E-01  9.27856117E-02  1.25548500E-03
4.40967161E-01  9.05997753E-02  1.24633766E-03
4.41258133E-01  8.75954404E-02  1.23063847E-03
4.41549104E-01  8.92458484E-02  1.25595147E-03
4.41840076E-01  9.16498527E-02  1.31572096E-03
4.42131047E-01  8.83793309E-02  1.30122970E-03
4.42422018E-01  8.74857754E-02  1.28718000E-03
4.42712990E-01  8.88213664E-02  1.31085934E-03
4.43003961E-01  9.02050063E-02  1.33971917E-03
4.43294933E-01  8.83968920E-02  1.33307115E-03
4.43585904E-01  8.70776549E-02  1.29894190E-03
4.43876875E-01  8.70501548E-02  1.29137945E-03
4.44167847E-01  8.94196332E-02  1.38018152E-03
4.44458818E-01  8.79763886E-02  1.36893743E-03
4.44749790E-01  8.95554498E-02  1.37416949E-03
4.45040761E-01  8.98699239E-02  1.34656194E-03
4.45331732E-01  8.98168907E-02  1.38597132E-03
4.45622704E-01  8.75053331E-02  1.34866883E-03
4.45913675E-01  8.85407180E-02  1.36130047E-03
4.46204647E-01  8.79559889E-02  1.36977807E-03
4.46495618E-01  8.89078751E-02  1.36084214E-03
4.46786589E-01  9.03572142E-02  1.40743994E-03
4.47077561E-01  8.74203518E-02  1.36454008E-03
4.47368532E-01  8.75905380E-02  1.40149985E-03
4.47659504E-01  8.88853371E-02  1.36737828E-03
4.47950475E-01  8.81211013E-02  1.40892749E-03
4.48241446E-01  8.81027207E-02  1.41237502E-03
4.48532418E-01  8.83132517E-02  1.46862352E-03
4.48823389E-01  8.81898403E-02  1.42979983E-03
4.49114361E-01  9.07828584E-02  1.43067655E-03
4.49405332E-01  8.72845352E-02  1.41756760E-03
4.49696303E-01  8.86152983E-02  1.47182844E-03
4.49987275E-01  9.02810171E-02  1.48310058E-03
4.50278246E-01  8.69294405E-02  1.45271991E-03
4.50569218E-01  8.83914009E-02  1.43487379E-03
4.50860189E-01  8.88359323E-02  1.46999350E-03
4.51151161E-01  8.82645398E-02  1.46009936E-03
4.51442132E-01  8.90630558E-02  1.49148447E-03
4.51733103E-01  8.82304981E-02  1.51827524E-03
4.52024075E-01  9.04475674E-02  1.53874513E-03
4.52315046E-01  8.75428170E-02  1.39263901E-03
4.52606018E-01  8.80523697E-02  1.39772461E-03
4.52896989E-01  8.70478526E-02  1.37611292E-03
4.53187960E-01  8.75418112E-02  1.37210381E-03
4.53478932E-01  8.50234330E-02  1.35271705E-03
4.53769903E-01  8.38852078E-02  1.34430721E-03
4.54060875E-01  8.93265158E-02  1.37035828E-03
4.54351846E-01  8.76756683E-02  1.34326110E-03
4.54642817E-01  8.95446911E-02  1.40261627E-03
4.54933789E-01  8.82700235E-02  1.37795066E-03
4.55224760E-01  8.72886851E-02  1.38521660E-03
4.55515732E-01  8.72451439E-02  1.34605274E-03
4.55806703E-01  9.10019577E-02  1.36109162E-03
4.56097674E-01  8.98825899E-02  1.37106958E-03
4.56388646E-01  8.94892141E-02  1.37176691E-03
4.56679617E-01  9.01047215E-02  1.36825442E-03
4.56970589E-01  8.75293538E-02  1.38800300E-03
4.57261560E-01  8.70771259E-02  1.34053209E-03
4.57552531E-01  8.92517716E-02  1.31085457E-03
4.57843503E-01  8.99771079E-02  1.34452595E-03
4.58134474E-01  8.60365108E-02  1.36281434E-03
4.58425446E-01  9.08467546E-02  1.36037904E-03
4.58716417E-01  9.04967934E-02  1.34036026E-03
4.59007388E-01  9.07460228E-02  1.38633454E-03
4.59298360E-01  8.94324034E-02  1.33593299E-03
4.59589331E-01  9.18456167E-02  1.39268045E-03
4.59880303E-01  9.10688713E-02  1.36779679E-03
4.60171274E-01  9.07298923E-02  1.31680141E-03
4.60462245E-01  9.16986763E-02  1.35936239E-03
4.60753217E-01  9.28079709E-02  1.33384962E-03
4.61044188E-01  9.22790691E-02  1.36526080E-03
4.61335160E-01  9.26437378E-02  1.37652294E-03
4.61626131E-01  9.41649750E-02  1.39416649E-03
4.61917102E-01  9.27381665E-02  1.38427515E-03
4.62208074E-01  9.52444822E-02  1.38818950E-03
4.62499045E-01  9.55288559E-02  1.40418322E-03
4.62790017E-01  9.59188566E-02  1.38097175E-03
4.63080988E-01  9.39363390E-02  1.37683819E-03
4.63371959E-01  9.44761485E-02  1.29726692E-03
4.63662931E-01  9.45454463E-02  1.37347600E-03
4.63953902E-01  9.41355750E-02  1.36262062E-03
4.64244874E-01  9.25496593E-02  1.35188748E-03
4.64535845E-01  9.45001692E-02  1.38139946E-03
4.64826816E-01  9.29442421E-02  1.34600420E-03
4.65117788E-01  9.16257650E-02  1.37524342E-03
4.65408759E-01  9.37092379E-02  1.39124249E-03
4.65699731E-01  9.19286236E-02  1.34084572E-03
4.65990702E-01  9.08763409E-02  1.29805785E-03
4.66281673E-01  9.28924605E-02  1.34700479E-03
4.66572645E-01  9.12570059E-02  1.34405936E-03
4.66863616E-01  8.99845660E-02  1.30819809E-03
4.67154588E-01  8.98819268E-02  1.31367892E-03
4.67445559E-01  9.10754651E-02  1.32606248E-03
4.67736530E-01  9.05707851E-02  1.32965832E-03
4.68027502E-01  8.96534100E-02  1.31657871E-03
4.68318473E-01  9.01918188E-02  1.32870732E-03
4.68609445E-01  8.59504491E-02  1.31880713E-03
4.68900416E-01  9.21152458E-02  1.37949176E-03
4.69191388E-01  8.82599279E-02  1.34772481E-03
4.69482359E-01  9.00676474E-02  1.36620051E-03
4.69773330E-01  8.93823504E-02  1.32188620E-03
4.70064302E-01  8.82717222E-02  1.32017978E-03
4.70355273E-01  8.74835700E-02  1.28363771E-03
4.70646245E-01  9.10141245E-02  1.38465629E-03
4.70937216E-01  8.77585188E-02  1.27473334E-03
4.71228187E-01  9.20009688E-02  1.35312113E-03
4.71519159E-01  9.12883282E-02  1.31922902E-03
4.71810130E-01  9.08004567E-02  1.29420811E-03
4.72101102E-01  8.85538310E-02  1.33940927E-03
4.72392073E-01  8.83497447E-02  1.32695131E-03
4.72683044E-01  8.71898234E-02  1.31461583E-03
4.72974016E-01  8.91585350E-02  1.32494920E-03
4.73264987E-01  8.73582959E-02  1.28102000E-03
4.73555959E-01  8.83873105E-02  1.29938428E-03
4.73846930E-01  8.89122114E-02  1.32557983E-03
4.74137901E-01  8.93882364E-02  1.34950015E-03
4.74428873E-01  8.86244923E-02  1.30730052E-03
4.74719844E-01  9.06619951E-02  1.33333087E-03
4.75010816E-01  8.49861577E-02  1.28659874E-03
4.75301787E-01  8.78655761E-02  1.31920946E-03
4.75592758E-01  9.24299508E-02  1.29356934E-03
4.75883730E-01  9.00557488E-02  1.32983632E-03
4.76174701E-01  8.81438330E-02  1.31602329E-03
4.76465673E-01  8.70846063E-02  1.33573497E-03
4.76756644E-01  8.77041593E-02  1.25151873E-03
4.77047615E-01  8.97518694E-02  1.29124161E-03
4.77338587E-01  8.77254009E-02  1.31670479E-03
4.77629558E-01  8.86278674E-02  1.25034805E-03
4.77920530E-01  8.88136402E-02  1.30602985E-03
4.78211501E-01  8.75076205E-02  1.30523893E-03
4.78502472E-01  8.86385664E-02  1.28632726E-03
4.78793444E-01  8.87355432E-02  1.27720577E-03
4.79084415E-01  8.76805857E-02  1.32211775E-03
4.79375387E-01  8.73354003E-02  1.28208182E-03
4.79666358E-01  8.51965845E-02  1.31163327E-03
4.79957329E-01  8.66567194E-02  1.30179978E-03
4.80248301E-01  9.02018100E-02  1.31678313E-03
4.80539272E-01  8.75890926E-02  1.29752175E-03
4.80830244E-01  8.93578529E-02  1.30996609E-03
4.81121215E-01  8.79343227E-02  1.31546799E-03
4.81412186E-01  8.84345248E-02  1.32512371E-03
4.81703158E-01  8.71335268E-02  1.26466318E-03
4.81994129E-01  8.64947662E-02  1.30136439E-03
4.82285101E-01  8.94403383E-02  1.34762586E-03
4.82576072E-01  8.71590748E-02  1.25745509E-03
4.82867043E-01  8.57241675E-02  1.28298253E-03
4.83158015E-01  8.91834423E-02  1.29912072E-03
4.83448986E-01  8.87111723E-02  1.28361408E-03
4.83739958E-01  8.83720964E-02  1.29515328E-03
4.84030929E-01  9.07936022E-02  1.33418245E-03
4.84321900E-01  8.75070468E-02  1.31717511E-03
4.84612872E-01  8.77391845E-02  1.29719567E-03
4.84903843E-01  8.93454850E-02  1.31820492E-03
4.85194815E-01  8.62068757E-02  1.28947268E-03
4.85485786E-01  8.87199417E-02  1.29712117E-03
4.85776757E-01  8.83458108E-02  1.29030982E-03
4.86067729E-01  8.55332240E-02  1.26527261E-03
4.86358700E-01  8.77006054E-02  1.30227045E-03
4.86649672E-01  8.73169079E-02  1.29220088E-03
4.86940643E-01  9.01163667E-02  1.33417046E-03
4.87231614E-01  8.70612264E-02  1.32359366E-03
4.87522586E-01  8.71212333E-02  1.27059303E-03
4.87813557E-01  8.69937539E-02  1.31805916E-03
4.88104529E-01  8.55883136E-02  1.28138124E-03
4.88395500E-01  8.67874622E-02  1.25047890E-03
4.88686472E-01  8.87906626E-02  1.35626004E-03
4.88977443E-01  8.87398943E-02  1.26881141E-03
4.89268414E-01  8.80941898E-02  1.32778182E-03
4.89559386E-01  8.79323184E-02  1.29590963E-03
4.89850357E-01  8.83893147E-02  1.33087847E-03
4.90141329E-01  8.77655968E-02  1.28292583E-03
4.90432300E-01  8.80994573E-02  1.28070323E-03
4.90723271E-01  8.58894289E-02  1.25729572E-03
4.91014243E-01  8.95779133E-02  1.30234752E-03
4.91305214E-01  8.76169503E-02  1.29004940E-03
4.91596186E-01  8.76888409E-02  1.25869142E-03
4.91887157E-01  8.92252848E-02  1.30946736E-03
4.92178128E-01  8.79660472E-02  1.33327045E-03
4.92469100E-01  8.90026763E-02  1.34501327E-03
4.92760071E-01  8.98443386E-02  1.32067350E-03
4.93051043E-01  8.73592645E-02  1.32271717E-03
4.93342014E-01  8.94495323E-02  1.27972791E-03
4.93632985E-01  8.76521841E-02  1.31419685E-03
4.93923957E-01  8.81536677E-02  1.28713506E-03
4.94214928E-01  8.74447972E-02  1.32003566E-03
4.94505900E-01  8.74239355E-02  1.30582112E-03
4.94796871E-01  8.60511586E-02  1.29818975E-03
4.95087842E-01  8.83879364E-02  1.25794625E-03
4.95378814E-01  8.65384042E-02  1.28388975E-03
4.95669785E-01  8.78200829E-02  1.26631465E-03
4.95960757E-01  8.80150348E-02  1.30580831E-03
4.96251728E-01  8.84104222E-02  1.29593152E-03
4.96542699E-01  8.65029693E-02  1.27809169E-03
4.96833671E-01  8.86970088E-02  1.31156016E-03
4.97124642E-01  8.71455148E-02  1.30794081E-03
4.97415614E-01  8.67163837E-02  1.31833053E-03
4.97706585E-01  8.75217542E-02  1.28317333E-03
4.97997556E-01  8.74419287E-02  1.27589074E-03
4.98288528E-01  8.82000551E-02  1.32189773E-03
4.98579499E-01  8.90452415E-02  1.29664724E-03
4.98870471E-01  8.70953649E-02  1.26671954E-03
4.99161442E-01  8.54321197E-02  1.30830205E-03
4.99452413E-01  8.71865600E-02  1.27025961E-03
4.99743385E-01  8.64460021E-02  1.26891525E-03
5.00034356E-01  8.91099423E-02  1.35484478E-03
5.00325328E-01  8.79740566E-02  1.31853879E-03
5.00616299E-01  8.74401703E-02  1.30920915E-03
5.00907270E-01  8.71361867E-02  1.29147270E-03
5.01198242E-01  8.73496160E-02  1.25009438E-03
5.01489213E-01  8.71375576E-02  1.26340520E-03
5.01780185E-01  8.91636759E-02  1.30942219E-03
5.02071156E-01  8.41639042E-02  1.24963606E-03
5.02362127E-01  8.69815424E-02  1.29222707E-03
5.02653099E-01  8.57372731E-02  1.30231550E-03
5.02944070E-01  8.52469876E-02  1.28122675E-03
5.03235042E-01  8.60047862E-02  1.27890520E-03
5.03526013E-01  8.62072185E-02  1.26075395E-03
5.03816984E-01  8.60787705E-02  1.29959430E-03
5.04107956E-01  8.65995809E-02  1.25171395E-03
5.04398927E-01  8.67992416E-02  1.28484680E-03
5.04689899E-01  8.74112919E-02  1.29686145E-03
5.04980870E-01  8.65616426E-02  1.33057928E-03
5.05271841E-01  8.67638737E-02  1.32085010E-03
5.05562813E-01  8.63514021E-02  1.28201256E-03
5.05853784E-01  8.86415243E-02  1.27563439E-03
5.06144756E-01  8.55570287E-02  1.25982880E-03
5.06435727E-01  8.67671520E-02  1.26409216E-03
5.06726699E-01  8.69360492E-02  1.31521223E-03
5.07017670E-01  8.79785568E-02  1.32437178E-03
5.07308641E-01  8.92604589E-02  1.29323278E-03
5.07599613E-01  8.72944072E-02  1.28087506E-03
5.07890584E-01  8.78324509E-02  1.31376658E-03
5.08181556E-01  8.64143148E-02  1.26901816E-03
5.08472527E-01  8.43743756E-02  1.32993876E-03
5.08763498E-01  8.91298130E-02  1.31403247E-03
5.09054470E-01  8.39566290E-02  1.27191935E-03
5.09345441E-01  8.64659697E-02  1.28140778E-03
5.09636413E-01  8.79448950E-02  1.28976873E-03
5.09927384E-01  8.88974220E-02  1.30726176E-03
5.10218355E-01  8.92829001E-02  1.32840220E-03
5.10509327E-01  8.62307325E-02  1.30326941E-03
5.10800298E-01  8.66428539E-02  1.28515018E-03
5.11091270E-01  8.82657170E-02  1.28595566E-03
5.11382241E-01  8.72295871E-02  1.29273674E-03
5.11673212E-01  8.81461576E-02  1.33019930E-03
5.11964184E-01  8.62340629E-02  1.30517001E-03
5.12255155E-01  8.76301304E-02  1.28234760E-03
5.12546127E-01  8.83941650E-02  1.25135097E-03
5.12837098E-01  8.71397853E-02  1.29874144E-03
5.13128069E-01  8.76849964E-02  1.29031425E-03
5.13419041E-01  8.47669020E-02  1.29189959E-03
5.13710012E-01  8.75128508E-02  1.27977377E-03
5.14000984E-01  8.39771479E-02  1.27990905E-03
5.14291955E-01  8.57443437E-02  1.27793150E-03
5.14582926E-01  8.65477473E-02  1.26003067E-03
5.14873898E-01  8.64326507E-02  1.30316429E-03
5.15164869E-01  8.58456343E-02  1.29126525E-03
5.15455841E-01  8.74202773E-02  1.31414051E-03
5.15746812E-01  8.83757696E-02  1.30064925E-03
5.16037783E-01  8.68897438E-02  1.29339285E-03
5.16328755E-01  8.76493230E-02  1.34367659E-03
5.16619726E-01  8.58788863E-02  1.30155496E-03
5.16910698E-01  8.75299945E-02  1.28632179E-03
5.17201669E-01  8.79378989E-02  1.32093183E-03
5.17492640E-01  8.85151327E-02  1.30719610E-03
5.17783612E-01  9.02100801E-02  1.29977067E-03
5.18074583E-01  8.91121030E-02  1.27323251E-03
5.18365555E-01  8.71981531E-02  1.29190460E-03
5.18656526E-01  8.64442736E-02  1.32283405E-03
5.18947497E-01  8.62142295E-02  1.29167410E-03
5.19238469E-01  8.72428417E-02  1.29155617E-03
5.19529440E-01  8.71228650E-02  1.32131879E-03
5.19820412E-01  8.71790200E-02  1.29383092E-03
5.20111383E-01  8.70344639E-02  1.26508228E-03
5.20402354E-01  8.66692290E-02  1.27996097E-03
5.20693326E-01  8.66420269E-02  1.27400516E-03
5.20984297E-01  8.52266252E-02  1.27437548E-03
5.21275269E-01  9.05509517E-02  1.31803809E-03
5.21566240E-01  8.67165551E-02  1.29990198E-03
5.21857211E-01  8.68666992E-02  1.29344699E-03
5.22148183E-01  8.47532228E-02  1.31654774E-03
5.22439154E-01  8.68609175E-02  1.30803732E-03
5.22730126E-01  8.43525082E-02  1.30138628E-03
5.23021097E-01  8.80363286E-02  1.31048390E-03
5.23312068E-01  8.55096728E-02  1.27715303E-03
5.23603040E-01  8.33917558E-02  1.27699110E-03
5.23894011E-01  8.46880153E-02  1.28417939E-03
5.24184983E-01  8.78104195E-02  1.30008673E-03
5.24475954E-01  8.53241086E-02  1.25702121E-03
5.24766925E-01  8.48120302E-02  1.27254566E-03
5.25057897E-01  8.70595798E-02  1.24458317E-03
5.25348868E-01  8.61507952E-02  1.26614736E-03
5.25639840E-01  8.71584490E-02  1.32187514E-03
5.25930811E-01  8.69989321E-02  1.26014929E-03
5.26221783E-01  8.63600373E-02  1.29764271E-03
5.26512754E-01  8.51422995E-02  1.25520024E-03
5.26803725E-01  8.71166065E-02  1.27777609E-03
5.27094697E-01  8.56063440E-02  1.27192202E-03
5.27385668E-01  8.49378705E-02  1.25025585E-03
5.27676640E-01  8.61011147E-02  1.25433726E-03
5.27967611E-01  8.64346027E-02  1.29502069E-03
5.28258582E-01  8.49759057E-02  1.27411517E-03
5.28549554E-01  8.62350985E-02  1.28083047E-03
5.28840525E-01  8.59273970E-02  1.27894362E-03
5.29131497E-01  8.80893692E-02  1.30144064E-03
5.29422468E-01  8.61172155E-02  1.27323356E-03
5.29713439E-01  8.65293294E-02  1.25885766E-03
5.30004411E-01  8.68926197E-02  1.24801777E-03


### HEADER:
#
#{
#    "analysis": {},
#    "calibration_params": {
#        "Beam_Center_X": 1065.0,
#        "Beam_Center_Y": 2064.0,
#        "Detector Tilt": 0.0,
#        "Detector Tilt Plane Rotation": 0.0,
#        "Detector_X_Pixel_Size": 75.0,
#        "Detector_Y_Pixel_Size": 75.0,
#        "Integration Method": "nosplit_csr",
#        "Radial_Average_Method": "pyFAI",
#        "Sample-to-detector distance (mm)": 1824.0,
#        "Wavelength (A)": 0.8848865554555589
#    },
#    "config_file": "/home/chess_id7a/.RAW/backup.cfg",
#    "counters": {
#        "Epoch": "60.872",
#        "I1": "0",
#        "I2": "0",
#        "I3": "0",
#        "Seconds": "1",
#        "Time": "2.59876e-05",
#        "date": "Fri Mar 15 14:03:33 2024",
#        "diode": "65174"
#    },
#    "filename": "DM0001_35C_240MPa_up_1_data_000001_00001.h5",
#    "history": {},
#    "imageHeader": {},
#    "load_path": "/nfs/chess/daq/current/id7a/Milshteyn_03_15_2024/DM001/DM0001_35C_240MPa_up_1_data_000001.h5",
#    "normalizations": {
#        "Absolute_scale": {
#            "Absolute_scale_factor": 0.017092358101131556,
#            "Method": "Water"
#        },
#        "Counter_norms": [
#            [
#                "/",
#                "diode/150000"
#            ]
#        ],
#        "Polarization": {
#            "Used": false
#        },
#        "Solid_Angle_Correction": "On"
#    },
#    "raw_version": "2.2.1",
#    "unit": ""
#}

