### DATA:
#
# 1786
#      Q             I(Q)           Error     
1.06204562E-02  5.81194925E+00  1.02324411E-01
1.09114276E-02  5.15387583E+00  9.89777595E-02
1.12023990E-02  4.69807959E+00  7.08516985E-02
1.14933704E-02  4.21999073E+00  6.61368147E-02
1.17843418E-02  3.83839083E+00  6.69625625E-02
1.20753132E-02  3.50685620E+00  6.34942874E-02
1.23662846E-02  3.27166319E+00  6.01613633E-02
1.26572560E-02  3.02659655E+00  4.14948501E-02
1.29482274E-02  2.70988822E+00  4.69023995E-02
1.32391988E-02  2.57539272E+00  3.97092402E-02
1.35301702E-02  2.35476780E+00  3.58170830E-02
1.38211416E-02  2.19371843E+00  4.11055349E-02
1.41121131E-02  2.07432222E+00  3.45421843E-02
1.44030845E-02  1.97845876E+00  3.33441310E-02
1.46940559E-02  1.78677654E+00  2.77515668E-02
1.49850273E-02  1.70553029E+00  2.51311027E-02
1.52759987E-02  1.64136589E+00  2.58318018E-02
1.55669701E-02  1.51482081E+00  2.74365898E-02
1.58579415E-02  1.46070313E+00  2.56237574E-02
1.61489129E-02  1.36518097E+00  2.18881406E-02
1.64398843E-02  1.28513706E+00  2.08703335E-02
1.67308557E-02  1.22574568E+00  2.04217993E-02
1.70218271E-02  1.17142749E+00  1.79682598E-02
1.73127985E-02  1.13722718E+00  1.76626835E-02
1.76037699E-02  1.08056247E+00  1.80499852E-02
1.78947413E-02  1.02706099E+00  1.60540082E-02
1.81857127E-02  9.99740601E-01  1.62403043E-02
1.84766841E-02  9.29199040E-01  1.36828879E-02
1.87676555E-02  8.98618281E-01  1.54133029E-02
1.90586269E-02  8.83929193E-01  1.48067027E-02
1.93495983E-02  8.22407067E-01  1.35256620E-02
1.96405697E-02  7.94076979E-01  1.37041109E-02
1.99315411E-02  7.90828943E-01  1.25167547E-02
2.02225125E-02  7.56586671E-01  1.42721236E-02
2.05134839E-02  7.59072304E-01  1.18027646E-02
2.08044553E-02  7.00090706E-01  1.17043238E-02
2.10954267E-02  6.86424017E-01  1.15849357E-02
2.13863981E-02  6.66785896E-01  1.17493821E-02
2.16773695E-02  6.35069430E-01  1.13870995E-02
2.19683409E-02  6.20933175E-01  1.00097312E-02
2.22593123E-02  6.08636081E-01  9.53464676E-03
2.25502837E-02  5.94683588E-01  8.44849087E-03
2.28412551E-02  5.85152924E-01  8.55370890E-03
2.31322265E-02  5.64049661E-01  8.27398337E-03
2.34231979E-02  5.43452740E-01  7.75710354E-03
2.37141694E-02  5.34588397E-01  7.87631050E-03
2.40051408E-02  5.07969618E-01  8.04967713E-03
2.42961122E-02  4.97541845E-01  6.64182939E-03
2.45870836E-02  5.01914799E-01  6.96532615E-03
2.48780550E-02  4.70735848E-01  7.06212642E-03
2.51690264E-02  4.69851166E-01  6.81970082E-03
2.54599978E-02  4.57869142E-01  6.81620836E-03
2.57509692E-02  4.45331901E-01  6.58580055E-03
2.60419406E-02  4.46688801E-01  6.80197775E-03
2.63329120E-02  4.34403360E-01  6.82565803E-03
2.66238834E-02  4.29073483E-01  6.62719645E-03
2.69148548E-02  4.17482466E-01  6.49782550E-03
2.72058262E-02  4.20058250E-01  6.44714897E-03
2.74967976E-02  4.10666823E-01  6.04584208E-03
2.77877690E-02  4.09713507E-01  5.84358117E-03
2.80787404E-02  3.91942501E-01  5.85335493E-03
2.83697118E-02  3.96183699E-01  6.37468137E-03
2.86606832E-02  3.79484624E-01  5.63987345E-03
2.89516546E-02  3.64848912E-01  5.74374711E-03
2.92426260E-02  3.61252815E-01  5.11408551E-03
2.95335974E-02  3.62467706E-01  5.72235696E-03
2.98245688E-02  3.62429351E-01  5.41060511E-03
3.01155402E-02  3.62865001E-01  5.55287162E-03
3.04065116E-02  3.45143378E-01  5.57001028E-03
3.06974830E-02  3.51612121E-01  5.31865470E-03
3.09884544E-02  3.46368134E-01  5.28206537E-03
3.12794258E-02  3.45042735E-01  4.84839687E-03
3.15703972E-02  3.23963016E-01  4.83628036E-03
3.18613686E-02  3.32225740E-01  4.62036813E-03
3.21523400E-02  3.29204947E-01  4.38506762E-03
3.24433114E-02  3.21780235E-01  4.61718161E-03
3.27342828E-02  3.22155118E-01  4.55563795E-03
3.30252543E-02  3.12277943E-01  4.20104479E-03
3.33162257E-02  3.11178505E-01  4.44406923E-03
3.36071971E-02  3.08579981E-01  4.50788345E-03
3.38981685E-02  3.04740757E-01  4.25193366E-03
3.41891399E-02  3.13660562E-01  4.12982004E-03
3.44801113E-02  3.05070877E-01  4.32081800E-03
3.47710827E-02  2.97903806E-01  4.11097240E-03
3.50620541E-02  3.00089091E-01  4.09079110E-03
3.53530255E-02  2.90068150E-01  4.36980417E-03
3.56439969E-02  2.94184446E-01  4.02189558E-03
3.59349683E-02  2.92072058E-01  4.00085328E-03
3.62259397E-02  2.97724694E-01  4.00556950E-03
3.65169111E-02  2.91328132E-01  4.11629165E-03
3.68078825E-02  2.93771118E-01  3.92853981E-03
3.70988539E-02  2.90053308E-01  3.92207503E-03
3.73898253E-02  2.93480277E-01  3.87454079E-03
3.76807967E-02  2.95779556E-01  3.89185664E-03
3.79717681E-02  2.85573095E-01  3.73030268E-03
3.82627395E-02  2.78850943E-01  3.84136266E-03
3.85537109E-02  2.82793045E-01  3.64778237E-03
3.88446823E-02  2.81430066E-01  3.74868559E-03
3.91356537E-02  2.84081966E-01  3.58224171E-03
3.94266251E-02  2.85575211E-01  3.36577883E-03
3.97175965E-02  2.77396947E-01  3.60425096E-03
4.00085679E-02  2.80578166E-01  3.55969742E-03
4.02995393E-02  2.80482233E-01  3.69094429E-03
4.05905107E-02  2.80728668E-01  3.50806373E-03
4.08814821E-02  2.80586809E-01  3.66480253E-03
4.11724535E-02  2.80757666E-01  3.58810462E-03
4.14634249E-02  2.82698363E-01  3.53774405E-03
4.17543963E-02  2.76686132E-01  3.64472647E-03
4.20453677E-02  2.79832929E-01  3.36659723E-03
4.23363392E-02  2.84964383E-01  3.38760810E-03
4.26273106E-02  2.82847553E-01  3.35342181E-03
4.29182820E-02  2.81085610E-01  3.38161667E-03
4.32092534E-02  2.87131578E-01  3.46157909E-03
4.35002248E-02  2.79750675E-01  3.42738954E-03
4.37911962E-02  2.78503448E-01  3.43416817E-03
4.40821676E-02  2.80377895E-01  3.27290129E-03
4.43731390E-02  2.82404780E-01  3.41884652E-03
4.46641104E-02  2.79692650E-01  3.35024414E-03
4.49550818E-02  2.88205802E-01  3.36321956E-03
4.52460532E-02  2.89450228E-01  3.48890363E-03
4.55370246E-02  2.84979016E-01  3.31731676E-03
4.58279960E-02  2.84141600E-01  3.37830605E-03
4.61189674E-02  2.89624810E-01  3.58048058E-03
4.64099388E-02  2.90829480E-01  3.27723310E-03
4.67009102E-02  2.92881727E-01  3.36236926E-03
4.69918816E-02  2.98790604E-01  3.29920114E-03
4.72828530E-02  2.94867873E-01  3.41812964E-03
4.75738244E-02  3.02402586E-01  3.48620699E-03
4.78647958E-02  3.02355736E-01  3.41176288E-03
4.81557672E-02  3.01298499E-01  3.43730184E-03
4.84467386E-02  3.09788495E-01  3.34783853E-03
4.87377100E-02  3.06800306E-01  3.42365075E-03
4.90286814E-02  3.16108525E-01  3.40282498E-03
4.93196528E-02  3.14063430E-01  3.25758313E-03
4.96106242E-02  3.15454304E-01  3.58281587E-03
4.99015956E-02  3.21112096E-01  3.37891886E-03
5.01925670E-02  3.18434447E-01  3.34775355E-03
5.04835384E-02  3.28861505E-01  3.50844162E-03
5.07745098E-02  3.32561493E-01  3.59253772E-03
5.10654812E-02  3.33561331E-01  3.69765004E-03
5.13564526E-02  3.35799009E-01  3.56623041E-03
5.16474241E-02  3.38560730E-01  3.67004168E-03
5.19383955E-02  3.39621097E-01  3.46562848E-03
5.22293669E-02  3.41857821E-01  3.57195619E-03
5.25203383E-02  3.59793544E-01  3.57978465E-03
5.28113097E-02  3.62281889E-01  3.40598403E-03
5.31022811E-02  3.64996016E-01  3.71798361E-03
5.33932525E-02  3.67115617E-01  3.59999645E-03
5.36842239E-02  3.70339274E-01  3.73096997E-03
5.39751953E-02  3.86473477E-01  3.86957731E-03
5.42661667E-02  3.83736193E-01  3.64810508E-03
5.45571381E-02  3.93646717E-01  3.87657247E-03
5.48481095E-02  4.02107477E-01  3.99318151E-03
5.51390809E-02  4.04915273E-01  3.84838809E-03
5.54300523E-02  4.03823286E-01  3.89901223E-03
5.57210237E-02  4.15847272E-01  3.93041968E-03
5.60119951E-02  4.25034702E-01  3.88335530E-03
5.63029665E-02  4.27907526E-01  3.93168861E-03
5.65939379E-02  4.33829248E-01  4.00026934E-03
5.68849093E-02  4.48268175E-01  4.03545657E-03
5.71758807E-02  4.55152959E-01  4.32643620E-03
5.74668521E-02  4.64471877E-01  4.45503509E-03
5.77578235E-02  4.73832011E-01  4.25982149E-03
5.80487949E-02  4.75571513E-01  4.23450675E-03
5.83397663E-02  4.85593349E-01  4.27400228E-03
5.86307377E-02  5.01055419E-01  4.46871482E-03
5.89217091E-02  5.08191824E-01  4.37872391E-03
5.92126805E-02  5.16152203E-01  4.22117487E-03
5.95036519E-02  5.25660038E-01  4.42489656E-03
5.97946233E-02  5.34757376E-01  4.53724992E-03
6.00855947E-02  5.48580229E-01  4.60995454E-03
6.03765661E-02  5.65988183E-01  4.41838102E-03
6.06675375E-02  5.76928794E-01  4.54028510E-03
6.09585090E-02  5.86060882E-01  4.84818919E-03
6.12494804E-02  6.07784212E-01  4.62557701E-03
6.15404518E-02  6.28780723E-01  4.85098548E-03
6.18314232E-02  6.41659200E-01  5.06752776E-03
6.21223946E-02  6.64051771E-01  4.91043599E-03
6.24133660E-02  6.81570530E-01  5.01767686E-03
6.27043374E-02  7.00474799E-01  5.30739361E-03
6.29953088E-02  7.16601312E-01  5.39694959E-03
6.32862802E-02  7.32033372E-01  5.09209651E-03
6.35772516E-02  7.53814161E-01  5.30041289E-03
6.38682230E-02  7.82659173E-01  5.52646210E-03
6.41591944E-02  7.97040582E-01  5.83225582E-03
6.44501658E-02  8.28727722E-01  5.69957076E-03
6.47411372E-02  8.40787053E-01  5.67059079E-03
6.50321086E-02  8.70903075E-01  6.05302537E-03
6.53230800E-02  8.95512760E-01  5.95683325E-03
6.56140514E-02  9.17437732E-01  6.02698931E-03
6.59050228E-02  9.54158127E-01  6.34266157E-03
6.61959942E-02  9.92374182E-01  6.62281178E-03
6.64869656E-02  1.00642335E+00  6.60961960E-03
6.67779370E-02  1.05690336E+00  6.78765215E-03
6.70689084E-02  1.07849681E+00  7.03547616E-03
6.73598798E-02  1.12064803E+00  6.83608837E-03
6.76508512E-02  1.17184913E+00  7.12677697E-03
6.79418226E-02  1.20596766E+00  7.20151654E-03
6.82327940E-02  1.24419200E+00  7.26598920E-03
6.85237654E-02  1.30135393E+00  7.63995806E-03
6.88147368E-02  1.35041070E+00  8.12209863E-03
6.91057082E-02  1.40598321E+00  8.69742781E-03
6.93966796E-02  1.45939326E+00  8.67546163E-03
6.96876510E-02  1.52705097E+00  9.18100681E-03
6.99786224E-02  1.57679367E+00  9.66215879E-03
7.02695938E-02  1.65288067E+00  1.02523230E-02
7.05605653E-02  1.73015952E+00  1.04959588E-02
7.08515367E-02  1.80943894E+00  1.11808097E-02
7.11425081E-02  1.89171088E+00  1.13473209E-02
7.14334795E-02  1.99107122E+00  1.25027345E-02
7.17244509E-02  2.10526586E+00  1.33435447E-02
7.20154223E-02  2.20531201E+00  1.36502860E-02
7.23063937E-02  2.34284449E+00  1.50125492E-02
7.25973651E-02  2.45371652E+00  1.54557917E-02
7.28883365E-02  2.59266138E+00  1.74368769E-02
7.31793079E-02  2.75139761E+00  1.82473138E-02
7.34702793E-02  2.90634060E+00  1.91472564E-02
7.37612507E-02  3.09961653E+00  2.16498338E-02
7.40522221E-02  3.28882885E+00  2.35218145E-02
7.43431935E-02  3.50827861E+00  2.51025204E-02
7.46341649E-02  3.72476602E+00  2.72655301E-02
7.49251363E-02  3.99332571E+00  2.92828698E-02
7.52161077E-02  4.26826239E+00  3.14495154E-02
7.55070791E-02  4.59163713E+00  3.50965559E-02
7.57980505E-02  4.93230200E+00  3.58639657E-02
7.60890219E-02  5.27719593E+00  3.93639617E-02
7.63799933E-02  5.64708567E+00  4.14804555E-02
7.66709647E-02  6.02693033E+00  4.31721024E-02
7.69619361E-02  6.41081285E+00  4.39645350E-02
7.72529075E-02  6.83843565E+00  4.59294729E-02
7.75438789E-02  7.22783041E+00  4.64628674E-02
7.78348503E-02  7.63004303E+00  4.69214991E-02
7.81258217E-02  8.01192379E+00  4.50495780E-02
7.84167931E-02  8.28110123E+00  4.30663042E-02
7.87077645E-02  8.54611301E+00  4.11394462E-02
7.89987359E-02  8.70548916E+00  3.78289968E-02
7.92897073E-02  8.74731064E+00  3.68055329E-02
7.95806787E-02  8.74024296E+00  3.56642455E-02
7.98716502E-02  8.57934189E+00  3.49725485E-02
8.01626216E-02  8.35973358E+00  3.68176699E-02
8.04535930E-02  8.02254486E+00  3.79129462E-02
8.07445644E-02  7.61235762E+00  3.83192599E-02
8.10355358E-02  7.17711735E+00  3.78911905E-02
8.13265072E-02  6.63261747E+00  3.74889337E-02
8.16174786E-02  6.12298727E+00  3.59567106E-02
8.19084500E-02  5.61858559E+00  3.38119380E-02
8.21994214E-02  5.13617563E+00  3.11141275E-02
8.24903928E-02  4.67781162E+00  2.80731507E-02
8.27813642E-02  4.24287271E+00  2.63219792E-02
8.30723356E-02  3.89155173E+00  2.39547174E-02
8.33633070E-02  3.55877900E+00  2.14790124E-02
8.36542784E-02  3.28356266E+00  1.93812381E-02
8.39452498E-02  2.99751377E+00  1.67814549E-02
8.42362212E-02  2.76135206E+00  1.55703835E-02
8.45271926E-02  2.56813312E+00  1.40129589E-02
8.48181640E-02  2.37663269E+00  1.27189131E-02
8.51091354E-02  2.21601701E+00  1.21292258E-02
8.54001068E-02  2.08918118E+00  1.08933030E-02
8.56910782E-02  1.95409441E+00  1.07502872E-02
8.59820496E-02  1.85580921E+00  9.30196512E-03
8.62730210E-02  1.75758278E+00  8.97603203E-03
8.65639924E-02  1.65938425E+00  8.43012054E-03
8.68549638E-02  1.57622349E+00  7.83616584E-03
8.71459352E-02  1.50603795E+00  7.58677116E-03
8.74369066E-02  1.43773115E+00  7.16162706E-03
8.77278780E-02  1.37636757E+00  6.94369106E-03
8.80188494E-02  1.33433759E+00  6.60137180E-03
8.83098208E-02  1.29217887E+00  6.75245980E-03
8.86007922E-02  1.23358738E+00  6.07330026E-03
8.88917636E-02  1.19331169E+00  5.96198952E-03
8.91827351E-02  1.15522075E+00  5.79448044E-03
8.94737065E-02  1.12012136E+00  5.81200095E-03
8.97646779E-02  1.08286095E+00  5.55812009E-03
9.00556493E-02  1.05504262E+00  5.53201325E-03
9.03466207E-02  1.02327394E+00  5.17878868E-03
9.06375921E-02  1.00461853E+00  5.23687573E-03
9.09285635E-02  9.81608391E-01  5.05600963E-03
9.12195349E-02  9.56711531E-01  5.18711517E-03
9.15105063E-02  9.29924011E-01  4.85613756E-03
9.18014777E-02  9.16423321E-01  4.82930336E-03
9.20924491E-02  8.77947152E-01  4.80209291E-03
9.23834205E-02  8.74802291E-01  4.83081210E-03
9.26743919E-02  8.47322047E-01  4.45400784E-03
9.29653633E-02  8.47389996E-01  4.76335688E-03
9.32563347E-02  8.32078993E-01  4.52251965E-03
9.35473061E-02  8.16418707E-01  4.43091244E-03
9.38382775E-02  7.98139811E-01  4.42331051E-03
9.41292489E-02  7.86872387E-01  4.50425502E-03
9.44202203E-02  7.73529351E-01  4.46649222E-03
9.47111917E-02  7.66073525E-01  4.41731187E-03
9.50021631E-02  7.58968353E-01  4.36752941E-03
9.52931345E-02  7.47187734E-01  4.13347827E-03
9.55841059E-02  7.41147637E-01  4.27303044E-03
9.58750773E-02  7.32141078E-01  4.24314849E-03
9.61660487E-02  7.22059608E-01  4.29289648E-03
9.64570201E-02  7.24491537E-01  4.18769429E-03
9.67479915E-02  7.15262115E-01  4.11989680E-03
9.70389629E-02  7.02912688E-01  4.14025132E-03
9.73299343E-02  6.94400728E-01  4.03238274E-03
9.76209057E-02  6.92981243E-01  3.99425533E-03
9.79118771E-02  6.81906581E-01  4.04901290E-03
9.82028485E-02  6.80818021E-01  3.87172261E-03
9.84938200E-02  6.85763419E-01  3.93120153E-03
9.87847914E-02  6.66030228E-01  3.83411767E-03
9.90757628E-02  6.68207049E-01  4.03033802E-03
9.93667342E-02  6.69095635E-01  3.95154348E-03
9.96577056E-02  6.60713673E-01  3.89785669E-03
9.99486770E-02  6.55054927E-01  3.94215249E-03
1.00239648E-01  6.56000674E-01  3.84481740E-03
1.00530620E-01  6.56188071E-01  3.96301784E-03
1.00821591E-01  6.54215932E-01  3.89817310E-03
1.01112563E-01  6.41190052E-01  3.83092673E-03
1.01403534E-01  6.45961225E-01  3.85957933E-03
1.01694505E-01  6.43265426E-01  3.72511172E-03
1.01985477E-01  6.46865308E-01  3.84066324E-03
1.02276448E-01  6.46707535E-01  3.88695998E-03
1.02567420E-01  6.30088806E-01  3.76474881E-03
1.02858391E-01  6.32552207E-01  3.66168562E-03
1.03149362E-01  6.34983122E-01  3.68263875E-03
1.03440334E-01  6.44007981E-01  3.86242755E-03
1.03731305E-01  6.33339345E-01  3.73633532E-03
1.04022277E-01  6.21737063E-01  3.73470318E-03
1.04313248E-01  6.33556485E-01  3.73043446E-03
1.04604219E-01  6.29419208E-01  3.75903142E-03
1.04895191E-01  6.35637283E-01  3.87546071E-03
1.05186162E-01  6.31998599E-01  3.88781307E-03
1.05477134E-01  6.37443304E-01  3.77614098E-03
1.05768105E-01  6.30144060E-01  3.63358087E-03
1.06059076E-01  6.34375215E-01  3.77241569E-03
1.06350048E-01  6.37380421E-01  3.67242796E-03
1.06641019E-01  6.38134420E-01  3.64384498E-03
1.06931991E-01  6.37384713E-01  3.75364698E-03
1.07222962E-01  6.35742545E-01  3.76517954E-03
1.07513933E-01  6.36513352E-01  3.71865113E-03
1.07804905E-01  6.36963606E-01  3.85741494E-03
1.08095876E-01  6.40453756E-01  3.66391661E-03
1.08386848E-01  6.43689811E-01  3.66053451E-03
1.08677819E-01  6.46314442E-01  3.59648722E-03
1.08968790E-01  6.39611185E-01  3.60324723E-03
1.09259762E-01  6.52665198E-01  3.85669852E-03
1.09550733E-01  6.41716480E-01  3.74191161E-03
1.09841705E-01  6.57587171E-01  3.85069987E-03
1.10132676E-01  6.54126704E-01  3.73102375E-03
1.10423647E-01  6.54552519E-01  3.72953224E-03
1.10714619E-01  6.60473943E-01  3.75617179E-03
1.11005590E-01  6.63252831E-01  3.71638266E-03
1.11296562E-01  6.55451596E-01  3.66486213E-03
1.11587533E-01  6.62421346E-01  3.63612641E-03
1.11878504E-01  6.71511948E-01  3.80835263E-03
1.12169476E-01  6.69614911E-01  3.72259156E-03
1.12460447E-01  6.77310288E-01  3.89843481E-03
1.12751419E-01  6.80708408E-01  3.98234790E-03
1.13042390E-01  6.82995081E-01  3.92918102E-03
1.13333362E-01  6.87834442E-01  3.76600493E-03
1.13624333E-01  6.88879013E-01  3.80267645E-03
1.13915304E-01  6.93469703E-01  3.79685452E-03
1.14206276E-01  6.98633015E-01  3.89353186E-03
1.14497247E-01  6.97423756E-01  3.74802784E-03
1.14788219E-01  7.06873477E-01  3.94714344E-03
1.15079190E-01  7.18150318E-01  3.99320060E-03
1.15370161E-01  7.12554336E-01  3.78976949E-03
1.15661133E-01  7.26842761E-01  3.98508459E-03
1.15952104E-01  7.24627495E-01  3.87375662E-03
1.16243076E-01  7.32910097E-01  3.94742051E-03
1.16534047E-01  7.39884377E-01  3.97268729E-03
1.16825018E-01  7.41126120E-01  3.86564760E-03
1.17115990E-01  7.45988429E-01  3.96393146E-03
1.17406961E-01  7.53793597E-01  3.91386077E-03
1.17697933E-01  7.60963738E-01  3.98417609E-03
1.17988904E-01  7.68480778E-01  4.03648568E-03
1.18279875E-01  7.77896047E-01  3.95672116E-03
1.18570847E-01  7.79015422E-01  4.05364297E-03
1.18861818E-01  7.86701739E-01  4.01694188E-03
1.19152790E-01  7.92709708E-01  4.07876121E-03
1.19443761E-01  8.03080797E-01  4.18766588E-03
1.19734732E-01  8.14080358E-01  4.16225335E-03
1.20025704E-01  8.17609191E-01  4.15408844E-03
1.20316675E-01  8.27641904E-01  4.18416550E-03
1.20607647E-01  8.40789676E-01  4.40365169E-03
1.20898618E-01  8.56034279E-01  4.37787874E-03
1.21189589E-01  8.66135776E-01  4.40803496E-03
1.21480561E-01  8.64507377E-01  4.50023031E-03
1.21771532E-01  8.85861158E-01  4.54468979E-03
1.22062504E-01  8.95183206E-01  4.80131991E-03
1.22353475E-01  9.09607232E-01  4.59105102E-03
1.22644446E-01  9.26320791E-01  4.74810833E-03
1.22935418E-01  9.27574217E-01  4.65541612E-03
1.23226389E-01  9.42389429E-01  4.74363193E-03
1.23517361E-01  9.66087937E-01  4.80628666E-03
1.23808332E-01  9.78869379E-01  4.83562332E-03
1.24099303E-01  9.91634011E-01  4.93459124E-03
1.24390275E-01  1.00427735E+00  4.79302974E-03
1.24681246E-01  1.01667523E+00  5.11915656E-03
1.24972218E-01  1.04228234E+00  5.26067195E-03
1.25263189E-01  1.05810308E+00  5.28353779E-03
1.25554160E-01  1.07720566E+00  5.56363631E-03
1.25845132E-01  1.10223663E+00  5.69992559E-03
1.26136103E-01  1.11359262E+00  5.60902152E-03
1.26427075E-01  1.13653052E+00  5.56922797E-03
1.26718046E-01  1.16207731E+00  5.61283669E-03
1.27009017E-01  1.20726335E+00  5.86056849E-03
1.27299989E-01  1.22333515E+00  6.14392338E-03
1.27590960E-01  1.24483454E+00  6.18837448E-03
1.27881932E-01  1.27413583E+00  6.21974841E-03
1.28172903E-01  1.30718589E+00  6.49791211E-03
1.28463874E-01  1.32870305E+00  6.64437097E-03
1.28754846E-01  1.38745713E+00  6.83400966E-03
1.29045817E-01  1.41620409E+00  7.19144521E-03
1.29336789E-01  1.43979871E+00  6.87362766E-03
1.29627760E-01  1.48374569E+00  7.26600178E-03
1.29918731E-01  1.53442013E+00  7.71703618E-03
1.30209703E-01  1.57650530E+00  7.97771756E-03
1.30500674E-01  1.61796606E+00  7.93029182E-03
1.30791646E-01  1.66488445E+00  8.08293838E-03
1.31082617E-01  1.71062994E+00  8.32059607E-03
1.31373589E-01  1.74682677E+00  8.81449878E-03
1.31664560E-01  1.80563891E+00  8.98803305E-03
1.31955531E-01  1.87173855E+00  9.10736993E-03
1.32246503E-01  1.92306149E+00  9.11909621E-03
1.32537474E-01  1.97063553E+00  9.31117870E-03
1.32828446E-01  2.02739096E+00  9.53335129E-03
1.33119417E-01  2.11178088E+00  1.04098460E-02
1.33410388E-01  2.18778157E+00  1.04232719E-02
1.33701360E-01  2.24685860E+00  1.06654624E-02
1.33992331E-01  2.31314278E+00  1.06919641E-02
1.34283303E-01  2.35116768E+00  1.07418532E-02
1.34574274E-01  2.41405559E+00  1.07596004E-02
1.34865245E-01  2.49585867E+00  1.07203247E-02
1.35156217E-01  2.57083058E+00  1.06376233E-02
1.35447188E-01  2.61053991E+00  1.09462608E-02
1.35738160E-01  2.64484477E+00  1.05163502E-02
1.36029131E-01  2.66503620E+00  1.03976987E-02
1.36320102E-01  2.70951533E+00  1.07778143E-02
1.36611074E-01  2.72784829E+00  1.03024654E-02
1.36902045E-01  2.73487544E+00  9.68628097E-03
1.37193017E-01  2.72467136E+00  9.85158514E-03
1.37483988E-01  2.70688629E+00  9.53545142E-03
1.37774959E-01  2.66400909E+00  9.46758036E-03
1.38065931E-01  2.61964750E+00  8.92680790E-03
1.38356902E-01  2.56079865E+00  8.76811426E-03
1.38647874E-01  2.49249029E+00  8.50711390E-03
1.38938845E-01  2.42038298E+00  8.49715713E-03
1.39229816E-01  2.33186269E+00  8.24712589E-03
1.39520788E-01  2.23363066E+00  8.02097283E-03
1.39811759E-01  2.14978027E+00  7.56474771E-03
1.40102731E-01  2.05378604E+00  7.54746282E-03
1.40393702E-01  1.95554161E+00  7.33463326E-03
1.40684673E-01  1.87489057E+00  6.83361199E-03
1.40975645E-01  1.79207468E+00  6.98193116E-03
1.41266616E-01  1.68624485E+00  6.34365994E-03
1.41557588E-01  1.61663759E+00  6.22681668E-03
1.41848559E-01  1.54119360E+00  5.94319589E-03
1.42139530E-01  1.47835779E+00  5.64968586E-03
1.42430502E-01  1.40813828E+00  5.61037567E-03
1.42721473E-01  1.36695874E+00  5.48005151E-03
1.43012445E-01  1.30967903E+00  5.30971959E-03
1.43303416E-01  1.25848472E+00  5.17671229E-03
1.43594387E-01  1.21743381E+00  4.98200441E-03
1.43885359E-01  1.17442906E+00  4.83847735E-03
1.44176330E-01  1.14472747E+00  4.94988495E-03
1.44467302E-01  1.11498284E+00  4.68785549E-03
1.44758273E-01  1.08443844E+00  4.78575798E-03
1.45049244E-01  1.06538260E+00  4.49074199E-03
1.45340216E-01  1.04642701E+00  4.66450397E-03
1.45631187E-01  1.02160656E+00  4.24770173E-03
1.45922159E-01  1.00540328E+00  4.42205369E-03
1.46213130E-01  9.88214970E-01  4.41364851E-03
1.46504101E-01  9.79426324E-01  4.27891500E-03
1.46795073E-01  9.66689587E-01  4.16106265E-03
1.47086044E-01  9.66638207E-01  4.32822341E-03
1.47377016E-01  9.55916822E-01  4.22329828E-03
1.47667987E-01  9.42907870E-01  4.23423061E-03
1.47958958E-01  9.38019753E-01  4.26904391E-03
1.48249930E-01  9.37452495E-01  4.12733341E-03
1.48540901E-01  9.30479288E-01  4.08317568E-03
1.48831873E-01  9.32726860E-01  4.31680074E-03
1.49122844E-01  9.28884685E-01  4.07134928E-03
1.49413815E-01  9.33629036E-01  4.26402036E-03
1.49704787E-01  9.39071774E-01  4.29249182E-03
1.49995758E-01  9.41879451E-01  4.32424713E-03
1.50286730E-01  9.42625105E-01  4.23796801E-03
1.50577701E-01  9.48996603E-01  4.29593399E-03
1.50868673E-01  9.59870458E-01  4.34354320E-03
1.51159644E-01  9.68090415E-01  4.36448492E-03
1.51450615E-01  9.78849053E-01  4.43670386E-03
1.51741587E-01  9.83964920E-01  4.64764098E-03
1.52032558E-01  1.00278389E+00  4.57197847E-03
1.52323530E-01  1.01374125E+00  4.55214689E-03
1.52614501E-01  1.03883815E+00  4.69986722E-03
1.52905472E-01  1.04473555E+00  4.88324324E-03
1.53196444E-01  1.05988109E+00  4.78951447E-03
1.53487415E-01  1.06335819E+00  4.68988856E-03
1.53778387E-01  1.08622909E+00  4.94033331E-03
1.54069358E-01  1.11602449E+00  5.01868408E-03
1.54360329E-01  1.13070846E+00  5.16133010E-03
1.54651301E-01  1.15236330E+00  5.05769998E-03
1.54942272E-01  1.17113388E+00  5.16614970E-03
1.55233244E-01  1.19068491E+00  5.15680481E-03
1.55524215E-01  1.20303559E+00  5.30995335E-03
1.55815186E-01  1.23406649E+00  5.33154514E-03
1.56106158E-01  1.24216437E+00  5.48412465E-03
1.56397129E-01  1.27053022E+00  5.39475447E-03
1.56688101E-01  1.27699780E+00  5.52583020E-03
1.56979072E-01  1.28692710E+00  5.41792717E-03
1.57270043E-01  1.30930972E+00  5.67128742E-03
1.57561015E-01  1.30469072E+00  5.34384465E-03
1.57851986E-01  1.30378997E+00  5.43398457E-03
1.58142958E-01  1.30975389E+00  5.47068147E-03
1.58433929E-01  1.31599045E+00  5.31454477E-03
1.58724900E-01  1.30307853E+00  5.21076843E-03
1.59015872E-01  1.29903901E+00  5.22096129E-03
1.59306843E-01  1.27783358E+00  5.09668933E-03
1.59597815E-01  1.25927818E+00  5.02242381E-03
1.59888786E-01  1.23960257E+00  4.86195413E-03
1.60179757E-01  1.20827782E+00  4.75388113E-03
1.60470729E-01  1.17887533E+00  4.59232135E-03
1.60761700E-01  1.14302373E+00  4.53432230E-03
1.61052672E-01  1.12000799E+00  4.47426131E-03
1.61343643E-01  1.08108044E+00  4.42417851E-03
1.61634614E-01  1.04879844E+00  4.45712637E-03
1.61925586E-01  1.01557112E+00  4.27715434E-03
1.62216557E-01  9.85578477E-01  4.26405622E-03
1.62507529E-01  9.52039123E-01  4.09779046E-03
1.62798500E-01  9.25543249E-01  3.98701755E-03
1.63089471E-01  8.89794946E-01  3.96922324E-03
1.63380443E-01  8.71135473E-01  3.70885874E-03
1.63671414E-01  8.36753428E-01  3.66544211E-03
1.63962386E-01  8.15396786E-01  3.55283427E-03
1.64253357E-01  7.87593722E-01  3.64530366E-03
1.64544328E-01  7.71279573E-01  3.58965597E-03
1.64835300E-01  7.41647363E-01  3.36971786E-03
1.65126271E-01  7.28422999E-01  3.44041619E-03
1.65417243E-01  7.06912816E-01  3.25523573E-03
1.65708214E-01  6.86451554E-01  3.45956557E-03
1.65999185E-01  6.74503803E-01  3.32770310E-03
1.66290157E-01  6.60155654E-01  3.22119356E-03
1.66581128E-01  6.47452593E-01  3.16996803E-03
1.66872100E-01  6.28369570E-01  3.09424335E-03
1.67163071E-01  6.19330049E-01  3.08482838E-03
1.67454042E-01  5.98300159E-01  3.01727653E-03
1.67745014E-01  5.92393994E-01  3.07257450E-03
1.68035985E-01  5.84278524E-01  3.06234648E-03
1.68326957E-01  5.73211074E-01  2.95720971E-03
1.68617928E-01  5.70697248E-01  2.90432875E-03
1.68908900E-01  5.54620862E-01  2.94040237E-03
1.69199871E-01  5.48163772E-01  2.92180898E-03
1.69490842E-01  5.41951239E-01  2.89037335E-03
1.69781814E-01  5.33115566E-01  2.84684566E-03
1.70072785E-01  5.22364914E-01  2.80426885E-03
1.70363757E-01  5.14495850E-01  2.70200265E-03
1.70654728E-01  5.14394224E-01  2.72422587E-03
1.70945699E-01  5.07733285E-01  2.79605039E-03
1.71236671E-01  4.93997604E-01  2.66862311E-03
1.71527642E-01  4.91530687E-01  2.70972331E-03
1.71818614E-01  4.87307638E-01  2.67564389E-03
1.72109585E-01  4.86366451E-01  2.69273389E-03
1.72400556E-01  4.74518508E-01  2.68489402E-03
1.72691528E-01  4.80011076E-01  2.66912952E-03
1.72982499E-01  4.66774404E-01  2.72987573E-03
1.73273471E-01  4.63302463E-01  2.63425428E-03
1.73564442E-01  4.60346550E-01  2.59293383E-03
1.73855413E-01  4.56260026E-01  2.62081483E-03
1.74146385E-01  4.50147748E-01  2.58692051E-03
1.74437356E-01  4.50338632E-01  2.62245582E-03
1.74728328E-01  4.44880426E-01  2.56709359E-03
1.75019299E-01  4.33325380E-01  2.52960110E-03
1.75310270E-01  4.39816743E-01  2.56475504E-03
1.75601242E-01  4.36133832E-01  2.61896290E-03
1.75892213E-01  4.31231380E-01  2.54113134E-03
1.76183185E-01  4.27293450E-01  2.51681078E-03
1.76474156E-01  4.26491261E-01  2.50905612E-03
1.76765127E-01  4.22009289E-01  2.47877091E-03
1.77056099E-01  4.18504864E-01  2.50232057E-03
1.77347070E-01  4.15147066E-01  2.44423281E-03
1.77638042E-01  4.14394170E-01  2.49913288E-03
1.77929013E-01  4.06150669E-01  2.48709088E-03
1.78219984E-01  4.10461605E-01  2.47062207E-03
1.78510956E-01  4.06538248E-01  2.46928027E-03
1.78801927E-01  4.00409281E-01  2.42477469E-03
1.79092899E-01  3.98609877E-01  2.41487403E-03
1.79383870E-01  3.99543524E-01  2.40132189E-03
1.79674841E-01  3.92433554E-01  2.36138888E-03
1.79965813E-01  3.88872474E-01  2.42618029E-03
1.80256784E-01  3.90458405E-01  2.40257569E-03
1.80547756E-01  3.87549758E-01  2.41518719E-03
1.80838727E-01  3.87721062E-01  2.35376111E-03
1.81129698E-01  3.84328902E-01  2.31683999E-03
1.81420670E-01  3.83650541E-01  2.33773328E-03
1.81711641E-01  3.85235369E-01  2.26785219E-03
1.82002613E-01  3.80965054E-01  2.36710696E-03
1.82293584E-01  3.75598192E-01  2.34529469E-03
1.82584555E-01  3.80806267E-01  2.36670347E-03
1.82875527E-01  3.75614256E-01  2.35772319E-03
1.83166498E-01  3.69464129E-01  2.29773670E-03
1.83457470E-01  3.69296402E-01  2.29801191E-03
1.83748441E-01  3.67138177E-01  2.31192517E-03
1.84039412E-01  3.68515640E-01  2.34012445E-03
1.84330384E-01  3.66864055E-01  2.29858723E-03
1.84621355E-01  3.67698759E-01  2.32224050E-03
1.84912327E-01  3.61185282E-01  2.25830497E-03
1.85203298E-01  3.59765887E-01  2.24133371E-03
1.85494269E-01  3.58470231E-01  2.30176281E-03
1.85785241E-01  3.58607560E-01  2.24535912E-03
1.86076212E-01  3.55830550E-01  2.23701796E-03
1.86367184E-01  3.55810583E-01  2.20147753E-03
1.86658155E-01  3.52547377E-01  2.24143337E-03
1.86949126E-01  3.57866377E-01  2.28784932E-03
1.87240098E-01  3.51015687E-01  2.22863699E-03
1.87531069E-01  3.50083679E-01  2.25314335E-03
1.87822041E-01  3.51189762E-01  2.20041256E-03
1.88113012E-01  3.48855972E-01  2.16541183E-03
1.88403984E-01  3.49247545E-01  2.20556185E-03
1.88694955E-01  3.48595619E-01  2.18572584E-03
1.88985926E-01  3.50594670E-01  2.17937701E-03
1.89276898E-01  3.44071507E-01  2.16864422E-03
1.89567869E-01  3.47169340E-01  2.14239419E-03
1.89858841E-01  3.45775276E-01  2.26570247E-03
1.90149812E-01  3.41090053E-01  2.15230440E-03
1.90440783E-01  3.40862691E-01  2.14710785E-03
1.90731755E-01  3.46850544E-01  2.21319869E-03
1.91022726E-01  3.44994962E-01  2.16849148E-03
1.91313698E-01  3.42346489E-01  2.11870926E-03
1.91604669E-01  3.41791838E-01  2.27616914E-03
1.91895640E-01  3.43949884E-01  2.11278000E-03
1.92186612E-01  3.44800800E-01  2.23227707E-03
1.92477583E-01  3.43924373E-01  2.23237486E-03
1.92768555E-01  3.42833906E-01  2.15847278E-03
1.93059526E-01  3.42555374E-01  2.21442105E-03
1.93350497E-01  3.40401858E-01  2.19535804E-03
1.93641469E-01  3.39867115E-01  2.09288253E-03
1.93932440E-01  3.41689944E-01  2.11833487E-03
1.94223412E-01  3.40418875E-01  2.14985013E-03
1.94514383E-01  3.41127813E-01  2.13855412E-03
1.94805354E-01  3.41916740E-01  2.13830709E-03
1.95096326E-01  3.37599188E-01  2.08730390E-03
1.95387297E-01  3.39451104E-01  2.07344885E-03
1.95678269E-01  3.37151051E-01  2.13183928E-03
1.95969240E-01  3.43627930E-01  2.14484031E-03
1.96260211E-01  3.43413264E-01  2.18603923E-03
1.96551183E-01  3.39237690E-01  2.15579709E-03
1.96842154E-01  3.44420016E-01  2.19164859E-03
1.97133126E-01  3.37980330E-01  2.06746184E-03
1.97424097E-01  3.42933744E-01  2.16118456E-03
1.97715068E-01  3.39289397E-01  2.11408129E-03
1.98006040E-01  3.42933565E-01  2.15379312E-03
1.98297011E-01  3.43721241E-01  2.09864974E-03
1.98587983E-01  3.42358559E-01  2.07571709E-03
1.98878954E-01  3.43647420E-01  2.11070571E-03
1.99169925E-01  3.46534252E-01  2.19613779E-03
1.99460897E-01  3.47137451E-01  2.13825074E-03
1.99751868E-01  3.48532528E-01  2.18711910E-03
2.00042840E-01  3.48549724E-01  2.15315958E-03
2.00333811E-01  3.52976918E-01  2.09766626E-03
2.00624782E-01  3.53486151E-01  2.21723528E-03
2.00915754E-01  3.54149014E-01  2.18763482E-03
2.01206725E-01  3.58347923E-01  2.21292884E-03
2.01497697E-01  3.56729865E-01  2.20653624E-03
2.01788668E-01  3.55390966E-01  2.16189679E-03
2.02079639E-01  3.57230633E-01  2.23443634E-03
2.02370611E-01  3.63915354E-01  2.13730847E-03
2.02661582E-01  3.64783466E-01  2.21159589E-03
2.02952554E-01  3.64416629E-01  2.22298270E-03
2.03243525E-01  3.65522593E-01  2.20805453E-03
2.03534496E-01  3.64593029E-01  2.22372869E-03
2.03825468E-01  3.71195853E-01  2.14076508E-03
2.04116439E-01  3.70630115E-01  2.19664280E-03
2.04407411E-01  3.67618591E-01  2.16178619E-03
2.04698382E-01  3.69859278E-01  2.23992113E-03
2.04989353E-01  3.71268481E-01  2.20258906E-03
2.05280325E-01  3.73038501E-01  2.21239659E-03
2.05571296E-01  3.72316211E-01  2.19246349E-03
2.05862268E-01  3.73358339E-01  2.16092356E-03
2.06153239E-01  3.72567326E-01  2.18684576E-03
2.06444211E-01  3.72378290E-01  2.15689559E-03
2.06735182E-01  3.75126034E-01  2.14880263E-03
2.07026153E-01  3.74735057E-01  2.15549697E-03
2.07317125E-01  3.73942614E-01  2.17747432E-03
2.07608096E-01  3.72292340E-01  2.19231099E-03
2.07899068E-01  3.70905519E-01  2.16722861E-03
2.08190039E-01  3.70936066E-01  2.14092853E-03
2.08481010E-01  3.71079355E-01  2.23637884E-03
2.08771982E-01  3.72420579E-01  2.13562627E-03
2.09062953E-01  3.63911480E-01  2.19698856E-03
2.09353925E-01  3.65091175E-01  2.10418808E-03
2.09644896E-01  3.58403087E-01  2.11719028E-03
2.09935867E-01  3.55713189E-01  2.09077587E-03
2.10226839E-01  3.53892863E-01  2.08355603E-03
2.10517810E-01  3.49178463E-01  2.05971603E-03
2.10808782E-01  3.43816519E-01  2.02314812E-03
2.11099753E-01  3.35438937E-01  2.04235828E-03
2.11390724E-01  3.33758771E-01  2.05348269E-03
2.11681696E-01  3.27599853E-01  2.02750275E-03
2.11972667E-01  3.23114991E-01  2.00647675E-03
2.12263639E-01  3.19334179E-01  1.96821173E-03
2.12554610E-01  3.07768971E-01  1.93379645E-03
2.12845581E-01  3.06211323E-01  1.97558734E-03
2.13136553E-01  3.02246690E-01  1.93828542E-03
2.13427524E-01  2.92590410E-01  1.90641370E-03
2.13718496E-01  2.87693262E-01  1.86021533E-03
2.14009467E-01  2.81056166E-01  1.88312260E-03
2.14300438E-01  2.77289093E-01  1.88561995E-03
2.14591410E-01  2.73697078E-01  1.83518359E-03
2.14882381E-01  2.68045127E-01  1.84911315E-03
2.15173353E-01  2.62821317E-01  1.72250369E-03
2.15464324E-01  2.60308623E-01  1.77647604E-03
2.15755295E-01  2.52553195E-01  1.72325422E-03
2.16046267E-01  2.50786245E-01  1.71282934E-03
2.16337238E-01  2.45703608E-01  1.73347781E-03
2.16628210E-01  2.39907026E-01  1.69160450E-03
2.16919181E-01  2.39599124E-01  1.65514729E-03
2.17210152E-01  2.34433711E-01  1.65673182E-03
2.17501124E-01  2.32852310E-01  1.69710373E-03
2.17792095E-01  2.26289898E-01  1.58710417E-03
2.18083067E-01  2.27799684E-01  1.60429417E-03
2.18374038E-01  2.22995311E-01  1.58541102E-03
2.18665009E-01  2.22966194E-01  1.60458137E-03
2.18955981E-01  2.20364287E-01  1.58258982E-03
2.19246952E-01  2.20047534E-01  1.59649632E-03
2.19537924E-01  2.19564915E-01  1.55370403E-03
2.19828895E-01  2.15231910E-01  1.52626296E-03
2.20119866E-01  2.16524735E-01  1.52794598E-03
2.20410838E-01  2.13823721E-01  1.53739133E-03
2.20701809E-01  2.10312605E-01  1.53775176E-03
2.20992781E-01  2.06403226E-01  1.54790597E-03
2.21283752E-01  2.07822874E-01  1.53187278E-03
2.21574723E-01  2.06742510E-01  1.49798137E-03
2.21865695E-01  2.05290824E-01  1.54223398E-03
2.22156666E-01  2.04754189E-01  1.54360593E-03
2.22447638E-01  2.03540370E-01  1.57231826E-03
2.22738609E-01  2.03675583E-01  1.50099362E-03
2.23029580E-01  2.01835394E-01  1.48804439E-03
2.23320552E-01  2.00497076E-01  1.52267655E-03
2.23611523E-01  2.01599032E-01  1.50687096E-03
2.23902495E-01  2.00831071E-01  1.48697384E-03
2.24193466E-01  1.97854295E-01  1.46929082E-03
2.24484437E-01  1.98904410E-01  1.52811967E-03
2.24775409E-01  2.00309634E-01  1.49370951E-03
2.25066380E-01  2.01017067E-01  1.49171951E-03
2.25357352E-01  1.95442915E-01  1.45969365E-03
2.25648323E-01  1.98885679E-01  1.53156591E-03
2.25939295E-01  1.96841255E-01  1.48729573E-03
2.26230266E-01  2.00125903E-01  1.52925728E-03
2.26521237E-01  1.97162420E-01  1.51707185E-03
2.26812209E-01  1.99128240E-01  1.49591663E-03
2.27103180E-01  1.97274417E-01  1.45783380E-03
2.27394152E-01  1.96931422E-01  1.48969120E-03
2.27685123E-01  1.99023649E-01  1.49405829E-03
2.27976094E-01  1.99126855E-01  1.45755894E-03
2.28267066E-01  1.97126687E-01  1.54241826E-03
2.28558037E-01  1.96449339E-01  1.48111873E-03
2.28849009E-01  1.97592199E-01  1.48607010E-03
2.29139980E-01  1.98324651E-01  1.47776969E-03
2.29430951E-01  1.97752818E-01  1.49451662E-03
2.29721923E-01  1.97515145E-01  1.48901681E-03
2.30012894E-01  1.98503211E-01  1.47951441E-03
2.30303866E-01  1.97541222E-01  1.48919225E-03
2.30594837E-01  2.00614795E-01  1.50269212E-03
2.30885808E-01  1.98948547E-01  1.43276551E-03
2.31176780E-01  2.01749757E-01  1.52023078E-03
2.31467751E-01  2.01157644E-01  1.50508236E-03
2.31758723E-01  2.02723578E-01  1.49511802E-03
2.32049694E-01  2.02279404E-01  1.48827315E-03
2.32340665E-01  2.06470862E-01  1.52422476E-03
2.32631637E-01  2.04532757E-01  1.53205090E-03
2.32922608E-01  2.04974487E-01  1.45575008E-03
2.33213580E-01  2.06907138E-01  1.51997607E-03
2.33504551E-01  2.03266159E-01  1.53301575E-03
2.33795522E-01  2.03583971E-01  1.50015648E-03
2.34086494E-01  2.03043625E-01  1.49904075E-03
2.34377465E-01  2.02775493E-01  1.51039823E-03
2.34668437E-01  2.03828171E-01  1.53169769E-03
2.34959408E-01  2.05678999E-01  1.50933687E-03
2.35250379E-01  2.06916973E-01  1.55158748E-03
2.35541351E-01  2.03487068E-01  1.46765134E-03
2.35832322E-01  2.04834208E-01  1.50454801E-03
2.36123294E-01  2.06324339E-01  1.49675296E-03
2.36414265E-01  2.02688426E-01  1.47800089E-03
2.36705236E-01  2.02099413E-01  1.45789643E-03
2.36996208E-01  2.05183506E-01  1.50201085E-03
2.37287179E-01  2.04666957E-01  1.48148369E-03
2.37578151E-01  2.01363027E-01  1.45489082E-03
2.37869122E-01  2.01884255E-01  1.43957394E-03
2.38160093E-01  1.96387529E-01  1.47631532E-03
2.38451065E-01  1.99764088E-01  1.45067112E-03
2.38742036E-01  1.94026574E-01  1.45808642E-03
2.39033008E-01  1.94809362E-01  1.43452082E-03
2.39323979E-01  1.94147691E-01  1.39783765E-03
2.39614950E-01  1.91158757E-01  1.43913855E-03
2.39905922E-01  1.86934412E-01  1.38978614E-03
2.40196893E-01  1.86706468E-01  1.40485517E-03
2.40487865E-01  1.85897261E-01  1.41791033E-03
2.40778836E-01  1.82235926E-01  1.36861787E-03
2.41069807E-01  1.81029931E-01  1.36443484E-03
2.41360779E-01  1.79111019E-01  1.37458742E-03
2.41651750E-01  1.73870012E-01  1.32456236E-03
2.41942722E-01  1.73993543E-01  1.35815004E-03
2.42233693E-01  1.71798974E-01  1.34778081E-03
2.42524664E-01  1.70219272E-01  1.31023396E-03
2.42815636E-01  1.68222174E-01  1.31323130E-03
2.43106607E-01  1.65842324E-01  1.30715175E-03
2.43397579E-01  1.64510593E-01  1.31192652E-03
2.43688550E-01  1.61578357E-01  1.29989907E-03
2.43979522E-01  1.59436867E-01  1.23724970E-03
2.44270493E-01  1.58587068E-01  1.27917679E-03
2.44561464E-01  1.58040270E-01  1.28580991E-03
2.44852436E-01  1.54418617E-01  1.28290267E-03
2.45143407E-01  1.53770775E-01  1.29248819E-03
2.45434379E-01  1.52637675E-01  1.21994363E-03
2.45725350E-01  1.48183525E-01  1.22698129E-03
2.46016321E-01  1.48707315E-01  1.26619183E-03
2.46307293E-01  1.48044616E-01  1.23814540E-03
2.46598264E-01  1.45045206E-01  1.20662374E-03
2.46889236E-01  1.44927725E-01  1.22757675E-03
2.47180207E-01  1.41118437E-01  1.20964274E-03
2.47471178E-01  1.41877532E-01  1.24401611E-03
2.47762150E-01  1.41309068E-01  1.17820420E-03
2.48053121E-01  1.41806036E-01  1.20744633E-03
2.48344093E-01  1.39828756E-01  1.17198029E-03
2.48635064E-01  1.36362001E-01  1.19917956E-03
2.48926035E-01  1.36977091E-01  1.18524593E-03
2.49217007E-01  1.36975124E-01  1.18516374E-03
2.49507978E-01  1.33943096E-01  1.16937771E-03
2.49798950E-01  1.32714406E-01  1.19109242E-03
2.50089921E-01  1.31752700E-01  1.18844712E-03
2.50380892E-01  1.33351684E-01  1.16866082E-03
2.50671864E-01  1.32398620E-01  1.15718890E-03
2.50962835E-01  1.30570263E-01  1.16041640E-03
2.51253807E-01  1.27961874E-01  1.11603923E-03
2.51544778E-01  1.29505128E-01  1.15212356E-03
2.51835749E-01  1.28849968E-01  1.15897972E-03
2.52126721E-01  1.28043383E-01  1.15221285E-03
2.52417692E-01  1.29011959E-01  1.15220412E-03
2.52708664E-01  1.25837162E-01  1.14979630E-03
2.52999635E-01  1.26114085E-01  1.14261149E-03
2.53290606E-01  1.22872710E-01  1.11273152E-03
2.53581578E-01  1.27645433E-01  1.15971104E-03
2.53872549E-01  1.24015592E-01  1.14574633E-03
2.54163521E-01  1.25535920E-01  1.15798321E-03
2.54454492E-01  1.23518668E-01  1.10783579E-03
2.54745463E-01  1.23787917E-01  1.10009289E-03
2.55036435E-01  1.22064404E-01  1.09927612E-03
2.55327406E-01  1.22553162E-01  1.15347758E-03
2.55618378E-01  1.21890597E-01  1.11019192E-03
2.55909349E-01  1.21969379E-01  1.10132236E-03
2.56200320E-01  1.21157706E-01  1.10559852E-03
2.56491292E-01  1.21474065E-01  1.07171701E-03
2.56782263E-01  1.20274968E-01  1.12943142E-03
2.57073235E-01  1.19425111E-01  1.08074350E-03
2.57364206E-01  1.21082634E-01  1.14211428E-03
2.57655177E-01  1.19448133E-01  1.09309587E-03
2.57946149E-01  1.19287819E-01  1.09875598E-03
2.58237120E-01  1.18075520E-01  1.11369742E-03
2.58528092E-01  1.17973171E-01  1.10604975E-03
2.58819063E-01  1.16056159E-01  1.08659873E-03
2.59110034E-01  1.18140206E-01  1.04694383E-03
2.59401006E-01  1.17268711E-01  1.07733393E-03
2.59691977E-01  1.16988830E-01  1.10382575E-03
2.59982949E-01  1.16734438E-01  1.08640839E-03
2.60273920E-01  1.14715084E-01  1.08278182E-03
2.60564891E-01  1.15231730E-01  1.06937613E-03
2.60855863E-01  1.15136206E-01  1.07335765E-03
2.61146834E-01  1.16351731E-01  1.06068875E-03
2.61437806E-01  1.15679495E-01  1.05375284E-03
2.61728777E-01  1.14047371E-01  1.06936332E-03
2.62019748E-01  1.13316104E-01  1.07780821E-03
2.62310720E-01  1.13035791E-01  1.03053451E-03
2.62601691E-01  1.14306852E-01  1.06049830E-03
2.62892663E-01  1.13378808E-01  1.05837756E-03
2.63183634E-01  1.12892881E-01  1.04802800E-03
2.63474606E-01  1.15479171E-01  1.05867744E-03
2.63765577E-01  1.13662258E-01  1.07835454E-03
2.64056548E-01  1.14521749E-01  1.04489515E-03
2.64347520E-01  1.13234818E-01  1.04623369E-03
2.64638491E-01  1.13293745E-01  1.05435576E-03
2.64929463E-01  1.13332368E-01  1.06580614E-03
2.65220434E-01  1.12296306E-01  1.07032387E-03
2.65511405E-01  1.15775615E-01  1.06016081E-03
2.65802377E-01  1.14735991E-01  1.06142508E-03
2.66093348E-01  1.13034233E-01  1.04990823E-03
2.66384320E-01  1.14583202E-01  1.06894609E-03
2.66675291E-01  1.13222919E-01  1.04186975E-03
2.66966262E-01  1.15088880E-01  1.06754235E-03
2.67257234E-01  1.15033127E-01  1.05255423E-03
2.67548205E-01  1.12949468E-01  1.03807240E-03
2.67839177E-01  1.14953861E-01  1.09752687E-03
2.68130148E-01  1.12942629E-01  1.03927613E-03
2.68421119E-01  1.15331769E-01  1.06920244E-03
2.68712091E-01  1.12354793E-01  1.05711527E-03
2.69003062E-01  1.10993743E-01  1.04066846E-03
2.69294034E-01  1.12599120E-01  1.03091565E-03
2.69585005E-01  1.14571750E-01  1.03444792E-03
2.69875976E-01  1.12483695E-01  1.05724833E-03
2.70166948E-01  1.11971267E-01  1.03710929E-03
2.70457919E-01  1.13167010E-01  1.01765140E-03
2.70748891E-01  1.14109822E-01  1.04258198E-03
2.71039862E-01  1.12634040E-01  1.04426185E-03
2.71330833E-01  1.13269664E-01  1.05587486E-03
2.71621805E-01  1.13465451E-01  1.04894047E-03
2.71912776E-01  1.14787474E-01  1.01023004E-03
2.72203748E-01  1.12826116E-01  1.01956318E-03
2.72494719E-01  1.11970007E-01  1.05002488E-03
2.72785690E-01  1.14535309E-01  1.08210975E-03
2.73076662E-01  1.13277256E-01  1.03384117E-03
2.73367633E-01  1.12332918E-01  1.03400578E-03
2.73658605E-01  1.15231238E-01  1.07165240E-03
2.73949576E-01  1.15454458E-01  1.07140793E-03
2.74240547E-01  1.15566038E-01  1.04313623E-03
2.74531519E-01  1.14201769E-01  1.03089062E-03
2.74822490E-01  1.14049345E-01  1.03334256E-03
2.75113462E-01  1.14012763E-01  1.04119244E-03
2.75404433E-01  1.13652535E-01  1.03388040E-03
2.75695404E-01  1.12908594E-01  1.03705539E-03
2.75986376E-01  1.14522852E-01  1.03699800E-03
2.76277347E-01  1.14691950E-01  1.02824403E-03
2.76568319E-01  1.13866590E-01  1.05810177E-03
2.76859290E-01  1.13826126E-01  1.00470078E-03
2.77150261E-01  1.13142043E-01  1.04073831E-03
2.77441233E-01  1.14169016E-01  1.04604301E-03
2.77732204E-01  1.13764271E-01  1.04396080E-03
2.78023176E-01  1.12428792E-01  1.02490117E-03
2.78314147E-01  1.15081429E-01  1.03698450E-03
2.78605118E-01  1.13077059E-01  1.03735982E-03
2.78896090E-01  1.11975744E-01  9.95485578E-04
2.79187061E-01  1.11639030E-01  1.04639027E-03
2.79478033E-01  1.13789469E-01  1.03137293E-03
2.79769004E-01  1.11834995E-01  1.00722094E-03
2.80059975E-01  1.14079408E-01  1.00789347E-03
2.80350947E-01  1.13044456E-01  1.00390986E-03
2.80641918E-01  1.11091696E-01  1.01419899E-03
2.80932890E-01  1.11798890E-01  9.98290721E-04
2.81223861E-01  1.10282592E-01  1.04682567E-03
2.81514833E-01  1.10889345E-01  1.00418925E-03
2.81805804E-01  1.12164982E-01  1.00048445E-03
2.82096775E-01  1.14907324E-01  1.05096586E-03
2.82387747E-01  1.12629436E-01  1.01883418E-03
2.82678718E-01  1.12104163E-01  1.04753813E-03
2.82969690E-01  1.12132475E-01  1.01274811E-03
2.83260661E-01  1.11792654E-01  1.06034265E-03
2.83551632E-01  1.12487182E-01  1.03712839E-03
2.83842604E-01  1.11065976E-01  1.02935173E-03
2.84133575E-01  1.11630797E-01  1.02013361E-03
2.84424547E-01  1.12029128E-01  1.06098677E-03
2.84715518E-01  1.12985626E-01  1.04468991E-03
2.85006489E-01  1.12320215E-01  1.05721375E-03
2.85297461E-01  1.12724461E-01  1.05743657E-03
2.85588432E-01  1.09174751E-01  1.02963916E-03
2.85879404E-01  1.13702625E-01  1.06905052E-03
2.86170375E-01  1.10168889E-01  1.03031949E-03
2.86461346E-01  1.11144111E-01  1.04456802E-03
2.86752318E-01  1.10685088E-01  1.04886829E-03
2.87043289E-01  1.11194722E-01  1.05997175E-03
2.87334261E-01  1.09870382E-01  1.07014598E-03
2.87625232E-01  1.11128770E-01  1.06264616E-03
2.87916203E-01  1.12903111E-01  1.07683952E-03
2.88207175E-01  1.11906506E-01  1.03899417E-03
2.88498146E-01  1.12927094E-01  1.08434388E-03
2.88789118E-01  1.11413807E-01  1.04042410E-03
2.89080089E-01  1.11526474E-01  1.06235535E-03
2.89371060E-01  1.13691673E-01  1.05584913E-03
2.89662032E-01  1.10849105E-01  1.06563081E-03
2.89953003E-01  1.13011099E-01  1.07762893E-03
2.90243975E-01  1.13206618E-01  1.09154556E-03
2.90534946E-01  1.12215482E-01  1.06876460E-03
2.90825917E-01  1.13582917E-01  1.07415998E-03
2.91116889E-01  1.13889106E-01  1.08074211E-03
2.91407860E-01  1.13079570E-01  1.08392397E-03
2.91698832E-01  1.11635730E-01  1.08757243E-03
2.91989803E-01  1.11440390E-01  1.03537459E-03
2.92280774E-01  1.11571997E-01  1.04327267E-03
2.92571746E-01  1.10766418E-01  1.01716374E-03
2.92862717E-01  1.09243289E-01  1.03095861E-03
2.93153689E-01  1.10845573E-01  1.03009969E-03
2.93444660E-01  1.12884954E-01  1.03859464E-03
2.93735631E-01  1.11926772E-01  1.04933721E-03
2.94026603E-01  1.13360882E-01  1.09010690E-03
2.94317574E-01  1.12320237E-01  1.03972468E-03
2.94608546E-01  1.11288160E-01  1.06902898E-03
2.94899517E-01  1.10845283E-01  1.05326530E-03
2.95190488E-01  1.13683954E-01  1.08548882E-03
2.95481460E-01  1.11076184E-01  1.08174735E-03
2.95772431E-01  1.13500163E-01  1.06468063E-03
2.96063403E-01  1.14628434E-01  1.08350057E-03
2.96354374E-01  1.10703543E-01  1.06450939E-03
2.96645345E-01  1.12422600E-01  1.06503244E-03
2.96936317E-01  1.12085439E-01  1.07666547E-03
2.97227288E-01  1.11139990E-01  1.06270739E-03
2.97518260E-01  1.12655073E-01  1.08029298E-03
2.97809231E-01  1.13739789E-01  1.05250301E-03
2.98100202E-01  1.12188973E-01  1.07642531E-03
2.98391174E-01  1.10346101E-01  1.04860368E-03
2.98682145E-01  1.11368716E-01  1.05424761E-03
2.98973117E-01  1.14380404E-01  1.11040648E-03
2.99264088E-01  1.11628160E-01  1.03560311E-03
2.99555059E-01  1.11025706E-01  1.05763110E-03
2.99846031E-01  1.12461694E-01  1.06581743E-03
3.00137002E-01  1.13046110E-01  1.05166750E-03
3.00427974E-01  1.11847468E-01  1.06760778E-03
3.00718945E-01  1.12613052E-01  1.05996768E-03
3.01009917E-01  1.12806655E-01  1.06949417E-03
3.01300888E-01  1.12115361E-01  1.07188127E-03
3.01591859E-01  1.11885816E-01  1.04690692E-03
3.01882831E-01  1.12913713E-01  1.06458017E-03
3.02173802E-01  1.13190047E-01  1.06166373E-03
3.02464774E-01  1.13200128E-01  1.08843169E-03
3.02755745E-01  1.12945765E-01  1.05878781E-03
3.03046716E-01  1.15687586E-01  1.06388156E-03
3.03337688E-01  1.11657426E-01  1.10926293E-03
3.03628659E-01  1.12762891E-01  1.06261182E-03
3.03919631E-01  1.11950889E-01  1.06663606E-03
3.04210602E-01  1.11517169E-01  1.05766137E-03
3.04501573E-01  1.12848908E-01  1.05321710E-03
3.04792545E-01  1.12426132E-01  1.06990675E-03
3.05083516E-01  1.11439049E-01  1.04007241E-03
3.05374488E-01  1.10843785E-01  1.08179869E-03
3.05665459E-01  1.12568446E-01  1.08278508E-03
3.05956430E-01  1.11356862E-01  1.06487516E-03
3.06247402E-01  1.11336350E-01  1.05440232E-03
3.06538373E-01  1.10977240E-01  1.08011474E-03
3.06829345E-01  1.14352666E-01  1.07510691E-03
3.07120316E-01  1.12601481E-01  1.05512305E-03
3.07411287E-01  1.11178346E-01  1.05273223E-03
3.07702259E-01  1.13894209E-01  1.08413934E-03
3.07993230E-01  1.11493140E-01  1.03517435E-03
3.08284202E-01  1.12810463E-01  1.07200281E-03
3.08575173E-01  1.12196244E-01  1.04113726E-03
3.08866144E-01  1.12986401E-01  1.05411781E-03
3.09157116E-01  1.12766959E-01  1.05828803E-03
3.09448087E-01  1.13295428E-01  1.04575360E-03
3.09739059E-01  1.13344438E-01  1.08211359E-03
3.10030030E-01  1.12707578E-01  1.06007268E-03
3.10321001E-01  1.12927310E-01  1.05228496E-03
3.10611973E-01  1.12545945E-01  1.04067556E-03
3.10902944E-01  1.09913401E-01  1.03562290E-03
3.11193916E-01  1.11590922E-01  1.05561630E-03
3.11484887E-01  1.12178393E-01  1.07073435E-03
3.11775858E-01  1.12352468E-01  1.07759191E-03
3.12066830E-01  1.12332404E-01  1.10541936E-03
3.12357801E-01  1.13431856E-01  1.07264775E-03
3.12648773E-01  1.13376476E-01  1.12769101E-03
3.12939744E-01  1.11380279E-01  1.07134588E-03
3.13230715E-01  1.12122469E-01  1.06103881E-03
3.13521687E-01  1.11910515E-01  1.10503973E-03
3.13812658E-01  1.11841515E-01  1.08435017E-03
3.14103630E-01  1.11841410E-01  1.09709380E-03
3.14394601E-01  1.12211868E-01  1.11516903E-03
3.14685572E-01  1.12177484E-01  1.09885284E-03
3.14976544E-01  1.13308541E-01  1.11189531E-03
3.15267515E-01  1.12633556E-01  1.12067361E-03
3.15558487E-01  1.13215938E-01  1.09248888E-03
3.15849458E-01  1.10461310E-01  1.10358698E-03
3.16140429E-01  1.13142744E-01  1.13751506E-03
3.16431401E-01  1.14433736E-01  1.14339369E-03
3.16722372E-01  1.13790497E-01  1.12032518E-03
3.17013344E-01  1.10896073E-01  1.10004062E-03
3.17304315E-01  1.11410037E-01  1.09894329E-03
3.17595286E-01  1.11094669E-01  1.10218953E-03
3.17886258E-01  1.12168700E-01  1.12518668E-03
3.18177229E-01  1.12289898E-01  1.15330785E-03
3.18468201E-01  1.12549856E-01  1.14076806E-03
3.18759172E-01  1.10432163E-01  1.14733889E-03
3.19050144E-01  1.12801149E-01  1.12439226E-03
3.19341115E-01  1.13718346E-01  1.14496425E-03
3.19632086E-01  1.11525506E-01  1.12390402E-03
3.19923058E-01  1.11887351E-01  1.12761336E-03
3.20214029E-01  1.11311972E-01  1.13608793E-03
3.20505001E-01  1.13241740E-01  1.12074870E-03
3.20795972E-01  1.09871060E-01  1.13458128E-03
3.21086943E-01  1.12510353E-01  1.12148200E-03
3.21377915E-01  1.11985154E-01  1.11568067E-03
3.21668886E-01  1.11386992E-01  1.13002246E-03
3.21959858E-01  1.13756604E-01  1.11353607E-03
3.22250829E-01  1.11219727E-01  1.14773703E-03
3.22541800E-01  1.11794509E-01  1.11911481E-03
3.22832772E-01  1.12150140E-01  1.10844523E-03
3.23123743E-01  1.14098869E-01  1.16824312E-03
3.23414715E-01  1.13296814E-01  1.14762015E-03
3.23705686E-01  1.13443933E-01  1.18926424E-03
3.23996657E-01  1.10005148E-01  1.12926867E-03
3.24287629E-01  1.12484924E-01  1.13785826E-03
3.24578600E-01  1.13162801E-01  1.13731914E-03
3.24869572E-01  1.13390498E-01  1.12557109E-03
3.25160543E-01  1.12174205E-01  1.14110648E-03
3.25451514E-01  1.11213453E-01  1.15297886E-03
3.25742486E-01  1.12680130E-01  1.13744708E-03
3.26033457E-01  1.12056918E-01  1.14175142E-03
3.26324429E-01  1.13247506E-01  1.16199418E-03
3.26615400E-01  1.11405566E-01  1.15853455E-03
3.26906371E-01  1.10823624E-01  1.11017341E-03
3.27197343E-01  1.10729061E-01  1.15345558E-03
3.27488314E-01  1.10795118E-01  1.16027729E-03
3.27779286E-01  1.12187125E-01  1.14154757E-03
3.28070257E-01  1.10721901E-01  1.11829524E-03
3.28361228E-01  1.13025703E-01  1.13435101E-03
3.28652200E-01  1.13873355E-01  1.14781584E-03
3.28943171E-01  1.13646805E-01  1.15217513E-03
3.29234143E-01  1.11106224E-01  1.14043488E-03
3.29525114E-01  1.13137148E-01  1.14911061E-03
3.29816085E-01  1.12328455E-01  1.15058885E-03
3.30107057E-01  1.11129522E-01  1.15320529E-03
3.30398028E-01  1.11937910E-01  1.17518357E-03
3.30689000E-01  1.13518916E-01  1.16960250E-03
3.30979971E-01  1.13305531E-01  1.14161416E-03
3.31270942E-01  1.12010717E-01  1.13120768E-03
3.31561914E-01  1.13257930E-01  1.17897126E-03
3.31852885E-01  1.14416279E-01  1.20272383E-03
3.32143857E-01  1.13389395E-01  1.18227210E-03
3.32434828E-01  1.12328246E-01  1.14966417E-03
3.32725799E-01  1.11365713E-01  1.16995862E-03
3.33016771E-01  1.12830788E-01  1.13170093E-03
3.33307742E-01  1.11639611E-01  1.14457158E-03
3.33598714E-01  1.13305569E-01  1.15539145E-03
3.33889685E-01  1.13345273E-01  1.13017508E-03
3.34180656E-01  1.16054803E-01  1.16953067E-03
3.34471628E-01  1.14373460E-01  1.17031031E-03
3.34762599E-01  1.13490611E-01  1.17412757E-03
3.35053571E-01  1.13393404E-01  1.14003930E-03
3.35344542E-01  1.13907002E-01  1.16495672E-03
3.35635513E-01  1.12483487E-01  1.14891410E-03
3.35926485E-01  1.13404348E-01  1.13640749E-03
3.36217456E-01  1.12643242E-01  1.15624920E-03
3.36508428E-01  1.12884916E-01  1.17061613E-03
3.36799399E-01  1.11995310E-01  1.15500134E-03
3.37090370E-01  1.13034017E-01  1.16528524E-03
3.37381342E-01  1.12456277E-01  1.14392035E-03
3.37672313E-01  1.12307444E-01  1.17187004E-03
3.37963285E-01  1.12408012E-01  1.11268577E-03
3.38254256E-01  1.11481734E-01  1.17062649E-03
3.38545228E-01  1.13437548E-01  1.18861650E-03
3.38836199E-01  1.15660846E-01  1.17067015E-03
3.39127170E-01  1.15146421E-01  1.16467453E-03
3.39418142E-01  1.14769623E-01  1.16765278E-03
3.39709113E-01  1.13671251E-01  1.15509506E-03
3.40000085E-01  1.14254430E-01  1.19207834E-03
3.40291056E-01  1.14956141E-01  1.17995020E-03
3.40582027E-01  1.14037693E-01  1.15910452E-03
3.40872999E-01  1.14754282E-01  1.15816854E-03
3.41163970E-01  1.13300093E-01  1.13298290E-03
3.41454942E-01  1.15878128E-01  1.19592610E-03
3.41745913E-01  1.14137873E-01  1.16703345E-03
3.42036884E-01  1.16126642E-01  1.18000165E-03
3.42327856E-01  1.13389261E-01  1.19021139E-03
3.42618827E-01  1.14531830E-01  1.17719360E-03
3.42909799E-01  1.12936698E-01  1.13618409E-03
3.43200770E-01  1.12050995E-01  1.16570306E-03
3.43491741E-01  1.12562269E-01  1.17909571E-03
3.43782713E-01  1.13608591E-01  1.17507146E-03
3.44073684E-01  1.13863006E-01  1.18491868E-03
3.44364656E-01  1.12528920E-01  1.15373975E-03
3.44655627E-01  1.14507437E-01  1.19641761E-03
3.44946598E-01  1.12740494E-01  1.15916063E-03
3.45237570E-01  1.13636069E-01  1.14739931E-03
3.45528541E-01  1.13369733E-01  1.17875473E-03
3.45819513E-01  1.14119485E-01  1.19770609E-03
3.46110484E-01  1.12753905E-01  1.17147237E-03
3.46401455E-01  1.10303938E-01  1.17392046E-03
3.46692427E-01  1.11569047E-01  1.12588529E-03
3.46983398E-01  1.12626188E-01  1.15388643E-03
3.47274370E-01  1.13315865E-01  1.15338666E-03
3.47565341E-01  1.11908540E-01  1.17718638E-03
3.47856312E-01  1.12293288E-01  1.17642141E-03
3.48147284E-01  1.14245959E-01  1.14980945E-03
3.48438255E-01  1.14261575E-01  1.20006758E-03
3.48729227E-01  1.11713350E-01  1.13905862E-03
3.49020198E-01  1.11486554E-01  1.15338061E-03
3.49311169E-01  1.10910326E-01  1.15241762E-03
3.49602141E-01  1.11866333E-01  1.18895154E-03
3.49893112E-01  1.11565694E-01  1.16544287E-03
3.50184084E-01  1.13293201E-01  1.14723353E-03
3.50475055E-01  1.10715963E-01  1.14379788E-03
3.50766026E-01  1.11280128E-01  1.17404747E-03
3.51056998E-01  1.11138299E-01  1.14560104E-03
3.51347969E-01  1.11452371E-01  1.15245779E-03
3.51638941E-01  1.11358985E-01  1.15002145E-03
3.51929912E-01  1.10139817E-01  1.16522808E-03
3.52220883E-01  1.11119047E-01  1.14973134E-03
3.52511855E-01  1.10339798E-01  1.17227086E-03
3.52802826E-01  1.08818911E-01  1.16633123E-03
3.53093798E-01  1.09713472E-01  1.14756415E-03
3.53384769E-01  1.08600512E-01  1.12639077E-03
3.53675740E-01  1.10188529E-01  1.15035404E-03
3.53966712E-01  1.10054165E-01  1.14948908E-03
3.54257683E-01  1.10585406E-01  1.16801576E-03
3.54548655E-01  1.07569247E-01  1.16653298E-03
3.54839626E-01  1.09700032E-01  1.14980584E-03
3.55130597E-01  1.09508365E-01  1.17044034E-03
3.55421569E-01  1.08379520E-01  1.14750245E-03
3.55712540E-01  1.09578282E-01  1.13347813E-03
3.56003512E-01  1.07243396E-01  1.17651385E-03
3.56294483E-01  1.09556712E-01  1.15349505E-03
3.56585455E-01  1.11090519E-01  1.15830393E-03
3.56876426E-01  1.08554423E-01  1.13754557E-03
3.57167397E-01  1.07944056E-01  1.11826963E-03
3.57458369E-01  1.10015966E-01  1.16443995E-03
3.57749340E-01  1.08714297E-01  1.14764553E-03
3.58040312E-01  1.09255105E-01  1.16493052E-03
3.58331283E-01  1.09694600E-01  1.16687315E-03
3.58622254E-01  1.07003920E-01  1.11923821E-03
3.58913226E-01  1.06058620E-01  1.11546041E-03
3.59204197E-01  1.07124843E-01  1.12038990E-03
3.59495169E-01  1.04702763E-01  1.13305484E-03
3.59786140E-01  1.06817603E-01  1.15290901E-03
3.60077111E-01  1.08113341E-01  1.15044985E-03
3.60368083E-01  1.08136609E-01  1.17405807E-03
3.60659054E-01  1.07811160E-01  1.14584749E-03
3.60950026E-01  1.09196201E-01  1.17407390E-03
3.61240997E-01  1.06721006E-01  1.12570543E-03
3.61531968E-01  1.06271736E-01  1.13245088E-03
3.61822940E-01  1.06906392E-01  1.15548668E-03
3.62113911E-01  1.07781269E-01  1.13476743E-03
3.62404883E-01  1.05658017E-01  1.17755914E-03
3.62695854E-01  1.06605947E-01  1.12723233E-03
3.62986825E-01  1.06663659E-01  1.15301460E-03
3.63277797E-01  1.08171746E-01  1.15878100E-03
3.63568768E-01  1.09608568E-01  1.15594885E-03
3.63859740E-01  1.05125979E-01  1.17091695E-03
3.64150711E-01  1.05452821E-01  1.13511865E-03
3.64441682E-01  1.06478065E-01  1.18594535E-03
3.64732654E-01  1.06793769E-01  1.15552393E-03
3.65023625E-01  1.04634337E-01  1.14821421E-03
3.65314597E-01  1.04188167E-01  1.13015738E-03
3.65605568E-01  1.06124826E-01  1.13497942E-03
3.65896539E-01  1.07640475E-01  1.17725949E-03
3.66187511E-01  1.06995091E-01  1.13250909E-03
3.66478482E-01  1.05306230E-01  1.13484438E-03
3.66769454E-01  1.06059790E-01  1.13769178E-03
3.67060425E-01  1.05278090E-01  1.13386358E-03
3.67351396E-01  1.09065875E-01  1.15805515E-03
3.67642368E-01  1.07994936E-01  1.15141913E-03
3.67933339E-01  1.07412897E-01  1.13800156E-03
3.68224311E-01  1.05923876E-01  1.14224746E-03
3.68515282E-01  1.05477847E-01  1.12234510E-03
3.68806253E-01  1.07101731E-01  1.15779450E-03
3.69097225E-01  1.05202794E-01  1.14634063E-03
3.69388196E-01  1.05296984E-01  1.14419998E-03
3.69679168E-01  1.05710372E-01  1.14671036E-03
3.69970139E-01  1.05589733E-01  1.18345337E-03
3.70261110E-01  1.06894866E-01  1.11985672E-03
3.70552082E-01  1.06248923E-01  1.13130151E-03
3.70843053E-01  1.05356015E-01  1.16493518E-03
3.71134025E-01  1.05822042E-01  1.14192162E-03
3.71424996E-01  1.03487782E-01  1.14222767E-03
3.71715967E-01  1.04454197E-01  1.14618638E-03
3.72006939E-01  1.03017800E-01  1.12806994E-03
3.72297910E-01  1.04374997E-01  1.15109200E-03
3.72588882E-01  1.04287624E-01  1.10539922E-03
3.72879853E-01  1.04897507E-01  1.13526650E-03
3.73170824E-01  1.05730332E-01  1.14421535E-03
3.73461796E-01  1.06356658E-01  1.12228410E-03
3.73752767E-01  1.06501520E-01  1.15596445E-03
3.74043739E-01  1.04656361E-01  1.16204261E-03
3.74334710E-01  1.05664432E-01  1.15700031E-03
3.74625681E-01  1.05046086E-01  1.13610947E-03
3.74916653E-01  1.05377510E-01  1.16301200E-03
3.75207624E-01  1.03109196E-01  1.14264362E-03
3.75498596E-01  1.04140572E-01  1.14693749E-03
3.75789567E-01  1.04445823E-01  1.17313070E-03
3.76080539E-01  1.05699100E-01  1.15317688E-03
3.76371510E-01  1.02392152E-01  1.13498047E-03
3.76662481E-01  1.04447871E-01  1.12569390E-03
3.76953453E-01  1.04814991E-01  1.13496918E-03
3.77244424E-01  1.06024384E-01  1.17488450E-03
3.77535396E-01  1.04982831E-01  1.12199271E-03
3.77826367E-01  1.03669219E-01  1.13359967E-03
3.78117338E-01  1.02891430E-01  1.12981116E-03
3.78408310E-01  1.05711743E-01  1.16390397E-03
3.78699281E-01  1.03416592E-01  1.17957627E-03
3.78990253E-01  1.04086183E-01  1.16459513E-03
3.79281224E-01  1.04835145E-01  1.15342624E-03
3.79572195E-01  1.05028212E-01  1.13113108E-03
3.79863167E-01  1.03329867E-01  1.16463867E-03
3.80154138E-01  1.04421094E-01  1.11779908E-03
3.80445110E-01  1.04078971E-01  1.10773148E-03
3.80736081E-01  1.01273090E-01  1.09868066E-03
3.81027052E-01  1.02400519E-01  1.11777382E-03
3.81318024E-01  1.04061268E-01  1.15549716E-03
3.81608995E-01  1.04662657E-01  1.15323614E-03
3.81899967E-01  1.05922163E-01  1.18030666E-03
3.82190938E-01  1.04308471E-01  1.18307734E-03
3.82481909E-01  1.06356740E-01  1.18227385E-03
3.82772881E-01  1.06567673E-01  1.18372112E-03
3.83063852E-01  1.03333704E-01  1.12688693E-03
3.83354824E-01  1.05533794E-01  1.14920398E-03
3.83645795E-01  1.03913061E-01  1.19168486E-03
3.83936766E-01  1.04581930E-01  1.12360297E-03
3.84227738E-01  1.04270145E-01  1.17103697E-03
3.84518709E-01  1.03839509E-01  1.15586200E-03
3.84809681E-01  1.01942457E-01  1.17137516E-03
3.85100652E-01  1.02455400E-01  1.09328725E-03
3.85391623E-01  1.04375020E-01  1.13092270E-03
3.85682595E-01  1.05982125E-01  1.16803322E-03
3.85973566E-01  1.04252957E-01  1.15811848E-03
3.86264538E-01  1.06121220E-01  1.14758033E-03
3.86555509E-01  1.05967417E-01  1.14522979E-03
3.86846480E-01  1.03780173E-01  1.13239954E-03
3.87137452E-01  1.02475435E-01  1.14702259E-03
3.87428423E-01  1.04029678E-01  1.11117295E-03
3.87719395E-01  1.02539249E-01  1.13831542E-03
3.88010366E-01  1.02936365E-01  1.10876269E-03
3.88301337E-01  1.05437949E-01  1.15729054E-03
3.88592309E-01  1.04039527E-01  1.16175693E-03
3.88883280E-01  1.06439054E-01  1.15951581E-03
3.89174252E-01  1.05001919E-01  1.15705177E-03
3.89465223E-01  1.06005497E-01  1.11758884E-03
3.89756194E-01  1.04729511E-01  1.17923389E-03
3.90047166E-01  1.03746094E-01  1.13892544E-03
3.90338137E-01  1.02892786E-01  1.12684316E-03
3.90629109E-01  1.03854276E-01  1.17353478E-03
3.90920080E-01  1.04463764E-01  1.17456599E-03
3.91211051E-01  1.04118451E-01  1.14012894E-03
3.91502023E-01  1.03000179E-01  1.14977057E-03
3.91792994E-01  1.03699662E-01  1.17792143E-03
3.92083966E-01  1.04397215E-01  1.15442823E-03
3.92374937E-01  1.05410494E-01  1.11229310E-03
3.92665908E-01  1.05239421E-01  1.15602638E-03
3.92956880E-01  1.03973985E-01  1.13069918E-03
3.93247851E-01  1.04722112E-01  1.14716217E-03
3.93538823E-01  1.01832569E-01  1.15241227E-03
3.93829794E-01  1.03873476E-01  1.14755018E-03
3.94120766E-01  1.03310905E-01  1.13920460E-03
3.94411737E-01  1.04703419E-01  1.17914029E-03
3.94702708E-01  1.04882926E-01  1.13659713E-03
3.94993680E-01  1.05476491E-01  1.12739124E-03
3.95284651E-01  1.05440661E-01  1.17582059E-03
3.95575623E-01  1.04703672E-01  1.13404426E-03
3.95866594E-01  1.03881806E-01  1.15544291E-03
3.96157565E-01  1.03419945E-01  1.16082141E-03
3.96448537E-01  1.05199687E-01  1.18712510E-03
3.96739508E-01  1.05620995E-01  1.13689795E-03
3.97030480E-01  1.02330424E-01  1.13016611E-03
3.97321451E-01  1.01033390E-01  1.12299074E-03
3.97612422E-01  1.04662694E-01  1.10813067E-03
3.97903394E-01  1.01950295E-01  1.14696415E-03
3.98194365E-01  1.04074225E-01  1.11630664E-03
3.98485337E-01  1.05270475E-01  1.16500980E-03
3.98776308E-01  1.05405368E-01  1.17299985E-03
3.99067279E-01  1.06227770E-01  1.18277478E-03
3.99358251E-01  1.07399903E-01  1.18836469E-03
3.99649222E-01  1.05807118E-01  1.17506378E-03
3.99940194E-01  1.03106000E-01  1.14397064E-03
4.00231165E-01  1.05402783E-01  1.19479687E-03
4.00522136E-01  1.05940886E-01  1.15317269E-03
4.00813108E-01  1.04419217E-01  1.16483343E-03
4.01104079E-01  1.05510384E-01  1.17292814E-03
4.01395051E-01  1.03255562E-01  1.14683213E-03
4.01686022E-01  1.02539711E-01  1.13251118E-03
4.01976993E-01  1.03841491E-01  1.16098754E-03
4.02267965E-01  1.03538364E-01  1.15623209E-03
4.02558936E-01  1.03455603E-01  1.16343470E-03
4.02849908E-01  1.04959592E-01  1.15296291E-03
4.03140879E-01  1.03865281E-01  1.15647283E-03
4.03431850E-01  1.04478970E-01  1.14711735E-03
4.03722822E-01  1.04876444E-01  1.18346582E-03
4.04013793E-01  1.04056947E-01  1.18194893E-03
4.04304765E-01  1.03178076E-01  1.15509343E-03
4.04595736E-01  1.02334179E-01  1.18463254E-03
4.04886707E-01  1.02422379E-01  1.13471958E-03
4.05177679E-01  1.01858728E-01  1.14254979E-03
4.05468650E-01  1.05333723E-01  1.18228083E-03
4.05759622E-01  1.06299743E-01  1.16666313E-03
4.06050593E-01  1.03125915E-01  1.16954464E-03
4.06341564E-01  1.02425970E-01  1.13973545E-03
4.06632536E-01  1.03818610E-01  1.13036530E-03
4.06923507E-01  1.04661249E-01  1.16355345E-03
4.07214479E-01  1.02047913E-01  1.09836587E-03
4.07505450E-01  1.04185149E-01  1.16654718E-03
4.07796421E-01  1.04830325E-01  1.16734800E-03
4.08087393E-01  1.05211571E-01  1.16558594E-03
4.08378364E-01  1.05506070E-01  1.13368186E-03
4.08669336E-01  1.04774460E-01  1.15477655E-03
4.08960307E-01  1.04223981E-01  1.16306951E-03
4.09251278E-01  1.03175230E-01  1.14384980E-03
4.09542250E-01  1.04089454E-01  1.19210035E-03
4.09833221E-01  1.03740700E-01  1.10739435E-03
4.10124193E-01  1.02847137E-01  1.16557896E-03
4.10415164E-01  1.03606485E-01  1.14594761E-03
4.10706135E-01  1.04268178E-01  1.14413456E-03
4.10997107E-01  1.03950046E-01  1.14596577E-03
4.11288078E-01  1.03007123E-01  1.12581090E-03
4.11579050E-01  1.02944210E-01  1.12990919E-03
4.11870021E-01  1.03280336E-01  1.17521547E-03
4.12160992E-01  1.01128705E-01  1.09777425E-03
4.12451964E-01  1.00834765E-01  1.10064028E-03
4.12742935E-01  1.03385009E-01  1.14013895E-03
4.13033907E-01  1.03405617E-01  1.10773451E-03
4.13324878E-01  1.02913283E-01  1.11751177E-03
4.13615850E-01  1.02441631E-01  1.12963584E-03
4.13906821E-01  9.94905233E-02  1.11367274E-03
4.14197792E-01  1.02234200E-01  1.14466122E-03
4.14488764E-01  1.02677628E-01  1.12797355E-03
4.14779735E-01  1.03912823E-01  1.16089510E-03
4.15070707E-01  1.02518924E-01  1.14943623E-03
4.15361678E-01  1.04004420E-01  1.12679065E-03
4.15652649E-01  1.02950461E-01  1.15348550E-03
4.15943621E-01  1.02738634E-01  1.09252625E-03
4.16234592E-01  1.02382705E-01  1.11988536E-03
4.16525564E-01  1.04388863E-01  1.15568237E-03
4.16816535E-01  1.01193279E-01  1.12404826E-03
4.17107506E-01  1.03791200E-01  1.12090551E-03
4.17398478E-01  1.04084268E-01  1.14243047E-03
4.17689449E-01  1.00268513E-01  1.10391108E-03
4.17980421E-01  1.02131493E-01  1.14229799E-03
4.18271392E-01  1.00959495E-01  1.11579814E-03
4.18562363E-01  1.01560853E-01  1.12834654E-03
4.18853335E-01  1.01398729E-01  1.12842745E-03
4.19144306E-01  1.01504087E-01  1.12240668E-03
4.19435278E-01  1.02071263E-01  1.15463941E-03
4.19726249E-01  1.02811836E-01  1.14404387E-03
4.20017220E-01  1.01777211E-01  1.15836121E-03
4.20308192E-01  1.01158686E-01  1.12158793E-03
4.20599163E-01  9.95199904E-02  1.14326621E-03
4.20890135E-01  1.00289293E-01  1.11386448E-03
4.21181106E-01  1.01152897E-01  1.15901476E-03
4.21472077E-01  1.00452609E-01  1.11145037E-03
4.21763049E-01  1.01791263E-01  1.13878096E-03
4.22054020E-01  1.01923175E-01  1.12040830E-03
4.22344992E-01  9.91845503E-02  1.10556965E-03
4.22635963E-01  1.00364797E-01  1.14554493E-03
4.22926934E-01  1.01682849E-01  1.14045176E-03
4.23217906E-01  1.00903504E-01  1.10976852E-03
4.23508877E-01  9.86152291E-02  1.12811348E-03
4.23799849E-01  9.79029760E-02  1.10214856E-03
4.24090820E-01  9.78055224E-02  1.08688301E-03
4.24381791E-01  9.78154987E-02  1.10109081E-03
4.24672763E-01  1.00547381E-01  1.10761949E-03
4.24963734E-01  9.79632437E-02  1.10777037E-03
4.25254706E-01  9.60468948E-02  1.08521432E-03
4.25545677E-01  9.67296883E-02  1.10280595E-03
4.25836648E-01  9.85202864E-02  1.07653229E-03
4.26127620E-01  9.69929695E-02  1.13798282E-03
4.26418591E-01  9.74460468E-02  1.09147036E-03
4.26709563E-01  9.60751325E-02  1.04959577E-03
4.27000534E-01  9.79359448E-02  1.14067213E-03
4.27291505E-01  9.58359838E-02  1.07996748E-03
4.27582477E-01  9.62219611E-02  1.10506057E-03
4.27873448E-01  9.69570950E-02  1.12954841E-03
4.28164420E-01  9.64966789E-02  1.09109969E-03
4.28455391E-01  9.66185033E-02  1.09551009E-03
4.28746362E-01  9.61218923E-02  1.09748670E-03
4.29037334E-01  9.49449539E-02  1.06212718E-03
4.29328305E-01  9.65752155E-02  1.07257604E-03
4.29619277E-01  9.78817642E-02  1.10232201E-03
4.29910248E-01  9.71094519E-02  1.04887225E-03
4.30201219E-01  9.41276699E-02  1.05267460E-03
4.30492191E-01  9.46402028E-02  1.06220483E-03
4.30783162E-01  9.62122157E-02  1.10470597E-03
4.31074134E-01  9.43613797E-02  1.07313367E-03
4.31365105E-01  9.44240019E-02  1.05698197E-03
4.31656077E-01  9.19038430E-02  1.06165733E-03
4.31947048E-01  9.43096355E-02  1.07905164E-03
4.32238019E-01  9.40930545E-02  1.10212178E-03
4.32528991E-01  9.58882794E-02  1.08048331E-03
4.32819962E-01  9.41026509E-02  1.05831574E-03
4.33110934E-01  9.33336467E-02  1.10204541E-03
4.33401905E-01  9.18640941E-02  1.06904621E-03
4.33692876E-01  9.56695974E-02  1.09318050E-03
4.33983848E-01  9.37648714E-02  1.06247189E-03
4.34274819E-01  9.34868008E-02  1.07401644E-03
4.34565791E-01  9.35051590E-02  1.08936778E-03
4.34856762E-01  9.27508250E-02  1.07361551E-03
4.35147733E-01  9.25009474E-02  1.07725360E-03
4.35438705E-01  9.36011076E-02  1.09715632E-03
4.35729676E-01  9.37243253E-02  1.07768876E-03
4.36020648E-01  9.20761898E-02  1.07247301E-03
4.36311619E-01  9.15021449E-02  1.04769703E-03
4.36602590E-01  9.13578197E-02  1.06323755E-03
4.36893562E-01  9.24148038E-02  1.08675205E-03
4.37184533E-01  9.27689597E-02  1.07823289E-03
4.37475505E-01  9.26072523E-02  1.06905005E-03
4.37766476E-01  9.01494250E-02  1.07544102E-03
4.38057447E-01  9.44359824E-02  1.08715880E-03
4.38348419E-01  9.20443609E-02  1.07474031E-03
4.38639390E-01  9.17081460E-02  1.06611487E-03
4.38930362E-01  9.24571976E-02  1.05381280E-03
4.39221333E-01  9.30126682E-02  1.08470127E-03
4.39512304E-01  9.19798687E-02  1.08875684E-03
4.39803276E-01  9.21330750E-02  1.07224332E-03
4.40094247E-01  9.32937041E-02  1.06076070E-03
4.40385219E-01  9.15611088E-02  1.05231849E-03
4.40676190E-01  9.20520127E-02  1.06088142E-03
4.40967161E-01  9.17681381E-02  1.07280503E-03
4.41258133E-01  9.18411091E-02  1.10125227E-03
4.41549104E-01  8.95193368E-02  1.06907322E-03
4.41840076E-01  9.31393355E-02  1.09314197E-03
4.42131047E-01  9.12986472E-02  1.09974504E-03
4.42422018E-01  9.20679569E-02  1.10786373E-03
4.42712990E-01  8.96352828E-02  1.08385237E-03
4.43003961E-01  9.14198011E-02  1.15950871E-03
4.43294933E-01  8.94070566E-02  1.15698157E-03
4.43585904E-01  8.96421671E-02  1.14432059E-03
4.43876875E-01  9.13603082E-02  1.12493651E-03
4.44167847E-01  9.12460163E-02  1.14159891E-03
4.44458818E-01  9.30027813E-02  1.15270249E-03
4.44749790E-01  9.24715996E-02  1.15779357E-03
4.45040761E-01  9.03317556E-02  1.16463413E-03
4.45331732E-01  9.11947712E-02  1.14315108E-03
4.45622704E-01  9.00943428E-02  1.12872082E-03
4.45913675E-01  8.97292793E-02  1.19796279E-03
4.46204647E-01  9.17646959E-02  1.21968868E-03
4.46495618E-01  9.22613814E-02  1.19018019E-03
4.46786589E-01  9.06963423E-02  1.18376582E-03
4.47077561E-01  9.29124132E-02  1.20726018E-03
4.47368532E-01  9.02997926E-02  1.25047727E-03
4.47659504E-01  9.05055776E-02  1.17836311E-03
4.47950475E-01  9.10604820E-02  1.22759433E-03
4.48241446E-01  9.23857987E-02  1.22241990E-03
4.48532418E-01  9.18710828E-02  1.18430599E-03
4.48823389E-01  9.26276743E-02  1.20444503E-03
4.49114361E-01  9.02463272E-02  1.22029171E-03
4.49405332E-01  9.06360671E-02  1.23720209E-03
4.49696303E-01  9.02403668E-02  1.25010114E-03
4.49987275E-01  9.06732231E-02  1.28579244E-03
4.50278246E-01  8.99705663E-02  1.28132256E-03
4.50569218E-01  8.91290382E-02  1.20811502E-03
4.50860189E-01  9.04165879E-02  1.27035053E-03
4.51151161E-01  8.92718360E-02  1.24126812E-03
4.51442132E-01  8.91496018E-02  1.23939081E-03
4.51733103E-01  9.08457339E-02  1.28045504E-03
4.52024075E-01  9.27055031E-02  1.28011836E-03
4.52315046E-01  9.23571065E-02  1.24949147E-03
4.52606018E-01  9.03299153E-02  1.21350843E-03
4.52896989E-01  8.86379033E-02  1.19006576E-03
4.53187960E-01  8.96796361E-02  1.14172918E-03
4.53478932E-01  9.05969664E-02  1.19485590E-03
4.53769903E-01  8.97303224E-02  1.20602257E-03
4.54060875E-01  9.13318694E-02  1.19823322E-03
4.54351846E-01  8.91660005E-02  1.16168417E-03
4.54642817E-01  8.95641297E-02  1.13747513E-03
4.54933789E-01  8.91429856E-02  1.15764979E-03
4.55224760E-01  8.95295963E-02  1.18435139E-03
4.55515732E-01  9.23769921E-02  1.21390750E-03
4.55806703E-01  9.07720551E-02  1.14669045E-03
4.56097674E-01  9.08730105E-02  1.17191044E-03
4.56388646E-01  9.26794261E-02  1.16507581E-03
4.56679617E-01  9.11671594E-02  1.17574749E-03
4.56970589E-01  9.11464915E-02  1.20076397E-03
4.57261560E-01  9.02052894E-02  1.17929175E-03
4.57552531E-01  9.02483240E-02  1.13171188E-03
4.57843503E-01  8.94444510E-02  1.10859249E-03
4.58134474E-01  8.95236135E-02  1.12342555E-03
4.58425446E-01  9.17473063E-02  1.13876013E-03
4.58716417E-01  9.14214253E-02  1.15333195E-03
4.59007388E-01  8.98347050E-02  1.16205239E-03
4.59298360E-01  9.09885392E-02  1.19294960E-03
4.59589331E-01  9.10194814E-02  1.18107104E-03
4.59880303E-01  9.09718871E-02  1.17297517E-03
4.60171274E-01  9.03188512E-02  1.15292799E-03
4.60462245E-01  9.13572162E-02  1.16560177E-03
4.60753217E-01  8.97436216E-02  1.20009645E-03
4.61044188E-01  8.89789239E-02  1.12833350E-03
4.61335160E-01  8.94966573E-02  1.09632395E-03
4.61626131E-01  9.20114368E-02  1.15591742E-03
4.61917102E-01  8.92608240E-02  1.12991501E-03
4.62208074E-01  8.83704573E-02  1.10389804E-03
4.62499045E-01  9.00388062E-02  1.12735911E-03
4.62790017E-01  8.97768959E-02  1.11403409E-03
4.63080988E-01  8.92813951E-02  1.12912990E-03
4.63371959E-01  9.06332135E-02  1.10767153E-03
4.63662931E-01  9.06365812E-02  1.13790820E-03
4.63953902E-01  9.05572698E-02  1.13209919E-03
4.64244874E-01  8.97450745E-02  1.15682103E-03
4.64535845E-01  8.96946639E-02  1.11070031E-03
4.64826816E-01  9.01305676E-02  1.12678669E-03
4.65117788E-01  9.00984555E-02  1.15378085E-03
4.65408759E-01  9.06451941E-02  1.11045351E-03
4.65699731E-01  9.02506933E-02  1.13365031E-03
4.65990702E-01  9.17298570E-02  1.11654378E-03
4.66281673E-01  9.11074653E-02  1.14709383E-03
4.66572645E-01  9.06862170E-02  1.15613674E-03
4.66863616E-01  8.94865692E-02  1.14167063E-03
4.67154588E-01  8.85458663E-02  1.12819113E-03
4.67445559E-01  8.90668705E-02  1.11314189E-03
4.67736530E-01  9.10409540E-02  1.15724991E-03
4.68027502E-01  9.10681486E-02  1.17027631E-03
4.68318473E-01  9.12722573E-02  1.08705007E-03
4.68609445E-01  9.20478106E-02  1.15155568E-03
4.68900416E-01  9.08060744E-02  1.12063414E-03
4.69191388E-01  8.77351612E-02  1.13764277E-03
4.69482359E-01  9.13198963E-02  1.14462816E-03
4.69773330E-01  8.83698016E-02  1.11519836E-03
4.70064302E-01  8.94367844E-02  1.10837317E-03
4.70355273E-01  8.95669833E-02  1.12707110E-03
4.70646245E-01  9.08274725E-02  1.10995269E-03
4.70937216E-01  9.14032534E-02  1.13382563E-03
4.71228187E-01  8.94811600E-02  1.15316361E-03
4.71519159E-01  8.91413465E-02  1.13481015E-03
4.71810130E-01  9.04066786E-02  1.12107815E-03
4.72101102E-01  8.89932290E-02  1.11323840E-03
4.72392073E-01  9.11088958E-02  1.11657707E-03
4.72683044E-01  8.97877738E-02  1.13001466E-03
4.72974016E-01  8.98469314E-02  1.14843750E-03
4.73264987E-01  9.06974971E-02  1.12866529E-03
4.73555959E-01  9.18716416E-02  1.14631245E-03
4.73846930E-01  9.24473554E-02  1.12142449E-03
4.74137901E-01  8.95744860E-02  1.09568413E-03
4.74428873E-01  8.95185098E-02  1.10159325E-03
4.74719844E-01  8.92202631E-02  1.12048269E-03
4.75010816E-01  9.06982198E-02  1.12914166E-03
4.75301787E-01  8.97615775E-02  1.10765838E-03
4.75592758E-01  8.87778252E-02  1.08991668E-03
4.75883730E-01  8.82999003E-02  1.09492720E-03
4.76174701E-01  9.22105685E-02  1.12704874E-03
4.76465673E-01  8.93688649E-02  1.09899521E-03
4.76756644E-01  8.97629932E-02  1.12626608E-03
4.77047615E-01  9.13304910E-02  1.13249035E-03
4.77338587E-01  9.27166790E-02  1.15082948E-03
4.77629558E-01  8.92269909E-02  1.10594393E-03
4.77920530E-01  8.94738138E-02  1.09658740E-03
4.78211501E-01  8.98913816E-02  1.13933336E-03
4.78502472E-01  9.21844840E-02  1.13442959E-03
4.78793444E-01  9.14489105E-02  1.11516728E-03
4.79084415E-01  9.14243460E-02  1.15416339E-03
4.79375387E-01  9.22489315E-02  1.10075437E-03
4.79666358E-01  9.16567892E-02  1.13491155E-03
4.79957329E-01  9.19764936E-02  1.11923961E-03
4.80248301E-01  9.07889158E-02  1.13829214E-03
4.80539272E-01  9.05842483E-02  1.16051827E-03
4.80830244E-01  8.95835608E-02  1.12943165E-03
4.81121215E-01  9.10704657E-02  1.11288566E-03
4.81412186E-01  9.14853141E-02  1.12578983E-03
4.81703158E-01  8.96157250E-02  1.09355093E-03
4.81994129E-01  8.96907896E-02  1.13123527E-03
4.82285101E-01  9.19193700E-02  1.10297790E-03
4.82576072E-01  9.05024484E-02  1.10724347E-03
4.82867043E-01  9.02031586E-02  1.10054843E-03
4.83158015E-01  8.98237228E-02  1.13499549E-03
4.83448986E-01  9.17715207E-02  1.13274041E-03
4.83739958E-01  9.06764269E-02  1.12772314E-03
4.84030929E-01  9.14324149E-02  1.13876513E-03
4.84321900E-01  8.98013189E-02  1.10679120E-03
4.84612872E-01  9.08298120E-02  1.13667303E-03
4.84903843E-01  9.04174745E-02  1.15530507E-03
4.85194815E-01  8.95848200E-02  1.13150699E-03
4.85485786E-01  9.16798562E-02  1.11528498E-03
4.85776757E-01  9.40445513E-02  1.15211692E-03
4.86067729E-01  9.22583193E-02  1.13335554E-03
4.86358700E-01  8.93642977E-02  1.09419122E-03
4.86649672E-01  9.09889862E-02  1.11229706E-03
4.86940643E-01  9.04837996E-02  1.13415869E-03
4.87231614E-01  9.01693329E-02  1.09947450E-03
4.87522586E-01  8.95336047E-02  1.12202181E-03
4.87813557E-01  8.97950977E-02  1.10523892E-03
4.88104529E-01  9.06049758E-02  1.13348069E-03
4.88395500E-01  9.04956311E-02  1.10129442E-03
4.88686472E-01  9.15255919E-02  1.09857181E-03
4.88977443E-01  8.85831416E-02  1.10607280E-03
4.89268414E-01  9.11611840E-02  1.12098979E-03
4.89559386E-01  9.16569903E-02  1.11081020E-03
4.89850357E-01  8.92994702E-02  1.12660229E-03
4.90141329E-01  9.00787562E-02  1.12729426E-03
4.90432300E-01  9.05909762E-02  1.13480806E-03
4.90723271E-01  8.87015611E-02  1.12087524E-03
4.91014243E-01  8.88937488E-02  1.10945001E-03
4.91305214E-01  9.14890617E-02  1.10165169E-03
4.91596186E-01  8.89018551E-02  1.13860355E-03
4.91887157E-01  9.11703110E-02  1.12057419E-03
4.92178128E-01  9.30375010E-02  1.12458377E-03
4.92469100E-01  8.99641812E-02  1.10944931E-03
4.92760071E-01  9.24404040E-02  1.12212962E-03
4.93051043E-01  9.07212943E-02  1.13299408E-03
4.93342014E-01  9.07513201E-02  1.11812819E-03
4.93632985E-01  8.88876542E-02  1.13704719E-03
4.93923957E-01  9.12349671E-02  1.10159186E-03
4.94214928E-01  9.26106349E-02  1.14712247E-03
4.94505900E-01  9.18863490E-02  1.13063818E-03
4.94796871E-01  9.19259116E-02  1.11604924E-03
4.95087842E-01  9.18926224E-02  1.13493751E-03
4.95378814E-01  8.62804428E-02  1.06594968E-03
4.95669785E-01  9.03136730E-02  1.13126449E-03
4.95960757E-01  9.02176648E-02  1.12462114E-03
4.96251728E-01  8.98676515E-02  1.14519731E-03
4.96542699E-01  8.90694261E-02  1.07131805E-03
4.96833671E-01  9.02068540E-02  1.11289893E-03
4.97124642E-01  9.36426446E-02  1.11899944E-03
4.97415614E-01  9.04414728E-02  1.15255534E-03
4.97706585E-01  8.87585357E-02  1.09901372E-03
4.97997556E-01  8.99487063E-02  1.12176861E-03
4.98288528E-01  8.97694156E-02  1.13532413E-03
4.98579499E-01  9.25788432E-02  1.13920809E-03
4.98870471E-01  9.07406062E-02  1.16548920E-03
4.99161442E-01  8.92526880E-02  1.12052914E-03
4.99452413E-01  9.11725983E-02  1.11122872E-03
4.99743385E-01  9.13480595E-02  1.13242317E-03
5.00034356E-01  9.08512622E-02  1.10618502E-03
5.00325328E-01  8.91511068E-02  1.09844829E-03
5.00616299E-01  9.00517777E-02  1.10971509E-03
5.00907270E-01  9.15683955E-02  1.13144331E-03
5.01198242E-01  9.09291431E-02  1.13762286E-03
5.01489213E-01  9.09290835E-02  1.12436723E-03
5.01780185E-01  8.99074003E-02  1.09508017E-03
5.02071156E-01  9.10669491E-02  1.12184999E-03
5.02362127E-01  9.07349885E-02  1.13941834E-03
5.02653099E-01  9.08349231E-02  1.12313835E-03
5.02944070E-01  8.72628987E-02  1.07227929E-03
5.03235042E-01  9.12714303E-02  1.11247064E-03
5.03526013E-01  9.10394117E-02  1.11152965E-03
5.03816984E-01  8.88903663E-02  1.11254130E-03
5.04107956E-01  9.03363898E-02  1.11607090E-03
5.04398927E-01  9.14103910E-02  1.10774662E-03
5.04689899E-01  9.12837982E-02  1.14667136E-03
5.04980870E-01  8.91234204E-02  1.09667121E-03
5.05271841E-01  9.03091058E-02  1.11086457E-03
5.05562813E-01  9.13309082E-02  1.14364841E-03
5.05853784E-01  9.07875523E-02  1.12079375E-03
5.06144756E-01  8.87485668E-02  1.09372125E-03
5.06435727E-01  8.97026062E-02  1.09420123E-03
5.06726699E-01  9.12359506E-02  1.12940499E-03
5.07017670E-01  9.06079412E-02  1.09551405E-03
5.07308641E-01  9.06755030E-02  1.11156865E-03
5.07599613E-01  9.10990909E-02  1.17205968E-03
5.07890584E-01  9.10625979E-02  1.10963651E-03
5.08181556E-01  8.91529918E-02  1.11590838E-03
5.08472527E-01  9.14619416E-02  1.12747320E-03
5.08763498E-01  9.00521800E-02  1.11528824E-03
5.09054470E-01  9.03286710E-02  1.11264095E-03
5.09345441E-01  9.08695832E-02  1.12547679E-03
5.09636413E-01  9.03216153E-02  1.10988633E-03
5.09927384E-01  9.12166983E-02  1.11957104E-03
5.10218355E-01  8.96496251E-02  1.13208720E-03
5.10509327E-01  9.10096467E-02  1.11585390E-03
5.10800298E-01  9.23699513E-02  1.13295577E-03
5.11091270E-01  8.74292329E-02  1.07555534E-03
5.11382241E-01  9.00022462E-02  1.12156430E-03
5.11673212E-01  8.98606107E-02  1.10419584E-03
5.11964184E-01  9.08293054E-02  1.05526869E-03
5.12255155E-01  9.00964886E-02  1.09938381E-03
5.12546127E-01  8.99067074E-02  1.10484089E-03
5.12837098E-01  8.85090753E-02  1.11067202E-03
5.13128069E-01  8.98935348E-02  1.10364542E-03
5.13419041E-01  9.01202038E-02  1.12606236E-03
5.13710012E-01  8.78514424E-02  1.08005106E-03
5.14000984E-01  8.93896371E-02  1.13232667E-03
5.14291955E-01  9.35533866E-02  1.12907018E-03
5.14582926E-01  9.19128805E-02  1.11930945E-03
5.14873898E-01  9.04054791E-02  1.16006145E-03
5.15164869E-01  8.93287063E-02  1.12786877E-03
5.15455841E-01  9.15066227E-02  1.10245682E-03
5.15746812E-01  8.87838006E-02  1.08100811E-03
5.16037783E-01  8.79504979E-02  1.13164494E-03
5.16328755E-01  9.03909057E-02  1.10172911E-03
5.16619726E-01  9.09914672E-02  1.11530279E-03
5.16910698E-01  9.14205909E-02  1.12418330E-03
5.17201669E-01  9.11013186E-02  1.11005362E-03
5.17492640E-01  8.98735672E-02  1.09838322E-03
5.17783612E-01  8.86542723E-02  1.12700323E-03
5.18074583E-01  8.99928659E-02  1.08032406E-03
5.18365555E-01  8.92448276E-02  1.09319587E-03
5.18656526E-01  9.07379165E-02  1.12549181E-03
5.18947497E-01  9.07384083E-02  1.11267134E-03
5.19238469E-01  9.05412585E-02  1.11391151E-03
5.19529440E-01  9.00775865E-02  1.13450806E-03
5.19820412E-01  8.92886072E-02  1.09518855E-03
5.20111383E-01  8.81446525E-02  1.07055134E-03
5.20402354E-01  8.98845941E-02  1.07969099E-03
5.20693326E-01  8.80781934E-02  1.09314651E-03
5.20984297E-01  8.88247117E-02  1.10046635E-03
5.21275269E-01  8.84773582E-02  1.12128991E-03
5.21566240E-01  9.04987007E-02  1.10426359E-03
5.21857211E-01  8.82449448E-02  1.06238888E-03
5.22148183E-01  8.87751803E-02  1.08177518E-03
5.22439154E-01  9.03314576E-02  1.12699752E-03
5.22730126E-01  9.19281617E-02  1.11628510E-03
5.23021097E-01  9.08653811E-02  1.11774099E-03
5.23312068E-01  8.80794004E-02  1.09270273E-03
5.23603040E-01  8.76766518E-02  1.11868547E-03
5.23894011E-01  8.75069350E-02  1.09649403E-03
5.24184983E-01  8.94670710E-02  1.12665468E-03
5.24475954E-01  9.09643993E-02  1.11122127E-03
5.24766925E-01  9.07227471E-02  1.11411163E-03
5.25057897E-01  8.93543661E-02  1.12418411E-03
5.25348868E-01  9.05466452E-02  1.14400731E-03
5.25639840E-01  9.12721008E-02  1.10520166E-03
5.25930811E-01  8.95763040E-02  1.11196924E-03
5.26221783E-01  8.90892074E-02  1.10249605E-03
5.26512754E-01  8.85988697E-02  1.05229043E-03
5.26803725E-01  8.85455087E-02  1.09218527E-03
5.27094697E-01  9.05048475E-02  1.10068475E-03
5.27385668E-01  8.95368978E-02  1.10539654E-03
5.27676640E-01  8.87920856E-02  1.07409235E-03
5.27967611E-01  9.14913043E-02  1.10126461E-03
5.28258582E-01  9.06770825E-02  1.13089150E-03
5.28549554E-01  9.01986361E-02  1.08947384E-03
5.28840525E-01  9.01936591E-02  1.13528676E-03
5.29131497E-01  8.84562433E-02  1.08884473E-03
5.29422468E-01  8.93482864E-02  1.10585359E-03
5.29713439E-01  9.05889794E-02  1.09421532E-03
5.30004411E-01  8.78282338E-02  1.07327499E-03


### HEADER:
#
#{
#    "analysis": {},
#    "calibration_params": {
#        "Beam_Center_X": 1065.0,
#        "Beam_Center_Y": 2064.0,
#        "Detector Tilt": 0.0,
#        "Detector Tilt Plane Rotation": 0.0,
#        "Detector_X_Pixel_Size": 75.0,
#        "Detector_Y_Pixel_Size": 75.0,
#        "Integration Method": "nosplit_csr",
#        "Radial_Average_Method": "pyFAI",
#        "Sample-to-detector distance (mm)": 1824.0,
#        "Wavelength (A)": 0.8848865554555589
#    },
#    "config_file": "/home/chess_id7a/.RAW/backup.cfg",
#    "counters": {
#        "Epoch": "128.922",
#        "I1": "0",
#        "I2": "0",
#        "I3": "0",
#        "Seconds": "1",
#        "Time": "2.09808e-05",
#        "date": "Fri Mar 15 20:01:18 2024",
#        "diode": "90559"
#    },
#    "filename": "DM0006_35C_140MPa_up_3_data_000001_00001.h5",
#    "history": {},
#    "imageHeader": {},
#    "load_path": "/nfs/chess/daq/current/id7a/Milshteyn_03_15_2024/DM0006/DM0006_35C_140MPa_up_3_data_000001.h5",
#    "normalizations": {
#        "Absolute_scale": {
#            "Absolute_scale_factor": 0.017092358101131556,
#            "Method": "Water"
#        },
#        "Counter_norms": [
#            [
#                "/",
#                "diode/150000"
#            ]
#        ],
#        "Polarization": {
#            "Used": false
#        },
#        "Solid_Angle_Correction": "On"
#    },
#    "raw_version": "2.2.1",
#    "unit": ""
#}

