### DATA:
#
# 1786
#      Q             I(Q)           Error     
1.06204562E-02  4.53846025E+00  9.90271047E-02
1.09114276E-02  4.17007017E+00  7.78379813E-02
1.12023990E-02  3.86122775E+00  6.20448589E-02
1.14933704E-02  3.49416947E+00  5.91148399E-02
1.17843418E-02  3.28519368E+00  5.94410934E-02
1.20753132E-02  3.08673024E+00  4.74531129E-02
1.23662846E-02  2.86679912E+00  4.76218127E-02
1.26572560E-02  2.73475504E+00  4.47740369E-02
1.29482274E-02  2.62484288E+00  4.53069806E-02
1.32391988E-02  2.42979932E+00  4.44655530E-02
1.35301702E-02  2.36138296E+00  3.49251926E-02
1.38211416E-02  2.30840516E+00  4.21060398E-02
1.41121131E-02  2.15409517E+00  3.18566225E-02
1.44030845E-02  2.05727983E+00  3.18465382E-02
1.46940559E-02  2.00816298E+00  3.47221307E-02
1.49850273E-02  1.88274419E+00  2.52777170E-02
1.52759987E-02  1.86178064E+00  3.17119621E-02
1.55669701E-02  1.77789795E+00  2.51620039E-02
1.58579415E-02  1.73675811E+00  2.46176347E-02
1.61489129E-02  1.70756447E+00  2.31419448E-02
1.64398843E-02  1.61007905E+00  2.17918865E-02
1.67308557E-02  1.57833982E+00  2.44956166E-02
1.70218271E-02  1.58622944E+00  2.06788052E-02
1.73127985E-02  1.53496075E+00  1.93697717E-02
1.76037699E-02  1.55495834E+00  2.13973615E-02
1.78947413E-02  1.49385643E+00  2.24316251E-02
1.81857127E-02  1.46384871E+00  2.07251441E-02
1.84766841E-02  1.40140271E+00  2.13284325E-02
1.87676555E-02  1.40510964E+00  2.00054571E-02
1.90586269E-02  1.38612890E+00  2.13656258E-02
1.93495983E-02  1.38639045E+00  1.93139389E-02
1.96405697E-02  1.36537910E+00  1.76105388E-02
1.99315411E-02  1.33760595E+00  1.83581598E-02
2.02225125E-02  1.29175520E+00  1.66041553E-02
2.05134839E-02  1.31490803E+00  1.60579532E-02
2.08044553E-02  1.31312943E+00  1.63380112E-02
2.10954267E-02  1.32808256E+00  1.77888721E-02
2.13863981E-02  1.30671394E+00  1.68006457E-02
2.16773695E-02  1.25965154E+00  1.66787934E-02
2.19683409E-02  1.27880776E+00  1.42389378E-02
2.22593123E-02  1.29785955E+00  1.66028030E-02
2.25502837E-02  1.30459702E+00  1.32915359E-02
2.28412551E-02  1.29901242E+00  1.44088697E-02
2.31322265E-02  1.31329751E+00  1.40749514E-02
2.34231979E-02  1.31479490E+00  1.45704439E-02
2.37141694E-02  1.31811869E+00  1.42764384E-02
2.40051408E-02  1.31771863E+00  1.43545354E-02
2.42961122E-02  1.31869781E+00  1.44848321E-02
2.45870836E-02  1.31057441E+00  1.46179879E-02
2.48780550E-02  1.34929991E+00  1.30807310E-02
2.51690264E-02  1.33347976E+00  1.40295988E-02
2.54599978E-02  1.38370049E+00  1.29812546E-02
2.57509692E-02  1.38328111E+00  1.23837749E-02
2.60419406E-02  1.40609503E+00  1.44859562E-02
2.63329120E-02  1.42150676E+00  1.47848390E-02
2.66238834E-02  1.44393349E+00  1.43898781E-02
2.69148548E-02  1.48641407E+00  1.41812377E-02
2.72058262E-02  1.51738179E+00  1.39348144E-02
2.74967976E-02  1.52129042E+00  1.41835408E-02
2.77877690E-02  1.55619943E+00  1.43364212E-02
2.80787404E-02  1.60145199E+00  1.49135124E-02
2.83697118E-02  1.62687230E+00  1.46329924E-02
2.86606832E-02  1.64480257E+00  1.42166512E-02
2.89516546E-02  1.69925916E+00  1.67417917E-02
2.92426260E-02  1.74662030E+00  1.47497952E-02
2.95335974E-02  1.78662682E+00  1.62574537E-02
2.98245688E-02  1.86373866E+00  1.63392201E-02
3.01155402E-02  1.89381766E+00  1.60157625E-02
3.04065116E-02  1.97675538E+00  1.66928321E-02
3.06974830E-02  2.05678105E+00  1.86423324E-02
3.09884544E-02  2.15169954E+00  2.08278373E-02
3.12794258E-02  2.30346942E+00  2.46078838E-02
3.15703972E-02  2.48366594E+00  3.14898193E-02
3.18613686E-02  2.70716667E+00  4.05589156E-02
3.21523400E-02  2.94103169E+00  4.64033410E-02
3.24433114E-02  3.26738501E+00  5.58094643E-02
3.27342828E-02  3.56955695E+00  6.12101033E-02
3.30252543E-02  3.95178175E+00  6.61887601E-02
3.33162257E-02  4.35274220E+00  6.99544176E-02
3.36071971E-02  4.73521471E+00  6.97167516E-02
3.38981685E-02  5.01233482E+00  6.72903657E-02
3.41891399E-02  5.31451607E+00  6.16479851E-02
3.44801113E-02  5.63713169E+00  5.96978217E-02
3.47710827E-02  5.77650881E+00  5.49855232E-02
3.50620541E-02  5.88021421E+00  5.80959991E-02
3.53530255E-02  5.84584427E+00  5.64614125E-02
3.56439969E-02  5.75677633E+00  5.36581837E-02
3.59349683E-02  5.45838261E+00  5.22961430E-02
3.62259397E-02  5.27881813E+00  4.84371074E-02
3.65169111E-02  4.98283339E+00  4.64039072E-02
3.68078825E-02  4.59444714E+00  4.41489555E-02
3.70988539E-02  4.28364611E+00  3.80199291E-02
3.73898253E-02  3.89839911E+00  3.38936001E-02
3.76807967E-02  3.64173055E+00  2.94567328E-02
3.79717681E-02  3.38876581E+00  2.55771484E-02
3.82627395E-02  3.16768622E+00  2.41544452E-02
3.85537109E-02  2.98380685E+00  2.13976856E-02
3.88446823E-02  2.83197260E+00  2.02354901E-02
3.91356537E-02  2.71266961E+00  2.03090515E-02
3.94266251E-02  2.60375404E+00  2.00626720E-02
3.97175965E-02  2.46747208E+00  2.00523697E-02
4.00085679E-02  2.35627007E+00  1.89184528E-02
4.02995393E-02  2.21828508E+00  1.87302921E-02
4.05905107E-02  2.10352111E+00  1.67463385E-02
4.08814821E-02  1.98791325E+00  1.61141641E-02
4.11724535E-02  1.88874102E+00  1.64229199E-02
4.14634249E-02  1.78651798E+00  1.43053550E-02
4.17543963E-02  1.70604718E+00  1.42766898E-02
4.20453677E-02  1.61885142E+00  1.37983896E-02
4.23363392E-02  1.54795182E+00  1.37055209E-02
4.26273106E-02  1.45960200E+00  1.26362247E-02
4.29182820E-02  1.37624907E+00  1.21652856E-02
4.32092534E-02  1.33012402E+00  1.18384128E-02
4.35002248E-02  1.26499557E+00  1.10032726E-02
4.37911962E-02  1.19124496E+00  1.04684811E-02
4.40821676E-02  1.14248073E+00  1.02252550E-02
4.43731390E-02  1.07725024E+00  9.81765240E-03
4.46641104E-02  1.02989960E+00  9.32522770E-03
4.49550818E-02  9.74659324E-01  8.74850899E-03
4.52460532E-02  9.37037468E-01  8.94530769E-03
4.55370246E-02  9.09651875E-01  7.96974171E-03
4.58279960E-02  8.48555923E-01  7.84480758E-03
4.61189674E-02  8.25512052E-01  8.08153953E-03
4.64099388E-02  7.82105446E-01  7.21462211E-03
4.67009102E-02  7.43979692E-01  7.10898452E-03
4.69918816E-02  7.26029217E-01  6.87503675E-03
4.72828530E-02  6.92881823E-01  6.89268950E-03
4.75738244E-02  6.74203455E-01  6.39454043E-03
4.78647958E-02  6.33573055E-01  6.29389333E-03
4.81557672E-02  6.10007524E-01  6.24336442E-03
4.84467386E-02  5.93866408E-01  5.99917769E-03
4.87377100E-02  5.59866965E-01  5.74331731E-03
4.90286814E-02  5.58261275E-01  5.69565408E-03
4.93196528E-02  5.17490745E-01  5.70074981E-03
4.96106242E-02  5.02018154E-01  5.61089395E-03
4.99015956E-02  4.77980852E-01  5.05843852E-03
5.01925670E-02  4.75954920E-01  4.77060769E-03
5.04835384E-02  4.54701811E-01  5.00320410E-03
5.07745098E-02  4.30090487E-01  5.03708096E-03
5.10654812E-02  4.12771404E-01  4.75398824E-03
5.13564526E-02  4.06285793E-01  4.37997375E-03
5.16474241E-02  3.89995247E-01  4.41529416E-03
5.19383955E-02  3.76315355E-01  4.18517599E-03
5.22293669E-02  3.65734041E-01  4.31163097E-03
5.25203383E-02  3.63737762E-01  4.28608526E-03
5.28113097E-02  3.45538288E-01  4.05056914E-03
5.31022811E-02  3.33596468E-01  4.04951721E-03
5.33932525E-02  3.22681695E-01  3.84483254E-03
5.36842239E-02  3.09317738E-01  3.72472056E-03
5.39751953E-02  3.06679040E-01  3.81828449E-03
5.42661667E-02  3.01921695E-01  3.76045145E-03
5.45571381E-02  2.85023451E-01  3.68496194E-03
5.48481095E-02  2.76379287E-01  3.69685353E-03
5.51390809E-02  2.76175797E-01  3.69736203E-03
5.54300523E-02  2.62236118E-01  3.34109785E-03
5.57210237E-02  2.57556170E-01  3.39315692E-03
5.60119951E-02  2.50023603E-01  3.36357299E-03
5.63029665E-02  2.50528008E-01  3.17363348E-03
5.65939379E-02  2.40396813E-01  3.44293565E-03
5.68849093E-02  2.33719602E-01  3.06568434E-03
5.71758807E-02  2.29270533E-01  3.23313521E-03
5.74668521E-02  2.22985238E-01  3.04826000E-03
5.77578235E-02  2.15072915E-01  3.12530645E-03
5.80487949E-02  2.08849251E-01  3.01600550E-03
5.83397663E-02  2.08588317E-01  3.09276418E-03
5.86307377E-02  2.00094461E-01  3.03281751E-03
5.89217091E-02  1.97910205E-01  3.12404544E-03
5.92126805E-02  1.92590162E-01  2.77234148E-03
5.95036519E-02  1.94522321E-01  2.74133822E-03
5.97946233E-02  1.86031103E-01  2.79869395E-03
6.00855947E-02  1.77915573E-01  2.72457162E-03
6.03765661E-02  1.78361759E-01  2.68247491E-03
6.06675375E-02  1.79976836E-01  2.59285280E-03
6.09585090E-02  1.75669581E-01  2.64556031E-03
6.12494804E-02  1.70182899E-01  2.63670250E-03
6.15404518E-02  1.71289384E-01  2.58283573E-03
6.18314232E-02  1.67161375E-01  2.57569901E-03
6.21223946E-02  1.67007685E-01  2.49760970E-03
6.24133660E-02  1.63264409E-01  2.58507952E-03
6.27043374E-02  1.62578434E-01  2.53660930E-03
6.29953088E-02  1.64868712E-01  2.48116860E-03
6.32862802E-02  1.59542769E-01  2.41138693E-03
6.35772516E-02  1.60641909E-01  2.49561155E-03
6.38682230E-02  1.60637230E-01  2.54432089E-03
6.41591944E-02  1.66158095E-01  2.41927104E-03
6.44501658E-02  1.63700581E-01  2.48215161E-03
6.47411372E-02  1.67842612E-01  2.57193577E-03
6.50321086E-02  1.72916755E-01  2.78587104E-03
6.53230800E-02  1.72443569E-01  2.55926838E-03
6.56140514E-02  1.75096482E-01  2.59565609E-03
6.59050228E-02  1.79785699E-01  2.71415873E-03
6.61959942E-02  1.86234146E-01  2.69289734E-03
6.64869656E-02  1.83796436E-01  2.65298854E-03
6.67779370E-02  1.94533274E-01  2.67996895E-03
6.70689084E-02  2.04958469E-01  2.80236802E-03
6.73598798E-02  2.08511829E-01  2.93713901E-03
6.76508512E-02  2.08015695E-01  2.67335679E-03
6.79418226E-02  2.17998043E-01  2.73466040E-03
6.82327940E-02  2.18059584E-01  2.85519403E-03
6.85237654E-02  2.32376307E-01  2.92608305E-03
6.88147368E-02  2.31950060E-01  3.19658569E-03
6.91057082E-02  2.39161775E-01  3.12250457E-03
6.93966796E-02  2.52846628E-01  3.33851646E-03
6.96876510E-02  2.61101335E-01  3.41156707E-03
6.99786224E-02  2.62934655E-01  3.34170787E-03
7.02695938E-02  2.69264072E-01  3.22541711E-03
7.05605653E-02  2.74944991E-01  3.35659366E-03
7.08515367E-02  2.79560298E-01  3.33697139E-03
7.11425081E-02  2.75795132E-01  3.21751158E-03
7.14334795E-02  2.74087787E-01  3.15047731E-03
7.17244509E-02  2.66899198E-01  3.08595900E-03
7.20154223E-02  2.63426095E-01  3.04739946E-03
7.23063937E-02  2.56985635E-01  3.12284194E-03
7.25973651E-02  2.55614042E-01  2.81812367E-03
7.28883365E-02  2.48111412E-01  3.01942509E-03
7.31793079E-02  2.47074410E-01  2.81700841E-03
7.34702793E-02  2.46396020E-01  3.07178218E-03
7.37612507E-02  2.38853529E-01  2.88255117E-03
7.40522221E-02  2.37648800E-01  2.88781570E-03
7.43431935E-02  2.35862374E-01  2.88847508E-03
7.46341649E-02  2.36967877E-01  2.88983504E-03
7.49251363E-02  2.41932496E-01  2.81609874E-03
7.52161077E-02  2.43559211E-01  2.82577658E-03
7.55070791E-02  2.36898318E-01  2.80750310E-03
7.57980505E-02  2.38583699E-01  2.88531394E-03
7.60890219E-02  2.47178972E-01  2.87507661E-03
7.63799933E-02  2.44804814E-01  2.95565184E-03
7.66709647E-02  2.48437345E-01  2.80450680E-03
7.69619361E-02  2.51632959E-01  2.78215460E-03
7.72529075E-02  2.51478881E-01  2.97481660E-03
7.75438789E-02  2.58146465E-01  2.94320541E-03
7.78348503E-02  2.59593457E-01  2.92763161E-03
7.81258217E-02  2.62564331E-01  3.06452624E-03
7.84167931E-02  2.66962498E-01  3.06891231E-03
7.87077645E-02  2.65392363E-01  2.91512511E-03
7.89987359E-02  2.74174005E-01  2.94518471E-03
7.92897073E-02  2.78882205E-01  3.08263511E-03
7.95806787E-02  2.76064068E-01  3.19010578E-03
7.98716502E-02  2.84818172E-01  3.02123651E-03
8.01626216E-02  2.84699053E-01  3.10082501E-03
8.04535930E-02  2.84855425E-01  3.16342828E-03
8.07445644E-02  2.91387260E-01  3.20310774E-03
8.10355358E-02  2.91838318E-01  2.98494520E-03
8.13265072E-02  2.97799528E-01  3.22070369E-03
8.16174786E-02  3.02486151E-01  3.16426228E-03
8.19084500E-02  3.02132279E-01  3.20995646E-03
8.21994214E-02  3.12350571E-01  3.19923228E-03
8.24903928E-02  3.09055448E-01  3.17603513E-03
8.27813642E-02  3.09062839E-01  3.01196380E-03
8.30723356E-02  3.19266379E-01  3.34847067E-03
8.33633070E-02  3.30190510E-01  3.30925151E-03
8.36542784E-02  3.28521043E-01  3.33860330E-03
8.39452498E-02  3.29850525E-01  3.29562766E-03
8.42362212E-02  3.37780207E-01  3.28400708E-03
8.45271926E-02  3.37711185E-01  3.36349756E-03
8.48181640E-02  3.40028793E-01  3.24597559E-03
8.51091354E-02  3.44210744E-01  3.32454848E-03
8.54001068E-02  3.50435078E-01  3.32734850E-03
8.56910782E-02  3.60802293E-01  3.37323453E-03
8.59820496E-02  3.59095454E-01  3.32121039E-03
8.62730210E-02  3.66118550E-01  3.37438448E-03
8.65639924E-02  3.70740056E-01  3.51016829E-03
8.68549638E-02  3.68984967E-01  3.38234915E-03
8.71459352E-02  3.76296043E-01  3.36213829E-03
8.74369066E-02  3.82409126E-01  3.49875470E-03
8.77278780E-02  3.80336165E-01  3.43297306E-03
8.80188494E-02  3.92731816E-01  3.47841461E-03
8.83098208E-02  4.00219560E-01  3.58979474E-03
8.86007922E-02  3.93070549E-01  3.59389815E-03
8.88917636E-02  4.00934398E-01  3.54645192E-03
8.91827351E-02  4.04558480E-01  3.56893451E-03
8.94737065E-02  4.09249008E-01  3.73250898E-03
8.97646779E-02  4.14678246E-01  3.78568331E-03
9.00556493E-02  4.20218736E-01  3.65436939E-03
9.03466207E-02  4.23973173E-01  3.61111644E-03
9.06375921E-02  4.26724851E-01  3.79749411E-03
9.09285635E-02  4.32964057E-01  3.63307772E-03
9.12195349E-02  4.45256174E-01  3.69988685E-03
9.15105063E-02  4.47320372E-01  3.69949290E-03
9.18014777E-02  4.52893823E-01  3.79704055E-03
9.20924491E-02  4.66920972E-01  3.94647103E-03
9.23834205E-02  4.65747923E-01  3.75506422E-03
9.26743919E-02  4.73552704E-01  4.04725596E-03
9.29653633E-02  4.80136842E-01  3.96006554E-03
9.32563347E-02  4.72525984E-01  3.79017647E-03
9.35473061E-02  4.82348859E-01  3.74559173E-03
9.38382775E-02  4.87029850E-01  3.81566538E-03
9.41292489E-02  5.00153780E-01  3.96730145E-03
9.44202203E-02  5.16635120E-01  4.07849671E-03
9.47111917E-02  5.16413629E-01  4.00862005E-03
9.50021631E-02  5.32931209E-01  4.15676832E-03
9.52931345E-02  5.28344870E-01  4.12338320E-03
9.55841059E-02  5.45346200E-01  4.39038267E-03
9.58750773E-02  5.59907198E-01  4.18238482E-03
9.61660487E-02  5.71871579E-01  4.36838716E-03
9.64570201E-02  5.83899081E-01  4.42024367E-03
9.67479915E-02  5.94002247E-01  4.42514475E-03
9.70389629E-02  6.09370887E-01  4.71227430E-03
9.73299343E-02  6.22681022E-01  4.68243705E-03
9.76209057E-02  6.45205140E-01  4.81221313E-03
9.79118771E-02  6.54938102E-01  4.79336316E-03
9.82028485E-02  6.70216560E-01  4.84298542E-03
9.84938200E-02  6.94584906E-01  4.98115644E-03
9.87847914E-02  7.08234727E-01  5.17059723E-03
9.90757628E-02  7.25069761E-01  5.34584885E-03
9.93667342E-02  7.32135534E-01  5.03317825E-03
9.96577056E-02  7.51553476E-01  5.10915881E-03
9.99486770E-02  7.63566494E-01  5.31622535E-03
1.00239648E-01  7.81855524E-01  5.37636410E-03
1.00530620E-01  7.99765885E-01  5.31798182E-03
1.00821591E-01  8.02116394E-01  5.24518220E-03
1.01112563E-01  8.21107626E-01  5.56547986E-03
1.01403534E-01  8.36453199E-01  5.54162543E-03
1.01694505E-01  8.42670798E-01  5.39286202E-03
1.01985477E-01  8.66488218E-01  5.68712223E-03
1.02276448E-01  8.73634219E-01  5.65723516E-03
1.02567420E-01  8.90146732E-01  5.63435350E-03
1.02858391E-01  9.07711744E-01  5.78026194E-03
1.03149362E-01  9.30352151E-01  5.88874985E-03
1.03440334E-01  9.45849657E-01  5.99982496E-03
1.03731305E-01  9.55993712E-01  5.97957103E-03
1.04022277E-01  9.69305873E-01  6.21968927E-03
1.04313248E-01  9.80114281E-01  6.00726949E-03
1.04604219E-01  9.86658573E-01  6.04435243E-03
1.04895191E-01  1.00147128E+00  6.30134670E-03
1.05186162E-01  1.00491226E+00  5.92542998E-03
1.05477134E-01  1.01023757E+00  6.00584829E-03
1.05768105E-01  1.00522864E+00  5.89048536E-03
1.06059076E-01  9.99575496E-01  5.79269556E-03
1.06350048E-01  9.89947736E-01  5.67287719E-03
1.06641019E-01  9.67072189E-01  5.31909848E-03
1.06931991E-01  9.45859790E-01  5.36444038E-03
1.07222962E-01  9.31575596E-01  5.15288115E-03
1.07513933E-01  9.02417839E-01  4.86427266E-03
1.07804905E-01  9.01181996E-01  5.06197615E-03
1.08095876E-01  8.84992242E-01  4.91307070E-03
1.08386848E-01  8.63554478E-01  5.02461614E-03
1.08677819E-01  8.49148989E-01  4.81436960E-03
1.08968790E-01  8.36609900E-01  4.51116310E-03
1.09259762E-01  8.31284523E-01  4.53376910E-03
1.09550733E-01  8.20346773E-01  4.64401627E-03
1.09841705E-01  8.14406157E-01  4.70080553E-03
1.10132676E-01  7.96646535E-01  4.45799623E-03
1.10423647E-01  8.10381711E-01  4.66531236E-03
1.10714619E-01  7.97934592E-01  4.63808328E-03
1.11005590E-01  7.83734262E-01  4.50395187E-03
1.11296562E-01  7.78345048E-01  4.49817395E-03
1.11587533E-01  7.74836004E-01  4.49465169E-03
1.11878504E-01  7.80359387E-01  4.47242940E-03
1.12169476E-01  7.70621777E-01  4.58703330E-03
1.12460447E-01  7.65489459E-01  4.52383887E-03
1.12751419E-01  7.64732361E-01  4.65773791E-03
1.13042390E-01  7.61171281E-01  4.42384277E-03
1.13333362E-01  7.68401504E-01  4.36774828E-03
1.13624333E-01  7.63939202E-01  4.47102636E-03
1.13915304E-01  7.60432720E-01  4.52365493E-03
1.14206276E-01  7.55903006E-01  4.46891598E-03
1.14497247E-01  7.51566648E-01  4.27611591E-03
1.14788219E-01  7.62664855E-01  4.57961904E-03
1.15079190E-01  7.57717013E-01  4.28179093E-03
1.15370161E-01  7.47335374E-01  4.31555789E-03
1.15661133E-01  7.48092592E-01  4.47846204E-03
1.15952104E-01  7.48746574E-01  4.32896987E-03
1.16243076E-01  7.57408917E-01  4.45239898E-03
1.16534047E-01  7.45274603E-01  4.20140568E-03
1.16825018E-01  7.61414826E-01  4.33315523E-03
1.17115990E-01  7.53389180E-01  4.52714786E-03
1.17406961E-01  7.57436991E-01  4.37249430E-03
1.17697933E-01  7.49104559E-01  4.36389167E-03
1.17988904E-01  7.49727011E-01  4.33889451E-03
1.18279875E-01  7.56293476E-01  4.38311230E-03
1.18570847E-01  7.60593414E-01  4.57529863E-03
1.18861818E-01  7.57224798E-01  4.27591195E-03
1.19152790E-01  7.62889147E-01  4.31961846E-03
1.19443761E-01  7.55633771E-01  4.26910399E-03
1.19734732E-01  7.48875141E-01  4.38624481E-03
1.20025704E-01  7.45988548E-01  4.39532101E-03
1.20316675E-01  7.66458213E-01  4.47835447E-03
1.20607647E-01  7.66508460E-01  4.63224808E-03
1.20898618E-01  7.61423349E-01  4.30072704E-03
1.21189589E-01  7.56735325E-01  4.49850271E-03
1.21480561E-01  7.60213971E-01  4.46925592E-03
1.21771532E-01  7.57757485E-01  4.46935138E-03
1.22062504E-01  7.65988588E-01  4.59817750E-03
1.22353475E-01  7.66295791E-01  4.54811193E-03
1.22644446E-01  7.67721832E-01  4.51204088E-03
1.22935418E-01  7.77991235E-01  4.77050571E-03
1.23226389E-01  7.67490983E-01  4.63967305E-03
1.23517361E-01  7.72735715E-01  4.54561319E-03
1.23808332E-01  7.69567907E-01  4.46803076E-03
1.24099303E-01  7.75046468E-01  4.51323064E-03
1.24390275E-01  7.77711332E-01  4.69361106E-03
1.24681246E-01  7.71033943E-01  4.75169579E-03
1.24972218E-01  7.80376852E-01  4.80331527E-03
1.25263189E-01  7.77301729E-01  4.68413578E-03
1.25554160E-01  7.75704324E-01  4.68407292E-03
1.25845132E-01  7.79804170E-01  5.06350212E-03
1.26136103E-01  7.78387487E-01  4.66507394E-03
1.26427075E-01  7.87715197E-01  4.84640570E-03
1.26718046E-01  7.89050043E-01  4.94965166E-03
1.27009017E-01  7.83534884E-01  5.05018001E-03
1.27299989E-01  7.88368165E-01  4.90482617E-03
1.27590960E-01  7.94715285E-01  4.82048932E-03
1.27881932E-01  7.96077669E-01  4.98918211E-03
1.28172903E-01  8.03299546E-01  4.98319604E-03
1.28463874E-01  8.16289425E-01  5.27360942E-03
1.28754846E-01  8.11476648E-01  4.90401173E-03
1.29045817E-01  8.17452669E-01  5.27501991E-03
1.29336789E-01  8.27862203E-01  5.02535654E-03
1.29627760E-01  8.23599398E-01  5.17282262E-03
1.29918731E-01  8.30494463E-01  5.36415400E-03
1.30209703E-01  8.33590269E-01  4.99498611E-03
1.30500674E-01  8.50373149E-01  5.14390599E-03
1.30791646E-01  8.60170722E-01  5.31076500E-03
1.31082617E-01  8.54985952E-01  5.13286376E-03
1.31373589E-01  8.51615429E-01  5.33519499E-03
1.31664560E-01  8.66233408E-01  5.33827301E-03
1.31955531E-01  8.67600024E-01  5.19667752E-03
1.32246503E-01  8.55819583E-01  5.05018793E-03
1.32537474E-01  8.73735905E-01  5.19093173E-03
1.32828446E-01  8.85199130E-01  5.20961080E-03
1.33119417E-01  8.78119171E-01  5.30353189E-03
1.33410388E-01  8.80919099E-01  5.23793325E-03
1.33701360E-01  8.83678913E-01  5.14479820E-03
1.33992331E-01  8.89600456E-01  5.14319306E-03
1.34283303E-01  8.82463813E-01  5.05387550E-03
1.34574274E-01  8.94203186E-01  5.33581059E-03
1.34865245E-01  8.97290230E-01  5.02840849E-03
1.35156217E-01  9.05026019E-01  5.23934327E-03
1.35447188E-01  8.91514122E-01  5.17707830E-03
1.35738160E-01  9.05044913E-01  5.08212252E-03
1.36029131E-01  9.04538512E-01  5.16249938E-03
1.36320102E-01  9.12555099E-01  4.98800306E-03
1.36611074E-01  9.03906286E-01  5.18657453E-03
1.36902045E-01  9.06288326E-01  5.12720132E-03
1.37193017E-01  9.15189683E-01  5.12331491E-03
1.37483988E-01  9.08527374E-01  5.27928257E-03
1.37774959E-01  9.14594591E-01  5.04302606E-03
1.38065931E-01  9.13940668E-01  5.00947423E-03
1.38356902E-01  9.19096053E-01  5.15539665E-03
1.38647874E-01  9.24514472E-01  5.21886069E-03
1.38938845E-01  9.32430804E-01  5.06312586E-03
1.39229816E-01  9.19625401E-01  5.07229287E-03
1.39520788E-01  9.23426330E-01  5.19492943E-03
1.39811759E-01  9.20082808E-01  5.08708460E-03
1.40102731E-01  9.07451272E-01  5.02408855E-03
1.40393702E-01  9.07890618E-01  4.99045663E-03
1.40684673E-01  9.02156234E-01  4.85470472E-03
1.40975645E-01  9.03964281E-01  5.00446232E-03
1.41266616E-01  8.92081439E-01  4.75270813E-03
1.41557588E-01  8.82316053E-01  4.76236129E-03
1.41848559E-01  8.78797650E-01  4.53595817E-03
1.42139530E-01  8.62842500E-01  4.70464537E-03
1.42430502E-01  8.47786069E-01  4.53973142E-03
1.42721473E-01  8.36578727E-01  4.54698503E-03
1.43012445E-01  8.37054491E-01  4.48086811E-03
1.43303416E-01  8.15040767E-01  4.37775813E-03
1.43594387E-01  8.07447255E-01  4.22920194E-03
1.43885359E-01  7.98358083E-01  4.31320909E-03
1.44176330E-01  7.96539664E-01  4.42198431E-03
1.44467302E-01  7.84375608E-01  4.36784513E-03
1.44758273E-01  7.73294926E-01  4.27298853E-03
1.45049244E-01  7.64812350E-01  4.33052750E-03
1.45340216E-01  7.58238375E-01  4.24466468E-03
1.45631187E-01  7.52718210E-01  4.15477622E-03
1.45922159E-01  7.50974834E-01  4.09206096E-03
1.46213130E-01  7.43912041E-01  4.26183455E-03
1.46504101E-01  7.29604006E-01  4.05174680E-03
1.46795073E-01  7.28152215E-01  4.10549250E-03
1.47086044E-01  7.19210267E-01  4.02404787E-03
1.47377016E-01  7.22011924E-01  3.90202249E-03
1.47667987E-01  7.10133016E-01  3.98106640E-03
1.47958958E-01  7.06983626E-01  3.88864265E-03
1.48249930E-01  7.00992227E-01  3.96662718E-03
1.48540901E-01  6.97934091E-01  3.92574072E-03
1.48831873E-01  6.94121003E-01  3.90314357E-03
1.49122844E-01  6.89169347E-01  3.96171305E-03
1.49413815E-01  6.89945042E-01  3.88845592E-03
1.49704787E-01  6.84702337E-01  3.83502454E-03
1.49995758E-01  6.75468743E-01  3.91328102E-03
1.50286730E-01  6.73799634E-01  3.99771752E-03
1.50577701E-01  6.70887649E-01  3.81011073E-03
1.50868673E-01  6.69481277E-01  3.88591737E-03
1.51159644E-01  6.61568463E-01  3.94208264E-03
1.51450615E-01  6.63527012E-01  3.83406598E-03
1.51741587E-01  6.58901930E-01  3.80406575E-03
1.52032558E-01  6.51332438E-01  3.83387064E-03
1.52323530E-01  6.53719664E-01  3.77732306E-03
1.52614501E-01  6.46336377E-01  3.77916475E-03
1.52905472E-01  6.41908288E-01  3.80022009E-03
1.53196444E-01  6.39968097E-01  3.72793362E-03
1.53487415E-01  6.37814879E-01  3.65462876E-03
1.53778387E-01  6.39932752E-01  3.62541690E-03
1.54069358E-01  6.35738432E-01  3.69089097E-03
1.54360329E-01  6.27179384E-01  3.77259753E-03
1.54651301E-01  6.27343655E-01  3.77644575E-03
1.54942272E-01  6.22794271E-01  3.61968158E-03
1.55233244E-01  6.12545967E-01  3.49005288E-03
1.55524215E-01  6.14770174E-01  3.65781132E-03
1.55815186E-01  6.22157633E-01  3.68934870E-03
1.56106158E-01  6.12127960E-01  3.61201097E-03
1.56397129E-01  6.08556807E-01  3.63173732E-03
1.56688101E-01  6.10660672E-01  3.66262859E-03
1.56979072E-01  6.07251823E-01  3.52508225E-03
1.57270043E-01  6.07899845E-01  3.62093444E-03
1.57561015E-01  5.97823560E-01  3.45133152E-03
1.57851986E-01  5.99358857E-01  3.54826543E-03
1.58142958E-01  5.99559188E-01  3.59482341E-03
1.58433929E-01  5.99947333E-01  3.55576607E-03
1.58724900E-01  5.96088469E-01  3.55159421E-03
1.59015872E-01  5.93054891E-01  3.49461404E-03
1.59306843E-01  5.87103128E-01  3.53105832E-03
1.59597815E-01  5.87660313E-01  3.56621225E-03
1.59888786E-01  5.87670088E-01  3.54295317E-03
1.60179757E-01  5.85553348E-01  3.48630245E-03
1.60470729E-01  5.83258212E-01  3.42295459E-03
1.60761700E-01  5.78812540E-01  3.40826088E-03
1.61052672E-01  5.82723975E-01  3.44820274E-03
1.61343643E-01  5.76615214E-01  3.39837861E-03
1.61634614E-01  5.74733317E-01  3.41591588E-03
1.61925586E-01  5.73537827E-01  3.26693477E-03
1.62216557E-01  5.75587153E-01  3.44699807E-03
1.62507529E-01  5.77185631E-01  3.31894215E-03
1.62798500E-01  5.68457961E-01  3.43832513E-03
1.63089471E-01  5.73190033E-01  3.46961780E-03
1.63380443E-01  5.73862672E-01  3.52209038E-03
1.63671414E-01  5.73514581E-01  3.43567738E-03
1.63962386E-01  5.70175409E-01  3.39073967E-03
1.64253357E-01  5.60753047E-01  3.33862263E-03
1.64544328E-01  5.59869051E-01  3.47303413E-03
1.64835300E-01  5.69046438E-01  3.42881610E-03
1.65126271E-01  5.59787393E-01  3.37134232E-03
1.65417243E-01  5.65446615E-01  3.34067177E-03
1.65708214E-01  5.58834910E-01  3.35810520E-03
1.65999185E-01  5.63907444E-01  3.43340752E-03
1.66290157E-01  5.61747372E-01  3.37187154E-03
1.66581128E-01  5.55710495E-01  3.40104871E-03
1.66872100E-01  5.58845520E-01  3.36358277E-03
1.67163071E-01  5.51198125E-01  3.46580241E-03
1.67454042E-01  5.45026958E-01  3.32959928E-03
1.67745014E-01  5.43258250E-01  3.32900952E-03
1.68035985E-01  5.50393403E-01  3.28455796E-03
1.68326957E-01  5.38237274E-01  3.23938462E-03
1.68617928E-01  5.41026533E-01  3.33659980E-03
1.68908900E-01  5.38528323E-01  3.29177408E-03
1.69199871E-01  5.35917878E-01  3.29726934E-03
1.69490842E-01  5.35072088E-01  3.34581314E-03
1.69781814E-01  5.32651246E-01  3.19253071E-03
1.70072785E-01  5.24753869E-01  3.28286667E-03
1.70363757E-01  5.29414952E-01  3.21129570E-03
1.70654728E-01  5.26761353E-01  3.22325807E-03
1.70945699E-01  5.21969616E-01  3.17909638E-03
1.71236671E-01  5.17737389E-01  3.17217805E-03
1.71527642E-01  5.17180741E-01  3.21513042E-03
1.71818614E-01  5.16217291E-01  3.11560580E-03
1.72109585E-01  5.21054983E-01  3.24184075E-03
1.72400556E-01  5.13549089E-01  3.09424661E-03
1.72691528E-01  5.06908894E-01  3.18945781E-03
1.72982499E-01  5.09375632E-01  3.19294375E-03
1.73273471E-01  5.05464435E-01  3.18292645E-03
1.73564442E-01  5.05420506E-01  3.09453206E-03
1.73855413E-01  5.03474951E-01  3.13250697E-03
1.74146385E-01  5.04310429E-01  3.13433632E-03
1.74437356E-01  4.89927381E-01  3.10336682E-03
1.74728328E-01  4.90872920E-01  3.03888065E-03
1.75019299E-01  4.88505185E-01  3.03362100E-03
1.75310270E-01  4.81188923E-01  3.02465144E-03
1.75601242E-01  4.81237978E-01  3.09290993E-03
1.75892213E-01  4.79318589E-01  2.92009953E-03
1.76183185E-01  4.78049219E-01  3.00879800E-03
1.76474156E-01  4.70264673E-01  2.98871845E-03
1.76765127E-01  4.62123066E-01  2.84199556E-03
1.77056099E-01  4.61799711E-01  2.92502414E-03
1.77347070E-01  4.61885244E-01  2.95494404E-03
1.77638042E-01  4.52601761E-01  2.89306231E-03
1.77929013E-01  4.50608194E-01  2.92168208E-03
1.78219984E-01  4.45088536E-01  2.88654910E-03
1.78510956E-01  4.35699940E-01  2.84690526E-03
1.78801927E-01  4.42027748E-01  2.88319960E-03
1.79092899E-01  4.33784604E-01  2.74213054E-03
1.79383870E-01  4.30264026E-01  2.75538187E-03
1.79674841E-01  4.23956066E-01  2.75197742E-03
1.79965813E-01  4.22701180E-01  2.75771786E-03
1.80256784E-01  4.12455171E-01  2.77232309E-03
1.80547756E-01  4.13470417E-01  2.71478086E-03
1.80838727E-01  4.10676301E-01  2.76111532E-03
1.81129698E-01  4.06909734E-01  2.70887208E-03
1.81420670E-01  3.96860033E-01  2.64292094E-03
1.81711641E-01  3.98813576E-01  2.61841505E-03
1.82002613E-01  3.96018326E-01  2.63058231E-03
1.82293584E-01  3.89587820E-01  2.65540718E-03
1.82584555E-01  3.85769874E-01  2.59623048E-03
1.82875527E-01  3.85449767E-01  2.56518810E-03
1.83166498E-01  3.83027732E-01  2.61646509E-03
1.83457470E-01  3.77015650E-01  2.65132333E-03
1.83748441E-01  3.79000932E-01  2.65937042E-03
1.84039412E-01  3.72342020E-01  2.54782801E-03
1.84330384E-01  3.67394745E-01  2.59018946E-03
1.84621355E-01  3.68714631E-01  2.64432980E-03
1.84912327E-01  3.61741185E-01  2.48408574E-03
1.85203298E-01  3.62751305E-01  2.48050364E-03
1.85494269E-01  3.56303453E-01  2.50250776E-03
1.85785241E-01  3.55458975E-01  2.49420945E-03
1.86076212E-01  3.51555526E-01  2.42295163E-03
1.86367184E-01  3.56286049E-01  2.50798324E-03
1.86658155E-01  3.50581676E-01  2.49013817E-03
1.86949126E-01  3.43149364E-01  2.45900545E-03
1.87240098E-01  3.45247388E-01  2.39557470E-03
1.87531069E-01  3.39044213E-01  2.38493155E-03
1.87822041E-01  3.39212656E-01  2.35588453E-03
1.88113012E-01  3.38493675E-01  2.40247510E-03
1.88403984E-01  3.31967384E-01  2.37166113E-03
1.88694955E-01  3.31893116E-01  2.32497789E-03
1.88985926E-01  3.28057319E-01  2.38368451E-03
1.89276898E-01  3.25682759E-01  2.32356740E-03
1.89567869E-01  3.19436044E-01  2.35542678E-03
1.89858841E-01  3.22213471E-01  2.28279247E-03
1.90149812E-01  3.19051147E-01  2.33904994E-03
1.90440783E-01  3.12470317E-01  2.27599731E-03
1.90731755E-01  3.16804439E-01  2.32140115E-03
1.91022726E-01  3.12988997E-01  2.28324416E-03
1.91313698E-01  3.07913810E-01  2.28953152E-03
1.91604669E-01  3.11138362E-01  2.29372177E-03
1.91895640E-01  3.07104230E-01  2.21878081E-03
1.92186612E-01  3.01924914E-01  2.25815922E-03
1.92477583E-01  3.07040334E-01  2.26144050E-03
1.92768555E-01  3.00976276E-01  2.21939688E-03
1.93059526E-01  2.92685509E-01  2.25055171E-03
1.93350497E-01  2.91021764E-01  2.11388129E-03
1.93641469E-01  2.89810270E-01  2.19482300E-03
1.93932440E-01  2.93386936E-01  2.21156981E-03
1.94223412E-01  2.85536736E-01  2.21393071E-03
1.94514383E-01  2.88815498E-01  2.14688852E-03
1.94805354E-01  2.88882941E-01  2.20228219E-03
1.95096326E-01  2.84998775E-01  2.10372359E-03
1.95387297E-01  2.82314122E-01  2.18704296E-03
1.95678269E-01  2.81284571E-01  2.12955126E-03
1.95969240E-01  2.75942564E-01  2.14825128E-03
1.96260211E-01  2.79342383E-01  2.11720821E-03
1.96551183E-01  2.74661958E-01  2.07266561E-03
1.96842154E-01  2.71193594E-01  2.09449045E-03
1.97133126E-01  2.65540808E-01  2.03514891E-03
1.97424097E-01  2.66476482E-01  2.09585275E-03
1.97715068E-01  2.70335972E-01  2.07052310E-03
1.98006040E-01  2.64899254E-01  2.03950750E-03
1.98297011E-01  2.62914300E-01  2.04144185E-03
1.98587983E-01  2.65237719E-01  2.00577779E-03
1.98878954E-01  2.64458507E-01  2.03865021E-03
1.99169925E-01  2.60242999E-01  2.06165295E-03
1.99460897E-01  2.58057684E-01  2.05897563E-03
1.99751868E-01  2.58037210E-01  1.99999404E-03
2.00042840E-01  2.53739387E-01  1.97725068E-03
2.00333811E-01  2.53264964E-01  1.99075742E-03
2.00624782E-01  2.49618888E-01  2.01587658E-03
2.00915754E-01  2.46545911E-01  1.96357723E-03
2.01206725E-01  2.45748594E-01  1.95741327E-03
2.01497697E-01  2.46784136E-01  2.01221090E-03
2.01788668E-01  2.43544683E-01  1.96392019E-03
2.02079639E-01  2.41255984E-01  1.90672185E-03
2.02370611E-01  2.37749085E-01  1.94883253E-03
2.02661582E-01  2.39996403E-01  1.95119239E-03
2.02952554E-01  2.38200441E-01  1.85685838E-03
2.03243525E-01  2.30732515E-01  1.86527288E-03
2.03534496E-01  2.31358618E-01  1.91411399E-03
2.03825468E-01  2.35250041E-01  1.90130575E-03
2.04116439E-01  2.30478197E-01  1.88768806E-03
2.04407411E-01  2.31256500E-01  1.91470026E-03
2.04698382E-01  2.29075730E-01  1.87109876E-03
2.04989353E-01  2.25747541E-01  1.86465005E-03
2.05280325E-01  2.23466292E-01  1.81085395E-03
2.05571296E-01  2.22907051E-01  1.85197243E-03
2.05862268E-01  2.19114453E-01  1.77273655E-03
2.06153239E-01  2.17846245E-01  1.81890698E-03
2.06444211E-01  2.16262445E-01  1.82984513E-03
2.06735182E-01  2.14335084E-01  1.79517292E-03
2.07026153E-01  2.15251356E-01  1.78350369E-03
2.07317125E-01  2.16741279E-01  1.82185939E-03
2.07608096E-01  2.13849157E-01  1.78648275E-03
2.07899068E-01  2.11932346E-01  1.79614243E-03
2.08190039E-01  2.03953877E-01  1.77518697E-03
2.08481010E-01  2.05950543E-01  1.74147275E-03
2.08771982E-01  2.01934904E-01  1.70071563E-03
2.09062953E-01  2.06769660E-01  1.77252560E-03
2.09353925E-01  2.03292206E-01  1.73697749E-03
2.09644896E-01  2.01031521E-01  1.68942066E-03
2.09935867E-01  1.98439509E-01  1.75668253E-03
2.10226839E-01  1.96180493E-01  1.69561582E-03
2.10517810E-01  1.98839441E-01  1.74219138E-03
2.10808782E-01  1.93352520E-01  1.67911698E-03
2.11099753E-01  1.90243080E-01  1.64708076E-03
2.11390724E-01  1.90562695E-01  1.72408368E-03
2.11681696E-01  1.92780346E-01  1.69025059E-03
2.11972667E-01  1.90409765E-01  1.69668894E-03
2.12263639E-01  1.90774217E-01  1.68476533E-03
2.12554610E-01  1.88777581E-01  1.66279415E-03
2.12845581E-01  1.84078947E-01  1.57238788E-03
2.13136553E-01  1.81897998E-01  1.58260344E-03
2.13427524E-01  1.82548448E-01  1.59959123E-03
2.13718496E-01  1.81057811E-01  1.59394240E-03
2.14009467E-01  1.74909949E-01  1.59972429E-03
2.14300438E-01  1.78652570E-01  1.57168810E-03
2.14591410E-01  1.73086986E-01  1.58180192E-03
2.14882381E-01  1.73507139E-01  1.59613381E-03
2.15173353E-01  1.74847484E-01  1.54739863E-03
2.15464324E-01  1.74580052E-01  1.64780393E-03
2.15755295E-01  1.70496002E-01  1.55043544E-03
2.16046267E-01  1.70897633E-01  1.57105352E-03
2.16337238E-01  1.68919757E-01  1.55486900E-03
2.16628210E-01  1.69018015E-01  1.54141977E-03
2.16919181E-01  1.65052503E-01  1.53901509E-03
2.17210152E-01  1.64344937E-01  1.49033067E-03
2.17501124E-01  1.61746874E-01  1.49489252E-03
2.17792095E-01  1.66185245E-01  1.53853197E-03
2.18083067E-01  1.64341584E-01  1.53041002E-03
2.18374038E-01  1.60970658E-01  1.47722464E-03
2.18665009E-01  1.57094270E-01  1.48564915E-03
2.18955981E-01  1.57812506E-01  1.47612044E-03
2.19246952E-01  1.57081142E-01  1.47951918E-03
2.19537924E-01  1.57017365E-01  1.47746201E-03
2.19828895E-01  1.55426770E-01  1.43876835E-03
2.20119866E-01  1.53189003E-01  1.41910242E-03
2.20410838E-01  1.53925896E-01  1.44420075E-03
2.20701809E-01  1.52988881E-01  1.41145114E-03
2.20992781E-01  1.51988536E-01  1.48120616E-03
2.21283752E-01  1.51307732E-01  1.43225305E-03
2.21574723E-01  1.52955890E-01  1.42133597E-03
2.21865695E-01  1.47280455E-01  1.44298910E-03
2.22156666E-01  1.48348123E-01  1.41842046E-03
2.22447638E-01  1.45258248E-01  1.42398174E-03
2.22738609E-01  1.48554638E-01  1.44572183E-03
2.23029580E-01  1.45088106E-01  1.41682639E-03
2.23320552E-01  1.44287199E-01  1.39762543E-03
2.23611523E-01  1.44944891E-01  1.38514373E-03
2.23902495E-01  1.41239703E-01  1.40768301E-03
2.24193466E-01  1.40493870E-01  1.35578075E-03
2.24484437E-01  1.38781533E-01  1.36838411E-03
2.24775409E-01  1.39519736E-01  1.35942781E-03
2.25066380E-01  1.38626948E-01  1.36518327E-03
2.25357352E-01  1.37516528E-01  1.36478536E-03
2.25648323E-01  1.38346270E-01  1.35852757E-03
2.25939295E-01  1.37425452E-01  1.34912273E-03
2.26230266E-01  1.38266400E-01  1.39397942E-03
2.26521237E-01  1.38583153E-01  1.31939957E-03
2.26812209E-01  1.37181357E-01  1.34371570E-03
2.27103180E-01  1.33505642E-01  1.34884368E-03
2.27394152E-01  1.35103062E-01  1.30860135E-03
2.27685123E-01  1.33888602E-01  1.33840903E-03
2.27976094E-01  1.33212179E-01  1.28034479E-03
2.28267066E-01  1.32204533E-01  1.29522290E-03
2.28558037E-01  1.30996838E-01  1.32725539E-03
2.28849009E-01  1.29248813E-01  1.31555018E-03
2.29139980E-01  1.29726425E-01  1.31188903E-03
2.29430951E-01  1.29659906E-01  1.33151666E-03
2.29721923E-01  1.28139004E-01  1.30928820E-03
2.30012894E-01  1.30271584E-01  1.29609555E-03
2.30303866E-01  1.26933023E-01  1.32130459E-03
2.30594837E-01  1.29249021E-01  1.28821435E-03
2.30885808E-01  1.27783030E-01  1.30480423E-03
2.31176780E-01  1.25966191E-01  1.28502364E-03
2.31467751E-01  1.27545923E-01  1.25226949E-03
2.31758723E-01  1.25920951E-01  1.29751291E-03
2.32049694E-01  1.24071941E-01  1.24863198E-03
2.32340665E-01  1.24930389E-01  1.31617405E-03
2.32631637E-01  1.24582954E-01  1.28116994E-03
2.32922608E-01  1.26742542E-01  1.27198058E-03
2.33213580E-01  1.25260696E-01  1.23461965E-03
2.33504551E-01  1.23300418E-01  1.25175761E-03
2.33795522E-01  1.22628070E-01  1.23995147E-03
2.34086494E-01  1.20423526E-01  1.26402010E-03
2.34377465E-01  1.22670792E-01  1.23280124E-03
2.34668437E-01  1.19924575E-01  1.23130949E-03
2.34959408E-01  1.21215425E-01  1.25977630E-03
2.35250379E-01  1.23374723E-01  1.27800903E-03
2.35541351E-01  1.21071205E-01  1.25949294E-03
2.35832322E-01  1.19816452E-01  1.25040801E-03
2.36123294E-01  1.20991416E-01  1.22669199E-03
2.36414265E-01  1.18658975E-01  1.23500766E-03
2.36705236E-01  1.18166193E-01  1.22381747E-03
2.36996208E-01  1.19995438E-01  1.22680294E-03
2.37287179E-01  1.17281593E-01  1.21583941E-03
2.37578151E-01  1.18840687E-01  1.25046191E-03
2.37869122E-01  1.16710171E-01  1.21018733E-03
2.38160093E-01  1.16258413E-01  1.25104457E-03
2.38451065E-01  1.15551785E-01  1.21922453E-03
2.38742036E-01  1.14080116E-01  1.22084806E-03
2.39033008E-01  1.15036979E-01  1.22248242E-03
2.39323979E-01  1.13507770E-01  1.21211610E-03
2.39614950E-01  1.14212498E-01  1.18951022E-03
2.39905922E-01  1.10548779E-01  1.15859683E-03
2.40196893E-01  1.13586195E-01  1.22498174E-03
2.40487865E-01  1.14222504E-01  1.15374662E-03
2.40778836E-01  1.12861007E-01  1.21913175E-03
2.41069807E-01  1.13575265E-01  1.19548105E-03
2.41360779E-01  1.13734439E-01  1.19353272E-03
2.41651750E-01  1.13656878E-01  1.16761553E-03
2.41942722E-01  1.12720147E-01  1.18591089E-03
2.42233693E-01  1.12082757E-01  1.16950413E-03
2.42524664E-01  1.12690493E-01  1.23150821E-03
2.42815636E-01  1.09582998E-01  1.15462160E-03
2.43106607E-01  1.11430936E-01  1.17729488E-03
2.43397579E-01  1.10554539E-01  1.14953704E-03
2.43688550E-01  1.12200893E-01  1.18826597E-03
2.43979522E-01  1.11166157E-01  1.16100826E-03
2.44270493E-01  1.10843167E-01  1.16630015E-03
2.44561464E-01  1.11369923E-01  1.18805084E-03
2.44852436E-01  1.12770535E-01  1.16239116E-03
2.45143407E-01  1.14652373E-01  1.25806336E-03
2.45434379E-01  1.10875964E-01  1.19930657E-03
2.45725350E-01  1.10407971E-01  1.16878469E-03
2.46016321E-01  1.10096432E-01  1.18305173E-03
2.46307293E-01  1.08581372E-01  1.11858267E-03
2.46598264E-01  1.09968238E-01  1.14409870E-03
2.46889236E-01  1.08064018E-01  1.17215468E-03
2.47180207E-01  1.10614374E-01  1.16229197E-03
2.47471178E-01  1.08785518E-01  1.15768937E-03
2.47762150E-01  1.09360278E-01  1.14286598E-03
2.48053121E-01  1.10779658E-01  1.19063503E-03
2.48344093E-01  1.08259976E-01  1.15399063E-03
2.48635064E-01  1.09839022E-01  1.19129103E-03
2.48926035E-01  1.11652650E-01  1.21841987E-03
2.49217007E-01  1.10184968E-01  1.17067737E-03
2.49507978E-01  1.08452737E-01  1.17585820E-03
2.49798950E-01  1.07206054E-01  1.14000542E-03
2.50089921E-01  1.11621998E-01  1.20101240E-03
2.50380892E-01  1.09643452E-01  1.17107632E-03
2.50671864E-01  1.07077450E-01  1.17781432E-03
2.50962835E-01  1.07814945E-01  1.16220233E-03
2.51253807E-01  1.09034233E-01  1.18160236E-03
2.51544778E-01  1.10165797E-01  1.17827370E-03
2.51835749E-01  1.07533075E-01  1.17108272E-03
2.52126721E-01  1.08723387E-01  1.17321976E-03
2.52417692E-01  1.08526394E-01  1.18125405E-03
2.52708664E-01  1.09419100E-01  1.16409350E-03
2.52999635E-01  1.10006616E-01  1.16257125E-03
2.53290606E-01  1.12570830E-01  1.17971678E-03
2.53581578E-01  1.08341374E-01  1.19833357E-03
2.53872549E-01  1.08026154E-01  1.19288079E-03
2.54163521E-01  1.07752845E-01  1.16359594E-03
2.54454492E-01  1.10224061E-01  1.17390358E-03
2.54745463E-01  1.10556945E-01  1.16558757E-03
2.55036435E-01  1.08114861E-01  1.15943106E-03
2.55327406E-01  1.09385379E-01  1.16131746E-03
2.55618378E-01  1.07758693E-01  1.15507829E-03
2.55909349E-01  1.06197380E-01  1.14818756E-03
2.56200320E-01  1.09130152E-01  1.17777172E-03
2.56491292E-01  1.08402863E-01  1.13118254E-03
2.56782263E-01  1.06273174E-01  1.15571171E-03
2.57073235E-01  1.07875630E-01  1.13478594E-03
2.57364206E-01  1.04982570E-01  1.13395706E-03
2.57655177E-01  1.08501807E-01  1.14658254E-03
2.57946149E-01  1.08445846E-01  1.17036828E-03
2.58237120E-01  1.06872007E-01  1.15474011E-03
2.58528092E-01  1.08528115E-01  1.14929618E-03
2.58819063E-01  1.09095588E-01  1.17489230E-03
2.59110034E-01  1.08105116E-01  1.13009859E-03
2.59401006E-01  1.09131083E-01  1.18144776E-03
2.59691977E-01  1.08771458E-01  1.13333215E-03
2.59982949E-01  1.07560962E-01  1.15140958E-03
2.60273920E-01  1.09659344E-01  1.13093073E-03
2.60564891E-01  1.09313160E-01  1.14804262E-03
2.60855863E-01  1.10924527E-01  1.17567973E-03
2.61146834E-01  1.07412010E-01  1.12513790E-03
2.61437806E-01  1.08859986E-01  1.15489936E-03
2.61728777E-01  1.08847097E-01  1.15428877E-03
2.62019748E-01  1.06992126E-01  1.13216415E-03
2.62310720E-01  1.08719833E-01  1.15963619E-03
2.62601691E-01  1.10292271E-01  1.12777867E-03
2.62892663E-01  1.09198585E-01  1.14303047E-03
2.63183634E-01  1.09539077E-01  1.13254506E-03
2.63474606E-01  1.10583112E-01  1.16258755E-03
2.63765577E-01  1.10633388E-01  1.13822590E-03
2.64056548E-01  1.08884387E-01  1.15643570E-03
2.64347520E-01  1.09483801E-01  1.13284925E-03
2.64638491E-01  1.10172182E-01  1.15566840E-03
2.64929463E-01  1.10130027E-01  1.15505536E-03
2.65220434E-01  1.08529314E-01  1.13157625E-03
2.65511405E-01  1.11481681E-01  1.14408543E-03
2.65802377E-01  1.10070340E-01  1.14610000E-03
2.66093348E-01  1.10765360E-01  1.12667831E-03
2.66384320E-01  1.11441337E-01  1.15646655E-03
2.66675291E-01  1.13008544E-01  1.14241824E-03
2.66966262E-01  1.10208414E-01  1.14684587E-03
2.67257234E-01  1.10350296E-01  1.17269345E-03
2.67548205E-01  1.11888871E-01  1.12558214E-03
2.67839177E-01  1.09200828E-01  1.17007643E-03
2.68130148E-01  1.10341914E-01  1.14638801E-03
2.68421119E-01  1.08675219E-01  1.14573364E-03
2.68712091E-01  1.09419316E-01  1.14521408E-03
2.69003062E-01  1.10365592E-01  1.10880833E-03
2.69294034E-01  1.11166961E-01  1.15792069E-03
2.69585005E-01  1.11362755E-01  1.15054578E-03
2.69875976E-01  1.12029769E-01  1.15301611E-03
2.70166948E-01  1.11659341E-01  1.13656162E-03
2.70457919E-01  1.12455525E-01  1.12644664E-03
2.70748891E-01  1.10392161E-01  1.14483142E-03
2.71039862E-01  1.12440594E-01  1.12151017E-03
2.71330833E-01  1.11213379E-01  1.14250963E-03
2.71621805E-01  1.10049225E-01  1.13927561E-03
2.71912776E-01  1.12061895E-01  1.09956099E-03
2.72203748E-01  1.11657865E-01  1.15039269E-03
2.72494719E-01  1.09783508E-01  1.14040682E-03
2.72785690E-01  1.11843839E-01  1.13821356E-03
2.73076662E-01  1.10730544E-01  1.11619185E-03
2.73367633E-01  1.12193622E-01  1.12707622E-03
2.73658605E-01  1.12395689E-01  1.15186058E-03
2.73949576E-01  1.13080710E-01  1.13598804E-03
2.74240547E-01  1.13258965E-01  1.14657497E-03
2.74531519E-01  1.12253383E-01  1.12124276E-03
2.74822490E-01  1.12350278E-01  1.15940173E-03
2.75113462E-01  1.11692742E-01  1.13048661E-03
2.75404433E-01  1.08821064E-01  1.13855139E-03
2.75695404E-01  1.15029342E-01  1.12927030E-03
2.75986376E-01  1.12635665E-01  1.14199379E-03
2.76277347E-01  1.11987904E-01  1.17287040E-03
2.76568319E-01  1.12396464E-01  1.14606449E-03
2.76859290E-01  1.12309568E-01  1.11781689E-03
2.77150261E-01  1.12537041E-01  1.14441593E-03
2.77441233E-01  1.14910513E-01  1.13128661E-03
2.77732204E-01  1.13383129E-01  1.14249124E-03
2.78023176E-01  1.12419836E-01  1.12948613E-03
2.78314147E-01  1.12756893E-01  1.16624800E-03
2.78605118E-01  1.12150043E-01  1.14226807E-03
2.78896090E-01  1.13796204E-01  1.12748926E-03
2.79187061E-01  1.13793008E-01  1.14494085E-03
2.79478033E-01  1.14611298E-01  1.12340390E-03
2.79769004E-01  1.16123751E-01  1.13852217E-03
2.80059975E-01  1.13880262E-01  1.12914457E-03
2.80350947E-01  1.13133408E-01  1.14705379E-03
2.80641918E-01  1.12385251E-01  1.14318379E-03
2.80932890E-01  1.13376550E-01  1.11436006E-03
2.81223861E-01  1.12727128E-01  1.15069433E-03
2.81514833E-01  1.16579443E-01  1.15998311E-03
2.81805804E-01  1.13150917E-01  1.12825248E-03
2.82096775E-01  1.14232779E-01  1.17254676E-03
2.82387747E-01  1.14936031E-01  1.15715188E-03
2.82678718E-01  1.13180310E-01  1.14452397E-03
2.82969690E-01  1.13432609E-01  1.14610186E-03
2.83260661E-01  1.13045678E-01  1.15134555E-03
2.83551632E-01  1.15771383E-01  1.16664451E-03
2.83842604E-01  1.15260735E-01  1.19353086E-03
2.84133575E-01  1.15376376E-01  1.18379912E-03
2.84424547E-01  1.14573784E-01  1.17130403E-03
2.84715518E-01  1.13907643E-01  1.17343490E-03
2.85006489E-01  1.14453331E-01  1.18349539E-03
2.85297461E-01  1.15593061E-01  1.18025742E-03
2.85588432E-01  1.15534231E-01  1.18568167E-03
2.85879404E-01  1.15140401E-01  1.15435396E-03
2.86170375E-01  1.14911303E-01  1.16467627E-03
2.86461346E-01  1.13403186E-01  1.15264358E-03
2.86752318E-01  1.16456836E-01  1.19005586E-03
2.87043289E-01  1.16434127E-01  1.21462322E-03
2.87334261E-01  1.16638258E-01  1.20171264E-03
2.87625232E-01  1.14400983E-01  1.16450503E-03
2.87916203E-01  1.16108574E-01  1.20864878E-03
2.88207175E-01  1.14273928E-01  1.19151815E-03
2.88498146E-01  1.12938240E-01  1.20035058E-03
2.88789118E-01  1.13720320E-01  1.18596107E-03
2.89080089E-01  1.16507471E-01  1.21704862E-03
2.89371060E-01  1.16895854E-01  1.22165272E-03
2.89662032E-01  1.13174610E-01  1.20854075E-03
2.89953003E-01  1.13674931E-01  1.18978927E-03
2.90243975E-01  1.10944107E-01  1.19540945E-03
2.90534946E-01  1.15883954E-01  1.20306085E-03
2.90825917E-01  1.13896355E-01  1.18274416E-03
2.91116889E-01  1.15059547E-01  1.20297656E-03
2.91407860E-01  1.16358787E-01  1.19969959E-03
2.91698832E-01  1.16813578E-01  1.22013711E-03
2.91989803E-01  1.12881340E-01  1.19173981E-03
2.92280774E-01  1.12588800E-01  1.16651738E-03
2.92571746E-01  1.15268908E-01  1.18676724E-03
2.92862717E-01  1.13191202E-01  1.16610026E-03
2.93153689E-01  1.12685360E-01  1.14911026E-03
2.93444660E-01  1.15927376E-01  1.16197357E-03
2.93735631E-01  1.13659889E-01  1.16740365E-03
2.94026603E-01  1.14004761E-01  1.18852046E-03
2.94317574E-01  1.15671694E-01  1.21699029E-03
2.94608546E-01  1.14167601E-01  1.21125579E-03
2.94899517E-01  1.15895845E-01  1.19451701E-03
2.95190488E-01  1.12228051E-01  1.16159080E-03
2.95481460E-01  1.12166397E-01  1.18347770E-03
2.95772431E-01  1.13654047E-01  1.17105036E-03
2.96063403E-01  1.12597495E-01  1.18398201E-03
2.96354374E-01  1.13730781E-01  1.19038066E-03
2.96645345E-01  1.14146441E-01  1.16124912E-03
2.96936317E-01  1.14848509E-01  1.18483684E-03
2.97227288E-01  1.16868697E-01  1.17192848E-03
2.97518260E-01  1.14915952E-01  1.22816418E-03
2.97809231E-01  1.16062246E-01  1.17830373E-03
2.98100202E-01  1.14730328E-01  1.22732564E-03
2.98391174E-01  1.11562505E-01  1.16673752E-03
2.98682145E-01  1.13176465E-01  1.20747078E-03
2.98973117E-01  1.13722727E-01  1.17615890E-03
2.99264088E-01  1.14700846E-01  1.16896362E-03
2.99555059E-01  1.14929631E-01  1.19036227E-03
2.99846031E-01  1.15348130E-01  1.20328437E-03
3.00137002E-01  1.13220379E-01  1.21384044E-03
3.00427974E-01  1.13369182E-01  1.18070655E-03
3.00718945E-01  1.13508590E-01  1.16144994E-03
3.01009917E-01  1.14747815E-01  1.19221595E-03
3.01300888E-01  1.14157863E-01  1.17575750E-03
3.01591859E-01  1.15275636E-01  1.19087030E-03
3.01882831E-01  1.13647901E-01  1.17012719E-03
3.02173802E-01  1.12658925E-01  1.15790765E-03
3.02464774E-01  1.14741161E-01  1.19543925E-03
3.02755745E-01  1.14653826E-01  1.18316512E-03
3.03046716E-01  1.14930242E-01  1.15359225E-03
3.03337688E-01  1.14227079E-01  1.20071310E-03
3.03628659E-01  1.13643281E-01  1.16373645E-03
3.03919631E-01  1.13333389E-01  1.18720788E-03
3.04210602E-01  1.12828389E-01  1.16909132E-03
3.04501573E-01  1.12494983E-01  1.14673516E-03
3.04792545E-01  1.13125220E-01  1.20378518E-03
3.05083516E-01  1.12925075E-01  1.17481383E-03
3.05374488E-01  1.14690691E-01  1.20042101E-03
3.05665459E-01  1.14929572E-01  1.15580531E-03
3.05956430E-01  1.13170967E-01  1.19437906E-03
3.06247402E-01  1.14900693E-01  1.16523961E-03
3.06538373E-01  1.16550513E-01  1.16316543E-03
3.06829345E-01  1.15277991E-01  1.21005217E-03
3.07120316E-01  1.13628998E-01  1.21821277E-03
3.07411287E-01  1.12328045E-01  1.20349298E-03
3.07702259E-01  1.14675112E-01  1.18533359E-03
3.07993230E-01  1.13363393E-01  1.14778057E-03
3.08284202E-01  1.15591846E-01  1.19624916E-03
3.08575173E-01  1.14098407E-01  1.19250629E-03
3.08866144E-01  1.10878326E-01  1.17752899E-03
3.09157116E-01  1.12112500E-01  1.17365189E-03
3.09448087E-01  1.12742387E-01  1.15222193E-03
3.09739059E-01  1.12659805E-01  1.14770234E-03
3.10030030E-01  1.11892670E-01  1.15991361E-03
3.10321001E-01  1.10717535E-01  1.13445241E-03
3.10611973E-01  1.12456165E-01  1.15886005E-03
3.10902944E-01  1.10406063E-01  1.16500305E-03
3.11193916E-01  1.11891054E-01  1.18257350E-03
3.11484887E-01  1.08735353E-01  1.18961616E-03
3.11775858E-01  1.12510696E-01  1.19976711E-03
3.12066830E-01  1.12228476E-01  1.23015582E-03
3.12357801E-01  1.13068126E-01  1.24216382E-03
3.12648773E-01  1.12398475E-01  1.24578574E-03
3.12939744E-01  1.11529797E-01  1.21220166E-03
3.13230715E-01  1.12268701E-01  1.22656196E-03
3.13521687E-01  1.10056370E-01  1.21449376E-03
3.13812658E-01  1.09532394E-01  1.23324036E-03
3.14103630E-01  1.12280272E-01  1.23642269E-03
3.14394601E-01  1.12889655E-01  1.23422255E-03
3.14685572E-01  1.12467408E-01  1.23838265E-03
3.14976544E-01  1.08833551E-01  1.23485294E-03
3.15267515E-01  1.11248232E-01  1.24362845E-03
3.15558487E-01  1.11881591E-01  1.22449803E-03
3.15849458E-01  1.09607875E-01  1.24104379E-03
3.16140429E-01  1.11331135E-01  1.23685726E-03
3.16431401E-01  1.10946752E-01  1.21140946E-03
3.16722372E-01  1.12474948E-01  1.22112932E-03
3.17013344E-01  1.12689257E-01  1.25143072E-03
3.17304315E-01  1.10799789E-01  1.20277004E-03
3.17595286E-01  1.09009743E-01  1.20876217E-03
3.17886258E-01  1.11864597E-01  1.22349581E-03
3.18177229E-01  1.10332362E-01  1.24765898E-03
3.18468201E-01  1.11332245E-01  1.27303472E-03
3.18759172E-01  1.11321919E-01  1.26109773E-03
3.19050144E-01  1.08894959E-01  1.20106619E-03
3.19341115E-01  1.10258780E-01  1.20755518E-03
3.19632086E-01  1.10501260E-01  1.19528000E-03
3.19923058E-01  1.11244820E-01  1.23872783E-03
3.20214029E-01  1.09059460E-01  1.22608931E-03
3.20505001E-01  1.12154454E-01  1.20186887E-03
3.20795972E-01  1.09446712E-01  1.23086036E-03
3.21086943E-01  1.10797621E-01  1.23776565E-03
3.21377915E-01  1.10294335E-01  1.22712378E-03
3.21668886E-01  1.06901012E-01  1.23716146E-03
3.21959858E-01  1.08178616E-01  1.19183224E-03
3.22250829E-01  1.07260942E-01  1.24960113E-03
3.22541800E-01  1.08145282E-01  1.23754668E-03
3.22832772E-01  1.08859211E-01  1.25555287E-03
3.23123743E-01  1.09910443E-01  1.25300244E-03
3.23414715E-01  1.07774623E-01  1.22981146E-03
3.23705686E-01  1.04706496E-01  1.21850276E-03
3.23996657E-01  1.07260942E-01  1.23686960E-03
3.24287629E-01  1.07607104E-01  1.26428239E-03
3.24578600E-01  1.07830897E-01  1.24430691E-03
3.24869572E-01  1.06923223E-01  1.23118493E-03
3.25160543E-01  1.08600184E-01  1.25719619E-03
3.25451514E-01  1.08330496E-01  1.23081624E-03
3.25742486E-01  1.07527100E-01  1.26368483E-03
3.26033457E-01  1.03318192E-01  1.21016940E-03
3.26324429E-01  1.06494069E-01  1.21877948E-03
3.26615400E-01  1.07168309E-01  1.27092353E-03
3.26906371E-01  1.06057532E-01  1.22512074E-03
3.27197343E-01  1.05295032E-01  1.22537441E-03
3.27488314E-01  1.06419511E-01  1.23645447E-03
3.27779286E-01  1.07097924E-01  1.26356597E-03
3.28070257E-01  1.05882816E-01  1.22142816E-03
3.28361228E-01  1.06061809E-01  1.24265207E-03
3.28652200E-01  1.07582867E-01  1.23500160E-03
3.28943171E-01  1.04627140E-01  1.21819321E-03
3.29234143E-01  1.05924778E-01  1.25295017E-03
3.29525114E-01  1.06866382E-01  1.22247764E-03
3.29816085E-01  1.05160721E-01  1.24096917E-03
3.30107057E-01  1.05882771E-01  1.22725952E-03
3.30398028E-01  1.05023369E-01  1.20610709E-03
3.30689000E-01  1.06579088E-01  1.27232692E-03
3.30979971E-01  1.06242456E-01  1.22533506E-03
3.31270942E-01  1.05862327E-01  1.23254873E-03
3.31561914E-01  1.06893040E-01  1.23728625E-03
3.31852885E-01  1.05500579E-01  1.25850074E-03
3.32143857E-01  1.06943592E-01  1.22756907E-03
3.32434828E-01  1.04454704E-01  1.21962279E-03
3.32725799E-01  1.05031453E-01  1.23559451E-03
3.33016771E-01  1.05313033E-01  1.18440040E-03
3.33307742E-01  1.02906652E-01  1.26415130E-03
3.33598714E-01  1.04105748E-01  1.25127612E-03
3.33889685E-01  1.04117692E-01  1.22085249E-03
3.34180656E-01  1.06100328E-01  1.23183103E-03
3.34471628E-01  1.03288718E-01  1.19715184E-03
3.34762599E-01  1.03664503E-01  1.23655424E-03
3.35053571E-01  1.06110774E-01  1.24347105E-03
3.35344542E-01  1.03411496E-01  1.18005474E-03
3.35635513E-01  1.04554094E-01  1.22578628E-03
3.35926485E-01  1.04040563E-01  1.23425270E-03
3.36217456E-01  1.04540177E-01  1.21658796E-03
3.36508428E-01  1.05172299E-01  1.25322421E-03
3.36799399E-01  1.03080072E-01  1.20758964E-03
3.37090370E-01  1.02944367E-01  1.20139658E-03
3.37381342E-01  1.04624681E-01  1.24530378E-03
3.37672313E-01  1.02177672E-01  1.20930478E-03
3.37963285E-01  1.03029400E-01  1.20129937E-03
3.38254256E-01  1.04865789E-01  1.24008942E-03
3.38545228E-01  1.02855131E-01  1.23084383E-03
3.38836199E-01  1.03213079E-01  1.20562769E-03
3.39127170E-01  1.03865348E-01  1.22068287E-03
3.39418142E-01  1.02599256E-01  1.21092261E-03
3.39709113E-01  1.02074824E-01  1.23421533E-03
3.40000085E-01  1.00693516E-01  1.19542889E-03
3.40291056E-01  1.02910832E-01  1.21647504E-03
3.40582027E-01  1.01889662E-01  1.21858926E-03
3.40872999E-01  1.00784883E-01  1.23894436E-03
3.41163970E-01  1.03265874E-01  1.23737601E-03
3.41454942E-01  1.02078415E-01  1.20019086E-03
3.41745913E-01  1.02526747E-01  1.23535830E-03
3.42036884E-01  1.02441438E-01  1.22560782E-03
3.42327856E-01  1.03447348E-01  1.22086087E-03
3.42618827E-01  1.03294738E-01  1.20018236E-03
3.42909799E-01  1.01264104E-01  1.22091896E-03
3.43200770E-01  1.02918923E-01  1.20016199E-03
3.43491741E-01  1.00523442E-01  1.20493898E-03
3.43782713E-01  1.00921340E-01  1.21209107E-03
3.44073684E-01  1.01536259E-01  1.19151792E-03
3.44364656E-01  1.00043602E-01  1.22070173E-03
3.44655627E-01  1.00409240E-01  1.20738696E-03
3.44946598E-01  9.98348668E-02  1.19978818E-03
3.45237570E-01  1.00910969E-01  1.19686883E-03
3.45528541E-01  1.03036955E-01  1.20742968E-03
3.45819513E-01  9.98741537E-02  1.20972830E-03
3.46110484E-01  1.00144386E-01  1.20944867E-03
3.46401455E-01  9.90185663E-02  1.24304381E-03
3.46692427E-01  1.01568960E-01  1.21726096E-03
3.46983398E-01  9.74879116E-02  1.18774397E-03
3.47274370E-01  9.88983661E-02  1.20107317E-03
3.47565341E-01  1.00219063E-01  1.18492509E-03
3.47856312E-01  1.01346463E-01  1.21656456E-03
3.48147284E-01  9.65119079E-02  1.20573246E-03
3.48438255E-01  9.93411019E-02  1.21211330E-03
3.48729227E-01  9.74888057E-02  1.17882283E-03
3.49020198E-01  9.60956290E-02  1.22647546E-03
3.49311169E-01  9.92798582E-02  1.20402302E-03
3.49602141E-01  1.00970604E-01  1.21130317E-03
3.49893112E-01  9.74802524E-02  1.21858018E-03
3.50184084E-01  9.90391746E-02  1.21733930E-03
3.50475055E-01  9.75873247E-02  1.23582198E-03
3.50766026E-01  1.00104153E-01  1.21900719E-03
3.51056998E-01  9.58804861E-02  1.18774734E-03
3.51347969E-01  9.93281454E-02  1.19561993E-03
3.51638941E-01  9.84479785E-02  1.22903858E-03
3.51929912E-01  9.93031785E-02  1.22227764E-03
3.52220883E-01  9.87185985E-02  1.20399473E-03
3.52511855E-01  9.99232456E-02  1.21984747E-03
3.52802826E-01  9.88932997E-02  1.17538951E-03
3.53093798E-01  9.79076996E-02  1.21679739E-03
3.53384769E-01  9.98151600E-02  1.20514131E-03
3.53675740E-01  9.74987894E-02  1.19115482E-03
3.53966712E-01  9.68652815E-02  1.21326896E-03
3.54257683E-01  9.91922840E-02  1.19532412E-03
3.54548655E-01  9.56411511E-02  1.19522889E-03
3.54839626E-01  9.76711139E-02  1.18361460E-03
3.55130597E-01  9.88343209E-02  1.20906881E-03
3.55421569E-01  9.67358798E-02  1.18621986E-03
3.55712540E-01  9.49166790E-02  1.18326279E-03
3.56003512E-01  9.55134705E-02  1.20205502E-03
3.56294483E-01  9.70946997E-02  1.17391010E-03
3.56585455E-01  9.59926993E-02  1.20247318E-03
3.56876426E-01  9.75192115E-02  1.18639693E-03
3.57167397E-01  9.58289057E-02  1.18952291E-03
3.57458369E-01  9.72843170E-02  1.22547452E-03
3.57749340E-01  9.71813947E-02  1.17896905E-03
3.58040312E-01  9.97411460E-02  1.21663359E-03
3.58331283E-01  9.90741998E-02  1.22484425E-03
3.58622254E-01  9.85306874E-02  1.20379042E-03
3.58913226E-01  9.71349180E-02  1.21902709E-03
3.59204197E-01  9.63301435E-02  1.20563025E-03
3.59495169E-01  9.63474587E-02  1.22196553E-03
3.59786140E-01  9.80120152E-02  1.22828723E-03
3.60077111E-01  9.91054401E-02  1.20109506E-03
3.60368083E-01  9.87308472E-02  1.21124473E-03
3.60659054E-01  1.00555420E-01  1.23255246E-03
3.60950026E-01  9.77208912E-02  1.20653212E-03
3.61240997E-01  9.93881524E-02  1.24110840E-03
3.61531968E-01  9.95230675E-02  1.18270877E-03
3.61822940E-01  9.72858667E-02  1.21136487E-03
3.62113911E-01  9.78713334E-02  1.21939578E-03
3.62404883E-01  9.68065783E-02  1.22632203E-03
3.62695854E-01  9.77190360E-02  1.21179828E-03
3.62986825E-01  9.49524194E-02  1.19660783E-03
3.63277797E-01  9.69879702E-02  1.21162063E-03
3.63568768E-01  9.72470567E-02  1.23670429E-03
3.63859740E-01  9.84640270E-02  1.22728851E-03
3.64150711E-01  9.72680300E-02  1.20190938E-03
3.64441682E-01  9.76580009E-02  1.21504453E-03
3.64732654E-01  9.77768600E-02  1.23969885E-03
3.65023625E-01  9.69366133E-02  1.19440630E-03
3.65314597E-01  9.71252173E-02  1.19654252E-03
3.65605568E-01  9.90974233E-02  1.21396198E-03
3.65896539E-01  9.76490602E-02  1.21041771E-03
3.66187511E-01  9.75138471E-02  1.21848006E-03
3.66478482E-01  9.79329124E-02  1.19920017E-03
3.66769454E-01  9.84830335E-02  1.20809616E-03
3.67060425E-01  9.77615565E-02  1.19073153E-03
3.67351396E-01  1.01017416E-01  1.24278362E-03
3.67642368E-01  9.76128206E-02  1.16258964E-03
3.67933339E-01  9.99267548E-02  1.20883831E-03
3.68224311E-01  9.58181471E-02  1.17491442E-03
3.68515282E-01  9.89572555E-02  1.21131039E-03
3.68806253E-01  9.86511484E-02  1.22005958E-03
3.69097225E-01  9.41100568E-02  1.19006028E-03
3.69388196E-01  9.77281854E-02  1.22771773E-03
3.69679168E-01  9.63139385E-02  1.16999599E-03
3.69970139E-01  9.97088924E-02  1.25500874E-03
3.70261110E-01  9.68226120E-02  1.17652072E-03
3.70552082E-01  9.65312719E-02  1.17490278E-03
3.70843053E-01  9.79284272E-02  1.21199072E-03
3.71134025E-01  9.70954746E-02  1.19067088E-03
3.71424996E-01  9.72333029E-02  1.23458437E-03
3.71715967E-01  9.81902257E-02  1.26536156E-03
3.72006939E-01  9.79015753E-02  1.21507037E-03
3.72297910E-01  9.81031209E-02  1.26007630E-03
3.72588882E-01  9.94513929E-02  1.19149219E-03
3.72879853E-01  9.90116298E-02  1.21938519E-03
3.73170824E-01  9.94359031E-02  1.22055272E-03
3.73461796E-01  9.77714434E-02  1.17209530E-03
3.73752767E-01  9.90251601E-02  1.21423649E-03
3.74043739E-01  9.97768044E-02  1.18900265E-03
3.74334710E-01  9.86306593E-02  1.22466893E-03
3.74625681E-01  9.72156972E-02  1.22640643E-03
3.74916653E-01  9.87701565E-02  1.21745782E-03
3.75207624E-01  9.88904461E-02  1.21938030E-03
3.75498596E-01  9.64733288E-02  1.19561062E-03
3.75789567E-01  9.83279720E-02  1.16990402E-03
3.76080539E-01  1.00465059E-01  1.24561391E-03
3.76371510E-01  9.79732946E-02  1.22869166E-03
3.76662481E-01  9.94795933E-02  1.20760535E-03
3.76953453E-01  9.97853205E-02  1.22834311E-03
3.77244424E-01  9.83436033E-02  1.23270333E-03
3.77535396E-01  9.79495123E-02  1.19818409E-03
3.77826367E-01  9.88563821E-02  1.21861720E-03
3.78117338E-01  9.90968645E-02  1.20956660E-03
3.78408310E-01  9.91706550E-02  1.21842639E-03
3.78699281E-01  9.96799543E-02  1.25162397E-03
3.78990253E-01  1.01529732E-01  1.21813524E-03
3.79281224E-01  1.00361429E-01  1.25033222E-03
3.79572195E-01  1.02004439E-01  1.22051593E-03
3.79863167E-01  1.00020260E-01  1.25381094E-03
3.80154138E-01  9.82306078E-02  1.23549788E-03
3.80445110E-01  1.00079916E-01  1.21693348E-03
3.80736081E-01  1.00540683E-01  1.26719789E-03
3.81027052E-01  9.98705700E-02  1.21706969E-03
3.81318024E-01  1.01429544E-01  1.24063820E-03
3.81608995E-01  1.01129562E-01  1.25129381E-03
3.81899967E-01  1.01684213E-01  1.25134108E-03
3.82190938E-01  9.85904634E-02  1.25396205E-03
3.82481909E-01  9.95564908E-02  1.23323279E-03
3.82772881E-01  1.01887651E-01  1.26053987E-03
3.83063852E-01  1.01310700E-01  1.22815534E-03
3.83354824E-01  1.01199150E-01  1.24959555E-03
3.83645795E-01  1.01774305E-01  1.23843679E-03
3.83936766E-01  1.00190535E-01  1.20761851E-03
3.84227738E-01  1.03231937E-01  1.25181954E-03
3.84518709E-01  1.03987359E-01  1.25566253E-03
3.84809681E-01  1.03395388E-01  1.30698318E-03
3.85100652E-01  1.00670300E-01  1.20621594E-03
3.85391623E-01  1.02668829E-01  1.25072582E-03
3.85682595E-01  1.00366369E-01  1.25158054E-03
3.85973566E-01  1.01797722E-01  1.27910450E-03
3.86264538E-01  1.02104068E-01  1.27803104E-03
3.86555509E-01  1.01614669E-01  1.23882678E-03
3.86846480E-01  1.01760119E-01  1.27054006E-03
3.87137452E-01  1.00177340E-01  1.26592594E-03
3.87428423E-01  1.02258585E-01  1.24870916E-03
3.87719395E-01  1.03428990E-01  1.27225800E-03
3.88010366E-01  1.03856742E-01  1.24695513E-03
3.88301337E-01  1.01089716E-01  1.27090281E-03
3.88592309E-01  1.02715299E-01  1.25316810E-03
3.88883280E-01  1.03811972E-01  1.21649960E-03
3.89174252E-01  1.07201248E-01  1.33407372E-03
3.89465223E-01  1.05735570E-01  1.28611224E-03
3.89756194E-01  1.02927290E-01  1.28255610E-03
3.90047166E-01  1.04217447E-01  1.28217309E-03
3.90338137E-01  1.02431789E-01  1.24901009E-03
3.90629109E-01  1.05056025E-01  1.28386298E-03
3.90920080E-01  1.04666844E-01  1.26680406E-03
3.91211051E-01  1.03469543E-01  1.23986881E-03
3.91502023E-01  1.04620613E-01  1.25996454E-03
3.91792994E-01  1.05841920E-01  1.26323372E-03
3.92083966E-01  1.03755623E-01  1.27477851E-03
3.92374937E-01  1.04790717E-01  1.27109478E-03
3.92665908E-01  1.05899960E-01  1.29477819E-03
3.92956880E-01  1.04795396E-01  1.25984091E-03
3.93247851E-01  1.03710271E-01  1.29210658E-03
3.93538823E-01  1.07339017E-01  1.26767741E-03
3.93829794E-01  1.04527816E-01  1.25634414E-03
3.94120766E-01  1.04472287E-01  1.27309281E-03
3.94411737E-01  1.04416363E-01  1.26551022E-03
3.94702708E-01  1.02878682E-01  1.25937094E-03
3.94993680E-01  1.04184806E-01  1.28445507E-03
3.95284651E-01  1.07627645E-01  1.28401897E-03
3.95575623E-01  1.06919676E-01  1.29554747E-03
3.95866594E-01  1.07388780E-01  1.27808040E-03
3.96157565E-01  1.08841419E-01  1.32393918E-03
3.96448537E-01  1.05418183E-01  1.29961921E-03
3.96739508E-01  1.06170483E-01  1.32100505E-03
3.97030480E-01  1.09858461E-01  1.31111615E-03
3.97321451E-01  1.06229514E-01  1.26963900E-03
3.97612422E-01  1.05054088E-01  1.26840803E-03
3.97903394E-01  1.02614157E-01  1.26149785E-03
3.98194365E-01  1.06827863E-01  1.30905304E-03
3.98485337E-01  1.08595461E-01  1.32947764E-03
3.98776308E-01  1.06267922E-01  1.26754830E-03
3.99067279E-01  1.07092112E-01  1.30800752E-03
3.99358251E-01  1.08623981E-01  1.29637890E-03
3.99649222E-01  1.07760921E-01  1.26542686E-03
3.99940194E-01  1.06870770E-01  1.24657026E-03
4.00231165E-01  1.07088000E-01  1.29516749E-03
4.00522136E-01  1.06960535E-01  1.30707398E-03
4.00813108E-01  1.07965007E-01  1.33345870E-03
4.01104079E-01  1.06870621E-01  1.28098950E-03
4.01395051E-01  1.06704146E-01  1.29940570E-03
4.01686022E-01  1.06318317E-01  1.30675698E-03
4.01976993E-01  1.08545274E-01  1.31144631E-03
4.02267965E-01  1.04237661E-01  1.26877299E-03
4.02558936E-01  1.05822399E-01  1.30070653E-03
4.02849908E-01  1.05852768E-01  1.27719110E-03
4.03140879E-01  1.08044676E-01  1.28974265E-03
4.03431850E-01  1.07146442E-01  1.30301411E-03
4.03722822E-01  1.03706658E-01  1.28872634E-03
4.04013793E-01  1.07859194E-01  1.28127658E-03
4.04304765E-01  1.06255904E-01  1.27760961E-03
4.04595736E-01  1.05871119E-01  1.27924862E-03
4.04886707E-01  1.09075069E-01  1.30318571E-03
4.05177679E-01  1.07037693E-01  1.28855009E-03
4.05468650E-01  1.08067237E-01  1.27631845E-03
4.05759622E-01  1.06218800E-01  1.26591255E-03
4.06050593E-01  1.07491732E-01  1.29406492E-03
4.06341564E-01  1.05902828E-01  1.24511751E-03
4.06632536E-01  1.04710892E-01  1.26935041E-03
4.06923507E-01  1.03887305E-01  1.27760309E-03
4.07214479E-01  1.07935213E-01  1.29908929E-03
4.07505450E-01  1.07903793E-01  1.30030478E-03
4.07796421E-01  1.07250825E-01  1.25006994E-03
4.08087393E-01  1.05977654E-01  1.26232754E-03
4.08378364E-01  1.05282672E-01  1.30821671E-03
4.08669336E-01  1.06163517E-01  1.27726444E-03
4.08960307E-01  1.07006215E-01  1.31108379E-03
4.09251278E-01  1.08349219E-01  1.28287193E-03
4.09542250E-01  1.07570201E-01  1.28911308E-03
4.09833221E-01  1.04371190E-01  1.28770282E-03
4.10124193E-01  1.07763924E-01  1.25263073E-03
4.10415164E-01  1.04487553E-01  1.26694527E-03
4.10706135E-01  1.07168369E-01  1.26955414E-03
4.10997107E-01  1.04518041E-01  1.28692552E-03
4.11288078E-01  1.05063610E-01  1.27326313E-03
4.11579050E-01  1.05806462E-01  1.30759005E-03
4.11870021E-01  1.06559299E-01  1.25352910E-03
4.12160992E-01  1.04374781E-01  1.22267671E-03
4.12451964E-01  1.06956020E-01  1.26228726E-03
4.12742935E-01  1.04714252E-01  1.24162878E-03
4.13033907E-01  1.04506493E-01  1.26336818E-03
4.13324878E-01  1.07054092E-01  1.29664724E-03
4.13615850E-01  1.05383128E-01  1.24104228E-03
4.13906821E-01  1.07405588E-01  1.27111713E-03
4.14197792E-01  1.04371451E-01  1.26767659E-03
4.14488764E-01  1.05223410E-01  1.26478006E-03
4.14779735E-01  1.03969425E-01  1.24669331E-03
4.15070707E-01  1.03769466E-01  1.24847132E-03
4.15361678E-01  1.05192862E-01  1.25014537E-03
4.15652649E-01  1.05535328E-01  1.27724651E-03
4.15943621E-01  1.03850044E-01  1.23843667E-03
4.16234592E-01  1.04970984E-01  1.31187087E-03
4.16525564E-01  1.03475831E-01  1.27952930E-03
4.16816535E-01  1.04812443E-01  1.27201015E-03
4.17107506E-01  1.05007254E-01  1.28349336E-03
4.17398478E-01  1.02383062E-01  1.28863100E-03
4.17689449E-01  1.02736451E-01  1.27286394E-03
4.17980421E-01  1.04040816E-01  1.25162455E-03
4.18271392E-01  1.03947714E-01  1.22048194E-03
4.18562363E-01  1.02410220E-01  1.29390636E-03
4.18853335E-01  1.03979915E-01  1.24249735E-03
4.19144306E-01  1.02601372E-01  1.24827190E-03
4.19435278E-01  1.02372244E-01  1.24467572E-03
4.19726249E-01  1.01869099E-01  1.23521604E-03
4.20017220E-01  1.05235614E-01  1.26883446E-03
4.20308192E-01  1.04060575E-01  1.29104138E-03
4.20599163E-01  1.04514368E-01  1.29084266E-03
4.20890135E-01  1.03631832E-01  1.28315575E-03
4.21181106E-01  1.04488157E-01  1.24215218E-03
4.21472077E-01  1.00697771E-01  1.24202296E-03
4.21763049E-01  1.00037619E-01  1.20141823E-03
4.22054020E-01  1.02405287E-01  1.19825092E-03
4.22344992E-01  1.01696044E-01  1.22651656E-03
4.22635963E-01  1.02645665E-01  1.24643010E-03
4.22926934E-01  1.02177247E-01  1.23092369E-03
4.23217906E-01  1.02511056E-01  1.21135765E-03
4.23508877E-01  9.98406336E-02  1.23819383E-03
4.23799849E-01  9.92721170E-02  1.21484988E-03
4.24090820E-01  1.01202145E-01  1.23694062E-03
4.24381791E-01  9.90705639E-02  1.20177446E-03
4.24672763E-01  9.94957909E-02  1.21862395E-03
4.24963734E-01  9.91239101E-02  1.22486334E-03
4.25254706E-01  9.88797769E-02  1.20987336E-03
4.25545677E-01  9.93006900E-02  1.24406209E-03
4.25836648E-01  1.00837499E-01  1.26289681E-03
4.26127620E-01  1.00487463E-01  1.24250434E-03
4.26418591E-01  9.82133374E-02  1.24184520E-03
4.26709563E-01  9.72297788E-02  1.18461915E-03
4.27000534E-01  9.90889072E-02  1.23803155E-03
4.27291505E-01  9.90094617E-02  1.17161649E-03
4.27582477E-01  9.55198407E-02  1.17193849E-03
4.27873448E-01  9.61548090E-02  1.18748192E-03
4.28164420E-01  9.59653705E-02  1.19777897E-03
4.28455391E-01  9.76410508E-02  1.23371941E-03
4.28746362E-01  9.85852480E-02  1.20956346E-03
4.29037334E-01  9.62860435E-02  1.18515023E-03
4.29328305E-01  9.60623994E-02  1.19284308E-03
4.29619277E-01  9.77819040E-02  1.22484448E-03
4.29910248E-01  9.78547335E-02  1.21118070E-03
4.30201219E-01  9.69685763E-02  1.20853283E-03
4.30492191E-01  9.57245976E-02  1.17863144E-03
4.30783162E-01  9.54098925E-02  1.17227226E-03
4.31074134E-01  9.71894264E-02  1.20668439E-03
4.31365105E-01  9.41314027E-02  1.17232173E-03
4.31656077E-01  9.45027843E-02  1.17441243E-03
4.31947048E-01  9.52296630E-02  1.21115439E-03
4.32238019E-01  9.51054245E-02  1.17298833E-03
4.32528991E-01  9.32942256E-02  1.20279845E-03
4.32819962E-01  9.52414274E-02  1.20140880E-03
4.33110934E-01  9.42942128E-02  1.18303392E-03
4.33401905E-01  9.28504765E-02  1.17260602E-03
4.33692876E-01  9.42291468E-02  1.19675719E-03
4.33983848E-01  9.41426232E-02  1.19730795E-03
4.34274819E-01  9.36605632E-02  1.17531710E-03
4.34565791E-01  9.41843316E-02  1.16460642E-03
4.34856762E-01  9.37174037E-02  1.20667287E-03
4.35147733E-01  9.34950337E-02  1.16804405E-03
4.35438705E-01  9.30947512E-02  1.18660228E-03
4.35729676E-01  9.29628760E-02  1.20512827E-03
4.36020648E-01  9.39733163E-02  1.21197756E-03
4.36311619E-01  9.27216485E-02  1.19601132E-03
4.36602590E-01  9.34577510E-02  1.18092517E-03
4.36893562E-01  9.33190063E-02  1.15460448E-03
4.37184533E-01  9.36163664E-02  1.17857289E-03
4.37475505E-01  9.30102840E-02  1.18092960E-03
4.37766476E-01  9.12029818E-02  1.17212441E-03
4.38057447E-01  9.30552632E-02  1.19997514E-03
4.38348419E-01  9.25516412E-02  1.20094582E-03
4.38639390E-01  9.46565866E-02  1.19435636E-03
4.38930362E-01  9.36129913E-02  1.20857265E-03
4.39221333E-01  9.22148228E-02  1.15891744E-03
4.39512304E-01  9.35715958E-02  1.20080647E-03
4.39803276E-01  9.24386159E-02  1.17470569E-03
4.40094247E-01  9.55210850E-02  1.17913273E-03
4.40385219E-01  9.25212651E-02  1.20156829E-03
4.40676190E-01  9.10254642E-02  1.18372869E-03
4.40967161E-01  9.15888101E-02  1.12549064E-03
4.41258133E-01  9.24786776E-02  1.20537996E-03
4.41549104E-01  9.40333605E-02  1.20524224E-03
4.41840076E-01  9.20592770E-02  1.21853885E-03
4.42131047E-01  9.26999450E-02  1.23522489E-03
4.42422018E-01  9.09978598E-02  1.20676344E-03
4.42712990E-01  9.39976349E-02  1.23144698E-03
4.43003961E-01  8.89453515E-02  1.25938747E-03
4.43294933E-01  9.02811289E-02  1.25565974E-03
4.43585904E-01  9.29393768E-02  1.22074550E-03
4.43876875E-01  9.34776813E-02  1.25395728E-03
4.44167847E-01  9.30250362E-02  1.29676622E-03
4.44458818E-01  9.23693553E-02  1.30608201E-03
4.44749790E-01  9.04808640E-02  1.29590696E-03
4.45040761E-01  9.16032419E-02  1.28723972E-03
4.45331732E-01  9.16126966E-02  1.31478906E-03
4.45622704E-01  9.33231562E-02  1.30061375E-03
4.45913675E-01  9.23060626E-02  1.30084518E-03
4.46204647E-01  9.23942551E-02  1.32022763E-03
4.46495618E-01  9.09343362E-02  1.28051289E-03
4.46786589E-01  9.27529335E-02  1.31278194E-03
4.47077561E-01  9.04300213E-02  1.34322268E-03
4.47368532E-01  8.94277543E-02  1.35135977E-03
4.47659504E-01  9.12287384E-02  1.38904213E-03
4.47950475E-01  8.94872323E-02  1.38178619E-03
4.48241446E-01  8.83784890E-02  1.32164918E-03
4.48532418E-01  9.19240415E-02  1.28642016E-03
4.48823389E-01  9.26719829E-02  1.32887880E-03
4.49114361E-01  9.39003155E-02  1.36545952E-03
4.49405332E-01  9.12502110E-02  1.33890798E-03
4.49696303E-01  9.09967422E-02  1.34762062E-03
4.49987275E-01  9.38043967E-02  1.39104680E-03
4.50278246E-01  8.93316120E-02  1.37990131E-03
4.50569218E-01  9.07635614E-02  1.36588863E-03
4.50860189E-01  9.16427001E-02  1.38485455E-03
4.51151161E-01  9.04422477E-02  1.36369048E-03
4.51442132E-01  9.12868604E-02  1.37634319E-03
4.51733103E-01  9.11238119E-02  1.44705526E-03
4.52024075E-01  8.92772526E-02  1.41346967E-03
4.52315046E-01  8.95325691E-02  1.33836444E-03
4.52606018E-01  8.95767510E-02  1.32636679E-03
4.52896989E-01  9.36930403E-02  1.31901482E-03
4.53187960E-01  9.23150480E-02  1.31590443E-03
4.53478932E-01  9.29811671E-02  1.31311140E-03
4.53769903E-01  9.06586200E-02  1.30227720E-03
4.54060875E-01  8.92581120E-02  1.26679882E-03
4.54351846E-01  9.14320052E-02  1.33200584E-03
4.54642817E-01  9.03533325E-02  1.26376387E-03
4.54933789E-01  9.01815072E-02  1.27416826E-03
4.55224760E-01  9.05126482E-02  1.29348238E-03
4.55515732E-01  8.86801407E-02  1.26923400E-03
4.55806703E-01  9.27624479E-02  1.29054778E-03
4.56097674E-01  9.08189565E-02  1.29595201E-03
4.56388646E-01  9.09639299E-02  1.30227604E-03
4.56679617E-01  9.07997414E-02  1.29862316E-03
4.56970589E-01  9.24603865E-02  1.29490579E-03
4.57261560E-01  9.28412676E-02  1.29252358E-03
4.57552531E-01  9.26439390E-02  1.30814558E-03
4.57843503E-01  8.96514654E-02  1.28457276E-03
4.58134474E-01  9.11882818E-02  1.29177724E-03
4.58425446E-01  9.35734436E-02  1.26429612E-03
4.58716417E-01  9.04291421E-02  1.28925999E-03
4.59007388E-01  9.07790810E-02  1.23197446E-03
4.59298360E-01  8.98215547E-02  1.26683770E-03
4.59589331E-01  8.96964222E-02  1.26670755E-03
4.59880303E-01  8.91797915E-02  1.23295933E-03
4.60171274E-01  9.05623063E-02  1.27549865E-03
4.60462245E-01  9.24580246E-02  1.27537991E-03
4.60753217E-01  9.08101127E-02  1.27319398E-03
4.61044188E-01  9.19490531E-02  1.23029551E-03
4.61335160E-01  9.02430341E-02  1.25045108E-03
4.61626131E-01  8.98743570E-02  1.25038356E-03
4.61917102E-01  9.25998464E-02  1.26298750E-03
4.62208074E-01  9.02906284E-02  1.24867284E-03
4.62499045E-01  9.04622972E-02  1.27018953E-03
4.62790017E-01  8.96137878E-02  1.27775129E-03
4.63080988E-01  8.99483934E-02  1.27002411E-03
4.63371959E-01  9.10953581E-02  1.27631694E-03
4.63662931E-01  8.98302346E-02  1.23173452E-03
4.63953902E-01  9.01082680E-02  1.24963420E-03
4.64244874E-01  8.79327282E-02  1.24618714E-03
4.64535845E-01  8.73697549E-02  1.24665024E-03
4.64826816E-01  8.83988887E-02  1.22931530E-03
4.65117788E-01  8.96195397E-02  1.25031907E-03
4.65408759E-01  8.81835297E-02  1.25197484E-03
4.65699731E-01  9.04969871E-02  1.21102587E-03
4.65990702E-01  8.88381675E-02  1.24384556E-03
4.66281673E-01  9.06712487E-02  1.27238792E-03
4.66572645E-01  9.05529857E-02  1.25019392E-03
4.66863616E-01  9.01547372E-02  1.25015469E-03
4.67154588E-01  9.12879705E-02  1.27267081E-03
4.67445559E-01  8.87228772E-02  1.21753092E-03
4.67736530E-01  9.07599255E-02  1.27122330E-03
4.68027502E-01  8.98335353E-02  1.23147143E-03
4.68318473E-01  9.03518200E-02  1.22639234E-03
4.68609445E-01  8.87031779E-02  1.22890971E-03
4.68900416E-01  8.95304605E-02  1.20161730E-03
4.69191388E-01  8.71801674E-02  1.22833683E-03
4.69482359E-01  8.93706307E-02  1.23728102E-03
4.69773330E-01  8.88383240E-02  1.21652556E-03
4.70064302E-01  8.97107497E-02  1.25261315E-03
4.70355273E-01  8.96748379E-02  1.23398402E-03
4.70646245E-01  9.00843665E-02  1.21980207E-03
4.70937216E-01  9.14662257E-02  1.24227232E-03
4.71228187E-01  8.98064002E-02  1.22708117E-03
4.71519159E-01  8.92761499E-02  1.23354257E-03
4.71810130E-01  8.99654254E-02  1.25508080E-03
4.72101102E-01  8.87611061E-02  1.21281063E-03
4.72392073E-01  9.07728970E-02  1.22141605E-03
4.72683044E-01  8.99107158E-02  1.23641395E-03
4.72974016E-01  8.88597816E-02  1.20746612E-03
4.73264987E-01  8.64421055E-02  1.21320179E-03
4.73555959E-01  9.06099156E-02  1.22953742E-03
4.73846930E-01  9.10735652E-02  1.22472062E-03
4.74137901E-01  8.91167149E-02  1.27018092E-03
4.74428873E-01  9.15520936E-02  1.23412523E-03
4.74719844E-01  9.19088945E-02  1.28331897E-03
4.75010816E-01  8.86054114E-02  1.23444723E-03
4.75301787E-01  9.14456546E-02  1.23714271E-03
4.75592758E-01  9.21479613E-02  1.23639312E-03
4.75883730E-01  8.88432041E-02  1.20162847E-03
4.76174701E-01  9.09056216E-02  1.25318416E-03
4.76465673E-01  8.96351263E-02  1.28164527E-03
4.76756644E-01  8.93125907E-02  1.18910335E-03
4.77047615E-01  8.90721008E-02  1.24731602E-03
4.77338587E-01  8.89698192E-02  1.20195968E-03
4.77629558E-01  8.90125930E-02  1.21443102E-03
4.77920530E-01  9.02829915E-02  1.20189728E-03
4.78211501E-01  8.83882195E-02  1.23078085E-03
4.78502472E-01  9.02229175E-02  1.22119847E-03
4.78793444E-01  8.92571062E-02  1.19250792E-03
4.79084415E-01  9.04893503E-02  1.24209654E-03
4.79375387E-01  9.01323557E-02  1.24299258E-03
4.79666358E-01  8.90520215E-02  1.26262754E-03
4.79957329E-01  8.74473229E-02  1.22769829E-03
4.80248301E-01  8.98643285E-02  1.22629991E-03
4.80539272E-01  8.95755738E-02  1.26056909E-03
4.80830244E-01  9.06362534E-02  1.28068030E-03
4.81121215E-01  9.02502984E-02  1.25734403E-03
4.81412186E-01  9.11429748E-02  1.25979388E-03
4.81703158E-01  8.89060125E-02  1.20030693E-03
4.81994129E-01  8.94872472E-02  1.24299282E-03
4.82285101E-01  8.86069983E-02  1.24257745E-03
4.82576072E-01  9.03432965E-02  1.23140751E-03
4.82867043E-01  8.81503671E-02  1.19072746E-03
4.83158015E-01  9.25133377E-02  1.26493128E-03
4.83448986E-01  9.03081968E-02  1.22916861E-03
4.83739958E-01  9.05957222E-02  1.23063056E-03
4.84030929E-01  9.01317000E-02  1.24208280E-03
4.84321900E-01  8.85649100E-02  1.22384948E-03
4.84612872E-01  8.78418908E-02  1.18871173E-03
4.84903843E-01  9.09084976E-02  1.24019524E-03
4.85194815E-01  8.93490314E-02  1.20479998E-03
4.85485786E-01  9.01835784E-02  1.24000048E-03
4.85776757E-01  8.94654915E-02  1.25206017E-03
4.86067729E-01  8.55937228E-02  1.16815313E-03
4.86358700E-01  8.91645625E-02  1.26566133E-03
4.86649672E-01  8.80683959E-02  1.18745456E-03
4.86940643E-01  9.14392024E-02  1.24511181E-03
4.87231614E-01  9.10787210E-02  1.20429310E-03
4.87522586E-01  8.87532085E-02  1.20697438E-03
4.87813557E-01  8.75930861E-02  1.21935410E-03
4.88104529E-01  8.91211182E-02  1.26467121E-03
4.88395500E-01  8.72574821E-02  1.21770205E-03
4.88686472E-01  9.03112516E-02  1.22973754E-03
4.88977443E-01  8.85488763E-02  1.17829652E-03
4.89268414E-01  8.98368433E-02  1.24023319E-03
4.89559386E-01  8.80253538E-02  1.23370357E-03
4.89850357E-01  8.77759233E-02  1.24228315E-03
4.90141329E-01  8.90611485E-02  1.23145978E-03
4.90432300E-01  8.77966732E-02  1.20652514E-03
4.90723271E-01  8.94487947E-02  1.20175211E-03
4.91014243E-01  8.66576657E-02  1.19788328E-03
4.91305214E-01  8.94823298E-02  1.22578093E-03
4.91596186E-01  8.79403055E-02  1.19402201E-03
4.91887157E-01  8.93886387E-02  1.21644954E-03
4.92178128E-01  8.57019946E-02  1.15959800E-03
4.92469100E-01  8.84100422E-02  1.18304905E-03
4.92760071E-01  8.94113556E-02  1.23252848E-03
4.93051043E-01  8.73068646E-02  1.19000941E-03
4.93342014E-01  8.98191407E-02  1.26018189E-03
4.93632985E-01  8.72977227E-02  1.19155284E-03
4.93923957E-01  8.69969428E-02  1.23265071E-03
4.94214928E-01  8.83418024E-02  1.22675963E-03
4.94505900E-01  8.92953053E-02  1.26296922E-03
4.94796871E-01  8.95020291E-02  1.19676301E-03
4.95087842E-01  8.88905078E-02  1.21829275E-03
4.95378814E-01  8.61703679E-02  1.20163348E-03
4.95669785E-01  8.77992511E-02  1.25618000E-03
4.95960757E-01  8.72359127E-02  1.19126530E-03
4.96251728E-01  8.96088108E-02  1.22688420E-03
4.96542699E-01  8.91741663E-02  1.26009097E-03
4.96833671E-01  9.05000493E-02  1.24041364E-03
4.97124642E-01  8.79671723E-02  1.19195960E-03
4.97415614E-01  8.84906575E-02  1.24052959E-03
4.97706585E-01  8.67689177E-02  1.20781327E-03
4.97997556E-01  8.95997733E-02  1.23133219E-03
4.98288528E-01  8.78450722E-02  1.19483436E-03
4.98579499E-01  8.76354650E-02  1.19570235E-03
4.98870471E-01  8.64215419E-02  1.18605350E-03
4.99161442E-01  8.94580781E-02  1.21183251E-03
4.99452413E-01  8.86101648E-02  1.22081419E-03
4.99743385E-01  8.79582390E-02  1.20240031E-03
5.00034356E-01  8.75460580E-02  1.22413191E-03
5.00325328E-01  8.68264884E-02  1.18656387E-03
5.00616299E-01  8.93692374E-02  1.21718238E-03
5.00907270E-01  8.77512023E-02  1.19870738E-03
5.01198242E-01  8.91410932E-02  1.19635975E-03
5.01489213E-01  8.85616615E-02  1.24284299E-03
5.01780185E-01  8.86964574E-02  1.23182661E-03
5.02071156E-01  8.76988098E-02  1.18975400E-03
5.02362127E-01  8.93377885E-02  1.20259076E-03
5.02653099E-01  8.71257260E-02  1.21492276E-03
5.02944070E-01  8.59864727E-02  1.19517557E-03
5.03235042E-01  8.80882964E-02  1.20826811E-03
5.03526013E-01  8.80413577E-02  1.19115133E-03
5.03816984E-01  8.76043513E-02  1.21271797E-03
5.04107956E-01  8.70394781E-02  1.21766189E-03
5.04398927E-01  9.11278501E-02  1.18469389E-03
5.04689899E-01  8.92333239E-02  1.22185634E-03
5.04980870E-01  8.72884393E-02  1.21053203E-03
5.05271841E-01  8.87490138E-02  1.25137810E-03
5.05562813E-01  8.89428109E-02  1.22992601E-03
5.05853784E-01  8.65181610E-02  1.17880059E-03
5.06144756E-01  8.83385241E-02  1.21341553E-03
5.06435727E-01  8.90121087E-02  1.19412562E-03
5.06726699E-01  8.70742127E-02  1.20762736E-03
5.07017670E-01  8.76393095E-02  1.19241094E-03
5.07308641E-01  8.93509910E-02  1.21867796E-03
5.07599613E-01  8.57849121E-02  1.22118730E-03
5.07890584E-01  8.67618099E-02  1.20412931E-03
5.08181556E-01  8.79606083E-02  1.21424149E-03
5.08472527E-01  8.87028351E-02  1.24417525E-03
5.08763498E-01  8.43684897E-02  1.18076371E-03
5.09054470E-01  8.56495351E-02  1.20192079E-03
5.09345441E-01  8.86949599E-02  1.23958860E-03
5.09636413E-01  8.60032737E-02  1.20220031E-03
5.09927384E-01  8.85200649E-02  1.23143790E-03
5.10218355E-01  8.69706422E-02  1.23244768E-03
5.10509327E-01  8.81271288E-02  1.23530556E-03
5.10800298E-01  8.56818408E-02  1.17688696E-03
5.11091270E-01  8.70808959E-02  1.20268494E-03
5.11382241E-01  8.94849002E-02  1.24201900E-03
5.11673212E-01  8.68728980E-02  1.21323555E-03
5.11964184E-01  8.50846469E-02  1.21852220E-03
5.12255155E-01  8.68920237E-02  1.19068415E-03
5.12546127E-01  8.63072202E-02  1.19386730E-03
5.12837098E-01  8.74491781E-02  1.20010425E-03
5.13128069E-01  8.82997960E-02  1.24313775E-03
5.13419041E-01  8.91560838E-02  1.22550863E-03
5.13710012E-01  8.91270339E-02  1.19450863E-03
5.14000984E-01  8.95556435E-02  1.23877765E-03
5.14291955E-01  8.87173489E-02  1.22966012E-03
5.14582926E-01  8.68554488E-02  1.22478034E-03
5.14873898E-01  8.58883336E-02  1.21431681E-03
5.15164869E-01  8.77561122E-02  1.23415748E-03
5.15455841E-01  8.70842561E-02  1.18073332E-03
5.15746812E-01  8.64585266E-02  1.18769263E-03
5.16037783E-01  8.73086825E-02  1.23000296E-03
5.16328755E-01  8.74538794E-02  1.24912604E-03
5.16619726E-01  8.61304030E-02  1.20116654E-03
5.16910698E-01  8.81810933E-02  1.20214408E-03
5.17201669E-01  8.65487456E-02  1.20741816E-03
5.17492640E-01  8.78610685E-02  1.22971670E-03
5.17783612E-01  8.57372135E-02  1.21651369E-03
5.18074583E-01  8.80330801E-02  1.21478352E-03
5.18365555E-01  8.78855437E-02  1.21705432E-03
5.18656526E-01  8.75646994E-02  1.20933703E-03
5.18947497E-01  8.68503377E-02  1.19885453E-03
5.19238469E-01  8.49543139E-02  1.17493188E-03
5.19529440E-01  8.71929750E-02  1.23196596E-03
5.19820412E-01  8.60774741E-02  1.20278052E-03
5.20111383E-01  8.52923468E-02  1.23323663E-03
5.20402354E-01  8.86771753E-02  1.20618334E-03
5.20693326E-01  8.86041895E-02  1.22264260E-03
5.20984297E-01  8.69495496E-02  1.23566389E-03
5.21275269E-01  8.95249397E-02  1.25063909E-03
5.21566240E-01  8.57825503E-02  1.17651804E-03
5.21857211E-01  8.79858434E-02  1.21685443E-03
5.22148183E-01  8.73823464E-02  1.19088264E-03
5.22439154E-01  8.84607658E-02  1.20028248E-03
5.22730126E-01  8.70378464E-02  1.20673352E-03
5.23021097E-01  8.56166035E-02  1.16993906E-03
5.23312068E-01  8.71585086E-02  1.19024294E-03
5.23603040E-01  8.62911418E-02  1.21532113E-03
5.23894011E-01  8.68972987E-02  1.22860423E-03
5.24184983E-01  8.86554271E-02  1.23811129E-03
5.24475954E-01  8.58679041E-02  1.20217376E-03
5.24766925E-01  8.80255252E-02  1.19255600E-03
5.25057897E-01  8.96344334E-02  1.21959019E-03
5.25348868E-01  8.81155133E-02  1.20127026E-03
5.25639840E-01  8.86864439E-02  1.26417982E-03
5.25930811E-01  8.69873837E-02  1.18000805E-03
5.26221783E-01  8.68868530E-02  1.21751265E-03
5.26512754E-01  8.62108245E-02  1.16183818E-03
5.26803725E-01  8.58642384E-02  1.18182215E-03
5.27094697E-01  8.73135030E-02  1.17547240E-03
5.27385668E-01  8.86877552E-02  1.17473979E-03
5.27676640E-01  8.63416865E-02  1.17303594E-03
5.27967611E-01  8.59930366E-02  1.18864339E-03
5.28258582E-01  8.85600075E-02  1.19382679E-03
5.28549554E-01  8.57992247E-02  1.15477224E-03
5.28840525E-01  8.68260637E-02  1.22095644E-03
5.29131497E-01  8.93221423E-02  1.17940048E-03
5.29422468E-01  8.66224617E-02  1.20871374E-03
5.29713439E-01  8.68293718E-02  1.18629669E-03
5.30004411E-01  8.51920322E-02  1.18415337E-03


### HEADER:
#
#{
#    "analysis": {},
#    "calibration_params": {
#        "Beam_Center_X": 1065.0,
#        "Beam_Center_Y": 2064.0,
#        "Detector Tilt": 0.0,
#        "Detector Tilt Plane Rotation": 0.0,
#        "Detector_X_Pixel_Size": 75.0,
#        "Detector_Y_Pixel_Size": 75.0,
#        "Integration Method": "nosplit_csr",
#        "Radial_Average_Method": "pyFAI",
#        "Sample-to-detector distance (mm)": 1824.0,
#        "Wavelength (A)": 0.8848865554555589
#    },
#    "config_file": "/home/chess_id7a/.RAW/backup.cfg",
#    "counters": {
#        "Epoch": "98.223",
#        "I1": "0",
#        "I2": "0",
#        "I3": "0",
#        "Seconds": "1",
#        "Time": "1.62125e-05",
#        "date": "Sat Mar 16 16:48:11 2024",
#        "diode": "74381"
#    },
#    "filename": "DM0011_10C_050MPa_dn_3_data_000001_00001.h5",
#    "history": {},
#    "imageHeader": {},
#    "load_path": "/nfs/chess/daq/current/id7a/Milshteyn_03_15_2024/DM0011/DM0011_10C_050MPa_dn_3_data_000001.h5",
#    "normalizations": {
#        "Absolute_scale": {
#            "Absolute_scale_factor": 0.017092358101131556,
#            "Method": "Water"
#        },
#        "Counter_norms": [
#            [
#                "/",
#                "diode/150000"
#            ]
#        ],
#        "Polarization": {
#            "Used": false
#        },
#        "Solid_Angle_Correction": "On"
#    },
#    "raw_version": "2.2.1",
#    "unit": ""
#}

