### DATA:
#
# 1786
#      Q             I(Q)           Error     
1.06204562E-02  4.63610935E+00  6.95420876E-02
1.09114276E-02  4.19834614E+00  7.14882314E-02
1.12023990E-02  3.80636835E+00  6.86867386E-02
1.14933704E-02  3.40297627E+00  5.01976199E-02
1.17843418E-02  3.15574789E+00  5.84589243E-02
1.20753132E-02  2.93186855E+00  5.79202548E-02
1.23662846E-02  2.72503948E+00  5.62138185E-02
1.26572560E-02  2.51498175E+00  4.07465547E-02
1.29482274E-02  2.22468567E+00  3.96889560E-02
1.32391988E-02  2.08850217E+00  3.58071625E-02
1.35301702E-02  1.96654618E+00  3.36307324E-02
1.38211416E-02  1.87673616E+00  3.66806351E-02
1.41121131E-02  1.74042189E+00  3.12532112E-02
1.44030845E-02  1.59384656E+00  2.90842298E-02
1.46940559E-02  1.48884714E+00  2.87843775E-02
1.49850273E-02  1.39910018E+00  2.61831433E-02
1.52759987E-02  1.35744929E+00  2.32409015E-02
1.55669701E-02  1.28240979E+00  2.00507510E-02
1.58579415E-02  1.18980575E+00  1.91608630E-02
1.61489129E-02  1.14155447E+00  1.82401463E-02
1.64398843E-02  1.08801854E+00  1.93390492E-02
1.67308557E-02  1.04865599E+00  1.74639560E-02
1.70218271E-02  9.91379619E-01  1.86012927E-02
1.73127985E-02  9.64583814E-01  1.68109685E-02
1.76037699E-02  9.40784037E-01  1.63012389E-02
1.78947413E-02  8.66058111E-01  1.37777766E-02
1.81857127E-02  8.47859204E-01  1.53607549E-02
1.84766841E-02  7.96507895E-01  1.29396245E-02
1.87676555E-02  7.62071371E-01  1.19938478E-02
1.90586269E-02  7.34020352E-01  1.35837318E-02
1.93495983E-02  7.27325976E-01  1.26391342E-02
1.96405697E-02  6.85631931E-01  1.23935519E-02
1.99315411E-02  6.69507444E-01  1.09282983E-02
2.02225125E-02  6.27891362E-01  1.12503143E-02
2.05134839E-02  6.01313949E-01  1.07827699E-02
2.08044553E-02  6.13014996E-01  1.02680819E-02
2.10954267E-02  5.92436373E-01  1.02300402E-02
2.13863981E-02  5.73902667E-01  9.87835880E-03
2.16773695E-02  5.47470510E-01  1.00053130E-02
2.19683409E-02  5.26214182E-01  8.88318755E-03
2.22593123E-02  5.13493061E-01  8.20809416E-03
2.25502837E-02  5.14066339E-01  8.00521486E-03
2.28412551E-02  5.00541866E-01  7.49503821E-03
2.31322265E-02  4.61720794E-01  7.62904435E-03
2.34231979E-02  4.53788489E-01  6.68203924E-03
2.37141694E-02  4.73574638E-01  7.21296854E-03
2.40051408E-02  4.48831767E-01  7.45013263E-03
2.42961122E-02  4.33959782E-01  6.79035345E-03
2.45870836E-02  4.33421969E-01  6.60930108E-03
2.48780550E-02  4.32469875E-01  6.51788758E-03
2.51690264E-02  4.11948323E-01  6.63138973E-03
2.54599978E-02  3.97400886E-01  6.36966852E-03
2.57509692E-02  3.98879856E-01  6.36543147E-03
2.60419406E-02  3.87444168E-01  6.14767335E-03
2.63329120E-02  3.73585045E-01  5.88073954E-03
2.66238834E-02  3.70779216E-01  5.80009446E-03
2.69148548E-02  3.71941090E-01  6.00149669E-03
2.72058262E-02  3.64185989E-01  5.89424465E-03
2.74967976E-02  3.67323995E-01  5.23879938E-03
2.77877690E-02  3.62914801E-01  5.63945482E-03
2.80787404E-02  3.50684583E-01  5.67735033E-03
2.83697118E-02  3.49646837E-01  5.63691836E-03
2.86606832E-02  3.43077809E-01  5.05025033E-03
2.89516546E-02  3.40562731E-01  5.10247750E-03
2.92426260E-02  3.35921258E-01  5.30122453E-03
2.95335974E-02  3.44147295E-01  5.31037757E-03
2.98245688E-02  3.41247380E-01  5.34946797E-03
3.01155402E-02  3.25179666E-01  5.25620673E-03
3.04065116E-02  3.21622312E-01  5.32740401E-03
3.06974830E-02  3.17049623E-01  4.56074672E-03
3.09884544E-02  3.14974278E-01  4.80058743E-03
3.12794258E-02  3.12590331E-01  4.31905361E-03
3.15703972E-02  3.07458878E-01  4.56074346E-03
3.18613686E-02  3.08095336E-01  4.43503400E-03
3.21523400E-02  3.12233835E-01  4.36828844E-03
3.24433114E-02  3.02331030E-01  4.85182367E-03
3.27342828E-02  3.02782238E-01  4.17068042E-03
3.30252543E-02  2.96997845E-01  4.38484550E-03
3.33162257E-02  3.06297064E-01  4.15342022E-03
3.36071971E-02  2.92847663E-01  4.24065255E-03
3.38981685E-02  2.89057940E-01  3.97264119E-03
3.41891399E-02  2.92450994E-01  4.20558266E-03
3.44801113E-02  2.96045989E-01  4.26674355E-03
3.47710827E-02  2.98600674E-01  4.04884201E-03
3.50620541E-02  2.90765315E-01  3.86555656E-03
3.53530255E-02  2.95576006E-01  3.97954695E-03
3.56439969E-02  2.86298722E-01  3.77217168E-03
3.59349683E-02  2.86427677E-01  4.02857549E-03
3.62259397E-02  2.95953065E-01  3.89978569E-03
3.65169111E-02  2.86408782E-01  3.80151323E-03
3.68078825E-02  2.90920407E-01  3.96618107E-03
3.70988539E-02  2.88686335E-01  3.78602976E-03
3.73898253E-02  2.97834694E-01  3.77403735E-03
3.76807967E-02  2.87744910E-01  3.49457562E-03
3.79717681E-02  2.85789341E-01  3.56373796E-03
3.82627395E-02  2.91613013E-01  3.72231822E-03
3.85537109E-02  2.81458139E-01  3.51837766E-03
3.88446823E-02  2.82975137E-01  3.55538004E-03
3.91356537E-02  2.86224693E-01  3.61903547E-03
3.94266251E-02  2.93711096E-01  3.69965774E-03
3.97175965E-02  2.86723495E-01  3.65164201E-03
4.00085679E-02  2.89002061E-01  3.38495988E-03
4.02995393E-02  2.88832366E-01  3.63040878E-03
4.05905107E-02  2.96365678E-01  3.44959646E-03
4.08814821E-02  2.89948642E-01  3.43510113E-03
4.11724535E-02  2.92948246E-01  3.45032290E-03
4.14634249E-02  2.97930926E-01  3.38725233E-03
4.17543963E-02  2.90734679E-01  3.54379299E-03
4.20453677E-02  2.96873450E-01  3.62071744E-03
4.23363392E-02  2.98891306E-01  3.59921693E-03
4.26273106E-02  2.94103235E-01  3.47762788E-03
4.29182820E-02  3.02658141E-01  3.63198156E-03
4.32092534E-02  3.01881313E-01  3.52564012E-03
4.35002248E-02  3.04345906E-01  3.43509461E-03
4.37911962E-02  3.09656471E-01  3.46483523E-03
4.40821676E-02  3.10600311E-01  3.34519357E-03
4.43731390E-02  3.14824939E-01  3.56201571E-03
4.46641104E-02  3.15159529E-01  3.54393083E-03
4.49550818E-02  3.18721712E-01  3.32261040E-03
4.52460532E-02  3.13839048E-01  3.28124291E-03
4.55370246E-02  3.15576136E-01  3.23386164E-03
4.58279960E-02  3.16689223E-01  3.32773081E-03
4.61189674E-02  3.21544141E-01  3.85096436E-03
4.64099388E-02  3.33104432E-01  3.52202589E-03
4.67009102E-02  3.27808619E-01  3.57337110E-03
4.69918816E-02  3.33764911E-01  3.42397788E-03
4.72828530E-02  3.33837301E-01  3.62400222E-03
4.75738244E-02  3.42821777E-01  3.53828003E-03
4.78647958E-02  3.36447924E-01  3.55941802E-03
4.81557672E-02  3.41120988E-01  3.65889259E-03
4.84467386E-02  3.44262362E-01  3.64950951E-03
4.87377100E-02  3.54835004E-01  3.53843533E-03
4.90286814E-02  3.53402793E-01  3.57438624E-03
4.93196528E-02  3.52346718E-01  3.50618549E-03
4.96106242E-02  3.60475749E-01  3.71254003E-03
4.99015956E-02  3.73447239E-01  3.44749796E-03
5.01925670E-02  3.74204755E-01  3.74893937E-03
5.04835384E-02  3.70930135E-01  3.64190084E-03
5.07745098E-02  3.78958166E-01  3.75702186E-03
5.10654812E-02  3.91596854E-01  3.71081918E-03
5.13564526E-02  3.84215504E-01  3.78814642E-03
5.16474241E-02  3.92874092E-01  3.77208646E-03
5.19383955E-02  4.02821988E-01  3.77194164E-03
5.22293669E-02  4.10943687E-01  3.69993853E-03
5.25203383E-02  4.16763484E-01  3.77171254E-03
5.28113097E-02  4.25820917E-01  3.84241296E-03
5.31022811E-02  4.27172035E-01  4.02896106E-03
5.33932525E-02  4.21198964E-01  3.88996187E-03
5.36842239E-02  4.40526426E-01  4.12612269E-03
5.39751953E-02  4.47542101E-01  3.99632240E-03
5.42661667E-02  4.53286648E-01  3.87297198E-03
5.45571381E-02  4.62162375E-01  4.05163923E-03
5.48481095E-02  4.57758009E-01  4.01257258E-03
5.51390809E-02  4.73431468E-01  4.01872676E-03
5.54300523E-02  4.79309857E-01  4.12711315E-03
5.57210237E-02  4.88609195E-01  4.17736871E-03
5.60119951E-02  4.95694041E-01  4.40853927E-03
5.63029665E-02  5.12620032E-01  4.25027823E-03
5.65939379E-02  5.18743396E-01  4.21800511E-03
5.68849093E-02  5.32434404E-01  3.96953244E-03
5.71758807E-02  5.34219682E-01  4.25704289E-03
5.74668521E-02  5.43015063E-01  4.29870002E-03
5.77578235E-02  5.59993863E-01  4.52229800E-03
5.80487949E-02  5.71878850E-01  4.21365118E-03
5.83397663E-02  5.85165799E-01  4.38144989E-03
5.86307377E-02  6.00911200E-01  4.41006059E-03
5.89217091E-02  6.09528899E-01  4.71081724E-03
5.92126805E-02  6.16636992E-01  4.50403942E-03
5.95036519E-02  6.34413898E-01  4.78866324E-03
5.97946233E-02  6.56973720E-01  4.80784057E-03
6.00855947E-02  6.57278359E-01  4.75436030E-03
6.03765661E-02  6.72129750E-01  4.79566120E-03
6.06675375E-02  7.08249867E-01  4.83833672E-03
6.09585090E-02  7.15566039E-01  4.86203423E-03
6.12494804E-02  7.36305416E-01  4.92869923E-03
6.15404518E-02  7.48855472E-01  5.04300743E-03
6.18314232E-02  7.70712912E-01  4.98842401E-03
6.21223946E-02  7.97308385E-01  5.20019466E-03
6.24133660E-02  8.25553596E-01  5.43225557E-03
6.27043374E-02  8.39083314E-01  5.29162539E-03
6.29953088E-02  8.60003591E-01  5.74668730E-03
6.32862802E-02  8.87540698E-01  5.43092983E-03
6.35772516E-02  9.08391118E-01  5.80508588E-03
6.38682230E-02  9.40971076E-01  5.89843187E-03
6.41591944E-02  9.74698782E-01  5.89872338E-03
6.44501658E-02  9.93352592E-01  6.00232836E-03
6.47411372E-02  1.03943610E+00  6.16921671E-03
6.50321086E-02  1.07299316E+00  6.39282493E-03
6.53230800E-02  1.10644174E+00  6.24383939E-03
6.56140514E-02  1.15213919E+00  6.68058591E-03
6.59050228E-02  1.18380547E+00  6.57713832E-03
6.61959942E-02  1.21733224E+00  6.89150300E-03
6.64869656E-02  1.27352011E+00  7.00378511E-03
6.67779370E-02  1.32911932E+00  6.80841459E-03
6.70689084E-02  1.37425375E+00  7.39592034E-03
6.73598798E-02  1.42141485E+00  7.83966575E-03
6.76508512E-02  1.47998631E+00  7.80098047E-03
6.79418226E-02  1.53548515E+00  8.15206673E-03
6.82327940E-02  1.58543921E+00  8.11482593E-03
6.85237654E-02  1.65506399E+00  8.86667706E-03
6.88147368E-02  1.74572790E+00  9.39208083E-03
6.91057082E-02  1.82084894E+00  1.00830747E-02
6.93966796E-02  1.90371108E+00  9.85902082E-03
6.96876510E-02  1.98680127E+00  1.01948660E-02
6.99786224E-02  2.06917644E+00  1.10824639E-02
7.02695938E-02  2.16052556E+00  1.19553534E-02
7.05605653E-02  2.27028775E+00  1.22752506E-02
7.08515367E-02  2.39472747E+00  1.36034545E-02
7.11425081E-02  2.52417040E+00  1.37536200E-02
7.14334795E-02  2.66825819E+00  1.52873481E-02
7.17244509E-02  2.80931997E+00  1.62992924E-02
7.20154223E-02  2.96375751E+00  1.72069054E-02
7.23063937E-02  3.13902831E+00  1.90911870E-02
7.25973651E-02  3.30882931E+00  1.98228080E-02
7.28883365E-02  3.52135253E+00  2.14327723E-02
7.31793079E-02  3.68841386E+00  2.34901179E-02
7.34702793E-02  3.93107891E+00  2.40827929E-02
7.37612507E-02  4.16363287E+00  2.63623446E-02
7.40522221E-02  4.43254519E+00  2.87463684E-02
7.43431935E-02  4.72459030E+00  3.08700651E-02
7.46341649E-02  5.03810263E+00  3.24926749E-02
7.49251363E-02  5.38407135E+00  3.42417210E-02
7.52161077E-02  5.66808319E+00  3.48565057E-02
7.55070791E-02  6.03880930E+00  3.70890126E-02
7.57980505E-02  6.37355232E+00  3.59671973E-02
7.60890219E-02  6.70023394E+00  3.56909893E-02
7.63799933E-02  7.05203009E+00  3.64594273E-02
7.66709647E-02  7.37836742E+00  3.33366841E-02
7.69619361E-02  7.67423677E+00  3.12686004E-02
7.72529075E-02  7.92983770E+00  2.81922836E-02
7.75438789E-02  8.13280582E+00  2.53549460E-02
7.78348503E-02  8.31995010E+00  2.30900031E-02
7.81258217E-02  8.44121933E+00  2.37154812E-02
7.84167931E-02  8.49580479E+00  2.59790607E-02
7.87077645E-02  8.50013733E+00  3.10876146E-02
7.89987359E-02  8.41100979E+00  3.70752849E-02
7.92897073E-02  8.27251053E+00  4.38564047E-02
7.95806787E-02  8.05772877E+00  4.89057936E-02
7.98716502E-02  7.76524639E+00  5.49923703E-02
8.01626216E-02  7.45189333E+00  5.91063462E-02
8.04535930E-02  7.10153008E+00  6.09382875E-02
8.07445644E-02  6.68083096E+00  6.14618659E-02
8.10355358E-02  6.21576309E+00  6.09026775E-02
8.13265072E-02  5.78935671E+00  5.88121638E-02
8.16174786E-02  5.32395077E+00  5.59729524E-02
8.19084500E-02  4.87751055E+00  5.38961254E-02
8.21994214E-02  4.50532293E+00  4.98614721E-02
8.24903928E-02  4.09768963E+00  4.35337797E-02
8.27813642E-02  3.71864748E+00  4.07592691E-02
8.30723356E-02  3.38126016E+00  3.60305049E-02
8.33633070E-02  3.11420536E+00  3.18842158E-02
8.36542784E-02  2.83170629E+00  2.84286253E-02
8.39452498E-02  2.61085415E+00  2.50605289E-02
8.42362212E-02  2.39593792E+00  2.20606867E-02
8.45271926E-02  2.22302485E+00  1.97466034E-02
8.48181640E-02  2.06346822E+00  1.72111057E-02
8.51091354E-02  1.92467856E+00  1.52573436E-02
8.54001068E-02  1.79358101E+00  1.39595037E-02
8.56910782E-02  1.69194424E+00  1.27784647E-02
8.59820496E-02  1.62568033E+00  1.11885667E-02
8.62730210E-02  1.53159606E+00  1.04887504E-02
8.65639924E-02  1.46828318E+00  9.79894679E-03
8.68549638E-02  1.39860892E+00  8.90821777E-03
8.71459352E-02  1.35634565E+00  8.73592217E-03
8.74369066E-02  1.30690300E+00  7.93258101E-03
8.77278780E-02  1.25278640E+00  7.58218952E-03
8.80188494E-02  1.22035134E+00  7.43110618E-03
8.83098208E-02  1.17893255E+00  7.01392116E-03
8.86007922E-02  1.14877701E+00  6.78692618E-03
8.88917636E-02  1.12466443E+00  6.55529462E-03
8.91827351E-02  1.08779788E+00  6.09388109E-03
8.94737065E-02  1.06242669E+00  6.15074392E-03
8.97646779E-02  1.04891276E+00  6.16853777E-03
9.00556493E-02  1.02310896E+00  5.94546972E-03
9.03466207E-02  9.99123931E-01  5.62881213E-03
9.06375921E-02  9.71900523E-01  5.32941008E-03
9.09285635E-02  9.64417160E-01  5.27703390E-03
9.12195349E-02  9.46691453E-01  5.20726666E-03
9.15105063E-02  9.34345961E-01  5.10096550E-03
9.18014777E-02  9.16023076E-01  4.99434071E-03
9.20924491E-02  8.95437360E-01  4.85721929E-03
9.23834205E-02  8.85054231E-01  4.90521546E-03
9.26743919E-02  8.76644731E-01  4.79283417E-03
9.29653633E-02  8.68290126E-01  4.88036266E-03
9.32563347E-02  8.63522232E-01  4.63009067E-03
9.35473061E-02  8.49040926E-01  4.70494386E-03
9.38382775E-02  8.40527356E-01  4.53197490E-03
9.41292489E-02  8.34811389E-01  4.75939550E-03
9.44202203E-02  8.20483625E-01  4.42223018E-03
9.47111917E-02  8.16381931E-01  4.57701040E-03
9.50021631E-02  8.11963797E-01  4.42262180E-03
9.52931345E-02  8.02074969E-01  4.30583535E-03
9.55841059E-02  7.98299253E-01  4.47406154E-03
9.58750773E-02  7.95403242E-01  4.38764086E-03
9.61660487E-02  7.82292187E-01  4.39077523E-03
9.64570201E-02  7.82436371E-01  4.34767548E-03
9.67479915E-02  7.71776140E-01  4.12634248E-03
9.70389629E-02  7.69202232E-01  4.12175339E-03
9.73299343E-02  7.59368837E-01  4.07068990E-03
9.76209057E-02  7.56103218E-01  4.39377269E-03
9.79118771E-02  7.56058574E-01  4.20052605E-03
9.82028485E-02  7.50447929E-01  4.29679500E-03
9.84938200E-02  7.51174510E-01  4.26683715E-03
9.87847914E-02  7.52910972E-01  3.94815300E-03
9.90757628E-02  7.43490636E-01  4.14912216E-03
9.93667342E-02  7.37148702E-01  4.07499867E-03
9.96577056E-02  7.38407195E-01  4.17020544E-03
9.99486770E-02  7.36117780E-01  3.93734407E-03
1.00239648E-01  7.28775084E-01  4.13569715E-03
1.00530620E-01  7.35098898E-01  4.21539368E-03
1.00821591E-01  7.30909705E-01  4.11160011E-03
1.01112563E-01  7.33283401E-01  4.03603166E-03
1.01403534E-01  7.32301176E-01  4.22804430E-03
1.01694505E-01  7.30954468E-01  3.99750844E-03
1.01985477E-01  7.21817434E-01  4.12031543E-03
1.02276448E-01  7.32916415E-01  3.86072509E-03
1.02567420E-01  7.23905385E-01  3.92108783E-03
1.02858391E-01  7.22622931E-01  3.91260721E-03
1.03149362E-01  7.22677529E-01  3.94797930E-03
1.03440334E-01  7.28085816E-01  3.99361318E-03
1.03731305E-01  7.26174831E-01  3.97230173E-03
1.04022277E-01  7.24526584E-01  3.88888596E-03
1.04313248E-01  7.27532864E-01  3.94981727E-03
1.04604219E-01  7.32014179E-01  3.92009364E-03
1.04895191E-01  7.31214106E-01  3.97894392E-03
1.05186162E-01  7.23786235E-01  3.78618552E-03
1.05477134E-01  7.34199345E-01  3.86721711E-03
1.05768105E-01  7.38339007E-01  3.83895193E-03
1.06059076E-01  7.39402771E-01  3.94498371E-03
1.06350048E-01  7.47081757E-01  3.98988836E-03
1.06641019E-01  7.38116324E-01  4.04295186E-03
1.06931991E-01  7.40138233E-01  3.98613047E-03
1.07222962E-01  7.38997996E-01  3.89993191E-03
1.07513933E-01  7.38903999E-01  3.77282384E-03
1.07804905E-01  7.49322534E-01  4.10051411E-03
1.08095876E-01  7.46833384E-01  3.95556213E-03
1.08386848E-01  7.48425424E-01  3.94069310E-03
1.08677819E-01  7.49995768E-01  3.95292183E-03
1.08968790E-01  7.57658720E-01  3.89811397E-03
1.09259762E-01  7.57208526E-01  3.91359534E-03
1.09550733E-01  7.53728330E-01  3.83423408E-03
1.09841705E-01  7.58359075E-01  3.96931451E-03
1.10132676E-01  7.62361467E-01  3.82914930E-03
1.10423647E-01  7.69860744E-01  3.99330119E-03
1.10714619E-01  7.73123264E-01  3.92203173E-03
1.11005590E-01  7.73432553E-01  3.87393008E-03
1.11296562E-01  7.88568377E-01  3.99737246E-03
1.11587533E-01  7.83404410E-01  4.04713955E-03
1.11878504E-01  7.81178713E-01  3.90494266E-03
1.12169476E-01  7.91761816E-01  3.95510439E-03
1.12460447E-01  7.97300041E-01  3.95905832E-03
1.12751419E-01  8.05999756E-01  4.10252111E-03
1.13042390E-01  8.13144565E-01  3.93440621E-03
1.13333362E-01  8.11529815E-01  4.03629802E-03
1.13624333E-01  8.13137293E-01  3.98193905E-03
1.13915304E-01  8.20120752E-01  3.98299517E-03
1.14206276E-01  8.29641163E-01  4.23654309E-03
1.14497247E-01  8.37795615E-01  4.08481527E-03
1.14788219E-01  8.45339596E-01  4.13195696E-03
1.15079190E-01  8.42935562E-01  3.95274861E-03
1.15370161E-01  8.65763068E-01  4.11299989E-03
1.15661133E-01  8.66545081E-01  4.20713099E-03
1.15952104E-01  8.74026299E-01  4.15690895E-03
1.16243076E-01  8.83517802E-01  4.27261787E-03
1.16534047E-01  8.86656284E-01  4.10777424E-03
1.16825018E-01  8.93323898E-01  4.17792331E-03
1.17115990E-01  8.98708820E-01  4.23199404E-03
1.17406961E-01  9.13499236E-01  4.26181266E-03
1.17697933E-01  9.23434734E-01  4.05347720E-03
1.17988904E-01  9.27700043E-01  4.05394705E-03
1.18279875E-01  9.40757394E-01  4.18588985E-03
1.18570847E-01  9.41912711E-01  4.21737600E-03
1.18861818E-01  9.58734274E-01  4.22117580E-03
1.19152790E-01  9.78543758E-01  4.15475294E-03
1.19443761E-01  9.81395483E-01  4.29969002E-03
1.19734732E-01  9.96011555E-01  4.34077950E-03
1.20025704E-01  1.00840187E+00  4.30844119E-03
1.20316675E-01  1.02022552E+00  4.34882799E-03
1.20607647E-01  1.02937996E+00  4.52805916E-03
1.20898618E-01  1.04438102E+00  4.63412190E-03
1.21189589E-01  1.04966855E+00  4.63500479E-03
1.21480561E-01  1.07284176E+00  4.53585899E-03
1.21771532E-01  1.08621371E+00  4.67594620E-03
1.22062504E-01  1.10563314E+00  4.86653764E-03
1.22353475E-01  1.12418568E+00  4.92183585E-03
1.22644446E-01  1.14155209E+00  4.93684085E-03
1.22935418E-01  1.15624011E+00  4.97684348E-03
1.23226389E-01  1.17461550E+00  4.85571707E-03
1.23517361E-01  1.19820154E+00  5.24861831E-03
1.23808332E-01  1.21247125E+00  5.08039258E-03
1.24099303E-01  1.23424315E+00  5.19764936E-03
1.24390275E-01  1.25617623E+00  5.26238093E-03
1.24681246E-01  1.27346373E+00  5.11745550E-03
1.24972218E-01  1.30259609E+00  5.39413048E-03
1.25263189E-01  1.33341587E+00  5.25811687E-03
1.25554160E-01  1.34530902E+00  5.51601127E-03
1.25845132E-01  1.37850678E+00  5.62776392E-03
1.26136103E-01  1.39674032E+00  5.73473144E-03
1.26427075E-01  1.42754197E+00  5.70254726E-03
1.26718046E-01  1.46353543E+00  5.84815955E-03
1.27009017E-01  1.49723840E+00  6.20644959E-03
1.27299989E-01  1.52822077E+00  6.21617120E-03
1.27590960E-01  1.56709087E+00  6.40765531E-03
1.27881932E-01  1.61262262E+00  6.13098219E-03
1.28172903E-01  1.64759672E+00  6.57435926E-03
1.28463874E-01  1.68111908E+00  6.73526712E-03
1.28754846E-01  1.71662760E+00  6.67287316E-03
1.29045817E-01  1.77489305E+00  7.00058974E-03
1.29336789E-01  1.80998087E+00  7.05256406E-03
1.29627760E-01  1.85611165E+00  7.31290411E-03
1.29918731E-01  1.91882515E+00  7.64219556E-03
1.30209703E-01  1.96580911E+00  7.48621998E-03
1.30500674E-01  1.99978328E+00  7.73662841E-03
1.30791646E-01  2.04264712E+00  7.64097087E-03
1.31082617E-01  2.09192824E+00  7.82365352E-03
1.31373589E-01  2.13892031E+00  8.03700555E-03
1.31664560E-01  2.18140125E+00  7.78042525E-03
1.31955531E-01  2.23428822E+00  8.16480815E-03
1.32246503E-01  2.29003048E+00  7.82510266E-03
1.32537474E-01  2.33895373E+00  8.01710598E-03
1.32828446E-01  2.36578465E+00  7.93042406E-03
1.33119417E-01  2.42522407E+00  8.15803558E-03
1.33410388E-01  2.47606969E+00  8.05273000E-03
1.33701360E-01  2.49540448E+00  8.04797281E-03
1.33992331E-01  2.51092386E+00  8.00955296E-03
1.34283303E-01  2.52587366E+00  8.16898793E-03
1.34574274E-01  2.55416107E+00  8.32844432E-03
1.34865245E-01  2.58714294E+00  8.80978350E-03
1.35156217E-01  2.59582734E+00  8.83842539E-03
1.35447188E-01  2.59089017E+00  9.04924702E-03
1.35738160E-01  2.58968115E+00  9.45405755E-03
1.36029131E-01  2.58538151E+00  9.68749449E-03
1.36320102E-01  2.55482960E+00  1.00172246E-02
1.36611074E-01  2.52434444E+00  1.00420937E-02
1.36902045E-01  2.49636793E+00  1.06585966E-02
1.37193017E-01  2.44864893E+00  1.08869001E-02
1.37483988E-01  2.40119314E+00  1.08529339E-02
1.37774959E-01  2.35444832E+00  1.13654314E-02
1.38065931E-01  2.28493261E+00  1.09008197E-02
1.38356902E-01  2.22090507E+00  1.12534491E-02
1.38647874E-01  2.17776966E+00  1.13026686E-02
1.38938845E-01  2.09316158E+00  1.10855261E-02
1.39229816E-01  2.03037405E+00  1.08751459E-02
1.39520788E-01  1.96454644E+00  1.10426713E-02
1.39811759E-01  1.87587643E+00  1.05854562E-02
1.40102731E-01  1.81458771E+00  1.01670586E-02
1.40393702E-01  1.75358176E+00  1.00391619E-02
1.40684673E-01  1.68228340E+00  9.83412098E-03
1.40975645E-01  1.61200488E+00  9.02379490E-03
1.41266616E-01  1.56589937E+00  8.64910055E-03
1.41557588E-01  1.50027597E+00  8.39736965E-03
1.41848559E-01  1.44684327E+00  8.18653964E-03
1.42139530E-01  1.39664412E+00  7.39712454E-03
1.42430502E-01  1.34495056E+00  7.15693133E-03
1.42721473E-01  1.29981911E+00  6.63194014E-03
1.43012445E-01  1.26092958E+00  6.30959403E-03
1.43303416E-01  1.23335993E+00  6.16167206E-03
1.43594387E-01  1.19428492E+00  5.76065714E-03
1.43885359E-01  1.16338885E+00  5.69167873E-03
1.44176330E-01  1.14281106E+00  5.36437845E-03
1.44467302E-01  1.12334609E+00  5.14035206E-03
1.44758273E-01  1.10744381E+00  4.99827741E-03
1.45049244E-01  1.09073985E+00  4.84159309E-03
1.45340216E-01  1.06662869E+00  4.75779129E-03
1.45631187E-01  1.06182241E+00  4.58221324E-03
1.45922159E-01  1.05621934E+00  4.64897323E-03
1.46213130E-01  1.04159033E+00  4.61128633E-03
1.46504101E-01  1.04787576E+00  4.43799375E-03
1.46795073E-01  1.04160714E+00  4.42304322E-03
1.47086044E-01  1.03332925E+00  4.52718744E-03
1.47377016E-01  1.03238881E+00  4.25777724E-03
1.47667987E-01  1.03425157E+00  4.17227391E-03
1.47958958E-01  1.03666520E+00  4.27125301E-03
1.48249930E-01  1.04368448E+00  4.27829614E-03
1.48540901E-01  1.04674459E+00  4.29178542E-03
1.48831873E-01  1.04371619E+00  4.44398774E-03
1.49122844E-01  1.04710209E+00  4.16114833E-03
1.49413815E-01  1.05625987E+00  4.28807177E-03
1.49704787E-01  1.07210445E+00  4.28347569E-03
1.49995758E-01  1.08310544E+00  4.36782558E-03
1.50286730E-01  1.09081686E+00  4.38124081E-03
1.50577701E-01  1.10792363E+00  4.31281468E-03
1.50868673E-01  1.10861540E+00  4.36161598E-03
1.51159644E-01  1.12793708E+00  4.49051615E-03
1.51450615E-01  1.13812435E+00  4.51242598E-03
1.51741587E-01  1.13718474E+00  4.55316855E-03
1.52032558E-01  1.16456318E+00  4.47574165E-03
1.52323530E-01  1.17772114E+00  4.56107920E-03
1.52614501E-01  1.18965983E+00  4.69977222E-03
1.52905472E-01  1.19827449E+00  4.63840039E-03
1.53196444E-01  1.21379161E+00  4.60448908E-03
1.53487415E-01  1.22502112E+00  4.62879008E-03
1.53778387E-01  1.23896754E+00  4.50221170E-03
1.54069358E-01  1.25146985E+00  4.82074032E-03
1.54360329E-01  1.26601160E+00  4.70181974E-03
1.54651301E-01  1.27951396E+00  4.75658383E-03
1.54942272E-01  1.27902198E+00  4.83347196E-03
1.55233244E-01  1.28621113E+00  4.97308420E-03
1.55524215E-01  1.29390037E+00  4.80617769E-03
1.55815186E-01  1.29467714E+00  4.73980140E-03
1.56106158E-01  1.30187380E+00  4.88290098E-03
1.56397129E-01  1.30079114E+00  5.04687941E-03
1.56688101E-01  1.29940462E+00  5.10247098E-03
1.56979072E-01  1.29212725E+00  5.02782688E-03
1.57270043E-01  1.28965104E+00  5.21830702E-03
1.57561015E-01  1.28172600E+00  5.30637149E-03
1.57851986E-01  1.26745081E+00  5.16092777E-03
1.58142958E-01  1.25712550E+00  5.33247087E-03
1.58433929E-01  1.23879933E+00  5.30399987E-03
1.58724900E-01  1.21991146E+00  5.38720237E-03
1.59015872E-01  1.20199418E+00  5.23192761E-03
1.59306843E-01  1.18923128E+00  5.37571823E-03
1.59597815E-01  1.15786946E+00  5.35405101E-03
1.59888786E-01  1.13859761E+00  5.43304021E-03
1.60179757E-01  1.10365343E+00  5.30875893E-03
1.60470729E-01  1.07281542E+00  5.23547176E-03
1.60761700E-01  1.05625319E+00  5.16452827E-03
1.61052672E-01  1.01816142E+00  5.09984093E-03
1.61343643E-01  9.96098220E-01  5.05581172E-03
1.61634614E-01  9.77385759E-01  4.97457525E-03
1.61925586E-01  9.49449062E-01  4.99490974E-03
1.62216557E-01  9.18034256E-01  4.92003886E-03
1.62507529E-01  8.94830108E-01  4.65959078E-03
1.62798500E-01  8.66915166E-01  4.52785799E-03
1.63089471E-01  8.41874838E-01  4.43936232E-03
1.63380443E-01  8.18838716E-01  4.25955327E-03
1.63671414E-01  7.94267595E-01  4.17276705E-03
1.63962386E-01  7.76059210E-01  3.97890527E-03
1.64253357E-01  7.55233109E-01  3.90758412E-03
1.64544328E-01  7.36713529E-01  3.81696573E-03
1.64835300E-01  7.18780875E-01  3.64358816E-03
1.65126271E-01  7.03428149E-01  3.75350029E-03
1.65417243E-01  6.85221791E-01  3.62100545E-03
1.65708214E-01  6.69933856E-01  3.60067608E-03
1.65999185E-01  6.58149421E-01  3.42608150E-03
1.66290157E-01  6.40503883E-01  3.26868589E-03
1.66581128E-01  6.30972385E-01  3.31721129E-03
1.66872100E-01  6.14528120E-01  3.20915948E-03
1.67163071E-01  6.02410018E-01  3.07413354E-03
1.67454042E-01  5.99074841E-01  3.24989413E-03
1.67745014E-01  5.87536037E-01  3.12345033E-03
1.68035985E-01  5.77699006E-01  3.03841569E-03
1.68326957E-01  5.65708220E-01  3.04313353E-03
1.68617928E-01  5.59389174E-01  2.92904139E-03
1.68908900E-01  5.49243748E-01  2.88967928E-03
1.69199871E-01  5.42807221E-01  2.88105477E-03
1.69490842E-01  5.36014497E-01  2.88473465E-03
1.69781814E-01  5.25886238E-01  2.82150577E-03
1.70072785E-01  5.19810379E-01  2.83887843E-03
1.70363757E-01  5.14289618E-01  2.82450160E-03
1.70654728E-01  5.10526776E-01  2.82694004E-03
1.70945699E-01  5.09806275E-01  2.71016033E-03
1.71236671E-01  4.96250004E-01  2.74799159E-03
1.71527642E-01  4.93749499E-01  2.70073419E-03
1.71818614E-01  4.89557177E-01  2.72227428E-03
1.72109585E-01  4.90718335E-01  2.71837111E-03
1.72400556E-01  4.82540190E-01  2.68653152E-03
1.72691528E-01  4.76343572E-01  2.58463807E-03
1.72982499E-01  4.76032913E-01  2.57283263E-03
1.73273471E-01  4.72400159E-01  2.57272599E-03
1.73564442E-01  4.64795798E-01  2.58653960E-03
1.73855413E-01  4.62109029E-01  2.55562109E-03
1.74146385E-01  4.61656302E-01  2.56728870E-03
1.74437356E-01  4.59126830E-01  2.65036826E-03
1.74728328E-01  4.51167554E-01  2.49478780E-03
1.75019299E-01  4.54178423E-01  2.53235269E-03
1.75310270E-01  4.45519149E-01  2.49370048E-03
1.75601242E-01  4.47267056E-01  2.48290179E-03
1.75892213E-01  4.45799112E-01  2.54002423E-03
1.76183185E-01  4.40847874E-01  2.45103170E-03
1.76474156E-01  4.33803827E-01  2.42053880E-03
1.76765127E-01  4.32531595E-01  2.48261471E-03
1.77056099E-01  4.32821155E-01  2.52255285E-03
1.77347070E-01  4.24214423E-01  2.42249970E-03
1.77638042E-01  4.24106658E-01  2.47516413E-03
1.77929013E-01  4.18794155E-01  2.47458089E-03
1.78219984E-01  4.23183322E-01  2.42749648E-03
1.78510956E-01  4.21044052E-01  2.39134114E-03
1.78801927E-01  4.19643134E-01  2.34132633E-03
1.79092899E-01  4.16502833E-01  2.47560628E-03
1.79383870E-01  4.12454367E-01  2.44856742E-03
1.79674841E-01  4.11294043E-01  2.43046461E-03
1.79965813E-01  4.10831690E-01  2.37311237E-03
1.80256784E-01  4.06985760E-01  2.40027276E-03
1.80547756E-01  4.07657981E-01  2.35226820E-03
1.80838727E-01  4.08021301E-01  2.37273122E-03
1.81129698E-01  4.07333940E-01  2.36219005E-03
1.81420670E-01  3.99492472E-01  2.32609222E-03
1.81711641E-01  3.94605637E-01  2.23550154E-03
1.82002613E-01  4.00615752E-01  2.30813539E-03
1.82293584E-01  3.94025534E-01  2.27719499E-03
1.82584555E-01  3.99064034E-01  2.32496811E-03
1.82875527E-01  3.85342360E-01  2.31660996E-03
1.83166498E-01  3.87678087E-01  2.25227815E-03
1.83457470E-01  3.87652874E-01  2.28838506E-03
1.83748441E-01  3.87395501E-01  2.24428601E-03
1.84039412E-01  3.91435146E-01  2.25209282E-03
1.84330384E-01  3.84789348E-01  2.22895504E-03
1.84621355E-01  3.83598894E-01  2.20150431E-03
1.84912327E-01  3.80438715E-01  2.21037236E-03
1.85203298E-01  3.77512515E-01  2.26541935E-03
1.85494269E-01  3.78509969E-01  2.28559948E-03
1.85785241E-01  3.80121857E-01  2.21599010E-03
1.86076212E-01  3.77790809E-01  2.22057430E-03
1.86367184E-01  3.77113789E-01  2.27741618E-03
1.86658155E-01  3.73459965E-01  2.20454833E-03
1.86949126E-01  3.78892601E-01  2.24206573E-03
1.87240098E-01  3.75259846E-01  2.25137151E-03
1.87531069E-01  3.72945428E-01  2.20333016E-03
1.87822041E-01  3.70555073E-01  2.17240606E-03
1.88113012E-01  3.71469438E-01  2.21319264E-03
1.88403984E-01  3.70763123E-01  2.22927867E-03
1.88694955E-01  3.69554013E-01  2.18389509E-03
1.88985926E-01  3.66737217E-01  2.18246249E-03
1.89276898E-01  3.63675833E-01  2.22379318E-03
1.89567869E-01  3.62962902E-01  2.19358969E-03
1.89858841E-01  3.69641751E-01  2.11449689E-03
1.90149812E-01  3.65808725E-01  2.10684817E-03
1.90440783E-01  3.66658807E-01  2.12468812E-03
1.90731755E-01  3.68814915E-01  2.16234219E-03
1.91022726E-01  3.58938009E-01  2.13666447E-03
1.91313698E-01  3.60068470E-01  2.10565282E-03
1.91604669E-01  3.61306578E-01  2.11834814E-03
1.91895640E-01  3.64269435E-01  2.13989802E-03
1.92186612E-01  3.60568583E-01  2.24464387E-03
1.92477583E-01  3.61970663E-01  2.19566538E-03
1.92768555E-01  3.60727340E-01  2.18130765E-03
1.93059526E-01  3.64319474E-01  2.17158301E-03
1.93350497E-01  3.57337922E-01  2.08998239E-03
1.93641469E-01  3.58673751E-01  2.10532965E-03
1.93932440E-01  3.61050069E-01  2.11292668E-03
1.94223412E-01  3.61532718E-01  2.14940473E-03
1.94514383E-01  3.57965142E-01  2.12032371E-03
1.94805354E-01  3.58526260E-01  2.13596271E-03
1.95096326E-01  3.56921583E-01  2.06422526E-03
1.95387297E-01  3.61860543E-01  2.10973714E-03
1.95678269E-01  3.57598126E-01  2.10496620E-03
1.95969240E-01  3.60180855E-01  2.12945044E-03
1.96260211E-01  3.57142001E-01  2.11226568E-03
1.96551183E-01  3.60376447E-01  2.10726913E-03
1.96842154E-01  3.62086833E-01  2.18471512E-03
1.97133126E-01  3.58019501E-01  2.10224558E-03
1.97424097E-01  3.63287508E-01  2.16359925E-03
1.97715068E-01  3.63129407E-01  2.11066124E-03
1.98006040E-01  3.60724390E-01  2.11609202E-03
1.98297011E-01  3.57714236E-01  2.12979643E-03
1.98587983E-01  3.60401720E-01  2.11853068E-03
1.98878954E-01  3.60971212E-01  2.12738570E-03
1.99169925E-01  3.57715964E-01  2.09187949E-03
1.99460897E-01  3.60671312E-01  2.13539158E-03
1.99751868E-01  3.61552626E-01  2.09910888E-03
2.00042840E-01  3.59128088E-01  2.12087808E-03
2.00333811E-01  3.57961744E-01  2.07123230E-03
2.00624782E-01  3.62131685E-01  2.13538273E-03
2.00915754E-01  3.62339973E-01  2.05903267E-03
2.01206725E-01  3.63433033E-01  2.10284605E-03
2.01497697E-01  3.61724734E-01  2.13239552E-03
2.01788668E-01  3.61124218E-01  2.08531204E-03
2.02079639E-01  3.62316638E-01  2.14178092E-03
2.02370611E-01  3.62073660E-01  2.04250519E-03
2.02661582E-01  3.61360222E-01  2.06145947E-03
2.02952554E-01  3.64856005E-01  2.07567681E-03
2.03243525E-01  3.57791066E-01  2.07454665E-03
2.03534496E-01  3.54169548E-01  2.07706890E-03
2.03825468E-01  3.58195782E-01  2.11756630E-03
2.04116439E-01  3.54779512E-01  2.05830159E-03
2.04407411E-01  3.56471151E-01  2.02723895E-03
2.04698382E-01  3.53309512E-01  2.05610367E-03
2.04989353E-01  3.56851518E-01  2.12038006E-03
2.05280325E-01  3.54539752E-01  2.08323146E-03
2.05571296E-01  3.49417448E-01  2.14448734E-03
2.05862268E-01  3.48183960E-01  2.01941491E-03
2.06153239E-01  3.49035233E-01  2.08762963E-03
2.06444211E-01  3.47220093E-01  2.03150650E-03
2.06735182E-01  3.42002362E-01  2.03257916E-03
2.07026153E-01  3.37651491E-01  2.02024658E-03
2.07317125E-01  3.39513689E-01  1.96773466E-03
2.07608096E-01  3.37627143E-01  2.00778316E-03
2.07899068E-01  3.31996202E-01  2.00319942E-03
2.08190039E-01  3.29907477E-01  2.01930408E-03
2.08481010E-01  3.26273739E-01  2.00770074E-03
2.08771982E-01  3.19173157E-01  1.95518858E-03
2.09062953E-01  3.22411805E-01  1.98784820E-03
2.09353925E-01  3.17212641E-01  2.00829701E-03
2.09644896E-01  3.12719941E-01  1.98422442E-03
2.09935867E-01  3.12029600E-01  1.96545222E-03
2.10226839E-01  3.08987647E-01  1.90507888E-03
2.10517810E-01  3.03350240E-01  1.92926789E-03
2.10808782E-01  2.97109514E-01  1.88003678E-03
2.11099753E-01  2.92917311E-01  1.90945331E-03
2.11390724E-01  2.89241850E-01  1.87037524E-03
2.11681696E-01  2.87006289E-01  1.87298667E-03
2.11972667E-01  2.83368319E-01  1.83991331E-03
2.12263639E-01  2.79564351E-01  1.82300026E-03
2.12554610E-01  2.74696887E-01  1.77332782E-03
2.12845581E-01  2.72343397E-01  1.80641166E-03
2.13136553E-01  2.70535797E-01  1.76814734E-03
2.13427524E-01  2.64675349E-01  1.86949247E-03
2.13718496E-01  2.64454246E-01  1.80868106E-03
2.14009467E-01  2.56607145E-01  1.76648912E-03
2.14300438E-01  2.54965574E-01  1.71519478E-03
2.14591410E-01  2.54647821E-01  1.77013432E-03
2.14882381E-01  2.48620793E-01  1.69679814E-03
2.15173353E-01  2.48932034E-01  1.68389396E-03
2.15464324E-01  2.44676024E-01  1.67701312E-03
2.15755295E-01  2.42467865E-01  1.68675371E-03
2.16046267E-01  2.37006351E-01  1.64719950E-03
2.16337238E-01  2.35608384E-01  1.67289458E-03
2.16628210E-01  2.34476954E-01  1.62843405E-03
2.16919181E-01  2.33971670E-01  1.62960682E-03
2.17210152E-01  2.31699556E-01  1.66883855E-03
2.17501124E-01  2.26530060E-01  1.60490675E-03
2.17792095E-01  2.28796393E-01  1.62752636E-03
2.18083067E-01  2.20131055E-01  1.55840558E-03
2.18374038E-01  2.23410487E-01  1.54932775E-03
2.18665009E-01  2.21960500E-01  1.54431863E-03
2.18955981E-01  2.20771968E-01  1.56333041E-03
2.19246952E-01  2.19425976E-01  1.57169113E-03
2.19537924E-01  2.20163316E-01  1.57283188E-03
2.19828895E-01  2.17569262E-01  1.52458402E-03
2.20119866E-01  2.18725383E-01  1.51214481E-03
2.20410838E-01  2.14758545E-01  1.51501340E-03
2.20701809E-01  2.12920040E-01  1.49779394E-03
2.20992781E-01  2.14152724E-01  1.51464215E-03
2.21283752E-01  2.13564128E-01  1.57360092E-03
2.21574723E-01  2.09262311E-01  1.51583937E-03
2.21865695E-01  2.14044690E-01  1.55083765E-03
2.22156666E-01  2.09949210E-01  1.46605074E-03
2.22447638E-01  2.09719777E-01  1.54091336E-03
2.22738609E-01  2.09550917E-01  1.51708024E-03
2.23029580E-01  2.09527522E-01  1.54481048E-03
2.23320552E-01  2.08992928E-01  1.52876368E-03
2.23611523E-01  2.09679455E-01  1.51689025E-03
2.23902495E-01  2.05574945E-01  1.46498252E-03
2.24193466E-01  2.05818474E-01  1.46220753E-03
2.24484437E-01  2.08228484E-01  1.49499776E-03
2.24775409E-01  2.07926482E-01  1.52507494E-03
2.25066380E-01  2.08353505E-01  1.45363214E-03
2.25357352E-01  2.09011778E-01  1.46054139E-03
2.25648323E-01  2.07454771E-01  1.51064387E-03
2.25939295E-01  2.09240466E-01  1.48612133E-03
2.26230266E-01  2.08842203E-01  1.51727349E-03
2.26521237E-01  2.07264557E-01  1.46826461E-03
2.26812209E-01  2.05854729E-01  1.48942252E-03
2.27103180E-01  2.08287805E-01  1.46794901E-03
2.27394152E-01  2.08610684E-01  1.47441286E-03
2.27685123E-01  2.06148252E-01  1.43937860E-03
2.27976094E-01  2.06420705E-01  1.48012245E-03
2.28267066E-01  2.09082037E-01  1.50867284E-03
2.28558037E-01  2.08263531E-01  1.48390979E-03
2.28849009E-01  2.10881233E-01  1.50263356E-03
2.29139980E-01  2.09787622E-01  1.49181869E-03
2.29430951E-01  2.05631226E-01  1.48142141E-03
2.29721923E-01  2.10047171E-01  1.44457910E-03
2.30012894E-01  2.09077299E-01  1.48962636E-03
2.30303866E-01  2.07742199E-01  1.43630849E-03
2.30594837E-01  2.08853006E-01  1.47072400E-03
2.30885808E-01  2.08802342E-01  1.47264544E-03
2.31176780E-01  2.07628876E-01  1.44027767E-03
2.31467751E-01  2.09336802E-01  1.48784288E-03
2.31758723E-01  2.08833769E-01  1.45990448E-03
2.32049694E-01  2.06271544E-01  1.50318048E-03
2.32340665E-01  2.10306436E-01  1.46496831E-03
2.32631637E-01  2.05218419E-01  1.43785530E-03
2.32922608E-01  2.06623718E-01  1.45377731E-03
2.33213580E-01  2.07194433E-01  1.43539137E-03
2.33504551E-01  2.04536170E-01  1.46039354E-03
2.33795522E-01  2.04358533E-01  1.46985194E-03
2.34086494E-01  2.04804674E-01  1.44738215E-03
2.34377465E-01  2.04336941E-01  1.46130496E-03
2.34668437E-01  2.03111798E-01  1.47513335E-03
2.34959408E-01  2.04724744E-01  1.44739798E-03
2.35250379E-01  2.05662623E-01  1.45920645E-03
2.35541351E-01  2.01312244E-01  1.43362465E-03
2.35832322E-01  1.98680952E-01  1.45195564E-03
2.36123294E-01  2.00055286E-01  1.41256058E-03
2.36414265E-01  1.98768497E-01  1.44485582E-03
2.36705236E-01  1.99611813E-01  1.43868825E-03
2.36996208E-01  1.98778197E-01  1.44793803E-03
2.37287179E-01  1.94973767E-01  1.42829947E-03
2.37578151E-01  1.91614822E-01  1.43115025E-03
2.37869122E-01  1.93697333E-01  1.42408570E-03
2.38160093E-01  1.88565299E-01  1.40118029E-03
2.38451065E-01  1.89455777E-01  1.36761658E-03
2.38742036E-01  1.87397569E-01  1.40622538E-03
2.39033008E-01  1.85654223E-01  1.38110563E-03
2.39323979E-01  1.83426023E-01  1.37608545E-03
2.39614950E-01  1.82294220E-01  1.36941101E-03
2.39905922E-01  1.79359585E-01  1.32618821E-03
2.40196893E-01  1.77139580E-01  1.37050275E-03
2.40487865E-01  1.76573589E-01  1.35853211E-03
2.40778836E-01  1.73498750E-01  1.32811256E-03
2.41069807E-01  1.70551986E-01  1.34943449E-03
2.41360779E-01  1.71611473E-01  1.33365183E-03
2.41651750E-01  1.72512665E-01  1.35742372E-03
2.41942722E-01  1.69109836E-01  1.32766494E-03
2.42233693E-01  1.68981329E-01  1.30786572E-03
2.42524664E-01  1.65250570E-01  1.29895972E-03
2.42815636E-01  1.63755521E-01  1.26526190E-03
2.43106607E-01  1.63933337E-01  1.31335040E-03
2.43397579E-01  1.60572067E-01  1.24409690E-03
2.43688550E-01  1.58035532E-01  1.26671162E-03
2.43979522E-01  1.58947572E-01  1.23749929E-03
2.44270493E-01  1.55003220E-01  1.19648350E-03
2.44561464E-01  1.54333219E-01  1.27352483E-03
2.44852436E-01  1.53848216E-01  1.24568166E-03
2.45143407E-01  1.54517055E-01  1.26403919E-03
2.45434379E-01  1.51465461E-01  1.20743795E-03
2.45725350E-01  1.52176291E-01  1.22190919E-03
2.46016321E-01  1.47145987E-01  1.20607205E-03
2.46307293E-01  1.47151500E-01  1.17899431E-03
2.46598264E-01  1.46057665E-01  1.20756868E-03
2.46889236E-01  1.47114068E-01  1.22216670E-03
2.47180207E-01  1.43402636E-01  1.18070422E-03
2.47471178E-01  1.43050298E-01  1.18735060E-03
2.47762150E-01  1.44069269E-01  1.14658242E-03
2.48053121E-01  1.43080398E-01  1.15787191E-03
2.48344093E-01  1.42652884E-01  1.20574189E-03
2.48635064E-01  1.40048876E-01  1.19372632E-03
2.48926035E-01  1.39249057E-01  1.18279178E-03
2.49217007E-01  1.37219563E-01  1.15881697E-03
2.49507978E-01  1.38572767E-01  1.19478360E-03
2.49798950E-01  1.36323839E-01  1.15150295E-03
2.50089921E-01  1.36506855E-01  1.14527810E-03
2.50380892E-01  1.35072008E-01  1.17055094E-03
2.50671864E-01  1.34671450E-01  1.14868104E-03
2.50962835E-01  1.32680535E-01  1.13632425E-03
2.51253807E-01  1.35960564E-01  1.14866020E-03
2.51544778E-01  1.32036507E-01  1.15845317E-03
2.51835749E-01  1.31380975E-01  1.11966918E-03
2.52126721E-01  1.34061441E-01  1.17183535E-03
2.52417692E-01  1.31819069E-01  1.15195161E-03
2.52708664E-01  1.33257404E-01  1.12872047E-03
2.52999635E-01  1.31237283E-01  1.12953316E-03
2.53290606E-01  1.31418467E-01  1.13922637E-03
2.53581578E-01  1.30766645E-01  1.12195918E-03
2.53872549E-01  1.32600710E-01  1.15333439E-03
2.54163521E-01  1.30093500E-01  1.13264401E-03
2.54454492E-01  1.28043205E-01  1.09796994E-03
2.54745463E-01  1.29953489E-01  1.08488684E-03
2.55036435E-01  1.27780750E-01  1.12829299E-03
2.55327406E-01  1.29726022E-01  1.12426223E-03
2.55618378E-01  1.26167864E-01  1.11813156E-03
2.55909349E-01  1.28358677E-01  1.13178650E-03
2.56200320E-01  1.26755834E-01  1.09770824E-03
2.56491292E-01  1.26768813E-01  1.07183936E-03
2.56782263E-01  1.27535135E-01  1.09942933E-03
2.57073235E-01  1.27137929E-01  1.09970092E-03
2.57364206E-01  1.27123594E-01  1.12353079E-03
2.57655177E-01  1.26764372E-01  1.10026775E-03
2.57946149E-01  1.26698732E-01  1.08491408E-03
2.58237120E-01  1.25138685E-01  1.10616081E-03
2.58528092E-01  1.27827436E-01  1.08372641E-03
2.58819063E-01  1.27226129E-01  1.10563810E-03
2.59110034E-01  1.25114962E-01  1.06781546E-03
2.59401006E-01  1.26547933E-01  1.10636197E-03
2.59691977E-01  1.27302974E-01  1.10613648E-03
2.59982949E-01  1.24786086E-01  1.08179869E-03
2.60273920E-01  1.25290886E-01  1.08513003E-03
2.60564891E-01  1.23503841E-01  1.07670575E-03
2.60855863E-01  1.25337347E-01  1.07913953E-03
2.61146834E-01  1.26262635E-01  1.10837910E-03
2.61437806E-01  1.26061395E-01  1.08773937E-03
2.61728777E-01  1.27588704E-01  1.10399653E-03
2.62019748E-01  1.26565173E-01  1.10716699E-03
2.62310720E-01  1.22804426E-01  1.09509996E-03
2.62601691E-01  1.24275059E-01  1.06465421E-03
2.62892663E-01  1.24954998E-01  1.07478129E-03
2.63183634E-01  1.22230016E-01  1.06894167E-03
2.63474606E-01  1.26504362E-01  1.08555867E-03
2.63765577E-01  1.25533566E-01  1.09630462E-03
2.64056548E-01  1.24131605E-01  1.07344810E-03
2.64347520E-01  1.23751916E-01  1.04309386E-03
2.64638491E-01  1.24486573E-01  1.03878428E-03
2.64929463E-01  1.24595933E-01  1.10468944E-03
2.65220434E-01  1.23564132E-01  1.08546368E-03
2.65511405E-01  1.26305595E-01  1.07919169E-03
2.65802377E-01  1.24946579E-01  1.07738515E-03
2.66093348E-01  1.23714350E-01  1.07033842E-03
2.66384320E-01  1.24565825E-01  1.08183699E-03
2.66675291E-01  1.27913713E-01  1.06437120E-03
2.66966262E-01  1.24076031E-01  1.05719268E-03
2.67257234E-01  1.23762712E-01  1.07862847E-03
2.67548205E-01  1.23935185E-01  1.06132147E-03
2.67839177E-01  1.23696178E-01  1.07093679E-03
2.68130148E-01  1.26787052E-01  1.07794162E-03
2.68421119E-01  1.25089765E-01  1.06796029E-03
2.68712091E-01  1.26000673E-01  1.08785520E-03
2.69003062E-01  1.24112174E-01  1.04760809E-03
2.69294034E-01  1.28572673E-01  1.07001211E-03
2.69585005E-01  1.25277475E-01  1.04186952E-03
2.69875976E-01  1.25312015E-01  1.08465878E-03
2.70166948E-01  1.26383290E-01  1.07318442E-03
2.70457919E-01  1.25695869E-01  1.08492363E-03
2.70748891E-01  1.24149680E-01  1.05951051E-03
2.71039862E-01  1.23985946E-01  1.05983601E-03
2.71330833E-01  1.25330240E-01  1.09334616E-03
2.71621805E-01  1.24242328E-01  1.07585127E-03
2.71912776E-01  1.26233205E-01  1.05151674E-03
2.72203748E-01  1.24086134E-01  1.03791710E-03
2.72494719E-01  1.27293512E-01  1.06784329E-03
2.72785690E-01  1.28939509E-01  1.08585984E-03
2.73076662E-01  1.26901731E-01  1.05101638E-03
2.73367633E-01  1.24045551E-01  1.06576178E-03
2.73658605E-01  1.25688761E-01  1.04636769E-03
2.73949576E-01  1.27732188E-01  1.07452460E-03
2.74240547E-01  1.26069054E-01  1.08423363E-03
2.74531519E-01  1.26116037E-01  1.06319168E-03
2.74822490E-01  1.27495795E-01  1.08506507E-03
2.75113462E-01  1.26144350E-01  1.05392409E-03
2.75404433E-01  1.25214934E-01  1.04618887E-03
2.75695404E-01  1.23913094E-01  1.02908874E-03
2.75986376E-01  1.25677794E-01  1.05531362E-03
2.76277347E-01  1.26430944E-01  1.06877845E-03
2.76568319E-01  1.25044778E-01  1.03266572E-03
2.76859290E-01  1.25957996E-01  1.05884741E-03
2.77150261E-01  1.24341346E-01  1.05327484E-03
2.77441233E-01  1.26239747E-01  1.07020780E-03
2.77732204E-01  1.25028580E-01  1.06441369E-03
2.78023176E-01  1.27603054E-01  1.03296991E-03
2.78314147E-01  1.26752034E-01  1.06834678E-03
2.78605118E-01  1.25483006E-01  1.04780437E-03
2.78896090E-01  1.24883100E-01  1.03265059E-03
2.79187061E-01  1.27009273E-01  1.03172078E-03
2.79478033E-01  1.25506908E-01  1.02508266E-03
2.79769004E-01  1.26636684E-01  1.04869471E-03
2.80059975E-01  1.23166174E-01  1.06252998E-03
2.80350947E-01  1.26014501E-01  1.03952503E-03
2.80641918E-01  1.23551145E-01  1.06650172E-03
2.80932890E-01  1.25080556E-01  1.02713855E-03
2.81223861E-01  1.24688983E-01  1.03940442E-03
2.81514833E-01  1.25612691E-01  1.04897912E-03
2.81805804E-01  1.25178561E-01  1.03789906E-03
2.82096775E-01  1.24777831E-01  1.05866219E-03
2.82387747E-01  1.22572318E-01  1.05291721E-03
2.82678718E-01  1.25414953E-01  1.08445028E-03
2.82969690E-01  1.24329433E-01  1.06580125E-03
2.83260661E-01  1.23539560E-01  1.06110889E-03
2.83551632E-01  1.23875976E-01  1.05206203E-03
2.83842604E-01  1.27994537E-01  1.09222764E-03
2.84133575E-01  1.23543873E-01  1.07773079E-03
2.84424547E-01  1.26794755E-01  1.07288163E-03
2.84715518E-01  1.23142786E-01  1.08417415E-03
2.85006489E-01  1.24839626E-01  1.07369327E-03
2.85297461E-01  1.24976374E-01  1.10092445E-03
2.85588432E-01  1.23857781E-01  1.06999197E-03
2.85879404E-01  1.24825612E-01  1.08011113E-03
2.86170375E-01  1.24572858E-01  1.06806261E-03
2.86461346E-01  1.25681207E-01  1.06716773E-03
2.86752318E-01  1.26284108E-01  1.08722749E-03
2.87043289E-01  1.26201034E-01  1.11133128E-03
2.87334261E-01  1.24525875E-01  1.08830025E-03
2.87625232E-01  1.22940406E-01  1.08138355E-03
2.87916203E-01  1.24739662E-01  1.06514420E-03
2.88207175E-01  1.22957133E-01  1.09660462E-03
2.88498146E-01  1.25505924E-01  1.11472467E-03
2.88789118E-01  1.23981237E-01  1.09145197E-03
2.89080089E-01  1.21863171E-01  1.07746630E-03
2.89371060E-01  1.24674529E-01  1.10795069E-03
2.89662032E-01  1.24049999E-01  1.11466798E-03
2.89953003E-01  1.24218233E-01  1.07607944E-03
2.90243975E-01  1.25271276E-01  1.09109888E-03
2.90534946E-01  1.22937232E-01  1.06573547E-03
2.90825917E-01  1.21581182E-01  1.11545983E-03
2.91116889E-01  1.23064727E-01  1.08393771E-03
2.91407860E-01  1.26594841E-01  1.11164979E-03
2.91698832E-01  1.24120526E-01  1.11832167E-03
2.91989803E-01  1.21901505E-01  1.06212206E-03
2.92280774E-01  1.22929238E-01  1.07309467E-03
2.92571746E-01  1.24359570E-01  1.05628907E-03
2.92862717E-01  1.23261467E-01  1.07263296E-03
2.93153689E-01  1.21282957E-01  1.05385040E-03
2.93444660E-01  1.23100035E-01  1.07906212E-03
2.93735631E-01  1.24766141E-01  1.07399933E-03
2.94026603E-01  1.22420184E-01  1.07672007E-03
2.94317574E-01  1.24756604E-01  1.07403996E-03
2.94608546E-01  1.23655513E-01  1.06745202E-03
2.94899517E-01  1.23221502E-01  1.09503069E-03
2.95190488E-01  1.22385249E-01  1.06187549E-03
2.95481460E-01  1.21396638E-01  1.09860522E-03
2.95772431E-01  1.22491114E-01  1.06086431E-03
2.96063403E-01  1.24535695E-01  1.10733695E-03
2.96354374E-01  1.23759165E-01  1.07638503E-03
2.96645345E-01  1.23954326E-01  1.08544354E-03
2.96936317E-01  1.23479761E-01  1.08365074E-03
2.97227288E-01  1.23226039E-01  1.07252807E-03
2.97518260E-01  1.21330515E-01  1.06233405E-03
2.97809231E-01  1.23077244E-01  1.08831038E-03
2.98100202E-01  1.23487048E-01  1.06727215E-03
2.98391174E-01  1.22914985E-01  1.09347759E-03
2.98682145E-01  1.21616133E-01  1.07670389E-03
2.98973117E-01  1.24365382E-01  1.09890394E-03
2.99264088E-01  1.23082541E-01  1.08679233E-03
2.99555059E-01  1.22822598E-01  1.10553729E-03
2.99846031E-01  1.24936752E-01  1.10273215E-03
3.00137002E-01  1.24570943E-01  1.09667017E-03
3.00427974E-01  1.23096615E-01  1.08032848E-03
3.00718945E-01  1.22255459E-01  1.05511374E-03
3.01009917E-01  1.22654460E-01  1.09232496E-03
3.01300888E-01  1.21774673E-01  1.06371171E-03
3.01591859E-01  1.25848681E-01  1.12975715E-03
3.01882831E-01  1.23280451E-01  1.10025215E-03
3.02173802E-01  1.22405052E-01  1.06458447E-03
3.02464774E-01  1.24361604E-01  1.09087559E-03
3.02755745E-01  1.20329298E-01  1.08901784E-03
3.03046716E-01  1.22551605E-01  1.07995793E-03
3.03337688E-01  1.23503946E-01  1.09339389E-03
3.03628659E-01  1.22380741E-01  1.07610610E-03
3.03919631E-01  1.22801177E-01  1.11723272E-03
3.04210602E-01  1.25188291E-01  1.09092507E-03
3.04501573E-01  1.23264141E-01  1.11322873E-03
3.04792545E-01  1.22932561E-01  1.08194211E-03
3.05083516E-01  1.22306518E-01  1.06811721E-03
3.05374488E-01  1.24252193E-01  1.09058700E-03
3.05665459E-01  1.24763958E-01  1.09265908E-03
3.05956430E-01  1.21354885E-01  1.06532883E-03
3.06247402E-01  1.24813497E-01  1.06620486E-03
3.06538373E-01  1.26749352E-01  1.10156718E-03
3.06829345E-01  1.24905035E-01  1.08432490E-03
3.07120316E-01  1.23134099E-01  1.06853212E-03
3.07411287E-01  1.20920420E-01  1.06331031E-03
3.07702259E-01  1.23177759E-01  1.10028160E-03
3.07993230E-01  1.24336638E-01  1.08096213E-03
3.08284202E-01  1.23266533E-01  1.08509418E-03
3.08575173E-01  1.20701849E-01  1.05810992E-03
3.08866144E-01  1.22100845E-01  1.10145810E-03
3.09157116E-01  1.24566346E-01  1.08214899E-03
3.09448087E-01  1.21887863E-01  1.07684894E-03
3.09739059E-01  1.24289736E-01  1.07036659E-03
3.10030030E-01  1.21679470E-01  1.05167029E-03
3.10321001E-01  1.21303804E-01  1.06561347E-03
3.10611973E-01  1.22725725E-01  1.05361536E-03
3.10902944E-01  1.21767320E-01  1.08456588E-03
3.11193916E-01  1.21994056E-01  1.12386153E-03
3.11484887E-01  1.22271977E-01  1.11173990E-03
3.11775858E-01  1.24844052E-01  1.08765415E-03
3.12066830E-01  1.22920610E-01  1.11004605E-03
3.12357801E-01  1.21299274E-01  1.11137365E-03
3.12648773E-01  1.21940479E-01  1.13805104E-03
3.12939744E-01  1.23190083E-01  1.14642433E-03
3.13230715E-01  1.21608943E-01  1.09995715E-03
3.13521687E-01  1.22446433E-01  1.10072002E-03
3.13812658E-01  1.21813707E-01  1.14649069E-03
3.14103630E-01  1.23022191E-01  1.11560209E-03
3.14394601E-01  1.22170277E-01  1.14320160E-03
3.14685572E-01  1.21924952E-01  1.10276137E-03
3.14976544E-01  1.21687070E-01  1.13828178E-03
3.15267515E-01  1.23270638E-01  1.15394709E-03
3.15558487E-01  1.23307705E-01  1.11624645E-03
3.15849458E-01  1.21152192E-01  1.15781580E-03
3.16140429E-01  1.23577431E-01  1.15579669E-03
3.16431401E-01  1.23467058E-01  1.14875624E-03
3.16722372E-01  1.21569268E-01  1.12444547E-03
3.17013344E-01  1.24416173E-01  1.15061412E-03
3.17304315E-01  1.21792428E-01  1.12916494E-03
3.17595286E-01  1.21335305E-01  1.14706124E-03
3.17886258E-01  1.22274220E-01  1.14292232E-03
3.18177229E-01  1.22791067E-01  1.15706515E-03
3.18468201E-01  1.22391015E-01  1.14722748E-03
3.18759172E-01  1.21645786E-01  1.15541578E-03
3.19050144E-01  1.22799456E-01  1.13236660E-03
3.19341115E-01  1.23708241E-01  1.16422004E-03
3.19632086E-01  1.21972710E-01  1.14428787E-03
3.19923058E-01  1.22774452E-01  1.14627474E-03
3.20214029E-01  1.20653674E-01  1.16339710E-03
3.20505001E-01  1.21939078E-01  1.14426063E-03
3.20795972E-01  1.22076690E-01  1.16374367E-03
3.21086943E-01  1.21687002E-01  1.14909990E-03
3.21377915E-01  1.20469809E-01  1.15356396E-03
3.21668886E-01  1.22636534E-01  1.13000500E-03
3.21959858E-01  1.22546561E-01  1.14128052E-03
3.22250829E-01  1.22689471E-01  1.17275771E-03
3.22541800E-01  1.22260734E-01  1.14132662E-03
3.22832772E-01  1.23793811E-01  1.13170722E-03
3.23123743E-01  1.22267075E-01  1.16309838E-03
3.23414715E-01  1.23121679E-01  1.17859431E-03
3.23705686E-01  1.22775130E-01  1.15674536E-03
3.23996657E-01  1.22669592E-01  1.15526037E-03
3.24287629E-01  1.20153412E-01  1.13257079E-03
3.24578600E-01  1.23029314E-01  1.16010953E-03
3.24869572E-01  1.20560236E-01  1.14861457E-03
3.25160543E-01  1.23625301E-01  1.16509199E-03
3.25451514E-01  1.23195000E-01  1.14792283E-03
3.25742486E-01  1.22402795E-01  1.15035882E-03
3.26033457E-01  1.22097991E-01  1.14335876E-03
3.26324429E-01  1.22278735E-01  1.16408477E-03
3.26615400E-01  1.22489832E-01  1.17393525E-03
3.26906371E-01  1.22690916E-01  1.14944368E-03
3.27197343E-01  1.20702907E-01  1.15535303E-03
3.27488314E-01  1.21760055E-01  1.17931503E-03
3.27779286E-01  1.22239277E-01  1.16658967E-03
3.28070257E-01  1.22639194E-01  1.18362729E-03
3.28361228E-01  1.23145722E-01  1.17072964E-03
3.28652200E-01  1.22672260E-01  1.17540895E-03
3.28943171E-01  1.21975169E-01  1.17574818E-03
3.29234143E-01  1.24594405E-01  1.16190058E-03
3.29525114E-01  1.25029370E-01  1.16709014E-03
3.29816085E-01  1.21012740E-01  1.15652487E-03
3.30107057E-01  1.21713541E-01  1.17067806E-03
3.30398028E-01  1.23056859E-01  1.16724928E-03
3.30689000E-01  1.21951468E-01  1.17994437E-03
3.30979971E-01  1.22752465E-01  1.16872881E-03
3.31270942E-01  1.22815534E-01  1.20629522E-03
3.31561914E-01  1.22839242E-01  1.19138241E-03
3.31852885E-01  1.24195844E-01  1.20458647E-03
3.32143857E-01  1.22026771E-01  1.16260315E-03
3.32434828E-01  1.22603089E-01  1.17669371E-03
3.32725799E-01  1.21374771E-01  1.18840614E-03
3.33016771E-01  1.20834976E-01  1.14705681E-03
3.33307742E-01  1.20015807E-01  1.15423452E-03
3.33598714E-01  1.19930677E-01  1.15659088E-03
3.33889685E-01  1.19747199E-01  1.17830059E-03
3.34180656E-01  1.22502290E-01  1.14205945E-03
3.34471628E-01  1.20099552E-01  1.17473584E-03
3.34762599E-01  1.21593736E-01  1.18813757E-03
3.35053571E-01  1.19822532E-01  1.17049646E-03
3.35344542E-01  1.23283356E-01  1.17587706E-03
3.35635513E-01  1.22125998E-01  1.16876571E-03
3.35926485E-01  1.22824974E-01  1.14857627E-03
3.36217456E-01  1.24834210E-01  1.20029948E-03
3.36508428E-01  1.23024650E-01  1.20406540E-03
3.36799399E-01  1.21845923E-01  1.16024422E-03
3.37090370E-01  1.21399052E-01  1.19912054E-03
3.37381342E-01  1.20323204E-01  1.16836943E-03
3.37672313E-01  1.18654825E-01  1.13906397E-03
3.37963285E-01  1.20524324E-01  1.12928206E-03
3.38254256E-01  1.21631719E-01  1.18293404E-03
3.38545228E-01  1.20290644E-01  1.18903769E-03
3.38836199E-01  1.21695355E-01  1.16211234E-03
3.39127170E-01  1.21081591E-01  1.16602692E-03
3.39418142E-01  1.21939756E-01  1.17278344E-03
3.39709113E-01  1.18490882E-01  1.18196348E-03
3.40000085E-01  1.19724534E-01  1.17627438E-03
3.40291056E-01  1.22668013E-01  1.16726873E-03
3.40582027E-01  1.21590480E-01  1.19342969E-03
3.40872999E-01  1.20443240E-01  1.17857254E-03
3.41163970E-01  1.22202247E-01  1.17293024E-03
3.41454942E-01  1.20967127E-01  1.17983005E-03
3.41745913E-01  1.19229496E-01  1.17718731E-03
3.42036884E-01  1.21878140E-01  1.18223554E-03
3.42327856E-01  1.21213466E-01  1.16768817E-03
3.42618827E-01  1.22134730E-01  1.19355996E-03
3.42909799E-01  1.20070435E-01  1.19279732E-03
3.43200770E-01  1.20377831E-01  1.15482439E-03
3.43491741E-01  1.21007107E-01  1.15840056E-03
3.43782713E-01  1.18215002E-01  1.12491520E-03
3.44073684E-01  1.22974537E-01  1.20154885E-03
3.44364656E-01  1.17564283E-01  1.14871527E-03
3.44655627E-01  1.18641190E-01  1.15986983E-03
3.44946598E-01  1.20749667E-01  1.21539959E-03
3.45237570E-01  1.20517530E-01  1.16256985E-03
3.45528541E-01  1.19932212E-01  1.20382360E-03
3.45819513E-01  1.19718112E-01  1.18030293E-03
3.46110484E-01  1.18602939E-01  1.15525501E-03
3.46401455E-01  1.19355567E-01  1.16675184E-03
3.46692427E-01  1.17903471E-01  1.19399803E-03
3.46983398E-01  1.16594687E-01  1.18294940E-03
3.47274370E-01  1.17968507E-01  1.14449975E-03
3.47565341E-01  1.18150964E-01  1.17115746E-03
3.47856312E-01  1.19900323E-01  1.16965908E-03
3.48147284E-01  1.19195834E-01  1.17518869E-03
3.48438255E-01  1.19130291E-01  1.14096969E-03
3.48729227E-01  1.18409052E-01  1.16499863E-03
3.49020198E-01  1.19766660E-01  1.14002451E-03
3.49311169E-01  1.18278787E-01  1.17095187E-03
3.49602141E-01  1.20777018E-01  1.17667730E-03
3.49893112E-01  1.17663763E-01  1.14943378E-03
3.50184084E-01  1.17970839E-01  1.13922847E-03
3.50475055E-01  1.19080067E-01  1.18357758E-03
3.50766026E-01  1.17633976E-01  1.17919722E-03
3.51056998E-01  1.16637051E-01  1.18049991E-03
3.51347969E-01  1.17930084E-01  1.16697734E-03
3.51638941E-01  1.16976067E-01  1.16294692E-03
3.51929912E-01  1.16412923E-01  1.14967767E-03
3.52220883E-01  1.15854189E-01  1.14597252E-03
3.52511855E-01  1.15083396E-01  1.18343707E-03
3.52802826E-01  1.17143087E-01  1.17061916E-03
3.53093798E-01  1.16610996E-01  1.17504294E-03
3.53384769E-01  1.17649332E-01  1.17451977E-03
3.53675740E-01  1.16327897E-01  1.14487356E-03
3.53966712E-01  1.15762010E-01  1.17558287E-03
3.54257683E-01  1.16020203E-01  1.13935897E-03
3.54548655E-01  1.16062276E-01  1.15388422E-03
3.54839626E-01  1.16943933E-01  1.15147664E-03
3.55130597E-01  1.17133446E-01  1.15038385E-03
3.55421569E-01  1.16234280E-01  1.18219538E-03
3.55712540E-01  1.15162507E-01  1.13288546E-03
3.56003512E-01  1.14901967E-01  1.15836551E-03
3.56294483E-01  1.15613990E-01  1.14490872E-03
3.56585455E-01  1.15042917E-01  1.16474903E-03
3.56876426E-01  1.16629541E-01  1.13534275E-03
3.57167397E-01  1.16227679E-01  1.12312764E-03
3.57458369E-01  1.14401802E-01  1.16044236E-03
3.57749340E-01  1.13428265E-01  1.13115495E-03
3.58040312E-01  1.11802265E-01  1.14904868E-03
3.58331283E-01  1.15431540E-01  1.15994189E-03
3.58622254E-01  1.15744628E-01  1.14017213E-03
3.58913226E-01  1.14795923E-01  1.20111508E-03
3.59204197E-01  1.14901088E-01  1.13508210E-03
3.59495169E-01  1.16151243E-01  1.18247897E-03
3.59786140E-01  1.14753664E-01  1.15645188E-03
3.60077111E-01  1.11592002E-01  1.16417941E-03
3.60368083E-01  1.17487922E-01  1.17516262E-03
3.60659054E-01  1.16768904E-01  1.14512327E-03
3.60950026E-01  1.13748074E-01  1.14093698E-03
3.61240997E-01  1.14615202E-01  1.17651385E-03
3.61531968E-01  1.13679230E-01  1.14252372E-03
3.61822940E-01  1.13793045E-01  1.19280186E-03
3.62113911E-01  1.11985326E-01  1.13564695E-03
3.62404883E-01  1.16173461E-01  1.16588466E-03
3.62695854E-01  1.11723423E-01  1.11237145E-03
3.62986825E-01  1.09817788E-01  1.13693718E-03
3.63277797E-01  1.12521283E-01  1.14203047E-03
3.63568768E-01  1.12781942E-01  1.18768332E-03
3.63859740E-01  1.13148943E-01  1.18831138E-03
3.64150711E-01  1.12439901E-01  1.15169818E-03
3.64441682E-01  1.13266997E-01  1.17137609E-03
3.64732654E-01  1.14830472E-01  1.15160737E-03
3.65023625E-01  1.11703023E-01  1.12984434E-03
3.65314597E-01  1.13016054E-01  1.15507108E-03
3.65605568E-01  1.11842029E-01  1.13878713E-03
3.65896539E-01  1.11173689E-01  1.10751821E-03
3.66187511E-01  1.11805737E-01  1.11663388E-03
3.66478482E-01  1.11060381E-01  1.12523290E-03
3.66769454E-01  1.12952843E-01  1.10668677E-03
3.67060425E-01  1.12242848E-01  1.14311371E-03
3.67351396E-01  1.10857554E-01  1.13439490E-03
3.67642368E-01  1.11847006E-01  1.13499258E-03
3.67933339E-01  1.10910386E-01  1.14103931E-03
3.68224311E-01  1.11671537E-01  1.15524454E-03
3.68515282E-01  1.12145215E-01  1.15148572E-03
3.68806253E-01  1.11153707E-01  1.11868873E-03
3.69097225E-01  1.11788854E-01  1.17379648E-03
3.69388196E-01  1.10384047E-01  1.10748573E-03
3.69679168E-01  1.12420969E-01  1.16075075E-03
3.69970139E-01  1.12341873E-01  1.15059898E-03
3.70261110E-01  1.11066677E-01  1.13732531E-03
3.70552082E-01  1.11945130E-01  1.14219706E-03
3.70843053E-01  1.10905029E-01  1.13400375E-03
3.71134025E-01  1.12105265E-01  1.14050508E-03
3.71424996E-01  1.12826027E-01  1.16439385E-03
3.71715967E-01  1.13295563E-01  1.17147272E-03
3.72006939E-01  1.12680800E-01  1.19773962E-03
3.72297910E-01  1.09697334E-01  1.13598374E-03
3.72588882E-01  1.12092912E-01  1.13037310E-03
3.72879853E-01  1.12283163E-01  1.12967065E-03
3.73170824E-01  1.10358767E-01  1.19131175E-03
3.73461796E-01  1.13278188E-01  1.13544706E-03
3.73752767E-01  1.11820109E-01  1.20548345E-03
3.74043739E-01  1.12011142E-01  1.13551214E-03
3.74334710E-01  1.10974267E-01  1.15307036E-03
3.74625681E-01  1.12804793E-01  1.13234424E-03
3.74916653E-01  1.11635365E-01  1.16077322E-03
3.75207624E-01  1.12084009E-01  1.15481578E-03
3.75498596E-01  1.12078771E-01  1.14175701E-03
3.75789567E-01  1.13733530E-01  1.18887937E-03
3.76080539E-01  1.09145455E-01  1.13397511E-03
3.76371510E-01  1.09317057E-01  1.15865190E-03
3.76662481E-01  1.09847978E-01  1.14150485E-03
3.76953453E-01  1.11735106E-01  1.12818961E-03
3.77244424E-01  1.12679049E-01  1.15027057E-03
3.77535396E-01  1.13010414E-01  1.14978140E-03
3.77826367E-01  1.12074539E-01  1.14627497E-03
3.78117338E-01  1.11896127E-01  1.16063596E-03
3.78408310E-01  1.09865375E-01  1.14517729E-03
3.78699281E-01  1.09944358E-01  1.13521481E-03
3.78990253E-01  1.11868046E-01  1.13252446E-03
3.79281224E-01  1.11395895E-01  1.16097287E-03
3.79572195E-01  1.09994538E-01  1.13247917E-03
3.79863167E-01  1.12065502E-01  1.17603643E-03
3.80154138E-01  1.12940826E-01  1.13773451E-03
3.80445110E-01  1.10376231E-01  1.18187047E-03
3.80736081E-01  1.10981107E-01  1.12361985E-03
3.81027052E-01  1.11498848E-01  1.14162918E-03
3.81318024E-01  1.09702319E-01  1.14605296E-03
3.81608995E-01  1.14141449E-01  1.16139499E-03
3.81899967E-01  1.11909918E-01  1.12731173E-03
3.82190938E-01  1.12726815E-01  1.14690769E-03
3.82481909E-01  1.11079417E-01  1.13227859E-03
3.82772881E-01  1.12068720E-01  1.17932470E-03
3.83063852E-01  1.11509062E-01  1.13494531E-03
3.83354824E-01  1.11526005E-01  1.16060046E-03
3.83645795E-01  1.10863701E-01  1.12746260E-03
3.83936766E-01  1.11828379E-01  1.18085928E-03
3.84227738E-01  1.09754466E-01  1.13856513E-03
3.84518709E-01  1.10525548E-01  1.15129992E-03
3.84809681E-01  1.12021312E-01  1.16769911E-03
3.85100652E-01  1.10392198E-01  1.14954752E-03
3.85391623E-01  1.10293619E-01  1.17068063E-03
3.85682595E-01  1.13766156E-01  1.17884867E-03
3.85973566E-01  1.13731809E-01  1.14800280E-03
3.86264538E-01  1.12199083E-01  1.15854759E-03
3.86555509E-01  1.12094991E-01  1.14634866E-03
3.86846480E-01  1.11026943E-01  1.17775542E-03
3.87137452E-01  1.11773081E-01  1.16745045E-03
3.87428423E-01  1.10205971E-01  1.12551311E-03
3.87719395E-01  1.11436397E-01  1.16610748E-03
3.88010366E-01  1.10746294E-01  1.17090042E-03
3.88301337E-01  1.11541070E-01  1.16141420E-03
3.88592309E-01  1.11952133E-01  1.16621959E-03
3.88883280E-01  1.12691872E-01  1.15971186E-03
3.89174252E-01  1.14846237E-01  1.14978233E-03
3.89465223E-01  1.12535976E-01  1.17466704E-03
3.89756194E-01  1.14137217E-01  1.16158416E-03
3.90047166E-01  1.14019662E-01  1.18729554E-03
3.90338137E-01  1.12771168E-01  1.13708514E-03
3.90629109E-01  1.10258259E-01  1.16120814E-03
3.90920080E-01  1.13314442E-01  1.14955020E-03
3.91211051E-01  1.14592336E-01  1.16243097E-03
3.91502023E-01  1.14791542E-01  1.17356202E-03
3.91792994E-01  1.13021493E-01  1.16235903E-03
3.92083966E-01  1.13582060E-01  1.20691850E-03
3.92374937E-01  1.11850932E-01  1.11844158E-03
3.92665908E-01  1.11204468E-01  1.17906474E-03
3.92956880E-01  1.14208065E-01  1.16938213E-03
3.93247851E-01  1.12971075E-01  1.18503394E-03
3.93538823E-01  1.14420235E-01  1.17460836E-03
3.93829794E-01  1.14563972E-01  1.14842295E-03
3.94120766E-01  1.15476601E-01  1.20477914E-03
3.94411737E-01  1.13748647E-01  1.12041412E-03
3.94702708E-01  1.13372490E-01  1.19220896E-03
3.94993680E-01  1.15424834E-01  1.17549137E-03
3.95284651E-01  1.12859882E-01  1.16251258E-03
3.95575623E-01  1.12602398E-01  1.15704001E-03
3.95866594E-01  1.13000609E-01  1.19222549E-03
3.96157565E-01  1.14284374E-01  1.19551772E-03
3.96448537E-01  1.12894520E-01  1.17936928E-03
3.96739508E-01  1.13440163E-01  1.16672821E-03
3.97030480E-01  1.12361647E-01  1.16935780E-03
3.97321451E-01  1.12927318E-01  1.17165281E-03
3.97612422E-01  1.13457948E-01  1.16741390E-03
3.97903394E-01  1.13903709E-01  1.19246542E-03
3.98194365E-01  1.15670815E-01  1.19908131E-03
3.98485337E-01  1.15043007E-01  1.20094046E-03
3.98776308E-01  1.14327878E-01  1.18595269E-03
3.99067279E-01  1.14487939E-01  1.17818103E-03
3.99358251E-01  1.13257751E-01  1.17304863E-03
3.99649222E-01  1.13415606E-01  1.17030065E-03
3.99940194E-01  1.11959815E-01  1.15426129E-03
4.00231165E-01  1.12760685E-01  1.17866194E-03
4.00522136E-01  1.14002712E-01  1.16610958E-03
4.00813108E-01  1.14567041E-01  1.17205211E-03
4.01104079E-01  1.13287754E-01  1.14521454E-03
4.01395051E-01  1.15431488E-01  1.18725665E-03
4.01686022E-01  1.15078360E-01  1.18289271E-03
4.01976993E-01  1.13365382E-01  1.15317886E-03
4.02267965E-01  1.11899436E-01  1.20843505E-03
4.02558936E-01  1.12350240E-01  1.13961147E-03
4.02849908E-01  1.09020248E-01  1.11181603E-03
4.03140879E-01  1.12840086E-01  1.13238557E-03
4.03431850E-01  1.13352552E-01  1.16968609E-03
4.03722822E-01  1.13816954E-01  1.17686903E-03
4.04013793E-01  1.15924984E-01  1.15638517E-03
4.04304765E-01  1.13441333E-01  1.16155285E-03
4.04595736E-01  1.12797730E-01  1.16054306E-03
4.04886707E-01  1.13109790E-01  1.16143143E-03
4.05177679E-01  1.12661779E-01  1.17921666E-03
4.05468650E-01  1.14864245E-01  1.18786411E-03
4.05759622E-01  1.12778455E-01  1.17332349E-03
4.06050593E-01  1.10783450E-01  1.16957980E-03
4.06341564E-01  1.13644071E-01  1.18994154E-03
4.06632536E-01  1.14322796E-01  1.16129953E-03
4.06923507E-01  1.12486221E-01  1.16725126E-03
4.07214479E-01  1.12467431E-01  1.16186473E-03
4.07505450E-01  1.12574346E-01  1.16362877E-03
4.07796421E-01  1.12053446E-01  1.13161397E-03
4.08087393E-01  1.13866717E-01  1.14254805E-03
4.08378364E-01  1.13039769E-01  1.16586848E-03
4.08669336E-01  1.12750009E-01  1.13396230E-03
4.08960307E-01  1.15027897E-01  1.15822488E-03
4.09251278E-01  1.13806628E-01  1.15904305E-03
4.09542250E-01  1.13289714E-01  1.19652541E-03
4.09833221E-01  1.12922303E-01  1.14704948E-03
4.10124193E-01  1.11967213E-01  1.19039707E-03
4.10415164E-01  1.12510890E-01  1.17252534E-03
4.10706135E-01  1.11685939E-01  1.17926334E-03
4.10997107E-01  1.14543006E-01  1.16153387E-03
4.11288078E-01  1.13167107E-01  1.14176259E-03
4.11579050E-01  1.11323215E-01  1.12802594E-03
4.11870021E-01  1.11799985E-01  1.14413607E-03
4.12160992E-01  1.12568811E-01  1.15946576E-03
4.12451964E-01  1.12355836E-01  1.17129087E-03
4.12742935E-01  1.12511970E-01  1.14266039E-03
4.13033907E-01  1.12898789E-01  1.14918232E-03
4.13324878E-01  1.11786321E-01  1.12569111E-03
4.13615850E-01  1.11441337E-01  1.15258025E-03
4.13906821E-01  1.12320028E-01  1.13106216E-03
4.14197792E-01  1.11807220E-01  1.18447863E-03
4.14488764E-01  1.13002270E-01  1.13235705E-03
4.14779735E-01  1.11398771E-01  1.14942074E-03
4.15070707E-01  1.12863794E-01  1.17492431E-03
4.15361678E-01  1.10217363E-01  1.12300646E-03
4.15652649E-01  1.13813139E-01  1.17763889E-03
4.15943621E-01  1.13994233E-01  1.15115743E-03
4.16234592E-01  1.11890271E-01  1.21112668E-03
4.16525564E-01  1.10355094E-01  1.14277517E-03
4.16816535E-01  1.09788433E-01  1.13378174E-03
4.17107506E-01  1.09320797E-01  1.13372866E-03
4.17398478E-01  1.12681806E-01  1.15392171E-03
4.17689449E-01  1.09249577E-01  1.14616752E-03
4.17980421E-01  1.07962839E-01  1.14458182E-03
4.18271392E-01  1.09507367E-01  1.14565587E-03
4.18562363E-01  1.10450149E-01  1.19779597E-03
4.18853335E-01  1.09355599E-01  1.11727160E-03
4.19144306E-01  1.10449903E-01  1.14571629E-03
4.19435278E-01  1.07842475E-01  1.15879427E-03
4.19726249E-01  1.08925983E-01  1.15056848E-03
4.20017220E-01  1.12495482E-01  1.18036056E-03
4.20308192E-01  1.09923027E-01  1.14015210E-03
4.20599163E-01  1.08279794E-01  1.11809664E-03
4.20890135E-01  1.08993173E-01  1.14852469E-03
4.21181106E-01  1.09301634E-01  1.14101870E-03
4.21472077E-01  1.08893022E-01  1.12867227E-03
4.21763049E-01  1.09810963E-01  1.13674242E-03
4.22054020E-01  1.07316434E-01  1.10259163E-03
4.22344992E-01  1.06329486E-01  1.14329171E-03
4.22635963E-01  1.06355228E-01  1.12252682E-03
4.22926934E-01  1.08521059E-01  1.14155165E-03
4.23217906E-01  1.04682498E-01  1.10924267E-03
4.23508877E-01  1.07001670E-01  1.12610182E-03
4.23799849E-01  1.08854830E-01  1.12134602E-03
4.24090820E-01  1.07404031E-01  1.13636605E-03
4.24381791E-01  1.06426418E-01  1.11323374E-03
4.24672763E-01  1.06296413E-01  1.11011520E-03
4.24963734E-01  1.07940763E-01  1.12043077E-03
4.25254706E-01  1.07142538E-01  1.11879711E-03
4.25545677E-01  1.05920844E-01  1.10519701E-03
4.25836648E-01  1.06442459E-01  1.08529779E-03
4.26127620E-01  1.06016837E-01  1.14048540E-03
4.26418591E-01  1.06520243E-01  1.11270673E-03
4.26709563E-01  1.05152927E-01  1.10233366E-03
4.27000534E-01  1.05151832E-01  1.07839867E-03
4.27291505E-01  1.04125172E-01  1.13306590E-03
4.27582477E-01  1.03660651E-01  1.11013534E-03
4.27873448E-01  1.05587281E-01  1.12500368E-03
4.28164420E-01  1.03516676E-01  1.11601874E-03
4.28455391E-01  1.02304161E-01  1.09431252E-03
4.28746362E-01  1.01102732E-01  1.11413782E-03
4.29037334E-01  1.03989087E-01  1.10968365E-03
4.29328305E-01  1.04268610E-01  1.08543015E-03
4.29619277E-01  1.02371112E-01  1.06985448E-03
4.29910248E-01  1.02505319E-01  1.11035514E-03
4.30201219E-01  1.01482570E-01  1.12039386E-03
4.30492191E-01  1.02139927E-01  1.08484947E-03
4.30783162E-01  1.02371745E-01  1.08383421E-03
4.31074134E-01  1.01127647E-01  1.07869424E-03
4.31365105E-01  1.04224481E-01  1.08314387E-03
4.31656077E-01  1.02492422E-01  1.10558514E-03
4.31947048E-01  1.04218140E-01  1.11923309E-03
4.32238019E-01  1.02221616E-01  1.08197099E-03
4.32528991E-01  9.99983400E-02  1.08845311E-03
4.32819962E-01  1.01303831E-01  1.12886284E-03
4.33110934E-01  1.02877028E-01  1.11138681E-03
4.33401905E-01  1.02793798E-01  1.10912137E-03
4.33692876E-01  9.99787003E-02  1.06056617E-03
4.33983848E-01  1.00398131E-01  1.09876413E-03
4.34274819E-01  1.00488745E-01  1.09470030E-03
4.34565791E-01  9.94724259E-02  1.07793615E-03
4.34856762E-01  9.86084417E-02  1.09191076E-03
4.35147733E-01  9.88464877E-02  1.07873126E-03
4.35438705E-01  1.00115322E-01  1.07173168E-03
4.35729676E-01  1.00630172E-01  1.09585805E-03
4.36020648E-01  1.00842267E-01  1.10904255E-03
4.36311619E-01  9.93064791E-02  1.04833161E-03
4.36602590E-01  9.91933420E-02  1.03225745E-03
4.36893562E-01  1.00950629E-01  1.07877899E-03
4.37184533E-01  1.02583155E-01  1.10215426E-03
4.37475505E-01  9.95313451E-02  1.10434811E-03
4.37766476E-01  9.84264687E-02  1.08906941E-03
4.38057447E-01  1.02032468E-01  1.06538716E-03
4.38348419E-01  9.95621085E-02  1.06933876E-03
4.38639390E-01  9.92105305E-02  1.06355269E-03
4.38930362E-01  1.00861423E-01  1.09413813E-03
4.39221333E-01  9.87698063E-02  1.06182287E-03
4.39512304E-01  9.97188613E-02  1.05629442E-03
4.39803276E-01  9.90300700E-02  1.09380309E-03
4.40094247E-01  9.93786156E-02  1.07089092E-03
4.40385219E-01  9.85008702E-02  1.03469787E-03
4.40676190E-01  9.76459906E-02  1.06945937E-03
4.40967161E-01  9.91492793E-02  1.06469856E-03
4.41258133E-01  9.89338085E-02  1.08137599E-03
4.41549104E-01  9.90272462E-02  1.05842319E-03
4.41840076E-01  9.80002433E-02  1.08670013E-03
4.42131047E-01  9.85286683E-02  1.10577093E-03
4.42422018E-01  9.93667319E-02  1.12581975E-03
4.42712990E-01  9.93848294E-02  1.12276897E-03
4.43003961E-01  9.90347937E-02  1.15925120E-03
4.43294933E-01  1.00270741E-01  1.12836517E-03
4.43585904E-01  9.93624851E-02  1.15444080E-03
4.43876875E-01  1.00169495E-01  1.13998551E-03
4.44167847E-01  9.80035514E-02  1.19020161E-03
4.44458818E-01  9.87002999E-02  1.18646165E-03
4.44749790E-01  9.94173512E-02  1.18404184E-03
4.45040761E-01  9.82050598E-02  1.18015043E-03
4.45331732E-01  9.74420086E-02  1.18468236E-03
4.45622704E-01  9.79923084E-02  1.17839884E-03
4.45913675E-01  1.00754313E-01  1.17072812E-03
4.46204647E-01  9.72752795E-02  1.19385007E-03
4.46495618E-01  9.87004042E-02  1.18811545E-03
4.46786589E-01  9.66255888E-02  1.18106592E-03
4.47077561E-01  9.79561359E-02  1.20070926E-03
4.47368532E-01  9.91193578E-02  1.19750027E-03
4.47659504E-01  9.63845178E-02  1.18798553E-03
4.47950475E-01  9.76757705E-02  1.21921790E-03
4.48241446E-01  9.66511667E-02  1.20856927E-03
4.48532418E-01  9.47562307E-02  1.18782592E-03
4.48823389E-01  9.69203413E-02  1.25806814E-03
4.49114361E-01  9.92204398E-02  1.24904001E-03
4.49405332E-01  9.79428589E-02  1.20257109E-03
4.49696303E-01  9.84975621E-02  1.24249933E-03
4.49987275E-01  9.67133567E-02  1.22448080E-03
4.50278246E-01  9.87489149E-02  1.24136987E-03
4.50569218E-01  9.78299007E-02  1.26747251E-03
4.50860189E-01  9.89654809E-02  1.31981820E-03
4.51151161E-01  9.79654640E-02  1.27891137E-03
4.51442132E-01  9.74717513E-02  1.26972841E-03
4.51733103E-01  9.74927396E-02  1.29997171E-03
4.52024075E-01  9.90828350E-02  1.25197589E-03
4.52315046E-01  9.70941409E-02  1.22025912E-03
4.52606018E-01  9.83397886E-02  1.21663709E-03
4.52896989E-01  9.66583192E-02  1.19965151E-03
4.53187960E-01  9.84593555E-02  1.20028097E-03
4.53478932E-01  9.75126475E-02  1.20363361E-03
4.53769903E-01  1.00818001E-01  1.20013347E-03
4.54060875E-01  9.69768241E-02  1.14768697E-03
4.54351846E-01  9.74651799E-02  1.20074174E-03
4.54642817E-01  9.92229953E-02  1.20385946E-03
4.54933789E-01  9.90253687E-02  1.17921573E-03
4.55224760E-01  9.76179764E-02  1.20986195E-03
4.55515732E-01  9.98457521E-02  1.23914529E-03
4.55806703E-01  9.90131944E-02  1.16723101E-03
4.56097674E-01  9.67821851E-02  1.19340036E-03
4.56388646E-01  9.81326997E-02  1.16506859E-03
4.56679617E-01  9.91322175E-02  1.21586048E-03
4.56970589E-01  9.66750681E-02  1.16811367E-03
4.57261560E-01  9.69190598E-02  1.19975314E-03
4.57552531E-01  9.69354585E-02  1.17496063E-03
4.57843503E-01  9.80358645E-02  1.15223695E-03
4.58134474E-01  9.84266698E-02  1.18905969E-03
4.58425446E-01  9.66684446E-02  1.15485280E-03
4.58716417E-01  9.70203876E-02  1.16619875E-03
4.59007388E-01  9.90681499E-02  1.16847793E-03
4.59298360E-01  9.78742689E-02  1.16112013E-03
4.59589331E-01  9.99561772E-02  1.18974934E-03
4.59880303E-01  9.74856913E-02  1.13093120E-03
4.60171274E-01  9.78405550E-02  1.16808526E-03
4.60462245E-01  9.69437063E-02  1.19031908E-03
4.60753217E-01  9.83904898E-02  1.16781075E-03
4.61044188E-01  9.65501294E-02  1.13829295E-03
4.61335160E-01  9.85500291E-02  1.19267509E-03
4.61626131E-01  9.71790329E-02  1.14437903E-03
4.61917102E-01  9.92980972E-02  1.16146437E-03
4.62208074E-01  9.79748815E-02  1.14816951E-03
4.62499045E-01  9.69383866E-02  1.15460798E-03
4.62790017E-01  9.65322107E-02  1.14292023E-03
4.63080988E-01  9.54491124E-02  1.11453398E-03
4.63371959E-01  9.63058248E-02  1.13972649E-03
4.63662931E-01  9.96499360E-02  1.13920099E-03
4.63953902E-01  9.96952355E-02  1.14834134E-03
4.64244874E-01  9.77047086E-02  1.14285387E-03
4.64535845E-01  9.82022434E-02  1.15018780E-03
4.64826816E-01  9.69553143E-02  1.07931474E-03
4.65117788E-01  9.87209380E-02  1.14509836E-03
4.65408759E-01  9.83202755E-02  1.13765791E-03
4.65699731E-01  9.80839804E-02  1.14581035E-03
4.65990702E-01  9.96537432E-02  1.17043522E-03
4.66281673E-01  9.81050134E-02  1.12891546E-03
4.66572645E-01  9.66873094E-02  1.11942494E-03
4.66863616E-01  9.77426916E-02  1.16995501E-03
4.67154588E-01  1.00173116E-01  1.14998908E-03
4.67445559E-01  9.77998823E-02  1.13308174E-03
4.67736530E-01  9.75771472E-02  1.12738169E-03
4.68027502E-01  9.70349386E-02  1.19052117E-03
4.68318473E-01  9.60012078E-02  1.13363960E-03
4.68609445E-01  9.88686904E-02  1.13248371E-03
4.68900416E-01  9.84189212E-02  1.14918686E-03
4.69191388E-01  9.82315689E-02  1.15508272E-03
4.69482359E-01  9.89597440E-02  1.12399634E-03
4.69773330E-01  9.78347734E-02  1.12568378E-03
4.70064302E-01  9.91176963E-02  1.17009471E-03
4.70355273E-01  9.76979733E-02  1.15940731E-03
4.70646245E-01  9.92033258E-02  1.11434690E-03
4.70937216E-01  9.89151374E-02  1.11266819E-03
4.71228187E-01  9.96441320E-02  1.15109968E-03
4.71519159E-01  9.72907767E-02  1.11912470E-03
4.71810130E-01  1.00016013E-01  1.15310552E-03
4.72101102E-01  1.00741386E-01  1.11590012E-03
4.72392073E-01  9.79291648E-02  1.15620275E-03
4.72683044E-01  9.73355398E-02  1.13156415E-03
4.72974016E-01  9.66619477E-02  1.15369656E-03
4.73264987E-01  9.66143459E-02  1.11976871E-03
4.73555959E-01  9.77977738E-02  1.12019293E-03
4.73846930E-01  9.88786742E-02  1.14005280E-03
4.74137901E-01  9.71382260E-02  1.11558242E-03
4.74428873E-01  9.71495584E-02  1.13569607E-03
4.74719844E-01  9.66493487E-02  1.12774607E-03
4.75010816E-01  9.83019844E-02  1.15961023E-03
4.75301787E-01  9.96461660E-02  1.16339000E-03
4.75592758E-01  1.00364171E-01  1.12078420E-03
4.75883730E-01  9.72312465E-02  1.18505629E-03
4.76174701E-01  1.00291081E-01  1.15840661E-03
4.76465673E-01  9.89982635E-02  1.13461178E-03
4.76756644E-01  9.78061184E-02  1.15990837E-03
4.77047615E-01  9.81005505E-02  1.11146644E-03
4.77338587E-01  9.88750532E-02  1.11140392E-03
4.77629558E-01  9.76331159E-02  1.13288430E-03
4.77920530E-01  9.76501107E-02  1.12277619E-03
4.78211501E-01  9.88461152E-02  1.17831037E-03
4.78502472E-01  9.90026817E-02  1.11865182E-03
4.78793444E-01  9.88747478E-02  1.15318794E-03
4.79084415E-01  9.70391706E-02  1.14584027E-03
4.79375387E-01  9.89520699E-02  1.14153686E-03
4.79666358E-01  9.84441862E-02  1.13828108E-03
4.79957329E-01  9.97935757E-02  1.11674587E-03
4.80248301E-01  9.97891501E-02  1.12143904E-03
4.80539272E-01  9.77720097E-02  1.12515478E-03
4.80830244E-01  9.84727442E-02  1.14138157E-03
4.81121215E-01  9.72831324E-02  1.16511283E-03
4.81412186E-01  9.89716202E-02  1.14062161E-03
4.81703158E-01  9.73423123E-02  1.12941081E-03
4.81994129E-01  9.80830640E-02  1.12214021E-03
4.82285101E-01  9.86448154E-02  1.13817560E-03
4.82576072E-01  9.81562510E-02  1.15115219E-03
4.82867043E-01  9.89525616E-02  1.15131831E-03
4.83158015E-01  9.66894329E-02  1.11455889E-03
4.83448986E-01  9.80688408E-02  1.11751119E-03
4.83739958E-01  9.89855975E-02  1.13608746E-03
4.84030929E-01  9.86471400E-02  1.14849547E-03
4.84321900E-01  9.69450846E-02  1.14051055E-03
4.84612872E-01  9.66953486E-02  1.12094509E-03
4.84903843E-01  9.73956659E-02  1.13047939E-03
4.85194815E-01  9.94503647E-02  1.18957763E-03
4.85485786E-01  9.85870138E-02  1.12964108E-03
4.85776757E-01  9.80043784E-02  1.14233512E-03
4.86067729E-01  9.90195274E-02  1.13255542E-03
4.86358700E-01  9.78429765E-02  1.10283075E-03
4.86649672E-01  9.69921276E-02  1.16286159E-03
4.86940643E-01  9.92144793E-02  1.12829416E-03
4.87231614E-01  9.74778235E-02  1.12949440E-03
4.87522586E-01  9.66726020E-02  1.10705290E-03
4.87813557E-01  9.85749587E-02  1.11504341E-03
4.88104529E-01  9.97045860E-02  1.16645847E-03
4.88395500E-01  9.80565473E-02  1.09736575E-03
4.88686472E-01  9.77098793E-02  1.16347789E-03
4.88977443E-01  9.75430980E-02  1.12740311E-03
4.89268414E-01  9.74141285E-02  1.11773005E-03
4.89559386E-01  9.84790027E-02  1.14528555E-03
4.89850357E-01  9.78283063E-02  1.12660474E-03
4.90141329E-01  9.79554877E-02  1.13438256E-03
4.90432300E-01  9.76429805E-02  1.14650046E-03
4.90723271E-01  9.98512357E-02  1.12265151E-03
4.91014243E-01  9.85520631E-02  1.13635696E-03
4.91305214E-01  9.64939147E-02  1.11300230E-03
4.91596186E-01  9.69021246E-02  1.11304736E-03
4.91887157E-01  9.70196277E-02  1.12964318E-03
4.92178128E-01  9.68550891E-02  1.14144979E-03
4.92469100E-01  9.72257927E-02  1.14570349E-03
4.92760071E-01  9.83586982E-02  1.18164811E-03
4.93051043E-01  9.68558937E-02  1.10408978E-03
4.93342014E-01  9.69301835E-02  1.11716578E-03
4.93632985E-01  9.70760882E-02  1.13133236E-03
4.93923957E-01  1.00309543E-01  1.14333245E-03
4.94214928E-01  9.77381840E-02  1.12674094E-03
4.94505900E-01  9.81478468E-02  1.13255798E-03
4.94796871E-01  9.76328850E-02  1.12083950E-03
4.95087842E-01  9.76909995E-02  1.13518338E-03
4.95378814E-01  1.00212008E-01  1.13091152E-03
4.95669785E-01  9.61129367E-02  1.12176954E-03
4.95960757E-01  9.74726081E-02  1.10305881E-03
4.96251728E-01  9.75355580E-02  1.14511664E-03
4.96542699E-01  9.85732600E-02  1.12243486E-03
4.96833671E-01  9.80060399E-02  1.13965292E-03
4.97124642E-01  9.63526517E-02  1.09207712E-03
4.97415614E-01  9.49893966E-02  1.16145902E-03
4.97706585E-01  9.56916064E-02  1.07422424E-03
4.97997556E-01  9.59582627E-02  1.12540729E-03
4.98288528E-01  9.94703546E-02  1.12384860E-03
4.98579499E-01  9.71896425E-02  1.11128634E-03
4.98870471E-01  9.83667001E-02  1.19244878E-03
4.99161442E-01  9.84097496E-02  1.14158576E-03
4.99452413E-01  9.69618857E-02  1.13741448E-03
4.99743385E-01  9.42777246E-02  1.08789641E-03
5.00034356E-01  9.58886668E-02  1.13120070E-03
5.00325328E-01  9.61708426E-02  1.13314623E-03
5.00616299E-01  9.91700217E-02  1.13186764E-03
5.00907270E-01  9.60909128E-02  1.14277436E-03
5.01198242E-01  9.77505445E-02  1.11972762E-03
5.01489213E-01  9.78188291E-02  1.12662313E-03
5.01780185E-01  9.69594046E-02  1.17129285E-03
5.02071156E-01  9.89378840E-02  1.14182895E-03
5.02362127E-01  9.89300832E-02  1.12204382E-03
5.02653099E-01  9.71206725E-02  1.09400891E-03
5.02944070E-01  9.61394534E-02  1.10869133E-03
5.03235042E-01  9.79359448E-02  1.11773366E-03
5.03526013E-01  9.76396501E-02  1.13426254E-03
5.03816984E-01  9.97705311E-02  1.14157773E-03
5.04107956E-01  9.80272442E-02  1.12522510E-03
5.04398927E-01  9.61454585E-02  1.13780238E-03
5.04689899E-01  9.91985202E-02  1.14692887E-03
5.04980870E-01  9.90741253E-02  1.10815023E-03
5.05271841E-01  9.98611823E-02  1.16426696E-03
5.05562813E-01  9.53846201E-02  1.09506026E-03
5.05853784E-01  9.83464196E-02  1.14969502E-03
5.06144756E-01  9.97868255E-02  1.14045187E-03
5.06435727E-01  9.52257589E-02  1.12206698E-03
5.06726699E-01  9.79188979E-02  1.12376746E-03
5.07017670E-01  9.65061486E-02  1.11859036E-03
5.07308641E-01  9.70736742E-02  1.13191758E-03
5.07599613E-01  9.60188136E-02  1.12624245E-03
5.07890584E-01  9.49830413E-02  1.09609263E-03
5.08181556E-01  9.92818400E-02  1.11818151E-03
5.08472527E-01  9.81634185E-02  1.11994287E-03
5.08763498E-01  9.87142250E-02  1.15615875E-03
5.09054470E-01  9.82249528E-02  1.14494853E-03
5.09345441E-01  9.90250856E-02  1.14120112E-03
5.09636413E-01  9.89173129E-02  1.09387818E-03
5.09927384E-01  9.52953473E-02  1.13462051E-03
5.10218355E-01  9.76968855E-02  1.10477605E-03
5.10509327E-01  9.71326157E-02  1.13923498E-03
5.10800298E-01  9.58495736E-02  1.12166011E-03
5.11091270E-01  9.88392457E-02  1.12611195E-03
5.11382241E-01  9.75234658E-02  1.12037163E-03
5.11673212E-01  9.78491083E-02  1.12723943E-03
5.11964184E-01  9.69182029E-02  1.10775011E-03
5.12255155E-01  9.71560404E-02  1.13975967E-03
5.12546127E-01  9.50453579E-02  1.14034826E-03
5.12837098E-01  9.81462821E-02  1.16183679E-03
5.13128069E-01  9.66597274E-02  1.14241848E-03
5.13419041E-01  9.66634974E-02  1.11584866E-03
5.13710012E-01  9.81887653E-02  1.12882035E-03
5.14000984E-01  9.53581259E-02  1.09145255E-03
5.14291955E-01  9.85773951E-02  1.09117222E-03
5.14582926E-01  9.80095938E-02  1.11838488E-03
5.14873898E-01  9.65174660E-02  1.13748875E-03
5.15164869E-01  9.99572501E-02  1.10492378E-03
5.15455841E-01  9.61884484E-02  1.11920002E-03
5.15746812E-01  9.70343202E-02  1.14231638E-03
5.16037783E-01  9.76578072E-02  1.16605265E-03
5.16328755E-01  9.76272672E-02  1.13616220E-03
5.16619726E-01  9.62065756E-02  1.12800067E-03
5.16910698E-01  9.97100547E-02  1.16123061E-03
5.17201669E-01  9.65016633E-02  1.11250172E-03
5.17492640E-01  9.61828902E-02  1.12348003E-03
5.17783612E-01  9.62582454E-02  1.14042347E-03
5.18074583E-01  9.50760171E-02  1.12299074E-03
5.18365555E-01  9.63755921E-02  1.13004108E-03
5.18656526E-01  9.80833471E-02  1.13173225E-03
5.18947497E-01  9.85059142E-02  1.11423701E-03
5.19238469E-01  9.55939069E-02  1.12051889E-03
5.19529440E-01  9.63688418E-02  1.10834255E-03
5.19820412E-01  9.54819620E-02  1.12859078E-03
5.20111383E-01  9.66662169E-02  1.10126054E-03
5.20402354E-01  9.71965492E-02  1.13967934E-03
5.20693326E-01  9.76171121E-02  1.13050838E-03
5.20984297E-01  9.67013612E-02  1.13296357E-03
5.21275269E-01  9.77758914E-02  1.16023049E-03
5.21566240E-01  9.52109322E-02  1.11972995E-03
5.21857211E-01  9.70164239E-02  1.11232442E-03
5.22148183E-01  9.75771993E-02  1.12974469E-03
5.22439154E-01  9.86748114E-02  1.12517492E-03
5.22730126E-01  9.93725508E-02  1.13242853E-03
5.23021097E-01  9.84176844E-02  1.14879734E-03
5.23312068E-01  9.67155397E-02  1.14028377E-03
5.23603040E-01  9.65989009E-02  1.09916611E-03
5.23894011E-01  9.64166597E-02  1.11345574E-03
5.24184983E-01  9.53239352E-02  1.10810425E-03
5.24475954E-01  9.55380499E-02  1.10397942E-03
5.24766925E-01  9.61652771E-02  1.11484528E-03
5.25057897E-01  9.86342654E-02  1.10481761E-03
5.25348868E-01  9.75163579E-02  1.10194378E-03
5.25639840E-01  9.62763950E-02  1.14274072E-03
5.25930811E-01  9.44127738E-02  1.10726967E-03
5.26221783E-01  9.51822698E-02  1.10806443E-03
5.26512754E-01  9.63604227E-02  1.10738969E-03
5.26803725E-01  9.59346220E-02  1.10509503E-03
5.27094697E-01  9.63411629E-02  1.08568824E-03
5.27385668E-01  9.57617536E-02  1.11838605E-03
5.27676640E-01  9.79172960E-02  1.12006196E-03
5.27967611E-01  9.63815749E-02  1.06218690E-03
5.28258582E-01  9.62679237E-02  1.13490410E-03
5.28549554E-01  9.60767940E-02  1.12659507E-03
5.28840525E-01  9.84473452E-02  1.13971427E-03
5.29131497E-01  9.71603617E-02  1.11863192E-03
5.29422468E-01  9.58945304E-02  1.09015545E-03
5.29713439E-01  9.49849784E-02  1.08483608E-03
5.30004411E-01  9.78004336E-02  1.13676046E-03


### HEADER:
#
#{
#    "analysis": {},
#    "calibration_params": {
#        "Beam_Center_X": 1065.0,
#        "Beam_Center_Y": 2064.0,
#        "Detector Tilt": 0.0,
#        "Detector Tilt Plane Rotation": 0.0,
#        "Detector_X_Pixel_Size": 75.0,
#        "Detector_Y_Pixel_Size": 75.0,
#        "Integration Method": "nosplit_csr",
#        "Radial_Average_Method": "pyFAI",
#        "Sample-to-detector distance (mm)": 1824.0,
#        "Wavelength (A)": 0.8848865554555589
#    },
#    "config_file": "/home/chess_id7a/.RAW/backup.cfg",
#    "counters": {
#        "Epoch": "57.866",
#        "I1": "0",
#        "I2": "0",
#        "I3": "0",
#        "Seconds": "1",
#        "Time": "2.09808e-05",
#        "date": "Sat Mar 16 00:00:22 2024",
#        "diode": "95712"
#    },
#    "filename": "DM0007_35C_060MPa_up_2_data_000001_00001.h5",
#    "history": {},
#    "imageHeader": {},
#    "load_path": "/nfs/chess/daq/current/id7a/Milshteyn_03_15_2024/DM0007/DM0007_35C_060MPa_up_2_data_000001.h5",
#    "normalizations": {
#        "Absolute_scale": {
#            "Absolute_scale_factor": 0.017092358101131556,
#            "Method": "Water"
#        },
#        "Counter_norms": [
#            [
#                "/",
#                "diode/150000"
#            ]
#        ],
#        "Polarization": {
#            "Used": false
#        },
#        "Solid_Angle_Correction": "On"
#    },
#    "raw_version": "2.2.1",
#    "unit": ""
#}

