### DATA:
#
# 1823
#      Q             I(Q)           Error     
8.75701299E-03  0.00000000E+00  0.00000000E+00
9.00368942E-03  7.69261969E-03  1.78509136E-03
9.25036584E-03  3.11863027E-03  1.04495382E-03
9.49704226E-03  5.76946698E-03  1.35072006E-03
9.74371868E-03  7.86745735E-03  1.48943742E-03
9.99039511E-03  1.38467271E-02  2.11516628E-03
1.02370715E-02  4.19597887E-03  9.89368069E-04
1.04837480E-02  2.08079331E-02  2.31827353E-03
1.07304244E-02  1.13497842E-02  1.49455376E-03
1.09771008E-02  2.52414532E-02  3.72223044E-03
1.12237772E-02  3.24533060E-02  3.40653048E-03
1.14704536E-02  4.43806015E-02  4.56331996E-03
1.17171301E-02  5.76947965E-02  4.98950109E-03
1.19638065E-02  7.04326257E-02  5.81100304E-03
1.22104829E-02  1.39263377E-01  1.08342441E-02
1.24571593E-02  9.25228310E+00  9.57379043E-01
1.27038358E-02  1.87732010E+01  1.80534959E+00
1.29505122E-02  2.37539997E+01  1.99780118E+00
1.31971886E-02  1.80290890E+01  1.47303939E+00
1.34438650E-02  1.66988888E+01  1.30551648E+00
1.36905414E-02  1.41652594E+01  1.07452714E+00
1.39372179E-02  1.13143911E+01  8.40503037E-01
1.41838943E-02  1.06058874E+01  7.62333989E-01
1.44305707E-02  8.16232204E+00  5.68926990E-01
1.46772471E-02  7.19397020E+00  4.79486048E-01
1.49239236E-02  6.66775417E+00  4.43531305E-01
1.51706000E-02  5.39670563E+00  3.53903890E-01
1.54172764E-02  5.44093800E+00  3.50652516E-01
1.56639528E-02  4.40534019E+00  2.81624436E-01
1.59106292E-02  4.38574362E+00  2.84658223E-01
1.61573057E-02  4.17958593E+00  2.59703100E-01
1.64039821E-02  3.36053324E+00  2.08175033E-01
1.66506585E-02  3.36847472E+00  1.97073922E-01
1.68973349E-02  2.63885856E+00  1.48145691E-01
1.71440114E-02  2.68420100E+00  1.46113113E-01
1.73906878E-02  2.37900782E+00  1.24026977E-01
1.76373642E-02  2.32405043E+00  1.22193538E-01
1.78840406E-02  2.08118081E+00  1.08375743E-01
1.81307170E-02  1.80578804E+00  9.05600190E-02
1.83773935E-02  1.88053322E+00  9.92886722E-02
1.86240699E-02  1.57219839E+00  8.04781392E-02
1.88707463E-02  1.54428792E+00  8.08103383E-02
1.91174227E-02  1.40731525E+00  7.03554004E-02
1.93640992E-02  1.20256734E+00  6.03956804E-02
1.96107756E-02  1.18624783E+00  5.88943176E-02
1.98574520E-02  1.02124453E+00  4.79607955E-02
2.01041284E-02  9.32053328E-01  4.44761403E-02
2.03508048E-02  7.91922390E-01  3.46630178E-02
2.05974813E-02  7.18645096E-01  3.24251726E-02
2.08441577E-02  6.73028111E-01  3.05442009E-02
2.10908341E-02  5.78386605E-01  2.51319744E-02
2.13375105E-02  5.84079325E-01  2.55640168E-02
2.15841870E-02  5.30164123E-01  2.22625546E-02
2.18308634E-02  5.19261241E-01  2.09198482E-02
2.20775398E-02  4.80300933E-01  1.76443271E-02
2.23242162E-02  4.15807337E-01  1.61347054E-02
2.25708926E-02  4.02588338E-01  1.61619484E-02
2.28175691E-02  3.85866314E-01  1.48095386E-02
2.30642455E-02  3.70791942E-01  1.24478992E-02
2.33109219E-02  3.50790918E-01  1.23813329E-02
2.35575983E-02  3.31614941E-01  1.09660756E-02
2.38042748E-02  2.98427254E-01  9.51913930E-03
2.40509512E-02  2.87975192E-01  9.37493518E-03
2.42976276E-02  2.65692502E-01  8.32247827E-03
2.45443040E-02  2.47890756E-01  7.63414521E-03
2.47909804E-02  2.30784252E-01  6.56641368E-03
2.50376569E-02  2.15378612E-01  6.13808678E-03
2.52843333E-02  2.07106620E-01  6.16183737E-03
2.55310097E-02  2.02311203E-01  5.35421772E-03
2.57776861E-02  2.08290562E-01  5.52164391E-03
2.60243626E-02  1.95604280E-01  4.34861518E-03
2.62710390E-02  1.86647400E-01  4.59062774E-03
2.65177154E-02  1.84893414E-01  3.93631030E-03
2.67643918E-02  1.68143585E-01  3.97743657E-03
2.70110682E-02  1.71734720E-01  3.58319865E-03
2.72577447E-02  1.63473129E-01  3.58267478E-03
2.75044211E-02  1.70509934E-01  3.87815619E-03
2.77510975E-02  1.50589049E-01  3.31994821E-03
2.79977739E-02  1.50468424E-01  2.94324500E-03
2.82444504E-02  1.51500776E-01  3.34654795E-03
2.84911268E-02  1.49103522E-01  3.04380176E-03
2.87378032E-02  1.51204929E-01  2.84147239E-03
2.89844796E-02  1.42778754E-01  2.58284481E-03
2.92311561E-02  1.46703631E-01  3.07156192E-03
2.94778325E-02  1.33237824E-01  2.38582934E-03
2.97245089E-02  1.35223076E-01  2.25600996E-03
2.99711853E-02  1.31414071E-01  2.21600407E-03
3.02178617E-02  1.31978631E-01  2.19441555E-03
3.04645382E-02  1.10488378E-01  2.02008733E-03
3.07112146E-02  1.23117074E-01  2.11844221E-03
3.09578910E-02  1.09144367E-01  1.86104374E-03
3.12045674E-02  1.16055936E-01  1.83434261E-03
3.14512439E-02  1.16462566E-01  1.78542954E-03
3.16979203E-02  1.10706992E-01  1.84501591E-03
3.19445967E-02  1.09077066E-01  1.79022236E-03
3.21912731E-02  1.02856107E-01  1.75733236E-03
3.24379495E-02  1.08169004E-01  1.80022861E-03
3.26846260E-02  1.07909471E-01  1.82500505E-03
3.29313024E-02  1.09604195E-01  1.78632396E-03
3.31779788E-02  1.01981297E-01  1.63324410E-03
3.34246552E-02  1.11273542E-01  1.64651591E-03
3.36713317E-02  1.12560607E-01  1.68966141E-03
3.39180081E-02  1.07251771E-01  1.70965202E-03
3.41646845E-02  1.06966190E-01  1.65160757E-03
3.44113609E-02  9.46084708E-02  1.60258031E-03
3.46580373E-02  9.78869870E-02  1.65639492E-03
3.49047138E-02  9.83570814E-02  1.63637823E-03
3.51513902E-02  1.12446636E-01  1.70597935E-03
3.53980666E-02  9.98801365E-02  1.62348337E-03
3.56447430E-02  1.01977505E-01  1.55987754E-03
3.58914195E-02  9.34433118E-02  1.50125509E-03
3.61380959E-02  9.70459580E-02  1.45632122E-03
3.63847723E-02  9.74738523E-02  1.45265437E-03
3.66314487E-02  9.94858965E-02  1.53756654E-03
3.68781251E-02  8.43997151E-02  1.45670841E-03
3.71248016E-02  9.86889750E-02  1.52721489E-03
3.73714780E-02  9.36789438E-02  1.47392869E-03
3.76181544E-02  8.81242305E-02  1.40677707E-03
3.78648308E-02  9.52158421E-02  1.40571047E-03
3.81115073E-02  9.66195539E-02  1.49172742E-03
3.83581837E-02  9.37714353E-02  1.40221044E-03
3.86048601E-02  9.03794467E-02  1.32372906E-03
3.88515365E-02  9.59190503E-02  1.50084542E-03
3.90982129E-02  9.06558558E-02  1.42373494E-03
3.93448894E-02  8.68638307E-02  1.29981607E-03
3.95915658E-02  7.92804956E-02  1.27918494E-03
3.98382422E-02  8.13654438E-02  1.34448591E-03
4.00849186E-02  8.55063796E-02  1.31161686E-03
4.03315951E-02  8.79554003E-02  1.32938405E-03
4.05782715E-02  8.67638066E-02  1.28485996E-03
4.08249479E-02  8.43223706E-02  1.32354256E-03
4.10716243E-02  9.09505635E-02  1.37763133E-03
4.13183007E-02  9.14739519E-02  1.36765908E-03
4.15649772E-02  9.00625139E-02  1.43179868E-03
4.18116536E-02  8.78904313E-02  1.28031068E-03
4.20583300E-02  8.47646147E-02  1.36027765E-03
4.23050064E-02  8.11368003E-02  1.27826049E-03
4.25516829E-02  8.66778269E-02  1.32894213E-03
4.27983593E-02  8.58472884E-02  1.31901435E-03
4.30450357E-02  8.34167600E-02  1.27732882E-03
4.32917121E-02  8.86766538E-02  1.31422014E-03
4.35383885E-02  8.84117857E-02  1.25370664E-03
4.37850650E-02  8.61735120E-02  1.30689761E-03
4.40317414E-02  8.02497491E-02  1.22438278E-03
4.42784178E-02  8.32063258E-02  1.25228683E-03
4.45250942E-02  8.01338479E-02  1.25248637E-03
4.47717707E-02  8.22442621E-02  1.16344751E-03
4.50184471E-02  7.81994537E-02  1.19186821E-03
4.52651235E-02  8.98617506E-02  1.29518460E-03
4.55117999E-02  8.67544934E-02  1.28683506E-03
4.57584764E-02  7.99293146E-02  1.20330497E-03
4.60051528E-02  7.93473944E-02  1.17350230E-03
4.62518292E-02  8.97200406E-02  1.26276724E-03
4.64985056E-02  8.43903422E-02  1.18703221E-03
4.67451820E-02  8.22008699E-02  1.24138081E-03
4.69918585E-02  7.85605460E-02  1.15116744E-03
4.72385349E-02  8.90409052E-02  1.24372984E-03
4.74852113E-02  8.23160782E-02  1.20135467E-03
4.77318877E-02  8.37780833E-02  1.21464196E-03
4.79785642E-02  8.52359086E-02  1.24360027E-03
4.82252406E-02  7.53546804E-02  1.14124361E-03
4.84719170E-02  8.56494159E-02  1.19161094E-03
4.87185934E-02  8.06400850E-02  1.15945819E-03
4.89652698E-02  8.39284137E-02  1.18745444E-03
4.92119463E-02  8.52031186E-02  1.28496333E-03
4.94586227E-02  8.89138132E-02  1.17796322E-03
4.97052991E-02  8.45784694E-02  1.14203664E-03
4.99519755E-02  7.84006268E-02  1.18346815E-03
5.01986520E-02  8.25990289E-02  1.15002412E-03
5.04453284E-02  8.30369666E-02  1.18466234E-03
5.06920048E-02  8.45990106E-02  1.19663065E-03
5.09386812E-02  8.88972357E-02  1.18752790E-03
5.11853576E-02  9.14401338E-02  1.21012609E-03
5.14320341E-02  9.14674699E-02  1.22361060E-03
5.16787105E-02  9.40320864E-02  1.16579712E-03
5.19253869E-02  8.22317153E-02  1.16323365E-03
5.21720633E-02  9.50640142E-02  1.26236281E-03
5.24187398E-02  8.64090323E-02  1.19563635E-03
5.26654162E-02  8.84807408E-02  1.21745991E-03
5.29120926E-02  9.11760926E-02  1.17237924E-03
5.31587690E-02  9.25994888E-02  1.20105804E-03
5.34054454E-02  9.09417868E-02  1.27092213E-03
5.36521219E-02  9.21000242E-02  1.15854875E-03
5.38987983E-02  9.34760422E-02  1.21402100E-03
5.41454747E-02  8.97589773E-02  1.20321370E-03
5.43921511E-02  9.81340259E-02  1.17168622E-03
5.46388276E-02  9.37397555E-02  1.23418996E-03
5.48855040E-02  8.52992237E-02  1.18360552E-03
5.51321804E-02  9.89580378E-02  1.29949988E-03
5.53788568E-02  9.07157585E-02  1.17550418E-03
5.56255332E-02  9.23787057E-02  1.19387032E-03
5.58722097E-02  9.14010778E-02  1.15468178E-03
5.61188861E-02  1.03607334E-01  1.15825818E-03
5.63655625E-02  1.00163437E-01  1.22074818E-03
5.66122389E-02  1.03865266E-01  1.27595407E-03
5.68589154E-02  9.46144983E-02  1.23363826E-03
5.71055918E-02  1.02021761E-01  1.28631282E-03
5.73522682E-02  1.03018045E-01  1.22990750E-03
5.75989446E-02  9.60138217E-02  1.15906377E-03
5.78456210E-02  1.01393878E-01  1.28374016E-03
5.80922975E-02  9.89384502E-02  1.21104403E-03
5.83389739E-02  1.04549803E-01  1.31135795E-03
5.85856503E-02  1.09448887E-01  1.29310403E-03
5.88323267E-02  1.14741653E-01  1.25233294E-03
5.90790032E-02  1.09259129E-01  1.24561775E-03
5.93256796E-02  1.04132794E-01  1.23559684E-03
5.95723560E-02  1.11768693E-01  1.27129687E-03
5.98190324E-02  1.06033318E-01  1.24878518E-03
6.00657088E-02  1.12545557E-01  1.29279180E-03
6.03123853E-02  1.20705567E-01  1.41209178E-03
6.05590617E-02  1.19414635E-01  1.31119706E-03
6.08057381E-02  1.17329799E-01  1.35017012E-03
6.10524145E-02  1.18504338E-01  1.29954284E-03
6.12990910E-02  1.19770885E-01  1.27700006E-03
6.15457674E-02  1.15408942E-01  1.28284248E-03
6.17924438E-02  1.22519009E-01  1.36022118E-03
6.20391202E-02  1.18443020E-01  1.32593047E-03
6.22857966E-02  1.21380977E-01  1.31213723E-03
6.25324731E-02  1.28287911E-01  1.32522371E-03
6.27791495E-02  1.28125414E-01  1.30580575E-03
6.30258259E-02  1.30073175E-01  1.40815682E-03
6.32725023E-02  1.30912930E-01  1.36923417E-03
6.35191788E-02  1.35895863E-01  1.40714948E-03
6.37658552E-02  1.32586047E-01  1.36173703E-03
6.40125316E-02  1.32704154E-01  1.34475890E-03
6.42592080E-02  1.40827864E-01  1.41255429E-03
6.45058845E-02  1.39996901E-01  1.38100272E-03
6.47525609E-02  1.44474030E-01  1.44882407E-03
6.49992373E-02  1.50192723E-01  1.54354365E-03
6.52459137E-02  1.54398546E-01  1.50276709E-03
6.54925901E-02  1.55544430E-01  1.49763434E-03
6.57392666E-02  1.58895195E-01  1.51765079E-03
6.59859430E-02  1.63172707E-01  1.52638170E-03
6.62326194E-02  1.63381755E-01  1.49743643E-03
6.64792958E-02  1.75063580E-01  1.67752337E-03
6.67259723E-02  1.71590820E-01  1.64591032E-03
6.69726487E-02  1.79132432E-01  1.58750371E-03
6.72193251E-02  1.82588071E-01  1.59699295E-03
6.74660015E-02  1.88720524E-01  1.67210598E-03
6.77126779E-02  1.91714719E-01  1.72543328E-03
6.79593544E-02  1.99696213E-01  1.72931899E-03
6.82060308E-02  2.15694547E-01  1.83608464E-03
6.84527072E-02  2.17388004E-01  1.86080998E-03
6.86993836E-02  2.24498972E-01  1.92464655E-03
6.89460601E-02  2.36775026E-01  1.91621378E-03
6.91927365E-02  2.41247013E-01  1.98899489E-03
6.94394129E-02  2.38382429E-01  1.99529994E-03
6.96860893E-02  2.58019894E-01  2.15772074E-03
6.99327657E-02  2.69635707E-01  2.28278199E-03
7.01794422E-02  2.71008134E-01  2.32507335E-03
7.04261186E-02  3.02218795E-01  2.47137528E-03
7.06727950E-02  3.07481378E-01  2.50887405E-03
7.09194714E-02  3.37377191E-01  2.81976303E-03
7.11661479E-02  3.40688854E-01  2.97187199E-03
7.14128243E-02  3.78687710E-01  3.55727482E-03
7.16595007E-02  4.01374012E-01  3.59074143E-03
7.19061771E-02  4.10903782E-01  3.91886244E-03
7.21528535E-02  4.58683759E-01  4.47696727E-03
7.23995300E-02  4.80103403E-01  4.82842606E-03
7.26462064E-02  5.18664658E-01  5.49959624E-03
7.28928828E-02  5.95721841E-01  6.62793266E-03
7.31395592E-02  6.24560356E-01  7.39069190E-03
7.33862357E-02  7.10235834E-01  8.46877787E-03
7.36329121E-02  7.82155514E-01  1.01407031E-02
7.38795885E-02  8.89889479E-01  1.19565120E-02
7.41262649E-02  1.00656235E+00  1.42321475E-02
7.43729413E-02  1.10822535E+00  1.59463454E-02
7.46196178E-02  1.30368614E+00  1.91014968E-02
7.48662942E-02  1.44268012E+00  2.13370733E-02
7.51129706E-02  1.65809965E+00  2.47021560E-02
7.53596470E-02  1.77657938E+00  2.57073827E-02
7.56063235E-02  2.03054905E+00  2.84221005E-02
7.58529999E-02  2.27303934E+00  3.12824771E-02
7.60996763E-02  2.43141627E+00  3.18360403E-02
7.63463527E-02  2.70465183E+00  3.43642235E-02
7.65930291E-02  2.84512234E+00  3.43303904E-02
7.68397056E-02  3.10752225E+00  3.65464129E-02
7.70863820E-02  3.32114458E+00  3.75967585E-02
7.73330584E-02  3.43003106E+00  3.66791673E-02
7.75797348E-02  3.58787322E+00  3.63427848E-02
7.78264113E-02  3.75954175E+00  3.71113643E-02
7.80730877E-02  3.90292263E+00  3.68116461E-02
7.83197641E-02  4.04380703E+00  3.65981720E-02
7.85664405E-02  4.09037161E+00  3.54859196E-02
7.88131169E-02  4.28573179E+00  3.56947184E-02
7.90597934E-02  4.32625484E+00  3.45640518E-02
7.93064698E-02  4.48347521E+00  3.45678329E-02
7.95531462E-02  4.61658859E+00  3.48371118E-02
7.97998226E-02  4.78838968E+00  3.43622118E-02
8.00464991E-02  4.84571028E+00  3.48334759E-02
8.02931755E-02  5.00651169E+00  3.44634280E-02
8.05398519E-02  5.18322802E+00  3.44933160E-02
8.07865283E-02  5.39780712E+00  3.46017592E-02
8.10332047E-02  5.54854584E+00  3.51641253E-02
8.12798812E-02  5.65974331E+00  3.69052403E-02
8.15265576E-02  6.03449154E+00  3.76699530E-02
8.17732340E-02  6.15387964E+00  4.01982255E-02
8.20199104E-02  6.44702244E+00  4.12474684E-02
8.22665869E-02  6.56476974E+00  4.44589294E-02
8.25132633E-02  6.71500444E+00  4.89623807E-02
8.27599397E-02  6.86302757E+00  5.05138896E-02
8.30066161E-02  6.71035433E+00  5.37955463E-02
8.32532926E-02  6.54612970E+00  5.44915758E-02
8.34999690E-02  6.35097408E+00  5.67583703E-02
8.37466454E-02  5.96209812E+00  5.53243831E-02
8.39933218E-02  5.43603134E+00  5.05262800E-02
8.42399982E-02  4.89804316E+00  4.84861024E-02
8.44866747E-02  4.36076546E+00  4.30570580E-02
8.47333511E-02  3.85440326E+00  3.93068343E-02
8.49800275E-02  3.30003214E+00  3.36795300E-02
8.52267039E-02  2.82219434E+00  2.82386970E-02
8.54733804E-02  2.41863275E+00  2.45092101E-02
8.57200568E-02  2.03823400E+00  1.98342092E-02
8.59667332E-02  1.80061913E+00  1.73739716E-02
8.62134096E-02  1.49983394E+00  1.37592033E-02
8.64600860E-02  1.30545235E+00  1.17923245E-02
8.67067625E-02  1.12271202E+00  9.91825107E-03
8.69534389E-02  9.72848654E-01  8.05470720E-03
8.72001153E-02  8.59546840E-01  6.84921397E-03
8.74467917E-02  7.50337183E-01  5.65897580E-03
8.76934682E-02  6.80715382E-01  5.03666699E-03
8.79401446E-02  6.18707836E-01  4.49441047E-03
8.81868210E-02  5.57283521E-01  3.92802851E-03
8.84334974E-02  5.15746653E-01  3.50678223E-03
8.86801738E-02  4.89429116E-01  3.16752051E-03
8.89268503E-02  4.42636132E-01  2.97208340E-03
8.91735267E-02  4.14920151E-01  2.74105836E-03
8.94202031E-02  3.89186203E-01  2.44444516E-03
8.96668795E-02  3.75129551E-01  2.41369824E-03
8.99135560E-02  3.55690747E-01  2.27839523E-03
9.01602324E-02  3.40162665E-01  2.17561005E-03
9.04069088E-02  3.37478191E-01  2.05494859E-03
9.06535852E-02  3.16130459E-01  2.02333950E-03
9.09002616E-02  3.12574059E-01  2.02917587E-03
9.11469381E-02  2.99406886E-01  1.87246269E-03
9.13936145E-02  2.89079994E-01  1.88701926E-03
9.16402909E-02  2.78532386E-01  1.84544688E-03
9.18869673E-02  2.78766453E-01  1.71597640E-03
9.21336438E-02  2.68444538E-01  1.77289883E-03
9.23803202E-02  2.63749927E-01  1.69221777E-03
9.26269966E-02  2.59704947E-01  1.72075117E-03
9.28736730E-02  2.49182463E-01  1.64119306E-03
9.31203494E-02  2.53589600E-01  1.63933914E-03
9.33670259E-02  2.38714367E-01  1.61795109E-03
9.36137023E-02  2.37726465E-01  1.57801376E-03
9.38603787E-02  2.40728527E-01  1.57449173E-03
9.41070551E-02  2.36970097E-01  1.64229260E-03
9.43537316E-02  2.30180338E-01  1.52654259E-03
9.46004080E-02  2.23884478E-01  1.58011669E-03
9.48470844E-02  2.28611261E-01  1.49160298E-03
9.50937608E-02  2.15529040E-01  1.50912732E-03
9.53404372E-02  2.26939678E-01  1.44224206E-03
9.55871137E-02  2.13381454E-01  1.47802290E-03
9.58337901E-02  2.15284616E-01  1.47488271E-03
9.60804665E-02  2.21657470E-01  1.49533118E-03
9.63271429E-02  2.00098351E-01  1.44090108E-03
9.65738194E-02  2.03724548E-01  1.39482482E-03
9.68204958E-02  2.02816114E-01  1.44192658E-03
9.70671722E-02  1.99616313E-01  1.34086923E-03
9.73138486E-02  2.01996922E-01  1.37277937E-03
9.75605250E-02  1.99379683E-01  1.40963425E-03
9.78072015E-02  1.96762383E-01  1.38693431E-03
9.80538779E-02  1.99700013E-01  1.39896863E-03
9.83005543E-02  1.95194140E-01  1.31566217E-03
9.85472307E-02  1.92235038E-01  1.34038553E-03
9.87939072E-02  1.93365112E-01  1.46577286E-03
9.90405836E-02  1.89518780E-01  1.33839902E-03
9.92872600E-02  1.87994644E-01  1.34421664E-03
9.95339364E-02  1.84689775E-01  1.32693979E-03
9.97806128E-02  1.81515127E-01  1.29589078E-03
1.00027289E-01  1.83851898E-01  1.35572010E-03
1.00273966E-01  1.85029224E-01  1.32210052E-03
1.00520642E-01  1.78906813E-01  1.33529759E-03
1.00767319E-01  1.79694682E-01  1.29087269E-03
1.01013995E-01  1.86950475E-01  1.32580369E-03
1.01260671E-01  1.86447680E-01  1.33367383E-03
1.01507348E-01  1.80104643E-01  1.29024033E-03
1.01754024E-01  1.83882415E-01  1.27950776E-03
1.02000701E-01  1.87685028E-01  1.31574983E-03
1.02247377E-01  1.75261661E-01  1.29954226E-03
1.02494053E-01  1.77588925E-01  1.25032163E-03
1.02740730E-01  1.79955721E-01  1.30346406E-03
1.02987406E-01  1.69088721E-01  1.30618410E-03
1.03234083E-01  1.78350791E-01  1.30822579E-03
1.03480759E-01  1.80841193E-01  1.27681845E-03
1.03727436E-01  1.76311567E-01  1.28846720E-03
1.03974112E-01  1.73681453E-01  1.25877897E-03
1.04220788E-01  1.71333924E-01  1.30124844E-03
1.04467465E-01  1.82809964E-01  1.25905860E-03
1.04714141E-01  1.77544057E-01  1.29304675E-03
1.04960818E-01  1.79498345E-01  1.28293899E-03
1.05207494E-01  1.71191528E-01  1.25553855E-03
1.05454171E-01  1.74664214E-01  1.29606645E-03
1.05700847E-01  1.71948820E-01  1.24675536E-03
1.05947523E-01  1.71548173E-01  1.23375177E-03
1.06194200E-01  1.77430362E-01  1.26357027E-03
1.06440876E-01  1.71876624E-01  1.23213243E-03
1.06687553E-01  1.70461372E-01  1.19502982E-03
1.06934229E-01  1.70286044E-01  1.24014646E-03
1.07180906E-01  1.77211061E-01  1.28339371E-03
1.07427582E-01  1.66489482E-01  1.23382686E-03
1.07674258E-01  1.71184942E-01  1.22446916E-03
1.07920935E-01  1.73213691E-01  1.25162047E-03
1.08167611E-01  1.72379315E-01  1.21359248E-03
1.08414288E-01  1.71953574E-01  1.25468324E-03
1.08660964E-01  1.64975047E-01  1.16164470E-03
1.08907640E-01  1.65966839E-01  1.22175715E-03
1.09154317E-01  1.65847108E-01  1.25594041E-03
1.09400993E-01  1.66489154E-01  1.25076156E-03
1.09647670E-01  1.64219886E-01  1.24229153E-03
1.09894346E-01  1.66845441E-01  1.22429035E-03
1.10141023E-01  1.72721922E-01  1.27956504E-03
1.10387699E-01  1.68000638E-01  1.25564402E-03
1.10634375E-01  1.75672114E-01  1.26695749E-03
1.10881052E-01  1.73094094E-01  1.35370845E-03
1.11127728E-01  1.71947986E-01  1.26535969E-03
1.11374405E-01  1.66313753E-01  1.28808408E-03
1.11621081E-01  1.73265412E-01  1.24868983E-03
1.11867758E-01  1.62694752E-01  1.31186086E-03
1.12114434E-01  1.71171501E-01  1.31360767E-03
1.12361110E-01  1.67419478E-01  1.26957893E-03
1.12607787E-01  1.68468058E-01  1.23724411E-03
1.12854463E-01  1.74313068E-01  1.31926092E-03
1.13101140E-01  1.72392994E-01  1.34189264E-03
1.13347816E-01  1.70333594E-01  1.33315974E-03
1.13594493E-01  1.64688662E-01  1.27276278E-03
1.13841169E-01  1.63895607E-01  1.28717441E-03
1.14087845E-01  1.75818801E-01  1.32862828E-03
1.14334522E-01  1.68347135E-01  1.28464447E-03
1.14581198E-01  1.75322503E-01  1.31193048E-03
1.14827875E-01  1.79288179E-01  1.32817205E-03
1.15074551E-01  1.69638872E-01  1.30942860E-03
1.15321227E-01  1.77200451E-01  1.25065248E-03
1.15567904E-01  1.70776635E-01  1.32932141E-03
1.15814580E-01  1.80327132E-01  1.37925055E-03
1.16061257E-01  1.78202629E-01  1.29391777E-03
1.16307933E-01  1.83124959E-01  1.35813153E-03
1.16554610E-01  1.84842512E-01  1.35957194E-03
1.16801286E-01  1.79951355E-01  1.37823657E-03
1.17047962E-01  1.75741851E-01  1.26986252E-03
1.17294639E-01  1.83606163E-01  1.35072845E-03
1.17541315E-01  1.78791866E-01  1.30969880E-03
1.17787992E-01  1.79284930E-01  1.36767013E-03
1.18034668E-01  1.85357317E-01  1.34171720E-03
1.18281345E-01  1.77675188E-01  1.26307935E-03
1.18528021E-01  1.83312923E-01  1.31924951E-03
1.18774697E-01  1.79835677E-01  1.34962623E-03
1.19021374E-01  1.91323519E-01  1.33533112E-03
1.19268050E-01  1.86812863E-01  1.33834896E-03
1.19514727E-01  1.94119141E-01  1.35889975E-03
1.19761403E-01  1.91983610E-01  1.31430221E-03
1.20008079E-01  1.93600804E-01  1.36552611E-03
1.20254756E-01  1.95687905E-01  1.33508223E-03
1.20501432E-01  1.93820596E-01  1.31454156E-03
1.20748109E-01  1.97897658E-01  1.32543396E-03
1.20994785E-01  1.94784105E-01  1.31658802E-03
1.21241462E-01  1.93686217E-01  1.31331023E-03
1.21488138E-01  2.01414511E-01  1.33535580E-03
1.21734814E-01  2.04111487E-01  1.39119488E-03
1.21981491E-01  2.02395484E-01  1.32706692E-03
1.22228167E-01  2.07969651E-01  1.36617490E-03
1.22474844E-01  2.19056010E-01  1.39156741E-03
1.22721520E-01  2.06832826E-01  1.43394899E-03
1.22968197E-01  2.16475412E-01  1.43214106E-03
1.23214873E-01  2.17121840E-01  1.34447718E-03
1.23461549E-01  2.16072321E-01  1.36520143E-03
1.23708226E-01  2.21437842E-01  1.37239555E-03
1.23954902E-01  2.19538987E-01  1.35570113E-03
1.24201579E-01  2.27960885E-01  1.40516681E-03
1.24448255E-01  2.23870739E-01  1.41455769E-03
1.24694932E-01  2.33126968E-01  1.39407918E-03
1.24941608E-01  2.31986865E-01  1.41536712E-03
1.25188284E-01  2.42231175E-01  1.45683798E-03
1.25434961E-01  2.41895154E-01  1.46824529E-03
1.25681637E-01  2.48210028E-01  1.47926982E-03
1.25928314E-01  2.46906742E-01  1.41076790E-03
1.26174990E-01  2.58628458E-01  1.43151160E-03
1.26421666E-01  2.63813317E-01  1.53856876E-03
1.26668343E-01  2.65924186E-01  1.48912403E-03
1.26915019E-01  2.75070429E-01  1.53445674E-03
1.27161696E-01  2.76674509E-01  1.55685528E-03
1.27408372E-01  2.85184771E-01  1.59234984E-03
1.27655049E-01  2.95218199E-01  1.67192100E-03
1.27901725E-01  2.98558980E-01  1.64125033E-03
1.28148401E-01  3.02226096E-01  1.65155996E-03
1.28395078E-01  3.06365579E-01  1.71605032E-03
1.28641754E-01  3.20247382E-01  1.82016357E-03
1.28888431E-01  3.33583891E-01  1.79209572E-03
1.29135107E-01  3.58673960E-01  1.93632965E-03
1.29381784E-01  3.58992308E-01  1.87757413E-03
1.29628460E-01  3.65125537E-01  1.98975415E-03
1.29875136E-01  3.98210824E-01  2.17901496E-03
1.30121813E-01  3.94427001E-01  2.25432124E-03
1.30368489E-01  4.19636667E-01  2.32650270E-03
1.30615166E-01  4.40914571E-01  2.40152585E-03
1.30861842E-01  4.58307624E-01  2.64439918E-03
1.31108518E-01  4.88553166E-01  2.83551356E-03
1.31355195E-01  5.28103471E-01  3.04598385E-03
1.31601871E-01  5.59395790E-01  3.30038252E-03
1.31848548E-01  5.83567858E-01  3.50661646E-03
1.32095224E-01  6.35461152E-01  3.82810505E-03
1.32341901E-01  6.64313912E-01  3.97289824E-03
1.32588577E-01  6.96121216E-01  4.15325724E-03
1.32835253E-01  7.46763408E-01  4.43355506E-03
1.33081930E-01  7.93556154E-01  4.63128556E-03
1.33328606E-01  8.39555919E-01  4.83570574E-03
1.33575283E-01  8.80466759E-01  4.99367341E-03
1.33821959E-01  9.32701945E-01  5.07004047E-03
1.34068636E-01  9.83952105E-01  5.11629926E-03
1.34315312E-01  1.03010809E+00  5.26745478E-03
1.34561988E-01  1.07742894E+00  5.18315798E-03
1.34808665E-01  1.11951053E+00  5.14869764E-03
1.35055341E-01  1.16421759E+00  5.18675614E-03
1.35302018E-01  1.20348132E+00  5.14423242E-03
1.35548694E-01  1.24566543E+00  5.18130930E-03
1.35795371E-01  1.27581108E+00  4.92416741E-03
1.36042047E-01  1.31258070E+00  4.80664615E-03
1.36288723E-01  1.33556926E+00  4.70205443E-03
1.36535400E-01  1.38739038E+00  4.71860683E-03
1.36782076E-01  1.39372623E+00  4.71309852E-03
1.37028753E-01  1.43236983E+00  4.71150409E-03
1.37275429E-01  1.45567513E+00  4.79685608E-03
1.37522105E-01  1.49320805E+00  4.88575920E-03
1.37768782E-01  1.50823140E+00  4.90996521E-03
1.38015458E-01  1.52221036E+00  5.23315510E-03
1.38262135E-01  1.57344806E+00  5.59774460E-03
1.38508811E-01  1.58002365E+00  6.04081014E-03
1.38755488E-01  1.60998690E+00  6.31083315E-03
1.39002164E-01  1.59688926E+00  6.71682134E-03
1.39248840E-01  1.59536958E+00  7.01388344E-03
1.39495517E-01  1.56617832E+00  7.29190046E-03
1.39742193E-01  1.54666257E+00  7.69423321E-03
1.39988870E-01  1.52642608E+00  7.83647504E-03
1.40235546E-01  1.48122358E+00  7.85607286E-03
1.40482223E-01  1.43088996E+00  7.85866193E-03
1.40728899E-01  1.35757852E+00  7.78874895E-03
1.40975575E-01  1.29214501E+00  7.68112624E-03
1.41222252E-01  1.20374298E+00  7.11457990E-03
1.41468928E-01  1.13511789E+00  6.69489615E-03
1.41715605E-01  1.05901420E+00  6.45622332E-03
1.41962281E-01  9.84153628E-01  6.01326860E-03
1.42208957E-01  9.16359186E-01  5.63110691E-03
1.42455634E-01  8.45135748E-01  5.04211523E-03
1.42702310E-01  7.83309460E-01  4.71363822E-03
1.42948987E-01  7.30244458E-01  4.37125983E-03
1.43195663E-01  6.90489948E-01  4.03460627E-03
1.43442340E-01  6.33388042E-01  3.69941071E-03
1.43689016E-01  5.84405065E-01  3.33838793E-03
1.43935692E-01  5.50520778E-01  3.06689343E-03
1.44182369E-01  5.13287663E-01  2.84391176E-03
1.44429045E-01  4.81009603E-01  2.66296836E-03
1.44675722E-01  4.49006408E-01  2.40431284E-03
1.44922398E-01  4.31159198E-01  2.25150725E-03
1.45169075E-01  4.12493080E-01  2.20658351E-03
1.45415751E-01  3.83253247E-01  2.03426974E-03
1.45662427E-01  3.68256330E-01  1.87882036E-03
1.45909104E-01  3.55474472E-01  1.81742967E-03
1.46155780E-01  3.36959720E-01  1.76837377E-03
1.46402457E-01  3.24317068E-01  1.64959417E-03
1.46649133E-01  3.18075299E-01  1.57233665E-03
1.46895810E-01  3.16423833E-01  1.61026814E-03
1.47142486E-01  3.03463489E-01  1.53178198E-03
1.47389162E-01  2.98136055E-01  1.47348549E-03
1.47635839E-01  2.87568748E-01  1.44544360E-03
1.47882515E-01  2.96802759E-01  1.46519113E-03
1.48129192E-01  2.86601484E-01  1.45232549E-03
1.48375868E-01  2.84428746E-01  1.39268208E-03
1.48622544E-01  2.88734019E-01  1.42059696E-03
1.48869221E-01  2.87899494E-01  1.46377983E-03
1.49115897E-01  2.86019623E-01  1.45121547E-03
1.49362574E-01  2.94128329E-01  1.43872923E-03
1.49609250E-01  2.88199425E-01  1.42279232E-03
1.49855927E-01  2.99536496E-01  1.44985877E-03
1.50102603E-01  3.04213583E-01  1.49044720E-03
1.50349279E-01  3.06259304E-01  1.52967148E-03
1.50595956E-01  3.05861890E-01  1.51354214E-03
1.50842632E-01  3.15248430E-01  1.51091325E-03
1.51089309E-01  3.23523343E-01  1.64798182E-03
1.51335985E-01  3.34891230E-01  1.61513151E-03
1.51582662E-01  3.47012639E-01  1.72166585E-03
1.51829338E-01  3.60365868E-01  1.77368661E-03
1.52076014E-01  3.72789711E-01  1.82972767E-03
1.52322691E-01  3.83468837E-01  1.90584280E-03
1.52569367E-01  4.02614236E-01  1.98550220E-03
1.52816044E-01  4.16096658E-01  2.03841995E-03
1.53062720E-01  4.31466788E-01  2.08397373E-03
1.53309397E-01  4.52550054E-01  2.26451852E-03
1.53556073E-01  4.53783631E-01  2.28621671E-03
1.53802749E-01  4.91329342E-01  2.35604239E-03
1.54049426E-01  5.08583069E-01  2.48406315E-03
1.54296102E-01  5.27823985E-01  2.49427487E-03
1.54542779E-01  5.56043744E-01  2.59254570E-03
1.54789455E-01  5.82209468E-01  2.68454873E-03
1.55036131E-01  5.92671812E-01  2.63023819E-03
1.55282808E-01  6.19663477E-01  2.61550676E-03
1.55529484E-01  6.43636405E-01  2.72575417E-03
1.55776161E-01  6.63348913E-01  2.80052167E-03
1.56022837E-01  6.93455398E-01  2.71817460E-03
1.56269514E-01  7.02079117E-01  2.70617241E-03
1.56516190E-01  7.34623551E-01  2.67146504E-03
1.56762866E-01  7.68666744E-01  2.72877957E-03
1.57009543E-01  7.63186753E-01  2.66411807E-03
1.57256219E-01  7.85204411E-01  2.57111946E-03
1.57502896E-01  8.09150279E-01  2.60965130E-03
1.57749572E-01  8.30995381E-01  2.67859944E-03
1.57996249E-01  8.37342799E-01  2.77235056E-03
1.58242925E-01  8.64480257E-01  2.79749301E-03
1.58489601E-01  8.75170469E-01  2.77048838E-03
1.58736278E-01  8.77664864E-01  2.86714663E-03
1.58982954E-01  8.96825433E-01  3.06492439E-03
1.59229631E-01  9.17591631E-01  3.34272441E-03
1.59476307E-01  9.12445426E-01  3.34867020E-03
1.59722983E-01  9.05664623E-01  3.45047587E-03
1.59969660E-01  9.15104568E-01  3.63070914E-03
1.60216336E-01  9.08276856E-01  3.73467407E-03
1.60463013E-01  8.97929311E-01  3.86634958E-03
1.60709689E-01  8.77689779E-01  3.84903955E-03
1.60956366E-01  8.59473050E-01  3.83684388E-03
1.61203042E-01  8.39437127E-01  4.07212507E-03
1.61449718E-01  8.08187068E-01  3.88209382E-03
1.61696395E-01  7.69169986E-01  3.83443874E-03
1.61943071E-01  7.52000749E-01  3.72883119E-03
1.62189748E-01  7.07173586E-01  3.59389535E-03
1.62436424E-01  6.76612675E-01  3.53436498E-03
1.62683101E-01  6.38776124E-01  3.36679141E-03
1.62929777E-01  5.89168251E-01  3.06581100E-03
1.63176453E-01  5.67222416E-01  3.05510848E-03
1.63423130E-01  5.39342940E-01  2.90236203E-03
1.63669806E-01  4.98820424E-01  2.62118760E-03
1.63916483E-01  4.73976135E-01  2.51792534E-03
1.64163159E-01  4.37963963E-01  2.38848571E-03
1.64409836E-01  4.13306952E-01  2.19299761E-03
1.64656512E-01  3.82739425E-01  2.11460376E-03
1.64903188E-01  3.75085294E-01  1.98247912E-03
1.65149865E-01  3.47771257E-01  1.84801721E-03
1.65396541E-01  3.34999621E-01  1.79884338E-03
1.65643218E-01  3.16358507E-01  1.72224559E-03
1.65889894E-01  2.97329783E-01  1.62643462E-03
1.66136570E-01  2.85775244E-01  1.53339561E-03
1.66383247E-01  2.70194799E-01  1.50737644E-03
1.66629923E-01  2.58485734E-01  1.43956544E-03
1.66876600E-01  2.47121319E-01  1.39071466E-03
1.67123276E-01  2.35301569E-01  1.32824562E-03
1.67369953E-01  2.22424388E-01  1.28483085E-03
1.67616629E-01  2.20898256E-01  1.23846915E-03
1.67863305E-01  2.11946651E-01  1.23521220E-03
1.68109982E-01  2.06285328E-01  1.16337824E-03
1.68356658E-01  2.02418298E-01  1.15419261E-03
1.68603335E-01  1.94734529E-01  1.15428027E-03
1.68850011E-01  1.89509019E-01  1.12988288E-03
1.69096688E-01  1.80508435E-01  1.07946468E-03
1.69343364E-01  1.78477883E-01  1.06212392E-03
1.69590040E-01  1.69471368E-01  1.05433189E-03
1.69836717E-01  1.74826741E-01  1.07699702E-03
1.70083393E-01  1.68623596E-01  1.04855944E-03
1.70330070E-01  1.67366639E-01  1.04428921E-03
1.70576746E-01  1.64684638E-01  1.01479969E-03
1.70823422E-01  1.58432811E-01  9.93804890E-04
1.71070099E-01  1.54005170E-01  1.00443582E-03
1.71316775E-01  1.57175645E-01  9.83145786E-04
1.71563452E-01  1.51734710E-01  9.79082775E-04
1.71810128E-01  1.50276110E-01  9.53525479E-04
1.72056805E-01  1.46943614E-01  9.56188131E-04
1.72303481E-01  1.46022364E-01  9.51684895E-04
1.72550157E-01  1.47708207E-01  9.54846852E-04
1.72796834E-01  1.51071772E-01  9.75225761E-04
1.73043510E-01  1.39528289E-01  9.00838000E-04
1.73290187E-01  1.39512867E-01  9.56192729E-04
1.73536863E-01  1.35597393E-01  9.06864239E-04
1.73783540E-01  1.35748088E-01  9.03531385E-04
1.74030216E-01  1.37642145E-01  9.26956709E-04
1.74276892E-01  1.39117032E-01  9.06280533E-04
1.74523569E-01  1.36329859E-01  8.92091542E-04
1.74770245E-01  1.34851307E-01  9.01729043E-04
1.75016922E-01  1.32804647E-01  8.99040198E-04
1.75263598E-01  1.29949912E-01  8.97102582E-04
1.75510275E-01  1.32659823E-01  8.72556411E-04
1.75756951E-01  1.30386800E-01  8.71972938E-04
1.76003627E-01  1.30651817E-01  9.01307503E-04
1.76250304E-01  1.28398508E-01  8.81551183E-04
1.76496980E-01  1.27723068E-01  9.05570341E-04
1.76743657E-01  1.27263784E-01  8.55036720E-04
1.76990333E-01  1.24748603E-01  8.53700563E-04
1.77237009E-01  1.25949875E-01  8.63627880E-04
1.77483686E-01  1.21092446E-01  8.38057953E-04
1.77730362E-01  1.21252820E-01  8.60051543E-04
1.77977039E-01  1.22293122E-01  8.40878638E-04
1.78223715E-01  1.21609837E-01  8.50324868E-04
1.78470392E-01  1.20308101E-01  8.21393216E-04
1.78717068E-01  1.22059986E-01  8.30761972E-04
1.78963744E-01  1.19042657E-01  8.14941770E-04
1.79210421E-01  1.16616592E-01  8.30266043E-04
1.79457097E-01  1.16821773E-01  8.11289356E-04
1.79703774E-01  1.13991216E-01  7.98888854E-04
1.79950450E-01  1.16157562E-01  8.29483441E-04
1.80197127E-01  1.18179604E-01  8.15185194E-04
1.80443803E-01  1.16908185E-01  8.17829685E-04
1.80690479E-01  1.11162066E-01  7.88546109E-04
1.80937156E-01  1.17823601E-01  8.06776341E-04
1.81183832E-01  1.12234600E-01  7.88571197E-04
1.81430509E-01  1.09931022E-01  7.69027916E-04
1.81677185E-01  1.10304311E-01  7.83086580E-04
1.81923861E-01  1.12422161E-01  7.94791966E-04
1.82170538E-01  1.04782738E-01  7.91951548E-04
1.82417214E-01  1.09183237E-01  7.91429775E-04
1.82663891E-01  1.12069800E-01  8.01528629E-04
1.82910567E-01  1.09089136E-01  7.79624330E-04
1.83157244E-01  1.09021582E-01  7.62813317E-04
1.83403920E-01  1.09361328E-01  7.73158274E-04
1.83650596E-01  1.08262025E-01  8.00707436E-04
1.83897273E-01  1.09642908E-01  7.73842505E-04
1.84143949E-01  1.08428754E-01  7.75111024E-04
1.84390626E-01  1.09797947E-01  7.92581530E-04
1.84637302E-01  1.05946891E-01  7.64283061E-04
1.84883979E-01  1.06053770E-01  7.84311094E-04
1.85130655E-01  1.04018413E-01  7.67767138E-04
1.85377331E-01  1.05025440E-01  7.71591440E-04
1.85624008E-01  1.06748253E-01  7.78712798E-04
1.85870684E-01  1.03893749E-01  7.60765281E-04
1.86117361E-01  1.02741987E-01  7.59071612E-04
1.86364037E-01  1.04148500E-01  7.49544299E-04
1.86610714E-01  1.02726713E-01  7.37957307E-04
1.86857390E-01  9.95633826E-02  7.47105340E-04
1.87104066E-01  1.04118600E-01  7.54752080E-04
1.87350743E-01  9.96569395E-02  7.51222833E-04
1.87597419E-01  1.01262197E-01  7.44028832E-04
1.87844096E-01  1.02134712E-01  7.45991070E-04
1.88090772E-01  9.84470174E-02  7.46325823E-04
1.88337448E-01  1.02527216E-01  7.42677425E-04
1.88584125E-01  9.99347270E-02  7.47391488E-04
1.88830801E-01  1.02005795E-01  7.50611129E-04
1.89077478E-01  1.00671299E-01  7.39705283E-04
1.89324154E-01  9.82444957E-02  7.41783530E-04
1.89570831E-01  1.02737315E-01  7.32285844E-04
1.89817507E-01  9.49189439E-02  7.27493782E-04
1.90064183E-01  1.00100525E-01  7.32828572E-04
1.90310860E-01  9.62456837E-02  7.25182763E-04
1.90557536E-01  9.61051583E-02  7.08705513E-04
1.90804213E-01  9.74748954E-02  7.20793905E-04
1.91050889E-01  9.22135934E-02  6.85450970E-04
1.91297566E-01  1.01660155E-01  7.37648632E-04
1.91544242E-01  9.76424366E-02  7.38772098E-04
1.91790918E-01  9.45310146E-02  7.11155881E-04
1.92037595E-01  9.80888307E-02  7.49404135E-04
1.92284271E-01  9.28371176E-02  6.98030170E-04
1.92530948E-01  9.46682245E-02  7.07581523E-04
1.92777624E-01  9.87191722E-02  7.18995230E-04
1.93024301E-01  9.56465453E-02  7.25872989E-04
1.93270977E-01  9.50818956E-02  7.00733392E-04
1.93517653E-01  9.62535441E-02  7.04327249E-04
1.93764330E-01  9.72064734E-02  7.21408695E-04
1.94011006E-01  9.42400768E-02  7.08466687E-04
1.94257683E-01  9.44430158E-02  7.15204864E-04
1.94504359E-01  9.48343873E-02  7.02210236E-04
1.94751035E-01  9.14992318E-02  7.05948682E-04
1.94997712E-01  9.07781720E-02  6.83304388E-04
1.95244388E-01  9.39775929E-02  7.00437522E-04
1.95491065E-01  9.13435295E-02  6.99180411E-04
1.95737741E-01  9.19829756E-02  7.08045554E-04
1.95984418E-01  9.28073153E-02  7.00288336E-04
1.96231094E-01  9.24561769E-02  6.97302050E-04
1.96477770E-01  9.39283520E-02  7.17628340E-04
1.96724447E-01  9.61828008E-02  6.99949043E-04
1.96971123E-01  9.18185860E-02  6.93508249E-04
1.97217800E-01  9.37550366E-02  6.89025794E-04
1.97464476E-01  9.31200236E-02  6.91328547E-04
1.97711153E-01  9.31329131E-02  6.91737456E-04
1.97957829E-01  8.92140269E-02  6.79556630E-04
1.98204505E-01  9.22366083E-02  6.83443621E-04
1.98451182E-01  9.28333476E-02  6.85931824E-04
1.98697858E-01  9.12832618E-02  6.76682917E-04
1.98944535E-01  9.03199092E-02  6.92954578E-04
1.99191211E-01  9.34961364E-02  6.86631771E-04
1.99437887E-01  9.08699930E-02  6.84156781E-04
1.99684564E-01  9.27696526E-02  7.04944774E-04
1.99931240E-01  8.72545019E-02  6.84542290E-04
2.00177917E-01  9.11584571E-02  6.81383011E-04
2.00424593E-01  8.92986432E-02  6.56480435E-04
2.00671270E-01  9.33458135E-02  6.68763416E-04
2.00917946E-01  9.35533941E-02  6.98880525E-04
2.01164622E-01  9.27888304E-02  6.68830879E-04
2.01411299E-01  9.33268890E-02  6.80907979E-04
2.01657975E-01  8.88682455E-02  6.87879685E-04
2.01904652E-01  8.79642665E-02  6.80422760E-04
2.02151328E-01  9.34100896E-02  6.79624034E-04
2.02398005E-01  9.73015055E-02  7.05862127E-04
2.02644681E-01  9.06248316E-02  6.68471155E-04
2.02891357E-01  9.06611234E-02  6.81789883E-04
2.03138034E-01  9.35577378E-02  6.86109765E-04
2.03384710E-01  9.40180048E-02  6.88385102E-04
2.03631387E-01  9.37439799E-02  6.81665435E-04
2.03878063E-01  9.39899459E-02  6.92482339E-04
2.04124740E-01  9.25676972E-02  6.93455047E-04
2.04371416E-01  9.12413672E-02  6.61969592E-04
2.04618092E-01  9.90699232E-02  7.06233724E-04
2.04864769E-01  9.62927341E-02  6.86810643E-04
2.05111445E-01  9.65411216E-02  7.01503712E-04
2.05358122E-01  9.60473865E-02  6.92914939E-04
2.05604798E-01  9.76829007E-02  6.93482871E-04
2.05851474E-01  9.35232863E-02  6.83621969E-04
2.06098151E-01  9.70449522E-02  6.93784328E-04
2.06344827E-01  9.76390094E-02  6.95128110E-04
2.06591504E-01  9.84789878E-02  6.89220615E-04
2.06838180E-01  9.67501849E-02  6.71396556E-04
2.07084857E-01  9.76654217E-02  7.13521498E-04
2.07331533E-01  9.47047472E-02  6.78724260E-04
2.07578209E-01  9.73944366E-02  7.18480733E-04
2.07824886E-01  9.71414223E-02  6.97568234E-04
2.08071562E-01  1.00018889E-01  6.95222174E-04
2.08318239E-01  9.80801657E-02  6.85289211E-04
2.08564915E-01  9.35988799E-02  6.82231330E-04
2.08811592E-01  9.76454467E-02  7.02397374E-04
2.09058268E-01  9.63506252E-02  6.89430046E-04
2.09304944E-01  9.66233015E-02  7.14408350E-04
2.09551621E-01  9.04847831E-02  7.03940983E-04
2.09798297E-01  9.45492014E-02  6.75315561E-04
2.10044974E-01  9.28353220E-02  6.63245330E-04
2.10291650E-01  9.09103975E-02  6.59829588E-04
2.10538326E-01  9.02013332E-02  6.70041132E-04
2.10785003E-01  9.33742523E-02  6.94116228E-04
2.11031679E-01  9.17766690E-02  6.75400253E-04
2.11278356E-01  9.35753584E-02  6.71905116E-04
2.11525032E-01  8.76919553E-02  6.58820092E-04
2.11771709E-01  8.66016820E-02  6.61198515E-04
2.12018385E-01  8.86878967E-02  6.54398056E-04
2.12265061E-01  8.60339403E-02  6.50397444E-04
2.12511738E-01  8.60728398E-02  6.53351599E-04
2.12758414E-01  8.66905078E-02  6.43601408E-04
2.13005091E-01  8.31932425E-02  6.47873501E-04
2.13251767E-01  8.17557499E-02  6.38396246E-04
2.13498444E-01  8.13465640E-02  6.19218219E-04
2.13745120E-01  8.09674710E-02  6.31189789E-04
2.13991796E-01  8.44079256E-02  6.28466194E-04
2.14238473E-01  7.91848674E-02  6.15982513E-04
2.14485149E-01  7.69633576E-02  6.06195943E-04
2.14731826E-01  7.70613328E-02  6.10731367E-04
2.14978502E-01  7.86345825E-02  6.33618503E-04
2.15225179E-01  7.51728639E-02  5.95848192E-04
2.15471855E-01  7.62585327E-02  6.02966989E-04
2.15718531E-01  7.70357102E-02  6.17847661E-04
2.15965208E-01  7.21312612E-02  6.00886124E-04
2.16211884E-01  7.56393522E-02  5.88719093E-04
2.16458561E-01  7.17482567E-02  5.91351360E-04
2.16705237E-01  7.48658478E-02  6.01724489E-04
2.16951913E-01  6.93238452E-02  5.78762207E-04
2.17198590E-01  7.26727247E-02  5.90568408E-04
2.17445266E-01  7.15073198E-02  5.83258457E-04
2.17691943E-01  7.18512982E-02  5.92222612E-04
2.17938619E-01  7.17919320E-02  6.00841362E-04
2.18185296E-01  6.82915375E-02  5.71099517E-04
2.18431972E-01  7.24473447E-02  5.93746954E-04
2.18678648E-01  7.30574280E-02  5.93060046E-04
2.18925325E-01  7.17755854E-02  5.79012791E-04
2.19172001E-01  7.13692084E-02  5.93075703E-04
2.19418678E-01  7.32749999E-02  5.96569269E-04
2.19665354E-01  7.05366805E-02  5.86561800E-04
2.19912031E-01  7.23413751E-02  5.70708478E-04
2.20158707E-01  7.23946020E-02  5.84373251E-04
2.20405383E-01  7.03899190E-02  5.84823661E-04
2.20652060E-01  7.06245750E-02  5.78381587E-04
2.20898736E-01  6.99403957E-02  5.66247851E-04
2.21145413E-01  6.78951591E-02  5.66528761E-04
2.21392089E-01  7.24055767E-02  5.94675774E-04
2.21638766E-01  6.75808638E-02  5.60035405E-04
2.21885442E-01  6.97166696E-02  5.76533261E-04
2.22132118E-01  7.09139109E-02  5.91112475E-04
2.22378795E-01  7.24386126E-02  5.82710083E-04
2.22625471E-01  6.93247020E-02  5.72913734E-04
2.22872148E-01  7.17672110E-02  5.90496813E-04
2.23118824E-01  7.21281469E-02  5.87487593E-04
2.23365500E-01  7.33514875E-02  6.06608810E-04
2.23612177E-01  7.17565641E-02  5.95578284E-04
2.23858853E-01  7.09227473E-02  5.80491207E-04
2.24105530E-01  7.03220889E-02  5.79454703E-04
2.24352206E-01  7.02196956E-02  5.80183463E-04
2.24598883E-01  7.34798089E-02  5.94709709E-04
2.24845559E-01  6.83201477E-02  5.62024245E-04
2.25092235E-01  7.23269284E-02  5.85562841E-04
2.25338912E-01  7.32175335E-02  5.96790400E-04
2.25585588E-01  7.17854127E-02  5.87917224E-04
2.25832265E-01  7.12128580E-02  5.92922326E-04
2.26078941E-01  6.95512518E-02  5.74172416E-04
2.26325618E-01  7.13868961E-02  5.86203299E-04
2.26572294E-01  7.09089562E-02  5.72633813E-04
2.26818970E-01  7.55586326E-02  5.93635195E-04
2.27065647E-01  7.40433484E-02  5.88111172E-04
2.27312323E-01  7.51439035E-02  6.01434382E-04
2.27559000E-01  7.19839111E-02  5.90192387E-04
2.27805676E-01  7.45698139E-02  5.73237543E-04
2.28052352E-01  7.42861703E-02  6.00333908E-04
2.28299029E-01  7.56738931E-02  5.74887963E-04
2.28545705E-01  7.50886723E-02  5.87237184E-04
2.28792382E-01  7.49094710E-02  5.76157705E-04
2.29039058E-01  7.46815279E-02  6.00297353E-04
2.29285735E-01  7.78114572E-02  5.86053065E-04
2.29532411E-01  7.79312253E-02  5.86802082E-04
2.29779087E-01  7.77915195E-02  6.04336907E-04
2.30025764E-01  7.60011598E-02  5.88962052E-04
2.30272440E-01  7.63875544E-02  5.80858497E-04
2.30519117E-01  8.10667500E-02  6.17310056E-04
2.30765793E-01  7.97666088E-02  6.07720925E-04
2.31012470E-01  7.73308873E-02  6.09083974E-04
2.31259146E-01  8.07175338E-02  6.03945809E-04
2.31505822E-01  7.88099468E-02  6.00126979E-04
2.31752499E-01  8.39218646E-02  6.18193881E-04
2.31999175E-01  8.28653127E-02  6.08842005E-04
2.32245852E-01  7.89098442E-02  5.99942345E-04
2.32492528E-01  8.18628296E-02  5.97573933E-04
2.32739205E-01  8.66970569E-02  6.22162945E-04
2.32985881E-01  8.68974254E-02  6.31776056E-04
2.33232557E-01  8.46509337E-02  6.29104965E-04
2.33479234E-01  8.55338946E-02  6.27409958E-04
2.33725910E-01  8.65628943E-02  6.24168024E-04
2.33972587E-01  8.51639807E-02  6.28961890E-04
2.34219263E-01  8.75851810E-02  6.30730705E-04
2.34465939E-01  9.00791883E-02  6.44244545E-04
2.34712616E-01  8.98009688E-02  6.38164172E-04
2.34959292E-01  8.77844319E-02  6.15034660E-04
2.35205969E-01  9.03033614E-02  6.50970731E-04
2.35452645E-01  9.32237580E-02  6.53554569E-04
2.35699322E-01  9.06699598E-02  6.47077919E-04
2.35945998E-01  8.96179527E-02  6.29991468E-04
2.36192674E-01  9.02076513E-02  6.34144817E-04
2.36439351E-01  9.17629376E-02  6.58335979E-04
2.36686027E-01  8.78243893E-02  6.31719537E-04
2.36932704E-01  8.57516825E-02  6.27637957E-04
2.37179380E-01  9.00180712E-02  6.23783504E-04
2.37426057E-01  8.86915848E-02  6.41402323E-04
2.37672733E-01  8.88856426E-02  6.62668317E-04
2.37919409E-01  9.07834396E-02  6.37028890E-04
2.38166086E-01  8.70607868E-02  6.30007708E-04
2.38412762E-01  9.10000280E-02  6.44773245E-04
2.38659439E-01  8.76529962E-02  6.40925427E-04
2.38906115E-01  8.68081525E-02  6.24586653E-04
2.39152791E-01  8.78036618E-02  6.20339182E-04
2.39399468E-01  8.03445727E-02  6.00126863E-04
2.39646144E-01  8.01431909E-02  6.03072927E-04
2.39892821E-01  8.03815350E-02  5.82738197E-04
2.40139497E-01  8.20935220E-02  6.15025812E-04
2.40386174E-01  7.80812055E-02  5.94439276E-04
2.40632850E-01  7.99447596E-02  6.10845396E-04
2.40879526E-01  7.73478895E-02  5.80811524E-04
2.41126203E-01  7.44644552E-02  5.69895492E-04
2.41372879E-01  7.63824657E-02  5.72050805E-04
2.41619556E-01  7.39207566E-02  5.77999977E-04
2.41866232E-01  7.39105865E-02  5.64794231E-04
2.42112909E-01  7.49376491E-02  5.81613393E-04
2.42359585E-01  7.23721012E-02  5.68972202E-04
2.42606261E-01  7.20017403E-02  5.86648879E-04
2.42852938E-01  7.25103021E-02  5.87653543E-04
2.43099614E-01  7.07927644E-02  5.75843034E-04
2.43346291E-01  7.21943080E-02  5.75858227E-04
2.43592967E-01  6.83318973E-02  5.65521652E-04
2.43839644E-01  7.04341307E-02  5.84589667E-04
2.44086320E-01  7.35605955E-02  5.99605730E-04
2.44332996E-01  6.97704405E-02  5.87229559E-04
2.44579673E-01  6.97065368E-02  5.73071477E-04
2.44826349E-01  6.59611598E-02  5.56776067E-04
2.45073026E-01  6.76665008E-02  5.66499075E-04
2.45319702E-01  6.57154471E-02  5.55961509E-04
2.45566378E-01  6.56190515E-02  5.66069328E-04
2.45813055E-01  6.42504990E-02  5.63700625E-04
2.46059731E-01  7.21055791E-02  5.91829652E-04
2.46306408E-01  6.92034438E-02  5.98951243E-04
2.46553084E-01  6.62607104E-02  5.72022982E-04
2.46799761E-01  6.68646842E-02  5.88196737E-04
2.47046437E-01  6.06470667E-02  5.62682340E-04
2.47293113E-01  6.54890984E-02  5.76739723E-04
2.47539790E-01  6.39496297E-02  5.64261805E-04
2.47786466E-01  6.40587807E-02  5.88258088E-04
2.48033143E-01  6.74083456E-02  5.83681103E-04
2.48279819E-01  6.45836219E-02  5.63147711E-04
2.48526496E-01  6.41024038E-02  5.68173476E-04
2.48773172E-01  6.49969578E-02  5.81504719E-04
2.49019848E-01  6.16066083E-02  5.63628040E-04
2.49266525E-01  6.36084899E-02  5.83898684E-04
2.49513201E-01  6.37080595E-02  5.85790374E-04
2.49759878E-01  6.40910864E-02  5.73595287E-04
2.50006554E-01  6.57514483E-02  5.89719042E-04
2.50253230E-01  6.41228408E-02  5.75674872E-04
2.50499907E-01  6.08989820E-02  5.60071901E-04
2.50746583E-01  6.42587617E-02  5.96035272E-04
2.50993260E-01  6.54067695E-02  6.03455526E-04
2.51239936E-01  6.25985190E-02  6.00194966E-04
2.51486613E-01  6.36051074E-02  6.06666959E-04
2.51733289E-01  5.93785867E-02  5.68549673E-04
2.51979965E-01  6.21255264E-02  5.90055599E-04
2.52226642E-01  6.14767857E-02  5.86337817E-04
2.52473318E-01  6.42382279E-02  6.04842615E-04
2.52719995E-01  6.12792000E-02  5.83263056E-04
2.52966671E-01  5.83616942E-02  5.50921774E-04
2.53213348E-01  5.95941432E-02  5.74752514E-04
2.53460024E-01  6.26747683E-02  5.90174051E-04
2.53706700E-01  6.06560633E-02  5.78779669E-04
2.53953377E-01  6.39790669E-02  6.01034088E-04
2.54200053E-01  6.31787181E-02  5.90096053E-04
2.54446730E-01  6.19632378E-02  5.79356914E-04
2.54693406E-01  6.11772910E-02  5.69848286E-04
2.54940083E-01  6.34028912E-02  5.81242435E-04
2.55186759E-01  6.26059249E-02  5.76075341E-04
2.55433435E-01  6.16476946E-02  5.88353316E-04
2.55680112E-01  6.04653545E-02  5.71617275E-04
2.55926788E-01  6.19920418E-02  5.66701405E-04
2.56173465E-01  6.40505925E-02  5.80441148E-04
2.56420141E-01  6.41488060E-02  5.76533086E-04
2.56666817E-01  6.35337085E-02  5.92738681E-04
2.56913494E-01  6.31138682E-02  5.75589191E-04
2.57160170E-01  5.90238348E-02  5.40105335E-04
2.57406847E-01  6.18327819E-02  5.74455189E-04
2.57653523E-01  6.32282346E-02  5.79486252E-04
2.57900200E-01  5.90288751E-02  5.51595702E-04
2.58146876E-01  6.37436435E-02  5.77277853E-04
2.58393552E-01  6.37504905E-02  5.65939001E-04
2.58640229E-01  6.25063404E-02  5.54806902E-04
2.58886905E-01  6.45507798E-02  5.73163037E-04
2.59133582E-01  6.48461208E-02  5.76115155E-04
2.59380258E-01  6.37820661E-02  5.62828092E-04
2.59626935E-01  6.63662776E-02  5.95727703E-04
2.59873611E-01  6.34189099E-02  5.93147473E-04
2.60120287E-01  6.41079769E-02  5.66740579E-04
2.60366964E-01  6.40255213E-02  5.79905056E-04
2.60613640E-01  6.62684515E-02  5.94530255E-04
2.60860317E-01  6.26868680E-02  5.57562802E-04
2.61106993E-01  6.43455535E-02  5.74629114E-04
2.61353670E-01  6.43638894E-02  5.54413418E-04
2.61600346E-01  6.39916584E-02  5.64884220E-04
2.61847022E-01  6.42094389E-02  5.69789263E-04
2.62093699E-01  6.62075505E-02  5.85469243E-04
2.62340375E-01  6.65917248E-02  5.88514260E-04
2.62587052E-01  6.46594912E-02  5.69914293E-04
2.62833728E-01  6.70442060E-02  5.87310817E-04
2.63080404E-01  6.31082654E-02  5.60235640E-04
2.63327081E-01  6.37299269E-02  5.81304019E-04
2.63573757E-01  6.37857765E-02  5.65892260E-04
2.63820434E-01  6.47153407E-02  5.69160562E-04
2.64067110E-01  6.63545430E-02  5.85275062E-04
2.64313787E-01  6.43396229E-02  5.56821295E-04
2.64560463E-01  6.98335469E-02  5.93541714E-04
2.64807139E-01  6.59147799E-02  5.78799925E-04
2.65053816E-01  6.44243956E-02  5.74157690E-04
2.65300492E-01  6.59825057E-02  5.63788635E-04
2.65547169E-01  6.86782226E-02  5.70185657E-04
2.65793845E-01  6.33118674E-02  5.65383350E-04
2.66040522E-01  6.83670193E-02  5.87810762E-04
2.66287198E-01  6.73838556E-02  5.76428080E-04
2.66533874E-01  6.91268146E-02  5.81222703E-04
2.66780551E-01  6.93304837E-02  5.75980870E-04
2.67027227E-01  6.60339147E-02  5.77306666E-04
2.67273904E-01  7.02908859E-02  5.86504873E-04
2.67520580E-01  7.22966641E-02  5.92998287E-04
2.67767256E-01  7.03410208E-02  5.83001936E-04
2.68013933E-01  6.62289560E-02  5.71558077E-04
2.68260609E-01  7.26286843E-02  6.02233515E-04
2.68507286E-01  7.33122304E-02  5.86694747E-04
2.68753962E-01  6.97835982E-02  5.95904246E-04
2.69000639E-01  7.09041134E-02  5.96889528E-04
2.69247315E-01  7.04276338E-02  6.01873850E-04
2.69493991E-01  7.31320605E-02  6.05503970E-04
2.69740668E-01  7.23117292E-02  5.84891241E-04
2.69987344E-01  7.54480436E-02  6.08870119E-04
2.70234021E-01  7.13798031E-02  5.90136449E-04
2.70480697E-01  7.51085877E-02  6.20548672E-04
2.70727374E-01  7.39891455E-02  6.06401067E-04
2.70974050E-01  7.44947493E-02  6.36518176E-04
2.71220726E-01  7.56389648E-02  6.27545116E-04
2.71467403E-01  7.77587816E-02  6.25546149E-04
2.71714079E-01  7.58722872E-02  6.29809569E-04
2.71960756E-01  7.87186548E-02  6.35685748E-04
2.72207432E-01  7.82238021E-02  6.40359824E-04
2.72454109E-01  8.08420628E-02  6.47161447E-04
2.72700785E-01  8.19680020E-02  6.55576587E-04
2.72947461E-01  8.00288990E-02  6.42163097E-04
2.73194138E-01  7.84560665E-02  6.42114959E-04
2.73440814E-01  7.94553831E-02  6.60090009E-04
2.73687491E-01  8.04138556E-02  6.55296375E-04
2.73934167E-01  7.92547837E-02  6.47398061E-04
2.74180843E-01  8.11744407E-02  6.57411350E-04
2.74427520E-01  7.95786679E-02  6.43151579E-04
2.74674196E-01  8.16275850E-02  6.62061211E-04
2.74920873E-01  8.13294277E-02  6.62484672E-04
2.75167549E-01  8.06783289E-02  6.62475126E-04
2.75414226E-01  7.92433172E-02  6.57683646E-04
2.75660902E-01  7.92931542E-02  6.59854559E-04
2.75907578E-01  8.06039348E-02  6.55123091E-04
2.76154255E-01  7.97931030E-02  6.42966945E-04
2.76400931E-01  8.08890983E-02  6.68898341E-04
2.76647608E-01  7.73568451E-02  6.50142320E-04
2.76894284E-01  7.91840628E-02  6.64312101E-04
2.77140961E-01  7.72461593E-02  6.52266317E-04
2.77387637E-01  7.40953609E-02  6.24474720E-04
2.77634313E-01  8.12079012E-02  6.82150130E-04
2.77880990E-01  7.62010440E-02  6.47891895E-04
2.78127666E-01  7.78051615E-02  6.49748661E-04
2.78374343E-01  7.76722133E-02  6.53604278E-04
2.78621019E-01  7.78297037E-02  6.51037437E-04
2.78867695E-01  7.97052607E-02  6.74544019E-04
2.79114372E-01  8.15389231E-02  6.74291921E-04
2.79361048E-01  7.75046796E-02  6.42826839E-04
2.79607725E-01  7.80215934E-02  6.36247685E-04
2.79854401E-01  7.66828507E-02  6.40624785E-04
2.80101078E-01  7.77251348E-02  6.67245418E-04
2.80347754E-01  8.08029696E-02  6.65262749E-04
2.80594430E-01  8.09009969E-02  6.68427092E-04
2.80841107E-01  7.77163580E-02  6.66775333E-04
2.81087783E-01  7.91452751E-02  6.55458658E-04
2.81334460E-01  8.05735663E-02  6.61475176E-04
2.81581136E-01  7.80132487E-02  6.59618643E-04
2.81827813E-01  7.83454254E-02  6.58121950E-04
2.82074489E-01  8.13890398E-02  6.71395042E-04
2.82321165E-01  7.83716813E-02  6.48432004E-04
2.82567842E-01  7.72907436E-02  6.59983722E-04
2.82814518E-01  8.15692917E-02  6.53480645E-04
2.83061195E-01  8.33630785E-02  6.63120300E-04
2.83307871E-01  7.90303349E-02  6.60305494E-04
2.83554548E-01  7.83745944E-02  6.63994462E-04
2.83801224E-01  8.26201811E-02  6.97993906E-04
2.84047900E-01  7.89619982E-02  6.64519670E-04
2.84294577E-01  7.80449808E-02  6.63906278E-04
2.84541253E-01  8.22146982E-02  6.87291496E-04
2.84787930E-01  8.16651806E-02  6.76889729E-04
2.85034606E-01  7.83417746E-02  6.76561263E-04
2.85281282E-01  8.08294192E-02  6.77121338E-04
2.85527959E-01  8.07788521E-02  6.81773410E-04
2.85774635E-01  7.82838836E-02  6.84881234E-04
2.86021312E-01  7.81524479E-02  6.52836636E-04
2.86267988E-01  7.69849196E-02  6.67851302E-04
2.86514665E-01  8.14224482E-02  6.79433520E-04
2.86761341E-01  8.10081288E-02  6.76541938E-04
2.87008017E-01  7.75934085E-02  6.73615665E-04
2.87254694E-01  7.86825940E-02  6.67525514E-04
2.87501370E-01  7.72186220E-02  6.57785044E-04
2.87748047E-01  7.58178383E-02  6.41729042E-04
2.87994723E-01  7.62459859E-02  6.75089716E-04
2.88241400E-01  7.57919475E-02  6.54311269E-04
2.88488076E-01  7.14265928E-02  6.36107987E-04
2.88734752E-01  7.73357153E-02  6.64568797E-04
2.88981429E-01  7.43993148E-02  6.63289917E-04
2.89228105E-01  7.73894414E-02  6.68514986E-04
2.89474782E-01  7.28568882E-02  6.46912144E-04
2.89721458E-01  7.60430396E-02  6.62930193E-04
2.89968134E-01  7.23289847E-02  6.40171056E-04
2.90214811E-01  7.36778378E-02  6.45502470E-04
2.90461487E-01  7.36827329E-02  6.53961441E-04
2.90708164E-01  7.24357888E-02  6.62986888E-04
2.90954840E-01  7.15325773E-02  6.52526913E-04
2.91201517E-01  7.36570805E-02  6.46460045E-04
2.91448193E-01  7.20568076E-02  6.40979677E-04
2.91694869E-01  7.13131502E-02  6.34269847E-04
2.91941546E-01  7.13488236E-02  6.42830040E-04
2.92188222E-01  7.06613511E-02  6.40562852E-04
2.92434899E-01  7.26917088E-02  6.58064615E-04
2.92681575E-01  7.23011941E-02  6.30526571E-04
2.92928252E-01  7.29645789E-02  6.43578358E-04
2.93174928E-01  6.86622113E-02  6.26715075E-04
2.93421604E-01  7.24039003E-02  6.36805838E-04
2.93668281E-01  6.85424060E-02  6.13482553E-04
2.93914957E-01  6.84986934E-02  6.23872911E-04
2.94161634E-01  6.99694008E-02  6.32398471E-04
2.94408310E-01  6.93482086E-02  6.42747211E-04
2.94654987E-01  6.93315268E-02  6.15911966E-04
2.94901663E-01  6.71535805E-02  6.24959299E-04
2.95148339E-01  6.81717247E-02  6.19133119E-04
2.95395016E-01  6.84360340E-02  6.14716730E-04
2.95641692E-01  6.62235171E-02  6.24854816E-04
2.95888369E-01  6.18905462E-02  5.78483276E-04
2.96135045E-01  6.88519627E-02  6.13232143E-04
2.96381721E-01  6.87860698E-02  6.35655189E-04
2.96628398E-01  6.96119741E-02  6.53174124E-04
2.96875074E-01  6.68620467E-02  6.22753578E-04
2.97121751E-01  6.29041269E-02  5.92717086E-04
2.97368427E-01  6.69978261E-02  6.09138922E-04
2.97615104E-01  6.63778111E-02  6.18980615E-04
2.97861780E-01  6.56990930E-02  5.96742204E-04
2.98108456E-01  6.70957789E-02  6.29150367E-04
2.98355133E-01  6.88439757E-02  6.28190697E-04
2.98601809E-01  6.91389814E-02  6.34801690E-04
2.98848486E-01  6.37956262E-02  6.20198611E-04
2.99095162E-01  6.59878626E-02  6.11990574E-04
2.99341839E-01  6.76795170E-02  6.10407791E-04
2.99588515E-01  6.62516803E-02  6.07466558E-04
2.99835191E-01  6.93382323E-02  6.22618536E-04
3.00081868E-01  6.57314509E-02  6.21682731E-04
3.00328544E-01  6.51882216E-02  6.10237999E-04
3.00575221E-01  6.85557500E-02  6.32492476E-04
3.00821897E-01  6.53700531E-02  6.14073069E-04
3.01068574E-01  6.29083142E-02  6.13790879E-04
3.01315250E-01  6.51991218E-02  6.07399852E-04
3.01561926E-01  6.44914731E-02  6.04557805E-04
3.01808603E-01  6.44073710E-02  6.13300537E-04
3.02055279E-01  6.83447793E-02  6.32295501E-04
3.02301956E-01  6.48411214E-02  6.14675810E-04
3.02548632E-01  6.53909892E-02  6.28195412E-04
3.02795308E-01  6.13670424E-02  6.13894663E-04
3.03041985E-01  6.35210127E-02  6.14582561E-04
3.03288661E-01  6.49136156E-02  6.05827314E-04
3.03535338E-01  6.57440871E-02  6.20555133E-04
3.03782014E-01  6.44105151E-02  6.01641950E-04
3.04028691E-01  6.43045232E-02  6.15787751E-04
3.04275367E-01  6.43277317E-02  6.11281896E-04
3.04522043E-01  6.67893961E-02  6.08850387E-04
3.04768720E-01  6.50888085E-02  6.26196270E-04
3.05015396E-01  6.51747808E-02  6.16231177E-04
3.05262073E-01  6.57000318E-02  6.15235418E-04
3.05508749E-01  6.57939464E-02  6.10940740E-04
3.05755426E-01  6.01664595E-02  6.08791306E-04
3.06002102E-01  6.37700409E-02  6.01345790E-04
3.06248778E-01  6.34449124E-02  6.02354761E-04
3.06495455E-01  6.17267787E-02  5.91775170E-04
3.06742131E-01  6.53796494E-02  6.19978062E-04
3.06988808E-01  6.41485974E-02  6.02636079E-04
3.07235484E-01  6.44113198E-02  6.10276824E-04
3.07482160E-01  6.40599802E-02  6.09878509E-04
3.07728837E-01  6.39088154E-02  6.19379163E-04
3.07975513E-01  6.16728142E-02  6.15563244E-04
3.08222190E-01  6.37363568E-02  6.08812959E-04
3.08468866E-01  6.28459826E-02  6.22784544E-04
3.08715543E-01  6.29854724E-02  6.05967012E-04
3.08962219E-01  6.57381266E-02  6.29602466E-04
3.09208895E-01  6.48228452E-02  6.20453095E-04
3.09455572E-01  6.70327470E-02  6.28208218E-04
3.09702248E-01  6.52208552E-02  6.09858020E-04
3.09948925E-01  6.13554530E-02  5.94594458E-04
3.10195601E-01  6.42820522E-02  6.21110259E-04
3.10442278E-01  6.30517751E-02  5.92921104E-04
3.10688954E-01  6.47458583E-02  6.11683121E-04
3.10935630E-01  6.49054721E-02  5.90076845E-04
3.11182307E-01  6.59139678E-02  6.17735030E-04
3.11428983E-01  6.38335422E-02  6.11647090E-04
3.11675660E-01  6.23350777E-02  6.09273731E-04
3.11922336E-01  6.24424443E-02  5.99881459E-04
3.12169013E-01  6.71144649E-02  6.22978376E-04
3.12415689E-01  6.63370267E-02  6.52030809E-04
3.12662365E-01  6.51352406E-02  6.10221294E-04
3.12909042E-01  6.43485263E-02  6.25381828E-04
3.13155718E-01  6.55948818E-02  6.20120147E-04
3.13402395E-01  6.65395260E-02  6.16753008E-04
3.13649071E-01  6.44126534E-02  6.16174657E-04
3.13895747E-01  6.47303537E-02  5.90715266E-04
3.14142424E-01  6.49300590E-02  6.22985535E-04
3.14389100E-01  6.42997399E-02  6.39467849E-04
3.14635777E-01  6.27744645E-02  6.22632971E-04
3.14882453E-01  6.34616986E-02  6.12464617E-04
3.15129130E-01  6.67874068E-02  6.16660051E-04
3.15375806E-01  6.56761974E-02  6.23867672E-04
3.15622482E-01  6.55212626E-02  6.21474348E-04
3.15869159E-01  6.41145557E-02  6.16584555E-04
3.16115835E-01  6.51566014E-02  6.17781188E-04
3.16362512E-01  6.18989505E-02  5.95281250E-04
3.16609188E-01  6.56837150E-02  6.06529007E-04
3.16855865E-01  6.57371283E-02  6.11931027E-04
3.17102541E-01  6.40939251E-02  6.16346195E-04
3.17349217E-01  6.54311329E-02  6.00632338E-04
3.17595894E-01  6.64283186E-02  6.27730275E-04
3.17842570E-01  6.42284378E-02  6.12784352E-04
3.18089247E-01  6.46387860E-02  6.06868125E-04
3.18335923E-01  6.40882924E-02  6.24273613E-04
3.18582599E-01  6.16804585E-02  6.12628006E-04
3.18829276E-01  6.64452836E-02  6.24602020E-04
3.19075952E-01  6.22377135E-02  6.02591608E-04
3.19322629E-01  6.18978590E-02  5.89914445E-04
3.19569305E-01  6.57569319E-02  6.23240310E-04
3.19815982E-01  6.24330863E-02  6.04358560E-04
3.20062658E-01  6.66265562E-02  6.40190265E-04
3.20309334E-01  6.62114099E-02  6.23981934E-04
3.20556011E-01  6.65965527E-02  6.34990050E-04
3.20802687E-01  6.50053993E-02  6.15331228E-04
3.21049364E-01  6.64621666E-02  6.00950501E-04
3.21296040E-01  6.23292588E-02  5.97426028E-04
3.21542717E-01  6.56796470E-02  6.23071217E-04
3.21789393E-01  6.58047646E-02  6.27376372E-04
3.22036069E-01  6.82499260E-02  6.41926774E-04
3.22282746E-01  6.63173944E-02  6.14105840E-04
3.22529422E-01  6.55685142E-02  6.29327551E-04
3.22776099E-01  6.55060485E-02  6.26355817E-04
3.23022775E-01  6.53585047E-02  6.36509329E-04
3.23269452E-01  6.61208630E-02  6.25635148E-04
3.23516128E-01  6.60991073E-02  6.38649741E-04
3.23762804E-01  6.43211901E-02  6.18813210E-04
3.24009481E-01  6.55240715E-02  6.32010924E-04
3.24256157E-01  6.69090971E-02  6.27785106E-04
3.24502834E-01  6.69250786E-02  6.44561718E-04
3.24749510E-01  6.75161853E-02  6.49707566E-04
3.24996186E-01  6.44986704E-02  6.33366872E-04
3.25242863E-01  6.43086135E-02  6.20928826E-04
3.25489539E-01  6.56489208E-02  6.46847882E-04
3.25736216E-01  6.48062602E-02  6.19880971E-04
3.25982892E-01  6.40796944E-02  6.17193931E-04
3.26229569E-01  6.61616996E-02  6.41288294E-04
3.26476245E-01  6.82060793E-02  6.36983255E-04
3.26722921E-01  6.62983581E-02  6.26116467E-04
3.26969598E-01  6.44715726E-02  5.98242215E-04
3.27216274E-01  6.70555979E-02  6.29573886E-04
3.27462951E-01  6.49639815E-02  6.09027513E-04
3.27709627E-01  6.92134798E-02  6.37304620E-04
3.27956304E-01  6.56758770E-02  6.44748448E-04
3.28202980E-01  6.41180426E-02  6.23918953E-04
3.28449656E-01  6.50107861E-02  6.24122797E-04
3.28696333E-01  6.55713528E-02  6.22087857E-04
3.28943009E-01  6.74728304E-02  6.24913024E-04
3.29189686E-01  6.86041936E-02  6.57639699E-04
3.29436362E-01  6.58967122E-02  6.20769570E-04
3.29683039E-01  6.56917989E-02  6.33963093E-04
3.29929715E-01  6.42592907E-02  6.23549102E-04
3.30176391E-01  6.58923313E-02  6.37057936E-04
3.30423068E-01  6.74434975E-02  6.28544716E-04
3.30669744E-01  6.97689652E-02  6.39213598E-04
3.30916421E-01  6.68316409E-02  6.26355701E-04
3.31163097E-01  6.76286072E-02  6.16875186E-04
3.31409773E-01  6.61034063E-02  6.52360730E-04
3.31656450E-01  6.69038966E-02  6.38028898E-04
3.31903126E-01  6.57641217E-02  6.16629550E-04
3.32149803E-01  6.68188408E-02  6.48273446E-04
3.32396479E-01  6.78771734E-02  6.46817789E-04
3.32643156E-01  6.76311851E-02  6.46967208E-04
3.32889832E-01  6.98960721E-02  6.49928232E-04
3.33136508E-01  6.92607760E-02  6.55550219E-04
3.33383185E-01  6.80154264E-02  6.33569784E-04
3.33629861E-01  6.77815676E-02  6.45003456E-04
3.33876538E-01  6.75768703E-02  6.54038042E-04
3.34123214E-01  6.80822283E-02  6.17192825E-04
3.34369891E-01  6.85476586E-02  6.46223780E-04
3.34616567E-01  6.62616566E-02  6.28404552E-04
3.34863243E-01  6.76493272E-02  6.20284933E-04
3.35109920E-01  6.36482015E-02  6.32643583E-04
3.35356596E-01  6.78354874E-02  6.17864076E-04
3.35603273E-01  6.78073540E-02  6.50525559E-04
3.35849949E-01  7.02723488E-02  6.47002249E-04
3.36096625E-01  6.58971295E-02  6.22562075E-04
3.36343302E-01  7.16662109E-02  6.67960790E-04
3.36589978E-01  6.49219975E-02  6.37405552E-04
3.36836655E-01  6.60547242E-02  6.31743518E-04
3.37083331E-01  6.93970695E-02  6.40468381E-04
3.37330008E-01  6.64395317E-02  6.11220778E-04
3.37576684E-01  6.69241697E-02  6.39948819E-04
3.37823360E-01  6.81500509E-02  6.22358988E-04
3.38070037E-01  6.59215301E-02  6.25983928E-04
3.38316713E-01  6.69659674E-02  6.35428471E-04
3.38563390E-01  6.69626668E-02  6.31561736E-04
3.38810066E-01  6.82066903E-02  6.66398904E-04
3.39056743E-01  7.12474659E-02  6.45737688E-04
3.39303419E-01  7.12917298E-02  6.51452399E-04
3.39550095E-01  7.11401477E-02  6.56430610E-04
3.39796772E-01  6.69002384E-02  6.35954959E-04
3.40043448E-01  6.97281286E-02  6.45827677E-04
3.40290125E-01  6.91687912E-02  6.48817571E-04
3.40536801E-01  7.02208430E-02  6.61425176E-04
3.40783478E-01  7.15783983E-02  6.55732467E-04
3.41030154E-01  6.67146146E-02  6.10664312E-04
3.41276830E-01  7.21770301E-02  6.66456763E-04
3.41523507E-01  7.01351687E-02  6.63791434E-04
3.41770183E-01  6.95220307E-02  6.45088963E-04
3.42016860E-01  6.92665577E-02  6.50676899E-04
3.42263536E-01  6.87186792E-02  6.54968841E-04
3.42510212E-01  6.56477287E-02  6.09419192E-04
3.42756889E-01  6.93136379E-02  6.47965877E-04
3.43003565E-01  6.72737360E-02  6.32936368E-04
3.43250242E-01  6.81954175E-02  6.37549267E-04
3.43496918E-01  6.70057535E-02  6.42656931E-04
3.43743595E-01  6.72366396E-02  6.21183543E-04
3.43990271E-01  6.48320988E-02  6.31410629E-04
3.44236947E-01  6.88379407E-02  6.51721959E-04
3.44483624E-01  6.47896528E-02  6.20519742E-04
3.44730300E-01  7.00188503E-02  6.57988188E-04
3.44976977E-01  7.18704686E-02  6.63556450E-04
3.45223653E-01  6.86411187E-02  6.23907370E-04
3.45470330E-01  6.73216581E-02  6.37675636E-04
3.45717006E-01  6.96671680E-02  6.60981110E-04
3.45963682E-01  6.81771860E-02  6.31253875E-04
3.46210359E-01  6.96680248E-02  6.55219716E-04
3.46457035E-01  6.93162829E-02  6.48237008E-04
3.46703712E-01  6.87554702E-02  6.45541586E-04
3.46950388E-01  6.77052364E-02  6.35871431E-04
3.47197064E-01  6.65686131E-02  6.29625458E-04
3.47443741E-01  6.07534572E-02  5.99929248E-04
3.47690417E-01  6.64808303E-02  6.20632025E-04
3.47937094E-01  6.82759583E-02  6.32597192E-04
3.48183770E-01  6.63123801E-02  6.49429392E-04
3.48430447E-01  6.85750693E-02  6.26898254E-04
3.48677123E-01  6.74252883E-02  6.23780943E-04
3.48923799E-01  6.57779053E-02  6.43754087E-04
3.49170476E-01  6.73647821E-02  6.31957839E-04
3.49417152E-01  7.06834123E-02  6.59120851E-04
3.49663829E-01  6.74156323E-02  6.29210204E-04
3.49910505E-01  6.57199621E-02  6.21626386E-04
3.50157182E-01  6.73171356E-02  6.46742817E-04
3.50403858E-01  6.51255324E-02  6.29655668E-04
3.50650534E-01  6.56672269E-02  6.19245868E-04
3.50897211E-01  6.56279102E-02  6.28981448E-04
3.51143887E-01  6.53334409E-02  6.35056524E-04
3.51390564E-01  6.42149299E-02  6.18888764E-04
3.51637240E-01  6.53302521E-02  6.21253334E-04
3.51883917E-01  6.38338253E-02  6.02331653E-04
3.52130593E-01  6.35662377E-02  6.19833358E-04
3.52377269E-01  6.60468265E-02  6.28885522E-04
3.52623946E-01  6.59863204E-02  6.23881642E-04
3.52870622E-01  6.34527802E-02  6.05749723E-04
3.53117299E-01  6.65440857E-02  6.49490103E-04
3.53363975E-01  6.62716851E-02  6.45586697E-04
3.53610651E-01  6.47312701E-02  6.00992760E-04
3.53857328E-01  6.55131638E-02  6.25436602E-04
3.54104004E-01  6.95513412E-02  6.30227558E-04
3.54350681E-01  6.48628622E-02  6.31109928E-04
3.54597357E-01  6.49922788E-02  6.18014892E-04
3.54844034E-01  6.45971894E-02  6.13474404E-04
3.55090710E-01  6.30724877E-02  6.12290984E-04
3.55337386E-01  6.58369809E-02  6.22694904E-04
3.55584063E-01  5.83401881E-02  5.95540856E-04
3.55830739E-01  6.57208040E-02  6.21914573E-04
3.56077416E-01  6.44681975E-02  6.15469820E-04
3.56324092E-01  6.57212213E-02  6.33907621E-04
3.56570769E-01  6.32094219E-02  6.12996053E-04
3.56817445E-01  6.18950874E-02  6.06885762E-04
3.57064121E-01  6.49416447E-02  6.07328257E-04
3.57310798E-01  6.32022694E-02  6.09884970E-04
3.57557474E-01  6.36658221E-02  6.19274564E-04
3.57804151E-01  6.14939556E-02  6.14345889E-04
3.58050827E-01  6.43011630E-02  6.07748865E-04
3.58297503E-01  6.54212981E-02  6.23566564E-04
3.58544180E-01  6.29068762E-02  6.11099240E-04
3.58790856E-01  6.31858632E-02  6.00569008E-04
3.59037533E-01  6.38616309E-02  5.97400765E-04
3.59284209E-01  6.48247451E-02  6.42859319E-04
3.59530886E-01  6.07024506E-02  6.07830880E-04
3.59777562E-01  6.14497252E-02  5.88961761E-04
3.60024238E-01  6.55323118E-02  6.15377096E-04
3.60270915E-01  6.22499101E-02  5.92385593E-04
3.60517591E-01  6.20499812E-02  6.08712260E-04
3.60764268E-01  5.96664622E-02  5.94223849E-04
3.61010944E-01  5.96305430E-02  5.93327975E-04
3.61257621E-01  6.38114586E-02  6.19136030E-04
3.61504297E-01  6.01898395E-02  6.04751054E-04
3.61750973E-01  6.06367290E-02  6.09901443E-04
3.61997650E-01  5.84553629E-02  5.89076779E-04
3.62244326E-01  6.01035655E-02  5.96310652E-04
3.62491003E-01  5.91697320E-02  5.89568284E-04
3.62737679E-01  6.13612346E-02  5.86222159E-04
3.62984356E-01  5.87150343E-02  5.92748052E-04
3.63231032E-01  6.05600663E-02  6.06003334E-04
3.63477708E-01  6.17235452E-02  6.05069916E-04
3.63724385E-01  6.11397102E-02  6.07637747E-04
3.63971061E-01  5.81241027E-02  5.72491204E-04
3.64217738E-01  6.15358986E-02  6.02257904E-04
3.64464414E-01  5.69309667E-02  5.75837563E-04
3.64711090E-01  6.14658967E-02  6.09302020E-04
3.64957767E-01  6.20795377E-02  6.05193607E-04
3.65204443E-01  5.89730777E-02  5.90823300E-04
3.65451120E-01  6.25311881E-02  5.97815786E-04
3.65697796E-01  5.90914302E-02  5.99831692E-04
3.65944473E-01  6.06192686E-02  5.93575591E-04
3.66191149E-01  5.85635081E-02  6.03373628E-04
3.66437825E-01  5.94136156E-02  5.96570084E-04
3.66684502E-01  5.96098565E-02  6.03793014E-04
3.66931178E-01  5.97289167E-02  5.81919390E-04
3.67177855E-01  6.17085509E-02  6.12331787E-04
3.67424531E-01  5.94345704E-02  5.80971013E-04
3.67671208E-01  5.98274805E-02  6.00091182E-04
3.67917884E-01  5.90488724E-02  6.06172543E-04
3.68164560E-01  5.85402921E-02  5.85173548E-04
3.68411237E-01  5.77216968E-02  5.77523315E-04
3.68657913E-01  5.80814146E-02  5.96517057E-04
3.68904590E-01  5.82898371E-02  5.98149898E-04
3.69151266E-01  5.71482405E-02  5.74392208E-04
3.69397943E-01  5.84409162E-02  5.80393476E-04
3.69644619E-01  5.79805523E-02  5.83184534E-04
3.69891295E-01  5.89985326E-02  5.93600096E-04
3.70137972E-01  5.56129627E-02  5.92648052E-04
3.70384648E-01  5.44180349E-02  5.58903033E-04
3.70631325E-01  5.79327233E-02  5.80756809E-04
3.70878001E-01  5.93892150E-02  5.83304383E-04
3.71124677E-01  5.69433272E-02  5.82725683E-04
3.71371354E-01  5.68390042E-02  5.81801985E-04
3.71618030E-01  5.88231385E-02  5.80845750E-04
3.71864707E-01  5.50225526E-02  5.68066724E-04
3.72111383E-01  5.90460561E-02  5.89865667E-04
3.72358060E-01  6.32228106E-02  6.09415467E-04
3.72604736E-01  5.56039028E-02  5.64679212E-04
3.72851412E-01  5.73555715E-02  5.68346353E-04
3.73098089E-01  5.68064153E-02  5.83926507E-04
3.73344765E-01  5.68896569E-02  5.71308425E-04
3.73591442E-01  6.14307970E-02  5.89797157E-04
3.73838118E-01  5.72673008E-02  5.95465652E-04
3.74084795E-01  5.82203642E-02  5.77430124E-04
3.74331471E-01  5.86721115E-02  5.86539216E-04
3.74578147E-01  5.75298406E-02  5.78676350E-04
3.74824824E-01  5.40679209E-02  5.58172469E-04
3.75071500E-01  5.82998730E-02  5.92905155E-04
3.75318177E-01  5.89861050E-02  5.83500369E-04
3.75564853E-01  5.81464954E-02  5.83055662E-04
3.75811529E-01  5.98562062E-02  5.92914643E-04
3.76058206E-01  5.49088232E-02  5.63703186E-04
3.76304882E-01  5.31257205E-02  5.71900979E-04
3.76551559E-01  5.56915030E-02  5.68565272E-04
3.76798235E-01  5.77665567E-02  5.84093912E-04
3.77044912E-01  5.63067123E-02  5.85048285E-04
3.77291588E-01  5.48483357E-02  5.92425466E-04
3.77538264E-01  5.97242303E-02  5.99390245E-04
3.77784941E-01  5.56479767E-02  5.70486765E-04
3.78031617E-01  5.71101569E-02  5.81538130E-04
3.78278294E-01  5.83073795E-02  5.90292620E-04
3.78524970E-01  5.50458692E-02  5.78374544E-04
3.78771647E-01  5.55577688E-02  5.63913723E-04
3.79018323E-01  5.53234927E-02  5.68671967E-04
3.79264999E-01  5.62956706E-02  5.79512271E-04
3.79511676E-01  5.85665926E-02  6.05116715E-04
3.79758352E-01  5.30956723E-02  5.55170525E-04
3.80005029E-01  5.71115538E-02  5.90436161E-04
3.80251705E-01  5.90092801E-02  5.94050100E-04
3.80498382E-01  5.72931133E-02  5.64203830E-04
3.80745058E-01  5.53891137E-02  5.71720127E-04
3.80991734E-01  5.91062792E-02  6.08451082E-04
3.81238411E-01  6.22867867E-02  6.08151779E-04
3.81485087E-01  5.70725538E-02  6.01777341E-04
3.81731764E-01  5.68558984E-02  5.99201128E-04
3.81978440E-01  5.79668880E-02  6.07538153E-04
3.82225116E-01  5.87858260E-02  6.23430242E-04
3.82471793E-01  5.82307577E-02  6.38298981E-04
3.82718469E-01  5.55588156E-02  6.08988921E-04
3.82965146E-01  5.54445088E-02  5.97320031E-04
3.83211822E-01  5.91490604E-02  6.27634872E-04
3.83458499E-01  5.52963912E-02  6.21480518E-04
3.83705175E-01  5.72568737E-02  6.42211700E-04
3.83951851E-01  5.58801331E-02  6.13511074E-04
3.84198528E-01  5.74572347E-02  6.50245114E-04
3.84445204E-01  5.76438531E-02  6.41909952E-04
3.84691881E-01  5.38147390E-02  6.52496237E-04
3.84938557E-01  5.67438304E-02  6.32402487E-04
3.85185234E-01  5.38799129E-02  6.50373287E-04
3.85431910E-01  5.50532751E-02  6.60134654E-04
3.85678586E-01  5.28212599E-02  6.34996162E-04
3.85925263E-01  5.52778505E-02  6.41992083E-04
3.86171939E-01  5.64924739E-02  6.68871333E-04
3.86418616E-01  5.48984744E-02  6.73689938E-04
3.86665292E-01  5.61334044E-02  6.65534986E-04
3.86911968E-01  5.17362840E-02  6.42252155E-04
3.87158645E-01  5.68146780E-02  6.78762910E-04
3.87405321E-01  5.55142052E-02  6.62145787E-04
3.87651998E-01  5.72584867E-02  6.72797731E-04
3.87898674E-01  5.41299582E-02  6.56146614E-04
3.88145351E-01  5.62622957E-02  6.67565153E-04
3.88392027E-01  5.56737445E-02  6.97553798E-04
3.88638703E-01  5.56446463E-02  6.66067994E-04
3.88885380E-01  5.55832982E-02  6.71260932E-04
3.89132056E-01  5.76611757E-02  7.02571764E-04
3.89378733E-01  5.46207801E-02  6.74255367E-04
3.89625409E-01  5.84317409E-02  7.12345005E-04
3.89872086E-01  5.87182306E-02  6.84928498E-04
3.90118762E-01  5.42407744E-02  6.69282803E-04
3.90365438E-01  5.57066500E-02  6.56222401E-04
3.90612115E-01  5.51544018E-02  6.56829798E-04
3.90858791E-01  5.62203266E-02  6.68354158E-04
3.91105468E-01  5.55696189E-02  6.49287424E-04
3.91352144E-01  5.41843437E-02  6.27100002E-04
3.91598821E-01  5.52171394E-02  6.25902961E-04
3.91845497E-01  5.90977035E-02  6.62968552E-04
3.92092173E-01  5.72097339E-02  6.40117389E-04
3.92338850E-01  5.59115447E-02  6.51348266E-04
3.92585526E-01  5.78168668E-02  6.37975521E-04
3.92832203E-01  5.64504936E-02  6.70147361E-04
3.93078879E-01  5.67602329E-02  6.42133993E-04
3.93325555E-01  5.52464835E-02  6.29477669E-04
3.93572232E-01  5.57472408E-02  6.40974613E-04
3.93818908E-01  5.66077232E-02  6.21975632E-04
3.94065585E-01  5.44779859E-02  6.41032355E-04
3.94312261E-01  5.75513579E-02  6.33401505E-04
3.94558938E-01  5.56202233E-02  6.39158243E-04
3.94805614E-01  5.60504720E-02  6.26511755E-04
3.95052290E-01  5.19721471E-02  5.91978082E-04
3.95298967E-01  5.82643673E-02  6.33306568E-04
3.95545643E-01  5.61534911E-02  6.46948291E-04
3.95792320E-01  5.51796295E-02  6.28994603E-04
3.96038996E-01  5.97007126E-02  6.43149717E-04
3.96285673E-01  5.84708266E-02  6.50442264E-04
3.96532349E-01  5.54590262E-02  6.18863211E-04
3.96779025E-01  5.68926521E-02  6.42043422E-04
3.97025702E-01  5.50459139E-02  6.11056515E-04
3.97272378E-01  5.32691516E-02  6.36198441E-04
3.97519055E-01  5.40605523E-02  6.14830060E-04
3.97765731E-01  5.38999774E-02  6.23423664E-04
3.98012407E-01  5.70365898E-02  6.26346795E-04
3.98259084E-01  5.43096438E-02  6.03791908E-04
3.98505760E-01  5.66409193E-02  6.40455983E-04
3.98752437E-01  5.68556003E-02  6.34632597E-04
3.98999113E-01  5.46959974E-02  6.34332246E-04
3.99245790E-01  5.84137961E-02  6.49514492E-04
3.99492466E-01  5.74642755E-02  6.41353778E-04
3.99739142E-01  5.62857352E-02  6.22796477E-04
3.99985819E-01  5.23472093E-02  6.02644403E-04
4.00232495E-01  5.46567254E-02  5.87579270E-04
4.00479172E-01  5.53650185E-02  6.19353377E-04
4.00725848E-01  6.01670295E-02  6.47255569E-04
4.00972525E-01  5.53091280E-02  6.24502019E-04
4.01219201E-01  5.39671779E-02  6.11195748E-04
4.01465877E-01  5.39405122E-02  6.11617579E-04
4.01712554E-01  5.52996248E-02  6.13456883E-04
4.01959230E-01  5.53680472E-02  6.16760459E-04
4.02205907E-01  5.58872782E-02  6.19779748E-04
4.02452583E-01  5.53325675E-02  6.15049445E-04
4.02699260E-01  5.34690209E-02  5.98910672E-04
4.02945936E-01  5.36554307E-02  6.10019604E-04
4.03192612E-01  5.22825383E-02  5.87789109E-04
4.03439289E-01  5.72506040E-02  6.21281739E-04
4.03685965E-01  5.48313074E-02  6.07545662E-04
4.03932642E-01  5.63123189E-02  6.25311688E-04
4.04179318E-01  5.90707473E-02  6.33071933E-04
4.04425994E-01  5.76375350E-02  6.25128101E-04
4.04672671E-01  5.66940457E-02  6.22429245E-04
4.04919347E-01  6.12867512E-02  6.38335303E-04
4.05166024E-01  5.86578585E-02  6.24556385E-04
4.05412700E-01  5.73484451E-02  6.24201261E-04
4.05659377E-01  5.62797599E-02  6.03851804E-04
4.05906053E-01  5.43124489E-02  6.03400404E-04
4.06152729E-01  5.73082343E-02  6.12063101E-04
4.06399406E-01  5.73552288E-02  6.37443503E-04
4.06646082E-01  5.64015619E-02  6.24033797E-04
4.06892759E-01  5.46092726E-02  6.20504725E-04
4.07139435E-01  5.55752702E-02  6.30797411E-04
4.07386112E-01  5.68920150E-02  6.19068393E-04
4.07632788E-01  5.88949397E-02  6.27019908E-04
4.07879464E-01  5.82824051E-02  6.17549289E-04
4.08126141E-01  5.36972731E-02  5.99251769E-04
4.08372817E-01  5.39919659E-02  5.92174823E-04
4.08619494E-01  5.36132455E-02  5.94873563E-04
4.08866170E-01  5.80235347E-02  6.26621360E-04
4.09112847E-01  5.41484132E-02  6.01637526E-04
4.09359523E-01  5.56228757E-02  5.92545373E-04
4.09606199E-01  5.49288243E-02  6.03435794E-04
4.09852876E-01  5.68084866E-02  6.36012875E-04
4.10099552E-01  5.50390221E-02  6.04656641E-04
4.10346229E-01  5.61855435E-02  6.19048078E-04
4.10592905E-01  5.59770726E-02  5.93781006E-04
4.10839581E-01  5.79419248E-02  6.23502012E-04
4.11086258E-01  5.73606789E-02  6.28156238E-04
4.11332934E-01  5.53347990E-02  6.09840732E-04
4.11579611E-01  5.63311912E-02  6.25543704E-04
4.11826287E-01  5.38744815E-02  5.97711885E-04
4.12072964E-01  5.32503724E-02  5.93518082E-04
4.12319640E-01  5.54803982E-02  6.07568596E-04
4.12566316E-01  5.38193844E-02  5.93451608E-04
4.12812993E-01  5.43783382E-02  5.94950281E-04
4.13059669E-01  5.52938096E-02  6.01305801E-04
4.13306346E-01  5.59484810E-02  6.04690984E-04
4.13553022E-01  5.63964918E-02  6.15395955E-04
4.13799699E-01  5.71962111E-02  6.18864549E-04
4.14046375E-01  5.34251444E-02  5.95228805E-04
4.14293051E-01  5.57285585E-02  6.00988511E-04
4.14539728E-01  5.50763197E-02  6.09482115E-04
4.14786404E-01  5.59457578E-02  6.10256335E-04
4.15033081E-01  5.65721542E-02  6.04763336E-04
4.15279757E-01  5.56680374E-02  6.15291588E-04
4.15526433E-01  6.04438186E-02  6.17670652E-04
4.15773110E-01  5.55912964E-02  6.18093763E-04
4.16019786E-01  5.36241643E-02  5.97326725E-04
4.16266463E-01  5.67049310E-02  5.90746291E-04
4.16513139E-01  5.65537363E-02  5.97765029E-04
4.16759816E-01  5.45186624E-02  6.08654111E-04
4.17006492E-01  5.63392527E-02  6.20455132E-04
4.17253168E-01  5.46021089E-02  5.96245343E-04
4.17499845E-01  5.54137304E-02  6.04728644E-04
4.17746521E-01  5.35517000E-02  6.02337823E-04
4.17993198E-01  5.52102737E-02  6.03454420E-04
4.18239874E-01  5.50359040E-02  6.03849650E-04
4.18486551E-01  6.01684153E-02  6.31596835E-04
4.18733227E-01  5.26304059E-02  6.04878296E-04
4.18979903E-01  5.69257326E-02  6.09381241E-04
4.19226580E-01  5.32869920E-02  5.93203004E-04
4.19473256E-01  5.44604883E-02  6.11261406E-04
4.19719933E-01  5.40676229E-02  5.75567945E-04
4.19966609E-01  5.98406643E-02  6.10881019E-04
4.20213286E-01  5.62307574E-02  6.10471179E-04
4.20459962E-01  5.33062331E-02  5.90421609E-04
4.20706638E-01  5.39056845E-02  5.71203185E-04
4.20953315E-01  5.29735200E-02  6.00660569E-04
4.21199991E-01  5.36664799E-02  6.11403666E-04
4.21446668E-01  5.58938049E-02  6.01467153E-04
4.21693344E-01  5.60580865E-02  6.21011073E-04
4.21940020E-01  5.37159704E-02  5.98114275E-04
4.22186697E-01  5.72431460E-02  6.28143724E-04
4.22433373E-01  5.58589622E-02  6.22443797E-04
4.22680050E-01  5.42314239E-02  5.89037081E-04
4.22926726E-01  5.87428808E-02  6.25668792E-04
4.23173403E-01  5.61990589E-02  6.11135853E-04
4.23420079E-01  5.67191653E-02  6.23750384E-04
4.23666755E-01  5.55206686E-02  6.02617452E-04
4.23913432E-01  5.81731349E-02  6.15988101E-04
4.24160108E-01  5.24568744E-02  5.95519028E-04
4.24406785E-01  5.18503450E-02  5.77851664E-04
4.24653461E-01  5.40256016E-02  5.96493424E-04
4.24900138E-01  5.81470132E-02  6.14582037E-04
4.25146814E-01  5.49567193E-02  6.05795882E-04
4.25393490E-01  5.56023195E-02  6.26687368E-04
4.25640167E-01  5.62948622E-02  6.10129733E-04
4.25886843E-01  5.55318967E-02  6.16250734E-04
4.26133520E-01  5.86066023E-02  6.31744799E-04
4.26380196E-01  5.74091189E-02  6.16853766E-04
4.26626872E-01  5.62524684E-02  5.91603282E-04
4.26873549E-01  5.34595177E-02  5.94197423E-04
4.27120225E-01  5.49655855E-02  6.01287931E-04
4.27366902E-01  5.55273406E-02  6.15813595E-04
4.27613578E-01  5.52810282E-02  5.96781785E-04
4.27860255E-01  5.28928526E-02  5.73919271E-04
4.28106931E-01  5.38154803E-02  5.95391146E-04
4.28353607E-01  5.47070950E-02  5.96220489E-04
4.28600284E-01  5.99763021E-02  6.44609448E-04
4.28846960E-01  5.52307367E-02  6.26663561E-04
4.29093637E-01  5.29632419E-02  6.05522597E-04
4.29340313E-01  5.67677617E-02  5.98379876E-04
4.29586990E-01  5.47093041E-02  6.02471642E-04
4.29833666E-01  5.07615916E-02  5.95212507E-04
4.30080342E-01  5.58302216E-02  5.98879589E-04
4.30327019E-01  5.60263917E-02  6.03953144E-04
4.30573695E-01  5.39335012E-02  5.87565592E-04
4.30820372E-01  5.70200384E-02  6.12672244E-04
4.31067048E-01  5.79895526E-02  6.15491008E-04
4.31313725E-01  5.49400337E-02  5.87765011E-04
4.31560401E-01  5.43943867E-02  5.94309415E-04
4.31807077E-01  5.78757562E-02  6.11088297E-04
4.32053754E-01  5.64718470E-02  6.10740273E-04
4.32300430E-01  5.41231707E-02  6.05551933E-04
4.32547107E-01  5.38391434E-02  5.91591408E-04
4.32793783E-01  5.33745848E-02  6.04604371E-04
4.33040459E-01  5.55204637E-02  6.19936502E-04
4.33287136E-01  5.66049591E-02  6.00799976E-04
4.33533812E-01  5.59679419E-02  6.03918161E-04
4.33780489E-01  5.36263585E-02  5.82732959E-04
4.34027165E-01  5.49076386E-02  6.04943139E-04
4.34273842E-01  5.23461662E-02  5.98031911E-04
4.34520518E-01  5.77993058E-02  6.11751282E-04
4.34767194E-01  5.59858978E-02  5.95300109E-04
4.35013871E-01  5.64936437E-02  6.23379892E-04
4.35260547E-01  5.16242050E-02  5.85874543E-04
4.35507224E-01  5.31855188E-02  6.00717496E-04
4.35753900E-01  5.26806638E-02  5.83553337E-04
4.36000577E-01  5.50755337E-02  6.01241598E-04
4.36247253E-01  5.09978347E-02  5.73757163E-04
4.36493929E-01  5.41921481E-02  5.89457050E-04
4.36740606E-01  5.57042547E-02  6.05106703E-04
4.36987282E-01  5.76343462E-02  6.10601564E-04
4.37233959E-01  5.68160415E-02  5.99274877E-04
4.37480635E-01  5.81760146E-02  6.18987600E-04
4.37727311E-01  5.37014082E-02  5.89141680E-04
4.37973988E-01  5.67483231E-02  6.13794196E-04
4.38220664E-01  5.41031696E-02  5.97555016E-04
4.38467341E-01  5.82350381E-02  6.11473690E-04
4.38714017E-01  5.82359768E-02  6.12952805E-04
4.38960694E-01  5.92579953E-02  6.21115265E-04
4.39207370E-01  5.37483022E-02  5.77415747E-04
4.39454046E-01  5.15190475E-02  5.88627008E-04
4.39700723E-01  5.82096688E-02  6.14739023E-04
4.39947399E-01  5.56115769E-02  6.06995774E-04
4.40194076E-01  5.80704249E-02  6.16854930E-04
4.40440752E-01  5.36989048E-02  5.82785055E-04
4.40687429E-01  5.24396189E-02  5.81291388E-04
4.40934105E-01  5.62426560E-02  5.91960910E-04
4.41180781E-01  5.61301000E-02  6.25530432E-04
4.41427458E-01  5.64857498E-02  6.02486951E-04
4.41674134E-01  5.89814335E-02  6.09483221E-04
4.41920811E-01  5.45728691E-02  6.03989349E-04
4.42167487E-01  5.48665710E-02  5.85709582E-04
4.42414164E-01  5.81030473E-02  5.88459661E-04
4.42660840E-01  5.71487397E-02  6.14131161E-04
4.42907516E-01  5.81607334E-02  6.13846816E-04
4.43154193E-01  5.54618016E-02  5.92313649E-04
4.43400869E-01  5.60915992E-02  6.01675420E-04
4.43647546E-01  5.65962866E-02  6.06622430E-04
4.43894222E-01  5.53186722E-02  6.04641042E-04
4.44140898E-01  5.49342409E-02  6.10524847E-04
4.44387575E-01  5.51476255E-02  6.12963748E-04
4.44634251E-01  5.36505058E-02  5.80456108E-04
4.44880928E-01  5.56880906E-02  6.01490086E-04
4.45127604E-01  5.70575222E-02  6.14492106E-04
4.45374281E-01  5.16847037E-02  5.67742973E-04
4.45620957E-01  5.40770553E-02  6.02430897E-04
4.45867633E-01  5.33295982E-02  5.89704257E-04
4.46114310E-01  5.68629131E-02  6.26535795E-04
4.46360986E-01  5.32557108E-02  5.85101603E-04
4.46607663E-01  5.48882820E-02  6.07210852E-04
4.46854339E-01  5.34031577E-02  6.05096982E-04
4.47101016E-01  5.34619316E-02  5.99004037E-04
4.47347692E-01  5.57134077E-02  6.00639498E-04
4.47594368E-01  5.49699217E-02  5.87265764E-04
4.47841045E-01  5.35354465E-02  5.87739749E-04
4.48087721E-01  5.47238849E-02  6.00504223E-04
4.48334398E-01  5.49480543E-02  6.07282738E-04
4.48581074E-01  5.32396100E-02  5.94610523E-04
4.48827751E-01  5.42351417E-02  6.22107356E-04
4.49074427E-01  5.52700795E-02  5.87164250E-04
4.49321103E-01  5.87404408E-02  6.11373165E-04
4.49567780E-01  5.63912690E-02  6.07714464E-04
4.49814456E-01  5.68148382E-02  6.01000269E-04
4.50061133E-01  5.63027076E-02  6.18007267E-04
4.50307809E-01  5.58988303E-02  6.08860224E-04
4.50554485E-01  5.33684678E-02  5.89931034E-04
4.50801162E-01  5.28381206E-02  5.93668083E-04
4.51047838E-01  5.49457483E-02  6.24188862E-04
4.51294515E-01  5.50269894E-02  6.08285016E-04
4.51541191E-01  5.47593981E-02  5.84300666E-04
4.51787868E-01  5.76405153E-02  6.13228069E-04
4.52034544E-01  5.45674376E-02  5.93413366E-04
4.52281220E-01  5.84088974E-02  6.35995297E-04
4.52527897E-01  5.03943600E-02  5.47781703E-04
4.52774573E-01  5.55048063E-02  6.05172070E-04
4.53021250E-01  5.72467037E-02  6.06177549E-04
4.53267926E-01  5.74922599E-02  5.97766542E-04
4.53514603E-01  5.39274365E-02  5.91969583E-04
4.53761279E-01  5.56988791E-02  5.85103815E-04
4.54007955E-01  5.44246808E-02  5.88437659E-04
4.54254632E-01  5.37770949E-02  5.87589864E-04
4.54501308E-01  5.60879335E-02  5.93343342E-04
4.54747985E-01  5.56839630E-02  6.03496039E-04
4.54994661E-01  5.37572950E-02  5.90685580E-04
4.55241337E-01  5.49646616E-02  5.99201070E-04
4.55488014E-01  5.77223189E-02  6.02903368E-04
4.55734690E-01  5.19795604E-02  5.74592676E-04
4.55981367E-01  5.57308197E-02  6.01983047E-04
4.56228043E-01  5.52273951E-02  5.86346665E-04
4.56474720E-01  5.75601421E-02  5.93178498E-04
4.56721396E-01  5.53103201E-02  5.86591021E-04
4.56968072E-01  5.61816320E-02  6.00157073E-04
4.57214749E-01  5.65937757E-02  5.90715499E-04
4.57461425E-01  5.59486337E-02  6.03828172E-04
4.57708102E-01  5.69584966E-02  6.12878473E-04
4.57954778E-01  5.60098924E-02  6.08350558E-04
4.58201455E-01  5.53109609E-02  6.02754764E-04


### HEADER:
#
#{
#    "analysis": {},
#    "calibration_params": {
#        "Beam_Center_X": 1092.0,
#        "Beam_Center_Y": 2091.0,
#        "Detector Tilt": 0.0,
#        "Detector Tilt Plane Rotation": 0.0,
#        "Detector_X_Pixel_Size": 75.0,
#        "Detector_Y_Pixel_Size": 75.0,
#        "Integration Method": "nosplit_csr",
#        "Radial_Average_Method": "pyFAI",
#        "Sample-to-detector distance (mm)": 1731.0,
#        "Wavelength (A)": 1.0993212460550197
#    },
#    "config_file": "/mnt/home/chess_id7a/.RAW/backup.cfg",
#    "counters": {
#        "Epoch": "50.872",
#        "I1": "0",
#        "I2": "0",
#        "I3": "0",
#        "Seconds": "0.3",
#        "Time": "2.09808e-05",
#        "date": "Thu May 16 22:50:54 2024",
#        "diode": "14451"
#    },
#    "filename": "DM0014_35C_040MPa_up_1_data_000001_00001.h5",
#    "history": {},
#    "imageHeader": {},
#    "load_path": "/nfs/chess/daq/current/id7a/Budin_05_16_24/DM0014_DOPI/DM0014_35C_040MPa_up_1_data_000001.h5",
#    "normalizations": {
#        "Absolute_scale": {
#            "Absolute_scale_factor": 0.01111656324368444,
#            "Method": "Water"
#        },
#        "Counter_norms": [
#            [
#                "/",
#                "diode/150000"
#            ]
#        ],
#        "Polarization": {
#            "Used": false
#        },
#        "Solid_Angle_Correction": "On"
#    },
#    "raw_version": "2.1.4"
#}

